-1.317688 -0.175234 0.090914
-1.267002 -0.172287 0.082677
-1.317688 -0.174123 0.035357
-1.273267 -0.171959 0.033186
-1.225219 -0.167461 0.065385
-1.317688 -0.180537 -0.004106
-1.202443 -0.159396 0.011772
-1.246234 -0.169470 0.026744
-1.362109 -0.171959 0.033186
-1.368374 -0.172287 0.082677
-1.273209 -0.175830 -0.004507
-1.317688 -0.183837 -0.043531
-1.235967 -0.165495 -0.004584
-1.272624 -0.176893 -0.043994
-1.197632 -0.156185 -0.043517
-1.410158 -0.167461 0.065384
-1.362168 -0.175830 -0.004507
-1.317688 -0.173643 -0.084590
-1.233964 -0.164659 -0.044771
-1.389143 -0.169470 0.026744
-1.432934 -0.159396 0.011772
-1.362753 -0.176893 -0.043994
-1.273376 -0.170072 -0.085020
-1.204793 -0.155532 -0.091266
-1.399409 -0.165495 -0.004584
-1.273229 -0.158404 -0.127367
-1.317688 -0.158370 -0.129737
-1.235784 -0.162203 -0.086227
-1.437744 -0.156185 -0.043517
-1.362000 -0.170072 -0.085020
-1.267153 -0.155121 -0.157436
-1.317688 -0.152058 -0.163849
-1.224467 -0.158316 -0.133179
-1.244809 -0.158662 -0.116526
-1.401412 -0.164659 -0.044771
-1.362147 -0.158404 -0.127367
-1.368224 -0.155121 -0.157436
-1.430583 -0.155532 -0.091267
-1.390567 -0.158662 -0.116526
-1.399592 -0.162203 -0.086227
-1.410910 -0.158316 -0.133180
-1.317688 -0.215111 -0.206687
-1.209483 -0.227405 -0.183878
-1.261806 -0.218423 -0.199938
-1.169108 -0.224588 -0.138172
-1.178512 -0.248707 -0.170343
-1.317688 -0.290321 -0.243505
-1.198104 -0.297034 -0.214351
-1.254975 -0.291961 -0.235596
-1.156729 -0.214614 -0.092880
-1.162038 -0.303732 -0.184518
-1.251117 -0.349091 -0.247005
-1.317688 -0.349603 -0.255436
-1.151476 -0.209252 -0.040987
-1.136311 -0.294469 -0.144673
-1.193371 -0.347560 -0.221793
-1.317688 -0.381507 -0.261858
-1.155862 -0.209616 0.013589
-1.118887 -0.285531 -0.094892
-1.154086 -0.345468 -0.187353
-1.190393 -0.379358 -0.226476
-1.248962 -0.380992 -0.253374
-1.168978 -0.219158 0.061169
-1.111111 -0.278802 -0.038703
-1.126077 -0.342847 -0.144207
-1.189015 -0.394075 -0.228644
-1.247948 -0.396011 -0.256373
-1.317688 -0.396607 -0.264897
-1.148057 -0.377113 -0.189502
-1.116318 -0.277610 0.018924
-1.104595 -0.339685 -0.092138
-1.145333 -0.391409 -0.190473
-1.150013 -0.493684 -0.178741
-1.193055 -0.497057 -0.217702
-1.250366 -0.499491 -0.245808
-1.135384 -0.282441 0.070682
-1.213140 -0.214119 0.106795
-1.119413 -0.374343 -0.143903
-1.096605 -0.336113 -0.033323
-1.317688 -0.500399 -0.256315
-1.116463 -0.388293 -0.143768
-1.121206 -0.489565 -0.132755
-1.172481 -0.592951 -0.159914
-1.179667 -0.237472 0.095764
-1.096303 -0.371102 -0.090540
-1.101840 -0.332500 0.026159
-1.261576 -0.612515 -0.213159
-1.092797 -0.384383 -0.089864
-1.098430 -0.485109 -0.079704
-1.213332 -0.604639 -0.190042
-1.143917 -0.590765 -0.119385
-1.202357 -0.275646 0.137141
-1.162131 -0.287329 0.109150
-1.262644 -0.203350 0.120751
-1.116181 -0.360430 0.085180
-1.093594 -0.363764 0.030280
-1.088674 -0.367448 -0.030381
-1.317688 -0.614344 -0.221823
-1.085459 -0.380146 -0.029189
-1.087570 -0.480001 -0.020705
-1.188739 -0.635702 -0.144648
-1.127947 -0.588897 -0.068756
-1.256803 -0.264536 0.158085
-1.154821 -0.326853 0.119150
-1.123854 -0.329268 0.079386
-1.220968 -0.637558 -0.175214
-1.264875 -0.639029 -0.199434
-1.317688 -0.639622 -0.209204
-1.090398 -0.375881 0.031877
-1.093551 -0.474789 0.039493
-1.163050 -0.633517 -0.108678
-1.119282 -0.587877 -0.014278
-1.253431 -0.323322 0.177285
-1.197205 -0.324823 0.152559
-1.149080 -0.357890 0.127003
-1.317688 -0.201102 0.126996
-1.232045 -0.685316 -0.153703
-1.271888 -0.695400 -0.170250
-1.317688 -0.701031 -0.178545
-1.113330 -0.372008 0.087332
-1.118656 -0.470168 0.092861
-1.179291 -0.669807 -0.099589
-1.202855 -0.672821 -0.131393
-1.124551 -0.583907 0.040534
-1.145129 -0.630709 -0.062438
-1.317688 -0.260205 0.166415
-1.193966 -0.355749 0.162255
-1.147017 -0.369041 0.129824
-1.276272 -0.751383 -0.125293
-1.317688 -0.759098 -0.128311
-1.216691 -0.711789 -0.111649
-1.135975 -0.627640 -0.011906
-1.144661 -0.575064 0.089336
-1.317688 -0.322747 0.186403
-1.192835 -0.366539 0.165639
-1.280136 -0.788908 -0.078307
-1.317688 -0.799560 -0.079974
-1.240095 -0.731562 -0.119002
-1.210004 -0.723961 -0.085363
-1.141504 -0.624492 0.039923
-1.162577 -0.673164 -0.056023
-1.153035 -0.466545 0.134702
-1.251659 -0.354223 0.187376
-1.283234 -0.819372 -0.034708
-1.317688 -0.830281 -0.034485
-1.241234 -0.760708 -0.078821
-1.162029 -0.621795 0.084324
-1.159741 -0.668154 0.039266
-1.156020 -0.675389 -0.009059
-1.196782 -0.463473 0.170185
-1.317688 -0.353682 0.196289
-1.284433 -0.824664 0.007005
-1.317688 -0.836453 0.008710
-1.240501 -0.785150 -0.037878
-1.203595 -0.738664 -0.044042
-1.173593 -0.569068 0.128045
-1.188511 -0.619782 0.117476
-1.175715 -0.658617 0.080375
-1.251053 -0.364780 0.190824
-1.317688 -0.823663 0.046112
-1.240768 -0.793199 0.002237
-1.201169 -0.744643 -0.003226
-1.219898 -0.617990 0.146976
-1.197434 -0.650112 0.111156
-1.207706 -0.717040 0.076922
-1.201990 -0.736710 0.039065
-1.251970 -0.461120 0.197363
-1.317688 -0.364165 0.199640
-1.283777 -0.811592 0.044882
-1.317688 -0.789008 0.087822
-1.211231 -0.567463 0.160220
-1.226179 -0.654607 0.137378
-1.214797 -0.697931 0.098911
-1.239658 -0.754606 0.079590
-1.239832 -0.782247 0.041587
-1.317688 -0.460281 0.207051
-1.282035 -0.780742 0.084398
-1.317688 -0.739925 0.127536
-1.259758 -0.568168 0.185002
-1.264630 -0.616469 0.172016
-1.238095 -0.717583 0.111501
-1.277335 -0.735086 0.122740
-1.317688 -0.664536 0.167004
-1.317688 -0.567893 0.195958
-1.317688 -0.615888 0.181579
-1.269176 -0.661533 0.159902
-1.373570 -0.218423 -0.199938
-1.425893 -0.227405 -0.183878
-1.380401 -0.291961 -0.235596
-1.466268 -0.224588 -0.138173
-1.456864 -0.248707 -0.170344
-1.384259 -0.349091 -0.247005
-1.478647 -0.214614 -0.092880
-1.437272 -0.297034 -0.214352
-1.386413 -0.380992 -0.253374
-1.499065 -0.294469 -0.144674
-1.473338 -0.303732 -0.184518
-1.385010 -0.499491 -0.245808
-1.387428 -0.396011 -0.256374
-1.446361 -0.394075 -0.228644
-1.444983 -0.379358 -0.226477
-1.483900 -0.209252 -0.040988
-1.516490 -0.285531 -0.094893
-1.442005 -0.347560 -0.221793
-1.442321 -0.497057 -0.217702
-1.479514 -0.209616 0.013589
-1.509299 -0.342847 -0.144207
-1.524265 -0.278802 -0.038703
-1.490043 -0.391409 -0.190474
-1.481290 -0.345468 -0.187353
-1.485363 -0.493684 -0.178741
-1.373800 -0.612516 -0.213159
-1.466398 -0.219158 0.061169
-1.530781 -0.339685 -0.092138
-1.519059 -0.277610 0.018923
-1.487319 -0.377113 -0.189503
-1.422044 -0.604640 -0.190042
-1.462895 -0.592952 -0.159914
-1.538771 -0.336113 -0.033323
-1.518914 -0.388293 -0.143769
-1.515963 -0.374343 -0.143903
-1.446637 -0.635702 -0.144649
-1.363488 -0.695400 -0.170250
-1.414408 -0.637558 -0.175215
-1.422237 -0.214119 0.106795
-1.546703 -0.367448 -0.030381
-1.533536 -0.332500 0.026159
-1.499993 -0.282441 0.070681
-1.539073 -0.371102 -0.090540
-1.514171 -0.489565 -0.132756
-1.491459 -0.590765 -0.119386
-1.370501 -0.639029 -0.199434
-1.359104 -0.751383 -0.125293
-1.432521 -0.672821 -0.131394
-1.456085 -0.669807 -0.099590
-1.455709 -0.237472 0.095763
-1.433020 -0.275646 0.137140
-1.519195 -0.360430 0.085179
-1.511523 -0.329268 0.079385
-1.542579 -0.384383 -0.089865
-1.472326 -0.633517 -0.108679
-1.403331 -0.685316 -0.153703
-1.473246 -0.287329 0.109149
-1.378574 -0.264536 0.158085
-1.372732 -0.203350 0.120751
-1.541782 -0.363764 0.030279
-1.522046 -0.372008 0.087331
-1.536946 -0.485109 -0.079705
-1.507429 -0.588897 -0.068757
-1.418686 -0.711789 -0.111649
-1.425372 -0.723961 -0.085364
-1.395281 -0.731562 -0.119002
-1.355240 -0.788908 -0.078307
-1.480556 -0.326853 0.119149
-1.381946 -0.323322 0.177285
-1.544979 -0.375881 0.031877
-1.549917 -0.380146 -0.029189
-1.488360 -0.369041 0.129823
-1.490247 -0.630709 -0.062439
-1.394142 -0.760708 -0.078821
-1.352142 -0.819372 -0.034708
-1.486297 -0.357890 0.127002
-1.438172 -0.324823 0.152559
-1.547806 -0.480001 -0.020705
-1.516721 -0.470168 0.092860
-1.516094 -0.587877 -0.014279
-1.472800 -0.673164 -0.056023
-1.431782 -0.738664 -0.044043
-1.394875 -0.785150 -0.037878
-1.441411 -0.355749 0.162254
-1.541826 -0.474789 0.039492
-1.499402 -0.627640 -0.011907
-1.350944 -0.824664 0.007005
-1.434207 -0.744643 -0.003226
-1.442542 -0.366539 0.165638
-1.383718 -0.354223 0.187376
-1.482342 -0.466545 0.134701
-1.510825 -0.583907 0.040534
-1.479357 -0.675389 -0.009059
-1.394609 -0.793199 0.002237
-1.384324 -0.364780 0.190824
-1.490716 -0.575064 0.089336
-1.493873 -0.624492 0.039923
-1.433386 -0.736710 0.039064
-1.475635 -0.668154 0.039265
-1.395544 -0.782247 0.041587
-1.438595 -0.463473 0.170185
-1.473348 -0.621795 0.084324
-1.446865 -0.619782 0.117476
-1.427670 -0.717040 0.076921
-1.459662 -0.658617 0.080375
-1.351599 -0.811592 0.044882
-1.461784 -0.569068 0.128044
-1.383407 -0.461120 0.197363
-1.395719 -0.754606 0.079590
-1.420580 -0.697931 0.098910
-1.437943 -0.650112 0.111156
-1.353342 -0.780742 0.084398
-1.424146 -0.567464 0.160220
-1.409198 -0.654607 0.137377
-1.415479 -0.617990 0.146976
-1.397282 -0.717583 0.111501
-1.358042 -0.735086 0.122740
-1.375619 -0.568168 0.185002
-1.370747 -0.616469 0.172016
-1.366201 -0.661533 0.159902
-1.158126 0.317012 -0.047950
-1.112822 0.293037 -0.047571
-1.119849 0.279392 -0.115506
-1.122686 0.286939 0.024771
-1.175239 0.321676 -0.145272
-1.183466 0.303373 0.061031
-1.206166 0.385848 -0.123187
-1.190671 0.350448 0.054218
-1.184364 0.369985 -0.034120
-1.030327 0.248907 -0.049315
-1.236261 0.323641 -0.182161
-1.128985 0.222117 -0.186185
-1.213761 0.228829 -0.216851
-1.204038 0.350574 0.055165
-1.115294 0.219188 0.122833
-1.209149 0.303802 0.071700
-1.189993 0.270561 0.099280
-1.215746 0.384649 -0.113838
-1.194921 0.369520 -0.032307
-1.079378 0.220879 -0.136197
-1.082451 0.231327 0.065822
-1.030294 0.208659 -0.049399
-1.069635 0.186953 0.055102
-1.317688 0.231529 -0.230811
-1.253868 0.390316 -0.162385
-1.317688 0.321750 -0.201345
-1.213403 0.262226 0.115169
-1.261520 0.388564 -0.149516
-1.061667 0.151351 0.032058
-1.062849 0.182054 -0.133597
-1.037004 0.134050 -0.048015
-1.051962 0.149135 -0.115835
-1.169509 0.208712 0.150611
-1.096675 0.174854 0.133523
-1.317688 0.144594 -0.251045
-1.206207 0.146325 -0.235849
-1.317688 0.393404 -0.174235
-1.034107 0.078702 -0.046157
-1.114532 0.146236 -0.198759
-1.155188 0.165321 0.170513
-1.086284 0.076047 0.137475
-1.142526 0.076954 0.177213
-1.223433 0.203301 0.168652
-1.317688 0.080354 -0.253510
-1.317688 0.390330 -0.160582
-1.108907 0.083773 -0.200371
-1.140403 -0.002517 0.166239
-1.225589 0.077029 0.198748
-1.219746 -0.001574 0.188104
-1.229931 0.159725 0.193396
-1.200287 0.081323 -0.237550
-1.089979 -0.003417 0.121687
-1.111012 -0.012932 -0.190922
-1.036222 -0.010625 -0.043680
-1.217226 -0.050476 0.168591
-1.317688 -0.016279 -0.244351
-1.195937 -0.015598 -0.227112
-1.098336 -0.076731 0.091506
-1.055752 -0.085255 -0.043700
-1.146258 -0.063648 0.143405
-1.216453 -0.087729 0.150436
-1.317688 -0.089395 -0.230759
-1.117915 -0.087487 -0.177025
-1.198991 -0.090459 -0.214334
-1.159972 -0.123639 0.114744
-1.217459 -0.094209 0.126015
-1.230183 -0.084181 0.104029
-1.209244 -0.163761 -0.195263
-1.317688 -0.162648 -0.210311
-1.085427 -0.160653 -0.042935
-1.111237 -0.150945 0.051638
-1.185906 -0.096723 0.076955
-1.133065 -0.164347 -0.154409
-1.217177 -0.149050 -0.181327
-1.317688 -0.145785 -0.194903
-1.171769 -0.119978 0.092789
-1.115348 -0.153791 -0.045967
-1.134267 -0.141386 0.032909
-1.146355 -0.152488 -0.138868
-1.226597 -0.125354 -0.168817
-1.317688 -0.126365 -0.182662
-1.155291 -0.112879 0.020266
-1.140235 -0.122798 -0.049871
-1.160921 -0.123860 -0.126732
-1.317688 0.346677 -0.151771
-1.267435 0.340504 -0.139052
-1.229866 0.334703 -0.107823
-1.215945 0.320614 -0.043445
-1.220103 0.310713 0.005305
-1.222558 0.265402 0.065974
-1.219599 0.254489 0.101444
-1.232550 0.199244 0.145838
-1.227991 0.201279 0.157244
-1.240027 0.154985 0.170826
-1.238244 0.150533 0.180071
-1.233375 0.076515 0.190277
-1.228619 -0.000338 0.180707
-1.226678 -0.049675 0.159308
-1.226734 -0.078664 0.143153
-1.317688 0.155074 0.185832
-1.278236 0.155347 0.181077
-1.317688 0.202226 0.161098
-1.275111 0.200762 0.157292
-1.317688 0.264317 0.095016
-1.268036 0.264395 0.087514
-1.317688 0.306301 0.047680
-1.268114 0.306389 0.033796
-1.279070 0.455892 0.123240
-1.317688 0.449998 0.131746
-1.250799 0.471986 0.100002
-1.240451 0.493974 0.068256
-1.250799 0.515975 0.036510
-1.279070 0.532070 0.013272
-1.317688 0.537963 0.004766
-1.373856 0.388564 -0.149516
-1.381509 0.390316 -0.162385
-1.429210 0.385848 -0.123187
-1.419630 0.384649 -0.113838
-1.399116 0.323641 -0.182161
-1.451013 0.369985 -0.034120
-1.440456 0.369520 -0.032307
-1.421616 0.228829 -0.216851
-1.477250 0.317012 -0.047950
-1.460138 0.321676 -0.145272
-1.444705 0.350448 0.054218
-1.431338 0.350574 0.055165
-1.429169 0.146325 -0.235849
-1.515527 0.279392 -0.115506
-1.506391 0.222117 -0.186185
-1.451910 0.303373 0.061031
-1.426227 0.303802 0.071700
-1.435090 0.081323 -0.237550
-1.555999 0.220879 -0.136197
-1.522555 0.293037 -0.047571
-1.605049 0.248907 -0.049315
-1.445383 0.270561 0.099280
-1.421974 0.262226 0.115169
-1.520844 0.146236 -0.198759
-1.439440 -0.015598 -0.227112
-1.512690 0.286939 0.024772
-1.572527 0.182054 -0.133597
-1.605082 0.208659 -0.049399
-1.465868 0.208712 0.150611
-1.520083 0.219188 0.122833
-1.526469 0.083773 -0.200371
-1.436386 -0.090459 -0.214334
-1.426133 -0.163761 -0.195263
-1.565742 0.186953 0.055102
-1.552925 0.231327 0.065822
-1.583414 0.149135 -0.115835
-1.411943 0.203301 0.168652
-1.517462 -0.087487 -0.177025
-1.524365 -0.012932 -0.190922
-1.418199 -0.149050 -0.181327
-1.538702 0.174854 0.133523
-1.573710 0.151351 0.032058
-1.601269 0.078702 -0.046157
-1.598372 0.134050 -0.048015
-1.480188 0.165321 0.170513
-1.405446 0.159725 0.193396
-1.502311 -0.164347 -0.154409
-1.408779 -0.125354 -0.168817
-1.549093 0.076047 0.137475
-1.579624 -0.085255 -0.043700
-1.599154 -0.010625 -0.043680
-1.409787 0.077029 0.198748
-1.489022 -0.152488 -0.138868
-1.474455 -0.123860 -0.126732
-1.492850 0.076954 0.177213
-1.545397 -0.003417 0.121687
-1.494973 -0.002517 0.166239
-1.549950 -0.160653 -0.042935
-1.495142 -0.122798 -0.049871
-1.415630 -0.001574 0.188104
-1.489119 -0.063648 0.143405
-1.418150 -0.050476 0.168591
-1.537040 -0.076731 0.091506
-1.520028 -0.153791 -0.045967
-1.418923 -0.087729 0.150436
-1.524139 -0.150945 0.051638
-1.501110 -0.141386 0.032909
-1.480086 -0.112879 0.020266
-1.475404 -0.123639 0.114744
-1.463608 -0.119978 0.092789
-1.449471 -0.096723 0.076955
-1.417918 -0.094209 0.126015
-1.405194 -0.084181 0.104029
-1.367941 0.340504 -0.139052
-1.405511 0.334703 -0.107823
-1.419432 0.320614 -0.043445
-1.415273 0.310713 0.005305
-1.412819 0.265402 0.065974
-1.415777 0.254489 0.101444
-1.407385 0.201279 0.157244
-1.402827 0.199244 0.145838
-1.395349 0.154985 0.170826
-1.397133 0.150533 0.180071
-1.402001 0.076515 0.190277
-1.406757 -0.000338 0.180707
-1.408698 -0.049675 0.159308
-1.408642 -0.078664 0.143153
-1.357141 0.155347 0.181077
-1.360266 0.200762 0.157292
-1.367340 0.264395 0.087514
-1.367262 0.306389 0.033796
-1.356307 0.455892 0.123240
-1.384578 0.471986 0.100002
-1.394925 0.493974 0.068256
-1.384578 0.515975 0.036510
-1.356307 0.532070 0.013272
-0.863306 -0.828251 -0.201151
-0.851409 -0.838805 -0.154173
-0.868863 -0.969714 -0.192559
-0.851703 -0.962092 -0.135208
-0.869182 -0.849359 -0.107195
-0.840610 -1.057455 -0.105737
-0.864822 -1.083757 -0.168718
-0.868371 -0.950692 -0.083714
-0.901930 -0.857086 -0.072804
-0.856088 -1.157050 -0.143342
-0.855661 -1.025824 -0.044347
-0.825775 -1.132110 -0.076538
-0.835041 -1.091696 0.002222
-0.901596 -0.940536 -0.048139
-0.954692 -0.859786 -0.059788
-0.820617 -1.217638 -0.068196
-0.891158 -1.061940 0.046916
-0.797408 -1.187651 -0.026477
-0.809458 -1.134415 0.053114
-0.896117 -1.000112 -0.006668
-0.954692 -0.935825 -0.034100
-1.007787 -0.940536 -0.048139
-1.007452 -0.857086 -0.072804
-0.770458 -1.233275 0.035619
-0.883778 -1.096500 0.103324
-0.795174 -1.164361 0.098110
-0.792359 -1.290818 0.023344
-1.041011 -0.950692 -0.083714
-1.040200 -0.849359 -0.107195
-0.954692 -0.991371 0.005940
-1.013265 -1.000113 -0.006668
-0.954692 -1.052182 0.058607
-0.766928 -1.238130 0.117697
-0.880797 -1.120475 0.149666
-0.788193 -1.185481 0.137344
-0.771958 -1.284078 0.124447
-1.057680 -0.962092 -0.135209
-1.057972 -0.838805 -0.154173
-1.018224 -1.061940 0.046916
-1.053720 -1.025824 -0.044347
-0.954692 -1.087024 0.114744
-0.765751 -1.239748 0.145057
-0.878234 -1.147907 0.195312
-0.815405 -1.190734 0.201579
-1.040520 -0.969714 -0.192559
-1.046076 -0.828251 -0.201151
-1.074341 -1.091697 0.002222
-1.025606 -1.096500 0.103324
-1.099925 -1.134416 0.053114
-0.954692 -1.110639 0.162944
-0.802061 -1.237358 0.212086
-0.873194 -1.190629 0.231971
-0.765157 -1.281831 0.158147
-1.068774 -1.057455 -0.105737
-1.114209 -1.164362 0.098110
-1.111974 -1.187651 -0.026477
-1.138924 -1.233276 0.035619
-1.028586 -1.120475 0.149666
-0.954692 -1.140431 0.210332
-0.826527 -1.287255 0.224674
-0.874558 -1.236035 0.247523
-1.044561 -1.083757 -0.168718
-1.083607 -1.132110 -0.076538
-1.142454 -1.238131 0.117697
-1.117023 -1.290819 0.023344
-1.137425 -1.284079 0.124447
-1.031149 -1.147908 0.195312
-1.121190 -1.185482 0.137344
-0.954692 -1.189157 0.260324
-0.877031 -1.288940 0.246230
-1.053294 -1.157052 -0.143342
-1.088766 -1.217638 -0.068196
-1.143631 -1.239750 0.145057
-1.144226 -1.281832 0.158147
-1.036189 -1.190629 0.231971
-1.093978 -1.190735 0.201579
-0.954690 -1.233676 0.272872
-1.107322 -1.237359 0.212086
-1.082855 -1.287256 0.224674
-0.954692 -1.289976 0.272177
-1.034824 -1.236036 0.247523
-1.032352 -1.288941 0.246230
-0.993820 -0.887037 -0.167260
-0.995039 -0.865579 -0.157383
-0.982971 -0.874868 -0.193608
-0.983892 -0.853074 -0.184480
-0.996174 -0.562204 -0.062652
-1.011295 -0.579160 -0.025543
-0.957080 -0.847867 -0.195700
-0.956775 -0.869825 -0.204522
-0.961153 -0.554770 -0.077946
-0.930282 -0.853027 -0.184472
-0.930579 -0.874868 -0.193608
-0.926311 -0.561529 -0.062542
-0.919164 -0.865543 -0.157384
-0.919729 -0.887039 -0.167260
-0.911624 -0.578642 -0.025562
-0.930580 -0.899210 -0.140912
-0.930284 -0.878060 -0.130295
-0.926335 -0.595765 0.011417
-0.957129 -0.883244 -0.119075
-0.961853 -0.602859 0.026734
-0.956775 -0.904251 -0.129999
-0.983968 -0.878064 -0.130294
-0.997274 -0.595832 0.011430
-0.982971 -0.899210 -0.140912
-0.974871 -0.313449 0.083463
-0.968222 -0.372232 0.121102
-0.891740 -0.314076 0.077741
-0.888520 -0.370816 0.106090
-0.962124 -0.428934 0.137481
-0.827045 -0.365631 0.058313
-0.835156 -0.317314 0.044162
-0.885154 -0.426798 0.121875
-0.956948 -0.491029 0.140732
-0.802198 -0.363882 0.011944
-0.816664 -0.422175 0.069339
-0.883125 -0.486670 0.124906
-0.953908 -0.549082 0.127898
-0.813659 -0.318058 -0.001274
-0.816276 -0.482564 0.072370
-0.779550 -0.419191 0.003136
-0.884488 -0.545562 0.114331
-0.955543 -0.607017 0.090301
-0.824981 -0.307121 -0.039431
-0.764332 -0.471734 -0.033851
-0.776217 -0.321401 -0.081637
-0.750445 -0.342558 -0.116794
-0.822960 -0.541603 0.064709
-0.884563 -0.597833 0.076559
-0.958207 -0.646248 0.036713
-0.736951 -0.362472 -0.150414
-0.788735 -0.544071 -0.012712
-0.756030 -0.482875 -0.100914
-0.780589 -0.545544 -0.076461
-0.882545 -0.633907 0.029336
-0.959774 -0.662836 -0.035715
-0.733893 -0.381535 -0.179092
-0.823891 -0.613198 -0.054833
-0.796869 -0.550816 -0.139697
-0.834817 -0.608028 -0.115868
-0.837569 -0.576832 0.047489
-0.825630 -0.600399 0.010629
-0.877943 -0.649147 -0.041732
-0.958100 -0.654486 -0.106667
-0.772435 -0.494330 -0.166588
-0.746187 -0.403341 -0.212195
-0.884450 -0.637404 -0.109568
-0.850049 -0.593806 -0.154673
-0.772051 -0.420983 -0.233662
-0.827730 -0.554000 -0.178657
-0.803470 -0.501326 -0.202288
-0.950018 -0.617090 -0.169327
-0.873580 -0.560687 -0.198722
-0.887616 -0.607699 -0.164141
-0.817855 -0.439322 -0.242119
-0.854000 -0.508262 -0.220231
-0.939362 -0.566079 -0.204652
-0.903903 -0.462239 -0.246958
-0.927247 -0.513616 -0.228847
-1.014853 -0.317363 0.079827
-1.027212 -0.372743 0.113391
-1.055320 -0.330013 0.061234
-1.031774 -0.431722 0.127999
-1.077702 -0.377889 0.077063
-1.082512 -0.343512 0.022730
-1.032155 -0.493367 0.128325
-1.109967 -0.384228 0.019341
-1.087536 -0.493336 0.088964
-1.088507 -0.433554 0.085265
-1.130165 -0.499125 0.008427
-1.029613 -0.550092 0.112888
-1.108907 -0.557990 0.018907
-1.077641 -0.553015 0.081242
-1.129784 -0.435658 -0.002379
-1.063071 -0.589935 0.063745
-1.117814 -0.566646 -0.048099
-1.076869 -0.601388 0.026306
-1.085822 -0.614518 -0.041080
-1.024179 -0.600055 0.081221
-1.136431 -0.460241 -0.069825
-1.075369 -0.610186 -0.106807
-1.135625 -0.506725 -0.060566
-1.104903 -0.566218 -0.117104
-1.027595 -0.633248 0.033525
-1.028633 -0.650918 -0.036323
-1.057699 -0.596611 -0.150183
-1.024909 -0.642145 -0.106154
-1.117018 -0.509622 -0.128743
-1.120608 -0.474400 -0.133406
-1.073574 -0.568206 -0.166849
-1.018004 -0.611590 -0.159195
-1.014446 -0.567751 -0.194811
-1.084787 -0.513642 -0.176291
-1.092267 -0.470873 -0.180206
-1.050897 -0.460920 -0.213440
-1.012351 -0.513744 -0.216830
-1.002095 -0.439961 -0.234114
-0.979932 -0.476960 -0.237525
-0.925261 -0.406472 -0.252812
-0.978319 -0.223447 0.002324
-0.976078 -0.222806 0.003650
-0.976083 -0.223825 0.000712
-0.965729 -0.255378 -0.002067
-0.976797 -0.270284 0.049538
-0.978427 -0.224220 0.003999
-0.952534 -0.283445 -0.010952
-1.016179 -0.273584 0.032274
-0.979039 -0.224767 0.001974
-0.998082 -0.273601 0.045441
-1.017028 -0.269674 0.012178
-0.997606 -0.264264 0.004904
-1.019672 -0.301737 0.006425
-0.901825 -0.293100 -0.030630
-0.862243 -0.259915 -0.037424
-0.860659 -0.315055 -0.061164
-0.833161 -0.268476 -0.050697
-0.807792 -0.209638 -0.047920
-0.810619 -0.207172 -0.045891
-0.805578 -0.204736 -0.044176
-0.815704 -0.268365 -0.043294
-0.803384 -0.207349 -0.046220
-0.803135 -0.210422 -0.042373
-0.805426 -0.208498 -0.039012
-0.814326 -0.207106 -0.038330
-0.809450 -0.271639 -0.019005
-0.817025 -0.207818 -0.042271
-0.823687 -0.270578 0.011748
-0.902660 -0.254550 -0.023443
-0.811241 -0.209162 -0.035135
-0.904107 -0.261038 0.027146
-0.858299 -0.266434 0.031788
-0.880545 -0.393429 -0.201540
-0.929651 -0.417283 -0.222426
-1.429784 0.230551 -0.188044
-1.437732 0.274276 -0.281614
-1.429784 0.332495 -0.510924
-1.445220 0.368510 -0.513111
-1.429784 0.352082 -0.748435
-1.448286 0.393829 -0.750971
-1.429784 0.357972 -0.819934
-1.449208 0.401438 -0.822573
-1.429784 0.358041 -1.077040
-1.450596 0.390822 -1.079027
-1.441634 0.351403 -1.419334
-1.429784 0.325705 -1.417775
-1.435889 0.287306 -1.758891
-1.429784 0.256625 -1.885839
-1.423754 0.287306 -1.758891
-1.418020 0.351403 -1.419336
-1.408973 0.390822 -1.079027
-1.410374 0.401438 -0.822573
-1.411305 0.393829 -0.750971
-1.414398 0.368510 -0.513111
-1.421902 0.274276 -0.281614
-1.205588 0.256620 -1.885843
-1.205588 0.325701 -1.417779
-1.211618 0.287301 -1.758895
-1.217352 0.351399 -1.419340
-1.205588 0.358038 -1.077044
-1.226400 0.390819 -1.079031
-1.224999 0.401436 -0.822577
-1.205588 0.357969 -0.819938
-1.224068 0.393826 -0.750974
-1.205588 0.352079 -0.748439
-1.220975 0.368508 -0.513115
-1.205589 0.332494 -0.510927
-1.213471 0.274275 -0.281618
-1.205592 0.230551 -0.188045
-1.199483 0.287301 -1.758895
-1.193739 0.351399 -1.419339
-1.184777 0.390819 -1.079031
-1.186164 0.401435 -0.822577
-1.187087 0.393826 -0.750974
-1.190153 0.368508 -0.513115
-1.197641 0.274275 -0.281618
-1.205589 0.281809 -0.271461
-1.205592 0.218435 -0.146893
-1.205589 0.398259 -0.514923
-1.205588 0.427740 -0.753034
-1.205588 0.436605 -0.824712
-1.205588 0.431733 -1.081513
-1.205588 0.371843 -1.420580
-1.205588 0.302684 -1.767897
-1.205588 0.246933 -1.964605
-1.772071 -0.828251 -0.201151
-1.766513 -0.969714 -0.192559
-1.783967 -0.838805 -0.154173
-1.783673 -0.962092 -0.135208
-1.794767 -1.057456 -0.105737
-1.770555 -1.083757 -0.168718
-1.766194 -0.849359 -0.107194
-1.779289 -1.157051 -0.143342
-1.767005 -0.950692 -0.083714
-1.779715 -1.025824 -0.044347
-1.809602 -1.132111 -0.076538
-1.814760 -1.217640 -0.068196
-1.733446 -0.857086 -0.072804
-1.800336 -1.091697 0.002222
-1.739260 -1.000113 -0.006668
-1.744219 -1.061941 0.046916
-1.837969 -1.187653 -0.026477
-1.843018 -1.290821 0.023344
-1.733780 -0.940536 -0.048139
-1.680685 -0.859786 -0.059788
-1.825920 -1.134417 0.053115
-1.680685 -1.052183 0.058607
-1.751600 -1.096502 0.103325
-1.864919 -1.233277 0.035619
-1.863419 -1.284081 0.124447
-1.680685 -0.935825 -0.034100
-1.627590 -0.940536 -0.048139
-1.627925 -0.857086 -0.072804
-1.680686 -1.087026 0.114744
-1.840203 -1.164364 0.098110
-1.754580 -1.120478 0.149666
-1.868449 -1.238134 0.117698
-1.869626 -1.239752 0.145057
-1.870219 -1.281835 0.158147
-1.594366 -0.950692 -0.083714
-1.622111 -1.000113 -0.006668
-1.680685 -0.991371 0.005940
-1.680686 -1.110642 0.162944
-1.609771 -1.096502 0.103324
-1.606792 -1.120477 0.149666
-1.833316 -1.237362 0.212086
-1.808849 -1.287258 0.224674
-1.847184 -1.185485 0.137344
-1.595177 -0.849359 -0.107194
-1.617153 -1.061941 0.046916
-1.581656 -1.025824 -0.044347
-1.604228 -1.147910 0.195312
-1.757144 -1.147910 0.195312
-1.680685 -1.140434 0.210332
-1.760819 -1.236038 0.247523
-1.758345 -1.288943 0.246230
-1.819972 -1.190738 0.201580
-1.577697 -0.962092 -0.135209
-1.577404 -0.838805 -0.154173
-1.535452 -1.134416 0.053114
-1.521169 -1.164363 0.098110
-1.599189 -1.190631 0.231971
-1.514188 -1.185483 0.137344
-1.541400 -1.190737 0.201580
-1.680686 -1.233679 0.272872
-1.680685 -1.289978 0.272177
-1.762183 -1.190632 0.231971
-1.594857 -0.969714 -0.192559
-1.589300 -0.828251 -0.201151
-1.561036 -1.091697 0.002222
-1.566603 -1.057456 -0.105737
-1.528055 -1.237361 0.212086
-1.680685 -1.189159 0.260324
-1.600553 -1.236038 0.247523
-1.492923 -1.238132 0.117697
-1.491746 -1.239751 0.145057
-1.603025 -1.288942 0.246230
-1.590815 -1.083757 -0.168718
-1.551770 -1.132110 -0.076538
-1.582083 -1.157052 -0.143342
-1.496453 -1.233276 0.035619
-1.523403 -1.187652 -0.026477
-1.491151 -1.281834 0.158147
-1.552522 -1.287257 0.224674
-1.546611 -1.217639 -0.068196
-1.497951 -1.284080 0.124447
-1.518353 -1.290820 0.023344
-1.641556 -0.887037 -0.167260
-1.652405 -0.874867 -0.193608
-1.640338 -0.865579 -0.157383
-1.651485 -0.853074 -0.184480
-1.678296 -0.847866 -0.195700
-1.678601 -0.869825 -0.204521
-1.639203 -0.562204 -0.062652
-1.624081 -0.579160 -0.025543
-1.705094 -0.853027 -0.184472
-1.704797 -0.874867 -0.193608
-1.674223 -0.554770 -0.077946
-1.716212 -0.865543 -0.157384
-1.715648 -0.887039 -0.167260
-1.709066 -0.561529 -0.062542
-1.704796 -0.899210 -0.140912
-1.723753 -0.578642 -0.025562
-1.705093 -0.878060 -0.130295
-1.678601 -0.904251 -0.129999
-1.678247 -0.883244 -0.119075
-1.652405 -0.899210 -0.140912
-1.709041 -0.595765 0.011417
-1.651408 -0.878064 -0.130294
-1.673523 -0.602859 0.026734
-1.638102 -0.595832 0.011430
-1.660506 -0.313449 0.083463
-1.743636 -0.314076 0.077741
-1.667155 -0.372232 0.121102
-1.746856 -0.370817 0.106090
-1.808331 -0.365631 0.058313
-1.800221 -0.317314 0.044163
-1.673253 -0.428934 0.137482
-1.833178 -0.363882 0.011944
-1.821718 -0.318058 -0.001274
-1.750222 -0.426798 0.121875
-1.818713 -0.422175 0.069339
-1.810396 -0.307121 -0.039431
-1.678429 -0.491029 0.140732
-1.855826 -0.419190 0.003136
-1.819101 -0.482564 0.072370
-1.859159 -0.321401 -0.081637
-1.752251 -0.486670 0.124906
-1.681468 -0.549082 0.127898
-1.884932 -0.342558 -0.116794
-1.750888 -0.545562 0.114332
-1.679833 -0.607017 0.090301
-1.871045 -0.471734 -0.033851
-1.812417 -0.541603 0.064709
-1.846641 -0.544071 -0.012712
-1.750813 -0.597833 0.076559
-1.677170 -0.646248 0.036713
-1.854787 -0.545544 -0.076460
-1.809746 -0.600399 0.010629
-1.811485 -0.613197 -0.054833
-1.898425 -0.362472 -0.150414
-1.752831 -0.633907 0.029337
-1.675603 -0.662836 -0.035714
-1.797808 -0.576832 0.047489
-1.800560 -0.608028 -0.115868
-1.879347 -0.482875 -0.100914
-1.838507 -0.550816 -0.139697
-1.757433 -0.649147 -0.041732
-1.677276 -0.654486 -0.106667
-1.785328 -0.593806 -0.154673
-1.750926 -0.637404 -0.109568
-1.901484 -0.381534 -0.179092
-1.807646 -0.554000 -0.178656
-1.862941 -0.494330 -0.166587
-1.831906 -0.501326 -0.202288
-1.685358 -0.617090 -0.169326
-1.761796 -0.560687 -0.198722
-1.747760 -0.607699 -0.164141
-1.863325 -0.420983 -0.233662
-1.781376 -0.508261 -0.220231
-1.817522 -0.439322 -0.242119
-1.889189 -0.403341 -0.212194
-1.696014 -0.566079 -0.204652
-1.731473 -0.462239 -0.246958
-1.708129 -0.513616 -0.228847
-1.620524 -0.317362 0.079827
-1.608164 -0.372743 0.113391
-1.603603 -0.431722 0.128000
-1.580056 -0.330013 0.061234
-1.603221 -0.493367 0.128325
-1.557675 -0.377888 0.077063
-1.552865 -0.343512 0.022730
-1.547840 -0.493336 0.088964
-1.546870 -0.433554 0.085265
-1.605763 -0.550092 0.112888
-1.525409 -0.384228 0.019341
-1.611198 -0.600055 0.081221
-1.505211 -0.499125 0.008427
-1.557735 -0.553015 0.081242
-1.526469 -0.557990 0.018907
-1.505593 -0.435658 -0.002379
-1.607781 -0.633248 0.033525
-1.572306 -0.589935 0.063745
-1.517563 -0.566646 -0.048098
-1.558507 -0.601388 0.026306
-1.549555 -0.614518 -0.041080
-1.498945 -0.460241 -0.069825
-1.606743 -0.650918 -0.036322
-1.610468 -0.642145 -0.106154
-1.499752 -0.506725 -0.060566
-1.560007 -0.610186 -0.106807
-1.530474 -0.566218 -0.117104
-1.617372 -0.611590 -0.159195
-1.577677 -0.596611 -0.150183
-1.518359 -0.509622 -0.128743
-1.561802 -0.568206 -0.166849
-1.550590 -0.513642 -0.176291
-1.620930 -0.567751 -0.194811
-1.514768 -0.474400 -0.133406
-1.623026 -0.513744 -0.216829
-1.543110 -0.470873 -0.180206
-1.655444 -0.476960 -0.237525
-1.584479 -0.460920 -0.213440
-1.710116 -0.406472 -0.252812
-1.633281 -0.439961 -0.234114
-1.657058 -0.223447 0.002324
-1.659293 -0.223825 0.000712
-1.659299 -0.222806 0.003650
-1.669647 -0.255378 -0.002066
-1.658579 -0.270284 0.049538
-1.682842 -0.283445 -0.010951
-1.656950 -0.224219 0.003999
-1.619198 -0.273584 0.032274
-1.637294 -0.273601 0.045441
-1.656337 -0.224767 0.001974
-1.618348 -0.269674 0.012178
-1.637770 -0.264264 0.004904
-1.615704 -0.301737 0.006425
-1.733552 -0.293100 -0.030630
-1.774718 -0.315055 -0.061164
-1.773133 -0.259915 -0.037423
-1.802216 -0.268476 -0.050697
-1.827585 -0.209638 -0.047920
-1.824757 -0.207171 -0.045891
-1.819672 -0.268365 -0.043294
-1.825926 -0.271639 -0.019005
-1.829798 -0.204736 -0.044176
-1.811689 -0.270578 0.011749
-1.831993 -0.207349 -0.046219
-1.832241 -0.210422 -0.042373
-1.777078 -0.266433 0.031788
-1.829950 -0.208497 -0.039012
-1.731270 -0.261038 0.027146
-1.824135 -0.209162 -0.035135
-1.821051 -0.207105 -0.038329
-1.818352 -0.207817 -0.042271
-1.732716 -0.254550 -0.023443
-1.754831 -0.393429 -0.201540
-1.705726 -0.417283 -0.222426
0.875151 0.189057 -0.316665
0.878829 0.189110 -0.317830
0.875123 0.188686 -0.317361
0.879676 0.188584 -0.319035
0.879430 0.188793 -0.315596
0.878938 0.189326 -0.315173
0.879457 0.188877 -0.314218
0.878938 0.189426 -0.314201
0.763830 0.210786 -0.112925
0.778925 0.202670 -0.087106
0.770844 0.219310 -0.101810
0.674126 0.222186 -0.000102
0.684435 0.234684 0.017799
0.503618 0.231846 0.097599
0.506558 0.244699 0.131288
0.322460 0.239824 0.157238
0.693746 0.210321 0.038866
0.324579 0.253330 0.191520
0.136352 0.243643 0.169603
0.506859 0.218089 0.166770
0.132756 0.257938 0.203351
-0.053122 0.256594 0.130932
-0.035177 0.243539 0.106772
0.328763 0.222085 0.232556
-0.066142 0.217931 0.164166
0.132743 0.222511 0.239790
-0.188366 0.255456 0.051736
-0.184971 0.243699 0.022120
-0.198410 0.213683 0.094450
-0.306873 0.258191 0.043995
-0.307120 0.243664 0.008018
-0.383543 0.260636 0.051554
-0.389481 0.242898 0.010746
-0.305321 0.213367 0.089018
-0.437144 0.270964 0.014338
-0.401433 0.236482 -0.015520
-0.390442 0.214026 0.099874
-0.439922 0.265175 -0.029774
-0.416301 0.222545 -0.067275
-0.437941 0.264579 0.053790
-0.445501 0.246071 -0.079785
-0.422547 0.208600 -0.095700
-0.445130 0.213859 0.097114
-0.496315 0.276088 0.008955
-0.498418 0.265393 0.044637
-0.449623 0.223801 -0.109963
-0.424233 0.201373 -0.108471
-0.499729 0.212873 0.080891
-0.491322 0.274094 -0.029288
-0.485778 0.258331 -0.084272
-0.453265 0.199862 -0.133343
-0.533288 0.210934 0.048955
-0.531960 0.254410 0.021891
-0.485108 0.231864 -0.113653
-0.529948 0.268538 -0.002824
-0.510375 0.251030 -0.084047
-0.524395 0.268445 -0.031422
-0.485872 0.199983 -0.131358
-0.559972 0.208372 0.006782
-0.523325 0.233941 -0.081930
-0.544791 0.246243 -0.031156
-0.506051 0.200625 -0.120773
-0.557645 0.224948 -0.002216
-0.552692 0.236966 -0.014751
-0.507123 0.224324 -0.107212
-0.544125 0.207242 -0.011840
-0.533351 0.206345 -0.026603
-0.512793 0.201501 -0.106129
-0.513812 0.203065 -0.080611
-0.515228 0.217678 -0.099365
0.875151 0.188388 -0.316624
0.878829 0.188195 -0.317774
0.878952 0.188275 -0.315112
0.878938 0.188320 -0.314134
0.763830 0.191476 -0.111752
0.770844 0.184360 -0.099687
0.684435 0.183575 0.020903
0.506558 0.187367 0.134770
0.674126 0.193827 0.001620
0.324579 0.186090 0.195603
0.503618 0.196049 0.099773
0.322460 0.195347 0.159940
0.132756 0.182961 0.207905
0.136352 0.193053 0.172675
-0.053122 0.175530 0.135855
-0.188366 0.167063 0.057104
-0.306873 0.163411 0.049751
-0.035179 0.185552 0.110293
-0.383543 0.161898 0.057551
-0.184973 0.175149 0.026283
-0.437940 0.158254 0.060247
-0.307120 0.173476 0.012280
-0.389481 0.174567 0.014896
-0.437144 0.147142 0.021858
-0.498418 0.156339 0.051260
-0.401433 0.177758 -0.011953
-0.531960 0.164489 0.027352
-0.439922 0.147550 -0.022630
-0.496315 0.141404 0.017135
-0.557645 0.190816 -0.000143
-0.416301 0.185329 -0.065014
-0.529948 0.147473 0.004528
-0.491322 0.138755 -0.021069
-0.552692 0.177369 -0.011131
-0.445501 0.160462 -0.074585
-0.422547 0.195731 -0.094918
-0.524397 0.144105 -0.023870
-0.485778 0.147748 -0.077556
-0.510375 0.155022 -0.078216
-0.544791 0.166175 -0.026293
-0.523325 0.172242 -0.078182
-0.449624 0.178915 -0.107236
-0.485108 0.170465 -0.109924
-0.515228 0.186276 -0.097458
-0.507123 0.178729 -0.104443
-3.510527 0.189057 -0.316664
-3.510500 0.188686 -0.317361
-3.514206 0.189110 -0.317829
-3.515054 0.188585 -0.319034
-3.514807 0.188794 -0.315595
-3.514315 0.189326 -0.315173
-3.514834 0.188877 -0.314218
-3.514315 0.189426 -0.314201
-3.414302 0.202671 -0.087105
-3.399207 0.210787 -0.112925
-3.406221 0.219311 -0.101809
-3.319813 0.234684 0.017799
-3.329123 0.210322 0.038866
-3.141935 0.244700 0.131289
-3.142236 0.218090 0.166771
-3.309504 0.222187 -0.000102
-2.959956 0.253330 0.191520
-2.964140 0.222085 0.232557
-3.138995 0.231846 0.097599
-2.768119 0.222511 0.239791
-2.957837 0.239824 0.157239
-2.768133 0.257939 0.203351
-2.569234 0.217932 0.164167
-2.771729 0.243643 0.169603
-2.582255 0.256595 0.130932
-2.436967 0.213684 0.094451
-2.447011 0.255456 0.051736
-2.328504 0.258191 0.043995
-2.330056 0.213367 0.089018
-2.600200 0.243539 0.106772
-2.251834 0.260636 0.051554
-2.244935 0.214027 0.099874
-2.450405 0.243699 0.022120
-2.197435 0.264580 0.053790
-2.190247 0.213859 0.097114
-2.328257 0.243664 0.008018
-2.135648 0.212874 0.080891
-2.245896 0.242899 0.010746
-2.198233 0.270964 0.014338
-2.136959 0.265394 0.044637
-2.102089 0.210934 0.048955
-2.233943 0.236482 -0.015519
-2.103416 0.254410 0.021891
-2.075404 0.208373 0.006782
-2.195454 0.265175 -0.029774
-2.139061 0.276089 0.008955
-2.077731 0.224948 -0.002216
-2.091252 0.207242 -0.011840
-2.219076 0.222545 -0.067274
-2.105429 0.268538 -0.002824
-2.144055 0.274095 -0.029288
-2.082685 0.236967 -0.014751
-2.102026 0.206345 -0.026603
-2.189876 0.246071 -0.079785
-2.212829 0.208600 -0.095700
-2.110981 0.268445 -0.031422
-2.149599 0.258332 -0.084272
-2.125002 0.251031 -0.084047
-2.090586 0.246244 -0.031156
-2.112052 0.233941 -0.081930
-2.121565 0.203065 -0.080611
-2.185754 0.223801 -0.109963
-2.211143 0.201373 -0.108471
-2.150269 0.231864 -0.113653
-2.120148 0.217678 -0.099365
-2.122583 0.201501 -0.106129
-2.182112 0.199862 -0.133343
-2.128253 0.224324 -0.107212
-2.149504 0.199983 -0.131358
-2.129325 0.200626 -0.120773
-3.510527 0.188389 -0.316624
-3.514206 0.188196 -0.317774
-3.514329 0.188275 -0.315112
-3.514315 0.188321 -0.314134
-3.399207 0.191476 -0.111752
-3.406221 0.184360 -0.099686
-3.309504 0.193828 0.001620
-3.319813 0.183575 0.020903
-3.138995 0.196050 0.099773
-3.141935 0.187368 0.134771
-2.957837 0.195348 0.159940
-2.959956 0.186090 0.195604
-2.771729 0.193053 0.172676
-2.768133 0.182961 0.207905
-2.582255 0.175530 0.135855
-2.600198 0.185552 0.110294
-2.447011 0.167063 0.057104
-2.450404 0.175149 0.026283
-2.328504 0.163411 0.049751
-2.328257 0.173477 0.012280
-2.251834 0.161899 0.057551
-2.245896 0.174567 0.014896
-2.198233 0.147143 0.021858
-2.233943 0.177758 -0.011953
-2.195454 0.147550 -0.022630
-2.219076 0.185329 -0.065014
-2.197437 0.158255 0.060247
-2.189876 0.160462 -0.074585
-2.212829 0.195731 -0.094918
-2.139061 0.141404 0.017136
-2.136959 0.156339 0.051260
-2.185752 0.178916 -0.107236
-2.144055 0.138755 -0.021068
-2.149599 0.147748 -0.077556
-2.103416 0.164489 0.027352
-2.150269 0.170465 -0.109923
-2.105429 0.147474 0.004528
-2.125002 0.155023 -0.078215
-2.110980 0.144105 -0.023870
-2.112052 0.172243 -0.078182
-2.090586 0.166175 -0.026293
-2.077731 0.190817 -0.000143
-2.082685 0.177370 -0.011131
-2.128253 0.178729 -0.104443
-2.120148 0.186276 -0.097458
-1.245864 0.157306 0.181079
-1.244589 0.153663 0.188755
-1.239215 0.077506 0.196222
-1.281863 0.157675 0.190769
-1.235757 -0.000377 0.186030
-1.278546 0.077606 0.207113
-1.276821 0.000087 0.197360
-1.317688 0.157829 0.196907
-1.281227 0.154357 0.201090
-1.275282 -0.050098 0.179882
-1.317688 0.000234 0.203479
-1.317688 -0.050139 0.186004
-1.233947 -0.050548 0.165658
-1.317688 0.154617 0.206045
-1.317688 0.077331 0.211611
-1.317688 -0.089291 0.167480
-1.233999 -0.085196 0.154437
-1.275626 -0.088947 0.163569
-1.317688 -0.093914 0.143884
-1.237465 -0.089195 0.130352
-1.276709 -0.093393 0.140664
-1.317688 -0.073801 0.117495
-1.278712 -0.075691 0.115309
-1.389512 0.157306 0.181079
-1.390787 0.153663 0.188755
-1.396162 0.077506 0.196222
-1.353514 0.157675 0.190769
-1.399619 -0.000377 0.186030
-1.356830 0.077606 0.207113
-1.354150 0.154357 0.201090
-1.401429 -0.050548 0.165658
-1.358555 0.000087 0.197360
-1.401377 -0.085196 0.154437
-1.360095 -0.050098 0.179882
-1.397911 -0.089195 0.130352
-1.359750 -0.088947 0.163569
-1.356665 -0.075691 0.115309
-1.358668 -0.093393 0.140664
-1.209082 -0.131384 -0.091960
-1.250139 -0.130988 -0.130652
-1.191668 -0.131797 -0.051601
-1.195229 -0.132245 -0.007890
-1.317688 -0.136451 -0.146753
-1.317688 -0.255173 -0.038490
-1.317688 -0.255196 -0.038867
-1.317688 -0.254897 -0.033917
-1.317688 -0.255010 -0.035812
-1.210644 -0.132661 0.032685
-1.385237 -0.130988 -0.130652
-1.317688 -0.255108 -0.037417
-1.241996 -0.132967 0.062650
-1.443708 -0.131797 -0.051601
-1.317688 -0.254781 -0.032023
-1.440148 -0.132245 -0.007890
-1.424732 -0.132661 0.032685
-1.426294 -0.131384 -0.091960
-1.279813 -0.133152 0.080818
-1.317688 -0.254684 -0.030418
-1.317688 -0.133224 0.087601
-1.317688 -0.254619 -0.029345
-1.393381 -0.132967 0.062650
-1.317688 -0.254596 -0.028968
-1.355564 -0.133152 0.080818
-0.844066 -0.340061 -0.114347
-0.853002 -0.368244 -0.160729
-0.888274 -0.317493 -0.131169
-0.885769 -0.353375 -0.173700
-0.898251 -0.294492 -0.078468
-0.895828 -0.379880 -0.195373
-0.960222 -0.308891 -0.140341
-0.952843 -0.345212 -0.186931
-0.915929 -0.287833 -0.050361
-0.939470 -0.390424 -0.216734
-0.965817 -0.287916 -0.085435
-1.034760 -0.324474 -0.138593
-0.962980 -0.284859 -0.029818
-1.015749 -0.409441 -0.219745
-1.035116 -0.301610 -0.079231
-1.029679 -0.360544 -0.186141
-1.089442 -0.355382 -0.121928
-1.081728 -0.389417 -0.169748
-1.027543 -0.297201 -0.017619
-1.088251 -0.334381 -0.008100
-1.067774 -0.433474 -0.199097
-1.091162 -0.337509 -0.065762
-1.110577 -0.425099 -0.149974
-1.120906 -0.404032 -0.097011
-1.116068 -0.371796 -0.010582
-1.092179 -0.445868 -0.178963
-1.121638 -0.381555 -0.041143
-1.791311 -0.340061 -0.114346
-1.747102 -0.317493 -0.131169
-1.782374 -0.368244 -0.160729
-1.749607 -0.353375 -0.173700
-1.737126 -0.294492 -0.078468
-1.739548 -0.379880 -0.195373
-1.682533 -0.345212 -0.186931
-1.719447 -0.287833 -0.050361
-1.675154 -0.308891 -0.140341
-1.672397 -0.284859 -0.029818
-1.695906 -0.390424 -0.216733
-1.669560 -0.287916 -0.085435
-1.607833 -0.297201 -0.017619
-1.547125 -0.334381 -0.008100
-1.600617 -0.324474 -0.138593
-1.619627 -0.409441 -0.219745
-1.605698 -0.360544 -0.186141
-1.600260 -0.301610 -0.079231
-1.519309 -0.371796 -0.010582
-1.567602 -0.433474 -0.199097
-1.553648 -0.389417 -0.169748
-1.544214 -0.337509 -0.065762
-1.513739 -0.381556 -0.041143
-1.545934 -0.355382 -0.121928
-1.543197 -0.445868 -0.178962
-1.514470 -0.404032 -0.097011
-1.524800 -0.425099 -0.149973
-0.954690 -1.296926 0.164512
-0.868032 -1.293436 0.162287
-1.041350 -1.293437 0.162287
-0.869256 -1.295753 0.123741
-0.954692 -1.299416 0.123520
-1.040126 -1.295754 0.123741
-0.873128 -1.303086 0.001760
-1.036254 -1.303087 0.001760
-0.954692 -1.307065 -0.002422
-0.889796 -1.234149 -0.087934
-1.019586 -1.234149 -0.087934
-0.954692 -1.238926 -0.093342
-0.897893 -1.170227 -0.180620
-1.011489 -1.170227 -0.180620
-0.954692 -1.175543 -0.200103
-0.906792 -1.094778 -0.207067
-1.002590 -1.094778 -0.207067
-0.954692 -1.098018 -0.223013
-0.908597 -0.969913 -0.225689
-1.000785 -0.969913 -0.225689
-0.954692 -0.968874 -0.242097
-0.901930 -0.820524 -0.235541
-1.007452 -0.820524 -0.235541
-0.954692 -0.817731 -0.248679
-0.992139 -0.836629 -0.095676
-1.019552 -0.831145 -0.120084
-0.954692 -0.838544 -0.086437
-0.917244 -0.836629 -0.095676
-1.029586 -0.823654 -0.153427
-0.974750 -0.875889 -0.150691
-0.977854 -0.873572 -0.161002
-0.943110 -0.877586 -0.143141
-0.966272 -0.877586 -0.143141
-0.954690 -0.878178 -0.140284
-0.974750 -0.871256 -0.171314
-0.934631 -0.875889 -0.150691
-0.889830 -0.831145 -0.120084
-1.019552 -0.816162 -0.186769
-0.879797 -0.823654 -0.153427
-0.931528 -0.873573 -0.161002
-0.992139 -0.810680 -0.211178
-0.889830 -0.816162 -0.186770
-0.934632 -0.871256 -0.171314
-0.954692 -0.808697 -0.220502
-0.917243 -0.810678 -0.211178
-0.966272 -0.869560 -0.178863
-0.943110 -0.869560 -0.178863
-0.954690 -0.868946 -0.181748
-0.815096 -0.365871 -0.270510
-0.774985 -0.353182 -0.267493
-0.840946 -0.349770 -0.267934
-0.747077 -0.344816 -0.260103
-0.737776 -0.260030 -0.296702
-0.728555 -0.262012 -0.294329
-0.812228 -0.324786 -0.239594
-0.744176 -0.257399 -0.296869
-0.723763 -0.267844 -0.288512
-0.723604 -0.238978 -0.299041
-0.717971 -0.260827 -0.284310
-0.718505 -0.244267 -0.295317
-0.796120 -0.309935 -0.215747
-0.732334 -0.332644 -0.246118
-0.729723 -0.238725 -0.298445
-0.742041 -0.250267 -0.289693
-0.713934 -0.254406 -0.277514
-0.713820 -0.235022 -0.292273
-0.724303 -0.319224 -0.227996
-0.725897 -0.306190 -0.209872
-0.737737 -0.242649 -0.278883
-0.716611 -0.228069 -0.295931
-0.721795 -0.227169 -0.295536
-0.734248 -0.294646 -0.188349
-0.714723 -0.250000 -0.268375
-0.717650 -0.246824 -0.259641
-0.720100 -0.228230 -0.283547
-0.715560 -0.233959 -0.281212
-0.721644 -0.238496 -0.260543
-0.751181 -0.281618 -0.165789
-0.726099 -0.227643 -0.280168
-0.779635 -0.273739 -0.144609
-0.729412 -0.233659 -0.258714
-0.736426 -0.236853 -0.268831
-0.799856 -0.278490 -0.156511
-0.735703 -0.233009 -0.261160
-0.791146 -0.293569 -0.188537
-1.429784 0.218435 -0.146892
-1.429784 0.281810 -0.271458
-1.429784 0.398261 -0.514919
-1.429784 0.427742 -0.753030
-1.429784 0.436607 -0.824708
-1.429784 0.431736 -1.081509
-1.429784 0.371847 -1.420576
-1.429784 0.302689 -1.767893
-1.429784 0.246939 -1.964601
-1.680686 -1.296929 0.164512
-1.767344 -1.293439 0.162288
-1.594027 -1.293439 0.162288
-1.595251 -1.295756 0.123741
-1.766121 -1.295756 0.123741
-1.680685 -1.299418 0.123520
-1.599123 -1.303088 0.001760
-1.680685 -1.307067 -0.002422
-1.762249 -1.303089 0.001760
-1.745581 -1.234151 -0.087934
-1.615791 -1.234150 -0.087934
-1.680685 -1.238928 -0.093341
-1.623888 -1.170228 -0.180619
-1.737484 -1.170228 -0.180619
-1.680685 -1.175544 -0.200103
-1.632787 -1.094779 -0.207067
-1.728585 -1.094779 -0.207067
-1.680685 -1.098018 -0.223013
-1.634591 -0.969913 -0.225689
-1.726780 -0.969913 -0.225689
-1.680685 -0.968874 -0.242097
-1.627925 -0.820524 -0.235541
-1.733446 -0.820524 -0.235541
-1.680685 -0.817731 -0.248679
-1.643238 -0.836629 -0.095675
-1.615825 -0.831145 -0.120084
-1.680685 -0.838544 -0.086437
-1.718132 -0.836629 -0.095675
-1.605790 -0.823654 -0.153427
-1.669104 -0.877586 -0.143141
-1.660626 -0.875889 -0.150690
-1.692267 -0.877586 -0.143141
-1.745546 -0.831145 -0.120084
-1.700745 -0.875889 -0.150690
-1.615825 -0.816162 -0.186769
-1.657523 -0.873572 -0.161002
-1.680686 -0.878178 -0.140284
-1.703849 -0.873573 -0.161002
-1.643238 -0.810679 -0.211178
-1.660626 -0.871256 -0.171314
-1.755579 -0.823654 -0.153427
-1.680685 -0.808697 -0.220502
-1.718133 -0.810678 -0.211178
-1.669104 -0.869560 -0.178863
-1.745546 -0.816162 -0.186770
-1.700745 -0.871256 -0.171314
-1.680686 -0.868946 -0.181748
-1.692267 -0.869560 -0.178863
-1.820281 -0.365871 -0.270510
-1.860391 -0.353181 -0.267493
-1.794430 -0.349770 -0.267934
-1.888299 -0.344815 -0.260103
-1.891201 -0.257399 -0.296869
-1.897601 -0.260030 -0.296702
-1.823148 -0.324786 -0.239594
-1.903042 -0.332644 -0.246117
-1.906821 -0.262012 -0.294328
-1.839257 -0.309935 -0.215747
-1.905654 -0.238726 -0.298445
-1.893335 -0.250267 -0.289693
-1.911073 -0.319224 -0.227996
-1.909479 -0.306189 -0.209872
-1.911613 -0.267844 -0.288511
-1.911772 -0.238978 -0.299041
-1.897639 -0.242649 -0.278882
-1.920654 -0.249999 -0.268375
-1.917405 -0.260827 -0.284309
-1.921443 -0.254406 -0.277514
-1.901128 -0.294646 -0.188348
-1.913581 -0.227169 -0.295536
-1.916872 -0.244267 -0.295317
-1.918766 -0.228069 -0.295931
-1.921556 -0.235022 -0.292273
-1.917726 -0.246824 -0.259641
-1.919817 -0.233958 -0.281211
-1.913733 -0.238496 -0.260543
-1.884195 -0.281618 -0.165788
-1.915276 -0.228230 -0.283547
-1.855742 -0.273739 -0.144609
-1.909277 -0.227644 -0.280168
-1.905964 -0.233659 -0.258714
-1.835520 -0.278490 -0.156511
-1.898950 -0.236853 -0.268831
-1.899673 -0.233009 -0.261160
-1.844231 -0.293569 -0.188537
-0.463824 0.210896 -0.052254
-0.525715 0.226871 -0.089417
-0.465796 0.213602 -0.044693
-0.462886 0.205583 -0.055605
-0.536202 0.239794 -0.055023
-0.467704 0.211652 -0.037097
-0.520847 0.202601 -0.104269
-0.546690 0.231128 -0.019318
-0.732546 0.239352 -0.108983
-0.741244 0.259760 -0.056235
-0.728509 0.200934 -0.131705
-0.468570 0.206931 -0.033421
-0.801725 0.213752 -0.066344
-0.749943 0.245886 -0.001405
-0.804390 0.218245 -0.053714
-0.800431 0.204558 -0.072046
-0.551557 0.208834 -0.001637
-0.546690 0.184564 -0.016490
-0.467704 0.201813 -0.036500
-0.806900 0.214764 -0.041347
-0.536202 0.171640 -0.050884
-0.749943 0.172082 0.003077
-0.741244 0.151674 -0.049671
-0.808016 0.206780 -0.035456
-0.465796 0.198959 -0.043804
-0.753980 0.210500 0.025799
-0.732546 0.165535 -0.104499
-0.804390 0.193189 -0.052192
-0.801725 0.196107 -0.065271
-0.525715 0.180306 -0.086589
-0.463824 0.200729 -0.051637
-0.806900 0.198141 -0.040337
-0.932069 0.078760 0.091473
-0.862994 0.088596 0.081337
-0.932069 0.141905 0.128007
-0.932069 0.034847 0.033211
-0.858668 0.145455 0.113829
-0.932071 0.218416 0.139903
-0.859852 0.046840 0.028181
-0.932069 0.013779 -0.041296
-0.855983 0.217805 0.125550
-0.818124 0.105184 0.062628
-0.798899 0.214667 0.083353
-0.803769 0.149152 0.078629
-0.855531 0.026868 -0.042091
-0.859852 0.038189 -0.114264
-0.932069 0.025675 -0.117805
-0.859086 0.287564 0.106563
-0.932069 0.292925 0.118835
-0.760733 0.211425 0.027950
-0.766821 0.144752 0.017447
-0.798489 0.071320 -0.044791
-0.803806 0.083615 0.020760
-0.862994 0.073204 -0.172082
-0.932069 0.062215 -0.180953
-0.804095 0.278958 0.070871
-0.862793 0.340425 0.065556
-0.932069 0.351185 0.074928
-0.761281 0.127983 -0.048232
-0.818124 0.091935 -0.155518
-0.803805 0.075592 -0.111348
-0.932069 0.120474 -0.224862
-0.768127 0.275541 0.009866
-0.754814 0.173637 -0.015303
-0.753656 0.244903 -0.018951
-0.751415 0.209578 -0.013737
-0.818324 0.320495 0.049090
-0.932069 0.387717 0.011780
-0.766821 0.136680 -0.115458
-0.858667 0.125713 -0.211216
-0.803769 0.133644 -0.176722
-0.748891 0.207873 -0.053084
-0.804299 0.336858 0.005246
-0.761995 0.287341 -0.057910
-0.859298 0.374292 0.009286
-0.798901 0.198105 -0.189341
-0.760734 0.201592 -0.133952
-0.932069 0.194983 -0.245929
-0.753456 0.168146 -0.050671
-0.754814 0.169316 -0.086444
-0.752852 0.246549 -0.055433
-0.932069 0.399617 -0.064730
-0.798586 0.341889 -0.061223
-0.855983 0.196113 -0.231607
-0.804095 0.263435 -0.184731
-0.751415 0.204804 -0.092348
-0.753656 0.240500 -0.091448
-0.855532 0.386529 -0.063935
-0.859298 0.365521 -0.135136
-0.932069 0.378545 -0.139236
-0.859088 0.267657 -0.221202
-0.768127 0.267425 -0.123761
-0.818324 0.307302 -0.168137
-0.862793 0.325093 -0.186894
-0.932069 0.334640 -0.197498
-0.804299 0.328851 -0.126596
-0.932069 0.271494 -0.234034
-0.999058 0.343760 0.068363
-1.004668 0.287083 0.107436
-1.004668 0.375696 0.007365
-1.010278 0.217456 0.124090
-1.046870 0.317630 0.045216
-1.067570 0.275217 0.064525
-1.010277 0.383799 -0.063769
-1.004668 0.367147 -0.133399
-1.004668 0.146312 0.115986
-1.105633 0.274100 0.006670
-1.077788 0.214609 0.077222
-1.118454 0.210830 0.014992
-1.067570 0.331656 0.000777
-0.999058 0.328063 -0.190084
-0.999058 0.085323 0.084059
-1.067570 0.152911 0.071953
-1.046870 0.108473 0.057919
-1.077788 0.336935 -0.060923
-1.067570 0.324227 -0.121530
-1.132077 0.206700 -0.053013
-1.118454 0.274704 -0.057143
-1.105633 0.147017 0.014388
-1.004668 0.046246 0.027374
-1.067570 0.089159 0.015505
-1.046870 0.304927 -0.163945
-1.105633 0.266382 -0.120414
-1.004668 0.267074 -0.222011
-1.118454 0.138696 -0.048883
-1.010277 0.029592 -0.042256
-1.077788 0.076465 -0.045103
-1.067570 0.260489 -0.177979
-1.118454 0.202569 -0.121018
-1.010277 0.195943 -0.230116
-1.004668 0.126303 -0.213462
-1.067570 0.081730 -0.106802
-1.105633 0.139299 -0.112696
-0.999058 0.069626 -0.174388
-1.077788 0.198790 -0.183247
-1.067570 0.138183 -0.170551
-1.004668 0.037697 -0.113390
-1.046870 0.095770 -0.151242
-2.171552 0.210896 -0.052254
-2.169581 0.213602 -0.044693
-2.109662 0.226871 -0.089417
-2.172490 0.205584 -0.055605
-2.099175 0.239795 -0.055023
-2.167672 0.211653 -0.037097
-2.114529 0.202601 -0.104269
-2.088687 0.231128 -0.019318
-2.166807 0.206931 -0.033421
-1.906868 0.200935 -0.131705
-1.902830 0.239353 -0.108983
-2.083819 0.208834 -0.001638
-2.088687 0.184564 -0.016490
-2.167672 0.201813 -0.036500
-1.894132 0.259760 -0.056236
-1.834946 0.204558 -0.072046
-1.885434 0.172082 0.003077
-1.885434 0.245886 -0.001406
-1.881396 0.210500 0.025799
-2.099175 0.171640 -0.050884
-2.169581 0.198959 -0.043804
-1.833651 0.213753 -0.066344
-1.827360 0.206780 -0.035456
-1.894132 0.151675 -0.049671
-1.828476 0.198142 -0.040337
-1.830986 0.193189 -0.052193
-2.109662 0.180307 -0.086589
-2.171552 0.200729 -0.051637
-1.830986 0.218246 -0.053714
-1.833651 0.196107 -0.065272
-1.828476 0.214764 -0.041347
-1.902830 0.165535 -0.104500
-1.703307 0.078760 0.091473
-1.703307 0.141906 0.128007
-1.772382 0.088596 0.081337
-1.703307 0.034847 0.033211
-1.776708 0.145455 0.113828
-1.703306 0.218417 0.139903
-1.775524 0.046840 0.028181
-1.703307 0.013779 -0.041296
-1.779394 0.217805 0.125549
-1.776290 0.287564 0.106563
-1.703307 0.292926 0.118835
-1.817252 0.105184 0.062628
-1.779845 0.026868 -0.042091
-1.775524 0.038189 -0.114264
-1.703307 0.025675 -0.117805
-1.831282 0.278959 0.070871
-1.836477 0.214667 0.083353
-1.772583 0.340425 0.065556
-1.703307 0.351186 0.074927
-1.831570 0.083616 0.020760
-1.831607 0.149152 0.078629
-1.868555 0.144752 0.017447
-1.836887 0.071320 -0.044791
-1.772382 0.073205 -0.172082
-1.703307 0.062215 -0.180953
-1.817053 0.320495 0.049089
-1.874644 0.211425 0.027949
-1.867249 0.275541 0.009866
-1.703307 0.387717 0.011779
-1.874095 0.127983 -0.048232
-1.817252 0.091935 -0.155518
-1.831572 0.075592 -0.111348
-1.703307 0.120474 -0.224862
-1.881720 0.244903 -0.018951
-1.831078 0.336858 0.005246
-1.873382 0.287341 -0.057911
-1.776078 0.374293 0.009286
-1.703307 0.399617 -0.064730
-1.880562 0.173637 -0.015303
-1.868555 0.136680 -0.115458
-1.776710 0.125714 -0.211216
-1.831607 0.133644 -0.176722
-1.882524 0.246550 -0.055433
-1.883961 0.209579 -0.013737
-1.886485 0.207874 -0.053084
-1.779845 0.386529 -0.063935
-1.776078 0.365521 -0.135136
-1.703307 0.378545 -0.139236
-1.836790 0.341889 -0.061224
-1.836476 0.198105 -0.189341
-1.874642 0.201592 -0.133952
-1.703307 0.194983 -0.245929
-1.881920 0.168147 -0.050671
-1.880562 0.169316 -0.086445
-1.881720 0.240500 -0.091448
-1.772583 0.325093 -0.186894
-1.703307 0.334640 -0.197498
-1.831078 0.328851 -0.126596
-1.779394 0.196114 -0.231607
-1.831282 0.263435 -0.184731
-1.883961 0.204804 -0.092348
-1.703307 0.271494 -0.234034
-1.867249 0.267426 -0.123761
-1.817053 0.307302 -0.168137
-1.776289 0.267658 -0.221202
-1.636318 0.343760 0.068362
-1.630708 0.287083 0.107436
-1.630708 0.375696 0.007365
-1.625099 0.217456 0.124090
-1.630708 0.146312 0.115986
-1.588506 0.317630 0.045216
-1.625100 0.383800 -0.063769
-1.630708 0.367147 -0.133399
-1.567806 0.152911 0.071953
-1.567806 0.275217 0.064525
-1.557589 0.214610 0.077221
-1.636318 0.085323 0.084058
-1.567806 0.331656 0.000777
-1.636318 0.328063 -0.190084
-1.567806 0.324228 -0.121530
-1.588506 0.304927 -0.163945
-1.516923 0.210830 0.014992
-1.588506 0.108473 0.057919
-1.529744 0.147018 0.014388
-1.529744 0.274101 0.006670
-1.557589 0.336935 -0.060923
-1.630708 0.267074 -0.222011
-1.529744 0.266382 -0.120414
-1.567806 0.260489 -0.177979
-1.567806 0.089159 0.015505
-1.503300 0.206700 -0.053013
-1.516923 0.138696 -0.048883
-1.630708 0.046246 0.027374
-1.516923 0.274704 -0.057143
-1.625100 0.195944 -0.230116
-1.516923 0.202570 -0.121018
-1.557589 0.198790 -0.183247
-1.557589 0.076465 -0.045103
-1.529744 0.139300 -0.112696
-1.567806 0.081731 -0.106802
-1.625100 0.029592 -0.042256
-1.630708 0.037697 -0.113390
-1.567806 0.138183 -0.170551
-1.636318 0.069627 -0.174388
-1.588506 0.095770 -0.151242
-1.630708 0.126303 -0.213462
-1.145436 0.407524 0.045842
-1.126170 0.423023 0.072119
-1.162117 0.378087 0.087557
-1.115250 0.416717 0.010021
-1.218031 0.384091 0.016592
-1.116800 0.415917 0.008341
-1.215146 0.403142 -0.002623
-1.118835 0.417395 0.008329
-1.143762 0.423831 0.040996
-1.144357 0.398957 0.110023
-1.114404 0.419077 0.009856
-1.138917 0.408190 0.119053
-1.121696 0.455671 0.058712
-1.317688 0.387331 -0.018696
-1.225472 0.358338 0.057368
-1.317688 0.370092 0.003507
-1.164302 0.374056 0.147028
-1.161166 0.390225 0.181631
-1.177596 0.354479 0.119457
-1.417345 0.384091 0.016592
-1.420231 0.403142 -0.002623
-1.179614 0.356335 0.168967
-1.167749 0.389241 0.194978
-1.231763 0.335698 0.091685
-1.317688 0.344973 0.045256
-1.489941 0.407524 0.045842
-1.409904 0.358338 0.057368
-1.473259 0.378087 0.087557
-1.193394 0.334847 0.146685
-1.194394 0.334397 0.243486
-1.491614 0.423831 0.040996
-1.457781 0.354479 0.119457
-1.509206 0.423023 0.072119
-1.491019 0.398957 0.110023
-1.317688 0.324913 0.081686
-1.403613 0.335698 0.091685
-1.205963 0.319323 0.209982
-1.239682 0.314848 0.122543
-1.217871 0.304386 0.185286
-1.516542 0.417395 0.008329
-1.496460 0.408190 0.119053
-1.471074 0.374056 0.147028
-1.395695 0.314848 0.122543
-1.441982 0.334847 0.146685
-1.249613 0.286516 0.164184
-1.239401 0.269126 0.225176
-1.226983 0.278888 0.249003
-1.217207 0.288913 0.281019
-1.518576 0.415917 0.008341
-1.520126 0.416717 0.010021
-1.474211 0.390225 0.181631
-1.317688 0.305956 0.112583
-1.455763 0.356335 0.168967
-1.417506 0.304386 0.185286
-1.429414 0.319323 0.209982
-1.247242 0.245551 0.279281
-1.239285 0.254844 0.310725
-1.261270 0.257012 0.205237
-1.259032 0.239968 0.252762
-1.270331 0.233920 0.234592
-1.520973 0.419077 0.009856
-1.513680 0.455671 0.058712
-1.385764 0.286516 0.164184
-1.317688 0.277787 0.153742
-1.440982 0.334397 0.243486
-1.395975 0.269126 0.225176
-1.408394 0.278888 0.249003
-1.467627 0.389241 0.194978
-1.281873 0.215214 0.305490
-1.277422 0.220889 0.339838
-1.291772 0.216726 0.254603
-1.317688 0.231766 0.221009
-1.374107 0.257012 0.205237
-1.317688 0.250446 0.192748
-1.418170 0.288913 0.281019
-1.376344 0.239968 0.252762
-1.388135 0.245551 0.279281
-1.287555 0.213382 0.277573
-1.317688 0.204567 0.314221
-1.317688 0.208930 0.350864
-1.365045 0.233920 0.234592
-1.317688 0.213653 0.254302
-1.343604 0.216726 0.254603
-1.396092 0.254844 0.310725
-1.317688 0.205468 0.284849
-1.357955 0.220889 0.339838
-1.347822 0.213382 0.277573
-1.353504 0.215214 0.305490
-1.188206 0.406411 0.194640
-1.213532 0.341051 0.244776
-1.236200 0.298468 0.279784
-1.238247 0.289490 0.257792
-1.217753 0.332764 0.222459
-1.270347 0.333186 0.208881
-1.258789 0.252626 0.284801
-1.276619 0.285246 0.246109
-1.204694 0.396726 0.178617
-1.201554 0.418615 0.195076
-1.211473 0.370908 0.270426
-1.208975 0.355739 0.268089
-1.257193 0.261442 0.311338
-1.317688 0.331794 0.203090
-1.284018 0.230727 0.296143
-1.317688 0.282833 0.240441
-1.265035 0.389702 0.272037
-1.261524 0.427729 0.199231
-1.196707 0.347008 0.265503
-1.285583 0.232581 0.336130
-1.317688 0.223023 0.342944
-1.317688 0.398024 0.161873
-1.263094 0.398696 0.164814
-1.317688 0.221341 0.300585
-1.358757 0.285246 0.246109
-1.351358 0.230727 0.296143
-1.228661 0.336811 0.324957
-1.215361 0.317792 0.315142
-1.317688 0.429862 0.200516
-1.365029 0.333186 0.208881
-1.372283 0.398696 0.164814
-1.349794 0.232581 0.336130
-1.376587 0.252626 0.284801
-1.378183 0.261442 0.311338
-1.226594 0.326619 0.319073
-1.273359 0.355840 0.334694
-1.247193 0.302252 0.357207
-1.248799 0.310450 0.364528
-1.373853 0.427729 0.199231
-1.430683 0.396726 0.178617
-1.397129 0.289490 0.257792
-1.399177 0.298468 0.279784
-1.317688 0.397508 0.273798
-1.269972 0.278271 0.389278
-1.236537 0.295879 0.352407
-1.261583 0.270927 0.389924
-1.433823 0.418615 0.195076
-1.370342 0.389702 0.272037
-1.417623 0.332764 0.222459
-1.285724 0.307848 0.396793
-1.317688 0.362597 0.337694
-1.297993 0.254743 0.408068
-1.275177 0.285685 0.391370
-1.301801 0.262647 0.406724
-1.423903 0.370908 0.270426
-1.447170 0.406411 0.194640
-1.421845 0.341051 0.244776
-1.362017 0.355840 0.334694
-1.317688 0.257011 0.414522
-1.317688 0.247101 0.410795
-1.303697 0.270450 0.406883
-1.426401 0.355739 0.268089
-1.406715 0.336811 0.324957
-1.317688 0.308526 0.404112
-1.349653 0.307848 0.396793
-1.337384 0.254743 0.408068
-1.317688 0.273337 0.411333
-1.408782 0.326619 0.319073
-1.386577 0.310450 0.364528
-1.388184 0.302252 0.357207
-1.438669 0.347008 0.265503
-1.333576 0.262647 0.406724
-1.365404 0.278271 0.389278
-1.373793 0.270927 0.389924
-1.331680 0.270450 0.406883
-1.398840 0.295879 0.352407
-1.420016 0.317792 0.315142
-1.360199 0.285685 0.391370
-1.198297 0.401888 0.140906
-1.214097 0.413762 0.158253
-1.204837 0.372106 0.170166
-1.218929 0.385619 0.191049
-1.240417 0.420174 0.167290
-1.215647 0.329529 0.206623
-1.243000 0.394062 0.203081
-1.277819 0.423950 0.172864
-1.226817 0.346122 0.226787
-1.228094 0.284630 0.243194
-1.279916 0.397641 0.209461
-1.317688 0.425818 0.175645
-1.239345 0.304575 0.263053
-1.258422 0.268995 0.292028
-1.253075 0.243060 0.274346
-1.249822 0.357688 0.240855
-1.317688 0.398769 0.212241
-1.355461 0.397641 0.209461
-1.357557 0.423950 0.172864
-1.287605 0.244981 0.315451
-1.258931 0.317004 0.279828
-1.290364 0.272715 0.315383
-1.269740 0.281477 0.303597
-1.283505 0.363078 0.249082
-1.392377 0.394062 0.203081
-1.394959 0.420174 0.167290
-1.283874 0.218519 0.296760
-1.286320 0.322158 0.286207
-1.351872 0.363078 0.249082
-1.317688 0.363781 0.250743
-1.416447 0.385619 0.191049
-1.421280 0.413762 0.158253
-1.317688 0.236575 0.323405
-1.317688 0.268279 0.320168
-1.385554 0.357688 0.240855
-1.317688 0.323230 0.287628
-1.349057 0.322158 0.286207
-1.430539 0.372106 0.170166
-1.437080 0.401888 0.140906
-1.317688 0.209596 0.305901
-1.408560 0.346122 0.226787
-1.376446 0.317004 0.279828
-1.345013 0.272715 0.315383
-1.347771 0.244981 0.315451
-1.419729 0.329529 0.206623
-1.351503 0.218519 0.296760
-1.396032 0.304575 0.263053
-1.365636 0.281477 0.303597
-1.407282 0.284630 0.243194
-1.382301 0.243060 0.274346
-1.376955 0.268995 0.292028
-1.317688 0.728427 0.050081
-1.317688 0.730515 0.061905
-1.254639 0.722138 0.058838
-1.240001 0.725170 0.101545
-1.275632 0.734029 0.101955
-1.317688 0.731636 0.071118
-1.187981 0.713582 0.070880
-1.253907 0.722548 0.147009
-1.181693 0.704483 0.101713
-1.155069 0.716544 0.063945
-1.218263 0.710549 0.142289
-1.251782 0.687882 0.203204
-1.144099 0.706994 0.095701
-0.962735 0.749328 0.017116
-0.960848 0.750682 0.009879
-1.229793 0.655790 0.223316
-1.273539 0.651899 0.244489
-1.175529 0.692363 0.131977
-0.957821 0.748654 0.017085
-1.118925 0.684501 0.132647
-1.243584 0.612518 0.265449
-1.317688 0.602734 0.292678
-1.186944 0.665250 0.183766
-0.955753 0.750268 0.007788
-1.172142 0.670627 0.171487
-1.083988 0.668112 0.133895
-1.143822 0.656329 0.183920
-1.115869 0.634157 0.184659
-1.267982 0.566037 0.315661
-1.317688 0.562302 0.322953
-1.209364 0.634745 0.235612
-0.953566 0.747400 0.016961
-0.951451 0.748478 0.006512
-1.161340 0.637376 0.214884
-1.069851 0.639270 0.122697
-1.139082 0.605523 0.225607
-1.111491 0.607629 0.178865
-1.283581 0.545942 0.333695
-1.317688 0.532743 0.346867
-1.230509 0.602948 0.279978
-0.950763 0.744298 0.008496
-0.953225 0.742649 0.017215
-1.137712 0.583639 0.221849
-1.290989 0.535430 0.341254
-1.295282 0.515669 0.357796
-1.317688 0.515432 0.358648
-1.256817 0.564710 0.324029
-0.954392 0.737913 0.017959
-1.076974 0.595387 0.106766
-0.951412 0.740265 0.010902
-1.110452 0.568690 0.166302
-1.137421 0.541230 0.211005
-1.279020 0.537659 0.349326
-1.082521 0.595602 0.086622
-1.113596 0.522660 0.153559
-1.135973 0.497672 0.196355
-1.081632 0.549866 0.101958
-1.111683 0.475024 0.136716
-1.133397 0.457778 0.178878
-1.085351 0.550698 0.088597
-1.082245 0.496557 0.093639
-1.126620 0.430952 0.163655
-1.084949 0.499347 0.082743
-1.097733 0.441536 0.115995
-1.116814 0.391868 0.142376
-1.141115 0.387634 0.187684
-1.151270 0.419927 0.202478
-1.076489 0.453991 0.081100
-1.078671 0.456175 0.071062
-1.143727 0.374670 0.182853
-1.068157 0.401209 0.065465
-1.119441 0.383680 0.137023
-1.154548 0.381854 0.212504
-1.168178 0.408133 0.236075
-1.066101 0.405299 0.063555
-1.065842 0.401914 0.054289
-1.121345 0.383018 0.135364
-1.154457 0.370452 0.204061
-1.179745 0.355854 0.271328
-1.191547 0.383683 0.290424
-1.068368 0.396528 0.058519
-1.073011 0.399675 0.053287
-1.074218 0.395889 0.057931
-1.179905 0.342308 0.262320
-1.199645 0.330855 0.323419
-1.215134 0.353352 0.340645
-1.197509 0.315986 0.312911
-1.219509 0.308050 0.362904
-1.233903 0.322998 0.376957
-1.217418 0.294809 0.353501
-1.252587 0.278722 0.400762
-1.262668 0.294632 0.414416
-1.250800 0.269643 0.391559
-1.290247 0.257704 0.425024
-1.292922 0.272831 0.440895
-1.290228 0.249354 0.412031
-1.317688 0.247875 0.434598
-1.317688 0.264510 0.451167
-1.342454 0.272831 0.440895
-1.317688 0.237310 0.415135
-1.345129 0.257704 0.425024
-1.372708 0.294632 0.414416
-1.345148 0.249354 0.412031
-1.382789 0.278722 0.400762
-1.401474 0.322998 0.376957
-1.415867 0.308050 0.362904
-1.420243 0.353352 0.340645
-1.384576 0.269643 0.391559
-1.435731 0.330855 0.323419
-1.443829 0.383683 0.290424
-1.417959 0.294809 0.353501
-1.455631 0.355854 0.271328
-1.467198 0.408133 0.236075
-1.437868 0.315986 0.312911
-1.480828 0.381854 0.212504
-1.484107 0.419927 0.202478
-1.455471 0.342308 0.262320
-1.494261 0.387634 0.187684
-1.508757 0.430952 0.163655
-1.480920 0.370452 0.204061
-1.518562 0.391868 0.142376
-1.537643 0.441536 0.115995
-1.523694 0.475024 0.136716
-1.501979 0.457778 0.178878
-1.491650 0.374670 0.182853
-1.553131 0.496557 0.093639
-1.567219 0.401209 0.065465
-1.558887 0.453991 0.081100
-1.569276 0.405299 0.063555
-1.499403 0.497672 0.196355
-1.515936 0.383680 0.137023
-1.514031 0.383018 0.135364
-1.550427 0.499347 0.082743
-1.521781 0.522660 0.153559
-1.553744 0.549866 0.101958
-1.567009 0.396528 0.058519
-1.556705 0.456175 0.071062
-1.569534 0.401914 0.054289
-1.524924 0.568690 0.166302
-1.550025 0.550698 0.088597
-1.558402 0.595387 0.106766
-1.552855 0.595602 0.086622
-1.497955 0.541230 0.211005
-1.562366 0.399675 0.053287
-1.561159 0.395889 0.057931
-1.680984 0.737913 0.017959
-1.523885 0.607629 0.178865
-1.565525 0.639270 0.122697
-1.497664 0.583639 0.221849
-1.683965 0.740265 0.010902
-1.519507 0.634157 0.184659
-1.682152 0.742649 0.017215
-1.551388 0.668112 0.133895
-1.496294 0.605523 0.225607
-1.681810 0.747400 0.016961
-1.516451 0.684501 0.132647
-1.677555 0.748654 0.017085
-1.684613 0.744298 0.008496
-1.474037 0.637376 0.214884
-1.672641 0.749328 0.017116
-1.491554 0.656329 0.183920
-1.491278 0.706994 0.095701
-1.463234 0.670627 0.171487
-1.459848 0.692363 0.131977
-1.683925 0.748478 0.006512
-1.679624 0.750268 0.007788
-1.480307 0.716544 0.063945
-1.674528 0.750682 0.009879
-1.448433 0.665250 0.183766
-1.453684 0.704483 0.101713
-1.417113 0.710549 0.142289
-1.405584 0.655790 0.223316
-1.426013 0.634745 0.235612
-1.447395 0.713582 0.070880
-1.391793 0.612518 0.265449
-1.404868 0.602948 0.279978
-1.395376 0.725170 0.101545
-1.383594 0.687882 0.203204
-1.381469 0.722548 0.147009
-1.367394 0.566037 0.315661
-1.378559 0.564710 0.324029
-1.361838 0.651899 0.244489
-1.359745 0.734029 0.101955
-1.380737 0.722138 0.058838
-1.351795 0.545942 0.333695
-1.356357 0.537659 0.349326
-1.344387 0.535430 0.341254
-1.340095 0.515669 0.357796
-1.317688 0.756238 0.201044
-1.292925 0.770071 0.183205
-1.317688 0.896713 0.102141
-1.282052 0.789233 0.153873
-1.313155 0.893559 0.102546
-1.311461 0.894177 0.098735
-1.317688 0.897671 0.095582
-1.281194 0.806637 0.118596
-1.310832 0.891461 0.093022
-1.317688 0.895831 0.090783
-1.296589 0.820340 0.095672
-1.312753 0.888366 0.088756
-1.317688 0.890046 0.086869
-1.317688 0.828073 0.081364
-1.317688 0.410430 -0.045234
-1.211324 0.420681 -0.011550
-1.255281 0.442467 -0.037361
-1.269732 0.450938 -0.047650
-1.317688 0.432758 -0.056277
-1.247898 0.460654 -0.044872
-1.208218 0.441879 -0.019310
-1.317688 0.451235 -0.067565
-1.139170 0.440435 0.041257
-1.118080 0.419096 0.008361
-1.205433 0.461807 -0.024742
-1.271694 0.464934 -0.059648
-1.241127 0.496489 -0.054758
-1.160830 0.449510 0.019738
-1.115625 0.419637 0.008033
-1.200871 0.501420 -0.034686
-1.163248 0.465839 0.011630
-1.264407 0.495698 -0.068446
-1.131783 0.478730 0.059938
-1.240659 0.532663 -0.059963
-1.158537 0.514173 0.001183
-1.199593 0.545671 -0.041324
-1.265162 0.525077 -0.072094
-1.159663 0.558077 -0.002367
-1.245809 0.565277 -0.062215
-1.204071 0.579475 -0.041798
-1.272284 0.553737 -0.073599
-1.125544 0.533911 0.060736
-1.220742 0.612994 -0.040415
-1.165455 0.594161 -0.003186
-1.178043 0.627042 0.000310
-1.285154 0.583312 -0.073564
-1.128987 0.577050 0.059913
-1.201383 0.670573 0.009338
-1.270079 0.599639 -0.060709
-1.268809 0.663406 -0.037633
-1.280688 0.635490 -0.056130
-1.135697 0.607751 0.055029
-1.148148 0.638329 0.050377
-1.266969 0.689892 -0.015615
-1.166644 0.675435 0.052621
-1.232746 0.699752 0.020214
-1.317688 0.610533 -0.069219
-1.317688 0.620368 -0.065374
-1.084263 0.639582 0.049129
-1.282282 0.709498 0.006336
-1.317688 0.603015 -0.072554
-1.116323 0.694232 0.042987
-1.094627 0.667642 0.036853
-1.269533 0.716881 0.030482
-1.317688 0.721185 0.023752
-1.317688 0.725947 0.038346
-1.317688 0.553550 -0.175240
-1.311453 0.552403 -0.172247
-1.311501 0.549868 -0.173831
-1.317688 0.551191 -0.177763
-1.311501 0.546732 -0.174733
-1.317688 0.547874 -0.179376
-1.317688 0.543983 -0.178942
-1.311501 0.543454 -0.174349
-1.317688 0.541006 -0.176546
-1.311546 0.539691 -0.173838
-1.342452 0.770071 0.183205
-1.322222 0.893559 0.102546
-1.323915 0.894177 0.098735
-1.353325 0.789233 0.153873
-1.324544 0.891461 0.093022
-1.354182 0.806637 0.118596
-1.322623 0.888366 0.088756
-1.338787 0.820340 0.095672
-1.424053 0.420681 -0.011550
-1.380096 0.442467 -0.037361
-1.365644 0.450938 -0.047650
-1.496207 0.440435 0.041257
-1.517296 0.419096 0.008361
-1.387479 0.460654 -0.044872
-1.427159 0.441879 -0.019310
-1.519752 0.419637 0.008033
-1.474547 0.449510 0.019738
-1.503594 0.478730 0.059938
-1.472128 0.465839 0.011630
-1.363682 0.464934 -0.059648
-1.429943 0.461807 -0.024742
-1.394249 0.496489 -0.054758
-1.476840 0.514173 0.001183
-1.509833 0.533911 0.060736
-1.434506 0.501420 -0.034686
-1.370970 0.495698 -0.068446
-1.394718 0.532663 -0.059963
-1.370215 0.525077 -0.072094
-1.363093 0.553737 -0.073599
-1.435783 0.545671 -0.041324
-1.389568 0.565277 -0.062215
-1.506390 0.577050 0.059913
-1.350222 0.583312 -0.073564
-1.475713 0.558077 -0.002367
-1.499679 0.607751 0.055029
-1.551113 0.639582 0.049129
-1.365297 0.599639 -0.060709
-1.431305 0.579475 -0.041798
-1.414635 0.612994 -0.040415
-1.469922 0.594161 -0.003186
-1.457333 0.627042 0.000310
-1.354688 0.635490 -0.056130
-1.433993 0.670573 0.009338
-1.366568 0.663406 -0.037633
-1.487228 0.638329 0.050377
-1.540750 0.667642 0.036853
-1.368408 0.689892 -0.015615
-1.468732 0.675435 0.052621
-1.402630 0.699752 0.020214
-1.353095 0.709498 0.006336
-1.519053 0.694232 0.042987
-1.365843 0.716881 0.030482
-1.323923 0.552403 -0.172247
-1.323875 0.549868 -0.173831
-1.323875 0.546732 -0.174733
-1.323875 0.543454 -0.174349
-1.323830 0.539691 -0.173838
-1.312223 0.814156 -0.138311
-1.312091 0.818003 -0.137889
-1.317688 0.815247 -0.139274
-1.312071 0.820528 -0.135768
-1.312241 0.820820 -0.131658
-1.317688 0.819150 -0.138620
-1.317688 0.822099 -0.132698
-1.317688 0.821475 -0.136652
-1.226868 0.312618 0.365047
-1.227539 0.303752 0.370167
-1.234867 0.264562 0.342854
-1.246830 0.301549 0.372005
-1.232970 0.264847 0.346202
-1.237240 0.292987 0.377859
-1.236196 0.262313 0.342364
-1.234002 0.263082 0.346223
-1.235455 0.263489 0.347071
-1.251405 0.286943 0.382093
-1.237875 0.262913 0.343905
-1.261364 0.290825 0.380383
-1.323153 0.814156 -0.138311
-1.323285 0.818003 -0.137889
-1.323305 0.820528 -0.135768
-1.323135 0.820820 -0.131658
-1.408508 0.312618 0.365047
-1.400509 0.264562 0.342854
-1.407837 0.303752 0.370167
-1.388546 0.301549 0.372005
-1.402407 0.264847 0.346202
-1.398136 0.292987 0.377859
-1.399181 0.262313 0.342364
-1.401375 0.263082 0.346223
-1.399921 0.263489 0.347071
-1.383972 0.286943 0.382093
-1.397501 0.262913 0.343905
-1.374012 0.290825 0.380383
-1.263873 0.399938 0.369517
-1.260546 0.424156 0.365027
-1.317688 0.413580 0.385974
-1.237677 0.432917 0.339216
-1.267462 0.377732 0.393395
-1.231437 0.425089 0.332124
-1.232793 0.405334 0.330261
-1.317688 0.430180 0.385046
-1.243131 0.444659 0.350549
-1.273920 0.457473 0.370744
-1.317688 0.388543 0.408340
-1.277499 0.352084 0.419218
-1.212615 0.408840 0.304776
-1.217879 0.453620 0.318575
-1.214935 0.431561 0.310350
-1.317688 0.449816 0.384497
-1.317688 0.361810 0.431191
-1.187024 0.449009 0.269941
-1.255342 0.474278 0.365970
-1.220287 0.476065 0.331562
-1.288538 0.482261 0.368849
-1.317688 0.481992 0.375701
-1.180103 0.425004 0.252236
-1.290030 0.323428 0.444478
-1.296210 0.307961 0.448489
-1.189979 0.484624 0.285526
-1.223558 0.506021 0.343066
-1.269163 0.509783 0.363736
-1.156617 0.440825 0.215476
-1.317688 0.308903 0.459950
-1.317688 0.336533 0.450956
-1.161262 0.474088 0.230460
-1.192729 0.516403 0.298624
-1.238793 0.545290 0.337402
-1.161319 0.516524 0.246025
-1.193817 0.539972 0.306668
-1.157432 0.563242 0.260171
-1.210332 0.579748 0.296500
-1.159691 0.578892 0.261652
-1.181790 0.613787 0.250721
-1.371503 0.399938 0.369517
-1.374831 0.424156 0.365027
-1.367915 0.377732 0.393395
-1.397699 0.432917 0.339216
-1.403939 0.425089 0.332124
-1.402584 0.405334 0.330261
-1.417498 0.453620 0.318575
-1.392245 0.444659 0.350549
-1.361457 0.457473 0.370744
-1.357877 0.352084 0.419218
-1.420442 0.431561 0.310350
-1.422761 0.408840 0.304776
-1.346838 0.482261 0.368849
-1.415090 0.476065 0.331562
-1.380035 0.474278 0.365970
-1.345347 0.323428 0.444478
-1.448353 0.449009 0.269941
-1.455273 0.425004 0.252236
-1.411819 0.506021 0.343066
-1.445398 0.484624 0.285526
-1.442648 0.516403 0.298624
-1.339167 0.307961 0.448489
-1.478759 0.440825 0.215476
-1.366214 0.509783 0.363736
-1.474057 0.516524 0.246025
-1.441559 0.539972 0.306668
-1.477944 0.563242 0.260171
-1.474115 0.474088 0.230460
-1.396584 0.545290 0.337402
-1.475686 0.578892 0.261652
-1.425044 0.579748 0.296500
-1.453586 0.613787 0.250721
-0.775358 -1.278915 0.291176
-0.802956 -1.278887 0.231924
-0.761742 -1.271178 0.218408
-0.839412 -1.268982 0.254585
-0.748076 -1.274198 0.283244
-0.798731 -1.272765 0.306838
-0.743975 -1.283007 0.353636
-0.747925 -1.282895 0.355476
-0.745427 -1.284725 0.355785
-0.832071 -1.284296 0.169747
-0.780300 -1.275265 0.144902
-0.883914 -1.272334 0.193165
-0.766404 -1.226991 0.307243
-0.770151 -1.235103 0.231792
-0.792206 -1.200331 0.250235
-0.753666 -1.253193 0.292278
-0.822096 -1.233634 0.255989
-0.743656 -1.280568 0.354171
-0.787253 -1.252244 0.307922
-0.744791 -1.279848 0.356856
-0.747606 -1.280456 0.356011
-0.797371 -1.220379 0.149251
-0.867071 -1.218407 0.181718
-0.832212 -1.186901 0.163529
-0.954692 -1.275244 0.351634
-0.954692 -1.275587 0.286272
-0.911836 -1.266748 0.291370
-0.997546 -1.266748 0.291370
-0.926743 -1.269784 0.355931
-0.982639 -1.269784 0.355931
-0.952511 -1.278885 0.421527
-0.956871 -1.278885 0.421527
-0.954692 -1.280652 0.422871
-0.954692 -1.281388 0.217646
-0.897521 -1.270892 0.216925
-1.011861 -1.270892 0.216925
-0.954690 -1.223200 0.369683
-0.926029 -1.230977 0.299750
-0.954692 -1.196887 0.306963
-0.936159 -1.248982 0.361643
-0.983353 -1.230977 0.299750
-0.952511 -1.276442 0.422132
-0.973223 -1.248982 0.361643
-0.954692 -1.275766 0.424082
-0.956871 -1.276442 0.422132
-0.916233 -1.216486 0.213351
-0.993149 -1.216487 0.213351
-0.954692 -1.183994 0.211397
-1.133101 -1.278915 0.291184
-1.105487 -1.278887 0.231941
-1.069036 -1.268981 0.254612
-1.146697 -1.271180 0.218412
-1.109732 -1.272766 0.306853
-1.160380 -1.274199 0.283245
-1.160552 -1.282897 0.355477
-1.164502 -1.283008 0.353636
-1.163050 -1.284727 0.355785
-1.076354 -1.284296 0.169771
-1.024518 -1.272333 0.193205
-1.128117 -1.275266 0.144913
-1.142059 -1.226992 0.307249
-1.086355 -1.233634 0.256011
-1.116244 -1.200332 0.250248
-1.121211 -1.252244 0.307934
-1.138292 -1.235104 0.231799
-1.160871 -1.280458 0.356012
-1.154793 -1.253195 0.292281
-1.163687 -1.279849 0.356856
-1.164821 -1.280570 0.354171
-1.041358 -1.218406 0.181752
-1.111049 -1.220379 0.149266
-1.076213 -1.186900 0.163554
-1.860018 -1.278918 0.291176
-1.873635 -1.271182 0.218408
-1.832421 -1.278891 0.231924
-1.887300 -1.274202 0.283244
-1.795965 -1.268985 0.254585
-1.891402 -1.283011 0.353636
-1.836645 -1.272769 0.306838
-1.889950 -1.284729 0.355786
-1.887452 -1.282899 0.355476
-1.803305 -1.284300 0.169747
-1.855077 -1.275269 0.144902
-1.751463 -1.272337 0.193165
-1.868972 -1.226995 0.307243
-1.865226 -1.235107 0.231793
-1.881711 -1.253197 0.292278
-1.843171 -1.200335 0.250235
-1.891720 -1.280572 0.354172
-1.813281 -1.233637 0.255989
-1.890585 -1.279852 0.356856
-1.848123 -1.252247 0.307922
-1.887770 -1.280460 0.356011
-1.838006 -1.220382 0.149251
-1.768306 -1.218410 0.181718
-1.803165 -1.186904 0.163529
-1.680685 -1.275246 0.351635
-1.723541 -1.266751 0.291370
-1.680685 -1.275590 0.286272
-1.708634 -1.269787 0.355931
-1.637830 -1.266750 0.291370
-1.682866 -1.278887 0.421527
-1.652737 -1.269787 0.355931
-1.680685 -1.280654 0.422871
-1.678506 -1.278887 0.421527
-1.680685 -1.281390 0.217646
-1.737856 -1.270895 0.216925
-1.623515 -1.270894 0.216925
-1.680686 -1.223202 0.369683
-1.709348 -1.230979 0.299750
-1.699218 -1.248984 0.361643
-1.680685 -1.196890 0.306963
-1.682866 -1.276444 0.422132
-1.652024 -1.230979 0.299750
-1.680685 -1.275768 0.424082
-1.662153 -1.248984 0.361643
-1.678506 -1.276444 0.422132
-1.719144 -1.216489 0.213351
-1.642228 -1.216489 0.213351
-1.680685 -1.183997 0.211397
-1.502276 -1.278917 0.291184
-1.566340 -1.268983 0.254613
-1.529890 -1.278889 0.231941
-1.525645 -1.272767 0.306853
-1.488680 -1.271181 0.218412
-1.474824 -1.282898 0.355477
-1.474997 -1.274200 0.283245
-1.472327 -1.284728 0.355785
-1.470875 -1.283009 0.353636
-1.559023 -1.284297 0.169771
-1.610859 -1.272335 0.193205
-1.507259 -1.275267 0.144913
-1.493318 -1.226994 0.307249
-1.549022 -1.233635 0.256011
-1.514165 -1.252245 0.307934
-1.519133 -1.200333 0.250248
-1.474506 -1.280459 0.356012
-1.497085 -1.235105 0.231799
-1.471689 -1.279850 0.356856
-1.480583 -1.253196 0.292281
-1.470556 -1.280571 0.354172
-1.594019 -1.218408 0.181752
-1.524328 -1.220381 0.149266
-1.559164 -1.186902 0.163554
-0.294539 0.196176 -0.086451
-0.283772 0.201764 -0.102031
-0.302585 0.185587 -0.057598
-0.148146 0.195914 -0.102282
-0.170230 0.187503 -0.063729
-0.133465 0.200654 -0.120299
-0.181463 0.178552 -0.023002
0.069016 0.194982 -0.062142
0.009861 0.185088 0.036802
-0.303698 0.177300 -0.020617
0.040495 0.195559 -0.146454
0.055740 0.197350 -0.174699
0.146839 0.189249 0.085017
0.091684 0.203115 -0.079778
0.173773 0.196792 -0.014070
0.318714 0.192196 0.079862
0.314011 0.197671 -0.005680
0.488811 0.192939 0.024199
0.183371 0.205538 -0.039882
0.312534 0.206301 -0.027327
0.648354 0.190585 -0.059653
0.470695 0.197425 -0.042659
0.461535 0.204155 -0.062663
0.612437 0.199944 -0.131991
0.741613 0.190001 -0.144150
0.624851 0.195142 -0.110929
0.706680 0.196380 -0.190450
0.719587 0.193154 -0.175915
-0.294539 0.209182 -0.087241
-0.148146 0.207527 -0.102987
-0.302585 0.223185 -0.059881
-0.170230 0.220542 -0.065735
0.069016 0.213310 -0.063255
-0.181463 0.234356 -0.026391
0.009861 0.235105 0.033764
0.040495 0.202533 -0.146877
-0.303698 0.235887 -0.024175
0.146839 0.236810 0.082129
0.173773 0.217331 -0.015317
0.318714 0.233261 0.077368
0.314011 0.217474 -0.006883
0.488811 0.225787 0.022204
0.648354 0.217975 -0.061317
0.470695 0.213242 -0.043620
0.741613 0.208329 -0.145263
0.624851 0.207247 -0.111664
0.719587 0.201356 -0.176413
-2.340838 0.196177 -0.086450
-2.351605 0.201764 -0.102031
-2.487230 0.195914 -0.102282
-2.332792 0.185588 -0.057598
-2.465147 0.187503 -0.063729
-2.501912 0.200655 -0.120299
-2.704392 0.194982 -0.062142
-2.453914 0.178553 -0.023001
-2.645238 0.185089 0.036802
-2.675872 0.195560 -0.146453
-2.691117 0.197351 -0.174699
-2.331679 0.177300 -0.020616
-2.782215 0.189250 0.085018
-2.727061 0.203116 -0.079778
-2.809150 0.196792 -0.014069
-2.954091 0.192197 0.079863
-2.818748 0.205539 -0.039881
-2.949387 0.197672 -0.005680
-3.124188 0.192939 0.024199
-2.947911 0.206301 -0.027327
-3.283731 0.190586 -0.059653
-3.096912 0.204155 -0.062662
-3.106072 0.197426 -0.042659
-3.376990 0.190001 -0.144150
-3.247814 0.199945 -0.131991
-3.260228 0.195142 -0.110929
-3.342057 0.196380 -0.190449
-3.354964 0.193154 -0.175915
-2.340838 0.209183 -0.087240
-2.332792 0.223186 -0.059881
-2.487230 0.207528 -0.102987
-2.465147 0.220543 -0.065735
-2.453914 0.234356 -0.026391
-2.704392 0.213310 -0.063255
-2.645238 0.235106 0.033764
-2.331679 0.235888 -0.024175
-2.675872 0.202533 -0.146877
-2.782215 0.236810 0.082129
-2.809150 0.217331 -0.015317
-2.954091 0.233261 0.077368
-2.949387 0.217474 -0.006882
-3.124188 0.225788 0.022204
-3.283731 0.217976 -0.061316
-3.106072 0.213243 -0.043619
-3.376990 0.208330 -0.145263
-3.260228 0.207247 -0.111664
-3.354964 0.201356 -0.176413
-1.262244 0.400787 0.371540
-1.259028 0.424089 0.367301
-1.317688 0.414664 0.388487
-1.235543 0.432594 0.340898
-1.265900 0.379061 0.395206
-1.229295 0.424877 0.333812
-1.213121 0.354284 0.342240
-1.230667 0.405750 0.331930
-1.317688 0.430291 0.387778
-1.241216 0.444310 0.352470
-1.273025 0.457616 0.373323
-1.231837 0.323648 0.378629
-1.317688 0.390352 0.410387
-1.275901 0.353187 0.421144
-1.210399 0.409182 0.306340
-1.215654 0.453193 0.320107
-1.212701 0.431299 0.311904
-1.317688 0.450091 0.387217
-1.189406 0.384486 0.291923
-1.260639 0.294798 0.416242
-1.317688 0.363489 0.433353
-1.184697 0.448669 0.271339
-1.254133 0.474372 0.368422
-1.218138 0.475616 0.333193
-1.288183 0.482954 0.371470
-1.317688 0.482862 0.378293
-1.177768 0.425117 0.253651
-1.165845 0.408396 0.237475
-1.288469 0.324052 0.446635
-1.294738 0.307909 0.450793
-1.291404 0.272461 0.443139
-1.187669 0.484174 0.286919
-1.295336 0.516686 0.360335
-1.317688 0.516516 0.361156
-1.221779 0.506256 0.345130
-1.268795 0.510679 0.366296
-1.154264 0.440607 0.216853
-1.148918 0.419806 0.203864
-1.317688 0.308987 0.462683
-1.317688 0.337764 0.453401
-1.158917 0.473705 0.231812
-1.190455 0.515999 0.300089
-1.278857 0.539048 0.351678
-1.237849 0.546602 0.339607
-1.131062 0.457479 0.180268
-1.124281 0.430722 0.165054
-1.317688 0.264016 0.453856
-1.158969 0.516069 0.247344
-1.191882 0.540416 0.308549
-1.256333 0.566451 0.326083
-1.133641 0.497262 0.197720
-1.155098 0.562971 0.261569
-1.209306 0.581334 0.298484
-1.135030 0.540799 0.212258
-1.229902 0.604869 0.281819
-1.157731 0.579589 0.263427
-1.135295 0.583483 0.223118
-1.180780 0.615556 0.252553
-1.208765 0.636819 0.237289
-1.137230 0.606546 0.227345
-1.160464 0.639315 0.216598
-1.186370 0.667402 0.185367
-1.373133 0.400787 0.371540
-1.376348 0.424089 0.367301
-1.369477 0.379061 0.395206
-1.399833 0.432594 0.340898
-1.422256 0.354284 0.342240
-1.406081 0.424877 0.333812
-1.404710 0.405750 0.331930
-1.419723 0.453193 0.320107
-1.394160 0.444310 0.352470
-1.445970 0.384486 0.291923
-1.403539 0.323648 0.378629
-1.362352 0.457616 0.373323
-1.359475 0.353187 0.421144
-1.422675 0.431299 0.311904
-1.424977 0.409182 0.306340
-1.347193 0.482954 0.371470
-1.417239 0.475616 0.333193
-1.381243 0.474372 0.368422
-1.346908 0.324052 0.446635
-1.374737 0.294798 0.416242
-1.450680 0.448669 0.271339
-1.457608 0.425117 0.253651
-1.469532 0.408396 0.237475
-1.340040 0.516686 0.360335
-1.413597 0.506256 0.345130
-1.447707 0.484174 0.286919
-1.444921 0.515999 0.300089
-1.340639 0.307909 0.450793
-1.343972 0.272461 0.443139
-1.481112 0.440607 0.216853
-1.486458 0.419806 0.203864
-1.366581 0.510679 0.366296
-1.476408 0.516069 0.247344
-1.443494 0.540416 0.308549
-1.480278 0.562971 0.261569
-1.476460 0.473705 0.231812
-1.504314 0.457479 0.180268
-1.511096 0.430722 0.165054
-1.356519 0.539048 0.351678
-1.397527 0.546602 0.339607
-1.500347 0.540799 0.212258
-1.477645 0.579589 0.263427
-1.500081 0.583483 0.223118
-1.501736 0.497262 0.197720
-1.379044 0.566451 0.326083
-1.426070 0.581334 0.298484
-1.498147 0.606546 0.227345
-1.405474 0.604869 0.281819
-1.454596 0.615556 0.252553
-1.474912 0.639315 0.216598
-1.426611 0.636819 0.237289
-1.449006 0.667402 0.185367
-1.168484 0.250404 -0.776827
-1.168484 0.086444 -1.044331
-1.168484 0.043417 -0.764256
-1.168484 0.266123 -1.055243
-1.168484 0.048620 -0.730009
-1.168484 0.400756 -0.785958
-1.168484 0.249521 -0.742210
-1.168484 0.398439 -0.751254
-1.168484 0.154173 -1.191914
-1.168484 0.075482 -0.553397
-1.168483 0.386395 -1.062548
-1.168484 0.386570 -0.572290
-1.168484 0.272317 -1.199090
-1.168484 0.220466 -1.298650
-1.168484 0.244967 -0.563690
-1.168485 0.134813 -0.373749
-1.168483 0.346803 -1.203614
-1.168484 0.275283 -1.267985
-1.168483 0.316146 -1.304461
-1.168484 0.287482 -1.399109
-1.168484 0.237045 -0.379958
-1.168484 0.233300 -0.292758
-1.168484 0.185846 -0.246849
-1.168484 0.330978 -0.385663
-1.168484 0.277023 -0.252387
-1.168487 0.228268 -0.146024
-1.466889 0.266126 -1.055239
-1.466889 0.250407 -0.776823
-1.466889 0.086447 -1.044327
-1.466889 0.400758 -0.785954
-1.466889 0.154177 -1.191911
-1.466889 0.386399 -1.062543
-1.466889 0.272321 -1.199085
-1.466889 0.346807 -1.203609
-1.466889 0.043420 -0.764252
-1.466889 0.398441 -0.751250
-1.466889 0.048622 -0.730005
-1.466889 0.249523 -0.742206
-1.466889 0.220470 -1.298646
-1.466889 0.275287 -1.267981
-1.466889 0.316150 -1.304457
-1.466889 0.386572 -0.572286
-1.466889 0.075484 -0.553393
-1.466889 0.287486 -1.399104
-1.466889 0.244969 -0.563686
-1.466889 0.330980 -0.385659
-1.466889 0.237046 -0.379955
-1.466889 0.277024 -0.252383
-1.466889 0.134815 -0.373746
-1.466889 0.233301 -0.292755
-1.466889 0.185847 -0.246846
-1.466889 0.228268 -0.146024
-1.205589 0.089624 -0.803641
-1.205589 0.079881 -1.060150
-1.205589 0.031065 -1.057185
-1.205589 0.100207 -0.733142
-1.205589 0.041654 -0.800728
-1.205589 0.053752 -0.730321
-1.205589 0.062447 -1.401791
-1.205589 0.093954 -0.496440
-1.205589 0.105463 -1.404403
-1.205589 0.135387 -0.498956
-1.205589 0.195699 -0.300674
-1.205588 0.199536 -1.728306
-1.205588 0.163983 -1.750077
-1.205589 0.159376 -0.286648
-1.205592 0.218435 -0.146893
-1.429784 0.089626 -0.803638
-1.429784 0.079884 -1.060146
-1.429784 0.031068 -1.057181
-1.429784 0.041657 -0.800725
-1.429784 0.100209 -0.733139
-1.429784 0.053754 -0.730318
-1.429784 0.062451 -1.401787
-1.429784 0.105467 -1.404400
-1.429784 0.093955 -0.496437
-1.429784 0.163988 -1.750073
-1.429784 0.135388 -0.498954
-1.429784 0.195700 -0.300671
-1.429784 0.199541 -1.728302
-1.429784 0.159377 -0.286645
-1.429784 0.218435 -0.146892
