0.604795 -1.125762 -0.920033
0.547242 -0.518546 -0.264805
0.432678 -1.055343 0.433210
0.458297 0.775608 -0.978595
0.398268 -0.721478 0.912533
0.605399 1.291699 -0.524776
0.353438 -0.251070 0.906185
0.580734 1.076998 0.168520
0.619925 0.760772 -0.115841
0.472904 1.248813 -0.056291
0.350926 0.465884 0.951712
0.713916 0.245233 0.312854
0.211576 0.483684 1.164151
0.511976 -0.391321 1.671966
0.328218 0.755705 0.819996
0.862155 -1.542948 -0.533404
0.350524 -1.109661 -0.913340
0.401260 -1.114563 0.222811
0.514770 0.903501 -0.599111
-0.175080 0.539424 -0.924505
0.539747 -0.630364 0.361886
0.610236 1.314145 -0.258173
0.663756 0.434367 -0.525511
0.222945 -0.231562 -1.150893
0.244064 -0.407753 1.547921
0.605393 -0.515422 1.406718
0.213946 1.235159 -0.318236
0.423286 -0.899992 0.724337
-0.541779 0.864640 -0.742028
0.528466 -0.679969 -0.271295
-0.369107 0.278825 -1.102265
0.380252 -0.138300 -0.684158
0.523674 0.590346 -0.985476
0.363828 -0.237517 -0.647687
0.527301 0.199365 -0.661963
0.604572 0.405602 -0.573073
0.515279 -0.932956 0.068683
0.468725 0.219223 -1.016477
0.481678 0.006583 1.140956
0.177901 0.709567 -0.963557
0.490086 0.619139 0.721607
0.604602 0.442338 0.631018
0.305787 -0.658115 1.210656
0.249005 -1.095423 -1.230855
0.269491 -0.271927 -0.857013
0.278119 -0.723377 -0.505017
-0.176804 -0.572204 0.880897
0.467813 0.310740 0.954312
0.099837 0.413292 -0.853184
0.745688 -0.481714 1.465479
0.495790 -0.728903 0.379155
0.701900 0.460718 -0.376927
0.691486 0.636625 0.319339
0.042321 -0.104261 1.655352
0.139040 -0.402915 1.148018
0.497022 -0.619669 0.772918
0.700634 -0.788098 -0.832472
0.649199 0.855929 0.213954
-0.428045 0.677724 -0.922135
0.579452 0.431452 -0.410892
-0.067809 -0.095646 -0.842000
0.195529 0.982852 -0.898410
-0.042901 -0.946987 0.580268
0.363678 -0.979691 0.521165
0.209732 -0.912294 -0.457859
0.345417 -0.721437 -1.317940
0.155461 0.550782 0.769107
0.385410 -0.262807 1.233623
0.356263 1.121540 0.547866
-0.020745 0.185768 1.498229
0.625171 0.966114 0.023616
0.657729 0.016988 -0.390389
0.018428 -0.075530 1.110417
0.575350 -0.294898 1.121486
0.734790 0.718814 -0.876746
0.627623 -0.171382 -0.120622
0.477844 -0.369732 1.020800
0.420109 -0.499265 -0.455381
0.377434 -0.383061 0.962471
0.746198 0.599059 -0.035417
0.442977 -1.000472 -0.059715
-0.148506 -0.362026 0.975563
0.689673 0.236180 -0.743083
-0.069376 0.055722 1.254659
0.412252 -1.242016 -0.392680
0.315357 -0.311726 -0.949751
0.566101 -0.999912 -0.225839
0.333983 -0.474510 -0.417614
0.011312 1.258239 -0.433452
0.543372 -0.338271 -0.765756
-0.252226 -0.284525 1.037967
0.555951 -0.636295 0.295046
0.449502 0.254831 1.467139
0.120677 -0.131868 0.981754
0.565170 -0.152580 0.615105
0.591550 -0.206700 1.230040
0.178596 -1.128535 0.360546
0.617306 0.151176 -1.329347
0.509581 -0.936955 0.344063
0.198419 -0.559469 -0.901155
-0.000305 0.206925 0.880935
0.427606 1.272646 0.017669
0.478075 -0.747635 -0.758752
0.446865 -0.668447 1.614947
0.259918 -0.517900 -1.050622
0.505222 0.880128 -1.067022
0.044240 1.276379 -0.099880
0.445205 0.822430 -0.781524
0.480401 -0.056202 0.802470
0.382659 -0.060161 -1.092323
-0.076418 1.190431 -0.102429
0.420571 -0.768383 -0.813975
0.497339 -0.550013 0.881481
0.689320 0.231758 0.112383
0.603052 -0.694713 0.071516
-0.246588 -0.184567 -0.865313
0.181939 -0.761428 1.411328
0.582206 -0.115672 -0.469034
0.625568 0.459133 -1.012200
-0.245178 0.712331 -0.813049
0.383271 -0.850001 0.441239
0.418639 -0.722607 0.646246
0.488672 -1.339198 -1.164758
0.668669 0.965862 -0.309801
0.762348 0.054204 0.019028
0.725062 0.874970 -0.067656
0.421638 0.092142 -0.800606
0.491291 0.476066 0.756991
0.468777 -1.426362 -0.164233
-0.192262 0.072996 -0.795866
0.586067 0.503492 -0.608272
0.208850 -1.360873 -0.950852
0.106929 1.039431 -0.728556
0.488632 1.095495 0.061304
-0.124377 -0.731279 -1.082283
0.518812 -0.542181 1.170477
0.728527 0.587722 0.022861
0.190716 0.844848 0.606671
0.154055 -0.647568 -0.676999
0.362859 1.260861 -0.678283
0.622774 -0.777901 -1.167615
-0.032414 0.574601 -0.847672
0.061088 -0.457965 1.322734
0.316240 0.177078 -0.880253
0.453845 -0.170050 1.225045
0.546217 -0.462951 0.391811
-0.047017 -0.257430 -0.754762
0.055029 -0.223873 1.231810
-0.104739 0.872636 0.556544
0.558911 1.051064 -0.294582
0.553144 -0.421234 -0.192825
0.575725 0.971139 -0.698748
0.536314 0.252876 -0.669150
0.467339 -0.329804 -1.366894
0.059188 -0.660911 -1.354743
0.254405 -0.159473 1.033497
0.697444 0.662862 0.038832
-0.100412 1.046095 -0.721676
0.920495 -1.398087 -0.755242
0.102230 0.096472 1.178327
-0.347807 -0.477405 -0.728093
0.658961 0.065328 -1.031049
0.705278 0.317514 -0.119929
0.370875 0.049686 0.917068
0.499990 0.574694 -0.765230
0.615269 0.803429 -0.470686
0.556581 -0.631342 0.004503
0.745901 0.622951 -0.422364
0.627565 0.275370 -0.193305
0.218604 -0.867800 -0.675340
0.619869 0.539969 0.171619
0.121585 0.406985 0.934264
0.264128 -0.011210 1.523513
0.670454 0.984224 -0.127442
0.459810 -0.138334 -0.869671
0.580773 0.751809 0.395250
0.634001 0.760447 -0.010370
0.484938 -0.397002 -0.427616
0.310001 -1.159130 0.062170
0.536396 -0.406805 0.743938
0.593461 1.145647 -0.020292
0.461320 1.094491 -0.368882
0.680951 0.877638 -0.239348
0.606418 0.526317 -0.670699
0.521392 -0.191094 0.472712
0.631004 -0.792920 0.107204
0.762747 1.083968 -0.672180
-0.305544 0.361491 -0.929794
0.535216 -0.386086 0.692075
0.326651 0.152296 -1.059264
0.088851 0.113700 -1.327038
0.718250 0.198181 -0.441140
0.617356 -1.381265 -0.646845
0.349558 0.422594 -1.176016
0.038834 0.378542 1.217034
0.664982 -0.101808 0.481078
0.447494 -0.774950 -0.341407
0.414406 -1.056663 0.302401
0.113886 -1.123825 -0.062250
0.534925 0.119898 -0.966638
0.538604 0.508470 0.357167
0.397606 1.394420 -0.351392
0.592953 0.637517 0.110921
0.175976 0.160520 0.947194
0.449503 -1.340046 -0.491349
0.500404 0.822534 0.506057
-0.115187 0.233208 -0.859447
0.618727 0.101890 0.498654
0.106487 -0.364461 1.042339
0.594232 -0.901707 -0.465048
0.648393 1.062308 -0.499444
0.729009 0.610542 -0.142770
0.586035 0.795497 -0.656323
0.486932 0.229912 0.663471
0.050202 0.756593 0.898544
0.042186 -0.803585 -0.536613
0.559605 0.411287 -0.895116
0.570207 0.102042 -0.728056
0.137993 0.112586 -0.911075
0.577646 0.880732 0.227412
-0.131906 -0.030093 -1.176702
0.070436 0.974899 0.587278
-0.453140 0.179452 -0.938278
0.188536 -0.751358 0.907681
-0.094371 -0.041873 1.334677
0.716918 -0.182392 0.522855
0.334682 -1.342344 -0.356596
-0.144049 -0.159837 -1.191007
0.696631 -0.745963 1.282180
0.511177 -1.463239 -0.753583
0.658155 0.800334 0.095933
0.383250 -0.454431 -1.000223
0.044593 -1.082560 -0.266551
0.134682 -0.235207 -0.820393
0.211259 -0.694945 -0.739572
0.559308 0.123157 -0.556007
0.136660 -0.765291 0.709289
0.527618 0.941992 0.405117
-0.113368 -0.488657 -0.586804
-0.088178 0.811999 -0.779348
0.486950 0.409171 -0.950587
0.090025 -0.649231 0.809283
0.458101 -1.148464 0.293439
0.612177 1.097726 0.140949
-0.088806 -0.715101 -0.809200
0.277251 0.213195 1.092844
-0.186999 0.608053 0.917800
0.635418 -0.426840 0.155338
0.377052 -0.365799 -0.561483
-0.135644 -0.912711 -0.487564
0.022964 -1.110340 -0.967775
0.516292 -1.103194 0.081035
0.150118 -1.161553 -0.343616
0.149541 1.271761 0.162966
0.354957 1.060734 -0.792623
0.107162 -0.501318 0.919384
0.319306 -0.946244 0.093339
0.388678 -0.922279 0.264122
0.412163 -0.868490 -0.174403
0.454865 -0.751424 0.528323
0.377164 -0.828854 -0.289179
0.403902 -0.683528 0.723714
0.308894 -0.796679 -0.456381
0.264538 -0.600354 0.745601
0.023665 -0.825765 -0.444361
0.005659 -0.581696 0.769967
-0.105172 -0.696879 -0.500167
-0.131574 -0.388983 0.786053
-0.293679 -0.404009 -0.488043
-0.307965 -0.175712 0.614194
-0.360293 -0.123776 -0.523365
-0.358549 0.038854 0.537947
-0.445262 0.017020 -0.482382
-0.432075 0.058539 0.420209
-0.390024 0.029101 -0.618780
-0.351222 0.080977 0.622767
-0.429698 0.077912 -0.543696
-0.402082 0.165606 0.562968
-0.341392 0.110088 -0.706090
-0.313202 0.274282 0.678394
-0.411556 0.251084 -0.522711
-0.422916 0.299485 0.552702
-0.376995 0.237632 -0.689326
-0.362288 0.356409 0.665977
-0.463526 0.410575 -0.436810
-0.458276 0.512741 0.546573
-0.410878 0.571461 -0.362847
-0.381441 0.636527 0.296624
0.371859 -1.021820 0.054562
0.402400 -1.088690 0.117822
0.421596 -1.054859 -0.048103
0.444025 -0.966434 0.465550
0.398491 -0.976656 -0.210917
0.365640 -0.850873 0.685399
0.310398 -0.966270 -0.230881
0.196806 -0.805119 0.707129
0.050722 -0.937654 -0.330540
-0.104606 -0.716058 0.692313
-0.169207 -0.850479 -0.332607
-0.227089 -0.564562 0.714575
-0.267036 -0.539026 -0.372221
-0.364933 -0.217206 0.639381
-0.434190 -0.201961 -0.388981
-0.440142 -0.012279 0.425184
-0.479331 0.001952 -0.458656
-0.480959 0.065696 0.435290
-0.497453 -0.010784 -0.326241
-0.468927 0.044155 0.430228
-0.436676 0.046352 -0.522884
-0.463363 0.140310 0.622333
-0.452396 0.075811 -0.386506
-0.435357 0.176838 0.519498
-0.382185 0.174421 -0.572973
-0.427508 0.208537 0.662917
-0.429439 0.212227 -0.372379
-0.439269 0.231865 0.598427
-0.451547 0.259732 -0.614344
-0.487629 0.315885 0.617990
-0.545610 0.466348 0.130330
-0.391143 0.410787 0.647273
0.386079 -1.084628 0.123424
0.361431 -1.103127 0.268636
0.421191 -1.015725 -0.137681
0.395580 -0.962745 0.578563
0.362673 -0.955323 -0.077404
0.293182 -0.887259 0.638036
0.256508 -0.938868 -0.227457
0.093184 -0.793411 0.758339
-0.059479 -0.896542 -0.164694
-0.163775 -0.652399 0.686963
-0.276504 -0.693660 -0.231039
-0.342037 -0.381056 0.619303
-0.388699 -0.377871 -0.225502
-0.404206 -0.097921 0.339265
-0.439456 -0.027786 -0.385826
-0.460019 0.110318 0.187701
-0.518025 0.106838 -0.251999
-0.545100 0.158660 -0.058898
-0.541102 0.152483 -0.403864
-0.548923 0.219603 0.133448
-0.563932 0.205787 -0.226171
-0.570059 0.312726 0.133145
-0.521650 0.281354 -0.493653
-0.501674 0.388997 0.304949
-0.496450 0.457239 -0.286067
-0.485903 0.484601 0.178077
-0.426580 0.448586 -0.577465
-0.387281 0.556369 0.307677
-0.416041 0.567060 -0.217980
-0.417770 0.667461 0.330150
-0.444553 0.680494 -0.252545
-0.342750 0.725253 0.103959
0.301845 -1.096880 -0.046210
0.301624 -1.106682 0.170461
0.296718 -1.111202 -0.043870
0.284530 -1.035087 0.415934
0.146389 -1.068538 -0.103351
0.004692 -0.916388 0.626941
-0.112421 -1.001544 -0.036165
-0.160729 -0.827690 0.563137
-0.197911 -0.881472 -0.195674
-0.264726 -0.705770 0.552723
-0.332099 -0.731286 -0.253008
-0.342844 -0.528231 0.516001
-0.328980 -0.464373 -0.415196
-0.403873 -0.206838 0.495326
-0.439739 -0.112777 -0.386784
-0.525721 0.029279 0.297032
-0.548959 0.098470 -0.504983
-0.563235 0.169577 0.327483
-0.553434 0.113024 -0.266434
-0.515917 0.146885 0.290783
-0.469489 0.161176 -0.527266
-0.481289 0.225356 0.617377
-0.457585 0.197419 -0.296544
-0.440861 0.292449 0.552623
-0.385473 0.308645 -0.542981
-0.375105 0.377294 0.735836
-0.339279 0.404638 -0.394454
-0.326778 0.392346 0.649480
-0.341038 0.429319 -0.569921
-0.333352 0.498806 0.624221
-0.396689 0.661471 0.066720
-0.332200 0.608200 0.475590
0.225221 -1.142267 0.087031
0.219886 -1.114329 0.346359
0.265319 -1.035590 -0.104688
0.187413 -0.946649 0.358127
-0.003268 -0.990526 0.161298
-0.136333 -0.864851 0.381351
-0.255655 -0.896309 0.130302
-0.325497 -0.771011 0.414274
-0.415544 -0.673188 0.091438
-0.400723 -0.594187 0.215230
-0.437674 -0.516507 -0.071058
-0.409121 -0.270326 -0.117473
-0.542572 -0.198009 -0.331873
-0.467278 -0.148176 -0.103918
-0.567077 -0.002088 -0.450377
-0.546470 0.130963 -0.059348
-0.650622 0.155018 -0.341678
-0.644983 0.310085 -0.029383
-0.764150 0.275628 -0.410519
-0.734278 0.440252 0.147133
-0.746745 0.260753 -0.090119
-0.718232 0.527782 0.169129
-0.688545 0.518765 -0.106258
-0.650085 0.659965 0.198831
-0.653236 0.693113 0.034386
-0.554339 0.726807 0.238981
-0.509127 0.726545 -0.071529
-0.405703 0.763767 0.209772
-0.415596 0.718528 0.030581
-0.357567 0.764323 0.359248
-0.402763 0.815417 -0.080158
-0.352357 0.800398 0.169456
0.136045 -1.162233 -0.064746
0.160119 -1.117808 0.149278
0.168289 -1.130505 -0.015946
0.108696 -1.020999 0.222677
-0.017751 -0.994355 0.032399
-0.153637 -0.951110 0.309964
-0.209533 -0.905792 0.148223
-0.325058 -0.809159 0.150856
-0.326292 -0.677111 0.071702
-0.345717 -0.578691 0.047855
-0.375843 -0.431982 -0.131339
-0.404243 -0.309691 0.038400
-0.580355 -0.265467 -0.446546
-0.538350 -0.055775 0.142454
-0.708240 -0.111101 -0.641468
-0.535882 0.092044 0.177770
-0.698896 0.058099 -0.605274
-0.565981 0.243339 0.350162
-0.708862 0.106802 -0.469287
-0.696130 0.319078 0.265364
-0.709907 0.191933 -0.459633
-0.736929 0.425846 0.404638
-0.727638 0.317363 -0.176913
-0.721340 0.551659 0.404204
-0.641447 0.526140 -0.182460
-0.553900 0.664875 0.555578
-0.526989 0.631694 0.034618
-0.431305 0.670844 0.582217
-0.440656 0.667280 -0.131577
-0.363030 0.673106 0.519392
-0.392457 0.799666 0.167564
-0.333469 0.768379 0.452636
0.027371 -1.150530 0.058043
-0.009539 -1.065710 0.246570
-0.062820 -1.043214 -0.183610
-0.120177 -0.961718 0.339592
-0.196705 -0.981395 0.043504
-0.242855 -0.919920 0.301621
-0.259113 -0.889358 0.126391
-0.338806 -0.814028 0.362645
-0.364321 -0.730814 0.185211
-0.382001 -0.678236 0.205715
-0.536464 -0.461540 -0.295201
-0.499214 -0.221592 -0.106857
-0.852514 -0.135511 -0.668914
-0.627474 0.021820 -0.059634
-1.014153 0.017576 -0.876756
-0.732267 0.226699 0.043211
-1.016044 0.128397 -0.854869
-0.868818 0.402696 0.295848
-0.994042 0.306967 -1.029040
-1.037910 0.610781 0.530591
-1.005491 0.337608 -0.612430
-1.023093 0.792045 0.411009
-0.894564 0.648368 -0.310801
-0.910190 0.921299 0.511876
-0.846771 0.877458 0.148410
-0.777795 1.023179 0.421607
-0.674812 0.960819 0.120654
-0.576409 1.015960 0.387967
-0.485781 0.976302 0.156792
-0.413662 0.935961 0.314224
-0.371883 0.925702 -0.041385
-0.330945 0.887589 0.100358
-0.207847 -1.144421 -0.097326
-0.250717 -1.136161 0.044683
-0.256358 -1.107372 -0.163480
-0.276168 -1.005082 0.193764
-0.309843 -0.994994 -0.160334
-0.305493 -0.949948 0.352248
-0.287290 -0.929497 -0.073231
-0.310796 -0.846259 0.298904
-0.343179 -0.805393 -0.094261
-0.306821 -0.663784 0.373978
-0.404558 -0.603731 -0.209015
-0.328360 -0.366357 0.323772
-0.577591 -0.214490 -0.882657
-0.429936 -0.059150 0.349337
-0.814928 -0.139428 -0.985494
-0.623582 0.133033 0.473553
-0.902483 0.116792 -1.210716
-0.724371 0.303993 0.624431
-0.916589 0.294974 -1.196336
-0.973854 0.552062 0.648659
-0.882776 0.422204 -1.129942
-0.877386 0.824116 0.843442
-0.849278 0.534801 -0.612784
-0.856917 0.875711 0.720392
-0.693360 0.739761 -0.234686
-0.684255 0.989362 0.686022
-0.598916 0.822028 0.034168
-0.531168 0.958979 0.497121
-0.411274 0.826419 -0.103418
-0.377374 0.827707 0.434326
-0.370524 0.878862 0.017600
-0.309157 0.831750 0.312110
-0.151923 -1.109935 0.007641
-0.211368 -1.048703 0.158965
-0.249957 -1.074623 -0.295906
-0.289423 -0.924741 0.371454
-0.323532 -0.961113 -0.176412
-0.343783 -0.864058 0.447009
-0.325794 -0.860764 -0.191489
-0.324246 -0.780880 0.589658
-0.346097 -0.742000 -0.058068
-0.338269 -0.600512 0.466439
-0.396740 -0.457243 -0.345752
-0.379174 -0.300249 0.325346
-0.537111 -0.245136 -0.677438
-0.409402 -0.105843 0.312876
-0.673719 -0.057770 -1.104877
-0.519053 0.138279 0.448240
-0.710744 0.112513 -1.217434
-0.674621 0.344527 0.764019
-0.786226 0.422817 -1.272899
-0.857169 0.647790 0.856583
-0.804027 0.535603 -0.850003
-0.882944 0.934104 0.931403
-0.760362 0.633722 -0.343623
-0.795099 1.100839 0.764159
-0.691433 0.933838 0.134855
-0.664682 1.186740 0.643294
-0.577664 1.094103 0.172726
-0.549653 1.181570 0.386856
-0.435590 1.076105 0.142956
-0.370485 1.031357 0.260801
-0.342095 0.968247 0.038664
-0.289227 0.997774 0.070411
-0.158165 -1.127403 -0.137970
-0.189530 -1.155277 0.035283
-0.207182 -1.185363 -0.257160
-0.253956 -1.074393 0.290797
-0.271087 -1.168629 -0.332716
-0.306644 -0.996937 0.535799
-0.272388 -1.042944 -0.273815
-0.279205 -0.913390 0.667259
-0.311340 -0.954472 -0.262339
-0.287614 -0.841945 0.817311
-0.362848 -0.780863 -0.186667
-0.247957 -0.662012 0.600527
-0.343898 -0.341074 -0.512484
-0.262055 -0.253726 0.534637
-0.388239 -0.206958 -0.873022
-0.301371 0.046424 0.629367
-0.495604 0.007836 -1.214233
-0.517789 0.307551 0.830013
-0.612966 0.291068 -1.254809
-0.684035 0.545682 0.873796
-0.664715 0.478687 -1.167637
-0.721072 0.757851 0.944745
-0.671323 0.545354 -0.737068
-0.658854 0.889030 0.815139
-0.496570 0.717298 -0.291886
-0.442126 1.005753 0.730771
-0.369022 0.851591 -0.066342
-0.378820 1.015400 0.491091
-0.308348 0.960553 -0.110895
-0.277923 0.951272 0.262529
-0.256408 0.925826 0.036220
-0.206631 0.882342 0.287362
-0.108454 -1.110803 -0.054505
-0.154288 -1.048592 0.127331
-0.151477 -1.103616 -0.325565
-0.214353 -0.934201 0.470247
-0.240601 -0.998488 -0.276378
-0.275211 -0.830992 0.686653
-0.264943 -0.904517 -0.309060
-0.252353 -0.797586 0.887500
-0.252487 -0.764095 -0.226269
-0.255048 -0.691828 0.891498
-0.280451 -0.559238 -0.404650
-0.227161 -0.469080 0.677465
-0.294117 -0.263682 -0.726376
-0.231221 -0.259198 0.531380
-0.342519 -0.103902 -1.105627
-0.337099 0.080488 0.703451
-0.410292 0.112488 -1.307615
-0.488756 0.367431 0.827126
-0.539230 0.376018 -1.286907
-0.614269 0.644704 1.031160
-0.597737 0.530610 -1.127858
-0.649371 0.854131 0.928254
-0.587121 0.655748 -0.831413
-0.554144 1.014103 0.883501
-0.440079 0.695770 -0.344952
-0.448310 1.090971 0.765669
-0.387117 1.101451 -0.218438
-0.380089 1.111285 0.484343
-0.292230 1.140977 -0.152119
-0.268185 1.082712 0.139140
-0.229319 1.035078 -0.134076
-0.211907 0.987952 -0.150582
-0.053513 -1.153121 -0.199137
-0.091097 -1.179365 -0.004770
-0.085726 -1.218272 -0.301113
-0.120003 -1.056936 0.381402
-0.119189 -1.157807 -0.426951
-0.167163 -0.924065 0.715694
-0.160866 -0.999165 -0.345072
-0.135714 -0.870565 0.937068
-0.087974 -0.918290 -0.341076
-0.093910 -0.811696 1.136493
-0.170688 -0.680416 -0.400845
-0.130427 -0.644299 1.067386
-0.239025 -0.335826 -0.678889
-0.184020 -0.407638 0.886631
-0.303448 -0.155125 -0.975754
-0.265880 -0.080145 0.708397
-0.310324 0.076582 -1.285390
-0.328042 0.286694 0.795002
-0.387184 0.316279 -1.307396
-0.420323 0.518324 0.898813
-0.374532 0.474596 -1.267188
-0.410284 0.715711 1.041616
-0.409822 0.579486 -1.022174
-0.405468 0.823722 0.941636
-0.330755 0.817371 -0.668971
-0.289653 0.935765 0.778897
-0.268665 0.932204 -0.380078
-0.282462 0.956894 0.605952
-0.208492 1.044887 -0.373673
-0.201750 1.005586 0.304975
-0.135479 1.018079 -0.281103
-0.131399 1.033954 0.080121
-0.004233 -1.058556 -0.122235
-0.062984 -1.042965 0.016914
-0.024042 -1.104786 -0.387877
-0.040759 -0.921011 0.484549
-0.032768 -1.024351 -0.364278
-0.107397 -0.823785 0.826000
-0.063782 -0.931625 -0.390226
-0.058348 -0.776035 1.023110
-0.001443 -0.795178 -0.321806
-0.030980 -0.647625 1.034510
-0.070701 -0.564493 -0.495891
-0.105659 -0.447345 0.894123
-0.215227 -0.301535 -0.496815
-0.180483 -0.276151 0.642137
-0.232975 -0.146172 -0.788033
-0.195844 -0.002911 0.623139
-0.287864 0.205429 -0.929146
-0.233813 0.287907 0.584067
-0.310327 0.365489 -1.021031
-0.320279 0.493725 0.732595
-0.384869 0.504087 -0.862685
-0.402781 0.695979 0.800896
-0.342015 0.660494 -0.753087
-0.299833 0.840440 0.839842
-0.235280 0.888366 -0.629350
-0.195750 0.958412 0.741145
-0.162189 1.049770 -0.497467
-0.188406 1.046246 0.502139
-0.144743 1.153359 -0.402426
-0.149071 1.110788 0.153439
-0.132520 1.168460 -0.252585
-0.121984 1.148497 -0.086949
0.016759 -1.130746 -0.317899
0.000315 -1.194871 -0.109407
0.006552 -1.274636 -0.380693
0.001350 -1.086974 0.321433
0.053362 -1.269683 -0.519162
-0.005797 -0.941153 0.831546
0.050531 -1.073884 -0.428600
0.092521 -0.857160 1.095028
0.128280 -0.919699 -0.392607
0.138107 -0.776467 1.259289
0.066020 -0.608367 -0.526533
0.069448 -0.584931 1.181406
-0.075348 -0.360346 -0.662581
-0.047301 -0.382354 1.065243
-0.163368 -0.099090 -0.686620
-0.114057 -0.067238 0.755665
-0.203565 0.138364 -1.005401
-0.116103 0.193163 0.709285
-0.206206 0.297341 -0.945910
-0.196732 0.355550 0.662856
-0.251083 0.376353 -1.034557
-0.250441 0.518510 0.849889
-0.221128 0.534188 -0.841301
-0.231602 0.676700 0.802184
-0.141833 0.804202 -0.744842
-0.115011 0.871168 0.741730
-0.092563 0.963975 -0.570172
-0.112613 0.972404 0.590063
-0.079928 1.065569 -0.459272
-0.102318 1.077671 0.410025
-0.064678 1.134004 -0.285973
-0.065458 1.099163 0.200130
0.034990 -1.041890 -0.261380
0.020211 -1.021670 -0.092082
0.081464 -1.186688 -0.602766
0.090395 -0.918758 0.520491
0.121064 -1.078846 -0.435546
0.064447 -0.820811 0.934906
0.155093 -1.028771 -0.485780
0.192598 -0.794651 1.208324
0.184651 -0.795556 -0.474722
0.183749 -0.624699 1.136695
0.140726 -0.535813 -0.696273
0.109849 -0.462417 1.123510
0.093442 -0.316621 -0.753919
0.056449 -0.269985 0.827766
0.076261 -0.159282 -1.029011
0.030748 -0.078843 0.778737
-0.007745 0.192306 -1.059847
0.013026 0.124200 0.656875
-0.016453 0.330910 -1.088259
-0.047084 0.354156 0.769950
-0.095607 0.453404 -1.015287
-0.129733 0.545564 0.776560
-0.064386 0.638626 -0.948425
-0.090327 0.784572 0.899091
-0.035435 0.875984 -0.795164
-0.030013 0.952405 0.806250
0.008111 1.077823 -0.614776
-0.010557 1.072845 0.588490
-0.007686 1.194266 -0.409333
-0.034498 1.167381 0.303613
-0.046750 1.216510 -0.187059
-0.066616 1.175543 -0.005632
0.057163 -1.191422 -0.418825
0.083614 -1.181726 -0.093415
0.175500 -1.438273 -0.547935
0.194720 -1.111492 0.389498
0.299345 -1.465264 -0.656391
0.208262 -0.979713 0.955751
0.291223 -1.217057 -0.485283
0.339248 -0.904978 1.212342
0.290861 -0.982687 -0.492222
0.320735 -0.841981 1.322409
0.229963 -0.628736 -0.604974
0.228818 -0.635735 1.276895
0.224740 -0.432192 -0.936799
0.204810 -0.476309 1.188411
0.366636 -0.194559 -1.051354
0.282412 -0.176379 0.960325
0.310977 0.069112 -1.307705
0.260343 0.035203 0.936506
0.359674 0.254298 -1.184129
0.254424 0.264654 0.897088
0.246934 0.361316 -1.157794
0.124689 0.496237 0.943586
0.152686 0.532561 -1.025594
0.106015 0.744504 0.975779
0.111387 0.785748 -0.895222
0.084276 0.920133 0.863191
0.088446 0.984911 -0.663436
0.066019 1.011068 0.730593
0.065015 1.083155 -0.487435
0.030213 1.108685 0.568613
0.070033 1.190184 -0.287912
0.016384 1.192531 0.264844
-0.021736 -1.070477 -0.261429
0.001909 -0.971004 0.097869
0.236884 -1.303264 -0.672060
0.303762 -0.960472 0.671990
0.409918 -1.203166 -0.490812
0.303310 -0.896009 0.954377
0.422496 -1.097902 -0.495226
0.417403 -0.888089 1.165231
0.379327 -0.914611 -0.423843
0.365008 -0.704394 1.088387
0.308545 -0.619741 -0.625802
0.237257 -0.509201 0.984077
0.276151 -0.407251 -0.720951
0.223884 -0.265734 0.751147
0.355512 -0.184148 -0.992494
0.221350 -0.058459 0.768387
0.251769 0.112389 -0.985775
0.172957 0.190815 0.818353
0.282114 0.268429 -1.089270
0.161655 0.341260 0.853513
0.212862 0.447276 -0.975499
0.164945 0.608993 0.903256
0.248191 0.666954 -0.921949
0.281084 0.860841 0.984423
0.256407 0.918044 -0.877201
0.214606 1.055784 0.906388
0.201316 1.133224 -0.648916
0.188579 1.141937 0.727372
0.174253 1.229557 -0.422548
0.160363 1.206292 0.508705
0.141424 1.268827 -0.059884
0.101777 1.268646 0.261748
0.111878 -1.199045 -0.327785
0.211970 -1.081125 0.080666
0.438475 -1.488414 -0.505552
0.507647 -1.154582 0.627935
0.665163 -1.567753 -0.606773
0.518344 -1.109207 1.084021
0.608027 -1.259634 -0.410996
0.602373 -1.051085 1.260031
0.528931 -1.052977 -0.411495
0.542246 -0.957506 1.350113
0.387380 -0.762288 -0.595769
0.378358 -0.732001 1.271725
0.353753 -0.498257 -0.903993
0.315340 -0.399489 1.147204
0.429690 -0.255808 -1.028743
0.264840 -0.084244 0.977545
0.284063 0.026469 -1.170174
0.270538 0.157838 0.986966
0.311554 0.159783 -1.173174
0.266642 0.320381 0.974480
0.269519 0.313858 -1.119964
0.360574 0.571331 0.992980
0.333919 0.551010 -1.020263
0.474306 0.821565 1.053949
0.406680 0.837637 -0.902957
0.406146 1.028624 0.960722
0.348889 1.063276 -0.648855
0.308343 1.086777 0.840222
0.248769 1.119874 -0.421842
0.216359 1.129228 0.712274
0.243630 1.183360 -0.127680
0.210291 1.193808 0.429479
-0.133202 -0.957076 -0.121814
-0.039715 -0.791303 0.546368
0.374952 -1.208128 -0.526880
0.530192 -0.886306 1.028574
0.636044 -1.246026 -0.560421
0.621683 -0.877779 1.138907
0.721898 -1.093816 -0.573323
0.763569 -0.893063 1.325787
0.617996 -0.921214 -0.621966
0.675806 -0.798990 1.211304
0.556700 -0.720128 -0.872171
0.601478 -0.589163 1.230439
0.559313 -0.445872 -1.085389
0.484736 -0.289597 1.096633
0.672826 -0.279738 -1.379989
0.603982 0.014013 1.248286
0.585923 0.088970 -1.435135
0.507708 0.269028 1.186408
0.604995 0.220792 -1.565024
0.656706 0.491812 1.298800
0.556205 0.363769 -1.387264
0.619003 0.737945 1.290146
0.526037 0.639102 -1.123053
0.732912 0.947410 1.265019
0.526459 0.935844 -0.821845
0.601232 1.135913 1.087962
0.514795 1.194713 -0.568430
0.508196 1.193811 0.927357
0.351367 1.206087 -0.293395
0.326782 1.169254 0.706482
0.326312 1.253659 0.038823
0.280356 1.241780 0.408644
0.069884 -1.035796 -0.012117
0.217839 -0.890105 0.506273
0.647407 -1.415152 -0.190281
0.872957 -1.086140 1.041060
1.033455 -1.579661 -0.405019
1.060143 -1.050651 1.262585
0.926586 -1.396004 -0.457295
1.144244 -1.038289 1.375715
0.921762 -1.160247 -0.525778
1.069254 -0.963671 1.380926
0.799972 -0.924202 -0.841879
0.927780 -0.779889 1.339010
0.856649 -0.648352 -1.276541
0.839521 -0.428531 1.277516
0.950032 -0.356161 -1.471981
0.901010 -0.066704 1.308635
1.097421 0.025728 -1.684549
0.959737 0.255115 1.456982
1.029510 0.148455 -1.680511
0.967882 0.461374 1.419506
1.041040 0.249602 -1.624956
1.004177 0.719268 1.496237
0.888691 0.440536 -1.337807
1.049855 0.946362 1.331738
0.738241 0.792417 -0.858406
0.881889 1.123189 1.211995
0.629715 1.078603 -0.435090
0.700395 1.119572 1.062418
0.426248 1.088679 -0.177144
0.364207 1.056764 0.855620
0.319324 1.135633 0.121440
0.302115 1.165180 0.520231
-0.357215 -0.782706 0.239202
-0.221605 -0.646316 0.839277
0.108374 -0.950714 0.037982
0.348195 -0.856320 1.020728
0.252404 -1.150408 -0.148777
0.533422 -0.772280 0.886978
0.365423 -0.963102 0.039584
0.732335 -0.826208 1.081205
0.422501 -0.959359 -0.276089
0.695637 -0.862944 0.963241
0.393204 -0.885927 -0.438110
0.602048 -0.713970 1.037540
0.492997 -0.697159 -1.179734
0.547892 -0.461316 1.047434
0.588143 -0.404738 -1.268449
0.601810 -0.085812 1.229954
0.659671 -0.103573 -1.660682
0.547055 0.222913 1.082402
0.594771 0.174712 -1.346574
0.549989 0.495083 1.113636
0.626151 0.144390 -1.338265
0.631367 0.813821 1.097666
0.586797 0.621870 -0.595880
0.880879 1.044798 1.149145
0.699806 0.917514 -0.472717
0.924181 1.156574 1.136471
0.681925 1.109235 -0.054644
0.789811 1.186330 0.991486
0.509028 1.183690 0.050141
0.477655 1.114686 0.770927
0.351699 1.140336 0.279963
0.310898 1.145978 0.498769
0.004148 -0.913929 0.416899
0.144494 -0.862553 0.862669
0.337431 -1.128894 0.611687
0.582837 -1.060825 1.050121
0.648715 -1.209740 0.501530
0.755173 -0.985394 1.307936
0.490338 -1.148742 0.429188
0.831021 -0.948964 1.149839
0.582615 -1.008714 0.435785
0.884167 -0.942828 1.347425
0.457185 -0.962729 0.181650
0.694584 -0.890128 1.160482
0.479753 -0.711753 -0.372328
0.648933 -0.626945 1.196844
0.529078 -0.521265 -0.708720
0.608475 -0.301533 1.177545
0.559190 -0.120035 -0.682617
0.597250 0.065860 1.366415
0.553145 0.016328 -0.834407
0.541755 0.330517 1.054834
0.507016 0.157675 -0.677893
0.493443 0.553801 1.125596
0.488128 0.286414 -0.500813
0.679233 0.878053 0.987153
0.514308 0.638631 0.017496
0.642892 1.027534 1.093817
0.472391 0.879817 0.161325
0.637054 1.032495 0.977152
0.391765 0.995257 0.307936
0.398052 0.999936 0.827160
0.228783 1.089213 0.376980
0.217359 1.027371 0.663109
-0.378577 -0.793578 0.393366
-0.261424 -0.736099 0.740813
-0.121155 -0.831420 0.462383
0.032949 -0.884189 0.879483
0.081577 -0.906595 0.670884
0.298618 -0.820779 0.819863
0.270769 -0.849682 0.610081
0.516057 -0.792422 0.973052
0.371345 -0.860689 0.602470
0.605678 -0.857304 0.730814
0.507921 -0.791227 0.065719
0.565272 -0.732613 0.654222
0.471856 -0.588504 -0.039943
0.521627 -0.624797 0.578130
0.564207 -0.337527 -0.312276
0.581793 -0.223971 0.666853
0.621991 0.003442 -0.218621
0.598609 0.041764 0.511976
0.578474 0.136147 -0.377444
0.509857 0.338424 0.518186
0.496614 0.407481 -0.074369
0.470893 0.724900 0.587061
0.398735 0.638353 0.286050
0.586467 1.001911 0.847543
0.528253 0.834731 0.707008
0.753796 1.099034 0.944445
0.542266 0.949141 0.629557
0.628909 1.064109 0.890572
0.482148 1.062403 0.536378
0.469845 1.024968 0.636744
0.305708 1.099050 0.360313
0.168366 0.996736 0.263157
-0.167203 -0.720506 0.542153
-0.326348 -0.637799 0.918563
-0.182858 -0.776752 0.912519
-0.204874 -0.716692 1.013732
-0.066412 -0.694317 0.868025
-0.078519 -0.549808 1.073263
0.012792 -0.662287 0.958668
0.046208 -0.597832 0.909652
0.198843 -0.671437 0.814319
0.292676 -0.654144 1.092581
0.392556 -0.693348 0.690176
0.347817 -0.673160 0.841030
0.454852 -0.568668 0.302550
0.486882 -0.543630 0.900677
0.595441 -0.433493 0.272760
0.526738 -0.271938 0.786402
0.646740 -0.042306 0.194863
0.553685 0.016061 0.880669
0.587920 0.120194 0.231228
0.448061 0.227487 0.643634
0.492781 0.329829 0.193255
0.342757 0.478992 0.681124
0.395198 0.525974 0.377206
0.369238 0.687726 0.755107
0.432032 0.631061 0.627776
0.377821 0.822324 0.956083
0.415974 0.821359 0.787488
0.477532 0.891316 0.862047
0.474504 0.896644 0.615989
0.384491 0.943306 0.723609
0.264932 0.998691 0.534788
0.176814 0.948770 0.398339
