0.970096 -0.779931 -0.227032
1.054627 -0.482160 -0.032566
1.176363 -0.890621 0.517247
0.454160 0.825201 -0.448901
1.118292 -1.031596 0.490916
1.108868 1.105947 0.022907
0.604175 -0.164128 0.788038
0.652529 1.104558 0.521060
1.172540 0.917874 -0.119434
0.491099 1.237296 0.214233
0.216098 0.567917 0.786008
0.780534 0.536815 0.372745
-0.208786 0.514479 0.862491
0.906791 0.270818 0.455386
0.162624 0.808830 0.592702
1.094535 -1.005533 -0.004168
0.745920 -0.728606 -0.346739
1.166993 -1.148151 0.328431
0.069489 0.902048 -0.272966
-0.495304 0.347405 -0.590129
1.241072 -0.680223 -0.055904
1.031067 1.189269 0.232468
1.110995 0.847843 -0.228771
0.033566 -0.013804 -1.041071
0.163153 -0.120331 1.010760
0.891893 -0.196858 0.591366
-0.134752 0.915782 -0.014688
1.208638 -1.157366 0.660525
-0.938826 0.515101 -0.073734
0.921846 -0.600329 -0.052584
-0.685692 -0.032411 -0.574378
0.797249 0.073038 -0.664883
0.944188 0.917991 -0.262822
0.818789 -0.349707 -0.264382
0.897616 0.528146 -0.231673
1.205709 0.654434 -0.129947
1.180181 -0.835923 0.146272
0.625642 0.513103 -0.607517
0.984068 0.568448 0.500441
0.285911 0.580722 -0.745388
0.392094 0.642047 0.649100
0.667987 0.670669 0.534169
0.478405 -0.651633 0.657468
0.083240 -0.488033 -0.757186
-0.113682 0.187113 -0.840781
0.506680 -0.738342 -0.442481
-0.837769 -0.593523 0.636801
1.087263 0.737667 0.502131
-0.254018 0.340685 -0.710233
0.997472 -0.741278 0.534359
1.154228 -1.109902 0.554954
0.813877 0.478742 0.048382
0.935625 0.756529 0.471295
-0.148104 0.001768 0.978051
-0.007095 -0.399626 0.950389
1.206199 -0.752613 0.440009
0.961028 -0.687340 -0.177817
0.989331 1.007246 0.433518
-0.961459 0.350791 -0.252562
1.171569 0.576855 0.218532
-0.524674 -0.003619 -0.711028
0.065351 0.675841 -0.616822
-0.339123 -0.860379 0.304968
0.543685 -0.945067 0.597797
-0.138435 -0.817630 -0.330733
0.517465 -0.490831 -0.727362
-0.105294 0.630250 0.775091
0.244275 -0.303494 0.953937
0.243037 1.009299 0.531817
-0.482828 0.232321 1.000192
1.216251 1.031669 0.484984
0.953199 0.455243 0.066672
-0.695296 -0.018261 1.030466
1.012627 -0.618194 0.478217
0.994261 0.621208 -0.263951
0.851249 -0.531406 -0.141886
0.856250 0.164094 0.443884
0.818351 -0.655188 -0.279658
0.671588 -0.598612 0.523888
0.952900 1.107948 0.288722
0.686741 -1.198104 -0.110843
-0.598886 -0.549477 0.882253
1.028454 0.615893 -0.058921
-0.960307 0.136087 0.893523
0.842892 -1.033181 -0.276371
0.066464 -0.264726 -0.938892
1.090783 -0.840236 -0.270108
1.085765 -0.519189 -0.000737
-0.357763 0.825910 -0.086247
0.945577 -0.589648 -0.169296
-0.807864 -0.294211 0.917207
1.137887 -0.587819 0.530597
0.149340 0.577031 0.736629
-0.417358 0.036284 1.083851
1.015104 0.547862 0.396664
0.917756 0.417135 0.488441
0.003055 -0.948801 0.373192
0.700355 0.415653 -0.608718
0.815483 -0.595531 0.350735
-0.141709 -0.409094 -0.674801
-0.677843 0.319784 0.927560
0.137228 0.970765 0.444948
1.005557 -0.770090 -0.183043
0.405296 -0.621896 0.749696
0.753946 -0.322291 -0.615407
0.723749 0.765661 -0.362731
-0.226356 0.898311 0.178528
0.326402 0.731511 -0.505075
0.688064 0.198714 0.600723
0.537949 0.264584 -0.963249
-0.704341 0.764782 0.224096
0.695766 -0.546683 -0.420742
1.159535 -0.823265 0.594647
1.110750 0.540048 0.313193
1.179082 -0.500209 0.063406
-0.917715 -0.139098 -0.390821
0.137641 -0.608405 0.789570
0.863051 -0.051841 -0.091224
0.917513 0.705442 -0.223389
-0.676793 0.464912 -0.373850
1.185160 -0.701133 0.275253
0.730260 -0.801848 0.522786
0.510586 -0.600989 -0.547255
0.962771 0.509059 0.024841
0.859429 -0.185079 0.210837
1.187457 0.994641 0.084401
0.821525 0.282896 -0.453058
1.109792 0.859805 0.514063
1.084034 -1.114642 0.042119
-0.945628 0.047931 -0.347298
1.082064 0.583339 -0.156207
0.242098 -0.745889 -0.512136
-0.193867 0.779711 -0.318687
1.142986 1.101643 0.573253
-0.322570 -0.323587 -0.656981
1.023628 -0.937332 0.543120
1.228059 0.590574 0.411217
-0.144785 0.731485 0.636387
-0.350702 -0.543244 -0.555572
0.326944 0.998544 -0.355371
0.722313 -0.512250 -0.464913
-0.287546 0.541502 -0.536433
-0.648023 -0.267929 1.014380
0.027760 0.504436 -0.715895
0.881197 0.571099 0.580583
0.796902 -0.456486 0.117765
-0.542643 -0.163527 -0.670728
-0.405072 -0.296160 1.032546
-0.592232 0.742530 0.634910
0.752181 1.218457 0.059462
1.082138 -0.581179 -0.159439
1.133899 1.000501 -0.159082
0.814014 0.484765 -0.232476
0.524326 -0.277735 -0.871117
-0.030607 -0.284245 -0.891320
0.509150 0.266256 0.852178
0.938242 0.656353 0.380743
-0.607177 0.677876 -0.116238
0.942509 -0.807804 -0.285107
-0.209173 0.285967 1.007933
-1.119655 -0.209961 -0.277849
0.738559 0.438425 -0.367958
1.153226 0.523565 -0.004096
0.792574 0.594171 0.474851
0.682451 0.644572 -0.387693
1.155558 0.741772 -0.207186
1.085034 -0.596120 -0.132510
0.685291 0.616694 -0.238310
1.171331 0.544264 -0.041006
-0.126918 -0.596324 -0.551553
1.203865 0.503674 0.264925
-0.426282 0.515204 0.929006
0.132523 0.142242 0.960253
1.110250 1.112785 0.373305
0.825344 0.088936 -0.394550
0.791391 0.892507 0.514705
1.196591 0.809534 0.333892
0.964132 -0.560329 -0.167734
0.250035 -1.228158 0.123445
0.987250 -0.694399 0.438067
1.180468 1.094050 0.164457
0.384664 1.041035 -0.191074
1.161994 0.877822 -0.029629
1.114334 0.644252 -0.250642
0.601870 -0.471930 0.660998
1.225277 -0.521936 0.166292
0.980180 0.853788 -0.297413
-0.774174 0.204969 -0.450722
0.863535 -0.549369 0.479926
0.074955 0.297071 -0.975995
-0.039543 0.285849 -0.953121
0.828480 0.535882 -0.140754
0.943057 -0.968892 -0.206197
0.506936 0.513343 -0.852496
-0.779494 0.137285 0.977587
0.844740 0.375772 0.130969
1.140962 -0.594172 -0.249826
1.134678 -1.046717 0.261730
-0.167528 -0.917241 -0.000786
0.928888 0.566024 -0.138261
1.167535 0.603597 0.562059
0.232292 1.195755 0.042694
1.183896 1.106556 0.203939
0.141707 0.397255 0.943185
1.116585 -0.929528 -0.167326
1.125347 0.960598 0.633215
-0.448703 0.169568 -0.698899
1.126949 0.756140 0.382408
-0.261028 -0.554882 0.880212
1.116777 -0.703473 -0.240392
1.008886 1.120408 -0.083270
1.196803 0.621119 0.364877
0.906996 0.957652 -0.251354
1.109177 0.942179 0.437082
-0.645397 0.600703 0.810145
-0.367629 -0.695193 -0.373951
-0.041746 0.600120 -0.547904
0.840687 0.437822 -0.205089
-0.204654 0.118011 -0.878921
1.134958 0.958044 0.656342
-0.294031 -0.012249 -0.829975
-0.340630 0.708473 0.733406
-1.163999 -0.034622 -0.300687
0.203056 -0.780874 0.595633
-0.850538 -0.026357 1.160909
0.914935 -0.348236 0.202179
0.275623 -1.043066 -0.315465
-0.580269 -0.254317 -0.577086
1.173559 -1.002722 0.706492
0.468325 -1.012915 -0.343023
1.132772 0.683001 0.587641
0.790386 -0.526417 -0.269117
-0.649485 -0.769171 -0.066965
-0.304432 -0.171838 -0.768681
0.268719 -0.622959 -0.602572
0.827739 0.298243 -0.284761
-0.174461 -0.823036 0.513212
0.455289 0.892318 0.549423
-0.603939 -0.475119 -0.416304
-0.479748 0.663048 -0.316006
0.517982 0.630248 -0.528210
-0.376714 -0.698032 0.704355
0.780139 -1.197307 0.335732
1.159332 1.148688 0.522179
-0.795928 -0.383306 -0.361518
0.561412 0.548805 0.707591
-0.787218 0.496463 0.685768
1.145246 -0.498930 0.270100
0.108233 -0.417093 -0.778401
-0.896617 -0.520533 -0.107515
-0.615766 -0.519715 -0.356748
1.177545 -0.885117 -0.101979
-0.415359 -0.793764 -0.136747
-0.217354 0.817883 0.493883
0.701480 1.109044 -0.211222
-0.022518 -0.663678 0.698626
-0.856796 -0.627764 0.014485
-0.858030 -0.602577 0.345356
-1.029541 -0.571357 -0.057276
-1.006729 -0.526024 0.389987
-1.218773 -0.567013 0.116799
-1.269805 -0.501583 0.298011
-1.443906 -0.538255 0.170291
-1.440698 -0.516771 0.438800
-1.615115 -0.600497 0.392157
-1.559380 -0.595734 0.537686
-1.677720 -0.533402 0.276362
-1.585031 -0.513911 0.843502
-1.758130 -0.432195 0.243281
-1.653334 -0.461881 0.823961
-1.723555 -0.286621 0.004610
-1.565787 -0.105659 1.006244
-1.784433 -0.129323 0.175925
-1.590613 -0.046927 0.816491
-1.623513 0.007811 0.089499
-1.563368 0.225089 1.077410
-1.854181 0.353433 0.272888
-1.691674 0.449747 0.927714
-1.713435 0.469973 0.196910
-1.433541 0.379205 1.077103
-1.644433 0.485860 0.310626
-1.319572 0.401010 0.644659
-1.346616 0.361045 0.043506
-1.163920 0.369527 0.836544
-1.307450 0.469925 0.260792
-1.069337 0.415604 0.608937
-0.999915 0.603215 0.005725
-0.883017 0.630658 0.431338
-0.825938 -0.725679 0.049530
-0.744640 -0.774954 0.275290
-0.971705 -0.869793 0.144624
-1.086728 -0.799301 0.370866
-1.418877 -0.859455 0.095472
-1.615928 -0.814124 0.424415
-1.958429 -0.961488 0.429266
-2.142318 -0.967824 0.607422
-2.293923 -1.012914 0.562084
-2.271134 -0.888782 0.794322
-2.291952 -0.830382 0.633466
-2.164349 -0.571773 0.806891
-2.053717 -0.586957 0.425448
-2.020412 -0.323750 0.908012
-2.140850 -0.355080 0.412574
-2.016572 -0.168123 0.887184
-2.026299 -0.252600 0.217277
-1.890567 -0.121565 1.039214
-2.065732 -0.147650 0.374204
-1.963586 0.076857 0.994296
-2.006040 0.063871 0.408507
-1.920078 0.271375 1.023248
-2.036698 0.301534 0.658050
-1.816954 0.277705 1.151702
-1.715675 0.217648 0.416379
-1.445259 0.194976 1.068123
-1.520491 0.141619 0.589442
-1.327914 0.070371 0.908676
-1.280759 0.192111 0.323719
-1.106491 0.212702 0.916240
-1.155192 0.220727 0.738555
-0.937512 0.244187 0.785839
-0.852325 -0.589398 0.156570
-0.828733 -0.730100 0.308445
-1.048065 -0.784569 0.175368
-1.172410 -0.790914 0.375708
-1.474510 -0.864036 0.278456
-1.791139 -0.813558 0.319994
-2.026320 -0.872062 0.435622
-2.231346 -0.853046 0.529460
-2.342758 -0.934787 0.664517
-2.196484 -0.815370 0.582490
-2.106876 -0.729976 0.714460
-1.956645 -0.469413 0.676076
-2.031237 -0.345991 0.589313
-2.130595 -0.188357 0.557406
-2.253442 -0.131642 0.286402
-2.233366 -0.023488 0.551915
-2.302439 -0.011519 0.438597
-2.185917 0.098586 0.610567
-2.163751 0.271399 0.477805
-2.163558 0.503571 0.660126
-2.318753 0.774657 0.697921
-2.307663 0.888471 0.669657
-2.393830 1.078647 0.622530
-2.157516 1.027346 0.615815
-2.077446 0.894182 0.584927
-1.755022 0.742358 0.466106
-1.648801 0.619468 0.325427
-1.466330 0.550650 0.470717
-1.393274 0.457182 0.478835
-1.185435 0.530035 0.457734
-1.154856 0.514594 0.194137
-0.993266 0.647079 0.261365
-0.834561 -0.883790 0.085605
-0.838538 -1.163932 0.285273
-0.974520 -1.289344 0.184687
-1.056264 -1.165304 0.346049
-1.297471 -1.136983 0.184602
-1.587354 -0.970440 0.287716
-1.874851 -1.084271 0.439904
-2.106083 -1.107161 0.448372
-2.263556 -1.162258 0.545512
-2.313561 -1.119738 0.613523
-2.333620 -0.998171 0.691333
-2.300564 -0.861033 0.668809
-2.224964 -0.726216 0.574179
-2.233663 -0.451429 0.740172
-2.244547 -0.209609 0.436811
-2.225132 -0.109883 0.665114
-2.139491 -0.070195 0.324617
-2.063720 0.035507 0.723131
-2.053859 0.140729 0.524325
-2.056325 0.230699 0.769562
-2.080722 0.362194 0.655471
-2.215137 0.509794 0.816102
-2.172786 0.619218 0.620147
-2.124804 0.630543 0.749454
-1.871788 0.583654 0.445923
-1.752619 0.486162 0.724805
-1.588137 0.488355 0.458380
-1.446493 0.406679 0.734212
-1.309666 0.499419 0.204413
-1.179047 0.536308 0.771979
-1.076004 0.612760 0.458068
-0.937719 0.557612 0.674686
-0.747899 -0.988813 0.194442
-0.729375 -1.137017 0.279629
-0.816805 -1.231386 0.173075
-0.845823 -1.081160 0.299273
-1.073346 -1.051181 0.223045
-1.392522 -0.953635 0.264926
-1.689001 -0.926028 0.342523
-1.968475 -0.852371 0.445102
-2.084032 -0.813901 0.537548
-2.163994 -0.707975 0.734915
-2.049704 -0.545472 0.543065
-2.127902 -0.432735 0.945369
-2.045695 -0.241759 0.293889
-2.156542 -0.172265 0.887293
-2.142499 -0.022240 -0.117092
-2.144257 0.054161 0.910061
-2.089085 0.121848 0.131279
-2.024997 0.233044 0.850951
-1.921099 0.436137 0.405890
-2.074638 0.603683 0.690452
-2.080955 0.906949 0.461070
-2.225459 1.038439 0.587374
-2.102948 1.183215 0.413337
-2.086249 1.066043 0.420161
-1.802006 0.978648 0.428429
-1.623369 0.843576 0.293079
-1.404340 0.840966 0.300273
-1.351576 0.947051 0.323060
-1.243140 1.055058 0.318235
-1.177290 1.189596 0.453598
-1.159128 1.070316 0.263301
-1.071193 1.030103 0.319630
-1.195039 -1.793863 0.071707
-1.215667 -2.146257 0.226052
-1.179641 -2.271414 0.133696
-1.175432 -2.050539 0.271095
-1.140293 -1.954128 0.078478
-1.166701 -1.413518 0.276257
-1.330312 -1.142951 0.274071
-1.592015 -0.740004 0.351176
-1.749756 -0.740083 0.326727
-1.894422 -0.573743 0.562837
-1.832679 -0.531116 0.462136
-1.919995 -0.435799 0.902190
-1.784466 -0.247867 0.219293
-1.921032 -0.270272 1.163321
-1.928760 -0.098730 -0.131655
-1.999530 -0.073395 1.112650
-1.936914 0.033507 -0.063558
-1.957017 0.181133 0.979312
-1.868589 0.286907 0.183326
-1.948644 0.409218 0.810692
-1.854184 0.522846 0.354051
-2.067728 0.594384 0.595465
-1.955667 0.684532 0.384103
-2.053635 0.777220 0.398215
-1.727748 0.721188 0.218120
-1.553749 0.672787 0.357255
-1.357804 0.693604 0.167615
-1.248685 0.723829 0.359958
-1.161551 0.638518 0.100108
-1.122261 0.913385 0.446129
-1.038224 0.878007 0.182625
-0.945563 0.925687 0.461984
-1.024266 -1.965085 0.165856
-1.106850 -2.047473 0.221632
-1.157308 -2.131348 0.048430
-1.119188 -1.688734 0.330291
-1.141436 -1.349416 0.051654
-1.129424 -0.927998 0.324151
-1.285643 -0.729768 0.135847
-1.413610 -0.573297 0.336222
-1.479346 -0.452698 0.143086
-1.565869 -0.371564 0.694528
-1.641953 -0.361634 0.196475
-1.750074 -0.338867 1.054385
-1.734127 -0.159600 -0.007089
-1.863525 -0.144211 1.299287
-1.839870 -0.095754 -0.516476
-1.868741 0.037547 1.378057
-1.825418 -0.010084 -0.434834
-1.838758 0.265850 1.298550
-1.691989 0.193661 -0.091183
-1.866393 0.468390 0.968827
-1.799959 0.491378 0.383460
-1.899423 0.647964 0.673418
-1.757637 0.573547 0.376185
-1.781291 0.794167 0.492399
-1.525304 0.853704 0.311835
-1.326841 1.017350 0.272404
-1.204763 1.293223 0.130966
-1.177992 1.551237 0.205702
-1.244781 1.740659 0.182046
-1.172361 1.817543 0.311341
-1.170414 1.848842 0.112429
-1.043816 1.675930 0.107493
-0.983011 -2.291370 0.155573
-1.022446 -2.422028 0.195044
-1.084723 -2.426377 0.080804
-1.097511 -2.212801 0.260475
-1.169310 -2.112611 0.027936
-1.097438 -1.767585 0.374573
-1.083790 -1.433862 0.025567
-1.116638 -0.613837 0.294431
-1.208638 -0.461606 0.028619
-1.334023 -0.408236 0.571497
-1.453701 -0.411076 0.144425
-1.573264 -0.354104 0.957737
-1.576075 -0.313261 -0.071733
-1.615191 -0.226013 1.340991
-1.666801 -0.179932 -0.409740
-1.668864 -0.064498 1.483295
-1.665236 -0.062981 -0.597743
-1.685925 0.215490 1.344419
-1.595017 0.080135 -0.377263
-1.686337 0.356383 1.088169
-1.536592 0.239790 -0.025074
-1.634299 0.379219 0.847862
-1.512402 0.317395 0.151442
-1.494338 0.539880 0.622227
-1.280209 0.595842 0.073622
-1.191669 0.845035 0.430762
-1.138365 0.944965 0.048611
-1.116427 1.343187 0.250488
-1.068949 1.400010 0.032112
-1.040787 1.547313 0.360740
-0.979022 1.506334 0.073357
-0.924266 1.425193 0.131123
-0.816644 -2.199533 0.187763
-0.870867 -2.252977 0.269569
-0.959123 -2.260525 0.018105
-0.989860 -1.927561 0.347399
-1.051641 -1.640154 0.055761
-1.020464 -1.146532 0.353663
-1.137049 -0.897139 0.016383
-1.208034 -0.580600 0.481542
-1.369823 -0.504655 0.109219
-1.367146 -0.400390 0.799892
-1.420629 -0.427590 0.189006
-1.425058 -0.352153 1.134692
-1.513211 -0.319414 0.191811
-1.573662 -0.223088 1.304500
-1.585435 -0.143026 -0.236486
-1.624476 -0.018540 1.449546
-1.605090 -0.020016 -0.207533
-1.662327 0.198794 1.337505
-1.458684 0.159046 -0.214059
-1.508881 0.325520 1.099668
-1.345259 0.232929 -0.047445
-1.409886 0.335588 0.937316
-1.236630 0.531362 -0.059210
-1.188911 0.574843 0.620354
-1.093035 1.133701 0.088226
-1.075328 1.500769 0.404624
-1.125505 1.850360 0.115742
-1.172651 2.043005 0.237032
-1.213090 2.215919 0.101868
-1.185367 2.181075 0.269755
-1.114672 2.287030 0.126109
-1.019362 2.113094 0.199327
-0.711369 -2.253839 0.168875
-0.755895 -2.342825 0.275883
-0.823468 -2.333805 0.068536
-0.823957 -2.134449 0.360676
-0.941309 -1.990618 0.028581
-0.969588 -1.769670 0.402902
-1.011499 -1.593234 0.065199
-1.032370 -0.733654 0.442502
-1.077288 -0.607570 0.084332
-1.182825 -0.443091 0.803614
-1.255656 -0.448795 0.050695
-1.305705 -0.365329 1.117462
-1.376122 -0.341376 -0.110633
-1.374341 -0.256921 1.394425
-1.402056 -0.228050 -0.201230
-1.437284 -0.129255 1.484375
-1.424152 -0.051112 -0.392341
-1.438410 0.120346 1.457346
-1.362776 0.051314 -0.319607
-1.372002 0.210578 1.251929
-1.241734 0.123226 -0.293363
-1.267731 0.277814 1.062906
-1.190235 0.375308 -0.180887
-1.132994 0.571385 0.706024
-1.024335 0.708974 -0.073441
-1.035868 1.080150 0.409671
-1.005788 1.190048 0.046732
-1.076632 1.739340 0.227894
-1.097716 1.904257 0.016379
-1.049912 1.993385 0.313335
-0.956165 2.061796 0.066876
-0.875282 1.969456 0.210247
-0.714582 -1.919217 0.214888
-0.722435 -2.017072 0.380799
-0.827355 -1.939039 -0.034691
-0.885525 -1.659617 0.406685
-0.982969 -1.513834 0.060484
-0.977417 -1.103351 0.380654
-0.975094 -0.878287 0.039828
-1.034490 -0.567714 0.680990
-1.098797 -0.452463 -0.049471
-1.167303 -0.337619 0.950415
-1.201559 -0.390404 -0.198858
-1.214310 -0.259387 1.240435
-1.278874 -0.300662 -0.340425
-1.274942 -0.172606 1.279958
-1.326862 -0.123400 -0.654094
-1.320595 -0.032936 1.379975
-1.333049 -0.021374 -0.712170
-1.334912 0.142313 1.319682
-1.210053 0.057640 -0.707261
-1.261617 0.261975 1.141628
-1.124119 0.193340 -0.358113
-1.130536 0.372970 0.828168
-0.992301 0.465497 -0.164213
-1.016085 0.917410 0.586136
-0.988113 1.253011 0.079355
-1.044802 1.732914 0.360034
-1.082954 2.014478 0.001327
-1.051330 2.222792 0.266403
-1.039126 2.341057 0.004723
-0.983849 2.383340 0.243676
-0.907113 2.368665 0.131015
-0.810965 2.241439 0.172959
-0.696538 -1.949136 0.157637
-0.671222 -2.110019 0.312302
-0.785240 -2.060448 0.032571
-0.814301 -1.864043 0.407600
-0.961318 -1.701446 -0.031105
-0.988641 -1.363472 0.373022
-1.023414 -1.292351 0.036845
-1.028374 -0.806470 0.542848
-0.956676 -0.659817 -0.103473
-1.037523 -0.416085 0.856903
-1.037267 -0.428183 -0.247133
-1.047113 -0.209321 1.081126
-1.056200 -0.269683 -0.443470
-1.081931 -0.095871 1.225019
-1.080396 -0.144110 -0.677509
-1.161229 -0.040252 1.270602
-1.103113 -0.050504 -0.932607
-1.071617 0.145962 1.315835
-0.951675 0.002677 -0.871643
-1.065025 0.206667 1.153515
-0.889371 0.076131 -0.787878
-0.999569 0.344187 0.926985
-0.879306 0.253857 -0.389674
-0.940525 0.543326 0.558409
-0.853147 0.584103 -0.090081
-0.946933 1.021843 0.360496
-0.993272 1.088114 0.016080
-0.957763 1.708931 0.243347
-0.947845 1.936918 -0.088726
-0.849214 2.036503 0.355337
-0.822707 2.142232 0.031232
-0.749263 2.035270 0.157559
-0.875045 -1.436684 0.197625
-0.811591 -1.499331 0.313426
-0.935396 -1.424574 -0.004611
-0.918018 -1.220704 0.329694
-1.043069 -1.167349 0.039811
-1.006660 -0.956287 0.280328
-0.991535 -0.847242 -0.050423
-0.993216 -0.644945 0.505707
-0.940964 -0.564618 -0.204995
-0.932046 -0.347602 0.782717
-0.866425 -0.354874 -0.358251
-0.887612 -0.155467 0.984194
-0.869202 -0.206253 -0.515574
-0.989490 -0.074209 0.953689
-0.841861 -0.096191 -0.821915
-0.973742 0.065058 1.051437
-0.821594 -0.033002 -0.851800
-0.936109 0.160985 1.116088
-0.609721 0.064117 -0.985268
-0.787957 0.265782 1.060755
-0.591387 0.156737 -0.844773
-0.807289 0.466972 0.839074
-0.685033 0.451333 -0.457804
-0.900938 0.820709 0.480155
-0.847538 0.881740 -0.056357
-0.924198 1.405363 0.290063
-0.945963 1.636560 -0.013824
-0.878132 1.977327 0.355848
-0.835830 2.161670 0.013266
-0.746593 2.223990 0.297473
-0.691491 2.263404 0.140252
-0.680392 2.134229 0.252590
-0.768310 -1.362061 0.086033
-0.753030 -1.562055 0.165982
-0.870876 -1.490694 0.027060
-0.852872 -1.314927 0.337942
-0.952099 -1.212546 -0.028275
-0.909565 -1.000474 0.403015
-0.897127 -0.954325 -0.078627
-0.822016 -0.752562 0.511898
-0.774377 -0.672154 -0.282719
-0.691171 -0.474026 0.768225
-0.615046 -0.429274 -0.464420
-0.624085 -0.232925 0.955717
-0.535730 -0.200419 -0.711814
-0.644019 -0.130506 0.971796
-0.355823 -0.056851 -1.030914
-0.519988 -0.005293 1.004160
-0.240878 -0.044446 -1.376841
-0.403767 0.128853 1.034572
-0.013894 0.038832 -1.386180
-0.318585 0.259985 1.032617
-0.088849 0.144801 -1.239550
-0.386789 0.432836 0.895917
-0.227342 0.298417 -0.867841
-0.603524 0.598770 0.630848
-0.643498 0.607673 -0.340310
-0.798401 0.921130 0.377592
-0.867118 1.026227 -0.033412
-0.873387 1.374793 0.260826
-0.830172 1.515718 -0.014166
-0.751917 1.732749 0.391093
-0.755821 1.878369 0.036739
-0.693254 1.745416 0.224528
-0.789689 -0.922856 0.090849
-0.814372 -0.984703 0.170453
-0.855102 -0.995284 -0.088432
-0.800880 -0.898489 0.372733
-0.844430 -0.958950 -0.125862
-0.752091 -0.864066 0.406539
-0.691980 -0.884089 -0.256940
-0.560125 -0.713063 0.600097
-0.461272 -0.687518 -0.460737
-0.359286 -0.457774 0.831677
-0.194636 -0.391697 -0.755203
-0.197761 -0.248769 0.949332
0.005774 -0.182894 -1.236036
-0.061482 -0.141307 0.941055
0.213913 -0.091646 -1.697087
-0.009472 -0.039472 1.024306
0.213220 -0.037631 -1.854301
0.058429 0.101422 0.955144
0.329368 0.039545 -1.944305
0.017365 0.243532 0.979646
0.232945 0.108349 -1.632134
-0.237328 0.404325 0.945301
-0.079206 0.297024 -0.742446
-0.518147 0.689581 0.714347
-0.525473 0.700911 -0.196000
-0.700272 0.952545 0.390919
-0.706705 1.124048 0.081500
-0.758995 1.484008 0.288577
-0.743160 1.735790 0.083933
-0.710344 1.830558 0.322379
-0.680727 1.910081 0.194380
-0.654860 1.732186 0.200976
-0.616365 -0.857321 0.009130
-0.639734 -0.959860 0.136694
-0.685252 -0.977546 -0.074400
-0.627699 -0.940899 0.371525
-0.607935 -0.953732 -0.154510
-0.527310 -0.869577 0.456065
-0.387360 -0.874944 -0.284689
-0.252324 -0.739593 0.625499
-0.114719 -0.756252 -0.510836
-0.043461 -0.545681 0.832366
0.100663 -0.513080 -0.781264
0.110517 -0.341492 0.944056
0.306342 -0.208491 -1.466926
0.211652 -0.202647 0.984228
0.494014 -0.149316 -1.890799
0.318756 -0.058787 0.981266
0.460051 -0.027057 -2.372683
0.292451 0.132655 0.998998
0.503646 0.009826 -2.391739
0.323245 0.313359 0.905973
0.491170 0.049211 -2.141681
0.186521 0.480802 0.832154
0.267759 0.136692 -1.584977
-0.157627 0.564352 0.837110
-0.257632 0.558326 -0.610371
-0.522197 0.774795 0.517581
-0.630377 0.864853 -0.117523
-0.708750 0.930589 0.269218
-0.707430 0.916905 0.066588
-0.726245 0.940215 0.171446
-0.778084 1.175362 0.199960
-0.711947 1.060507 0.157858
-0.506954 -0.810790 0.105178
-0.512053 -0.827468 0.302667
-0.471139 -0.905567 -0.135438
-0.367972 -0.835971 0.505842
-0.283518 -0.953367 -0.265049
-0.149030 -0.832425 0.544975
0.035490 -0.893632 -0.385531
0.134743 -0.737045 0.700979
0.219339 -0.736366 -0.615664
0.214257 -0.481596 0.917145
0.311163 -0.406899 -0.986154
0.346284 -0.289481 0.936562
0.447070 -0.191630 -1.522973
0.417495 -0.193795 0.963858
0.517069 -0.112667 -2.055021
0.420504 -0.071183 0.957899
0.515104 -0.053428 -2.304168
0.400313 0.132477 0.929869
0.482034 0.099187 -2.286563
0.314459 0.300980 0.835184
0.484845 0.114393 -1.955457
0.172401 0.534200 0.880389
0.289624 0.289694 -1.240212
-0.005318 0.640505 0.827304
-0.056819 0.558977 -0.701365
-0.295059 0.712319 0.400320
-0.491805 0.738752 -0.200121
-0.613074 0.770713 0.116560
-0.642660 0.823870 0.008058
-0.621876 0.877097 0.038857
-0.662012 0.895115 0.054247
-0.588365 0.902089 -0.022163
-0.290280 -0.914085 0.074207
-0.268902 -0.895345 0.318942
-0.187351 -0.958986 -0.080960
-0.065029 -0.918175 0.487550
0.070080 -0.984600 -0.202955
0.201215 -0.875379 0.575595
0.359006 -0.903375 -0.370560
0.414275 -0.759815 0.668249
0.440302 -0.755831 -0.554307
0.420186 -0.543720 0.813536
0.424458 -0.491790 -0.864581
0.451670 -0.340388 0.860089
0.530236 -0.280738 -1.331710
0.501978 -0.217349 0.800253
0.575972 -0.229205 -1.723809
0.553264 -0.025244 0.835470
0.606271 -0.120167 -2.053751
0.514427 0.180980 0.902921
0.541697 0.037915 -2.096462
0.426145 0.356707 0.807511
0.443967 0.112741 -1.862888
0.352214 0.560605 0.784894
0.428492 0.208617 -1.571220
0.243731 0.630458 0.785174
0.213844 0.449289 -0.966764
0.034503 0.711940 0.591244
-0.176167 0.689551 -0.480240
-0.362042 0.769665 0.342661
-0.482683 0.786244 -0.102505
-0.525887 0.799923 0.171290
-0.552806 0.814308 0.057014
-0.448527 0.843168 0.156591
-0.119023 -1.010671 0.197401
-0.041465 -0.947685 0.391735
0.111774 -1.048545 -0.079241
0.273266 -0.957828 0.531759
0.420216 -1.040731 -0.217561
0.543661 -0.907798 0.586154
0.655805 -0.898356 -0.331165
0.678930 -0.766167 0.614770
0.648761 -0.706447 -0.499760
0.600338 -0.524395 0.736536
0.569580 -0.417341 -0.856361
0.602693 -0.354787 0.719403
0.615119 -0.252318 -1.299970
0.630179 -0.248086 0.740219
0.640923 -0.242499 -1.863191
0.653032 -0.064122 0.731475
0.697921 -0.068735 -1.891179
0.588222 0.196699 0.838203
0.574867 0.124260 -2.093957
0.568340 0.330901 0.766771
0.541077 0.198064 -1.765996
0.423087 0.585348 0.759337
0.503380 0.277148 -1.428830
0.441502 0.748830 0.737630
0.431788 0.498143 -0.837060
0.306001 0.805810 0.600540
0.149338 0.737145 -0.504177
-0.019488 0.875044 0.391902
-0.180270 0.870894 -0.196380
-0.240896 0.896991 0.185370
-0.215481 0.933869 0.019053
-0.173217 0.933269 0.102727
0.034665 -1.117771 0.117301
0.145248 -1.063682 0.324118
0.317980 -1.119976 -0.009123
0.511478 -1.035919 0.471382
0.662481 -1.086664 -0.136480
0.808021 -0.986577 0.489346
0.878436 -0.981092 -0.203911
0.903684 -0.835910 0.479523
0.818011 -0.748998 -0.335774
0.762609 -0.602394 0.545710
0.669585 -0.465545 -0.615250
0.687262 -0.461814 0.578940
0.593876 -0.371454 -1.181668
0.682982 -0.329794 0.535508
0.704853 -0.250232 -1.488058
0.708602 -0.080662 0.594594
0.688231 -0.169694 -1.764323
0.652857 0.136461 0.654300
0.692140 0.077210 -1.577282
0.638084 0.336410 0.588566
0.565061 0.159393 -1.701018
0.514363 0.545196 0.624225
0.615770 0.239243 -1.343552
0.573529 0.753990 0.648408
0.583969 0.503702 -0.877763
0.546283 0.845822 0.684323
0.477462 0.775419 -0.525375
0.324538 0.950155 0.531895
0.162833 0.940071 -0.267757
0.034733 1.007520 0.353951
0.011038 1.032233 -0.087693
-0.021037 1.014987 0.134372
0.291528 -1.194414 0.209829
0.462861 -1.124016 0.398881
0.628106 -1.185448 0.018465
0.780625 -1.111519 0.475038
0.916005 -1.156516 -0.038946
1.041267 -1.033893 0.468635
1.076309 -1.010817 -0.112857
1.093619 -0.877531 0.461623
0.988522 -0.820571 -0.220071
0.934298 -0.653802 0.471311
0.806683 -0.520864 -0.415159
0.788178 -0.451622 0.433096
0.710056 -0.295975 -0.799370
0.725854 -0.301883 0.484141
0.746949 -0.251889 -1.093684
0.762161 -0.079288 0.602425
0.803652 -0.128989 -1.275304
0.730800 0.149190 0.569967
0.746632 0.046661 -1.093380
0.675790 0.327295 0.575303
0.676111 0.150325 -0.916445
0.653490 0.532091 0.550723
0.716068 0.419764 -0.504749
0.792735 0.746419 0.551335
0.806974 0.638263 -0.460485
0.809368 0.904369 0.602441
0.710292 0.891643 -0.359058
0.580886 1.084646 0.490999
0.431469 1.076007 -0.227662
0.295683 1.156645 0.298588
0.240872 1.148363 -0.037678
0.125320 1.135591 0.100165
0.494772 -1.215935 0.183744
0.657402 -1.177230 0.310842
0.781644 -1.199330 0.105618
0.928070 -1.177540 0.357468
1.043671 -1.185253 0.078453
1.141555 -1.136304 0.409282
1.159267 -1.106661 -0.040099
1.202844 -1.005668 0.363250
1.113260 -0.903432 -0.103823
1.028802 -0.776669 0.420348
0.872172 -0.646879 -0.223147
0.799395 -0.567160 0.343316
0.709866 -0.441404 -0.342517
0.716426 -0.347284 0.351480
0.756966 -0.314897 -0.673337
0.786928 -0.129050 0.424049
0.841548 -0.118710 -0.705416
0.749454 0.072660 0.461570
0.800216 0.007399 -0.762877
0.744531 0.292257 0.404681
0.797742 0.228851 -0.352601
0.780583 0.453139 0.370157
0.857954 0.424177 -0.184962
0.926826 0.737806 0.484606
1.026321 0.757696 -0.144858
0.976024 0.916402 0.576791
0.935356 0.960402 -0.186365
0.833660 1.072998 0.495156
0.707128 1.126343 -0.151635
0.467684 1.116559 0.402214
0.361525 1.185342 -0.004990
0.211427 1.146498 0.267280
0.557936 -1.243876 0.084013
0.775709 -1.170510 0.281809
0.867971 -1.176301 -0.043118
1.049342 -1.122454 0.353659
1.120564 -1.104686 0.017737
1.232678 -1.031062 0.291211
1.210517 -0.984780 -0.101314
1.255398 -0.868872 0.299820
1.149145 -0.803911 -0.073665
1.061093 -0.677906 0.271255
0.900633 -0.592943 -0.117428
0.816787 -0.535580 0.171771
0.750669 -0.397935 -0.143936
0.771886 -0.294343 0.181020
0.806324 -0.184359 -0.298861
0.853924 -0.022806 0.161297
0.882964 -0.000422 -0.283801
0.847400 0.161160 0.194247
0.864321 0.148400 -0.200838
0.870625 0.345520 0.199498
0.863127 0.341893 0.032287
0.932596 0.474588 0.233941
0.993308 0.547317 0.110102
1.093739 0.719371 0.384233
1.128458 0.760830 0.078728
1.106575 0.915852 0.443735
1.042409 0.972183 -0.032039
0.968802 1.116851 0.311687
0.841420 1.173726 -0.038405
0.630033 1.215848 0.204249
0.531742 1.223527 -0.025490
0.323980 1.167608 -0.099464
0.629154 -1.164448 0.207830
0.712503 -1.113268 0.463268
0.933120 -1.174438 0.193160
1.005515 -1.068321 0.532580
1.152542 -1.069192 0.179166
1.163381 -0.987067 0.485252
1.224387 -0.970227 0.105598
1.160197 -0.833271 0.345479
1.125700 -0.764829 0.052881
0.994611 -0.620577 0.347869
0.907535 -0.569603 0.097421
0.789061 -0.538453 0.329099
0.769640 -0.518932 0.054652
0.753927 -0.404415 0.325968
0.794743 -0.316802 0.012168
0.800518 -0.132534 0.334242
0.888506 -0.090274 -0.040594
0.845637 0.071573 0.321565
0.869028 0.143939 0.047075
0.831242 0.264213 0.245570
0.866698 0.328106 0.099341
0.870645 0.365380 0.271142
0.993690 0.489545 0.233769
1.038701 0.560595 0.406598
1.178405 0.722535 0.232293
1.082196 0.837969 0.495507
1.135377 0.936428 0.168137
1.022286 1.032983 0.399779
0.922556 1.147553 0.127097
0.686097 1.186281 0.347165
0.583966 1.212002 0.089359
0.447745 1.181855 0.063218
