1.204199 -0.857923 -0.661834
1.250325 -0.425598 -0.354465
1.017651 -0.334149 -0.222617
0.699467 0.289377 -0.739727
1.038383 -0.215031 0.780972
0.984008 -0.139706 -0.062600
1.031381 -0.194507 0.675095
0.763304 0.567120 0.587975
1.044184 0.005881 -0.130323
0.620990 0.728149 0.245371
0.539437 0.196158 1.111192
1.032131 0.075304 0.424149
0.332235 0.212945 1.003364
1.169225 -0.204764 1.030836
0.555079 0.387103 0.974859
1.195326 -0.829480 -0.569552
1.081107 -0.686459 -0.711478
1.021898 -0.461188 -0.310393
0.210321 0.677867 -0.483339
-0.272301 0.264889 -0.685964
1.065242 -0.276340 0.479553
0.954258 0.149159 0.072553
1.155738 -0.061740 -0.523194
0.393921 -0.347368 -0.970673
0.566189 -0.300355 1.101290
1.228262 -0.365332 0.960021
0.085501 0.810862 -0.179911
1.026659 -0.251397 0.594899
-0.649047 0.415428 -0.441904
0.918433 -0.549405 -0.327024
-0.525550 -0.308569 -0.617860
0.872999 -0.188138 -0.579839
1.119398 -0.075124 -0.671002
1.089693 -0.383580 -0.487897
1.264924 -0.144736 -0.628535
1.101485 -0.263751 -0.280109
1.186174 -0.655986 -0.437595
0.997102 -0.084503 -0.734864
1.238778 -0.094356 0.879959
0.425446 0.233027 -0.860808
0.546049 0.444600 0.722176
0.952462 0.337175 0.739583
0.661504 -0.454587 0.751762
0.547347 -0.634705 -0.924487
0.175058 -0.204724 -0.919916
0.634638 -0.776645 -0.524322
-0.570438 -0.574466 0.645210
1.193934 -0.015960 0.917666
-0.032918 0.090798 -0.782958
1.199180 -0.329950 1.025412
0.955611 -0.340303 0.018647
1.021757 0.161286 -0.264442
1.095157 0.314114 0.632973
0.364854 -0.230977 1.021221
0.315524 -0.436249 0.885729
1.160703 -0.323136 0.681972
1.182416 -0.715229 -0.759423
0.960614 0.379965 0.668987
-0.643383 0.161080 -0.547082
1.180279 -0.153373 -0.349767
-0.321468 -0.282592 -0.745525
0.179197 0.445891 -0.713763
0.083880 -0.834994 0.414463
0.661447 -0.704039 0.257173
0.189760 -0.812846 -0.465812
0.818913 -0.518000 -0.887378
0.179127 0.394585 0.843190
0.845896 -0.175268 1.062232
0.521351 0.487594 0.767940
-0.087813 -0.086899 0.912839
1.215891 0.293664 0.565076
1.229021 -0.541968 -0.282721
-0.300557 -0.150541 0.875966
1.229779 -0.281512 0.834880
1.196195 -0.237464 -0.676188
1.023585 -0.353777 -0.268025
1.264475 -0.320180 0.752341
0.956646 -0.672455 -0.441409
0.856941 -0.322996 0.712479
0.972595 0.513296 0.307764
0.642122 -0.748112 -0.349011
-0.390651 -0.428355 0.790541
1.246191 -0.545282 -0.445594
-0.773901 -0.176066 0.766773
0.906908 -0.685245 -0.436840
0.601521 -0.507618 -1.044308
1.073626 -0.523279 -0.413243
1.265741 -0.227998 -0.355049
-0.135820 0.705311 -0.313320
1.273065 -0.337753 -0.662990
-0.707582 -0.380968 0.697288
1.019589 -0.265559 -0.051112
0.711792 0.270483 1.062721
-0.007319 -0.202264 0.948386
1.250052 -0.178832 0.695233
1.189991 -0.215904 1.009032
0.360136 -0.896095 -0.054278
1.026432 -0.384513 -0.796598
1.007939 -0.288016 -0.247799
0.110933 -0.632360 -0.759105
-0.344245 0.108061 0.864824
0.473463 0.707428 0.421511
1.191648 -0.718129 -0.696161
0.767600 -0.248978 0.906488
1.180134 -0.572188 -0.785695
1.028501 -0.008097 -0.617304
-0.005334 0.818414 0.110047
0.471206 0.460144 -0.696362
1.034587 -0.164900 0.713190
0.795276 -0.283974 -0.915316
-0.195462 0.708604 -0.075892
0.969987 -0.725029 -0.690102
1.230684 -0.233307 0.692584
1.041265 -0.079736 0.456899
1.205117 -0.506695 -0.344640
-0.768261 -0.408031 -0.600206
0.490313 -0.403155 0.944628
1.250384 -0.045371 -0.502124
1.068687 -0.227693 -0.718430
-0.424239 0.325266 -0.545227
0.949063 -0.247581 0.297302
0.785854 -0.459592 0.611666
0.733617 -0.763571 -0.803577
1.004013 0.215640 0.012664
0.964388 -0.155137 -0.300523
1.081237 0.253965 0.341088
1.089098 -0.219334 -0.605788
1.002945 0.212245 0.910181
1.093163 -0.692241 -0.500595
-0.705881 -0.097517 -0.647216
1.030230 0.021577 -0.374899
0.364087 -0.822690 -0.703104
-0.018723 0.557147 -0.535985
1.228768 0.301168 0.621726
-0.171276 -0.614258 -0.643686
1.137039 -0.241385 0.940736
1.270852 -0.100558 0.467934
0.324614 0.548432 0.727841
-0.096985 -0.646623 -0.632146
0.633579 0.582597 -0.460322
1.080954 -0.608945 -0.673859
-0.097551 0.365092 -0.684886
-0.176086 -0.337649 0.823028
0.554119 0.104837 -0.846522
1.050333 -0.033754 1.028018
0.983186 -0.085213 0.456747
-0.361601 -0.447797 -0.718299
0.211265 -0.334065 0.944111
-0.228896 0.530757 0.559574
0.831880 0.644653 0.006104
1.272386 -0.458784 -0.354717
1.002124 -0.078650 -0.341783
0.962586 0.052010 -0.586138
0.692424 -0.414440 -0.921882
0.162856 -0.533673 -0.879715
0.654159 -0.319496 0.879481
1.001522 0.293985 0.453916
-0.335684 0.545475 -0.416741
1.243178 -0.935563 -0.592349
0.238251 -0.004278 1.058783
-0.817074 -0.584685 -0.515695
1.259609 -0.531886 -0.710546
1.054257 -0.120296 -0.149814
1.097013 0.024334 0.777065
0.830343 0.205748 -0.680368
0.978470 0.074090 -0.095618
1.296277 -0.637601 -0.351194
0.811721 0.440012 -0.592558
1.037528 -0.055660 0.281467
0.192487 -0.737038 -0.644075
1.233738 0.170263 0.394030
-0.034463 0.162379 0.871026
0.531548 -0.050876 1.151988
1.054659 0.346311 0.484025
1.206185 -0.460206 -0.765354
0.728012 0.430788 0.859190
1.044705 -0.049152 0.111723
1.265429 -0.595986 -0.541239
0.447154 -0.848665 -0.319235
1.154647 -0.174087 0.567688
1.000135 0.044462 0.242709
0.634674 0.661760 -0.326739
0.918887 0.467279 -0.056467
1.136671 -0.132399 -0.480685
0.949458 -0.222924 0.562369
1.070828 -0.443611 -0.339840
1.076807 -0.084692 -0.485268
-0.477814 0.005090 -0.645014
1.305052 0.154045 0.428564
0.556035 -0.188457 -0.940168
0.288384 -0.031574 -0.882954
0.988405 -0.141254 -0.420333
1.111992 -0.854312 -0.604227
0.710066 -0.114700 -0.865426
-0.547825 -0.014722 0.769677
1.257132 -0.181904 0.618593
1.288400 -0.687100 -0.539298
0.899781 -0.530452 -0.122687
-0.010084 -0.827794 -0.368913
1.205830 -0.316550 -0.749839
1.281504 0.231080 0.623276
0.569586 0.749254 -0.022355
1.267399 0.243374 0.475910
0.374666 -0.081236 1.038286
1.211170 -0.748548 -0.588029
1.200786 0.224718 0.766182
-0.284451 -0.036942 -0.749843
1.302823 0.004378 0.637501
-0.005694 -0.434452 0.812874
1.266407 -0.810041 -0.454823
0.933568 0.218777 -0.174732
1.142661 0.088451 0.427935
0.981239 0.168623 -0.485278
1.180672 0.157462 0.872954
-0.337492 0.327848 0.676983
0.047259 -0.754845 -0.582747
0.289236 0.271864 -0.800024
1.299306 -0.233275 -0.548090
0.064891 -0.154423 -0.851490
1.272031 0.111669 0.672172
-0.129110 -0.457287 -0.701194
0.026419 0.412123 0.727765
-0.889408 -0.250536 -0.568944
0.452108 -0.641928 0.584569
-0.530155 -0.207291 0.743979
1.249630 -0.206800 0.570571
0.443702 -0.842950 -0.513762
-0.563158 -0.491071 -0.573606
1.168445 -0.282658 0.833337
0.716281 -0.827247 -0.627177
1.137305 0.020029 0.429148
1.149462 -0.484938 -0.735713
-0.490712 -0.729720 -0.387217
-0.074177 -0.426981 -0.803634
0.521604 -0.776592 -0.710804
1.197508 -0.307532 -0.327753
0.077783 -0.659899 0.607027
0.585117 0.609111 0.523968
-0.408654 -0.598573 -0.617363
-0.276422 0.516792 -0.556082
0.734806 0.099303 -0.826565
-0.174790 -0.584881 0.702781
0.811556 -0.682194 -0.258162
1.075250 0.168502 0.468348
-0.670601 -0.605982 -0.488748
0.835952 0.062373 1.123916
-0.598676 0.128330 0.741436
1.103434 -0.234405 -0.430785
0.436190 -0.471494 -0.791973
-0.687346 -0.680544 -0.387337
-0.350027 -0.764629 -0.518896
1.146664 -0.536639 -0.375686
-0.049652 -0.778226 -0.509036
0.228591 0.651007 0.514492
0.904244 0.354792 -0.391502
0.296922 -0.574217 0.739849
-0.581088 -0.975377 0.170438
-0.595095 -0.966227 0.350082
-0.660605 -0.932107 -0.038710
-0.603934 -0.930879 0.519855
-0.761874 -0.956338 0.036931
-0.674881 -0.883604 0.600608
-0.754727 -0.846801 -0.236570
-0.776486 -0.678782 0.786230
-1.107241 -0.926760 -0.256427
-1.049223 -0.787914 0.771548
-1.244338 -0.858635 -0.383225
-1.169462 -0.638657 0.882654
-1.339530 -0.720803 -0.364644
-1.250231 -0.537561 0.797955
-1.268178 -0.564409 -0.446341
-1.208068 -0.347864 0.829120
-1.310491 -0.471785 -0.434137
-1.231312 -0.296257 0.706927
-1.268521 -0.419100 -0.486751
-1.231631 -0.249218 0.768834
-1.406966 -0.320214 -0.465414
-1.374912 -0.227998 0.642139
-1.418410 -0.175028 -0.423715
-1.307844 -0.095523 0.610619
-1.335813 0.001215 -0.215116
-1.263878 0.000853 0.542149
-1.166696 0.067064 -0.343937
-1.094710 0.138206 0.584328
-1.066123 0.215363 -0.292016
-0.994098 0.261945 0.421561
-0.791215 0.319826 -0.299643
-0.744469 0.508708 0.289796
-0.722943 -1.043808 0.053164
-0.593753 -1.174510 0.279600
-0.667818 -1.194426 0.190707
-0.726401 -1.148747 0.560012
-0.881220 -1.131374 -0.064192
-0.981714 -0.999637 0.625841
-1.105205 -1.170716 -0.030395
-1.193311 -0.938693 0.669198
-1.259364 -1.026263 -0.134500
-1.353812 -0.786292 0.713061
-1.517456 -0.923105 -0.157897
-1.519731 -0.684807 0.668986
-1.536326 -0.758813 -0.281431
-1.532011 -0.486218 0.675626
-1.567051 -0.614070 -0.241010
-1.537250 -0.375299 0.617046
-1.500900 -0.536357 -0.378886
-1.466669 -0.295387 0.663200
-1.516505 -0.490803 -0.337769
-1.495760 -0.269446 0.618606
-1.515949 -0.411674 -0.423846
-1.525200 -0.250959 0.593139
-1.624437 -0.336103 -0.281500
-1.572304 -0.230926 0.519630
-1.533100 -0.209373 -0.231310
-1.493226 -0.147727 0.501263
-1.457620 -0.104339 0.022143
-1.376122 -0.011095 0.484884
-1.204307 0.073672 -0.256634
-1.105852 0.158997 0.423875
-1.092868 0.250449 0.307875
-0.855654 0.240038 0.535654
-0.637440 -0.966621 0.312188
-0.636131 -1.144636 0.481381
-0.818913 -1.176285 0.310849
-0.974850 -1.223100 0.549134
-1.200783 -1.221953 0.413311
-1.331075 -1.158544 0.382803
-1.409199 -1.087348 0.249263
-1.504576 -0.995673 0.417537
-1.581603 -0.998275 0.329184
-1.631929 -0.845635 0.311952
-1.654366 -0.787728 0.121576
-1.687760 -0.631957 0.385141
-1.700435 -0.611045 0.091952
-1.695107 -0.417961 0.287106
-1.670668 -0.430850 -0.004916
-1.666289 -0.255660 0.350095
-1.714961 -0.347202 0.016574
-1.680089 -0.182787 0.325450
-1.684088 -0.288984 -0.026355
-1.667104 -0.134189 0.362040
-1.704971 -0.226031 0.124085
-1.699275 -0.105236 0.281303
-1.689470 -0.121415 0.099933
-1.647195 0.040543 0.282308
-1.617641 0.023529 0.171648
-1.524257 0.089717 0.157471
-1.403660 0.101539 -0.014259
-1.294296 0.202470 0.143273
-1.175954 0.227595 -0.010510
-1.040345 0.304780 0.034835
-0.995642 0.350593 -0.092122
-0.807436 0.499593 0.069813
-0.775146 -1.208730 0.130431
-0.814592 -1.335434 0.380090
-0.937488 -1.322662 0.334369
-0.990120 -1.311305 0.488897
-1.116373 -1.200972 0.175147
-1.221063 -1.118612 0.552611
-1.382617 -1.132907 0.174270
-1.421785 -1.038193 0.412482
-1.484933 -1.023129 0.080151
-1.497005 -0.882694 0.521254
-1.615848 -0.882782 0.011279
-1.588997 -0.727522 0.524612
-1.659539 -0.729065 -0.199504
-1.631679 -0.482626 0.603227
-1.676601 -0.537066 -0.191781
-1.668595 -0.311684 0.559811
-1.663195 -0.442648 -0.272756
-1.670820 -0.227469 0.611383
-1.662227 -0.382948 -0.277146
-1.659189 -0.220030 0.588416
-1.612177 -0.308548 -0.309513
-1.605322 -0.132952 0.573091
-1.611831 -0.158615 -0.078398
-1.579683 -0.032743 0.373157
-1.502515 0.009775 -0.038950
-1.455594 0.074342 0.308683
-1.415380 0.126318 0.084181
-1.311797 0.185779 0.300181
-1.195243 0.235165 -0.079784
-1.015197 0.316533 0.274816
-0.961164 0.408682 0.168622
-0.725799 0.441588 0.350024
-0.744106 -1.163090 0.322517
-0.748145 -1.267199 0.470744
-0.933987 -1.282546 0.221068
-1.035076 -1.250581 0.547773
-1.170530 -1.266456 0.203904
-1.207188 -1.169194 0.493214
-1.299616 -1.078505 0.027464
-1.397191 -0.983791 0.537655
-1.461882 -0.917631 -0.105776
-1.502569 -0.799527 0.545547
-1.534447 -0.722402 -0.267875
-1.568243 -0.573658 0.585611
-1.632294 -0.611085 -0.375027
-1.636488 -0.369740 0.620612
-1.671152 -0.452288 -0.349451
-1.706269 -0.134206 0.646676
-1.709427 -0.332167 -0.241518
-1.694757 -0.021183 0.684067
-1.635026 -0.177779 -0.114530
-1.602362 0.015539 0.617917
-1.577819 -0.073190 -0.088726
-1.523539 0.012683 0.407724
-1.476166 0.010621 -0.091905
-1.432966 0.104671 0.268309
-1.393296 0.151273 0.005327
-1.328277 0.163417 0.118776
-1.223965 0.238638 -0.001224
-1.092421 0.290015 0.046968
-0.956819 0.403799 -0.061548
-0.764715 0.488162 0.031981
-0.637601 0.526941 -0.136876
-0.543942 0.612402 0.045249
-0.700743 -1.257521 0.206237
-0.694948 -1.330454 0.372015
-0.801725 -1.295864 0.260009
-0.835620 -1.251901 0.521111
-0.965018 -1.237470 0.117450
-1.017832 -1.146645 0.640257
-1.128205 -1.120355 -0.024250
-1.165309 -0.987337 0.650543
-1.269218 -0.945190 -0.176032
-1.324061 -0.782444 0.697563
-1.439240 -0.739832 -0.383299
-1.476789 -0.529818 0.708188
-1.602538 -0.592199 -0.483199
-1.597846 -0.346003 0.717592
-1.663907 -0.491377 -0.536237
-1.630195 -0.152789 0.737855
-1.619864 -0.340354 -0.467794
-1.584796 -0.057359 0.740510
-1.527399 -0.236024 -0.371085
-1.465962 -0.018837 0.710170
-1.433195 -0.107347 -0.309424
-1.390539 -0.000723 0.498857
-1.374294 0.032135 -0.174929
-1.345236 0.139709 0.320164
-1.285437 0.216095 -0.104714
-1.219091 0.271708 0.215159
-1.146537 0.329953 -0.036524
-0.963381 0.403242 0.238668
-0.858225 0.456035 -0.102212
-0.677544 0.526354 0.213335
-0.617643 0.601854 0.078019
-0.467772 0.600562 0.295998
-0.631653 -1.043431 0.211889
-0.650871 -1.121825 0.330107
-0.747546 -1.155484 0.022931
-0.802485 -1.091580 0.627934
-0.932802 -1.128797 -0.073219
-0.951941 -1.018997 0.731589
-1.078365 -1.024106 -0.181501
-1.093466 -0.855407 0.755990
-1.224050 -0.825376 -0.354583
-1.227668 -0.585960 0.753559
-1.424288 -0.611512 -0.380159
-1.412986 -0.385305 0.700025
-1.583481 -0.473937 -0.500734
-1.562406 -0.263066 0.696249
-1.613447 -0.404589 -0.509403
-1.564757 -0.118597 0.683858
-1.528835 -0.279708 -0.429295
-1.515927 0.018619 0.689136
-1.443654 -0.135535 -0.370096
-1.385299 0.056570 0.594440
-1.347179 -0.011061 -0.300257
-1.281833 0.079308 0.488237
-1.251198 0.082207 -0.205511
-1.172995 0.175104 0.299782
-1.070159 0.272651 -0.095289
-0.938158 0.338754 0.187860
-0.835555 0.436478 -0.089177
-0.726104 0.522044 0.092928
-0.673912 0.595991 -0.142570
-0.567466 0.660974 0.009715
-0.466450 0.669627 -0.118481
-0.371330 0.705025 -0.035589
-0.637304 -1.027130 -0.055147
-0.656572 -1.111207 0.134597
-0.702531 -1.139383 -0.046090
-0.718810 -1.114420 0.393544
-0.794693 -1.080757 -0.172120
-0.816399 -0.981740 0.636768
-0.919080 -0.996147 -0.267078
-0.906389 -0.846140 0.726217
-1.043847 -0.828628 -0.338978
-1.055423 -0.620769 0.752425
-1.263725 -0.637515 -0.448768
-1.243435 -0.394061 0.761936
-1.449915 -0.490260 -0.458866
-1.453125 -0.303746 0.661677
-1.508534 -0.429434 -0.495955
-1.457328 -0.170678 0.651301
-1.432816 -0.330793 -0.485634
-1.377622 -0.055171 0.654012
-1.337720 -0.188176 -0.445694
-1.266023 -0.004537 0.631791
-1.225829 -0.039463 -0.399589
-1.177484 0.087265 0.540484
-1.139232 0.101080 -0.359477
-1.070192 0.228950 0.399851
-0.965945 0.323785 -0.227408
-0.846773 0.417591 0.222733
-0.752901 0.485827 -0.149704
-0.643915 0.549219 0.234146
-0.581240 0.585072 -0.135378
-0.475402 0.652275 0.157373
-0.371091 0.685154 0.053413
-0.228257 0.708850 0.246571
-0.581198 -0.993254 -0.204493
-0.602935 -0.959225 0.010166
-0.604411 -1.103329 -0.426884
-0.664997 -0.926997 0.376993
-0.713817 -1.017766 -0.387411
-0.721660 -0.821407 0.567116
-0.778241 -0.918052 -0.447293
-0.772924 -0.715306 0.747053
-0.871076 -0.771195 -0.488469
-0.863789 -0.549184 0.829464
-1.031698 -0.622106 -0.438046
-1.006918 -0.449622 0.831300
-1.209447 -0.493885 -0.451773
-1.170897 -0.355014 0.741372
-1.299667 -0.406032 -0.466453
-1.184947 -0.227961 0.743416
-1.242050 -0.321206 -0.455724
-1.174584 -0.119208 0.694301
-1.135776 -0.172443 -0.451454
-1.023614 0.005434 0.578810
-1.015502 -0.011576 -0.472811
-0.940408 0.109012 0.595175
-0.928926 0.162114 -0.427406
-0.822219 0.298404 0.446175
-0.765717 0.411656 -0.302601
-0.663156 0.524845 0.258395
-0.593013 0.584539 -0.228018
-0.530989 0.648459 0.070028
-0.486800 0.665164 -0.191976
-0.395247 0.719389 0.022177
-0.161073 0.753425 -0.096018
-0.026967 0.745762 -0.053700
-0.592560 -1.114902 -0.589505
-0.618187 -1.120860 -0.381665
-0.586669 -1.258340 -0.648025
-0.611273 -1.061099 -0.053060
-0.608353 -1.226981 -0.728073
-0.650592 -0.913724 0.436252
-0.640849 -1.082785 -0.664312
-0.627989 -0.758792 0.722456
-0.629446 -0.939996 -0.651049
-0.673415 -0.636433 0.872785
-0.719731 -0.769520 -0.622667
-0.685807 -0.575343 1.039897
-0.773340 -0.643643 -0.548345
-0.723493 -0.488228 0.977488
-0.816236 -0.475017 -0.578407
-0.726723 -0.318902 0.982840
-0.833025 -0.371884 -0.600041
-0.763736 -0.205909 0.888146
-0.783966 -0.226841 -0.573624
-0.729169 -0.076972 0.841910
-0.800785 -0.052462 -0.562722
-0.785490 0.097285 0.690251
-0.792012 0.145115 -0.546848
-0.669421 0.310222 0.597669
-0.602078 0.394669 -0.395130
-0.530190 0.546403 0.365622
-0.460878 0.575856 -0.250750
-0.394264 0.670102 0.169709
-0.329267 0.690212 -0.217279
-0.172389 0.749544 0.068023
0.020843 0.783079 -0.091758
0.174364 0.863935 0.083673
-0.493939 -1.223445 -0.634248
-0.542479 -1.126626 -0.428837
-0.523414 -1.328162 -0.881564
-0.567271 -0.901977 0.153602
-0.578969 -1.221572 -0.889755
-0.606277 -0.715412 0.602750
-0.576674 -1.094864 -0.935327
-0.574481 -0.607387 1.033423
-0.579248 -0.908097 -0.848151
-0.585977 -0.486635 1.336726
-0.612151 -0.837502 -0.800094
-0.562295 -0.555975 1.541220
-0.597041 -0.715921 -0.720927
-0.538123 -0.466873 1.485240
-0.604741 -0.555390 -0.699470
-0.505533 -0.352124 1.443516
-0.558766 -0.402340 -0.687793
-0.525978 -0.222145 1.170870
-0.567311 -0.210794 -0.732122
-0.516059 -0.051430 0.988506
-0.533239 -0.000455 -0.711207
-0.554931 0.141148 0.838056
-0.568289 0.249456 -0.607479
-0.500218 0.380681 0.672626
-0.469163 0.508995 -0.463087
-0.396407 0.615537 0.342332
-0.322255 0.664176 -0.296689
-0.242143 0.759528 0.055010
-0.117568 0.812608 -0.253897
0.055940 0.883316 -0.091707
0.293208 0.947513 -0.240351
0.371838 1.001726 -0.199800
-0.498093 -1.361616 -0.886098
-0.509835 -1.285957 -0.711630
-0.455860 -1.433413 -0.950525
-0.507622 -1.081389 -0.262743
-0.455656 -1.420799 -1.080750
-0.523411 -0.830797 0.392859
-0.453317 -1.292353 -1.001208
-0.491549 -0.693039 0.884097
-0.483974 -1.173991 -1.053579
-0.495033 -0.594232 1.283952
-0.525185 -1.022411 -0.853762
-0.442466 -0.615396 1.501627
-0.521864 -0.907088 -0.902311
-0.427795 -0.588002 1.644711
-0.470927 -0.721922 -0.788067
-0.342581 -0.478628 1.567953
-0.439781 -0.548080 -0.819362
-0.375769 -0.306554 1.482726
-0.423535 -0.327311 -0.746548
-0.358158 -0.143131 1.276760
-0.373599 -0.039484 -0.700689
-0.425045 0.065987 1.017174
-0.381229 0.202026 -0.664882
-0.356722 0.353854 0.781645
-0.252901 0.471010 -0.486909
-0.232949 0.594709 0.382250
-0.132748 0.682071 -0.319074
-0.067183 0.775984 0.014540
0.059795 0.899343 -0.280071
0.205710 0.990344 -0.160720
0.342979 1.095516 -0.352283
0.438056 1.231846 -0.191167
-0.365410 -1.179218 -0.689526
-0.393900 -1.123730 -0.488957
-0.355093 -1.314109 -1.022818
-0.397768 -0.911707 0.001651
-0.439251 -1.207381 -0.994206
-0.499551 -0.732618 0.494057
-0.479593 -1.109881 -1.016281
-0.451442 -0.527774 1.046835
-0.520500 -0.873285 -0.806864
-0.475376 -0.435357 1.394497
-0.490770 -0.827130 -0.861991
-0.418729 -0.491798 1.693765
-0.461479 -0.739702 -0.824423
-0.409898 -0.419249 1.624235
-0.412828 -0.594818 -0.777205
-0.354769 -0.347447 1.581024
-0.407446 -0.441338 -0.764669
-0.353104 -0.212764 1.286112
-0.351695 -0.196719 -0.766413
-0.332642 -0.021490 1.100855
-0.276116 0.080702 -0.813096
-0.321793 0.214951 0.875652
-0.207597 0.312745 -0.695516
-0.145915 0.472668 0.643479
-0.009587 0.583448 -0.546017
0.048529 0.740252 0.244644
0.162851 0.856321 -0.374186
0.197411 0.993602 -0.137323
0.263235 1.153259 -0.389236
0.330326 1.351889 -0.356811
0.384373 1.571168 -0.529995
0.457015 1.662821 -0.512589
-0.380903 -1.225574 -0.845219
-0.337478 -1.160595 -0.655695
-0.306203 -1.322874 -0.882163
-0.349525 -1.017561 -0.161843
-0.339148 -1.318837 -1.043492
-0.396462 -0.844414 0.414815
-0.348393 -1.269713 -0.992401
-0.354379 -0.686235 0.881001
-0.386032 -1.218565 -1.116205
-0.386290 -0.589771 1.306156
-0.398083 -0.942889 -0.824204
-0.354121 -0.543234 1.498837
-0.351299 -0.834920 -0.938334
-0.317265 -0.503594 1.717168
-0.313751 -0.702232 -0.852243
-0.266419 -0.435593 1.610870
-0.309083 -0.527513 -0.818214
-0.256671 -0.292238 1.496179
-0.239564 -0.281685 -0.767122
-0.228389 -0.068957 1.219819
-0.164073 0.051513 -0.747302
-0.175694 0.237369 0.885622
-0.041684 0.313589 -0.708246
0.008103 0.513421 0.567571
0.157676 0.601735 -0.575849
0.179721 0.825963 0.177954
0.287030 0.930574 -0.477891
0.291319 1.108802 -0.172421
0.371246 1.284264 -0.497744
0.379103 1.469856 -0.349441
0.462002 1.579750 -0.613373
0.543873 1.659906 -0.547113
-0.341498 -0.997062 -0.419319
-0.342751 -0.947890 -0.208829
-0.293962 -1.111146 -0.793195
-0.299121 -0.853041 0.210145
-0.336496 -1.052958 -0.844368
-0.369870 -0.758071 0.566086
-0.378905 -1.029396 -0.926670
-0.334198 -0.567434 0.962506
-0.398858 -0.828339 -0.768159
-0.400896 -0.426099 1.174214
-0.306427 -0.720112 -0.867811
-0.324601 -0.430793 1.383866
-0.214723 -0.671103 -0.876371
-0.333089 -0.365254 1.392767
-0.222923 -0.526918 -0.827782
-0.287591 -0.281122 1.378750
-0.202985 -0.377709 -0.804857
-0.262317 -0.156423 1.150368
-0.157406 -0.146640 -0.782378
-0.165595 0.135282 0.936881
-0.041317 0.211683 -0.754934
0.039297 0.419635 0.691615
0.183022 0.471646 -0.623477
0.264232 0.676881 0.368298
0.312336 0.783540 -0.563578
0.325874 1.032118 0.047119
0.410038 1.331487 -0.602466
0.418677 1.579656 -0.271056
0.479271 1.913546 -0.654960
0.472059 2.025314 -0.514016
0.530328 2.174573 -0.815362
0.543303 2.126942 -0.697939
-0.368910 -1.019993 -0.468393
-0.334571 -0.968575 -0.245756
-0.321564 -1.088778 -0.520781
-0.248124 -0.876289 0.180229
-0.249749 -1.037986 -0.685526
-0.235095 -0.780971 0.550583
-0.246988 -1.022170 -0.796591
-0.227533 -0.658775 0.765072
-0.258997 -1.024235 -0.948912
-0.248659 -0.561637 1.080652
-0.152528 -0.782909 -0.802880
-0.171065 -0.486074 1.189260
-0.066427 -0.685534 -0.882830
-0.152986 -0.411442 1.372717
-0.031183 -0.548342 -0.860518
-0.114045 -0.305672 1.280682
-0.018824 -0.370195 -0.802675
-0.102475 -0.133952 1.162228
0.016430 -0.133012 -0.840479
-0.010293 0.181122 0.974568
0.105630 0.271969 -0.739378
0.134064 0.505179 0.636551
0.259961 0.536330 -0.615325
0.273844 0.723840 0.319686
0.327177 0.802630 -0.546439
0.325023 1.053442 0.044051
0.466846 1.232833 -0.627973
0.519947 1.442310 -0.259844
0.585898 1.781864 -0.807590
0.556551 1.898919 -0.436812
0.608517 2.106232 -0.805182
0.594850 2.115609 -0.608926
-0.275322 -0.942982 -0.107052
-0.281066 -0.899333 0.137419
-0.232841 -0.957368 -0.410488
-0.164787 -0.825744 0.417863
-0.145669 -0.930350 -0.624601
-0.116208 -0.740610 0.601704
-0.124992 -0.877165 -0.796090
-0.061613 -0.582176 0.784221
-0.061763 -0.738810 -0.790060
-0.108335 -0.454159 0.938285
0.034282 -0.641291 -0.892801
0.008545 -0.385530 1.090020
0.157731 -0.593868 -0.926296
0.023545 -0.298026 1.194304
0.178421 -0.443205 -0.902809
0.067172 -0.140445 1.141590
0.204723 -0.191282 -0.866641
0.125609 0.065717 1.033478
0.225813 0.099727 -0.855984
0.214937 0.378133 0.800640
0.282331 0.454229 -0.731310
0.275392 0.650915 0.508090
0.338710 0.719365 -0.609878
0.348558 0.894353 0.226113
0.405956 1.063337 -0.655571
0.438957 1.288085 -0.123505
0.580624 1.645875 -0.818370
0.646159 1.901906 -0.407610
0.704667 2.261915 -0.915558
0.653631 2.344715 -0.566265
0.667790 2.523109 -0.835142
0.666279 2.413744 -0.740504
-0.202722 -0.980143 -0.164429
-0.195544 -0.953710 0.107864
-0.147991 -0.967151 -0.274661
-0.056220 -0.882727 0.385485
0.017338 -0.928785 -0.467803
0.063408 -0.792584 0.627870
0.146235 -0.865115 -0.719131
0.147077 -0.673303 0.751153
0.282638 -0.811503 -0.871071
0.183515 -0.540698 0.901699
0.382087 -0.704857 -0.944770
0.310680 -0.427668 1.000922
0.498357 -0.577982 -0.976539
0.348205 -0.314470 1.114578
0.497072 -0.446313 -1.009867
0.389512 -0.139876 1.130433
0.438350 -0.152372 -0.953570
0.295275 0.115493 1.044906
0.403903 0.166050 -0.899118
0.353469 0.425018 0.786245
0.387226 0.443253 -0.746179
0.362341 0.657029 0.498042
0.424461 0.661908 -0.648654
0.444911 0.844307 0.255598
0.501616 0.926635 -0.637233
0.501354 1.136328 -0.048539
0.608352 1.457935 -0.751101
0.620197 1.670861 -0.323181
0.633301 2.031314 -0.846167
0.631090 2.186867 -0.534485
0.661378 2.348210 -0.852488
0.693672 2.245800 -0.724556
-0.047447 -0.975835 0.012200
-0.046581 -0.926103 0.280592
0.034737 -0.951476 -0.277051
0.120519 -0.832514 0.473419
0.271657 -0.891103 -0.508107
0.334238 -0.724021 0.632078
0.508727 -0.792355 -0.726851
0.500672 -0.600008 0.750658
0.638403 -0.683838 -0.843170
0.564087 -0.454685 0.854883
0.768284 -0.603421 -0.938058
0.706169 -0.342750 0.997626
0.856064 -0.496153 -0.963823
0.665671 -0.244672 1.090940
0.811717 -0.325439 -0.967406
0.739253 -0.025316 1.048645
0.767205 0.008422 -0.907811
0.539102 0.236865 0.937179
0.576720 0.289758 -0.804624
0.582649 0.504391 0.621031
0.565155 0.547079 -0.662863
0.557953 0.734793 0.424654
0.575478 0.799695 -0.636522
0.619093 0.951977 0.240826
0.655350 1.153639 -0.742871
0.646137 1.363400 -0.109644
0.722327 1.708634 -0.865621
0.729403 1.926145 -0.423574
0.707654 2.243231 -0.902294
0.722654 2.375873 -0.609789
0.762415 2.598643 -0.921834
0.760207 2.481299 -0.831582
0.054295 -0.973879 -0.079090
0.081868 -0.953830 0.197399
0.185555 -0.942216 -0.209713
0.284935 -0.859298 0.417109
0.416198 -0.891084 -0.418817
0.505632 -0.760300 0.556546
0.630414 -0.806880 -0.629016
0.661106 -0.640625 0.614500
0.740625 -0.729344 -0.796049
0.742222 -0.484269 0.722612
0.876211 -0.628749 -0.868424
0.874535 -0.347478 0.849812
0.981235 -0.469278 -0.882443
0.957021 -0.198515 0.937110
1.081396 -0.303349 -0.803900
1.037302 -0.053417 0.815717
1.007953 -0.008447 -0.690558
0.860106 0.229939 0.678832
0.868361 0.237259 -0.599367
0.773797 0.425906 0.453031
0.720339 0.436863 -0.562019
0.684951 0.637309 0.358855
0.700369 0.675959 -0.623441
0.728203 0.844433 0.190019
0.728439 0.968388 -0.719530
0.724368 1.187853 -0.095057
0.764843 1.454417 -0.763029
0.771687 1.648739 -0.357415
0.742001 1.955087 -0.880686
0.765914 2.100687 -0.514666
0.784599 2.296038 -0.877063
0.791480 2.221817 -0.701309
0.230371 -0.986358 0.003130
0.276912 -0.922022 0.313344
0.395485 -0.931901 -0.224524
0.476703 -0.826711 0.414268
0.587163 -0.854881 -0.374480
0.681023 -0.689717 0.513103
0.758336 -0.711660 -0.593278
0.799255 -0.522705 0.572996
0.830157 -0.614102 -0.705034
0.878357 -0.344962 0.653511
0.951368 -0.486045 -0.735009
0.986749 -0.208483 0.786158
1.060623 -0.371089 -0.768516
1.094417 -0.112576 0.755308
1.111111 -0.220407 -0.575926
1.068815 0.041955 0.661219
1.067493 0.056690 -0.502259
0.978823 0.266444 0.478668
0.948112 0.304707 -0.402406
0.882201 0.467989 0.291822
0.843746 0.512022 -0.459687
0.827496 0.680758 0.211654
0.815950 0.775896 -0.598692
0.812002 0.937209 0.059932
0.823802 1.139424 -0.715131
0.811343 1.336226 -0.191422
0.831397 1.580299 -0.787842
0.810039 1.783123 -0.390782
0.804166 2.033120 -0.859651
0.786193 2.143141 -0.589534
0.776861 2.317701 -0.787938
0.779091 2.278066 -0.652300
0.380296 -0.975319 -0.048324
0.427988 -0.951288 0.175784
0.523806 -0.926419 -0.149641
0.627132 -0.826746 0.261283
0.714156 -0.818321 -0.224407
0.793077 -0.710008 0.366660
0.841718 -0.722943 -0.388371
0.881392 -0.584154 0.425588
0.906159 -0.647244 -0.506987
0.911820 -0.430509 0.599771
0.969937 -0.538302 -0.583750
1.001277 -0.286958 0.636474
1.023722 -0.374127 -0.381385
0.991090 -0.207942 0.675830
0.979622 -0.276200 -0.400653
1.003301 -0.063584 0.547556
0.996419 -0.027851 -0.253819
0.972575 0.144351 0.413363
0.980775 0.189029 -0.273406
0.940056 0.330109 0.243924
0.949777 0.400398 -0.357291
0.904455 0.538963 0.217209
0.915684 0.645835 -0.500453
0.872723 0.827120 0.036495
0.878682 0.970996 -0.590360
0.872996 1.187760 -0.176360
0.919627 1.340418 -0.690749
0.875907 1.559920 -0.380422
0.860391 1.689477 -0.764113
0.853703 1.871175 -0.476051
0.850018 1.975211 -0.725404
0.817769 1.991859 -0.489984
0.465020 -0.966342 -0.104402
0.563196 -0.914356 0.159116
0.644213 -0.851327 -0.241675
0.747589 -0.752088 0.222317
0.839805 -0.694107 -0.172179
0.886743 -0.567903 0.188935
0.912655 -0.531992 -0.281883
0.934132 -0.398815 0.216370
0.946687 -0.402797 -0.264544
0.951279 -0.242654 0.285195
0.955454 -0.269833 -0.245046
1.023971 -0.125468 0.340466
1.017845 -0.157498 -0.098614
1.032464 -0.062088 0.309351
0.985559 -0.104695 -0.131023
1.017086 0.044045 0.297129
0.980954 0.097317 -0.015614
0.991566 0.243019 0.178289
0.953813 0.304953 -0.160544
0.955270 0.425281 0.065199
0.966866 0.502786 -0.291386
0.936140 0.626837 0.019043
0.951484 0.754212 -0.427532
0.940459 0.917936 -0.102330
0.928513 1.078861 -0.515858
0.919788 1.275145 -0.329516
0.909306 1.443311 -0.568548
0.908038 1.662243 -0.499545
0.875540 1.818185 -0.646455
0.870728 1.957638 -0.547056
0.824728 2.053500 -0.681221
0.769491 1.898826 -0.828837
0.508137 -0.937561 0.037063
0.543036 -0.863686 0.301094
0.687476 -0.886042 -0.000313
0.728288 -0.731705 0.350843
0.870041 -0.700219 0.032489
0.884925 -0.558825 0.346711
0.930212 -0.525856 -0.011993
0.897709 -0.424838 0.282340
0.922676 -0.432987 -0.069974
0.915896 -0.277524 0.399029
0.947379 -0.286250 0.035549
0.959808 -0.203177 0.374088
1.005837 -0.195600 0.049386
0.970232 -0.101137 0.426221
0.972716 -0.105706 0.105000
0.957988 -0.041288 0.327454
0.997369 0.010122 0.117816
0.995213 0.152018 0.289683
0.996723 0.211040 0.065292
0.979357 0.303599 0.164533
0.982059 0.379519 -0.105444
0.934102 0.500429 0.148073
0.979439 0.596835 -0.210780
0.958703 0.757637 0.012735
0.970753 0.892434 -0.328798
0.943534 1.099017 -0.131191
0.974380 1.217433 -0.388570
0.953483 1.400337 -0.263346
0.920365 1.481794 -0.446452
0.929175 1.662181 -0.346702
0.891075 1.779720 -0.577389
0.760226 1.656496 -0.514388
