0.613253 -0.880150 -0.555447
0.586948 -0.464963 -0.277452
0.454186 -0.489765 0.159175
0.340656 0.084097 -0.455922
0.571671 -0.420534 0.789320
0.412831 0.025728 -0.076800
0.347082 -0.176700 0.566738
0.318436 0.267961 0.341262
0.388695 0.127502 -0.133882
0.297249 0.419566 0.133589
0.118367 0.077704 0.780565
0.340575 -0.041006 0.471703
-0.023415 0.181796 0.720367
0.599759 -0.265198 0.960129
0.130326 0.203971 0.666342
0.586324 -0.841243 -0.211063
0.394915 -0.774029 -0.511836
0.412249 -0.555431 0.192680
0.215253 0.331593 -0.344419
-0.415258 0.076263 -0.594353
0.539721 -0.457616 0.427671
0.327688 0.191094 -0.087221
0.524774 -0.170275 -0.403161
0.114209 -0.451650 -0.671970
0.205364 -0.284900 0.885352
0.639968 -0.493760 0.931075
-0.113929 0.634893 -0.054927
0.514029 -0.571086 0.706478
-0.676730 0.301546 -0.360645
0.441477 -0.456476 -0.111795
-0.614043 -0.359493 -0.617864
0.349466 -0.361102 -0.344958
0.504564 -0.177514 -0.594976
0.478492 -0.370389 -0.370657
0.537024 -0.338409 -0.564855
0.470783 -0.326681 -0.218391
0.491459 -0.697715 -0.001664
0.516586 -0.220618 -0.488785
0.582424 -0.256291 0.840877
0.041876 0.077164 -0.637457
0.255741 0.145894 0.618537
0.364762 0.063887 0.599963
0.209419 -0.519588 0.761544
0.180104 -0.685725 -0.610756
-0.051145 -0.435160 -0.710870
0.378337 -0.691293 -0.364732
-0.653344 -0.747474 0.752264
0.550718 -0.144607 0.939982
-0.135081 -0.001701 -0.720870
0.606954 -0.392234 0.978754
0.446287 -0.465021 0.350705
0.314699 0.074065 -0.343857
0.392013 0.055597 0.503156
0.092842 -0.211406 0.837079
-0.063748 -0.416591 0.842106
0.566861 -0.535568 0.584451
0.490018 -0.744716 -0.511705
0.385851 0.217811 0.516639
-0.697056 0.024182 -0.486136
0.488305 -0.246607 -0.300276
-0.501204 -0.473903 -0.682303
-0.119721 0.253749 -0.507280
-0.104848 -0.985756 0.497443
0.330954 -0.655059 0.372744
0.025738 -0.812817 -0.384492
0.475004 -0.570076 -0.595759
-0.051796 0.265442 0.711843
0.451416 -0.331269 0.837235
0.115589 0.377600 0.498357
-0.207919 -0.043050 0.856987
0.488855 0.224494 0.432598
0.558948 -0.569592 -0.321963
-0.370650 -0.310578 0.865975
0.588081 -0.362875 0.846209
0.461668 -0.282021 -0.471385
0.333950 -0.257153 -0.299112
0.598776 -0.460605 0.685936
0.460253 -0.485929 -0.263567
0.388774 -0.366945 0.620007
0.336492 0.200694 0.098024
0.364233 -0.680999 -0.127580
-0.477331 -0.588371 0.836547
0.399399 -0.484740 -0.318182
-0.765984 -0.143563 0.767394
0.395328 -0.729488 -0.263975
0.251766 -0.527021 -0.646958
0.550271 -0.614994 -0.245053
0.602642 -0.471572 -0.309730
-0.198563 0.558147 -0.224206
0.524229 -0.498214 -0.548983
-0.762959 -0.507676 0.785248
0.424156 -0.340865 0.249725
0.399313 0.024518 0.802425
-0.144993 -0.303118 0.849786
0.550080 -0.223576 0.682874
0.593847 -0.367757 0.908965
0.062421 -1.017829 0.089505
0.503295 -0.460649 -0.649864
0.442470 -0.508345 0.026575
-0.158742 -0.733617 -0.584699
-0.244989 0.063762 0.784074
0.180868 0.475459 0.270473
0.594940 -0.793849 -0.610107
0.311178 -0.325747 0.830116
0.441132 -0.641676 -0.581752
0.427886 -0.054115 -0.495898
-0.156487 0.658059 0.127884
0.064022 0.254927 -0.535851
0.458600 -0.215232 0.577757
0.418908 -0.447372 -0.607988
-0.306961 0.596603 0.089810
0.524930 -0.621701 -0.340127
0.583814 -0.505043 0.644015
0.448806 -0.154899 0.457725
0.560532 -0.533296 -0.152645
-0.852551 -0.570359 -0.503711
0.046152 -0.448836 0.837919
0.573735 -0.283411 -0.438018
0.522696 -0.327096 -0.605956
-0.452134 0.232096 -0.507736
0.459535 -0.454731 0.353972
0.340365 -0.395972 0.497579
0.459366 -0.704978 -0.539299
0.336400 0.180468 -0.004239
0.453219 -0.358564 -0.215547
0.470138 0.056675 0.179330
0.351330 -0.255879 -0.537513
0.468707 0.070427 0.805807
0.592559 -0.770510 -0.113663
-0.813638 -0.314180 -0.578307
0.493055 -0.163414 -0.279295
0.061154 -0.823329 -0.446456
-0.054306 0.423026 -0.429609
0.510815 0.175401 0.590790
-0.476795 -0.718477 -0.562618
0.615788 -0.359914 0.807070
0.532996 -0.133662 0.472062
0.012958 0.379448 0.526022
-0.234101 -0.799125 -0.500547
0.137440 0.376250 -0.287209
0.554280 -0.581271 -0.609470
-0.173446 0.179128 -0.656528
-0.270775 -0.451549 0.880849
0.132760 -0.189898 -0.683337
0.478563 -0.200051 0.850321
0.455900 -0.243879 0.485320
-0.392157 -0.596537 -0.620019
-0.174804 -0.372844 0.867887
-0.230056 0.455984 0.455260
0.329993 0.230518 -0.060880
0.550255 -0.525340 -0.298170
0.458355 -0.001696 -0.375508
0.346332 -0.096342 -0.413894
0.456950 -0.484196 -0.614293
-0.157274 -0.564651 -0.656957
0.244031 -0.293731 0.720310
0.320959 0.120647 0.290160
-0.345020 0.432328 -0.395515
0.691392 -0.902389 -0.351041
-0.030854 -0.149985 0.861921
-1.027420 -0.656855 -0.350727
0.520053 -0.558575 -0.533694
0.442529 -0.193637 -0.173592
0.400731 -0.196868 0.630293
0.392878 -0.067259 -0.376265
0.427200 0.103389 -0.185246
0.620311 -0.656353 -0.211826
0.356942 0.092728 -0.274207
0.501024 -0.159586 0.050240
-0.115739 -0.787270 -0.519837
0.471513 0.024498 0.367344
-0.164543 0.102872 0.749428
0.169718 -0.102023 0.847718
0.428082 0.179418 0.307090
0.572589 -0.620066 -0.653544
0.360279 0.159588 0.556777
0.418055 -0.050256 0.069900
0.579594 -0.680880 -0.464665
0.227429 -0.905452 -0.118424
0.573562 -0.290924 0.593753
0.417572 0.157034 0.130882
0.283791 0.347010 -0.155001
0.328804 0.103455 -0.177245
0.441421 -0.184165 -0.418727
0.376037 -0.189794 0.547153
0.515948 -0.467329 -0.223767
0.345122 -0.057982 -0.317304
-0.593013 -0.127489 -0.602899
0.627620 -0.108949 0.485037
0.216079 -0.337657 -0.657420
0.034006 -0.198428 -0.682384
0.436908 -0.164437 -0.361974
0.642184 -0.850004 -0.467753
0.394088 -0.287056 -0.602060
-0.400065 -0.047446 0.801749
0.620975 -0.325644 0.546104
0.602063 -0.693198 -0.404894
0.408770 -0.418724 0.073207
-0.227855 -1.014158 -0.201420
0.471013 -0.410319 -0.625971
0.512904 0.040135 0.616773
0.161129 0.557037 0.020636
0.557754 0.155429 0.461761
0.067431 -0.114726 0.810082
0.551629 -0.795820 -0.301710
0.526029 0.054342 0.726656
-0.324696 -0.130425 -0.687086
0.542073 -0.156891 0.525559
-0.226829 -0.570427 0.803940
0.596073 -0.819331 -0.317084
0.370078 0.150399 -0.232843
0.487424 -0.025256 0.290813
0.414302 0.043261 -0.387739
0.564586 -0.055667 0.776192
-0.315269 0.318766 0.598943
-0.200127 -0.867085 -0.431059
0.210702 0.088700 -0.572987
0.585767 -0.368144 -0.499553
-0.139860 -0.280920 -0.716182
0.527168 -0.083366 0.626783
-0.377060 -0.424930 -0.690606
-0.192984 0.359900 0.591150
-0.929812 -0.290513 -0.440540
0.110478 -0.763517 0.611693
-0.580262 -0.290331 0.829755
0.598151 -0.381515 0.518401
0.001616 -0.952721 -0.279067
-0.699261 -0.620723 -0.563722
0.606380 -0.474967 0.831684
0.292161 -0.873913 -0.380883
0.478360 -0.048911 0.395089
0.532212 -0.643437 -0.712805
-0.504912 -1.048790 -0.231248
-0.228517 -0.515684 -0.680426
0.236328 -0.793142 -0.490617
0.578439 -0.296580 -0.280053
-0.293796 -0.859582 0.712459
0.213469 0.305034 0.436516
-0.327034 -0.591059 -0.658761
-0.253420 0.338605 -0.580962
0.392599 -0.128613 -0.502248
-0.326928 -0.694486 0.802503
0.321080 -0.701445 0.067244
0.419481 0.118127 0.355491
-0.677386 -0.799897 -0.408200
0.230451 -0.034093 0.831083
-0.554214 0.198296 0.626284
0.463110 -0.380203 -0.193965
0.223800 -0.506304 -0.543678
-0.813132 -0.936161 -0.349184
-0.520032 -0.859585 -0.391598
0.525065 -0.637478 -0.057787
-0.236991 -0.952609 -0.312103
-0.136870 0.545723 0.346111
0.299810 0.222303 -0.338703
0.029481 -0.646333 0.748363
-0.526689 -1.116735 0.343596
-0.522511 -1.088362 0.591166
-0.667107 -1.072283 0.190498
-0.529851 -1.084246 0.719401
-0.766672 -1.147790 0.203128
-0.663912 -1.055732 0.722400
-0.791442 -1.032741 -0.167433
-0.772491 -0.838668 0.840048
-1.094324 -1.086640 -0.246677
-0.978832 -0.924121 0.819367
-1.145285 -1.015260 -0.377884
-1.036063 -0.812619 0.932632
-1.219811 -0.965099 -0.325642
-1.095411 -0.743393 0.898608
-1.131939 -0.844351 -0.436194
-1.040245 -0.588750 0.975295
-1.154382 -0.682155 -0.378910
-1.087558 -0.443313 0.875255
-1.072472 -0.546246 -0.464618
-1.028052 -0.329510 0.853254
-1.083563 -0.405382 -0.501240
-1.070558 -0.232053 0.736513
-1.035319 -0.269731 -0.505566
-1.005292 -0.108775 0.677480
-0.975135 -0.139751 -0.411205
-0.930214 0.007255 0.552964
-0.769754 -0.001345 -0.424764
-0.758854 0.163571 0.517206
-0.695586 0.251559 -0.375531
-0.714983 0.307691 0.342667
-0.566860 0.421177 -0.398604
-0.541693 0.521627 0.147081
-0.718265 -1.219220 0.287073
-0.600051 -1.359276 0.532441
-0.720117 -1.422057 0.455859
-0.726450 -1.368308 0.766930
-0.906398 -1.336698 0.115587
-1.012722 -1.161014 0.775236
-1.151055 -1.289664 0.035732
-1.203731 -1.039985 0.754614
-1.265752 -1.169889 -0.091362
-1.308870 -0.914907 0.760991
-1.418491 -1.073763 -0.129198
-1.395815 -0.847810 0.745193
-1.380829 -0.978010 -0.286814
-1.380219 -0.683263 0.782092
-1.422191 -0.883006 -0.203420
-1.414163 -0.609951 0.723834
-1.343397 -0.788965 -0.324542
-1.313551 -0.444024 0.718431
-1.279650 -0.640539 -0.241535
-1.278852 -0.357170 0.596611
-1.229858 -0.497072 -0.353371
-1.211861 -0.248066 0.546659
-1.225606 -0.408037 -0.284550
-1.190024 -0.170269 0.418730
-1.134824 -0.226070 -0.325850
-1.084193 -0.004351 0.369771
-1.010532 -0.037675 -0.101114
-0.993834 0.068947 0.330398
-0.893557 0.122740 -0.260144
-0.842878 0.182179 0.352691
-0.807609 0.374136 0.160575
-0.620932 0.354846 0.462245
-0.676112 -1.058401 0.475557
-0.679050 -1.274032 0.637612
-0.869155 -1.331953 0.467588
-1.039905 -1.376571 0.722034
-1.269778 -1.353074 0.551770
-1.395303 -1.265934 0.517664
-1.442379 -1.178707 0.333752
-1.489115 -1.083812 0.478977
-1.557063 -1.071207 0.343385
-1.590738 -0.918306 0.409122
-1.592252 -0.886577 0.169665
-1.586120 -0.731876 0.539657
-1.594387 -0.774514 0.190187
-1.569843 -0.540307 0.488912
-1.584097 -0.607500 0.215188
-1.569196 -0.452033 0.569864
-1.592194 -0.485808 0.392742
-1.525461 -0.337468 0.442195
-1.445592 -0.379244 0.162182
-1.397748 -0.264154 0.337022
-1.350150 -0.318509 0.075868
-1.320323 -0.155263 0.195373
-1.264801 -0.188439 -0.081885
-1.233202 0.001113 0.162416
-1.151399 -0.007577 -0.047510
-1.092542 0.130704 0.062467
-0.996080 0.130796 -0.143001
-0.982489 0.235669 0.079574
-0.855434 0.281061 -0.188121
-0.728289 0.364871 -0.027063
-0.573573 0.384394 -0.300041
-0.441627 0.487356 -0.110074
-0.917057 -1.365303 0.247727
-0.979873 -1.519428 0.498534
-1.117680 -1.541734 0.461533
-1.133447 -1.514736 0.633826
-1.202199 -1.377272 0.241070
-1.253897 -1.293689 0.664585
-1.404423 -1.250251 0.212756
-1.403539 -1.149269 0.535862
-1.443166 -1.130171 0.095281
-1.438212 -0.970371 0.632316
-1.580962 -1.017554 0.029967
-1.522331 -0.815239 0.678368
-1.580214 -0.933827 -0.218158
-1.537703 -0.557756 0.814142
-1.622903 -0.839371 -0.106594
-1.535277 -0.529595 0.760305
-1.504290 -0.705035 -0.094262
-1.435768 -0.456088 0.758639
-1.468417 -0.532229 0.027320
-1.415562 -0.384647 0.582400
-1.352045 -0.455472 -0.170637
-1.287063 -0.243239 0.443724
-1.225128 -0.250138 -0.183169
-1.129979 -0.029810 0.328347
-1.051803 -0.001604 -0.216458
-1.014159 0.163310 0.248514
-0.928519 0.195617 -0.084178
-0.932803 0.233523 0.232703
-0.797863 0.304303 -0.085803
-0.656732 0.393795 0.170264
-0.491677 0.521796 -0.180603
-0.360044 0.582965 0.097478
-0.934241 -1.312349 0.445215
-0.943229 -1.463125 0.576619
-1.114968 -1.481378 0.377561
-1.165792 -1.423061 0.608806
-1.258916 -1.445411 0.259169
-1.261337 -1.318587 0.600190
-1.320718 -1.228019 0.040027
-1.392488 -1.109806 0.700083
-1.424639 -0.999727 -0.118034
-1.445189 -0.847870 0.779403
-1.500017 -0.888430 -0.402886
-1.583072 -0.581082 0.871395
-1.699022 -0.904620 -0.477072
-1.642938 -0.326067 0.998604
-1.680894 -0.694957 0.018022
-1.662050 -0.274758 1.015609
-1.618258 -0.495692 0.497686
-1.500795 -0.282707 0.850287
-1.421690 -0.326726 0.303334
-1.361710 -0.196015 0.591920
-1.323667 -0.260917 0.019245
-1.216952 -0.114961 0.253169
-1.144386 -0.094963 -0.125851
-1.040058 0.102851 0.162311
-0.959694 0.153391 -0.142855
-0.891480 0.268146 -0.011361
-0.774549 0.328346 -0.076546
-0.627213 0.417076 -0.051372
-0.449628 0.489380 -0.161734
-0.333120 0.456038 -0.065574
-0.278090 0.991751 -0.377929
-0.252561 1.069342 -0.335935
-0.916069 -1.498938 0.362721
-0.919026 -1.577835 0.487439
-1.014752 -1.566726 0.362128
-1.005611 -1.477936 0.624663
-1.066127 -1.479120 0.163307
-1.065419 -1.337875 0.713501
-1.131598 -1.358331 -0.041751
-1.156382 -1.162428 0.793153
-1.241423 -1.118265 -0.202158
-1.290835 -0.861197 0.894656
-1.427277 -0.955259 -0.512464
-1.498174 -0.545598 0.953746
-1.646586 -0.948711 -0.713846
-1.601758 -0.379286 1.040036
-1.678754 -0.895555 -0.558703
-1.591690 -0.341520 1.063448
-1.538808 -0.691878 -0.180200
-1.407771 -0.333974 0.970923
-1.373699 -0.437632 -0.097794
-1.251512 -0.216685 0.821000
-1.251789 -0.319743 -0.235149
-1.112533 -0.138057 0.519500
-1.068403 -0.146106 -0.291665
-0.985564 0.135198 0.294914
-0.857739 0.189285 -0.199664
-0.793469 0.329474 0.180975
-0.690055 0.316519 -0.118591
-0.496720 0.374891 0.174877
-0.391915 0.391539 -0.135899
-0.324557 0.580048 -0.066345
-0.240944 0.770211 -0.407407
-0.189099 0.968985 -0.189690
-0.820213 -1.438854 0.438290
-0.836232 -1.486306 0.582909
-0.960730 -1.493748 0.204914
-0.954889 -1.369988 0.781434
-1.030221 -1.406318 -0.100583
-1.000074 -1.226893 0.954843
-1.110307 -1.289346 -0.279849
-1.084767 -1.021161 0.973273
-1.206794 -0.986346 -0.440360
-1.209571 -0.675488 0.964939
-1.393725 -0.818261 -0.646904
-1.435465 -0.428139 0.978619
-1.571711 -0.772738 -0.690986
-1.537027 -0.270909 1.025983
-1.544006 -0.686020 -0.465404
-1.497848 -0.236844 0.974303
-1.413230 -0.525351 -0.181610
-1.346067 -0.209180 0.973650
-1.300975 -0.378098 -0.141094
-1.154348 -0.142564 0.760148
-1.172055 -0.183147 -0.173041
-1.001646 -0.009591 0.404110
-0.995539 0.039122 -0.095854
-0.881818 0.233182 0.144443
-0.744818 0.332650 -0.130637
-0.575373 0.471177 0.026525
-0.430148 0.582477 -0.000371
-0.383461 1.065687 -0.207197
-0.497679 1.658474 -0.581931
-0.540938 1.896302 -0.628743
-0.496220 1.978768 -0.780326
-0.413154 1.894207 -0.621188
-0.756982 -1.477324 0.378437
-0.777711 -1.492944 0.517734
-0.843364 -1.481382 0.224814
-0.831550 -1.355994 0.691833
-0.894339 -1.371051 -0.029995
-0.828227 -1.188715 0.833639
-0.960676 -1.302887 -0.279018
-0.903424 -1.057607 0.909463
-1.052330 -1.062209 -0.373991
-1.045942 -0.750811 0.911000
-1.217250 -0.850522 -0.588306
-1.265890 -0.499943 0.941624
-1.354754 -0.748475 -0.689027
-1.381647 -0.368295 0.902044
-1.338555 -0.680631 -0.592318
-1.352535 -0.309801 0.960481
-1.285645 -0.582064 -0.475970
-1.208069 -0.248324 0.952710
-1.188946 -0.404888 -0.384495
-1.084437 -0.151463 0.891562
-1.102087 -0.190579 -0.325536
-0.988999 0.002984 0.644773
-1.011895 0.059210 -0.201698
-0.888813 0.240174 0.319599
-0.731573 0.359025 -0.097850
-0.517362 0.440008 0.065974
-0.385916 0.511601 -0.130773
-0.365408 0.674212 -0.042344
-0.392546 0.739331 -0.169148
-0.415990 1.452026 -0.464654
-0.378174 1.723112 -0.710887
-0.364747 1.827496 -0.538617
-0.652530 -1.415577 0.392792
-0.677205 -1.379318 0.567211
-0.760874 -1.390414 0.158032
-0.752352 -1.236183 0.698697
-0.816639 -1.265164 -0.101910
-0.754694 -1.059882 0.803233
-0.840651 -1.141736 -0.241102
-0.785596 -0.906883 0.810902
-0.905989 -0.931239 -0.319327
-0.891578 -0.682178 0.817725
-1.015373 -0.748281 -0.458038
-1.046888 -0.510688 0.852368
-1.162225 -0.617928 -0.515064
-1.196953 -0.363489 0.788212
-1.210214 -0.490440 -0.404635
-1.227574 -0.248782 0.642877
-1.191929 -0.380965 -0.292716
-1.140181 -0.170014 0.673311
-1.096385 -0.259951 -0.284358
-1.004226 -0.045470 0.658169
-1.014611 -0.021386 -0.240626
-0.902602 0.142140 0.449670
-0.852392 0.169263 -0.126163
-0.761374 0.338250 0.162286
-0.502629 0.488001 -0.109502
-0.300432 0.746345 -0.093846
-0.447625 1.900805 -0.445006
-0.614509 2.398302 -0.746669
-0.693764 2.776356 -0.964041
-0.733003 2.840451 -0.897006
-0.710563 2.927854 -1.045338
-0.699092 2.790953 -0.874775
-0.596540 -1.395589 0.300336
-0.599002 -1.377562 0.449928
-0.656811 -1.351561 0.187097
-0.639063 -1.257672 0.633816
-0.699121 -1.248685 -0.073193
-0.615665 -1.081023 0.740708
-0.696364 -1.163187 -0.278428
-0.594751 -0.973557 0.820554
-0.700575 -1.034974 -0.308332
-0.671799 -0.822653 0.822576
-0.749485 -0.859241 -0.410856
-0.743466 -0.656089 0.833478
-0.884164 -0.692457 -0.476892
-0.923410 -0.472272 0.797433
-0.983094 -0.504746 -0.467939
-0.993579 -0.310322 0.750860
-0.972365 -0.377031 -0.419310
-0.980103 -0.197390 0.703445
-0.969364 -0.190156 -0.415549
-0.907721 0.000377 0.660237
-0.871583 0.058500 -0.318795
-0.796076 0.216329 0.574732
-0.743754 0.286250 -0.282687
-0.578622 0.465120 0.224515
-0.321743 0.594311 -0.263697
-0.281839 0.691050 -0.091164
-0.287545 0.806965 -0.127181
-0.380338 1.357731 -0.336287
-0.546557 1.837323 -0.478176
-0.682459 2.504669 -0.777306
-0.630174 2.777908 -0.880643
-0.688316 2.595730 -0.731516
-0.516166 -1.335332 0.355584
-0.525302 -1.255179 0.556131
-0.587744 -1.263395 0.022845
-0.582169 -1.111042 0.698085
-0.620544 -1.159892 -0.183417
-0.541336 -0.941800 0.750118
-0.568767 -1.089254 -0.380689
-0.478080 -0.843231 0.890779
-0.533802 -0.953412 -0.400465
-0.515826 -0.731862 0.877645
-0.540726 -0.831529 -0.424147
-0.527252 -0.665349 0.964265
-0.655774 -0.645777 -0.487216
-0.679811 -0.467857 0.875838
-0.776230 -0.446503 -0.504113
-0.772227 -0.293257 0.734483
-0.814603 -0.313116 -0.532761
-0.788384 -0.132012 0.723195
-0.799583 -0.107312 -0.446874
-0.742929 0.114028 0.623008
-0.719208 0.206902 -0.316988
-0.641114 0.350774 0.370493
-0.575585 0.412791 -0.125150
-0.460086 0.536945 0.073122
-0.357857 0.769680 -0.160077
-0.463672 1.941204 -0.573232
-0.588512 2.601766 -0.798587
-0.790692 3.101261 -1.108603
-0.848431 3.440276 -1.136043
-0.832279 3.455695 -1.136321
-0.816387 3.464868 -1.103414
-0.794766 3.288213 -1.056411
-0.482842 -1.327105 0.213751
-0.468975 -1.306673 0.413034
-0.499531 -1.283963 0.094869
-0.477529 -1.180974 0.606733
-0.476006 -1.184977 -0.183156
-0.406382 -0.994754 0.714876
-0.417581 -1.143549 -0.372444
-0.339181 -0.899912 0.878098
-0.342573 -1.130557 -0.507556
-0.333341 -0.869600 1.008928
-0.380040 -1.011289 -0.448454
-0.331829 -0.813863 1.027332
-0.436245 -0.783040 -0.476134
-0.470722 -0.596569 0.998677
-0.594382 -0.534234 -0.531619
-0.560759 -0.342866 0.844468
-0.610526 -0.322180 -0.572401
-0.615563 -0.104319 0.749726
-0.620391 -0.046140 -0.604013
-0.584583 0.166543 0.690586
-0.571912 0.274609 -0.434858
-0.538671 0.408744 0.460191
-0.445766 0.451109 -0.276530
-0.349399 0.576336 0.079709
-0.286247 0.739349 -0.290737
-0.355158 0.980265 -0.274922
-0.423860 1.243851 -0.288462
-0.489339 1.964671 -0.750497
-0.645920 2.608243 -0.766855
-0.688463 2.901144 -0.900052
-0.688857 3.147272 -1.002025
-0.722412 2.994200 -0.920602
-0.427272 -1.266186 0.292504
-0.461552 -1.214238 0.512681
-0.467649 -1.246653 -0.069805
-0.460132 -1.100108 0.682472
-0.443383 -1.166204 -0.263161
-0.391490 -0.919330 0.723627
-0.381998 -1.129302 -0.512807
-0.284552 -0.782022 0.891100
-0.333720 -0.957044 -0.417175
-0.292107 -0.711280 0.925874
-0.309217 -0.866362 -0.493399
-0.307507 -0.687280 1.161467
-0.412861 -0.698825 -0.514890
-0.394708 -0.504130 1.022903
-0.434404 -0.470346 -0.565795
-0.420539 -0.263320 0.848600
-0.463257 -0.217223 -0.677493
-0.442432 -0.003496 0.756336
-0.455693 0.062980 -0.625734
-0.427474 0.274117 0.665943
-0.445674 0.361200 -0.493696
-0.387429 0.499991 0.352154
-0.346420 0.528116 -0.266317
-0.300491 0.650895 -0.077508
-0.276439 0.960748 -0.226667
-0.391864 1.660045 -0.576870
-0.556699 2.345254 -0.626714
-0.723156 2.733199 -0.960829
-0.765544 3.199991 -0.981232
-0.778088 3.203314 -1.038948
-0.785597 3.287249 -1.015656
-0.682988 3.169017 -1.023305
-0.381054 -1.256877 0.149675
-0.383437 -1.266675 0.353028
-0.404792 -1.261544 0.041305
-0.390984 -1.192801 0.558080
-0.370704 -1.248694 -0.286501
-0.334427 -1.036129 0.791057
-0.320043 -1.238487 -0.468576
-0.245758 -0.934135 0.994657
-0.252644 -1.288885 -0.665661
-0.230939 -0.937404 1.220142
-0.256094 -1.126831 -0.523654
-0.244860 -0.900186 1.202885
-0.336687 -0.872198 -0.566861
-0.282568 -0.686207 1.226009
-0.335619 -0.634665 -0.611648
-0.277644 -0.377175 1.026455
-0.325203 -0.285109 -0.660816
-0.339418 -0.017319 0.825715
-0.329320 0.052477 -0.699393
-0.317342 0.263846 0.737163
-0.320799 0.348894 -0.569433
-0.293746 0.467663 0.466573
-0.245957 0.489681 -0.393288
-0.197733 0.563055 0.045739
-0.176960 0.731544 -0.370526
-0.257560 0.913240 -0.257673
-0.393451 1.193769 -0.366049
-0.462356 1.634167 -0.586247
-0.549185 2.159652 -0.643017
-0.596636 2.299403 -0.803754
-0.658859 2.757359 -0.972385
-0.590501 2.495045 -0.730044
-0.297138 -1.212728 0.224809
-0.355135 -1.161299 0.440394
-0.382118 -1.192397 -0.149561
-0.385760 -1.065235 0.653202
-0.415916 -1.123471 -0.306438
-0.395044 -0.914653 0.791237
-0.383406 -1.093178 -0.577768
-0.327603 -0.816739 1.027385
-0.357770 -0.982304 -0.566995
-0.337732 -0.689452 1.055325
-0.313090 -0.858541 -0.605072
-0.305970 -0.673023 1.200362
-0.339663 -0.752836 -0.598294
-0.289225 -0.538543 1.097434
-0.257600 -0.515114 -0.648512
-0.216156 -0.256441 0.939145
-0.211958 -0.199052 -0.734595
-0.224431 0.054556 0.826589
-0.209040 0.104604 -0.693322
-0.203830 0.300947 0.703387
-0.219802 0.366365 -0.559032
-0.195943 0.466141 0.428418
-0.187909 0.524359 -0.321118
-0.156854 0.632396 0.036246
-0.184595 0.835080 -0.262682
-0.285661 1.297040 -0.436036
-0.443950 1.865382 -0.548337
-0.627405 2.238398 -0.843973
-0.658534 2.622122 -0.889745
-0.654958 2.600457 -0.981871
-0.599647 2.715706 -0.913538
-0.485488 2.534683 -0.919187
-0.281684 -1.197418 0.055210
-0.291960 -1.205778 0.270133
-0.324796 -1.194377 -0.039301
-0.307753 -1.099548 0.512236
-0.365522 -1.107602 -0.267264
-0.334990 -0.931446 0.728846
-0.351346 -1.011032 -0.389288
-0.299206 -0.825217 0.906199
-0.306640 -1.048289 -0.618111
-0.282613 -0.778152 1.204085
-0.262006 -0.897814 -0.571629
-0.232888 -0.701818 1.125192
-0.271287 -0.765303 -0.603526
-0.212777 -0.576890 1.125384
-0.187392 -0.607528 -0.648767
-0.128390 -0.314311 0.995183
-0.112474 -0.273194 -0.668151
-0.126789 0.032960 0.811675
-0.094768 0.051380 -0.660431
-0.118557 0.269231 0.692590
-0.113916 0.301024 -0.554478
-0.118788 0.436830 0.507194
-0.115994 0.467117 -0.409555
-0.143406 0.556843 0.221497
-0.151892 0.684492 -0.354038
-0.248123 0.815270 -0.092595
-0.359241 0.979706 -0.364694
-0.426008 1.179461 -0.389789
-0.478010 1.543515 -0.547382
-0.499291 1.544736 -0.565544
-0.475345 2.011213 -0.755685
-0.438453 1.718117 -0.469573
-0.207552 -1.146847 0.170459
-0.256671 -1.063489 0.454979
-0.283683 -1.140117 -0.180002
-0.281448 -0.986712 0.627809
-0.319282 -1.068335 -0.301102
-0.303864 -0.873657 0.694552
-0.317740 -0.961301 -0.449822
-0.275982 -0.749609 0.830954
-0.234444 -0.842333 -0.516713
-0.246158 -0.571578 0.854376
-0.175472 -0.706836 -0.632281
-0.190509 -0.512584 0.982231
-0.155893 -0.631456 -0.619509
-0.133347 -0.400170 0.968211
-0.064968 -0.466388 -0.678226
-0.028300 -0.176956 0.888057
0.024370 -0.173825 -0.722263
0.006203 0.093853 0.774581
0.003811 0.104852 -0.626181
-0.042429 0.299793 0.666069
-0.065285 0.340429 -0.484952
-0.092062 0.451576 0.520659
-0.124981 0.512706 -0.329023
-0.148648 0.629641 0.228726
-0.164660 0.715356 -0.302705
-0.213442 0.913060 -0.180646
-0.296668 1.246224 -0.509417
-0.409478 1.435755 -0.593588
-0.412061 1.771129 -0.664012
-0.424709 1.701453 -0.619920
-0.396074 1.920832 -0.650050
-0.353965 1.764336 -0.677432
-0.156113 -1.101784 0.018334
-0.182992 -1.070312 0.314866
-0.194094 -1.096006 -0.131398
-0.168192 -0.995700 0.533722
-0.203061 -1.034814 -0.242157
-0.181934 -0.882344 0.666263
-0.174327 -0.920663 -0.333380
-0.117390 -0.748724 0.747248
-0.101920 -0.840872 -0.469518
-0.110246 -0.585444 0.884357
-0.067912 -0.680948 -0.592556
-0.056870 -0.459615 0.881675
-0.015108 -0.591367 -0.583564
-0.019278 -0.379670 0.919948
0.061927 -0.469666 -0.626134
0.080549 -0.180027 0.873222
0.137767 -0.218307 -0.635597
0.124861 0.057286 0.744116
0.154986 0.051422 -0.569528
0.063212 0.258637 0.646877
0.025299 0.274772 -0.443474
0.004868 0.417232 0.505396
-0.009894 0.470508 -0.350432
-0.060919 0.539900 0.282213
-0.098270 0.574258 -0.339796
-0.134065 0.659415 0.060163
-0.194899 0.738943 -0.342975
-0.261204 0.761242 -0.158767
-0.297042 0.961204 -0.426108
-0.361687 0.937900 -0.276299
-0.363525 1.190010 -0.512645
-0.325652 0.998374 -0.314887
-0.079706 -1.091845 0.159425
-0.114848 -0.982084 0.473416
-0.109724 -1.062477 -0.184042
-0.064230 -0.914473 0.598092
-0.059776 -0.974236 -0.299684
-0.041032 -0.784315 0.609021
0.032263 -0.829470 -0.394248
0.083774 -0.654730 0.689226
0.155909 -0.702581 -0.518466
0.120313 -0.462377 0.747527
0.174375 -0.549257 -0.569940
0.149860 -0.351680 0.774523
0.197099 -0.461043 -0.524334
0.143720 -0.246396 0.795030
0.204418 -0.309368 -0.549226
0.221728 -0.084437 0.771130
0.281928 -0.095872 -0.546920
0.243286 0.102006 0.680340
0.258278 0.123889 -0.443139
0.185496 0.288599 0.547984
0.143165 0.310495 -0.350294
0.074273 0.409102 0.427227
0.040365 0.482833 -0.238246
0.007028 0.545165 0.189746
-0.040477 0.608675 -0.259272
-0.047008 0.662447 -0.044128
-0.091122 0.732561 -0.332541
-0.144733 0.845662 -0.273943
-0.166702 1.018444 -0.438691
-0.190932 1.063845 -0.404150
-0.222097 1.263803 -0.428409
-0.218259 1.154198 -0.507999
-0.021463 -1.046553 0.065086
-0.021157 -0.992698 0.338839
0.020640 -1.004126 -0.073283
0.073721 -0.901715 0.530391
0.108738 -0.945929 -0.211137
0.162940 -0.800766 0.584941
0.254760 -0.804597 -0.310166
0.296609 -0.662219 0.608978
0.380558 -0.717065 -0.478489
0.371983 -0.509021 0.669480
0.432929 -0.572282 -0.523424
0.393412 -0.354114 0.679336
0.400967 -0.456047 -0.482447
0.343970 -0.252955 0.726117
0.376902 -0.334123 -0.494429
0.368679 -0.095439 0.717438
0.405867 -0.150861 -0.448819
0.392453 0.053571 0.606807
0.421396 0.049608 -0.333198
0.368861 0.219333 0.481993
0.330407 0.246132 -0.248954
0.248595 0.351341 0.292263
0.166756 0.398147 -0.162202
0.110092 0.456107 0.119772
0.026184 0.487440 -0.224171
0.023872 0.547913 0.012382
-0.048845 0.559943 -0.303594
-0.098601 0.632194 -0.050686
-0.141586 0.668497 -0.298548
-0.207172 0.699677 -0.156754
-0.225823 0.800204 -0.317022
-0.231595 0.712321 -0.222514
0.084666 -1.036203 0.192711
0.085098 -0.929722 0.451007
0.159136 -0.965075 -0.054598
0.233399 -0.829482 0.474807
0.280218 -0.851339 -0.217262
0.313987 -0.688282 0.512198
0.381955 -0.687580 -0.351249
0.414057 -0.540614 0.559177
0.455408 -0.589962 -0.433737
0.465633 -0.417053 0.612486
0.500798 -0.482865 -0.454879
0.483773 -0.302968 0.662147
0.484085 -0.382726 -0.473461
0.446736 -0.179466 0.691200
0.459656 -0.255944 -0.487748
0.437196 -0.031364 0.692044
0.481625 -0.074671 -0.459186
0.460259 0.121515 0.606006
0.465525 0.129529 -0.306580
0.422414 0.244631 0.395310
0.401785 0.272242 -0.172675
0.315393 0.327181 0.193213
0.242940 0.385258 -0.095297
0.146017 0.442835 0.023407
0.087217 0.512690 -0.118074
0.049718 0.535939 -0.044630
-0.008053 0.556440 -0.152650
-0.034278 0.557347 -0.071745
-0.090186 0.608529 -0.148941
-0.108302 0.695113 -0.143516
-0.132147 0.674137 -0.132035
-0.159598 0.779996 -0.187386
0.156139 -1.014158 0.116783
0.170132 -0.955730 0.322061
0.234647 -0.932122 0.069834
0.331710 -0.831928 0.348325
0.347015 -0.807698 -0.060119
0.396220 -0.699011 0.443604
0.406046 -0.663486 -0.198039
0.471801 -0.572750 0.487907
0.459476 -0.628013 -0.301157
0.497930 -0.529400 0.586655
0.482040 -0.588528 -0.349887
0.520777 -0.419379 0.602116
0.502809 -0.451324 -0.402819
0.493674 -0.287826 0.631824
0.452025 -0.347439 -0.450532
0.447510 -0.164524 0.625090
0.439963 -0.211171 -0.448245
0.404505 -0.012646 0.580176
0.399093 -0.018442 -0.360679
0.382666 0.135944 0.378488
0.364114 0.148818 -0.207117
0.322486 0.240597 0.150953
0.266869 0.308668 -0.146164
0.233357 0.391301 0.022662
0.147623 0.465117 -0.208130
0.107986 0.504534 0.013964
0.016433 0.533044 -0.229336
-0.014176 0.527403 0.002786
-0.132773 0.579078 -0.192982
-0.165821 0.603344 0.034488
-0.246085 0.635255 -0.028701
-0.229754 0.594025 0.006346
0.207818 -0.991058 0.188721
0.273779 -0.893172 0.365300
0.299619 -0.856096 0.013291
0.381702 -0.760988 0.349140
0.408406 -0.692743 0.029657
0.436281 -0.633386 0.358020
0.427495 -0.528771 -0.039107
0.456638 -0.529600 0.393460
0.469791 -0.455626 -0.016401
0.496768 -0.450669 0.435164
0.503546 -0.414422 -0.114620
0.511632 -0.343022 0.415327
0.531136 -0.338568 -0.126810
0.501252 -0.249487 0.425971
0.480660 -0.215755 -0.182306
0.441386 -0.116236 0.405677
0.446762 -0.087026 -0.160216
0.398653 0.073260 0.423581
0.390225 0.073586 -0.144423
0.352544 0.151243 0.256989
0.341182 0.137765 -0.079797
0.317336 0.216026 0.115793
0.290146 0.282046 -0.115210
0.251826 0.351759 0.025055
0.155666 0.467648 -0.100235
0.112598 0.502131 0.018028
0.035676 0.525578 -0.082710
-0.011750 0.519675 0.002659
-0.121655 0.553612 -0.091828
-0.127650 0.606626 -0.021562
-0.183304 0.612118 -0.142705
-0.141828 0.599340 -0.162365
0.269634 -0.881011 0.147301
0.287479 -0.832899 0.394028
0.362396 -0.824365 0.239059
0.393929 -0.663049 0.456047
0.439998 -0.616574 0.238748
0.454029 -0.521843 0.450753
0.460046 -0.446938 0.195099
0.439681 -0.445851 0.445939
0.488997 -0.405810 0.183997
0.495063 -0.417884 0.506707
0.530193 -0.388026 0.133437
0.506773 -0.332489 0.448170
0.547454 -0.316184 0.064505
0.497890 -0.263015 0.503037
0.480183 -0.234313 0.050976
0.427918 -0.194871 0.410367
0.423022 -0.108009 0.024911
0.380222 -0.020868 0.414705
0.378812 0.009030 0.016103
0.355226 0.062710 0.252101
0.352405 0.066414 0.001197
0.328510 0.126388 0.153846
0.329993 0.212455 -0.051049
0.282168 0.308862 0.076484
0.248146 0.409353 -0.117494
0.182649 0.430345 0.075835
0.145279 0.524156 -0.096665
0.079167 0.486147 0.005168
0.015763 0.560340 -0.097545
-0.041597 0.548951 0.036934
-0.169790 0.620778 0.017086
-0.090848 0.539799 -0.019648
