1.092165 -0.606181 -1.584997
0.713530 -0.287794 -0.582498
0.668439 -0.782741 0.250661
0.832159 1.025907 -1.321871
0.800010 -0.815243 1.153022
1.135488 1.594005 -1.129536
0.646423 -0.200119 0.910612
0.678268 1.420629 0.417659
0.998064 0.986272 -0.706093
0.677317 1.488333 -0.333548
0.597152 0.568250 1.162323
0.705981 0.315284 0.405902
0.601292 0.580172 1.087183
1.019385 0.118226 1.737117
0.683291 0.807977 0.990028
1.066891 -1.304057 -0.945013
0.837587 -0.716953 -1.209756
1.024820 -0.865723 -0.200808
0.557139 1.096714 -0.829436
0.029304 0.473543 -1.049949
0.710190 -0.454685 0.523804
0.997717 1.601238 -0.891109
1.042038 0.853854 -0.884091
0.644787 0.145694 -1.385265
0.734663 -0.184069 1.394262
0.792690 -0.263757 1.549586
0.686459 1.157979 -0.473762
0.773153 -1.055374 0.965309
-0.552239 0.761642 -0.757090
0.690104 -0.506936 -0.357359
-0.324139 0.245688 -1.054628
0.698420 0.186692 -1.009719
0.944522 0.967716 -1.540419
0.676262 -0.062123 -0.961351
1.041272 0.647258 -0.963831
0.704465 0.499670 -1.030889
1.041013 -0.732847 -0.507427
1.121526 0.381275 -1.268535
0.745430 0.364555 1.360271
0.600002 0.711839 -1.234587
0.677436 0.642759 0.886606
0.676261 0.660882 0.767979
0.695300 -0.621012 1.159620
0.855028 -0.549217 -1.416689
0.542787 0.057330 -1.211862
0.682175 -0.547565 -0.741421
-0.221759 -0.393746 0.748762
0.787031 0.589271 1.437284
0.357065 0.461393 -1.030601
0.990964 -0.309351 1.713056
0.685367 -0.803274 0.177923
0.730420 0.637136 -0.509835
0.667817 0.846221 0.584570
0.685127 0.147189 1.345270
0.613357 -0.386207 1.157624
0.672045 -0.632120 0.746134
1.096879 -0.214305 -1.634702
0.674131 1.013208 0.458374
-0.567911 0.603917 -0.840066
1.056290 0.933109 -0.602407
0.055021 -0.000157 -1.003083
0.545084 0.856805 -1.074908
0.469139 -0.844162 0.396791
0.656380 -0.861453 0.419033
0.373593 -0.659690 -0.612535
1.038506 -0.413428 -1.662141
0.353670 0.617908 0.905599
0.651340 0.019315 1.376463
0.710444 1.190313 0.798696
0.429634 0.271409 1.068912
0.655460 1.065948 0.232132
1.136785 0.078183 -0.518543
0.363373 -0.003434 0.983342
0.668698 -0.424298 1.065132
1.158202 1.014945 -1.661734
0.718774 -0.060941 -0.331520
0.713188 0.006589 1.008563
0.674127 -0.215347 -0.895608
0.679942 -0.382104 0.834325
0.740136 0.843735 -0.050901
0.679084 -0.766124 -0.435617
-0.018252 -0.182988 0.834888
1.011047 0.385149 -1.033893
-0.284035 0.242823 1.068432
0.686946 -0.693141 -0.619824
0.664036 -0.083811 -1.210649
0.660175 -0.588402 -0.603241
0.756379 -0.027683 -0.614672
0.329055 1.021834 -0.630297
1.132551 -0.039824 -1.235763
-0.273707 -0.209132 0.897773
0.725132 -0.405923 0.301358
0.978761 0.714785 1.553735
0.406345 -0.024803 1.011262
0.743708 0.144150 0.740541
0.815059 -0.060754 1.615533
0.626877 -0.914565 0.118547
1.126240 0.532009 -1.792594
0.709381 -0.515335 0.091575
0.590512 -0.249480 -1.077729
-0.052939 0.203445 0.899630
0.693714 1.215210 0.034756
0.880876 -0.362114 -1.402912
0.940423 -0.514456 1.558396
0.845176 -0.190292 -1.536182
1.122120 1.251693 -1.510031
0.352110 1.172369 -0.357215
0.686399 0.870073 -0.906808
0.666464 0.197856 0.971699
0.879243 0.326783 -1.652799
0.011906 1.049740 -0.449104
1.108273 -0.412082 -1.088879
0.685975 -0.511754 0.733614
0.698356 0.315321 0.253421
1.114027 -0.401751 -0.138266
-0.255473 -0.149840 -0.901355
0.844196 -0.718837 1.321571
1.100411 0.328617 -0.672656
1.131577 0.872348 -1.706949
-0.014798 0.644363 -0.915623
0.680362 -0.726024 0.403963
0.677271 -0.661869 0.586059
1.066194 -0.743945 -1.522928
0.666525 0.926176 -0.616362
1.151124 0.082641 -0.004959
0.686919 1.141814 -0.157066
0.680306 0.368560 -0.980447
0.676766 0.767926 1.284916
0.705088 -1.030903 -0.502084
-0.209506 0.211535 -0.906873
0.692367 0.806089 -0.773619
0.673650 -0.743900 -1.078550
0.331703 0.864415 -0.828726
0.655049 1.172846 0.490065
0.062280 -0.163043 -0.943209
0.793457 -0.515828 1.376806
0.710513 0.461016 0.020164
0.355975 0.817757 0.791022
0.354703 -0.378183 -0.854296
0.838651 1.387463 -1.053743
1.159518 -0.252625 -1.809828
0.306964 0.682738 -0.926227
0.502306 -0.174234 1.021200
0.608307 0.417912 -1.186108
0.794978 0.138050 1.543025
0.749259 -0.288016 0.304469
0.327075 -0.185711 -0.940455
0.668985 -0.142846 1.134339
0.003717 0.818110 0.724940
0.681645 1.285903 -0.259665
1.133525 -0.246630 -0.532029
1.019801 1.297598 -1.329608
0.680059 0.605465 -0.863099
1.024460 0.111763 -1.730376
0.660333 -0.129503 -1.338251
0.563119 0.018584 1.096424
0.695978 0.751959 0.167175
-0.059811 0.909907 -0.639922
1.129540 -0.952369 -1.487526
0.588459 0.134556 1.182273
-0.545627 -0.150329 -0.814021
1.129460 0.213275 -1.865316
1.129600 0.589129 -0.369562
0.654907 0.329604 0.956573
0.672980 0.830016 -1.026275
0.680189 0.969253 -0.763528
0.751677 -0.416530 -0.440027
0.706348 1.009016 -0.659983
0.744196 0.319428 -0.308005
0.589142 -0.581864 -0.858344
0.726209 0.492671 0.537258
0.331159 0.431252 0.956870
0.863858 0.398414 1.561349
0.662690 1.111571 0.012000
0.819468 0.132603 -1.542108
0.680003 0.852105 0.762281
1.022303 1.108510 -0.374768
1.057811 -0.253327 -0.949507
0.648261 -0.941868 -0.165609
0.719651 -0.242347 0.650714
1.104831 1.213141 -0.677157
0.633996 1.242601 -0.619481
0.666798 1.042941 -0.417127
1.131147 0.985123 -1.309332
0.719858 0.009827 0.276135
0.702742 -0.534372 -0.141177
1.141718 1.523273 -1.347859
-0.297169 0.495229 -0.964763
0.742085 -0.055888 0.611945
0.707068 0.464785 -1.391010
0.545244 0.344553 -1.300702
0.748534 0.364180 -0.688247
1.006912 -0.880304 -1.353025
0.826433 0.598327 -1.555869
-0.011483 0.398883 0.955635
1.125540 0.255931 0.565858
0.702379 -0.405847 -0.837732
0.659413 -0.770086 -0.071916
0.378846 -0.783330 -0.393410
1.025290 0.578786 -1.685525
0.690014 0.770197 0.764908
0.643561 1.388210 -0.625454
0.703921 0.646134 0.405374
0.598127 0.306984 1.099805
0.806550 -0.882394 -0.971858
0.742516 1.041145 1.113410
0.312558 0.254114 -1.039023
0.731519 0.368912 0.709567
0.382491 -0.229910 0.917230
1.032039 -0.501478 -0.782411
0.689158 1.302915 -0.912037
0.725784 0.571494 -0.283927
0.657185 1.081819 -1.087051
0.705158 0.474626 0.965575
0.009159 0.584988 0.857477
0.348098 -0.538185 -0.711046
0.652368 0.605722 -0.997111
1.040325 0.057728 -1.035659
0.397419 0.208168 -1.106716
0.742635 0.800885 0.105766
0.028251 0.256439 -1.037838
0.347487 0.894497 0.686288
-0.535572 0.231098 -0.899176
0.695715 -0.720284 0.991623
0.016308 -0.021342 1.005683
1.038729 -0.186755 0.461004
0.643261 -0.990615 -0.620481
-0.325579 0.043824 -0.982169
0.934817 -1.002064 1.335676
0.968822 -1.062704 -1.111110
0.735527 0.792718 -0.273563
0.993705 -0.156789 -1.720539
-0.008215 -0.623193 -0.553906
0.341105 -0.014682 -1.032809
0.658579 -0.496147 -1.058635
0.733561 0.081279 -0.733000
0.691567 -0.756632 0.628474
0.681777 0.989853 0.586965
-0.011160 -0.356042 -0.798293
-0.034634 0.781726 -0.845722
0.803221 0.776129 -1.444109
0.400626 -0.531042 0.812013
0.673428 -0.853468 -0.079507
0.660426 1.099346 -0.273740
-0.328799 -0.345917 -0.791814
0.653518 0.388729 1.363215
-0.277090 0.588552 0.928542
0.719219 -0.197628 -0.085523
0.720883 -0.239664 -0.970545
-0.297548 -0.526939 -0.717719
0.019476 -0.452781 -0.712853
0.691502 -0.775074 -0.243239
0.357602 -0.741432 -0.425755
0.684066 1.151154 0.320423
0.858356 1.231610 -1.190457
0.445137 -0.382897 0.889949
-0.318090 -0.852246 -0.081070
-0.312293 -0.824711 0.154197
-0.341264 -0.712701 -0.407298
-0.371956 -0.626868 0.468122
-0.463177 -0.576369 -0.545065
-0.515828 -0.476688 0.677407
-0.605967 -0.474833 -0.608145
-0.729003 -0.363239 0.750950
-0.938358 -0.512574 -0.534664
-0.983219 -0.346165 0.618457
-1.035868 -0.420899 -0.603591
-1.050676 -0.177301 0.699742
-1.199136 -0.297495 -0.623487
-1.209167 -0.066680 0.643077
-1.159362 -0.117157 -0.732892
-1.216044 0.126060 0.692298
-1.267328 0.024983 -0.748138
-1.294776 0.217291 0.594029
-1.147385 0.116646 -0.872445
-1.181638 0.331335 0.638558
-1.216169 0.239366 -0.852042
-1.236661 0.451245 0.611153
-1.122017 0.431952 -0.791605
-1.118701 0.549078 0.660745
-1.111438 0.606178 -0.747111
-1.087429 0.709432 0.535513
-0.896901 0.737748 -0.749034
-0.841798 0.834303 0.559244
-0.764819 1.017234 -0.489183
-0.720114 1.028495 0.406239
-0.553000 1.081776 -0.483041
-0.517186 1.127225 0.140869
-0.451929 -0.786471 -0.298219
-0.361711 -0.847834 -0.060955
-0.447651 -0.797660 -0.161809
-0.533572 -0.701196 0.320083
-0.662884 -0.699730 -0.389041
-0.767070 -0.589062 0.539997
-0.837999 -0.690496 -0.391412
-0.981362 -0.552102 0.561863
-1.068595 -0.575024 -0.423628
-1.140049 -0.374976 0.508685
-1.217896 -0.509542 -0.295558
-1.298377 -0.270858 0.425855
-1.299829 -0.360873 -0.424610
-1.346151 -0.052539 0.468856
-1.390000 -0.202006 -0.403401
-1.439564 0.042608 0.353547
-1.374790 -0.073981 -0.552014
-1.435001 0.146882 0.406727
-1.440040 0.108184 -0.558694
-1.446594 0.311828 0.332428
-1.360863 0.199964 -0.650287
-1.380687 0.443511 0.381252
-1.364115 0.436723 -0.567837
-1.359016 0.544864 0.464964
-1.225650 0.586690 -0.589987
-1.226177 0.655734 0.449027
-1.134338 0.825287 -0.525772
-1.111922 0.745945 0.505996
-0.850814 0.936260 -0.650706
-0.873462 0.818806 0.559616
-0.788217 1.099402 0.134863
-0.592083 0.996821 0.652914
-0.570233 -0.820222 0.037478
-0.510554 -0.821090 0.185724
-0.577058 -0.735513 -0.213430
-0.661230 -0.695836 0.369324
-0.816846 -0.716675 -0.116935
-0.946929 -0.657443 0.372161
-1.072281 -0.634702 -0.163478
-1.144823 -0.573233 0.368217
-1.291223 -0.543696 -0.010012
-1.354161 -0.445763 0.143625
-1.379993 -0.396417 -0.079783
-1.442236 -0.257369 0.113409
-1.472973 -0.214339 0.009145
-1.496356 -0.069051 -0.001934
-1.466402 -0.040345 -0.141650
-1.508001 0.113046 0.050858
-1.517539 0.143437 -0.069382
-1.534719 0.255916 -0.022225
-1.497386 0.296768 -0.234197
-1.497239 0.449841 -0.041807
-1.488306 0.446496 -0.184538
-1.465194 0.604584 -0.067487
-1.424906 0.571793 -0.149804
-1.420280 0.754883 -0.070820
-1.409004 0.732984 -0.163756
-1.310001 0.845568 -0.066389
-1.256145 0.875727 -0.288329
-1.149099 0.989967 -0.024926
-1.052087 1.043781 -0.213079
-0.883569 1.079063 0.088323
-0.770700 1.099469 -0.280954
-0.573287 1.195205 -0.130977
-0.738354 -0.786943 -0.235942
-0.690424 -0.829373 -0.032990
-0.810902 -0.804748 -0.039978
-0.800768 -0.777576 0.154107
-0.837454 -0.770125 -0.178204
-0.934643 -0.682858 0.288512
-1.056128 -0.708496 -0.168291
-1.098274 -0.631745 0.220266
-1.162817 -0.601218 -0.196718
-1.247828 -0.487999 0.214125
-1.316382 -0.470572 -0.168722
-1.367640 -0.348743 0.146123
-1.396696 -0.298530 -0.248233
-1.444768 -0.158250 0.196521
-1.470886 -0.156305 -0.232129
-1.493598 -0.006029 0.100869
-1.455574 0.022421 -0.331853
-1.502153 0.191928 0.169822
-1.498106 0.218659 -0.276683
-1.471546 0.401224 0.029926
-1.410855 0.386667 -0.399804
-1.435160 0.576797 0.073295
-1.391697 0.579231 -0.370847
-1.363401 0.697068 0.063160
-1.293305 0.708904 -0.377502
-1.306823 0.789769 0.149135
-1.219579 0.884939 -0.358117
-1.065913 0.947653 0.208906
-0.901293 1.052011 -0.426419
-0.725688 1.045476 0.304044
-0.706178 1.171054 -0.012715
-0.557478 1.127750 0.323628
-0.728946 -0.833418 0.034486
-0.697560 -0.801880 0.164990
-0.811553 -0.798093 -0.191934
-0.824043 -0.745343 0.165860
-0.922834 -0.772220 -0.105290
-0.965483 -0.733457 0.105593
-1.064729 -0.667165 -0.110663
-1.137111 -0.666903 0.080299
-1.210090 -0.570513 -0.149460
-1.252678 -0.543683 0.079429
-1.323761 -0.403174 -0.227379
-1.344139 -0.338895 0.141330
-1.417998 -0.228689 -0.250379
-1.416090 -0.145456 0.123464
-1.472607 -0.024403 -0.340053
-1.472678 0.081694 0.209088
-1.503849 0.199535 -0.323523
-1.493375 0.303567 0.143640
-1.479952 0.429539 -0.340925
-1.448800 0.538052 0.059312
-1.440966 0.598723 -0.270403
-1.386409 0.709936 0.033464
-1.339256 0.758094 -0.191828
-1.311052 0.833159 0.009808
-1.279677 0.859563 -0.171319
-1.230060 0.891794 -0.035660
-1.197897 0.957084 -0.148951
-1.091242 1.026065 -0.066752
-0.938887 1.096150 -0.161941
-0.796803 1.098572 0.125224
-0.755849 1.137728 -0.118159
-0.619736 1.151673 0.061567
-0.602003 -0.854524 -0.188872
-0.620364 -0.832305 0.000280
-0.733722 -0.836326 -0.186548
-0.786184 -0.790736 0.070709
-0.831366 -0.792478 -0.225566
-0.921643 -0.771367 0.105485
-0.946537 -0.734461 -0.212561
-1.041807 -0.704718 0.115295
-1.070690 -0.660663 -0.305392
-1.163537 -0.550958 0.268437
-1.219561 -0.499547 -0.381713
-1.279065 -0.361212 0.339250
-1.323810 -0.328812 -0.456704
-1.346773 -0.187155 0.428004
-1.407039 -0.136688 -0.499983
-1.409966 0.026817 0.392961
-1.416400 0.116845 -0.555302
-1.423317 0.261196 0.356687
-1.414942 0.341362 -0.522075
-1.402960 0.458791 0.273645
-1.360826 0.505997 -0.499341
-1.347749 0.639212 0.274970
-1.286694 0.701207 -0.459895
-1.266025 0.827487 0.192138
-1.162682 0.869731 -0.413728
-1.173651 0.914183 0.160068
-1.079468 0.993962 -0.301783
-0.973541 1.032431 0.139912
-0.852207 1.102985 -0.330537
-0.745253 1.065898 0.230788
-0.735684 1.118240 -0.049836
-0.597204 1.105735 0.342441
-0.508635 -0.877043 -0.014853
-0.547486 -0.815354 0.149586
-0.621105 -0.838986 -0.354237
-0.660987 -0.746140 0.235749
-0.730549 -0.782831 -0.386226
-0.796432 -0.754702 0.199214
-0.857393 -0.724359 -0.438758
-0.921949 -0.677683 0.296666
-0.976233 -0.622748 -0.504812
-1.042530 -0.507203 0.428107
-1.116736 -0.471543 -0.587998
-1.183020 -0.313698 0.534844
-1.233138 -0.266598 -0.642262
-1.263546 -0.106739 0.598384
-1.297947 -0.025049 -0.698190
-1.298711 0.121139 0.559361
-1.314320 0.242086 -0.711919
-1.282640 0.362415 0.516124
-1.261802 0.461646 -0.702013
-1.265575 0.577214 0.442392
-1.249051 0.612509 -0.624468
-1.183742 0.747923 0.375305
-1.162457 0.794443 -0.539105
-1.139326 0.898769 0.283965
-1.106658 0.905175 -0.406617
-1.027145 0.970069 0.124609
-0.980760 1.001935 -0.344787
-0.923766 1.087670 0.051056
-0.847800 1.129572 -0.242879
-0.766084 1.184870 -0.018361
-0.710295 1.148707 -0.192287
-0.625930 1.182824 -0.097960
-0.499581 -0.850760 -0.153352
-0.508241 -0.841792 0.010787
-0.511936 -0.865165 -0.298377
-0.510613 -0.780187 0.228528
-0.552912 -0.815252 -0.438200
-0.610401 -0.732851 0.301851
-0.660467 -0.744088 -0.510435
-0.725612 -0.653442 0.383480
-0.761865 -0.630301 -0.616370
-0.881208 -0.447720 0.558840
-0.931654 -0.471861 -0.683629
-1.044914 -0.256797 0.674697
-1.071644 -0.305159 -0.759322
-1.143761 -0.091720 0.750988
-1.152024 -0.093513 -0.798034
-1.190593 0.119054 0.739835
-1.183171 0.143936 -0.825279
-1.174256 0.321102 0.701620
-1.181379 0.333022 -0.836934
-1.199916 0.492450 0.668034
-1.168972 0.504490 -0.776219
-1.115648 0.682301 0.600336
-1.108028 0.729059 -0.708957
-1.088592 0.849894 0.482006
-1.005492 0.885466 -0.591522
-0.968357 0.958161 0.386582
-0.902234 0.971528 -0.507887
-0.799794 1.071724 0.271244
-0.696797 1.110278 -0.446018
-0.628350 1.146965 0.201005
-0.622169 1.160638 -0.201031
-0.520243 1.175171 0.193978
-0.414435 -0.869713 0.023258
-0.444086 -0.824942 0.174021
-0.434153 -0.835405 -0.394632
-0.450028 -0.715581 0.417195
-0.486273 -0.769487 -0.569889
-0.515691 -0.636053 0.513386
-0.555424 -0.687310 -0.733524
-0.617265 -0.546994 0.622241
-0.652858 -0.547087 -0.762013
-0.772137 -0.359502 0.709212
-0.778457 -0.407879 -0.847003
-0.881533 -0.190257 0.806734
-0.903054 -0.240987 -0.879627
-0.974810 -0.015665 0.851008
-0.979191 -0.014412 -0.918769
-1.012650 0.186322 0.837550
-0.996034 0.210020 -0.931242
-0.997197 0.382031 0.820286
-0.995563 0.394026 -0.940882
-1.010090 0.557562 0.731491
-1.014575 0.560096 -0.869713
-0.974019 0.738495 0.650483
-0.958319 0.764908 -0.776341
-0.923427 0.900416 0.513985
-0.885528 0.897197 -0.599633
-0.811230 0.989874 0.333882
-0.759645 1.029203 -0.480967
-0.699367 1.110156 0.135348
-0.624938 1.147991 -0.354508
-0.544917 1.151185 0.104379
-0.491844 1.169344 -0.169296
-0.380992 1.156776 0.031207
-0.306651 -0.842674 -0.087704
-0.325524 -0.845467 0.127119
-0.317927 -0.853898 -0.278118
-0.307501 -0.755377 0.370575
-0.333746 -0.819648 -0.519416
-0.373994 -0.672643 0.546009
-0.385090 -0.723936 -0.739025
-0.446244 -0.555859 0.677405
-0.468336 -0.583010 -0.891527
-0.592083 -0.374559 0.769679
-0.612664 -0.440532 -0.920792
-0.712661 -0.215671 0.845719
-0.703671 -0.281415 -0.965963
-0.786973 -0.054942 0.903474
-0.805808 -0.075128 -0.987993
-0.850731 0.127512 0.916432
-0.853517 0.099070 -1.003438
-0.864091 0.289174 0.884278
-0.843254 0.279820 -1.006019
-0.844546 0.485384 0.829881
-0.849000 0.491591 -0.960143
-0.848470 0.673585 0.756682
-0.841578 0.690021 -0.881737
-0.806716 0.850495 0.624312
-0.739825 0.852534 -0.754768
-0.681371 0.983296 0.507754
-0.622183 0.983118 -0.602940
-0.579215 1.091145 0.353303
-0.477001 1.098813 -0.435370
-0.407398 1.139991 0.199334
-0.350890 1.152328 -0.203836
-0.240606 1.162949 0.175603
-0.217579 -0.828425 0.066754
-0.212663 -0.791391 0.249543
-0.197728 -0.802137 -0.308963
-0.181826 -0.687837 0.451764
-0.233716 -0.754940 -0.535450
-0.246504 -0.539468 0.684796
-0.296174 -0.641488 -0.823615
-0.306577 -0.439995 0.831820
-0.380477 -0.479492 -0.952147
-0.449879 -0.290756 0.876128
-0.475211 -0.392739 -1.042455
-0.539128 -0.151389 0.948832
-0.543894 -0.247884 -1.047838
-0.590712 0.001668 0.964437
-0.594575 -0.066182 -1.086058
-0.623758 0.168118 0.969826
-0.640319 0.124073 -1.099821
-0.637845 0.330438 0.911430
-0.658994 0.299188 -1.060093
-0.655274 0.499307 0.872571
-0.687534 0.529547 -1.003158
-0.687114 0.701909 0.760320
-0.662057 0.697158 -0.910399
-0.624416 0.877823 0.656601
-0.581006 0.874516 -0.784332
-0.523428 0.990761 0.497600
-0.449626 1.013559 -0.623716
-0.362833 1.111012 0.305687
-0.258003 1.113312 -0.438924
-0.159422 1.171395 0.141869
-0.062313 1.166660 -0.203644
0.008033 1.193555 0.036623
-0.036904 -0.779119 -0.006947
-0.002398 -0.791808 0.181746
0.019475 -0.796900 -0.192313
0.021959 -0.728882 0.378152
-0.005957 -0.780365 -0.432407
-0.074730 -0.611313 0.545950
-0.138896 -0.675209 -0.690252
-0.178650 -0.489015 0.724760
-0.267416 -0.580781 -0.944795
-0.271876 -0.365266 0.865995
-0.331780 -0.462824 -1.064068
-0.398904 -0.225050 0.928622
-0.396913 -0.296817 -1.095092
-0.468861 -0.056370 0.988001
-0.431749 -0.150148 -1.137736
-0.472536 0.061458 0.995747
-0.463527 0.001669 -1.154160
-0.516719 0.229781 0.966251
-0.490859 0.171734 -1.120679
-0.527932 0.402684 0.940862
-0.509910 0.401475 -1.072342
-0.549871 0.606726 0.863854
-0.495998 0.587126 -0.995332
-0.487876 0.797613 0.747679
-0.392252 0.802390 -0.845097
-0.334006 0.936568 0.610308
-0.252958 0.924800 -0.680438
-0.181359 1.044613 0.439160
-0.052930 1.063914 -0.467782
0.027259 1.134840 0.251838
0.120424 1.177168 -0.263699
0.153790 1.203927 0.053424
0.194818 -0.793920 0.101355
0.257384 -0.795308 0.199384
0.299873 -0.845582 -0.157445
0.264690 -0.754838 0.345023
0.247169 -0.807813 -0.340380
0.164547 -0.638830 0.547714
0.101879 -0.681370 -0.589611
0.021276 -0.512957 0.674446
-0.075550 -0.535152 -0.763581
-0.080663 -0.374555 0.765782
-0.129859 -0.421427 -0.952929
-0.220725 -0.184144 0.871857
-0.242973 -0.328076 -1.051949
-0.293481 -0.080451 0.939443
-0.271574 -0.196692 -1.106460
-0.281641 0.081850 0.967386
-0.266957 -0.029624 -1.146493
-0.298157 0.242845 0.954804
-0.290703 0.140947 -1.124123
-0.316591 0.438949 0.955287
-0.297825 0.402261 -1.082411
-0.364786 0.629291 0.840757
-0.330699 0.608921 -0.947205
-0.277423 0.823747 0.739303
-0.156651 0.816604 -0.816974
-0.070090 0.962022 0.607322
0.028283 0.968479 -0.641224
0.131599 1.096809 0.364976
0.232628 1.068535 -0.424304
0.279314 1.177794 0.173421
0.286597 1.195951 -0.110503
0.333248 1.253188 0.007268
0.383904 -0.848982 -0.006812
0.420991 -0.912243 0.095473
0.458252 -0.927988 -0.151858
0.426152 -0.870471 0.266148
0.414705 -0.892638 -0.250925
0.373005 -0.778332 0.431986
0.375225 -0.784952 -0.447405
0.307285 -0.668525 0.589733
0.343224 -0.661209 -0.572535
0.286256 -0.550865 0.683485
0.256001 -0.503084 -0.771140
0.078080 -0.323063 0.793646
0.021139 -0.390826 -0.935059
-0.032533 -0.159801 0.863124
-0.000439 -0.269856 -1.029991
-0.026554 0.000396 0.942552
0.004245 -0.103757 -1.097095
-0.014205 0.192780 0.927255
0.039776 0.088749 -1.100830
-0.028650 0.406244 0.925586
0.021310 0.338487 -1.064687
-0.041208 0.595448 0.858807
0.020733 0.539843 -0.989013
0.002458 0.773218 0.759199
0.151357 0.781453 -0.815732
0.211784 0.943076 0.623543
0.293235 0.931944 -0.670827
0.342093 1.073025 0.488052
0.427825 1.084907 -0.469888
0.482534 1.209012 0.296060
0.604684 1.235185 -0.229263
0.596506 1.264757 0.146495
0.573300 -1.020989 0.054029
0.576065 -1.043803 0.160956
0.619695 -1.066485 -0.173286
0.565035 -0.965745 0.360141
0.567476 -0.995827 -0.279254
0.536056 -0.840257 0.523222
0.574846 -0.900185 -0.450798
0.562881 -0.740706 0.648291
0.589311 -0.794725 -0.592817
0.543778 -0.622103 0.740548
0.536354 -0.654184 -0.759789
0.444636 -0.445541 0.827534
0.475583 -0.493399 -0.920667
0.368532 -0.237641 0.897133
0.387946 -0.306825 -1.046030
0.332209 -0.017287 0.929080
0.365938 -0.073174 -1.073997
0.344785 0.233418 0.931147
0.389232 0.208707 -1.055201
0.347451 0.503305 0.908938
0.439566 0.501164 -1.007789
0.387031 0.714549 0.822562
0.410988 0.699802 -0.892607
0.358095 0.891470 0.742191
0.431865 0.896590 -0.776936
0.462673 1.022944 0.659658
0.503487 1.055949 -0.619371
0.531566 1.216737 0.511518
0.567916 1.224622 -0.456481
0.594012 1.378203 0.333992
0.654023 1.447148 -0.206610
0.650424 1.447907 0.083249
0.626933 -1.178150 -0.055781
0.644483 -1.206070 0.152784
0.684172 -1.245147 -0.186061
0.659536 -1.153005 0.381213
0.657205 -1.184725 -0.313745
0.633409 -1.047429 0.579278
0.646130 -1.147431 -0.485085
0.662302 -0.954164 0.755356
0.689236 -1.030833 -0.658134
0.661559 -0.832964 0.870493
0.666019 -0.896128 -0.820066
0.638778 -0.608350 0.951180
0.643582 -0.672800 -0.994651
0.559404 -0.357147 1.017273
0.587948 -0.431255 -1.069602
0.554468 -0.082513 1.043800
0.556777 -0.106833 -1.157491
0.519471 0.225158 1.083230
0.573951 0.185076 -1.165906
0.531057 0.466256 1.048932
0.609961 0.424507 -1.107459
0.553211 0.703352 0.955410
0.641676 0.623248 -0.997302
0.574562 0.869848 0.890859
0.628624 0.874168 -0.878724
0.605768 1.026230 0.770250
0.634732 1.069800 -0.688714
0.629870 1.184281 0.644237
0.664568 1.165041 -0.627993
0.684546 1.313751 0.558616
0.703015 1.378816 -0.413569
0.696703 1.448903 0.289931
0.723836 -1.315283 0.024765
0.736293 -1.338499 0.277686
0.814958 -1.410725 -0.268267
0.796020 -1.229359 0.595006
0.810272 -1.313893 -0.469764
0.789667 -1.122877 0.821042
0.803443 -1.242171 -0.648277
0.794571 -1.008636 1.021144
0.794896 -1.109520 -0.863757
0.782125 -0.839443 1.150198
0.746632 -0.926965 -1.014359
0.721153 -0.609996 1.222351
0.699163 -0.721465 -1.176042
0.669991 -0.340680 1.258407
0.637763 -0.367416 -1.205597
0.664575 -0.028708 1.203341
0.636816 0.027542 -1.226240
0.629988 0.348036 1.287693
0.646993 0.383769 -1.247283
0.650945 0.652009 1.222084
0.673783 0.687318 -1.142819
0.639916 0.891010 1.112659
0.686390 0.888265 -1.012505
0.643878 1.019770 0.964245
0.679090 1.089280 -0.899438
0.664820 1.202502 0.826587
0.725414 1.314042 -0.736087
0.707492 1.417372 0.655722
0.765925 1.491069 -0.596715
0.751081 1.561185 0.448918
0.783609 1.644922 -0.336940
0.731308 1.605511 0.089009
0.793480 -1.445118 -0.054690
0.863541 -1.468549 0.234059
0.919769 -1.526680 -0.273261
0.912220 -1.413412 0.581590
0.948203 -1.502817 -0.486389
0.928890 -1.309894 0.905106
0.965324 -1.447814 -0.719490
0.933154 -1.201543 1.097986
0.940283 -1.295315 -0.894398
0.907868 -0.989949 1.271193
0.901952 -1.102046 -1.094157
0.887483 -0.751186 1.372885
0.829587 -0.854281 -1.186954
0.817424 -0.443135 1.430269
0.726099 -0.531200 -1.303749
0.821464 -0.092209 1.488974
0.737206 -0.096812 -1.374163
0.803714 0.301899 1.514938
0.734449 0.252460 -1.461143
0.803761 0.616292 1.470739
0.794576 0.574812 -1.372283
0.819407 0.859171 1.333495
0.799727 0.853927 -1.254358
0.795520 1.037095 1.174597
0.773467 1.118737 -1.063457
0.800269 1.254524 0.945975
0.848213 1.360665 -0.891869
0.818747 1.472993 0.690643
0.855615 1.493296 -0.690781
0.840348 1.560074 0.475589
0.843269 1.631978 -0.465428
0.821839 1.634103 0.196621
0.855716 -1.493502 0.000208
0.956517 -1.525242 0.381033
1.072793 -1.626107 -0.397665
1.047283 -1.393050 0.755330
1.091681 -1.538964 -0.633279
1.060260 -1.246134 1.068254
1.132194 -1.442391 -0.917338
1.088369 -1.057731 1.298844
1.100262 -1.259598 -1.037795
1.036151 -0.834793 1.451082
1.074539 -1.017210 -1.241179
1.045524 -0.578679 1.590027
1.027558 -0.775294 -1.327377
1.010397 -0.298025 1.590340
0.935043 -0.447721 -1.590393
1.055688 0.045601 1.724981
0.911650 -0.062379 -1.628237
1.003997 0.441581 1.722714
0.963099 0.368977 -1.604824
1.017097 0.727121 1.644096
0.970332 0.695126 -1.472206
0.992365 0.973417 1.513859
0.963189 1.052021 -1.396753
1.000474 1.179051 1.339722
0.968238 1.285589 -1.210343
1.006080 1.459630 1.072900
1.055917 1.630485 -0.977985
1.013137 1.701934 0.719987
1.025685 1.739796 -0.627583
0.988227 1.790294 0.381108
1.089981 1.878522 -0.474954
0.969981 1.827314 0.041865
0.954330 -1.641356 -0.030803
1.084003 -1.662595 0.300930
1.120415 -1.711228 -0.258839
1.112345 -1.536676 0.690509
1.113811 -1.638466 -0.564114
1.122259 -1.363439 1.021158
1.134040 -1.530632 -0.796047
1.130561 -1.134367 1.255155
1.127801 -1.351934 -1.059920
1.117134 -0.910025 1.429534
1.132649 -1.195158 -1.253265
1.116832 -0.705709 1.624093
1.104529 -0.878907 -1.470182
1.121040 -0.410022 1.701647
1.121966 -0.625002 -1.680282
1.145044 -0.064861 1.778861
1.144114 -0.115605 -1.797030
1.149269 0.352332 1.793014
1.092454 0.185035 -1.783475
1.123429 0.649770 1.743205
1.125034 0.675894 -1.610969
1.130695 0.973280 1.594208
1.092559 1.074189 -1.448825
1.126152 1.192387 1.443537
1.110906 1.334768 -1.366555
1.125378 1.501008 1.157967
1.126911 1.607268 -0.992622
1.106364 1.698564 0.759448
1.042722 1.721485 -0.748907
1.014782 1.745949 0.441306
0.978928 1.796844 -0.441471
0.972191 1.802654 0.118888
0.907447 -1.549789 0.087744
1.069539 -1.611704 0.360950
1.133955 -1.671758 -0.165565
1.130465 -1.445443 0.595728
1.144604 -1.469760 -0.394118
1.131624 -1.136416 0.815259
1.126521 -1.195875 -0.575892
1.113620 -0.840679 1.040256
1.108266 -0.987123 -0.901264
1.132234 -0.537678 1.103507
1.047780 -0.722033 -0.804609
1.123981 -0.301142 1.373966
1.021277 -0.599929 -1.389070
1.118016 -0.068437 1.213012
0.988295 -0.288153 -1.030713
1.115606 0.188355 1.491429
1.103061 -0.004561 -1.553392
1.162234 0.482549 1.333503
1.003610 0.364872 -0.873874
1.113701 0.816481 1.549565
1.123093 0.827063 -1.117965
1.147638 1.052478 1.370807
1.107283 1.144168 -0.928722
1.101688 1.306000 1.342696
1.115007 1.425909 -1.161762
1.119575 1.585093 0.986485
1.157842 1.730767 -0.855108
1.124491 1.853167 0.605282
1.162478 1.900396 -0.666749
1.147937 1.940789 0.187256
1.140526 1.972767 -0.374177
0.993014 1.912215 -0.004382
0.994431 -1.679084 0.092237
1.140711 -1.714232 0.224870
1.124897 -1.710942 0.030228
1.125784 -1.565130 0.443714
1.113132 -1.502335 -0.048768
1.109017 -1.304506 0.783854
1.082578 -1.282304 -0.300462
1.100972 -0.981427 0.962590
1.051653 -0.976526 -0.146997
1.095773 -0.734528 1.344166
0.902688 -0.896626 -0.463452
1.031551 -0.493588 1.388995
0.729634 -0.500632 -0.146073
0.996640 -0.170172 1.630627
0.714256 -0.390417 -0.308025
1.021823 -0.009232 1.489835
0.670506 0.007999 -0.010541
0.979447 0.281732 1.668444
0.765299 0.175683 -0.175245
1.087454 0.559683 1.559777
1.033715 0.709911 0.085119
1.022971 0.865740 1.530841
1.048105 1.037362 -0.235159
1.011408 1.166597 1.282709
1.051350 1.264460 -0.401063
1.007895 1.435683 0.931600
1.101968 1.540382 -0.613572
1.037603 1.741152 0.562844
1.010690 1.774912 -0.419040
0.990741 1.833233 0.172206
0.974324 1.813449 -0.282779
0.866221 1.727756 0.039658
0.737974 -1.408791 0.005133
0.970226 -1.479673 0.096862
0.969971 -1.380118 -0.125375
1.128628 -1.337321 0.327186
1.073603 -1.130898 0.003490
1.108251 -1.008345 0.453890
1.010305 -0.848178 0.022982
1.101874 -0.706014 0.604423
0.959424 -0.587325 0.128195
1.013204 -0.430025 0.645209
0.780641 -0.496941 0.051846
0.993258 -0.216776 0.865863
0.691621 -0.235050 0.398661
0.992789 -0.056483 0.913845
0.687845 -0.228863 0.066923
1.010170 0.139317 0.967986
0.697313 0.189348 0.523998
1.040294 0.390244 1.006926
0.838201 0.385560 0.408213
1.150943 0.696180 1.158874
0.992433 0.840280 0.685164
1.114626 0.951955 1.148224
0.997934 1.070497 0.283922
1.084238 1.164713 1.054511
1.058829 1.225509 -0.027086
1.050860 1.426121 0.680480
1.061385 1.525789 -0.323567
1.115724 1.820019 0.336487
1.136329 1.895124 -0.328928
1.169245 1.957154 -0.072897
1.102202 1.921589 -0.262442
0.868226 1.730784 -0.286807
0.835723 -1.318884 0.205209
0.926053 -1.362001 0.352644
1.086448 -1.401299 0.115179
1.065743 -1.198309 0.442209
1.094930 -1.075496 0.145167
1.024072 -0.858426 0.552330
1.034859 -0.809633 0.240107
1.016225 -0.640573 0.558853
1.009656 -0.577862 0.277398
0.933284 -0.429324 0.822236
0.804544 -0.362842 0.594306
0.687533 -0.304371 0.816810
0.670274 -0.239454 0.581291
0.676923 -0.109477 1.218762
0.654012 -0.062824 0.847716
0.614219 0.001332 0.972821
0.702098 0.084065 0.705952
0.703406 0.229241 1.380457
0.826720 0.355589 0.989020
0.766444 0.447749 1.137469
0.984869 0.619056 0.883525
0.809619 0.820937 1.344160
0.971937 0.980602 0.810082
0.845586 1.020810 1.135868
1.035034 1.063959 0.504672
0.986123 1.244274 0.852222
1.099526 1.378567 0.233070
1.101991 1.607049 0.438848
1.137491 1.688751 -0.027086
1.139343 1.822715 0.130257
1.050460 1.798391 -0.192105
0.794701 1.615043 -0.144283
