0.000000 -0.210552 -1.089907
0.511189 -0.786758 -0.982288
0.000000 -0.786758 -0.982288
0.682090 -0.210552 -1.089907
-0.511189 -0.786758 -0.982288
0.574141 0.064381 -1.134222
-0.682090 -0.210552 -1.089907
0.000000 0.064381 -1.134222
-0.574141 0.064381 -1.134222
0.000000 -0.786758 0.271589
0.511189 -0.786758 0.271589
0.359402 0.610143 0.036199
-0.359402 0.610143 0.036199
0.682103 -0.210552 0.727156
0.574141 0.064381 0.308698
-0.511189 -0.786758 0.271589
0.000000 0.610143 0.036199
0.000000 0.445826 0.505782
0.424634 0.445826 0.505782
-0.682103 -0.210552 0.727156
-0.424634 0.445826 0.505782
-0.574141 0.064381 0.308698
-0.000000 1.168704 -0.459514
0.276765 1.596846 -0.366042
0.659168 1.168704 -0.459514
-0.000000 1.596846 -0.366042
0.639465 0.746379 -0.353148
-0.276765 1.596846 -0.366042
-0.000000 0.746379 -0.353148
-0.659168 1.168704 -0.459514
-0.639466 0.746379 -0.353148
0.571319 0.445826 0.505770
-0.571319 0.445826 0.505770
-0.000000 0.445826 0.505770
0.439339 0.430782 0.919818
-0.000000 0.430782 0.919818
-0.439339 0.430782 0.919818
0.199685 0.436306 1.614447
0.231812 0.407131 1.570868
0.322523 0.940455 1.149954
-0.000000 0.940459 1.149954
-0.000000 0.436306 1.614447
-0.000000 0.407131 1.570868
0.425100 0.810720 1.042148
-0.199685 0.436306 1.614447
-0.322523 0.940455 1.149954
-0.231812 0.407131 1.570868
-0.425100 0.810720 1.042148
0.000000 -0.210552 0.727156
0.485566 0.984891 0.686381
0.366045 1.200946 0.781495
0.562693 0.898703 0.319641
-0.000000 1.200946 0.781495
0.275848 1.401101 0.479927
-0.000000 1.401098 0.479927
-0.000000 1.464754 0.209812
0.378784 1.464754 0.209812
0.554451 1.198885 0.095830
-0.485566 0.984891 0.686381
-0.366045 1.200946 0.781495
-0.562693 0.898703 0.319641
-0.275848 1.401101 0.479927
-0.554451 1.198885 0.095830
-0.378784 1.464754 0.209812
0.000000 -0.760344 -0.986563
0.389316 -0.759774 -1.269957
0.389316 -0.760344 -0.986563
0.000000 -0.759774 -1.269957
0.238182 -0.075270 -1.112321
0.000000 -0.075270 -1.112321
0.057306 0.747749 -2.488063
0.057651 0.835053 -2.387079
0.000000 0.747749 -2.488063
0.000000 0.835053 -2.387079
-0.389316 -0.760344 -0.986563
-0.389316 -0.759774 -1.269957
-0.238182 -0.075270 -1.112321
-0.057306 0.747749 -2.488063
-0.057651 0.835053 -2.387079
0.682096 -0.940137 -0.432112
0.682096 -0.665687 0.652652
0.682096 -0.136297 -0.432112
0.682096 -0.940137 0.652572
0.682096 -0.541600 -1.109917
0.682096 -0.940137 -1.109917
1.257034 -0.940137 -0.432112
1.257034 -0.940137 -1.109917
1.257034 -0.691438 -1.109917
1.257034 -0.360643 -0.432112
1.257034 -0.753032 0.652683
1.257034 -0.940137 0.652572
-0.682096 -0.940137 -0.432112
-0.682096 -0.136297 -0.432112
-0.682096 -0.665686 0.652648
-0.682096 -0.541600 -1.109917
-0.682096 -0.940137 0.652572
-0.682096 -0.940137 -1.109917
-1.257034 -0.940137 -0.432112
-1.257034 -0.360643 -0.432112
-1.257034 -0.691438 -1.109917
-1.257034 -0.753032 0.652683
-1.257034 -0.940137 -1.109917
-1.257034 -0.940137 0.652572
