2.076302 -0.193650 -0.336045
1.522075 -0.121727 -0.206928
1.991816 -0.376255 0.258434
0.831424 0.310692 -0.573329
1.694188 -0.183324 0.385413
2.152364 0.727264 -0.477954
1.305970 0.005711 0.338592
0.978419 0.621292 -0.040620
2.441791 0.683997 -0.534657
0.968126 0.774532 -0.048915
0.715497 0.332986 0.387984
1.296885 0.258617 0.208778
0.595437 0.492551 0.351318
1.948744 -0.015878 0.527352
0.679734 0.564576 0.351882
2.148803 -0.363727 -0.013511
1.450094 -0.175352 -0.466865
2.088790 -0.422164 0.244930
0.532918 0.442558 -0.179789
0.400903 0.597918 -0.839640
2.187112 -0.288357 0.361342
1.928087 0.615709 -0.250869
2.163570 0.403043 -0.624353
0.697990 0.067921 -0.743563
1.120153 -0.001774 0.586601
2.196616 -0.118581 0.617884
0.588784 0.696793 -0.193889
2.072196 -0.104722 0.529082
0.262672 0.379566 -0.230459
1.439943 -0.163832 -0.042406
0.206568 0.409560 -0.624077
1.013857 0.212758 -0.500803
1.842643 0.372647 -0.523580
1.474370 0.074388 -0.423546
2.160234 0.262608 -0.639694
2.136427 -0.102067 -0.567592
2.341878 -0.212623 0.101845
1.328917 0.295148 -0.572938
2.080213 0.174376 0.366137
0.789803 0.485678 -0.711104
0.577730 0.424563 0.259400
0.921333 0.394687 0.317190
1.068301 -0.098327 0.474048
0.900373 -0.131176 -0.602919
0.616876 0.137522 -0.562901
0.763076 -0.431713 -0.428405
0.183503 -0.162591 0.138113
2.088120 0.389154 0.395583
0.558251 0.387560 -0.678082
2.485581 -0.168424 0.903217
2.409025 -0.305851 0.669044
1.193974 0.298095 -0.331930
1.215370 0.405574 0.166895
0.862527 0.044117 0.690095
0.906171 0.014023 0.493945
2.541086 -0.038760 0.508678
2.372761 -0.051316 -0.519340
1.442823 0.503328 -0.078618
0.086439 0.403915 -0.400346
2.431773 0.308800 -0.476457
0.182341 0.096027 -0.422022
0.618592 0.686259 -0.882891
0.368594 -0.446722 -0.065551
0.974012 -0.414671 0.203061
0.583595 -0.435357 -0.224993
1.210574 0.156283 -0.540563
0.343428 0.448612 0.260330
1.403339 0.019652 0.465796
0.654625 0.689618 0.150820
0.497943 0.291017 0.488805
1.940091 0.505106 0.004259
2.016639 0.230699 -0.419879
0.191913 0.132981 0.312319
2.404428 -0.051448 0.557591
2.161102 0.540444 -0.859008
1.194258 0.012766 -0.321822
2.130862 0.034767 0.468797
1.013134 -0.328196 -0.414228
1.423977 -0.137253 0.375431
1.206478 0.532472 -0.288764
0.933625 -0.621261 -0.265292
0.210154 -0.127155 0.336587
2.414198 0.245219 -0.607891
0.242696 0.095341 0.036405
1.471961 -0.423397 -0.115894
0.887932 0.049622 -0.571004
1.621394 -0.405403 -0.257410
2.005982 -0.013774 -0.139441
0.470706 0.647808 -0.325483
2.288975 0.193543 -0.492267
0.194409 -0.061642 0.200876
2.039481 -0.173115 0.305092
0.967370 0.236392 0.387846
0.535053 0.136973 0.427670
2.322508 0.158446 0.184815
2.400915 0.202553 0.585723
0.646690 -0.592480 0.022297
1.480779 0.393313 -0.754747
1.474395 -0.154407 0.103782
0.502005 -0.239228 -0.524176
0.198992 0.166708 0.138921
0.662573 0.745599 0.005624
1.906399 -0.007253 -0.459933
1.248041 -0.034286 0.619352
1.224134 0.115293 -0.448952
1.536659 0.347846 -0.641811
0.508323 0.620406 0.023280
0.798867 0.382639 -0.470915
1.551497 -0.106668 0.347623
1.129845 0.202465 -0.642983
0.252044 0.527959 -0.216053
0.990932 -0.156801 -0.475410
2.126039 -0.177585 0.540596
1.470662 0.272814 -0.114341
2.157707 -0.194253 -0.022306
0.125344 0.068499 -0.217576
0.848268 -0.118882 0.591294
1.982240 0.275169 -0.436484
1.996702 0.337038 -0.693285
0.315997 0.425607 -0.542072
1.715850 -0.327997 0.217835
1.217155 -0.239288 0.263841
0.831072 -0.238703 -0.567135
1.465783 0.295711 -0.280307
1.617000 0.031198 -0.408700
1.791752 0.305614 -0.231833
1.481491 0.182705 -0.507977
1.705759 0.353830 0.034826
1.845897 -0.443453 -0.019367
0.124336 0.274200 -0.239282
2.006955 0.133249 -0.455906
0.662178 -0.494624 -0.453896
0.593886 0.546305 -0.521280
2.029931 0.723705 0.008659
0.436314 -0.132383 -0.584068
2.006484 -0.081518 0.539735
1.757205 0.394904 -0.006679
0.530073 0.671105 0.291402
0.425045 -0.312106 -0.442423
0.798629 0.580570 -0.549497
1.610243 0.078179 -0.478053
0.566635 0.481672 -0.582466
0.232372 -0.033908 0.476920
0.695443 0.238383 -0.568923
1.906282 0.160360 0.449748
1.681152 -0.056866 0.352644
0.211451 0.036026 -0.445244
0.695388 0.084687 0.588343
0.200941 0.576726 -0.045548
0.984130 0.486811 -0.412670
2.275517 -0.028121 -0.193990
2.112007 0.549437 -0.729657
1.257993 0.121345 -0.398132
0.912455 0.287850 -0.846265
0.589941 0.016754 -0.830702
1.052815 0.169050 0.417346
1.242186 0.349469 -0.064591
0.376419 0.560458 -0.457970
2.191556 -0.341518 -0.187267
0.687734 0.263549 0.467112
0.144708 -0.059428 -0.159694
2.231254 0.338251 -0.686251
2.227592 0.306997 -0.573835
1.353101 0.190546 0.396659
1.249059 0.351957 -0.605145
2.059376 0.336881 -0.394105
1.890441 -0.251498 -0.343613
0.977700 0.453879 -0.540048
1.691655 0.116949 -0.371982
0.612932 -0.288697 -0.426838
2.007658 0.504167 -0.130140
0.584769 0.432611 0.424868
0.846761 0.184585 0.493638
1.504365 0.433301 -0.212665
1.926904 0.305984 -0.534416
1.002023 0.567970 0.012548
2.258697 0.404514 -0.235019
2.110162 -0.014530 -0.443357
0.775746 -0.626442 -0.044201
1.788432 -0.037064 0.455181
2.201349 0.842860 -0.212600
0.707565 0.497377 -0.306191
1.260365 0.469580 -0.341632
2.442282 0.380241 -0.733933
1.261994 -0.129973 0.346557
1.762000 -0.361696 -0.052124
2.435419 0.665245 -0.843757
0.171457 0.249767 -0.417519
2.006817 0.035420 0.493356
0.768706 0.224404 -0.709368
0.720682 0.541969 -1.022630
1.494984 0.213729 -0.399436
1.955906 -0.462624 -0.301735
0.939638 0.492444 -0.816058
0.206851 0.211873 0.198928
1.630281 0.010632 0.488297
2.070070 -0.255654 -0.120029
1.373735 -0.446817 0.160625
0.565214 -0.538718 -0.162961
2.493133 0.458224 -0.945349
2.373083 0.624538 0.168528
0.845202 0.585458 -0.313822
2.169639 0.607957 0.069155
0.780425 0.236902 0.362610
2.010117 -0.360936 -0.201638
2.015399 0.548706 0.109083
0.346856 0.282096 -0.573190
1.822074 0.083755 0.185543
0.566925 -0.126290 0.547910
2.340432 -0.226829 -0.219093
1.826462 0.379975 -0.362503
1.603293 0.568524 -0.149004
1.621003 0.331438 -0.561279
1.892983 0.339511 0.206138
0.222696 0.453907 0.088045
0.480433 -0.507383 -0.330250
0.565749 0.311770 -0.447934
1.665127 0.245764 -0.643624
0.536760 0.350191 -0.853575
2.337536 0.557275 0.015205
0.304024 0.312123 -0.818248
0.299710 0.607387 0.133116
0.094141 0.063192 -0.305249
0.772751 -0.259475 0.253263
0.137145 0.014122 0.349488
2.134936 -0.048932 0.347016
0.615487 -0.657745 -0.353989
0.183158 0.003646 -0.455461
2.302517 -0.242046 0.706532
1.110778 -0.488071 -0.471289
2.010636 0.348853 -0.113648
1.978017 0.158769 -0.613495
0.180883 -0.326308 0.095261
0.406781 0.000693 -0.541439
0.670233 -0.204902 -0.458760
1.762608 0.227348 -0.343444
0.476556 -0.401983 0.120744
0.857401 0.594826 0.276106
0.151323 0.028850 -0.223399
0.255459 0.364095 -0.323378
1.027042 0.355217 -0.625763
0.358010 -0.225802 0.334137
1.290728 -0.579216 -0.136708
2.358271 0.790813 -0.024108
0.280063 -0.139909 -0.256491
1.136837 0.097157 0.203169
0.142382 0.300228 -0.063183
1.923435 -0.108574 0.140786
0.709770 -0.061287 -0.457153
0.170013 -0.110295 0.095247
0.247642 -0.353490 -0.191277
1.972712 -0.370795 -0.028941
0.354825 -0.539278 -0.143353
0.474038 0.760700 0.126924
1.197598 0.314261 -0.444684
0.567836 -0.152964 0.331135
0.424309 -0.397872 -0.101435
0.456135 -0.317886 0.059690
0.485232 -0.232506 -0.267065
0.487355 -0.091946 0.204611
0.566664 -0.044094 -0.283939
0.586693 0.018011 0.318251
0.652712 -0.030147 -0.198772
0.679971 -0.068344 0.308408
0.636934 -0.214730 -0.080672
0.625210 -0.241707 0.417243
0.509537 -0.393564 -0.018176
0.533457 -0.361417 0.500505
0.331250 -0.452691 0.004639
0.497753 -0.347848 0.504113
0.449156 -0.309822 -0.026751
0.571813 -0.210278 0.410715
0.620106 -0.157276 -0.013597
0.694685 -0.135318 0.318257
0.791317 -0.054739 -0.017639
0.818179 -0.077924 0.242293
0.830777 -0.078507 -0.033135
0.820553 -0.088199 0.227608
0.826465 -0.129007 -0.222844
0.825308 -0.053889 0.211872
0.811863 -0.069133 -0.347570
0.747716 0.035712 0.064735
0.668440 0.025188 -0.456041
0.602525 0.051456 -0.079115
0.545278 0.103436 -0.389952
0.512545 0.091083 -0.244503
0.543407 0.216887 -0.285691
0.495988 0.207462 -0.329465
0.533594 -0.481710 -0.204414
0.530320 -0.396344 -0.051206
0.568649 -0.328603 -0.311333
0.566298 -0.168578 0.117247
0.664766 -0.091325 -0.291546
0.693436 0.018975 0.377894
0.816022 -0.008590 -0.143935
0.862595 -0.005709 0.376452
0.911277 -0.101458 0.035801
0.899638 -0.168539 0.486252
0.827018 -0.274365 0.105235
0.856815 -0.289308 0.557276
0.678004 -0.318958 0.087971
0.760229 -0.294288 0.559111
0.670836 -0.268289 0.047239
0.751870 -0.240907 0.461176
0.809816 -0.219447 -0.001788
0.856603 -0.210121 0.376634
0.922953 -0.164707 -0.010104
0.933428 -0.185088 0.293657
0.945972 -0.137495 -0.050940
0.930708 -0.140272 0.259684
0.915007 -0.144243 -0.170998
0.928018 -0.093873 0.225355
0.910631 -0.076023 -0.414087
0.829597 -0.009366 0.090389
0.728267 -0.003636 -0.529762
0.636015 0.040525 -0.034100
0.534706 0.078899 -0.555662
0.519615 0.062057 -0.163760
0.471549 0.209842 -0.273037
0.561956 0.158422 -0.185088
0.533784 -0.370446 -0.077025
0.553481 -0.273951 -0.007346
0.601243 -0.131744 -0.315807
0.644070 -0.002124 0.284541
0.685638 0.013802 -0.224027
0.817190 0.032299 0.576091
0.810657 0.017361 0.086025
0.936342 -0.029969 0.686497
0.935194 -0.079145 0.309543
0.978033 -0.158836 0.703904
0.911818 -0.157867 0.312218
0.867497 -0.238106 0.677789
0.734873 -0.204234 0.287796
0.822170 -0.222740 0.562797
0.765593 -0.166419 0.158453
0.817469 -0.172330 0.490322
0.833785 -0.142542 0.054936
0.906618 -0.113518 0.411832
0.927179 -0.091534 -0.089981
0.911115 -0.088525 0.326356
0.877907 -0.073416 -0.104764
0.868931 -0.079601 0.198047
0.864030 -0.039405 -0.250624
0.871256 0.014937 0.061047
0.782282 0.059264 -0.468209
0.779742 0.111718 -0.083501
0.688621 0.136023 -0.660399
0.601554 0.136345 -0.230752
0.478892 0.152892 -0.652732
0.445195 0.125225 -0.348020
0.373550 0.225344 -0.623029
0.509822 0.168204 -0.490542
0.499252 -0.263082 -0.146661
0.567844 -0.240675 -0.061180
0.511175 -0.191931 -0.233013
0.584093 -0.226560 0.166018
0.533337 -0.183386 0.144089
0.596873 -0.162087 0.896281
0.695874 -0.188366 0.599403
0.687254 -0.252410 1.069172
0.815321 -0.303407 0.705516
0.736328 -0.412732 1.199967
0.854098 -0.367651 0.729902
0.799381 -0.348955 0.924995
0.791159 -0.228069 0.617163
0.858667 -0.273652 0.738446
0.888447 -0.191111 0.400437
0.873574 -0.213351 0.450219
0.878257 -0.196833 0.137810
0.901355 -0.180648 0.410559
0.869086 -0.137999 -0.034074
0.811001 -0.139933 0.363901
0.738468 -0.066982 -0.113576
0.752703 -0.082677 0.211277
0.758829 0.009934 -0.227342
0.812153 0.004732 0.051787
0.797797 0.145763 -0.557016
0.765688 0.110875 -0.092833
0.667061 0.194029 -0.659648
0.573024 0.128808 -0.267015
0.495012 0.217141 -0.885036
0.495196 0.205535 -0.286319
0.483617 0.335249 -0.643599
0.548777 0.352532 -0.287253
0.366817 -0.191786 0.110956
0.383553 -0.203529 0.208767
0.263191 0.055245 0.111430
0.282543 -0.135270 0.879210
0.102806 -0.156402 0.770083
0.124727 -0.386107 1.567982
0.029644 -0.314957 1.200474
-0.069455 -0.551782 1.932468
-0.056117 -0.349048 1.340363
-0.169187 -0.538308 1.798628
-0.069268 -0.335252 1.052217
-0.086524 -0.432552 1.432175
0.133297 -0.269489 0.952792
0.405330 -0.396817 1.083772
0.691320 -0.212327 0.779552
0.784140 -0.273594 0.684512
0.910635 -0.189887 0.442634
0.852755 -0.132940 0.516360
0.745528 -0.113546 0.102467
0.694555 -0.114509 0.330990
0.640266 0.011522 -0.195828
0.642325 0.033569 0.047364
0.606768 0.250926 -0.571427
0.604863 0.180823 -0.152049
0.516914 0.368140 -0.774453
0.488737 0.279512 -0.429137
0.439699 0.454412 -1.130014
0.458630 0.339055 -0.510858
0.406089 0.377600 -1.017233
0.445143 0.268470 -0.522365
0.414968 0.393351 -0.913923
0.526711 0.381097 -0.609295
0.336487 -0.264578 0.424924
0.189124 -0.407761 0.717798
-0.038458 -0.277668 0.911085
-0.276149 -0.552988 1.336034
-0.486821 -0.481942 1.637134
-0.888529 -0.708528 2.342076
-0.860537 -0.709206 2.300514
-1.225586 -0.943520 2.699486
-0.877421 -0.833488 2.410627
-1.254582 -1.076136 3.029276
-0.978689 -0.850376 2.267537
-1.136568 -0.859061 2.554547
-0.786407 -0.702558 1.756694
-0.801157 -0.687719 2.044473
-0.157666 -0.583366 1.253948
0.084492 -0.491973 1.321321
0.631887 -0.449285 0.914829
0.823651 -0.312523 0.737510
0.750952 -0.235239 0.367524
0.654393 -0.160724 0.435707
0.572914 -0.037282 -0.052268
0.531000 -0.099024 0.191978
0.404576 0.141663 -0.428369
0.287878 0.033000 -0.025419
0.135680 0.342603 -1.088525
0.194693 0.143521 -0.274628
0.173156 0.380876 -0.926182
0.177458 0.144591 -0.480873
0.184057 0.355138 -1.381635
0.322458 0.267164 -0.553429
0.470361 0.418315 -1.074264
0.501948 0.365192 -0.560861
-0.053255 -0.212309 0.738739
-0.380288 -0.334777 1.068496
-0.400878 -0.081720 0.982532
-0.806980 -0.482035 1.969369
-0.707366 -0.263375 1.653291
-1.154054 -0.724235 2.474912
-0.838537 -0.461704 2.128446
-1.275902 -0.892731 2.980318
-0.986574 -0.591464 2.221140
-1.246440 -0.919189 2.867695
-0.906651 -0.529071 1.883916
-1.181453 -0.687212 2.391954
-1.026481 -0.518612 1.743145
-0.964729 -0.604303 1.843526
-0.316428 -0.404915 1.471349
0.108909 -0.415024 1.162116
0.691901 -0.265915 1.054346
0.823063 -0.240963 0.577355
0.771119 -0.147054 0.319022
0.690706 -0.149185 0.229283
0.592591 0.135261 -0.628028
0.346555 -0.010038 -0.443994
-0.301760 0.536419 -1.809504
-0.473349 0.369384 -1.144328
-0.827287 0.694889 -1.990089
-0.744310 0.401300 -1.392298
-0.898389 0.788947 -2.488998
-0.640784 0.367844 -1.581226
-0.513290 0.660177 -1.823353
-0.062835 0.325200 -1.254480
0.199923 0.598121 -1.712028
0.413684 0.345454 -1.169173
-0.278344 -0.256727 0.726276
-0.584590 -0.345003 1.390877
-0.566974 -0.217418 1.248018
-0.862006 -0.532098 1.939234
-0.757717 -0.431111 1.701175
-1.078871 -0.746383 2.644706
-0.839194 -0.672958 2.273110
-1.060427 -0.847800 3.064466
-0.833318 -0.755160 2.410965
-1.101049 -0.962056 3.242770
-0.917934 -0.785264 2.394064
-1.099703 -0.800391 2.821171
-0.961949 -0.688313 1.931918
-1.184895 -0.611224 2.311572
-0.687894 -0.544689 1.489066
-0.169236 -0.441817 1.498137
0.578898 -0.431979 0.973898
0.868873 -0.303212 0.653981
0.834658 -0.191043 0.248005
0.814318 -0.134182 0.293777
0.700268 0.185585 -0.736827
0.659556 0.003064 -0.200725
0.099017 0.485409 -1.470862
-0.174315 0.265747 -0.646677
-0.654078 0.687156 -2.228218
-0.401204 0.411957 -1.234973
-0.572850 0.676907 -2.029906
-0.485244 0.352356 -1.150009
-0.548115 0.656666 -2.261291
-0.148780 0.423037 -1.196587
0.220360 0.473857 -1.682496
0.287204 0.398282 -1.035681
-0.410385 -0.226964 0.753972
-0.656376 -0.248348 1.171708
-0.631236 -0.089077 0.956881
-0.868050 -0.409072 1.853464
-0.765636 -0.319498 1.471463
-1.025162 -0.612981 2.349323
-0.847965 -0.431673 1.765045
-1.058140 -0.748048 2.669623
-0.852014 -0.500713 1.886774
-1.091255 -0.782187 2.625985
-0.828394 -0.445976 1.733517
-1.106739 -0.645081 2.390623
-0.806621 -0.515305 1.519728
-1.000477 -0.568855 1.971990
-0.431729 -0.367627 1.171167
-0.082275 -0.365127 1.078567
0.588153 -0.149345 0.610214
0.834952 -0.074205 0.471564
0.845618 -0.095684 -0.255910
0.779787 -0.044155 0.090908
0.427406 0.399719 -1.489310
0.096538 0.343624 -0.848457
-1.081564 0.856504 -2.708540
-0.902948 0.737706 -1.736302
-1.266402 0.969784 -2.816093
-1.192908 0.789101 -1.956257
-1.523956 1.021775 -3.051351
-1.210947 0.673852 -2.111181
-1.109121 0.847664 -2.585651
-0.609876 0.622421 -1.817933
-0.223709 0.746530 -2.175471
0.062865 0.559299 -1.471630
-0.247674 -0.220359 0.664837
-0.457898 -0.232381 1.200748
-0.457425 -0.172186 0.953133
-0.569979 -0.450275 1.625802
-0.594567 -0.371540 1.229928
-0.748787 -0.645997 2.202921
-0.612609 -0.500147 1.592646
-0.710130 -0.668451 2.507491
-0.529171 -0.568372 1.688100
-0.787885 -0.778369 2.665817
-0.593964 -0.589184 1.657729
-0.934407 -0.714093 2.491870
-0.592176 -0.494584 1.472818
-0.841112 -0.611534 2.210119
-0.238680 -0.371624 1.173124
0.119007 -0.412354 1.279248
0.636554 -0.172938 0.595554
0.894501 -0.216652 0.583607
0.864064 0.036978 -0.343227
0.782483 -0.054875 0.206518
0.290884 0.516419 -1.417534
0.493122 0.157728 -0.449168
-0.313194 0.522960 -2.057180
-0.269912 0.409250 -0.920357
-0.998138 0.871678 -2.869807
-0.783279 0.622337 -1.654299
-1.016582 0.768681 -2.622497
-0.873762 0.574151 -1.835694
-0.897436 0.797295 -2.795311
-0.538521 0.517938 -1.513910
-0.126170 0.690347 -2.042417
0.013284 0.550230 -1.400208
-0.213461 -0.226974 0.736888
-0.409166 -0.204878 1.018191
-0.390898 -0.131967 0.748438
-0.461729 -0.352355 1.574557
-0.426086 -0.250201 1.028691
-0.594075 -0.462373 1.849532
-0.533887 -0.368130 1.221668
-0.628118 -0.547491 2.025771
-0.533495 -0.379944 1.326174
-0.752341 -0.603705 2.089699
-0.562207 -0.319476 1.176270
-0.944058 -0.523817 2.076307
-0.455075 -0.378317 1.099749
-0.576526 -0.513968 1.665784
0.097601 -0.253042 0.785354
0.279574 -0.322912 0.961126
0.553451 0.214115 -0.110631
0.593058 -0.048394 0.398025
0.431876 0.425588 -1.178682
0.421198 -0.064346 -0.041226
-0.469628 0.854424 -2.129838
-0.252475 0.445673 -1.116019
-1.391971 0.993117 -3.089978
-0.811172 0.594169 -1.788053
-1.298015 1.125544 -3.129034
-1.093572 0.873023 -2.146697
-1.430749 1.182422 -3.586528
-1.068678 0.718065 -2.237731
-1.215692 0.988382 -2.877894
-0.823113 0.613643 -1.963830
-0.438992 0.824439 -2.502546
-0.224693 0.627240 -1.780239
-0.087313 -0.209202 0.534560
-0.219952 -0.196992 1.122325
-0.234075 -0.159034 0.756150
-0.199095 -0.394992 1.480074
-0.236682 -0.278619 0.907249
-0.279849 -0.591244 1.923365
-0.321624 -0.407233 1.081912
-0.297825 -0.627766 2.035933
-0.296614 -0.449383 1.136786
-0.471994 -0.679823 2.215077
-0.359299 -0.421533 1.032602
-0.577657 -0.583272 2.016753
-0.285815 -0.373139 1.017233
-0.334838 -0.587682 1.803947
0.161889 -0.321071 0.913696
0.451878 -0.439118 1.142409
0.579847 0.083073 0.062063
0.689105 -0.201089 0.617521
0.598319 0.313019 -0.972172
0.636191 -0.224301 0.326916
0.183111 0.652383 -2.052094
0.657954 -0.093151 -0.252839
-0.339690 0.780042 -2.537286
-0.165211 0.347420 -0.864605
-1.128834 1.067346 -3.255704
-0.520298 0.662121 -1.518488
-0.958916 0.912570 -2.936183
-0.635694 0.632996 -1.715772
-0.989000 0.841368 -2.985637
-0.613966 0.583636 -1.532447
-0.407616 0.810031 -2.252025
-0.296914 0.585677 -1.448114
-0.014027 -0.262189 0.722486
-0.176356 -0.203187 1.023996
-0.192032 -0.169644 0.662878
-0.132132 -0.386344 1.557727
-0.116515 -0.215228 0.794445
-0.198724 -0.424418 1.692926
-0.246357 -0.323489 0.834974
-0.206517 -0.521555 1.978011
-0.168997 -0.289373 0.904412
-0.192743 -0.537044 1.816015
-0.000415 -0.191969 0.629474
-0.224106 -0.343698 1.644690
0.203156 -0.153376 0.455495
0.211252 -0.316955 1.259761
0.570857 -0.060077 0.231511
0.656932 -0.165421 0.648187
0.640026 0.409712 -0.523437
0.644630 0.153778 0.120853
0.467166 0.464168 -1.120785
0.503844 -0.043753 0.055972
0.150917 0.629256 -1.748882
0.433367 -0.090652 -0.120294
-0.662843 0.887156 -2.623729
-0.087719 0.473433 -0.993044
-0.944910 1.013867 -2.661503
-0.512963 0.634732 -1.367849
-1.084986 0.975035 -3.177513
-0.667057 0.710220 -1.642788
-0.907392 0.815125 -2.648140
-0.673030 0.512069 -1.613229
-0.617208 0.639223 -2.188159
-0.412687 0.488443 -1.434822
0.060096 -0.230229 0.555489
-0.020455 -0.239487 0.980724
-0.063700 -0.181297 0.723407
0.029204 -0.404563 1.341212
0.026159 -0.219412 0.824472
0.093873 -0.541919 1.777852
0.002601 -0.304536 0.772254
0.242531 -0.597102 1.987087
0.139924 -0.339077 0.789928
0.325760 -0.651101 2.040804
0.393544 -0.215739 0.464227
0.511338 -0.507732 1.705199
0.582403 -0.111687 0.344637
0.655739 -0.363674 1.442517
0.692979 -0.024559 0.109856
0.825325 -0.285730 0.760300
0.659930 0.230801 -0.283946
0.674737 -0.049255 0.238813
0.607259 0.355985 -0.939760
0.623556 0.007496 0.046984
0.571242 0.441170 -1.614155
0.778025 -0.004857 -0.105379
0.436772 0.593356 -1.805745
0.648197 0.322619 -0.285800
-0.018183 0.750647 -2.355994
0.163132 0.441548 -0.794398
-0.305223 0.778851 -2.062073
-0.213958 0.569999 -1.176042
-0.464844 0.707528 -2.451564
-0.291987 0.482062 -1.266420
-0.230988 0.653720 -1.940106
-0.176135 0.514649 -1.338049
0.130004 -0.277521 0.816943
0.060518 -0.231826 0.960044
0.023943 -0.200981 0.737842
0.118555 -0.374378 1.396554
0.123569 -0.199386 0.740878
0.225274 -0.385368 1.513146
0.120196 -0.276126 0.792164
0.413345 -0.478752 1.860871
0.286874 -0.288915 0.710938
0.613072 -0.524531 1.610861
0.537227 -0.267995 0.443287
0.726601 -0.415353 1.400382
0.640486 -0.101522 -0.023017
0.779841 -0.290640 0.871887
0.558151 0.037405 -0.336063
0.671398 -0.100362 0.247173
0.547612 0.396640 -0.688145
0.627191 0.113817 -0.097923
0.538800 0.550149 -1.261936
0.563232 0.249959 -0.258321
0.480471 0.731516 -1.764177
0.638630 0.123562 -0.299267
0.325469 0.877212 -2.337454
0.606650 0.246463 -0.801506
0.226818 0.950354 -2.204433
0.263455 0.542475 -0.980995
-0.064305 0.944480 -2.585035
0.004577 0.557876 -1.260470
-0.117914 0.810002 -2.268404
-0.135512 0.543615 -1.357488
0.016490 0.739400 -2.126503
0.011202 0.591624 -1.555150
0.254597 -0.245273 0.641750
0.303773 -0.278634 1.030028
0.220933 -0.200981 0.727160
0.367572 -0.398828 1.344033
0.310873 -0.191775 0.650816
0.535381 -0.465906 1.738059
0.332897 -0.248304 0.658542
0.683421 -0.550599 1.896261
0.459177 -0.308547 0.630751
0.802456 -0.585269 2.001623
0.639879 -0.312137 0.295486
0.987842 -0.504943 1.553087
0.831592 -0.217322 -0.056165
0.986811 -0.344788 1.182661
0.799457 -0.147094 -0.373623
0.866058 -0.185429 0.508650
0.637266 0.181482 -0.639666
0.641848 0.068817 0.169872
0.627266 0.365659 -0.986970
0.648780 0.116711 -0.001982
0.657796 0.589609 -1.709140
0.721751 0.090941 -0.164656
0.678825 0.690085 -1.871780
0.643732 0.212304 -0.394810
0.451782 0.803406 -2.178861
0.456748 0.313170 -0.546858
0.305515 0.808103 -1.973318
0.171570 0.386651 -0.909318
-0.051347 0.769814 -2.270415
0.037325 0.414057 -1.159903
0.174750 0.690805 -1.964072
0.089869 0.523088 -1.284323
0.274357 -0.227507 0.842548
0.400686 -0.207120 1.023139
0.371651 -0.182262 0.692332
0.520187 -0.345815 1.362302
0.502704 -0.200265 0.573897
0.690081 -0.318764 1.441478
0.539075 -0.248496 0.557959
0.793339 -0.378522 1.648019
0.666733 -0.250547 0.414614
0.977009 -0.382440 1.449852
0.886934 -0.273067 0.067943
1.084008 -0.307505 1.226068
0.973925 -0.139575 -0.350038
1.075870 -0.188308 0.734185
0.874071 -0.005558 -0.627120
0.958741 -0.009239 0.341914
0.823358 0.287825 -0.854035
0.878164 0.288948 0.033747
0.869352 0.595597 -1.298958
0.876863 0.411098 -0.181356
0.862557 0.749376 -1.780037
0.852463 0.412931 -0.471643
0.718281 0.797284 -1.970560
0.708979 0.389966 -0.650306
0.656946 0.814193 -2.100550
0.530466 0.413658 -0.746780
0.444590 0.894357 -2.276239
0.397070 0.406750 -1.004206
0.361646 0.821152 -2.206898
0.241804 0.452696 -1.270344
0.250118 0.724944 -1.935288
0.193498 0.537325 -1.336572
0.450253 -0.248709 0.733876
0.606520 -0.267306 0.997741
0.537452 -0.166293 0.721210
0.683642 -0.399347 1.247503
0.668725 -0.253640 0.567323
0.875236 -0.417241 1.521735
0.761304 -0.242627 0.470169
1.015413 -0.443322 1.571227
0.945670 -0.298536 0.290982
1.132726 -0.488477 1.580851
1.108748 -0.368372 -0.075679
1.272795 -0.406883 1.136607
1.234608 -0.236991 -0.342581
1.208768 -0.241518 0.816934
1.170311 -0.167846 -0.589298
1.187144 -0.090710 0.412760
1.122108 0.090777 -0.763777
1.079841 0.141219 0.210113
1.057757 0.303986 -1.072521
1.048900 0.250684 0.056452
1.025133 0.524513 -1.338473
0.991564 0.350423 -0.250216
0.878200 0.615595 -1.733469
0.804699 0.331505 -0.450452
0.623778 0.620247 -1.908283
0.549474 0.330180 -0.611356
0.450636 0.697180 -1.848693
0.389152 0.351958 -0.888467
0.245005 0.677996 -1.920088
0.271626 0.366302 -0.992849
0.306193 0.568212 -1.673649
0.319211 0.413398 -1.131127
0.504156 -0.261833 0.820222
0.699142 -0.213417 0.937898
0.682950 -0.177742 0.743057
0.819991 -0.376534 1.275956
0.800335 -0.268200 0.618600
1.028237 -0.351013 1.276145
0.959214 -0.247166 0.383376
1.184808 -0.341915 1.283809
1.137973 -0.262982 0.011296
1.314583 -0.336715 1.006527
1.274251 -0.271358 -0.298530
1.410398 -0.260045 0.752529
1.356290 -0.176239 -0.499834
1.337585 -0.194072 0.442715
1.312428 -0.053838 -0.647275
1.363050 0.014643 0.218496
1.342431 0.145805 -0.762715
1.293130 0.230242 0.112269
1.274415 0.413400 -1.140345
1.266731 0.403799 -0.104505
1.213873 0.632730 -1.385764
1.199214 0.490742 -0.380897
1.126829 0.696524 -1.867565
1.015929 0.458118 -0.627003
0.843457 0.703526 -1.906096
0.712641 0.397589 -0.684282
0.590417 0.852450 -2.212338
0.578636 0.449747 -1.040987
0.500372 0.735113 -1.945344
0.426739 0.434970 -1.163603
0.466041 0.609540 -1.693714
0.408843 0.478441 -1.189593
0.584092 -0.323838 0.690851
0.753355 -0.319090 0.947182
0.728325 -0.199969 0.711547
0.951982 -0.421574 1.191258
0.921536 -0.263285 0.558723
1.185218 -0.479726 1.414077
1.168944 -0.239544 0.313800
1.437982 -0.436087 1.210237
1.333788 -0.284556 -0.150711
1.466607 -0.431788 1.115552
1.534092 -0.311855 -0.418636
1.628313 -0.323277 0.702212
1.518047 -0.231499 -0.558063
1.511153 -0.204089 0.519812
1.523533 -0.113149 -0.627624
1.629748 -0.019223 0.238687
1.533626 0.066107 -0.764427
1.483078 0.171696 0.240380
1.471460 0.315056 -0.984131
1.473073 0.347497 0.096299
1.361485 0.478366 -1.287848
1.299128 0.445743 -0.086360
1.235007 0.604487 -1.551680
1.101405 0.447498 -0.446668
0.838698 0.626383 -1.917980
0.749536 0.407732 -0.597484
0.668303 0.673811 -1.846984
0.604961 0.429221 -0.892097
0.358477 0.689400 -1.819679
0.445917 0.428571 -0.984575
0.509692 0.531516 -1.481957
0.437594 0.418459 -0.981309
0.602509 -0.260957 0.642342
0.777333 -0.232765 0.748706
0.792282 -0.191683 0.657982
0.959885 -0.335270 1.057010
0.974968 -0.234770 0.562724
1.182240 -0.376911 0.956722
1.140542 -0.168898 0.250213
1.362043 -0.301800 0.748706
1.418213 -0.152570 -0.173686
1.630918 -0.232469 0.384223
1.639423 -0.110778 -0.396783
1.759813 -0.181605 0.365290
1.728296 -0.116108 -0.506689
1.886088 -0.085871 0.177217
1.819317 0.014987 -0.520990
1.891325 0.079070 0.123526
1.840292 0.172230 -0.648796
1.872057 0.292487 0.110103
1.763246 0.384628 -0.804403
1.694592 0.429581 0.055864
1.644893 0.538432 -1.184342
1.570763 0.567564 -0.330320
1.486639 0.663892 -1.494119
1.341345 0.537432 -0.667234
1.259142 0.622688 -1.745894
1.043215 0.559365 -0.914407
0.987928 0.703836 -1.733824
0.828071 0.588618 -1.032770
0.776612 0.748544 -1.719581
0.682336 0.585403 -1.192473
0.608629 0.613672 -1.317166
0.496792 0.432984 -0.975532
0.642849 -0.222285 0.491335
0.776093 -0.249609 0.634979
0.850769 -0.193373 0.537647
1.034610 -0.373879 0.776701
1.128185 -0.288675 0.572471
1.239256 -0.451159 0.930829
1.375534 -0.282703 0.344975
1.563704 -0.353058 0.591320
1.653190 -0.222924 0.070791
1.691953 -0.302437 0.501942
1.821131 -0.219629 -0.245599
1.924344 -0.201032 0.278860
1.981067 -0.181196 -0.250306
2.048404 -0.132663 0.298075
2.056710 -0.105526 -0.389776
2.170154 0.042973 0.121219
2.117183 0.097899 -0.423665
2.054172 0.273413 0.194420
1.985690 0.252758 -0.628661
1.911655 0.426382 0.054716
1.791540 0.427426 -0.796904
1.605607 0.492002 -0.144287
1.585751 0.447471 -1.140496
1.411985 0.433082 -0.465498
1.303340 0.404522 -1.287458
1.191929 0.456435 -0.749019
1.154620 0.477180 -1.512393
0.964311 0.496645 -0.863230
0.779419 0.529934 -1.313021
0.695348 0.480659 -0.786256
0.619934 0.509009 -1.014867
0.566720 0.464556 -0.561978
0.690228 -0.176369 0.373607
0.868938 -0.211635 0.447793
0.964903 -0.159910 0.369336
1.086236 -0.278910 0.679224
1.111541 -0.181556 0.405605
1.250396 -0.255403 0.563628
1.251881 -0.092585 0.192053
1.365955 -0.137101 0.338340
1.367702 -0.018155 0.048183
1.578669 -0.067701 0.099489
1.647827 -0.038288 -0.176865
1.823829 -0.081329 0.081132
1.848855 0.000449 -0.257663
2.034966 -0.007425 0.036802
2.082044 0.066712 -0.418395
2.173863 0.149162 -0.029570
2.162696 0.258489 -0.435869
2.170063 0.360269 -0.059948
2.128833 0.388719 -0.526475
2.055186 0.490752 -0.158010
1.954215 0.499279 -0.646888
1.847658 0.558590 -0.408264
1.712011 0.524585 -0.947291
1.589207 0.508962 -0.700771
1.437804 0.483858 -1.146398
1.320120 0.509616 -0.988440
1.193916 0.596929 -1.321792
1.080541 0.594907 -1.023446
0.930768 0.685130 -1.125940
0.867305 0.596093 -0.930444
0.786758 0.607312 -0.901990
0.635306 0.456713 -0.633700
0.707894 -0.220791 0.350400
0.816011 -0.165394 0.473845
0.945417 -0.180489 0.446689
1.015150 -0.255248 0.602153
1.152833 -0.228510 0.479014
1.177144 -0.201186 0.665062
1.275986 -0.113268 0.395210
1.265365 -0.082504 0.409906
1.398845 -0.102719 0.175568
1.397033 -0.097839 0.290543
1.591198 -0.077089 0.036890
1.636230 -0.039247 0.195825
1.775731 -0.078145 -0.110853
1.797722 -0.004181 0.239954
1.937244 0.024513 -0.138168
1.904512 0.184061 0.128102
1.983046 0.177723 -0.221506
1.902683 0.339702 0.160504
1.981332 0.344887 -0.273139
1.889438 0.522875 0.016423
1.827528 0.463679 -0.397209
1.678955 0.569543 -0.138025
1.630751 0.454425 -0.615942
1.488410 0.484446 -0.455609
1.352467 0.393401 -0.844128
1.231082 0.500013 -0.649940
1.198523 0.442342 -1.016051
1.080602 0.529525 -0.778822
0.950855 0.524094 -0.978697
0.893197 0.527417 -0.706922
0.802877 0.516486 -0.791509
0.630255 0.468865 -0.519564
