0.879255 0.111796 -0.872933
0.791608 0.188949 -0.597716
0.876910 0.061008 -0.244285
0.398148 0.669317 -0.814006
0.642283 0.026798 -0.056094
0.945895 0.943597 -0.526664
0.456571 0.228273 -0.097120
0.555376 0.778951 -0.159129
0.929303 0.717333 -0.557639
0.437593 0.865679 -0.212400
0.318475 0.577964 0.213220
0.563187 0.283282 -0.145099
0.161957 0.835560 0.191899
0.828144 0.481542 0.054360
0.269399 0.871706 0.177372
0.986312 -0.150514 -0.435179
0.444795 -0.096896 -0.908084
0.858508 -0.182946 -0.310658
0.272410 0.916965 -0.598327
-0.406377 0.851161 -0.890685
0.870471 0.024945 -0.242398
0.830887 0.884123 -0.352087
0.904072 0.738576 -0.688956
0.188882 0.249094 -0.999814
0.401612 0.292275 0.106597
0.880168 0.350667 0.025782
0.080795 1.200474 -0.439779
0.873658 -0.115142 -0.092975
-0.608371 1.150989 -0.514390
0.557677 -0.046778 -0.459557
-0.597224 0.682121 -0.912322
0.456825 0.213765 -0.679604
0.768953 0.650173 -0.773553
0.672053 0.179442 -0.635415
0.893526 0.525955 -0.702928
0.930561 0.445913 -0.714709
0.948946 -0.061159 -0.234342
0.589466 0.291747 -0.725649
0.875222 0.643175 0.028318
0.168409 0.875253 -0.866704
0.367966 0.439564 0.085294
0.498485 0.475962 0.009488
0.467496 -0.034161 0.051844
0.252804 -0.160580 -1.083382
0.120662 0.303084 -0.896273
0.481063 -0.104866 -0.640284
-0.215178 -0.041227 0.102852
0.931908 0.607126 0.235524
-0.047498 0.650006 -0.901397
0.911870 0.371768 0.144534
0.897126 -0.099297 -0.159465
0.618571 0.342446 -0.167091
0.617174 0.441559 -0.061763
0.210737 0.354277 0.229654
0.255465 0.247008 0.131765
0.927258 0.093782 -0.034793
0.939179 0.228492 -0.901145
0.760285 0.742847 -0.062096
-0.795772 0.977181 -0.701135
0.961057 0.696930 -0.368427
-0.394559 0.434020 -0.851509
-0.120834 0.942636 -0.826656
-0.013606 -0.331855 -0.351298
0.502151 -0.166516 -0.182882
0.098536 -0.159407 -0.698130
0.436064 0.092983 -1.015266
0.092573 0.667506 0.209952
0.589609 0.379086 0.030950
0.283068 1.078797 0.013433
-0.041051 0.593227 0.277877
0.933570 0.695666 -0.196345
0.885487 0.475435 -0.519724
-0.124834 0.408916 0.299111
0.894804 0.323334 0.003274
0.946491 0.663525 -0.750115
0.635139 0.106965 -0.335840
0.866313 0.525832 -0.059406
0.612628 0.056174 -0.541324
0.575857 0.236795 0.056434
0.534438 0.660978 -0.193581
0.500476 -0.091417 -0.432141
-0.174216 0.137762 0.140727
0.874388 0.381033 -0.634799
-0.706656 0.613822 0.205069
0.526326 -0.151736 -0.714400
0.171605 0.081071 -0.920071
0.667986 0.025920 -0.605942
0.866524 0.384947 -0.650392
-0.219607 1.167651 -0.512443
0.920323 0.364384 -0.764599
-0.424915 0.420933 0.231201
0.834452 0.255459 -0.231239
0.317256 0.677703 0.182402
0.050328 0.344299 0.222423
0.921899 0.408186 -0.112718
0.908471 0.495005 0.172101
0.280112 -0.333742 -0.301822
0.630928 0.368973 -0.774246
0.606769 0.088710 -0.235410
0.034623 -0.002103 -0.953482
-0.304423 0.497809 0.256586
0.291448 1.013187 -0.035407
0.830426 0.235278 -0.793066
0.484967 0.298836 0.083513
0.443492 0.217630 -0.869112
0.535230 0.658598 -0.714253
0.138813 1.046250 -0.192429
0.235367 0.934895 -0.750352
0.602880 0.256551 -0.181207
0.423277 0.396796 -0.876331
-0.316916 1.265056 -0.274633
0.582671 0.096483 -0.781944
0.880085 0.149376 -0.014446
0.703658 0.276380 -0.156014
0.895006 0.133562 -0.462659
-0.532087 0.475186 -0.878569
0.360274 0.040106 0.178658
0.898507 0.478502 -0.538459
0.835039 0.594758 -0.826453
-0.477882 0.935599 -0.757870
0.706362 -0.024067 -0.172200
0.572001 -0.015409 -0.064646
0.454974 -0.235762 -1.036249
0.784482 0.457919 -0.430086
0.587153 0.273660 -0.419568
0.854570 0.578243 -0.551486
0.582122 0.201576 -0.573777
0.840906 0.680439 0.198078
0.645256 -0.098543 -0.463277
-0.654602 0.553963 -0.673746
0.905364 0.575710 -0.553749
0.261801 -0.424153 -0.942654
-0.087233 1.137975 -0.643091
0.899116 0.867735 -0.151443
-0.184292 0.045667 -1.044653
0.704993 0.236170 0.108362
0.899920 0.469752 -0.222939
0.201989 0.842893 0.083095
-0.058867 -0.046069 -0.873808
0.230289 1.100687 -0.682832
0.641406 0.101140 -0.969387
-0.253140 0.836555 -0.844832
-0.076751 0.189347 0.207054
0.216635 0.511872 -0.856798
0.804669 0.464210 0.071721
0.579581 0.122086 -0.363696
-0.343822 0.233227 -0.840203
0.120131 0.264778 0.225953
-0.047945 0.966132 0.132973
0.630147 0.617227 -0.509781
0.901336 0.228167 -0.449766
0.876439 0.824437 -0.741210
0.598741 0.110320 -0.391309
0.354144 0.190878 -1.059238
0.039113 0.104652 -1.104828
0.425496 0.329746 0.046654
0.632274 0.411519 -0.369877
-0.414069 1.126062 -0.647541
0.902735 -0.020973 -0.662791
0.104248 0.593683 0.177948
-0.464646 0.193769 -0.718625
0.826679 0.414259 -0.868634
0.897022 0.622185 -0.374263
0.669714 0.354716 -0.023718
0.596216 0.410468 -0.661662
0.918552 0.775504 -0.520777
0.885145 0.169863 -0.542828
0.519543 0.531469 -0.554199
0.832348 0.423782 -0.358750
0.155761 -0.187345 -0.866362
0.924279 0.584424 -0.227514
-0.080893 0.691559 0.284382
0.386418 0.420752 0.190298
0.789976 0.713674 -0.378423
0.772480 0.371490 -0.791664
0.654276 0.674176 0.109481
0.924495 0.727791 -0.321104
0.911191 0.236810 -0.643704
0.393535 -0.242424 -0.445757
0.714235 0.231859 -0.091689
0.913505 0.853898 -0.374949
0.407323 0.854817 -0.406318
0.606896 0.665535 -0.436576
0.924491 0.611725 -0.740165
0.588899 0.236903 -0.223097
0.772640 0.075579 -0.310653
0.950176 0.740929 -0.648430
-0.600435 0.812065 -0.742633
0.868306 0.391102 -0.159613
0.236252 0.505923 -0.960680
-0.197176 0.525117 -1.059928
0.766186 0.383568 -0.505151
0.771680 0.043225 -0.849966
0.272867 0.726933 -0.959661
-0.553902 0.602841 0.275414
0.768723 0.384028 -0.130771
0.845515 0.169525 -0.658799
0.696419 -0.043535 -0.348932
0.113415 -0.300169 -0.498674
0.944329 0.440955 -0.852105
0.950860 0.783301 0.018521
0.319169 1.124003 -0.464051
0.938452 0.767569 -0.307281
0.250156 0.465733 0.149851
0.909769 -0.115047 -0.618917
0.966920 0.829315 0.089402
-0.342590 0.613430 -0.890170
0.934127 0.368334 0.034884
0.122733 0.097035 0.178537
0.976704 -0.002569 -0.735973
0.769469 0.858094 -0.550032
0.822519 0.554730 -0.414598
0.759345 0.612250 -0.602649
0.918052 0.639600 0.055261
-0.323618 0.872165 0.324902
-0.044779 -0.216613 -0.735360
0.077685 0.579768 -0.748077
0.784970 0.337731 -0.590424
-0.131248 0.401146 -0.955970
0.897021 0.673352 0.025396
-0.299053 0.370440 -1.059262
0.006274 0.947362 0.216665
-0.836358 0.698865 -0.705029
0.287575 -0.136088 -0.010227
-0.264559 0.429115 0.342765
0.878012 0.420942 -0.200533
0.224173 -0.420737 -0.693144
-0.443523 0.173443 -0.965598
0.858048 0.054016 0.015482
0.315474 -0.308617 -0.822512
0.857455 0.603715 -0.109141
0.779706 0.303994 -0.928865
-0.097880 -0.235805 -0.540354
-0.120788 0.139802 -0.923413
0.378514 -0.065520 -0.821239
0.760096 0.188864 -0.495104
0.135787 -0.264293 -0.053021
0.349764 0.698116 0.031289
-0.259518 0.153186 -0.784610
-0.165060 0.906835 -0.716301
0.481752 0.418741 -0.805397
0.074803 -0.084182 0.103816
0.594491 -0.053602 -0.407772
0.895325 0.797840 -0.168920
-0.244841 -0.053639 -0.822619
0.503625 0.481046 0.089082
-0.559150 0.836379 0.302660
0.888665 0.308890 -0.368429
0.364984 0.124004 -0.808594
-0.256315 -0.136154 -0.564910
0.010260 -0.258228 -0.968345
0.846522 -0.060257 -0.455010
-0.011610 -0.356834 -0.555113
0.009246 1.138685 -0.006502
0.501854 0.867368 -0.611171
0.311772 0.109638 0.052079
-0.294066 0.261856 -0.100813
-0.380414 0.576143 -0.009581
-0.391736 0.683361 -0.275679
-0.468008 0.721091 0.043365
-0.504146 0.682817 -0.355940
-0.585145 0.660081 0.046995
-0.536421 0.679362 -0.391408
-0.599187 0.822301 0.168195
-0.621637 0.734692 -0.425700
-0.671091 0.794896 0.165705
-0.623706 0.709792 -0.454290
-0.670734 0.770268 0.193517
-0.663036 0.664036 -0.472358
-0.736826 0.667422 0.063916
-0.602241 0.562153 -0.584175
-0.714185 0.632962 0.176545
-0.786063 0.561512 -0.486802
-0.817657 0.644726 0.018137
-0.635863 0.594167 -0.664896
-0.726979 0.736197 0.271813
-0.703027 0.749182 -0.506523
-0.814085 0.840750 0.188911
-0.687163 0.906183 -0.532653
-0.759666 1.021041 0.330028
-0.750143 1.071911 -0.339368
-0.748632 1.133988 0.350000
-0.665877 1.181205 -0.298993
-0.608544 1.237710 0.352417
-0.584119 1.232103 -0.139914
-0.504508 1.220119 0.191980
-0.374091 1.313254 -0.197749
-0.281406 1.213355 0.016559
-0.229146 0.298243 -0.258863
-0.350747 0.523328 -0.083083
-0.396989 0.549475 -0.281812
-0.514746 0.625005 -0.084042
-0.538999 0.647226 -0.366891
-0.706427 0.679174 0.045250
-0.706035 0.701389 -0.398188
-0.764494 0.759787 0.010481
-0.735929 0.665610 -0.336489
-0.796406 0.769983 0.042190
-0.773959 0.698614 -0.351590
-0.840511 0.719222 -0.038191
-0.758389 0.636859 -0.454842
-0.879065 0.606221 0.000425
-0.855148 0.525530 -0.439200
-0.930946 0.513603 -0.062877
-0.844316 0.467649 -0.550126
-0.971069 0.542159 0.153629
-0.920981 0.569014 -0.417113
-1.052869 0.652791 0.145530
-0.838285 0.647574 -0.552603
-1.008530 0.780023 0.240164
-0.884400 0.802276 -0.419470
-1.004797 0.910341 0.291415
-0.846654 0.943703 -0.435105
-0.885851 1.079337 0.355561
-0.768603 1.094429 -0.188065
-0.708661 1.146155 0.315350
-0.565657 1.169614 -0.217549
-0.547650 1.195551 0.307506
-0.444493 1.287950 0.094033
-0.297921 1.157343 0.228291
-0.583211 0.449075 -0.116202
-0.730200 0.821612 -0.077938
-0.692005 0.938384 -0.363450
-0.675004 0.914524 -0.029160
-0.678881 0.850892 -0.372288
-0.722242 0.873575 -0.037863
-0.766170 0.871785 -0.292921
-0.781116 0.897849 0.026800
-0.861545 0.843749 -0.185992
-0.942826 0.842843 0.031905
-1.027672 0.765006 -0.204991
-1.118594 0.721510 0.009155
-1.230450 0.590636 -0.280185
-1.274055 0.578909 -0.171454
-1.329798 0.527808 -0.381840
-1.365595 0.584276 -0.136247
-1.447170 0.598900 -0.282430
-1.370630 0.708529 -0.216687
-1.327746 0.781925 -0.427631
-1.322186 0.903878 -0.102831
-1.330238 0.989529 -0.268849
-1.263422 1.128183 -0.103050
-1.271763 1.232808 -0.313998
-1.209536 1.372968 0.017587
-1.195872 1.451807 -0.075278
-0.987302 1.541547 0.092343
-0.944229 1.534103 -0.055260
-0.801877 1.585999 0.145377
-0.716410 1.571910 0.053665
-0.529943 1.643646 0.134714
-0.437380 1.642975 0.004093
-0.259500 1.578446 0.004827
-0.302249 0.325795 -0.254090
-0.451479 0.642648 0.032565
-0.488329 0.640157 -0.261169
-0.543913 0.640372 -0.008558
-0.570132 0.674056 -0.228135
-0.644683 0.681017 0.014909
-0.725160 0.677524 -0.140585
-0.745890 0.661748 -0.017956
-0.737262 0.629624 -0.110946
-0.792635 0.607790 0.070947
-0.879963 0.504760 -0.073544
-0.981503 0.473524 -0.002435
-1.046137 0.359595 -0.267124
-1.153042 0.380682 0.010371
-1.199911 0.294772 -0.323370
-1.205645 0.376620 -0.167697
-1.167900 0.409014 -0.445301
-1.188506 0.531009 0.044371
-1.201168 0.584515 -0.275292
-1.132491 0.699123 -0.016358
-1.067555 0.766373 -0.357116
-1.118816 0.927345 0.164472
-1.142340 0.984833 -0.216727
-1.092730 1.117627 0.148638
-0.996507 1.141370 -0.298055
-0.931267 1.293024 0.321711
-0.893022 1.368673 -0.061304
-0.754069 1.375677 0.303293
-0.614038 1.397580 -0.096407
-0.464564 1.396754 0.344303
-0.368697 1.411473 0.009680
-0.271391 1.348360 0.157065
-0.473174 0.374428 -0.077891
-0.595774 0.688050 0.004702
-0.563906 0.735128 -0.234888
-0.536171 0.696223 -0.072259
-0.573068 0.715564 -0.173565
-0.601954 0.655140 -0.040176
-0.678560 0.686743 -0.058477
-0.720139 0.594371 0.069399
-0.826458 0.612192 -0.044613
-0.883752 0.492303 0.029375
-1.057343 0.485877 -0.133794
-1.065388 0.363449 -0.114659
-1.229725 0.422304 -0.250765
-1.156152 0.401507 -0.239488
-1.254336 0.450632 -0.372834
-1.268400 0.511845 -0.134181
-1.387951 0.592420 -0.311629
-1.365987 0.682855 -0.110294
-1.381604 0.831753 -0.314727
-1.405587 0.974404 -0.009986
-1.467526 1.113276 -0.128108
-1.448267 1.215034 0.014634
-1.439165 1.374733 -0.060377
-1.306439 1.452141 0.084924
-1.260468 1.516524 0.120754
-1.092745 1.462060 0.131655
-1.032392 1.469451 0.113555
-0.861924 1.462846 0.110029
-0.784807 1.458498 0.113785
-0.655523 1.527907 0.140582
-0.567292 1.554946 0.142608
-0.399009 1.532618 0.101984
-0.275245 0.252430 -0.150374
-0.359552 0.480182 0.064904
-0.425518 0.524505 -0.014691
-0.414871 0.453738 0.017049
-0.453032 0.576247 -0.145929
-0.428371 0.464449 0.158192
-0.484443 0.530159 -0.024892
-0.475752 0.350760 0.405970
-0.631028 0.415987 -0.045573
-0.640855 0.213990 0.583492
-0.876614 0.305115 -0.158550
-0.738210 0.189898 0.213570
-1.079055 0.294203 -0.302837
-0.879284 0.248092 0.134595
-1.216734 0.317894 -0.348933
-1.083150 0.356652 -0.084970
-1.255212 0.439384 -0.472681
-1.233179 0.524383 0.027798
-1.226630 0.629838 -0.335096
-1.229188 0.740651 0.066180
-1.168323 0.837405 -0.266243
-1.190354 1.014650 0.140778
-1.137128 1.093184 -0.107982
-1.115785 1.211714 0.225341
-1.071171 1.243749 -0.056885
-1.009630 1.280594 0.289268
-0.985288 1.307268 0.030729
-0.854710 1.267053 0.235687
-0.779214 1.313244 -0.133238
-0.650777 1.236843 0.216980
-0.645119 1.280183 0.061298
-0.513088 1.238292 0.188901
-0.353869 0.264579 -0.062939
-0.438295 0.441456 0.075171
-0.367067 0.511434 -0.218043
-0.337134 0.423584 0.341095
-0.381263 0.495441 -0.144104
-0.346139 0.314269 0.448387
-0.446937 0.454054 -0.194509
-0.403402 0.140704 1.083383
-0.615066 0.308992 -0.256655
-0.547879 0.084417 1.117066
-0.871053 0.375236 -0.370497
-0.625832 0.261550 1.025389
-1.122552 0.498084 -0.379879
-0.689160 0.486319 0.680103
-1.172874 0.682848 -0.434623
-0.841407 0.617579 0.550152
-1.202907 0.752705 -0.519742
-1.144605 0.773177 0.148689
-1.210070 0.879306 -0.421605
-1.221538 0.959657 0.062967
-1.179550 1.063859 -0.235454
-1.233720 1.226473 0.088985
-1.148848 1.311661 -0.125535
-1.104825 1.418077 0.189324
-1.086391 1.431622 -0.057959
-0.994426 1.446978 0.149537
-0.974064 1.405782 -0.209486
-0.893471 1.335675 -0.032436
-0.848748 1.366387 -0.290952
-0.695692 1.220373 -0.134897
-0.604675 1.171716 -0.285725
-0.543480 1.239903 -0.338146
-0.190133 0.125341 -0.247746
-0.311851 0.255402 0.118400
-0.281781 0.252256 -0.146919
-0.272630 0.085355 0.330375
-0.270677 0.311224 -0.154047
-0.250091 0.045603 0.779465
-0.331985 0.229471 -0.080504
-0.317310 -0.087984 1.056725
-0.464757 0.191481 -0.280053
-0.411197 -0.132212 1.797002
-0.662227 0.295249 -0.430289
-0.507049 0.037568 1.881009
-0.838378 0.507766 -0.365733
-0.580867 0.324757 1.888949
-0.777956 0.558551 -0.338561
-0.452565 0.344008 1.518974
-0.514032 0.530382 -0.490147
-0.459813 0.447683 1.060017
-0.539217 0.548568 -0.490705
-0.616020 0.570606 0.446290
-0.617196 0.686622 -0.512497
-0.760705 0.823142 0.327973
-0.718246 0.755998 -0.274397
-0.779347 1.034241 0.232156
-0.709647 0.905257 -0.355924
-0.783307 1.060174 0.304081
-0.774416 0.974426 -0.346493
-0.755348 1.031954 0.124308
-0.685088 1.134298 -0.737454
-0.689248 1.014669 -0.209963
-0.710285 1.159788 -0.693248
-0.621790 1.106496 -0.356197
-0.172562 0.141071 -0.068253
-0.293836 0.249222 0.074375
-0.216401 0.278344 -0.240138
-0.227115 0.140845 0.401314
-0.230683 0.235572 -0.070994
-0.238994 0.034903 0.693999
-0.289658 0.209696 -0.029433
-0.284843 -0.037864 1.424227
-0.400961 0.258954 0.000149
-0.390915 -0.122071 1.549738
-0.546302 0.448751 -0.336060
-0.478160 0.128703 1.827571
-0.656435 0.781600 -0.398086
-0.584751 0.423639 1.578113
-0.722837 0.981443 -0.469399
-0.565304 0.551320 1.416869
-0.570335 1.048971 -0.616223
-0.503804 0.676930 1.021246
-0.469774 0.926788 -0.916566
-0.491703 0.481654 0.666075
-0.392677 0.806114 -1.003042
-0.584224 0.800865 0.426509
-0.541600 0.929169 -1.057235
-0.710861 1.012809 0.245755
-0.646658 0.911925 -0.969924
-0.733337 1.142359 0.007472
-0.788441 1.347084 -1.287248
-0.771368 1.285661 -0.721749
-0.770558 1.630123 -1.448410
-0.672269 1.236342 -1.011079
-0.640513 1.390876 -1.388117
-0.637106 1.294573 -1.105708
-0.138810 -0.051579 -0.264394
-0.186897 0.055595 -0.021219
-0.175101 -0.010584 -0.140418
-0.172447 -0.100259 0.195682
-0.180515 0.049266 -0.123388
-0.194365 -0.131932 0.766252
-0.246919 0.067847 0.069158
-0.178662 -0.217473 1.219568
-0.290949 0.147029 0.082049
-0.244163 -0.372090 1.964761
-0.375734 0.290241 -0.132079
-0.371597 -0.300692 2.130695
-0.414189 0.706492 -0.555577
-0.503716 0.101836 2.255891
-0.573755 0.919912 -0.534847
-0.589194 0.228194 2.016186
-0.448444 0.874246 -0.802530
-0.650598 0.289933 1.910792
-0.549193 0.972852 -0.973414
-0.582926 0.423364 1.359461
-0.448302 0.966029 -1.262204
-0.542866 0.581179 0.771239
-0.460039 1.013737 -0.880256
-0.598892 0.784437 0.151417
-0.551879 1.274173 -1.230416
-0.551543 1.096024 0.025739
-0.445114 1.163929 -1.074370
-0.461831 1.014695 -0.434966
-0.642120 1.350775 -1.606190
-0.669650 1.009698 -0.868026
-0.724035 1.286234 -1.665138
-0.628316 1.209462 -1.001742
-0.062399 0.075602 -0.183478
-0.189181 0.174877 -0.118558
-0.129990 0.154607 -0.451142
-0.169256 0.073688 0.174650
-0.198526 0.125324 -0.309191
-0.224433 0.040352 0.580926
-0.308508 0.148252 -0.084468
-0.282365 -0.027855 1.466434
-0.350170 0.328418 0.103025
-0.376099 -0.157157 1.819326
-0.368166 0.531447 -0.554155
-0.512035 -0.052969 2.639754
-0.537033 0.960550 -1.007998
-0.782250 0.280493 2.733032
-0.712752 1.301019 -1.400682
-0.869146 0.523179 2.803803
-0.738532 1.426435 -1.732659
-0.903988 0.598387 2.174634
-0.770570 1.565109 -2.267236
-0.821386 0.775601 1.708674
-0.755013 1.758662 -2.449041
-0.847715 0.708268 0.850214
-0.838359 2.114812 -2.842273
-0.854436 1.422757 0.017718
-0.798616 2.015440 -2.616633
-0.830254 1.222287 -0.586188
-0.899756 2.066741 -2.614547
-0.824444 1.653335 -1.585756
-0.964773 2.118394 -2.393113
-0.836360 1.750328 -1.850200
-0.773467 2.048955 -2.257971
-0.660181 1.803210 -1.932570
-0.007082 -0.124320 -0.514550
-0.048833 -0.022325 -0.273333
-0.011325 -0.161731 -0.565101
-0.047128 -0.126665 -0.038569
-0.078749 -0.082073 -0.560441
-0.139963 -0.037126 0.470928
-0.207144 0.076220 -0.173340
-0.160505 -0.114262 1.112476
-0.264853 0.174987 -0.000903
-0.249352 -0.418492 2.081474
-0.294495 0.287664 -0.298354
-0.355110 -0.446204 2.480402
-0.325824 0.714485 -1.095815
-0.485582 -0.179388 3.024973
-0.413680 1.091027 -1.347432
-0.580314 0.043531 2.975759
-0.364962 1.196587 -1.843471
-0.608005 0.268645 2.881133
-0.436700 1.403237 -2.076930
-0.588073 0.456230 2.212097
-0.473252 1.542502 -2.435875
-0.539746 0.734409 1.289258
-0.472936 1.503861 -2.321421
-0.512407 0.870023 0.534511
-0.495559 1.740930 -2.666650
-0.447217 1.143493 -0.213129
-0.513775 1.644502 -2.224577
-0.429986 1.151980 -0.659397
-0.671763 1.776877 -2.400886
-0.546173 1.152902 -1.075723
-0.663867 1.705886 -2.211317
-0.561213 1.454777 -1.539755
0.002609 0.007699 -0.378023
0.001651 0.054082 -0.363115
0.028818 -0.046268 -0.631307
0.013387 -0.060136 -0.199371
-0.068659 -0.055405 -0.467550
-0.137863 0.015374 0.060576
-0.219868 0.124708 -0.288654
-0.293242 0.101512 0.695172
-0.354737 0.358426 -0.072818
-0.440545 -0.037280 1.181444
-0.320075 0.479541 -0.585774
-0.533196 -0.080367 1.950491
-0.514378 0.877786 -0.922817
-0.794152 0.133074 1.971511
-0.536281 1.172807 -1.480644
-0.788236 0.340115 2.259066
-0.655585 1.281323 -1.626727
-0.751339 0.491577 1.776804
-0.559293 1.476668 -2.147245
-0.582081 0.571674 1.595969
-0.635464 1.749551 -2.279817
-0.609600 0.838666 0.957220
-0.664760 1.876228 -2.852748
-0.584812 0.966472 0.302157
-0.686429 1.972729 -2.808964
-0.598806 1.301157 -0.328352
-0.831076 2.117770 -2.746037
-0.752938 1.489111 -1.188028
-0.853422 2.163414 -2.545307
-0.760072 1.588529 -1.712375
-0.776651 1.958289 -1.994117
-0.587210 1.682561 -1.653194
0.197765 -0.200487 -0.595674
0.184685 -0.158551 -0.566358
0.232499 -0.318841 -0.674177
0.213478 -0.272274 -0.456349
0.196720 -0.257116 -0.663239
0.074934 -0.115528 -0.134533
-0.026751 0.056735 -0.382327
-0.149076 0.026345 0.246527
-0.226646 0.148413 -0.220202
-0.268398 -0.177070 1.099675
-0.261962 0.234999 -0.203071
-0.265774 -0.315336 1.649953
-0.269102 0.474205 -0.785847
-0.378515 -0.258218 2.300717
-0.333573 0.826172 -0.985233
-0.445665 -0.169060 1.990686
-0.311914 0.885335 -1.591520
-0.433973 0.101107 2.267844
-0.445020 1.066241 -1.637425
-0.382492 0.194577 1.418306
-0.293702 1.141952 -1.984647
-0.303863 0.478825 1.314168
-0.345516 1.342545 -2.016623
-0.317750 0.775235 0.495794
-0.363391 1.484600 -2.555080
-0.347552 1.150378 -0.075811
-0.480805 1.402419 -2.029317
-0.470426 1.106553 -0.593091
-0.563893 1.663163 -2.338795
-0.618102 1.125376 -0.988420
-0.679065 1.521853 -1.932995
-0.594875 1.202695 -1.315806
0.388831 -0.241302 -0.599324
0.323470 -0.267846 -0.676433
0.341515 -0.319000 -0.818034
0.346833 -0.360080 -0.461981
0.325209 -0.353285 -0.845643
0.290810 -0.247333 -0.327457
0.167787 -0.077560 -0.640699
-0.057718 -0.006105 -0.125791
-0.189474 0.221160 -0.347851
-0.317849 0.144689 0.145422
-0.301306 0.380631 -0.437957
-0.413193 0.091723 0.807021
-0.348939 0.686432 -0.723652
-0.593023 0.187610 0.865416
-0.403075 0.946334 -1.493879
-0.619470 0.184679 1.343455
-0.521386 0.945572 -1.691284
-0.589266 0.244918 1.110468
-0.458912 1.075686 -2.146609
-0.436242 0.397591 1.381157
-0.383980 1.226444 -2.259762
-0.434657 0.568479 0.818624
-0.384298 1.428138 -2.715458
-0.369350 0.908852 0.373489
-0.412580 1.570493 -2.679347
-0.383894 1.181036 -0.076085
-0.524534 1.753801 -2.664947
-0.525443 1.374214 -0.780777
-0.677058 1.762139 -2.302346
-0.576513 1.344402 -1.334661
-0.571422 1.584570 -1.896234
-0.518179 1.326751 -1.555584
0.471295 -0.559077 -0.796002
0.423802 -0.593362 -0.658069
0.457499 -0.705000 -0.844804
0.447343 -0.640669 -0.529967
0.459255 -0.596047 -1.031934
0.403504 -0.409927 -0.408194
0.415430 -0.245596 -0.949422
0.340356 -0.108825 -0.431946
0.218765 0.030287 -0.643641
0.052206 0.106475 -0.096980
-0.066794 0.223164 -0.351962
-0.258002 0.072840 0.370537
-0.179556 0.497899 -0.659635
-0.351188 0.056510 1.038848
-0.194166 0.704020 -1.003076
-0.410929 0.051744 1.201886
-0.220350 0.812086 -1.729395
-0.310778 0.149455 1.715883
-0.175083 0.746405 -1.782204
-0.256191 0.168884 1.356648
-0.130701 0.900521 -2.196322
-0.269165 0.369323 1.115939
-0.178921 0.958681 -2.169448
-0.275534 0.663574 0.586584
-0.206923 1.141795 -2.463352
-0.232417 1.054499 0.168340
-0.382421 1.116629 -2.053621
-0.378097 1.096192 -0.058835
-0.509038 1.322264 -1.932935
-0.500894 1.063340 -0.494826
-0.569666 1.190549 -1.516176
-0.528679 1.015460 -0.891531
0.418078 -0.537363 -0.660729
0.424540 -0.624457 -0.713515
0.481145 -0.727342 -0.919031
0.519517 -0.703454 -0.489454
0.512517 -0.612435 -1.118401
0.501029 -0.507304 -0.487850
0.444884 -0.305682 -1.077726
0.369260 -0.213946 -0.553346
0.268941 -0.004051 -0.826141
0.016887 0.179281 -0.325043
-0.010622 0.306113 -0.587941
-0.239323 0.350989 0.019780
-0.119763 0.458000 -0.551704
-0.357316 0.390545 0.045108
-0.168974 0.740434 -0.776042
-0.480728 0.369543 0.136643
-0.339308 0.679921 -0.828121
-0.405434 0.345186 0.325572
-0.238759 0.764693 -1.249066
-0.341691 0.376003 0.612928
-0.329237 0.820041 -1.517701
-0.353162 0.521143 0.514433
-0.233009 0.926126 -1.909332
-0.241095 0.787193 0.440664
-0.226939 1.040282 -2.120143
-0.218006 1.030201 0.342790
-0.383381 1.167476 -2.037936
-0.319885 1.148705 -0.076526
-0.420844 1.239208 -1.703557
-0.364972 1.140863 -0.566948
-0.436574 1.211204 -1.256014
-0.376748 1.141854 -0.979828
0.566998 -0.894823 -0.723280
0.592088 -1.018244 -0.645641
0.679276 -1.173964 -0.799842
0.710700 -1.073471 -0.439884
0.745099 -1.033422 -1.069681
0.647991 -0.835509 -0.438657
0.632679 -0.694435 -1.182843
0.540843 -0.495419 -0.595387
0.477279 -0.317589 -1.062515
0.339297 0.007716 -0.545708
0.231860 0.109292 -0.757192
0.080975 0.337968 -0.289979
0.147386 0.296985 -0.588942
0.073160 0.370128 -0.201575
0.097816 0.479194 -0.532095
-0.105150 0.424613 -0.156082
-0.158162 0.507317 -0.564127
-0.155041 0.388564 0.178590
-0.260054 0.490367 -0.610018
-0.271706 0.386015 0.212321
-0.342989 0.471341 -0.714026
-0.285536 0.418201 0.439982
-0.377900 0.483994 -0.905379
-0.273848 0.622399 0.293762
-0.306707 0.665535 -1.342575
-0.168388 0.868375 0.329153
-0.328491 0.806596 -1.230125
-0.252167 1.104269 0.274554
-0.330698 0.962395 -1.271632
-0.292687 1.161481 -0.099428
-0.331356 1.009692 -1.018015
-0.285101 1.091961 -0.537319
0.497127 -0.732394 -0.706250
0.490312 -0.905445 -0.731526
0.631082 -0.994968 -1.017092
0.651293 -0.965423 -0.530498
0.677589 -0.799368 -1.260774
0.619635 -0.699499 -0.567113
0.579221 -0.470479 -1.503513
0.444200 -0.381243 -0.592735
0.364456 -0.223390 -1.227376
0.214589 0.089566 -0.478850
0.159208 0.172656 -0.943807
0.131172 0.363755 -0.327957
0.387642 0.315496 -0.746091
0.556430 0.444070 -0.357430
0.610523 0.430389 -0.686115
0.594991 0.490146 -0.252180
0.335300 0.516321 -0.521372
0.286325 0.563015 -0.098739
0.053212 0.502595 -0.543249
-0.053415 0.471241 -0.078639
-0.361669 0.447290 -0.448788
-0.274284 0.472527 0.010059
-0.429868 0.412026 -0.804171
-0.227142 0.529592 0.183730
-0.300260 0.511828 -0.982836
-0.194069 0.744259 0.271386
-0.233293 0.716907 -1.222360
-0.160439 0.986208 0.073138
-0.235451 0.896903 -1.058511
-0.187989 1.092806 -0.210730
-0.220978 0.981061 -0.763432
-0.152521 1.091871 -0.576370
0.750765 -1.138925 -0.776993
0.796481 -1.304464 -0.574378
0.913495 -1.477486 -0.861808
0.875659 -1.341938 -0.342728
0.980651 -1.235049 -1.228681
0.822673 -1.019703 -0.305385
0.878702 -0.883953 -1.393603
0.686300 -0.627102 -0.399120
0.754921 -0.540370 -1.381349
0.541663 -0.050892 -0.494925
0.610920 -0.031349 -1.030156
0.513087 0.386835 -0.519551
0.608211 0.256701 -0.886586
0.640625 0.433210 -0.340316
0.763667 0.398316 -0.756608
0.881440 0.516834 -0.324137
0.934224 0.523572 -0.774791
0.932110 0.575633 -0.196804
0.852666 0.531454 -0.622907
0.832869 0.525758 -0.190659
0.570855 0.469777 -0.498820
0.476084 0.480044 -0.129472
0.120506 0.429481 -0.563575
0.069161 0.504356 -0.085906
-0.181923 0.490911 -0.853599
-0.073874 0.750387 0.028273
-0.101587 0.704008 -0.926015
-0.056190 1.009787 0.083884
-0.141790 0.932743 -0.887644
-0.100971 1.137348 -0.042160
-0.114010 1.043253 -0.739536
-0.088677 1.123340 -0.298885
0.331939 -0.631160 -0.578321
0.337025 -0.786496 -0.557536
0.461587 -0.938209 -0.802678
0.444229 -0.908886 -0.463907
0.393014 -0.828344 -1.149825
0.378282 -0.660705 -0.671486
0.339219 -0.535173 -1.264794
0.283846 -0.347616 -0.600909
0.285172 -0.312104 -1.031183
0.226846 -0.027265 -0.356857
0.298141 0.013045 -0.730542
0.408080 0.308141 -0.293957
0.609089 0.296504 -0.792790
0.648267 0.454081 -0.325260
0.787298 0.488994 -0.708779
0.820180 0.552714 -0.267696
0.843514 0.583322 -0.710105
0.805580 0.622756 -0.180538
0.817835 0.640308 -0.563424
0.819276 0.614149 -0.174368
0.721349 0.541926 -0.456618
0.663707 0.494891 -0.170294
0.446608 0.422224 -0.488351
0.453421 0.420714 -0.107390
0.179983 0.398824 -0.698150
0.182590 0.596062 0.019595
0.095378 0.632594 -0.775112
0.115007 0.897187 0.001107
0.040071 0.880168 -0.745030
0.036400 1.060208 -0.129707
-0.015424 1.029530 -0.527072
0.033745 1.104254 -0.303077
0.590248 -0.911958 -0.532772
0.650567 -1.082193 -0.342197
0.733743 -1.318690 -0.576545
0.786749 -1.222317 -0.349527
0.810093 -1.088524 -0.887551
0.681360 -0.754121 -0.380414
0.494017 -0.642659 -0.916070
0.466019 -0.366515 -0.332586
0.403308 -0.349353 -0.739140
0.379644 -0.069873 -0.201712
0.382106 -0.044238 -0.472796
0.457375 0.249864 -0.219539
0.523457 0.270774 -0.449402
0.570440 0.413639 -0.265284
0.629297 0.377693 -0.450942
0.723577 0.465147 -0.268852
0.764403 0.457257 -0.436164
0.748096 0.523069 -0.200935
0.756337 0.498058 -0.472412
0.741757 0.509630 -0.207747
0.732405 0.421222 -0.391595
0.664143 0.377506 -0.239934
0.583118 0.274493 -0.467947
0.526892 0.275666 -0.253564
0.381097 0.249590 -0.617163
0.348599 0.475224 -0.183801
0.280513 0.584677 -0.717591
0.284938 0.856512 -0.101202
0.173467 0.917567 -0.683316
0.148574 1.078291 -0.076079
0.058466 1.039567 -0.512163
0.112852 1.126170 -0.174322
0.188180 -0.396722 -0.469683
0.234023 -0.538799 -0.456708
0.267951 -0.659209 -0.647050
0.308627 -0.793541 -0.530629
0.206539 -0.584545 -0.619954
0.259700 -0.494355 -0.384134
0.172570 -0.230346 -0.489566
0.245020 -0.166546 -0.258008
0.327708 -0.101145 -0.320270
0.406534 -0.022978 -0.146535
0.499226 0.098021 -0.221159
0.580136 0.239929 -0.109378
0.680437 0.353728 -0.330253
0.807141 0.476818 -0.254872
0.829553 0.491344 -0.387956
0.870420 0.558427 -0.253342
0.869901 0.568149 -0.369113
0.891199 0.609165 -0.201273
0.879503 0.611422 -0.363609
0.872009 0.626139 -0.211128
0.841692 0.535285 -0.353560
0.776184 0.465158 -0.327437
0.679434 0.313469 -0.480183
0.615424 0.246586 -0.343933
0.521548 0.233569 -0.566147
0.486185 0.420544 -0.255327
0.436709 0.572312 -0.539120
0.438722 0.781158 -0.238300
0.321239 0.836449 -0.490641
0.332025 0.994835 -0.196752
0.214594 1.018704 -0.399586
0.210427 0.988550 -0.410107
0.373987 -0.453139 -0.203711
0.366838 -0.500801 -0.087680
0.491661 -0.686730 -0.278428
0.473053 -0.673153 -0.158603
0.479696 -0.529530 -0.389214
0.443943 -0.307666 -0.035521
0.319989 -0.186981 -0.276923
0.322220 -0.002756 -0.114279
0.331091 -0.022431 -0.216574
0.321803 0.034136 0.006371
0.287647 0.043298 -0.034741
0.296144 0.193875 0.052172
0.302511 0.267221 -0.097081
0.447971 0.370363 -0.126056
0.553863 0.351863 -0.224599
0.720572 0.403173 -0.234005
0.802476 0.436755 -0.294749
0.848913 0.496874 -0.176731
0.861432 0.504525 -0.258904
0.854479 0.538230 -0.163226
0.833731 0.457052 -0.258218
0.764185 0.409732 -0.228168
0.714336 0.228436 -0.338779
0.638921 0.165003 -0.254720
0.534389 0.091431 -0.389480
0.505732 0.251592 -0.202627
0.484227 0.423488 -0.341393
0.483593 0.671882 -0.197982
0.419743 0.840559 -0.330007
0.440202 0.985850 -0.118811
0.322961 0.976317 -0.323495
0.292667 0.962908 -0.223216
