1.140230 -0.196270 -0.564043
1.035400 -0.116964 -0.391354
1.092688 -0.422429 0.166384
0.428355 0.674020 -0.732179
0.923969 -0.367003 0.606934
1.195862 0.774012 -0.405860
0.692245 -0.002033 0.712671
0.562179 0.744160 0.382474
1.251066 0.603460 -0.396476
0.410218 0.915505 0.045192
0.361720 0.415152 0.954483
0.855995 0.178182 0.502951
0.067420 0.476651 0.948916
1.054760 0.219905 0.931912
0.335332 0.664178 0.936830
1.123632 -0.507501 -0.166852
0.808250 -0.325006 -0.674989
1.092702 -0.603115 0.064132
0.144867 0.814295 -0.465541
-0.453577 0.571399 -0.793563
1.189680 -0.347270 0.278481
1.034351 0.718747 -0.258663
1.209932 0.573968 -0.479310
0.267433 0.056304 -0.879095
0.447712 -0.118875 1.000991
1.107945 -0.013278 0.781999
-0.051728 0.961198 -0.273151
1.155455 -0.458600 0.501775
-0.852363 0.787962 -0.494181
0.877880 -0.436241 -0.354246
-0.816265 0.261941 -0.870934
0.658797 0.040962 -0.686795
1.047873 0.480906 -0.577149
0.871349 -0.074551 -0.478507
1.165342 0.364647 -0.475873
1.238384 0.200444 -0.501730
1.179724 -0.413823 -0.036454
0.815021 0.318103 -0.629603
1.207846 0.393160 0.758496
0.234787 0.650576 -0.797436
0.467614 0.442075 0.812598
0.643315 0.363987 0.751789
0.603957 -0.457534 0.713739
0.360175 -0.307933 -0.879061
0.062429 0.227473 -0.968428
0.601534 -0.513124 -0.718512
-0.595209 -0.511569 0.761576
1.136892 0.392072 0.953037
-0.207129 0.479815 -0.814797
1.198380 0.055044 0.848676
1.174701 -0.547205 0.298316
0.845777 0.403887 -0.268061
0.786369 0.371637 0.630035
0.183211 0.117767 1.026734
0.286977 -0.199646 0.910241
1.226408 -0.347913 0.402130
1.185230 -0.005620 -0.686353
0.772664 0.512801 0.520493
-1.120893 0.557334 -0.675069
1.236241 0.402890 -0.176871
-0.573687 0.139874 -0.822767
-0.096221 0.717802 -0.647004
-0.144343 -0.991728 0.164371
0.495638 -0.798239 0.381811
0.133391 -0.728941 -0.680303
0.533537 -0.046013 -0.830934
0.029628 0.559548 0.850087
0.654038 -0.007562 0.864907
0.296210 0.798610 0.748487
-0.226467 0.371869 0.955176
0.974318 0.467304 0.321295
1.156153 0.163509 -0.250150
-0.425775 0.105908 0.994651
1.223589 -0.062469 0.551600
1.169785 0.568120 -0.713664
0.823840 -0.149716 -0.379967
1.182053 0.155245 0.689246
0.802305 -0.383873 -0.561965
0.836680 -0.271256 0.613170
0.711096 0.700151 -0.026430
0.564147 -0.732848 -0.454434
-0.391045 -0.296703 0.900577
1.227891 0.049352 -0.429866
-1.038933 0.267467 0.784829
0.746077 -0.590624 -0.493865
0.412118 -0.055354 -0.896523
0.929336 -0.313385 -0.365347
1.177903 0.144234 -0.321631
-0.304053 0.921411 -0.363517
1.218310 0.182545 -0.579803
-0.806067 -0.116271 0.878548
1.109722 -0.201178 0.190757
0.399457 0.470558 1.053708
-0.133215 0.080030 0.985192
1.230552 0.099777 0.491052
1.230107 0.306371 0.879948
0.275148 -1.001397 0.007850
0.877944 0.282575 -0.689410
0.919062 -0.279137 0.060607
0.000496 -0.313398 -0.854449
-0.424028 0.316483 0.939614
0.253047 0.910246 0.344593
1.033406 -0.072285 -0.584099
0.630661 -0.155651 0.862256
0.810749 0.005774 -0.668117
0.858752 0.561025 -0.577904
-0.066405 0.987529 0.081164
0.209603 0.728215 -0.660688
0.899192 0.061931 0.649788
0.599910 0.247047 -0.791636
-0.553029 0.962144 -0.077106
0.682827 -0.172814 -0.758644
1.210070 -0.268168 0.525761
0.943851 0.081705 0.388063
1.125201 -0.219205 -0.176749
-0.957120 0.018274 -0.847281
0.455934 -0.414072 0.911699
1.203143 0.250380 -0.311042
1.033501 0.415660 -0.670919
-0.697412 0.617200 -0.684764
0.961100 -0.356710 0.381273
0.701732 -0.484319 0.520032
0.523761 -0.334426 -0.849919
0.928263 0.367317 -0.275383
0.964594 -0.015232 -0.289309
0.961270 0.460844 -0.152438
0.871807 0.141434 -0.551421
0.904009 0.384962 0.847758
0.919497 -0.582271 -0.184912
-0.941527 0.308927 -0.787072
1.115075 0.362087 -0.401989
0.360623 -0.667708 -0.784195
-0.171233 0.837842 -0.544437
1.000441 0.532299 0.516608
-0.364154 -0.246948 -0.868882
0.998853 -0.109863 0.733280
1.036569 0.171832 0.231398
0.108604 0.742327 0.751498
-0.185750 -0.433634 -0.855297
0.332366 0.862395 -0.616976
0.894986 -0.043965 -0.657899
-0.249839 0.618064 -0.748337
-0.344447 -0.092702 0.949494
0.248961 0.415454 -0.882223
1.012422 0.230509 0.815455
0.903609 -0.204194 0.370627
-0.485554 -0.077541 -0.921399
-0.003170 -0.097169 0.977404
-0.348527 0.801443 0.646171
0.624947 0.726065 -0.242594
1.202567 -0.057363 -0.295850
1.094569 0.677107 -0.544678
0.823728 0.264641 -0.488591
0.495126 0.158724 -0.870095
-0.019603 -0.071635 -0.879725
0.498469 0.109732 0.930031
0.850305 0.325677 0.262076
-0.600726 0.856023 -0.436870
1.115074 -0.330519 -0.440388
-0.070573 0.309184 0.976024
-1.073587 -0.222837 -0.731842
1.131983 0.303939 -0.748600
1.204426 0.362911 -0.317856
0.800747 0.244364 0.757613
0.743317 0.473991 -0.557648
1.207816 0.459483 -0.326409
1.103904 -0.173528 -0.324909
0.584827 0.644852 -0.534620
1.085985 0.299904 -0.225121
0.064821 -0.551470 -0.800758
1.102318 0.242091 0.382867
-0.199886 0.483949 0.934587
0.424791 0.181187 1.125948
0.830777 0.506659 0.097230
1.111598 0.205277 -0.581326
0.543772 0.550398 0.758328
1.177238 0.505182 -0.198620
1.188069 -0.044993 -0.546702
0.457305 -0.893137 -0.254646
1.028999 -0.118930 0.444504
1.166882 0.680303 -0.256760
0.437307 0.803320 -0.414011
0.809567 0.578172 -0.241297
1.242656 0.469917 -0.553505
0.785414 -0.128050 0.525585
1.005744 -0.271223 -0.102039
1.250517 0.716530 -0.629635
-0.782077 0.470935 -0.737707
1.189012 0.126530 0.438228
0.392197 0.272240 -0.902147
-0.009612 0.467465 -0.821795
0.959374 0.213294 -0.368949
0.948837 -0.316266 -0.600619
0.529447 0.528609 -0.850191
-0.762993 0.315509 0.882689
1.016646 0.101735 0.496571
1.088268 -0.187700 -0.433960
0.891856 -0.554279 0.037506
-0.091542 -0.953700 -0.334008
1.243344 0.360263 -0.692828
1.182976 0.388281 0.677048
0.295230 0.934679 -0.238334
1.136367 0.459047 0.383046
0.213769 0.292699 0.949920
1.102798 -0.443865 -0.327387
1.062821 0.487229 0.737593
-0.457999 0.346614 -0.858031
1.145760 0.189008 0.657624
-0.052802 -0.342928 0.911096
1.229988 -0.301118 -0.384128
0.939868 0.625836 -0.374048
0.948180 0.339121 -0.037540
0.911695 0.513706 -0.404067
1.136494 0.397670 0.739410
-0.456977 0.585387 0.873956
-0.172454 -0.673050 -0.719795
0.078956 0.493327 -0.767686
1.052298 0.132714 -0.420994
-0.178636 0.262643 -0.864957
1.115432 0.424376 0.286165
-0.340105 0.160811 -0.909968
-0.155674 0.650874 0.791981
-1.237417 0.209650 -0.729029
0.439797 -0.675858 0.612409
-0.699591 0.032087 0.911353
1.182056 -0.004763 0.338951
0.287435 -0.947679 -0.518450
-0.757790 -0.118403 -0.888799
1.209298 -0.302798 0.668467
0.442629 -0.751199 -0.697427
1.142370 0.346371 -0.043947
1.036719 0.150039 -0.681771
-0.483359 -0.744763 -0.594669
-0.211950 -0.018428 -0.935982
0.428832 -0.435747 -0.813849
1.104295 -0.027631 -0.311713
0.029607 -0.811437 0.515326
0.419851 0.734437 0.591042
-0.367424 -0.326248 -0.887021
-0.370604 0.726577 -0.642481
0.564418 0.429900 -0.705714
-0.158954 -0.585691 0.753980
0.724815 -0.741526 -0.193054
1.121107 0.573181 -0.015736
-0.698217 -0.294389 -0.834311
0.576171 0.266742 0.923662
-0.780917 0.543755 0.812251
1.038809 -0.072333 -0.047570
0.305588 -0.219860 -0.915192
-0.745263 -0.503814 -0.703182
-0.455889 -0.608390 -0.713189
1.057497 -0.402618 -0.164755
-0.198449 -0.834904 -0.522139
0.017601 0.877433 0.547737
0.648781 0.720156 -0.429488
0.163484 -0.527885 0.780173
-0.507841 -1.091836 -0.052435
-0.526467 -1.006180 0.339825
-0.657365 -0.892111 -0.365287
-0.607156 -0.816209 0.649993
-0.849078 -0.807609 -0.322025
-0.805015 -0.620304 0.815607
-0.912754 -0.668763 -0.483396
-0.855699 -0.462711 0.956638
-1.168238 -0.622270 -0.317983
-1.067324 -0.479898 0.994480
-1.288709 -0.509223 -0.350613
-1.172259 -0.335579 1.133263
-1.501073 -0.370272 -0.302317
-1.313108 -0.259575 0.855385
-1.390521 -0.239005 -0.455035
-1.224457 -0.078094 0.838600
-1.391707 -0.058031 -0.433396
-1.309687 0.057909 0.619244
-1.274013 0.039961 -0.557419
-1.252010 0.162603 0.715835
-1.343698 0.188878 -0.485675
-1.329527 0.259390 0.591295
-1.269042 0.265939 -0.561400
-1.229887 0.365275 0.689147
-1.313609 0.432097 -0.383078
-1.244484 0.498043 0.472816
-1.155765 0.490493 -0.385399
-1.042660 0.553425 0.630896
-1.127328 0.640602 -0.045098
-0.995743 0.626014 0.460743
-0.918090 0.686658 -0.019980
-0.836319 0.724735 0.443220
-0.704085 -1.021047 -0.253001
-0.608381 -1.004428 0.129414
-0.804945 -0.960804 -0.123659
-0.830224 -0.802120 0.530420
-1.059810 -0.862412 -0.324705
-1.067239 -0.604066 0.717042
-1.179901 -0.777098 -0.130529
-1.151331 -0.532806 0.804447
-1.211600 -0.624643 -0.112742
-1.199655 -0.389626 0.873271
-1.391130 -0.559176 0.046963
-1.305252 -0.359932 0.963325
-1.491902 -0.466900 0.009764
-1.380593 -0.236828 0.907243
-1.533884 -0.344568 -0.024491
-1.430528 -0.152941 0.639362
-1.494308 -0.248329 -0.288827
-1.418516 -0.015291 0.639668
-1.491899 -0.032636 -0.237720
-1.497492 0.113400 0.451260
-1.437129 0.041593 -0.418574
-1.456629 0.189426 0.580647
-1.475239 0.180372 -0.289208
-1.474920 0.285403 0.461694
-1.367433 0.277356 -0.331255
-1.345639 0.370625 0.519783
-1.317894 0.366279 -0.118103
-1.214158 0.367206 0.435673
-1.104363 0.363908 -0.176294
-1.015327 0.393583 0.690083
-1.049337 0.378440 0.566172
-0.832110 0.319881 0.682666
-0.860955 -0.908504 0.178847
-0.795613 -0.886723 0.377326
-0.936031 -0.875215 0.058151
-0.952862 -0.751002 0.429175
-1.194720 -0.820870 0.282044
-1.232310 -0.697834 0.380181
-1.344545 -0.696097 0.239775
-1.359678 -0.563361 0.517938
-1.466751 -0.577880 0.446737
-1.414390 -0.451609 0.569824
-1.542979 -0.424208 0.553725
-1.437181 -0.327842 0.675628
-1.596744 -0.309684 0.581839
-1.528812 -0.186770 0.470080
-1.671992 -0.072512 0.055945
-1.571573 -0.020349 0.295709
-1.778708 0.074442 0.047908
-1.693886 0.157851 0.012877
-1.714073 0.220184 -0.290191
-1.663863 0.330798 0.091913
-1.675326 0.359470 -0.083103
-1.648873 0.424421 0.062168
-1.640987 0.429018 -0.130908
-1.611130 0.560063 0.130413
-1.616390 0.523924 0.025239
-1.471840 0.675630 0.063032
-1.473981 0.647589 -0.068408
-1.298747 0.771328 0.170709
-1.280537 0.715552 0.153125
-1.055413 0.791359 0.245874
-1.046517 0.711431 0.022745
-0.893866 0.738938 0.174236
-0.943002 -0.893894 -0.216942
-0.942793 -0.937655 0.077484
-1.078111 -0.887521 0.019267
-1.074920 -0.819742 0.272192
-1.126629 -0.835642 -0.093446
-1.192281 -0.733870 0.433266
-1.315588 -0.773145 0.149974
-1.325264 -0.698703 0.494457
-1.374176 -0.659915 0.275243
-1.454800 -0.623625 0.747063
-1.570680 -0.595417 0.521339
-1.640833 -0.574229 0.928823
-1.707159 -0.437610 0.492063
-1.726779 -0.440671 0.972045
-1.651057 -0.200214 0.326554
-1.543360 -0.341124 0.522697
-1.551841 -0.039811 -0.105294
-1.486899 0.010913 0.321666
-1.540810 0.123819 -0.135944
-1.552355 0.205201 0.132676
-1.506844 0.282361 -0.309768
-1.543738 0.354419 0.295989
-1.534129 0.375424 -0.163974
-1.515946 0.477207 0.231969
-1.433949 0.487751 -0.160994
-1.436295 0.554890 0.359658
-1.347418 0.579808 0.021217
-1.218434 0.633205 0.327624
-1.086143 0.593704 -0.089752
-0.990401 0.627558 0.590611
-0.978259 0.626710 0.352518
-0.794174 0.566927 0.557872
-0.858373 -0.953658 0.070835
-0.822729 -0.936246 0.239803
-0.954831 -0.922917 -0.083581
-0.948703 -0.806828 0.298040
-1.078368 -0.878369 0.100989
-1.130178 -0.748618 0.368854
-1.194162 -0.712593 0.048290
-1.273414 -0.659703 0.658075
-1.377854 -0.604258 0.149432
-1.454773 -0.566510 0.877938
-1.529115 -0.408758 0.330029
-1.685529 -0.406023 1.042278
-1.706850 -0.191760 0.227936
-1.799498 -0.287861 0.868976
-1.800891 0.159562 -0.457049
-1.627418 -0.180297 0.539271
-1.825008 0.310146 -0.621963
-1.694542 0.114957 0.229770
-1.787922 0.457431 -0.739032
-1.682220 0.497431 0.179528
-1.632730 0.543754 -0.464944
-1.575321 0.639077 0.202719
-1.544213 0.637201 -0.207959
-1.525710 0.762443 0.191289
-1.453564 0.800394 0.096956
-1.396923 0.882566 0.204055
-1.317470 0.898756 0.233054
-1.244505 0.956295 0.189529
-1.125399 0.924578 0.305587
-1.004112 0.923888 0.327069
-0.944042 0.877573 0.250156
-0.856631 0.850512 0.368236
-0.754122 -1.016121 -0.126561
-0.751069 -0.984616 0.064776
-0.892311 -0.981763 -0.137958
-0.954818 -0.886365 0.167481
-0.962251 -0.933182 -0.236233
-0.969970 -0.805567 0.401675
-1.074477 -0.831168 -0.139134
-1.107037 -0.729124 0.624104
-1.238541 -0.744079 -0.107424
-1.300305 -0.662056 0.941987
-1.392201 -0.587094 0.067328
-1.532157 -0.571180 1.136196
-1.494943 -0.281299 0.028635
-1.614554 -0.429070 1.255171
-1.650077 0.086979 -0.231998
-1.506691 -0.301394 0.882520
-1.667608 0.209776 -0.593535
-1.480079 -0.045692 0.541433
-1.589558 0.316373 -0.728630
-1.455963 0.350172 0.295899
-1.498452 0.354613 -0.664588
-1.443064 0.528773 0.302089
-1.383412 0.537062 -0.446102
-1.358014 0.687221 0.330001
-1.279332 0.713499 -0.184321
-1.283874 0.801393 0.416566
-1.178062 0.844010 0.117849
-1.073309 0.880431 0.447864
-0.963185 0.807771 0.083469
-0.915010 0.755212 0.550342
-0.840074 0.780099 0.332015
-0.690489 0.772295 0.545190
-0.655506 -1.071435 -0.006124
-0.658077 -1.006955 0.220756
-0.742627 -1.021013 -0.292660
-0.833758 -0.857972 0.398400
-0.939026 -0.883333 -0.331868
-0.934556 -0.709943 0.633630
-1.067706 -0.790211 -0.364419
-1.093871 -0.630609 0.830065
-1.194782 -0.616182 -0.292161
-1.243393 -0.517417 0.889584
-1.345022 -0.446623 -0.315093
-1.425485 -0.397994 1.038052
-1.500002 -0.177847 -0.346909
-1.529531 -0.283398 0.969967
-1.702142 0.186625 -0.838946
-1.494789 -0.089614 0.814543
-1.839927 0.380206 -1.032839
-1.494119 0.279987 0.389335
-1.715273 0.456321 -1.026304
-1.449247 0.496871 0.297127
-1.547413 0.532309 -0.763945
-1.452475 0.720330 0.330263
-1.356455 0.666312 -0.355020
-1.332759 0.882021 0.459721
-1.244980 0.891442 0.034997
-1.191555 1.018592 0.468533
-1.139052 1.023146 0.141753
-1.091268 1.116961 0.360989
-1.059842 1.086677 0.221955
-0.950224 1.064259 0.231894
-0.850470 1.008537 0.112745
-0.746381 0.984885 0.190612
-0.572689 -1.077017 -0.118234
-0.592507 -1.064194 0.098943
-0.669526 -1.079380 -0.251609
-0.711587 -0.956370 0.334328
-0.821593 -1.015133 -0.432548
-0.804399 -0.821406 0.606508
-0.941270 -0.932303 -0.468004
-0.924064 -0.721653 0.780149
-1.041622 -0.807162 -0.489231
-1.044289 -0.615786 0.965605
-1.164774 -0.630943 -0.505454
-1.193702 -0.468103 1.099262
-1.304052 -0.332178 -0.648665
-1.330089 -0.338051 1.190420
-1.471109 0.064137 -0.861133
-1.344271 -0.217156 0.992400
-1.580207 0.310771 -1.050660
-1.252441 -0.021462 0.730181
-1.499832 0.308292 -0.978508
-1.255963 0.317500 0.545233
-1.389471 0.383411 -0.840541
-1.268474 0.580245 0.467962
-1.254827 0.553630 -0.575728
-1.171759 0.742822 0.556748
-1.086087 0.790470 -0.240196
-1.054038 0.901725 0.583499
-1.026286 0.899984 -0.003509
-0.910897 0.986041 0.501668
-0.800672 0.894800 -0.065473
-0.785870 0.906355 0.488259
-0.797026 0.893106 0.091038
-0.658367 0.858807 0.292031
-0.475590 -1.055581 -0.006272
-0.521665 -1.008769 0.253345
-0.577218 -1.034876 -0.362762
-0.648831 -0.859795 0.500854
-0.786555 -0.921836 -0.488548
-0.783130 -0.709294 0.710128
-0.891704 -0.846963 -0.609443
-0.898973 -0.614844 0.829374
-0.989234 -0.672897 -0.606118
-1.012063 -0.474030 0.859541
-1.116005 -0.476155 -0.627976
-1.136268 -0.309339 0.945445
-1.229151 -0.226208 -0.650883
-1.174025 -0.182641 0.974399
-1.257722 0.112146 -0.915185
-1.123535 -0.046792 0.860400
-1.350656 0.275227 -0.935537
-1.061965 -0.000892 0.740884
-1.383938 0.337622 -1.040431
-1.119350 0.386587 0.569482
-1.309253 0.428339 -0.856074
-1.164303 0.650789 0.631184
-1.161296 0.676135 -0.457726
-1.080088 0.827565 0.567515
-1.022014 0.869813 -0.127974
-0.942200 1.025448 0.547260
-0.908976 1.051517 0.092096
-0.892873 1.161691 0.381558
-0.833580 1.115093 0.157865
-0.777449 1.087396 0.292590
-0.729424 1.068889 0.155094
-0.654614 1.004847 0.229041
-0.427893 -1.058639 -0.111963
-0.443109 -1.066375 0.124720
-0.490502 -1.071396 -0.248748
-0.524454 -0.980722 0.420857
-0.605941 -1.039874 -0.485410
-0.637502 -0.838155 0.707671
-0.722489 -0.945253 -0.617002
-0.728843 -0.691403 0.903416
-0.830269 -0.774952 -0.697975
-0.841604 -0.539413 1.001193
-0.933166 -0.583562 -0.763529
-0.940740 -0.359765 1.060361
-1.056333 -0.400207 -0.859118
-1.030326 -0.266134 1.151346
-1.174311 -0.152885 -0.907480
-1.056413 -0.099603 1.059983
-1.252324 0.062490 -0.918314
-1.008670 0.047155 0.886777
-1.211288 0.193310 -0.880256
-1.006636 0.279075 0.767241
-1.192712 0.331431 -0.923050
-1.021346 0.515074 0.635425
-1.075252 0.557347 -0.657090
-0.963856 0.667179 0.636328
-0.933177 0.747747 -0.361402
-0.854661 0.819690 0.637885
-0.862842 0.858872 -0.076723
-0.806914 0.886340 0.466952
-0.754601 0.884406 -0.019061
-0.691636 0.897993 0.280777
-0.659392 0.903771 0.077078
-0.533746 0.907892 0.299808
-0.293806 -1.066894 0.009251
-0.356786 -1.015572 0.304857
-0.405143 -1.036217 -0.335327
-0.457181 -0.869080 0.567699
-0.578000 -0.959366 -0.580365
-0.577034 -0.722037 0.834289
-0.680058 -0.860516 -0.721609
-0.677066 -0.605823 0.952948
-0.773168 -0.669972 -0.782432
-0.764428 -0.421659 0.985648
-0.840774 -0.470305 -0.813212
-0.812260 -0.238409 1.043514
-0.928780 -0.294238 -0.827464
-0.906645 -0.112921 1.036855
-1.000781 -0.122909 -0.869870
-0.926092 0.049173 0.983762
-1.119967 0.080140 -0.847817
-0.935892 0.154931 0.872662
-1.096185 0.223906 -0.850155
-0.906921 0.333596 0.797052
-1.059455 0.398222 -0.811264
-0.886527 0.551992 0.690758
-0.934261 0.622259 -0.585697
-0.843296 0.739105 0.653744
-0.837559 0.803584 -0.326833
-0.783939 0.885855 0.585923
-0.761294 0.932378 -0.160323
-0.718350 1.003952 0.431436
-0.679354 1.036880 -0.026042
-0.617133 1.057096 0.222946
-0.597446 1.009047 0.061224
-0.491904 0.979293 0.101256
-0.250710 -1.074400 -0.116209
-0.263489 -1.071259 0.166023
-0.298625 -1.058764 -0.246332
-0.310704 -0.953398 0.451580
-0.418180 -1.009430 -0.469690
-0.462480 -0.816310 0.731960
-0.542129 -0.908152 -0.678334
-0.521102 -0.653959 0.932058
-0.630760 -0.726859 -0.780603
-0.605791 -0.488159 1.047709
-0.686026 -0.531492 -0.903925
-0.644531 -0.309146 1.094170
-0.704785 -0.369891 -0.953578
-0.727376 -0.180653 1.103510
-0.798248 -0.229600 -0.950197
-0.795530 -0.047070 1.067384
-0.920437 -0.050803 -0.890036
-0.853450 0.084454 0.994774
-0.941826 0.097525 -0.832063
-0.851593 0.247611 0.919842
-0.956300 0.306423 -0.793628
-0.839269 0.458724 0.794098
-0.864290 0.509100 -0.668932
-0.794240 0.629966 0.700992
-0.748336 0.705361 -0.475475
-0.701380 0.748005 0.625770
-0.708827 0.783479 -0.267913
-0.678792 0.808601 0.482806
-0.622093 0.863090 -0.180595
-0.578472 0.863077 0.324270
-0.536946 0.892500 -0.078726
-0.433431 0.882026 0.176443
-0.151072 -1.060710 0.029802
-0.203357 -0.996576 0.323448
-0.208688 -1.047503 -0.303572
-0.234602 -0.868338 0.569265
-0.282721 -0.981720 -0.575111
-0.354614 -0.741235 0.827063
-0.415055 -0.863723 -0.755322
-0.421970 -0.581087 1.018966
-0.505414 -0.668435 -0.882129
-0.495827 -0.396732 1.121548
-0.550029 -0.478207 -0.979294
-0.522759 -0.218172 1.124383
-0.610016 -0.313417 -1.001370
-0.623996 -0.099303 1.080322
-0.685844 -0.170095 -0.945000
-0.689273 0.078159 1.068140
-0.812198 0.043304 -0.891049
-0.780680 0.208412 0.956608
-0.849090 0.196142 -0.800315
-0.782524 0.362582 0.889515
-0.847070 0.392473 -0.754112
-0.752856 0.552222 0.772244
-0.731570 0.623319 -0.631730
-0.676415 0.745051 0.681359
-0.657077 0.793998 -0.447106
-0.618506 0.861460 0.589929
-0.619657 0.907145 -0.312554
-0.608923 0.941830 0.400648
-0.554596 0.996486 -0.218407
-0.537883 1.026408 0.207768
-0.505608 1.059561 -0.042418
-0.402661 1.023911 0.065764
-0.100173 -1.060834 -0.114351
-0.126377 -1.063067 0.153568
-0.129753 -1.052169 -0.240074
-0.136205 -0.947715 0.459462
-0.163866 -1.004030 -0.470391
-0.236386 -0.789593 0.739001
-0.262916 -0.892936 -0.703291
-0.275914 -0.598863 0.941294
-0.352013 -0.725751 -0.817472
-0.340394 -0.446480 1.052575
-0.371148 -0.547769 -0.995888
-0.352902 -0.286647 1.124754
-0.435068 -0.367041 -1.031163
-0.446944 -0.153336 1.089407
-0.519384 -0.216607 -1.018250
-0.543064 0.005628 1.075943
-0.612248 -0.022688 -0.912505
-0.627584 0.150261 1.017242
-0.668400 0.117300 -0.872237
-0.645625 0.297196 0.935254
-0.673789 0.316006 -0.802673
-0.634731 0.487866 0.829468
-0.598992 0.538066 -0.728507
-0.572604 0.664563 0.724509
-0.537222 0.736587 -0.569993
-0.526359 0.773844 0.615374
-0.524886 0.815331 -0.360067
-0.525062 0.803349 0.484923
-0.469854 0.876908 -0.294932
-0.451677 0.859976 0.271084
-0.424689 0.916797 -0.113244
-0.334486 0.906724 0.150054
-0.053174 -1.037866 0.034699
-0.097136 -0.987456 0.310899
-0.087101 -1.024590 -0.278495
-0.094462 -0.847642 0.538952
-0.084344 -0.926701 -0.534921
-0.110439 -0.690557 0.748834
-0.102166 -0.800375 -0.705320
-0.132406 -0.534506 0.902134
-0.198637 -0.627185 -0.835860
-0.205734 -0.378614 1.052713
-0.218460 -0.480284 -0.957412
-0.224524 -0.230074 1.047865
-0.301837 -0.306627 -0.980548
-0.302917 -0.110064 1.033492
-0.342757 -0.162827 -0.997174
-0.379390 0.105947 1.055290
-0.456102 0.116872 -0.915327
-0.458202 0.291955 0.988297
-0.481600 0.267294 -0.836448
-0.469173 0.428847 0.957791
-0.524219 0.428779 -0.840970
-0.472489 0.578869 0.783161
-0.446144 0.625265 -0.760990
-0.420740 0.740435 0.746600
-0.432066 0.822843 -0.609557
-0.434857 0.872141 0.565381
-0.439260 0.952490 -0.489372
-0.424588 0.946883 0.320802
-0.399220 1.035001 -0.350749
-0.367952 1.022740 0.097637
-0.344643 1.043973 -0.262776
-0.266207 0.989578 -0.136030
-0.021126 -1.019525 -0.077112
-0.041540 -1.023084 0.146143
-0.025078 -1.008710 -0.212202
-0.001994 -0.882321 0.455463
0.020865 -0.926735 -0.452320
0.031810 -0.733214 0.695204
0.070174 -0.826557 -0.645009
0.047046 -0.578838 0.842133
-0.010775 -0.687194 -0.768450
-0.013736 -0.420181 0.958841
-0.005819 -0.549752 -0.912803
-0.008798 -0.288872 1.037214
-0.099511 -0.384166 -0.931317
-0.096608 -0.138698 1.020788
-0.113100 -0.227893 -0.972683
-0.164339 0.044661 1.043750
-0.255036 0.028958 -0.924349
-0.314401 0.232858 1.045506
-0.326389 0.198813 -0.878538
-0.339861 0.378926 0.957193
-0.336323 0.398733 -0.851872
-0.286187 0.571965 0.944202
-0.264269 0.577604 -0.788530
-0.276377 0.665558 0.736376
-0.279894 0.741296 -0.667580
-0.309933 0.790694 0.611899
-0.338830 0.821442 -0.496347
-0.362611 0.838278 0.507629
-0.335500 0.923045 -0.450085
-0.328781 0.907556 0.249014
-0.275315 0.988612 -0.348420
-0.215352 0.956403 -0.018618
0.072609 -0.985499 0.077227
0.037230 -0.945747 0.356224
0.084115 -0.973916 -0.254714
0.107567 -0.803053 0.532471
0.166674 -0.873706 -0.525887
0.186951 -0.645593 0.747225
0.243803 -0.719063 -0.720637
0.222845 -0.479952 0.845618
0.190160 -0.600245 -0.827941
0.163057 -0.339297 0.962621
0.179326 -0.464958 -0.904180
0.169684 -0.212300 0.974245
0.094058 -0.317569 -0.952331
0.071697 -0.083538 1.011715
0.051003 -0.164756 -0.971358
0.010179 0.104866 0.999025
-0.073073 0.109709 -0.943872
-0.163261 0.293792 0.998628
-0.190271 0.266978 -0.886973
-0.182504 0.438375 0.911276
-0.188073 0.424672 -0.776878
-0.131608 0.565332 0.808737
-0.144151 0.602695 -0.730243
-0.154393 0.694462 0.662439
-0.192186 0.792571 -0.655405
-0.225898 0.839378 0.510224
-0.247138 0.962906 -0.589410
-0.290219 0.949981 0.249511
-0.253138 1.050123 -0.481997
-0.248969 1.024744 -0.012126
-0.236679 1.093040 -0.367526
-0.140793 1.077715 -0.212852
0.135166 -0.959549 -0.054899
0.132153 -0.956614 0.207306
0.179464 -0.965305 -0.200004
0.221968 -0.834908 0.482420
0.261879 -0.865768 -0.393547
0.311142 -0.679790 0.664522
0.378892 -0.724458 -0.631423
0.375009 -0.521662 0.767581
0.369551 -0.611638 -0.741748
0.368425 -0.375343 0.825733
0.396369 -0.485952 -0.824015
0.389242 -0.249821 0.895017
0.331737 -0.354789 -0.873517
0.300397 -0.093953 0.923390
0.316289 -0.202890 -0.890780
0.305428 0.072417 0.992028
0.191039 0.026630 -0.907526
0.090531 0.249285 0.998987
0.084777 0.214260 -0.899018
0.070298 0.426289 0.876388
0.086204 0.403220 -0.808398
0.112766 0.566297 0.869774
0.083909 0.570277 -0.770386
0.024489 0.680668 0.697412
-0.082051 0.719967 -0.646215
-0.123279 0.790931 0.561867
-0.165006 0.817347 -0.538010
-0.187507 0.870897 0.378185
-0.173636 0.932370 -0.441504
-0.175970 0.998316 0.127123
-0.152398 1.025112 -0.335315
-0.073531 1.022657 -0.164327
0.250934 -0.928636 0.067866
0.238370 -0.902819 0.336774
0.304791 -0.897445 -0.185556
0.332414 -0.760588 0.460277
0.385048 -0.798284 -0.423353
0.427715 -0.615826 0.646887
0.517873 -0.630515 -0.566283
0.565173 -0.473998 0.688157
0.576583 -0.522101 -0.657135
0.578170 -0.332490 0.782356
0.621616 -0.384875 -0.722059
0.644394 -0.206834 0.765841
0.618663 -0.258138 -0.754400
0.574255 -0.066306 0.861106
0.552570 -0.097945 -0.802875
0.619081 0.125328 0.867385
0.565955 0.094536 -0.813817
0.446725 0.267268 0.880306
0.408560 0.223174 -0.782856
0.444815 0.425573 0.804346
0.396999 0.372514 -0.730332
0.360973 0.549988 0.741835
0.254259 0.533441 -0.740452
0.201527 0.698326 0.646699
0.034639 0.733460 -0.654796
-0.017797 0.834830 0.524535
-0.061907 0.918619 -0.588002
-0.077621 0.981620 0.241279
-0.058780 1.044101 -0.521409
-0.049795 1.075752 -0.059225
-0.054103 1.132238 -0.472707
0.003743 1.116187 -0.315573
0.296995 -0.887672 -0.038416
0.311572 -0.883194 0.191521
0.366575 -0.862839 -0.142901
0.418918 -0.766329 0.361907
0.464549 -0.759106 -0.275419
0.547059 -0.627357 0.501147
0.641228 -0.619890 -0.392233
0.730380 -0.486019 0.560286
0.749052 -0.488429 -0.485946
0.793107 -0.349796 0.620349
0.809606 -0.378360 -0.497580
0.867162 -0.229570 0.604965
0.831566 -0.242715 -0.569783
0.870761 -0.062659 0.667636
0.920297 -0.104332 -0.575107
0.996194 0.102327 0.695161
0.904054 0.070594 -0.576449
0.918177 0.253618 0.651275
0.920494 0.209311 -0.562747
0.966046 0.373587 0.592177
0.837965 0.333820 -0.565364
0.771024 0.509462 0.615492
0.609581 0.504071 -0.656643
0.474974 0.673789 0.612684
0.230033 0.662774 -0.644828
0.147846 0.803413 0.552715
0.061276 0.808527 -0.582539
0.043698 0.895591 0.346981
0.040655 0.929002 -0.513381
0.014826 0.995572 0.030044
0.026168 1.059455 -0.486717
0.054471 1.080925 -0.261657
0.401225 -0.814725 0.008710
0.429523 -0.825856 0.229285
0.495326 -0.780657 -0.142256
0.551802 -0.709860 0.300814
0.611315 -0.688560 -0.208825
0.696507 -0.568578 0.418775
0.796465 -0.519354 -0.292049
0.909954 -0.415372 0.437144
0.934026 -0.413515 -0.331673
1.005580 -0.296973 0.490652
0.970522 -0.304278 -0.320399
1.032933 -0.163789 0.479268
1.017572 -0.152001 -0.358966
1.095297 -0.002721 0.542691
1.062784 -0.041829 -0.357952
1.136820 0.140308 0.600666
1.112256 0.117976 -0.400932
1.156124 0.257578 0.538875
1.084599 0.213885 -0.321840
1.088218 0.367978 0.476157
1.004709 0.342588 -0.396044
0.944530 0.508074 0.431941
0.760979 0.524546 -0.482116
0.661673 0.679018 0.483404
0.438963 0.693171 -0.544101
0.330361 0.829788 0.464820
0.224319 0.848940 -0.524459
0.189778 0.953882 0.230254
0.174385 0.990386 -0.584604
0.148946 1.049509 -0.099278
0.154745 1.122880 -0.568079
0.191679 1.119180 -0.348380
0.469984 -0.787696 -0.075552
0.513543 -0.806222 0.074353
0.581528 -0.737313 -0.132976
0.670352 -0.665625 0.121900
0.741840 -0.628102 -0.137760
0.844384 -0.558567 0.227914
0.951529 -0.509082 -0.173530
1.067498 -0.445391 0.293659
1.099806 -0.399988 -0.148917
1.147799 -0.333368 0.409629
1.107228 -0.305631 -0.185570
1.175143 -0.214273 0.388414
1.142995 -0.189613 -0.138163
1.164292 -0.105941 0.480340
1.107487 -0.098631 -0.243598
1.181835 0.018512 0.473219
1.140784 0.034980 -0.163529
1.135365 0.131585 0.457722
1.108948 0.125123 -0.209417
1.117804 0.223194 0.340046
1.061396 0.260015 -0.176987
0.960444 0.394841 0.356497
0.865594 0.430025 -0.326420
0.764696 0.595405 0.397421
0.611212 0.619087 -0.409330
0.474052 0.753364 0.385551
0.383307 0.773529 -0.474429
0.325034 0.893301 0.200646
0.275917 0.879683 -0.525676
0.229113 1.002267 -0.044848
0.230224 1.000202 -0.515518
0.245535 1.063950 -0.291140
0.551428 -0.757773 -0.143435
0.639109 -0.773022 0.023879
0.705322 -0.665670 -0.211475
0.810119 -0.607825 0.046243
0.867496 -0.529004 -0.095087
0.982398 -0.460167 0.091871
1.049653 -0.367415 -0.146325
1.159154 -0.296165 0.172571
1.143855 -0.243623 -0.088121
1.187899 -0.198249 0.212816
1.123283 -0.143249 -0.106391
1.181830 -0.059366 0.288979
1.111369 -0.013258 -0.044127
1.169178 0.010051 0.295332
1.103647 0.020116 -0.147336
1.184746 0.098511 0.334833
1.103547 0.131436 -0.039182
1.149057 0.194715 0.288448
1.100308 0.212734 -0.102890
1.135118 0.309358 0.186705
1.065897 0.330514 -0.047710
1.038090 0.462603 0.154473
0.951119 0.521588 -0.191699
0.901275 0.659499 0.182387
0.750792 0.692306 -0.222788
0.676995 0.777894 0.171824
0.550361 0.809739 -0.336055
0.531813 0.897865 0.012032
0.459311 0.897130 -0.462900
0.448423 0.982233 -0.184293
0.408191 1.026718 -0.545260
0.352477 0.985256 -0.456993
0.598941 -0.780519 -0.010727
0.654118 -0.727640 0.152602
0.782871 -0.687206 -0.007457
0.804511 -0.582752 0.164558
0.904738 -0.528084 0.046550
0.952593 -0.434327 0.188537
1.035575 -0.383362 0.022372
1.058647 -0.323908 0.190694
1.107220 -0.263065 0.036923
1.083272 -0.190549 0.284605
1.086824 -0.168684 0.096219
1.075176 -0.121178 0.269874
1.093363 -0.094639 0.076159
1.086202 -0.042962 0.351246
1.098832 -0.038229 0.113812
1.069175 0.017573 0.308814
1.081884 0.047590 0.093539
1.072127 0.114926 0.348016
1.088023 0.121173 0.106879
1.059244 0.186914 0.219984
1.057587 0.243929 0.092795
0.997309 0.361320 0.237138
0.972714 0.417953 0.021787
0.892014 0.518656 0.193888
0.823126 0.591620 -0.048308
0.718868 0.708513 0.222433
0.644156 0.745863 -0.106695
0.580769 0.857252 0.085465
0.494391 0.837877 -0.238424
0.486106 0.947237 -0.084738
0.416697 0.940358 -0.369590
0.350578 0.924295 -0.276055
