0.707446 -0.925400 -0.703275
0.547976 -0.538106 -0.253715
0.361913 -0.380680 0.057879
0.290988 -0.127315 -0.345110
0.523737 -0.397839 0.790070
0.585936 -0.165541 -0.148537
0.391249 -0.219653 0.442286
0.335433 0.117624 0.563576
0.647766 -0.142377 -0.186755
0.305948 0.176366 0.291444
0.225436 0.054719 0.868381
0.332672 -0.080359 0.416531
0.151253 0.162730 0.792556
0.704585 -0.202323 1.100158
0.351750 0.185351 0.801609
0.732448 -0.834559 -0.354037
0.448857 -0.815888 -0.633403
0.486026 -0.443995 -0.037302
0.119655 0.054874 -0.208256
-0.250946 0.036924 -0.484451
0.558330 -0.324329 0.567047
0.502188 -0.051574 0.034492
0.673584 -0.260376 -0.395760
0.228197 -0.506316 -0.781471
0.261905 -0.419969 0.941587
0.719549 -0.470531 0.946756
-0.028263 0.328773 0.029742
0.607844 -0.452735 0.727597
-0.613647 0.224209 -0.198649
0.321505 -0.461490 -0.158087
-0.615985 -0.312652 -0.588921
0.317639 -0.357129 -0.206582
0.603885 -0.238870 -0.528878
0.410971 -0.526478 -0.306491
0.688075 -0.255281 -0.481026
0.540948 -0.469004 -0.186849
0.632297 -0.599852 -0.270309
0.513988 -0.359804 -0.430924
0.713907 -0.159401 0.962150
0.129589 -0.102266 -0.492068
0.196278 0.070346 0.431755
0.406567 0.002298 0.569485
0.295615 -0.523689 0.749655
0.298594 -0.794778 -0.767844
-0.009514 -0.489948 -0.430303
0.281159 -0.568903 -0.201987
-0.718495 -0.763758 0.676437
0.744199 0.064950 1.060093
-0.031093 -0.112971 -0.517104
0.778535 -0.441041 0.996873
0.492871 -0.339765 0.335578
0.332074 -0.194181 -0.293087
0.465612 -0.020574 0.550407
0.115730 -0.336205 0.961243
0.101105 -0.405801 0.721471
0.663434 -0.439907 0.614331
0.761745 -0.762670 -0.696897
0.487786 0.131496 0.679921
-0.596278 0.100750 -0.384131
0.660876 -0.285580 -0.349478
-0.373694 -0.459355 -0.618636
0.028550 0.089560 -0.433160
-0.011307 -0.766873 0.525885
0.236356 -0.505199 0.300336
0.100533 -0.713761 -0.310300
0.502973 -0.651993 -0.835711
0.058114 0.032440 0.619135
0.599553 -0.330128 0.878784
0.296824 0.267144 0.584180
-0.081371 -0.101151 0.953732
0.654214 0.087190 0.648774
0.700142 -0.650592 -0.257480
-0.333762 -0.256319 0.839168
0.755947 -0.436303 0.789832
0.797598 -0.155669 -0.589247
0.305319 -0.284289 -0.169806
0.702646 -0.426867 0.752525
0.316708 -0.531742 -0.201842
0.385841 -0.418859 0.505450
0.396519 -0.048727 0.331650
0.269270 -0.533898 -0.149518
-0.414244 -0.509799 0.707975
0.754287 -0.513284 -0.432976
-0.805447 -0.231195 0.755544
0.343522 -0.692383 -0.258850
0.263068 -0.596816 -0.690661
0.502810 -0.584781 -0.256864
0.700089 -0.431431 -0.352895
-0.143540 0.303085 -0.119176
0.762698 -0.473446 -0.649935
-0.775165 -0.605976 0.743358
0.398881 -0.358521 0.165685
0.541303 0.100801 0.951299
-0.036976 -0.309648 0.723424
0.800189 -0.158183 0.743461
0.781335 -0.245611 1.025304
0.201538 -0.809551 0.042256
0.652719 -0.420331 -0.741722
0.322366 -0.359895 -0.050329
-0.047453 -0.701495 -0.629491
-0.177375 -0.048954 0.700673
0.257724 0.220538 0.415192
0.726911 -0.769992 -0.630733
0.416358 -0.422998 0.929987
0.538266 -0.759295 -0.536458
0.448463 -0.225071 -0.527176
-0.091270 0.382740 0.206501
0.234634 -0.066252 -0.297701
0.424329 -0.154509 0.541426
0.468439 -0.393147 -0.727089
-0.405372 0.367798 0.104076
0.488307 -0.713139 -0.360994
0.620588 -0.436204 0.675681
0.476492 -0.194141 0.457970
0.611152 -0.538574 -0.282078
-0.840173 -0.577084 -0.490390
0.129376 -0.491407 0.867235
0.651205 -0.236897 -0.390220
0.667624 -0.226738 -0.658690
-0.363478 0.120577 -0.352441
0.377161 -0.356096 0.398267
0.278586 -0.327522 0.477292
0.467690 -0.843592 -0.764013
0.310104 -0.097212 0.136527
0.454105 -0.208313 -0.089156
0.401360 -0.075030 0.393125
0.314156 -0.349384 -0.364354
0.565523 0.162850 0.916813
0.501639 -0.682224 -0.280015
-0.591697 -0.175762 -0.400139
0.478028 -0.244253 -0.182063
0.164875 -0.937159 -0.618549
-0.017531 0.132396 -0.313518
0.754585 0.113169 0.761807
-0.389324 -0.721782 -0.581249
0.653794 -0.387646 0.856908
0.669258 -0.244321 0.633791
0.142243 0.178565 0.593721
-0.111584 -0.723653 -0.513361
0.297864 0.131922 -0.241119
0.685533 -0.691280 -0.811060
-0.083121 0.047647 -0.447406
-0.253259 -0.512306 0.834096
0.266925 -0.235345 -0.415427
0.574144 -0.188824 0.964816
0.371692 -0.257199 0.480203
-0.215273 -0.575937 -0.598039
-0.045975 -0.402865 0.846783
-0.187423 0.258098 0.483888
0.329958 0.035088 0.204884
0.764826 -0.549264 -0.299410
0.587263 -0.216978 -0.411240
0.265090 -0.222952 -0.252217
0.530891 -0.489545 -0.873950
0.084023 -0.663708 -0.777124
0.231958 -0.421122 0.637608
0.316303 -0.004934 0.562033
-0.294490 0.223264 -0.283866
0.837959 -0.908978 -0.544766
0.113835 -0.095789 0.900970
-0.931437 -0.690215 -0.515546
0.716997 -0.467341 -0.690891
0.600465 -0.346279 -0.140687
0.529316 -0.132141 0.609515
0.323468 -0.213507 -0.192766
0.440757 -0.153260 -0.121184
0.704831 -0.634921 -0.252483
0.282468 -0.112028 -0.132400
0.414093 -0.328169 0.205212
0.100379 -0.790585 -0.498733
0.631871 0.018541 0.524925
-0.071235 0.049681 0.764337
0.256688 -0.114671 1.005958
0.436304 -0.021171 0.534366
0.604756 -0.649365 -0.618362
0.382623 0.144957 0.678496
0.510335 -0.257685 -0.006688
0.758204 -0.678008 -0.466483
0.255882 -0.771429 -0.096220
0.576311 -0.338802 0.564895
0.529931 -0.093192 0.274039
0.271555 0.037633 -0.021197
0.311166 -0.131255 0.005830
0.713656 -0.231592 -0.450332
0.346163 -0.178999 0.376843
0.363842 -0.435345 -0.272013
0.689368 -0.120967 -0.440360
-0.463978 -0.095485 -0.516752
0.714706 -0.103757 0.517482
0.213652 -0.292433 -0.639330
0.257254 -0.292587 -0.737262
0.429772 -0.336238 -0.294950
0.731208 -0.898835 -0.596176
0.373743 -0.226082 -0.675758
-0.379348 -0.021996 0.767816
0.635703 -0.230659 0.591106
0.663447 -0.689173 -0.463520
0.298221 -0.440732 0.145436
-0.078638 -0.880301 -0.271083
0.738559 -0.288182 -0.686846
0.805569 0.187116 0.796895
0.330737 0.253371 0.108214
0.763271 0.086578 0.626291
0.179962 -0.162035 0.714722
0.658369 -0.749936 -0.463632
0.749704 0.134943 0.986958
-0.195640 -0.186554 -0.561901
0.742104 -0.083747 0.566557
-0.056365 -0.483144 0.738266
0.829106 -0.852902 -0.393718
0.380192 -0.140932 -0.094908
0.491848 -0.225289 0.537251
0.463570 -0.175185 -0.259809
0.677667 0.008398 0.809979
-0.259217 0.237763 0.628151
-0.015620 -0.838479 -0.464611
0.226730 -0.088537 -0.251149
0.637558 -0.402775 -0.341053
-0.018444 -0.346813 -0.645676
0.753381 -0.162068 0.792548
-0.232154 -0.472477 -0.656209
-0.087703 0.237365 0.597504
-0.850327 -0.316848 -0.483722
0.147865 -0.568655 0.522779
-0.614409 -0.385275 0.787159
0.710412 -0.352718 0.611552
0.209335 -0.955035 -0.296554
-0.668587 -0.654859 -0.593390
0.711927 -0.554991 0.907907
0.312556 -0.913450 -0.555841
0.514931 -0.192085 0.428797
0.719122 -0.558254 -0.784206
-0.436148 -0.911420 -0.280114
-0.088802 -0.489961 -0.596362
0.341191 -0.719022 -0.387965
0.567413 -0.409866 -0.239193
0.022423 -0.649321 0.651891
0.288594 -0.001560 0.474988
-0.247362 -0.559097 -0.440991
-0.221521 0.114938 -0.337266
0.343557 -0.186960 -0.389153
-0.229232 -0.581356 0.724011
0.289640 -0.659136 -0.003376
0.579099 -0.091984 0.478414
-0.670573 -0.778264 -0.417808
0.446806 -0.082958 0.955435
-0.547556 0.171095 0.548372
0.462571 -0.318435 -0.192662
0.173978 -0.444332 -0.252369
-0.867057 -0.871090 -0.246030
-0.335316 -0.900245 -0.482601
0.455847 -0.561291 -0.156531
-0.016177 -0.931566 -0.356335
0.060626 0.310555 0.382355
0.393052 -0.036710 -0.214766
0.151907 -0.399066 0.553576
-0.673045 -0.859889 0.175738
-0.682126 -0.856612 0.491670
-0.809125 -0.833288 0.054252
-0.660571 -0.877043 0.708566
-0.882317 -0.969412 0.159918
-0.749398 -0.871940 0.755004
-0.846462 -0.929266 -0.206777
-0.779372 -0.731200 0.976533
-1.077790 -0.919724 -0.135384
-0.919332 -0.761114 0.845737
-1.061711 -0.843861 -0.245759
-0.883957 -0.663731 0.966172
-1.104186 -0.781820 -0.073739
-0.952143 -0.652991 0.782480
-1.002046 -0.613308 -0.124643
-0.792146 -0.495480 0.826788
-0.899517 -0.612467 0.106108
-0.700610 -0.572933 0.594983
-0.669597 -0.623312 0.093962
-0.521275 -0.555683 0.687997
-0.648186 -0.630679 0.220014
-0.593521 -0.541208 0.570737
-0.672548 -0.318586 -0.304190
-0.561728 -0.176214 0.702823
-0.661462 -0.191168 -0.305711
-0.553971 -0.003056 0.663343
-0.415932 0.055745 -0.316431
-0.096152 0.174245 0.515599
0.326815 0.093644 -0.137119
0.645530 0.086824 0.109801
0.835968 0.046355 -0.040073
0.728938 0.143713 -0.032563
-0.775510 -1.105195 0.137144
-0.685565 -1.286853 0.476101
-0.829887 -1.381443 0.332975
-0.838373 -1.274981 0.784229
-1.017771 -1.260586 0.055318
-1.115008 -1.067259 0.915080
-1.279518 -1.244819 0.145577
-1.227776 -0.993038 0.831583
-1.265475 -1.097476 -0.067149
-1.193642 -0.836519 0.946541
-1.346163 -0.990847 0.002665
-1.209809 -0.812184 0.826770
-1.275594 -0.937039 -0.211893
-1.171129 -0.721113 0.916791
-1.280872 -0.891981 0.032259
-1.008741 -0.761370 0.789239
-0.943384 -0.867581 -0.060413
-0.783772 -0.768494 0.860719
-0.868358 -0.890729 0.201389
-0.773036 -0.834289 0.686629
-0.730493 -0.863950 0.016574
-0.669671 -0.694417 0.770205
-0.814627 -0.713081 0.188135
-0.825650 -0.476163 0.621145
-0.847629 -0.377391 -0.255203
-0.736214 -0.087394 0.659533
-0.576739 -0.056044 -0.059254
-0.250066 0.047393 0.609482
0.315340 0.086866 -0.049064
0.647086 0.001597 0.258821
0.818102 -0.004572 0.163993
0.875093 -0.036597 0.207781
-0.810654 -0.818985 0.469873
-0.808633 -1.051316 0.656166
-1.008907 -1.130056 0.459547
-1.105505 -1.190489 0.718078
-1.384789 -1.241631 0.594502
-1.449023 -1.156905 0.499320
-1.494671 -1.099984 0.303666
-1.481416 -0.938517 0.571413
-1.597945 -0.980950 0.375823
-1.495884 -0.774050 0.420415
-1.554856 -0.766169 0.006257
-1.440490 -0.579578 0.558829
-1.513705 -0.735282 0.126580
-1.254652 -0.421922 0.659724
-1.434526 -0.522726 0.079803
-1.233532 -0.338771 0.917626
-1.337165 -0.627237 0.535830
-1.039193 -0.446601 0.696792
-1.200692 -0.554302 0.366260
-1.026076 -0.479952 0.670330
-1.174102 -0.618240 0.674813
-0.927615 -0.565246 0.509292
-1.048915 -0.376135 0.012880
-0.899509 -0.172706 0.428487
-0.977690 -0.139302 0.155733
-0.839862 0.050621 0.294888
-0.710435 0.069526 -0.057624
-0.384052 0.158805 0.264126
0.117435 0.092393 0.096419
0.479601 -0.023184 0.115190
0.623294 -0.080978 -0.021274
0.764315 -0.034271 -0.023405
-0.912277 -1.144065 0.202289
-0.972233 -1.402694 0.575130
-1.143521 -1.489426 0.464076
-1.177886 -1.468777 0.742049
-1.275539 -1.330954 0.347792
-1.351066 -1.212757 0.835955
-1.514577 -1.225670 0.332521
-1.530644 -1.102978 0.581521
-1.583620 -1.086910 0.088177
-1.504320 -0.848195 0.844550
-1.584135 -0.887832 0.079670
-1.497604 -0.674821 0.685488
-1.510448 -0.805283 -0.193514
-1.422914 -0.470695 0.891239
-1.333877 -0.749136 0.039293
-1.281893 -0.424415 0.850634
-1.158080 -0.627821 -0.049389
-1.113251 -0.498970 1.016507
-1.121603 -0.719234 0.220367
-0.976490 -0.635765 0.846546
-0.962760 -0.699562 0.145442
-0.859587 -0.582875 0.786374
-0.942174 -0.550114 0.227387
-0.931711 -0.318288 0.522754
-0.932473 -0.193162 -0.083596
-0.810915 0.063570 0.373927
-0.728559 0.139582 0.095249
-0.445310 0.156404 0.223537
0.036633 0.089619 0.093957
0.446218 0.000650 0.058846
0.639291 -0.027011 0.022130
0.792562 -0.021140 0.083017
-0.938261 -0.959837 0.429038
-0.890231 -1.197985 0.650527
-1.084549 -1.316012 0.400184
-1.150602 -1.346158 0.719538
-1.334193 -1.368579 0.390731
-1.341774 -1.290734 0.625382
-1.452218 -1.164326 0.130670
-1.505527 -1.027289 0.680994
-1.647919 -0.946530 -0.035092
-1.608713 -0.751563 0.641676
-1.736970 -0.692174 -0.367525
-1.711215 -0.369181 0.704962
-1.797879 -0.579004 -0.380490
-1.735720 -0.083959 0.899430
-1.665763 -0.328591 0.024548
-1.728013 0.069479 0.997574
-1.558069 -0.351803 0.695258
-1.449108 -0.051469 0.847235
-1.491249 -0.334808 0.696023
-1.283736 -0.250708 0.711378
-1.295065 -0.479279 0.626435
-1.105417 -0.433031 0.315301
-1.057153 -0.369463 0.028293
-0.930057 -0.074114 0.214901
-0.820545 0.057234 -0.041376
-0.664585 0.210929 0.063482
-0.445487 0.230343 -0.025919
-0.102419 0.222049 -0.031789
0.272055 0.127439 0.091244
0.564894 0.003992 -0.068664
0.623128 -0.056399 0.020890
0.753532 0.003537 -0.009229
-0.905293 -1.213696 0.289777
-0.840544 -1.420232 0.547044
-0.960066 -1.450116 0.381596
-0.955183 -1.457136 0.763287
-1.052613 -1.456104 0.241854
-1.083962 -1.329410 0.861336
-1.242461 -1.314686 0.089113
-1.257223 -1.117522 0.819707
-1.434207 -1.057768 -0.097464
-1.446213 -0.813490 0.904848
-1.642991 -0.810537 -0.322332
-1.622417 -0.439626 0.832958
-1.786413 -0.626295 -0.474801
-1.787359 -0.202385 0.884967
-1.731875 -0.563706 -0.239265
-1.773950 -0.172947 0.899505
-1.516330 -0.526847 -0.073924
-1.403109 -0.262869 0.952617
-1.349925 -0.602545 0.191509
-1.212124 -0.503649 0.886090
-1.203732 -0.629403 0.241975
-1.020609 -0.503467 0.690732
-1.008978 -0.481641 0.017227
-0.838901 -0.172375 0.407745
-0.751757 -0.008677 -0.103158
-0.610080 0.207282 0.212887
-0.392613 0.227280 0.024037
-0.014401 0.191881 0.094291
0.349921 0.121212 0.052014
0.611257 0.014882 -0.039062
0.693652 -0.021161 -0.019136
0.802681 0.022274 0.047171
-0.882612 -0.932775 0.305431
-0.816301 -1.176057 0.561804
-0.931903 -1.253701 0.180802
-0.904150 -1.249368 0.846166
-1.055566 -1.274450 0.128481
-1.020927 -1.193390 0.841570
-1.213251 -1.183433 0.058386
-1.198903 -1.034608 0.908039
-1.407002 -0.975746 -0.141863
-1.380213 -0.735166 0.926248
-1.581372 -0.735600 -0.419290
-1.537319 -0.385747 0.955521
-1.663366 -0.600524 -0.616910
-1.681051 -0.154746 1.017529
-1.675394 -0.454732 -0.567525
-1.623502 -0.042216 1.020440
-1.446019 -0.394534 0.080618
-1.373296 -0.107968 0.990939
-1.347502 -0.457491 0.248926
-1.192785 -0.350584 0.844461
-1.176532 -0.484417 0.152370
-0.971795 -0.412012 0.477428
-0.960407 -0.238609 -0.257758
-0.747774 -0.009140 0.303435
-0.625406 0.178940 -0.228140
-0.424236 0.284293 0.088155
-0.057872 0.267634 -0.058845
0.265483 0.191220 -0.072955
0.499846 0.140823 -0.020417
0.656537 0.032733 -0.162349
0.656430 0.024006 -0.051886
0.739683 0.132856 -0.181246
-0.880205 -1.114368 0.052775
-0.832444 -1.349252 0.358772
-0.870903 -1.416967 0.106128
-0.830697 -1.364996 0.756724
-0.896014 -1.383681 -0.022621
-0.846974 -1.231488 1.006324
-1.007572 -1.288404 -0.086376
-0.937006 -1.109667 0.976768
-1.148704 -1.114354 -0.104336
-1.129408 -0.875102 0.986502
-1.328469 -0.898961 -0.305564
-1.351603 -0.593857 0.927844
-1.478914 -0.740430 -0.525274
-1.424978 -0.387410 0.979477
-1.442968 -0.683482 -0.475575
-1.381285 -0.320720 0.883956
-1.351499 -0.627910 -0.350081
-1.244959 -0.346218 0.945919
-1.213155 -0.633527 0.014371
-1.036381 -0.460512 0.897209
-1.055807 -0.534288 0.017647
-0.835975 -0.331828 0.793337
-0.848726 -0.227186 -0.177844
-0.648973 0.034357 0.549514
-0.504994 0.175024 -0.166153
-0.213016 0.270195 0.234121
0.154634 0.190214 -0.041893
0.390885 0.165014 0.005840
0.575006 0.128648 0.008009
0.704532 0.082226 -0.086275
0.725760 0.071143 0.068594
0.824785 0.176851 -0.014921
-0.834236 -0.908291 0.008250
-0.813629 -1.033635 0.299421
-0.825573 -1.223822 -0.183376
-0.796416 -1.035750 0.748403
-0.858418 -1.157971 -0.049141
-0.774771 -0.978370 0.900107
-0.938245 -1.135898 -0.068901
-0.843454 -0.997444 1.006598
-1.047709 -1.073238 -0.087128
-0.971824 -0.892111 0.930895
-1.104354 -0.950379 -0.248721
-1.116686 -0.730151 0.986061
-1.255090 -0.812370 -0.345716
-1.181809 -0.532063 0.941022
-1.237677 -0.674179 -0.223343
-1.155567 -0.462250 0.897603
-1.193959 -0.579127 0.193711
-1.112605 -0.461729 0.811039
-1.064259 -0.504758 0.156381
-0.926382 -0.368048 0.825062
-0.947550 -0.308709 0.076696
-0.776023 -0.116740 0.610051
-0.732185 0.026677 -0.141742
-0.577423 0.193069 0.410648
-0.313578 0.271864 -0.216489
0.029478 0.266054 0.184782
0.371565 0.221014 -0.079165
0.524051 0.179836 -0.077094
0.643272 0.218403 -0.022409
0.744429 0.192037 -0.248908
0.723223 0.302176 -0.034023
0.812861 0.442076 -0.318909
-0.742517 -1.155577 -0.343027
-0.750383 -1.326970 -0.040213
-0.758804 -1.469467 -0.339178
-0.726693 -1.240580 0.481035
-0.755504 -1.470364 -0.485959
-0.661104 -1.083726 1.031705
-0.779879 -1.356654 -0.199354
-0.664769 -1.101144 1.139500
-0.810283 -1.313297 -0.216743
-0.746346 -1.051568 1.145313
-0.906085 -1.151510 -0.241245
-0.798704 -0.897708 1.022146
-0.882790 -1.016697 -0.373338
-0.854716 -0.752121 1.113518
-0.983334 -0.855491 -0.259568
-0.916539 -0.704742 1.037234
-0.953673 -0.768623 -0.043156
-0.875921 -0.661681 1.038973
-0.884576 -0.602807 -0.012071
-0.801414 -0.438320 0.981609
-0.792465 -0.283357 -0.059040
-0.678894 -0.035351 0.889647
-0.582742 0.093097 -0.067966
-0.383997 0.198669 0.500094
-0.097249 0.199535 -0.005314
0.192616 0.184760 0.133600
0.473203 0.148605 -0.078477
0.579641 0.169718 -0.088046
0.687078 0.233678 -0.015010
0.797107 0.301940 -0.177014
0.823518 0.361651 -0.010047
0.945981 0.455284 -0.138609
-0.680053 -0.977239 -0.342968
-0.696413 -1.046119 0.134391
-0.703677 -1.274185 -0.672899
-0.674239 -0.866462 0.889191
-0.768639 -1.147107 -0.411797
-0.626075 -0.772891 1.262117
-0.713961 -1.167937 -0.318189
-0.588367 -0.940807 1.478437
-0.777591 -1.136206 -0.029709
-0.638153 -0.958911 1.128262
-0.763408 -1.080105 -0.158236
-0.654744 -0.886127 1.239474
-0.865119 -0.951637 -0.210520
-0.734729 -0.670623 1.110730
-0.882277 -0.730461 -0.145208
-0.776420 -0.636479 1.172139
-0.884083 -0.661398 -0.055342
-0.757731 -0.545501 0.985495
-0.817342 -0.458701 -0.149347
-0.728147 -0.239095 0.851400
-0.723466 -0.110899 -0.140469
-0.631323 0.090275 0.645405
-0.433902 0.182913 -0.098073
-0.166670 0.202287 0.334603
0.249041 0.166186 -0.005552
0.474595 0.168094 -0.031901
0.617705 0.246659 -0.053667
0.660854 0.309297 -0.208998
0.717727 0.494039 -0.054946
0.749285 0.608571 -0.411273
0.706469 0.787177 -0.227320
0.801181 0.867419 -0.479548
-0.637529 -1.247978 -0.551828
-0.639418 -1.377781 -0.180702
-0.581420 -1.573821 -0.706619
-0.592283 -1.112844 0.422000
-0.596418 -1.545429 -0.908172
-0.523803 -0.943958 1.351083
-0.567051 -1.436492 -0.336662
-0.461046 -1.080458 1.459222
-0.602386 -1.422728 -0.297282
-0.442150 -1.085659 1.549430
-0.660081 -1.286201 -0.238554
-0.487474 -0.972323 1.269612
-0.665992 -1.134638 -0.397999
-0.508746 -0.741067 1.429376
-0.670564 -0.812650 -0.243468
-0.528884 -0.600855 1.316150
-0.668337 -0.655278 -0.227264
-0.554140 -0.484322 1.277010
-0.685416 -0.418930 -0.283200
-0.587160 -0.185472 1.048938
-0.607441 -0.080227 -0.139143
-0.471583 0.137158 0.595950
-0.209391 0.140581 0.038301
0.132197 0.114243 0.222196
0.463201 0.098325 0.119918
0.613183 0.134013 -0.085554
0.678862 0.223597 0.009721
0.687141 0.359468 -0.213243
0.734313 0.548568 -0.041334
0.751893 0.696618 -0.374476
0.782970 0.816806 -0.207932
0.861991 0.907091 -0.325267
-0.617389 -0.938579 -0.368770
-0.640445 -1.020547 0.044273
-0.571958 -1.197414 -0.704790
-0.580841 -0.754906 0.770085
-0.662431 -0.996915 -0.261335
-0.585432 -0.619555 1.174005
-0.630685 -0.994205 -0.168030
-0.498857 -0.767602 1.527709
-0.687377 -1.010909 0.048665
-0.523440 -0.752506 1.109075
-0.622269 -0.930624 -0.157154
-0.484754 -0.657950 1.236366
-0.661305 -0.819618 -0.113282
-0.531343 -0.464931 0.995447
-0.612134 -0.516893 -0.141630
-0.568122 -0.334505 1.006972
-0.655057 -0.421016 -0.173091
-0.581984 -0.234213 0.908505
-0.636779 -0.254568 -0.238066
-0.580012 -0.026589 0.802507
-0.457625 0.053501 -0.210171
-0.209250 0.168090 0.419237
0.260870 0.183384 0.019991
0.556484 0.145463 0.037087
0.674474 0.251087 0.033146
0.674745 0.465062 -0.207684
0.591547 0.711263 -0.170540
0.507138 0.809763 -0.385477
0.469994 1.012267 -0.365580
0.431371 1.129944 -0.561530
0.467299 1.306551 -0.509345
0.652113 1.342726 -0.609676
-0.591176 -1.173067 -0.502443
-0.559248 -1.258146 -0.237773
-0.485181 -1.427486 -0.585763
-0.505286 -1.036135 0.368638
-0.482121 -1.388645 -0.788462
-0.435659 -0.896985 1.220148
-0.498893 -1.240033 -0.300489
-0.338726 -0.915466 1.450138
-0.507425 -1.243855 -0.376976
-0.288309 -0.888091 1.677232
-0.471415 -1.032454 -0.294936
-0.308790 -0.745251 1.312562
-0.436127 -0.903177 -0.447844
-0.309111 -0.499888 1.417478
-0.423864 -0.543840 -0.381096
-0.353159 -0.293585 1.201155
-0.512285 -0.323004 -0.305634
-0.444542 -0.137792 1.068885
-0.525340 -0.171256 -0.275547
-0.441589 0.008830 0.767830
-0.300597 0.082403 -0.046253
0.027710 0.121069 0.354344
0.458618 0.091893 0.123898
0.637043 0.084564 0.058290
0.677154 0.154330 0.079992
0.719995 0.220907 -0.028100
0.683884 0.417695 -0.145844
0.620459 0.724719 -0.248469
0.552829 0.947699 -0.358902
0.559465 1.066633 -0.427343
0.564024 1.299872 -0.475616
0.725683 1.287344 -0.411640
-0.551304 -0.950477 -0.235362
-0.558284 -1.031671 0.012626
-0.478129 -1.122825 -0.555698
-0.456179 -0.798897 0.571774
-0.479647 -0.988195 -0.347100
-0.476748 -0.636904 1.010848
-0.503490 -0.930383 -0.355114
-0.412546 -0.614843 1.288990
-0.502937 -0.830256 -0.108025
-0.422033 -0.560042 0.917568
-0.398280 -0.692554 -0.277820
-0.346505 -0.444807 1.097229
-0.323506 -0.597817 -0.214006
-0.262546 -0.270031 0.884162
-0.254370 -0.358783 -0.296404
-0.254199 -0.169747 0.936283
-0.341587 -0.232306 -0.256786
-0.359266 -0.067663 0.811607
-0.383775 -0.101138 -0.177380
-0.276420 0.050475 0.515071
0.149451 0.133507 0.015924
0.492116 0.176688 0.150717
0.665827 0.320974 0.000287
0.688924 0.406451 -0.096543
0.646895 0.681977 -0.201982
0.551103 1.026730 -0.368720
0.415400 1.208516 -0.511575
0.404775 1.282977 -0.426298
0.397256 1.442081 -0.538020
0.402692 1.490823 -0.521170
0.441446 1.636050 -0.650975
0.620661 1.567765 -0.641815
-0.488294 -1.051236 -0.302178
-0.463353 -1.116766 -0.079848
-0.418923 -1.170114 -0.356285
-0.379649 -0.953312 0.361933
-0.346808 -1.107863 -0.484779
-0.319405 -0.791099 0.921755
-0.344758 -0.990474 -0.321435
-0.276729 -0.703271 1.169757
-0.383671 -0.936399 -0.479874
-0.240550 -0.610639 1.448823
-0.240349 -0.711959 -0.393801
-0.152484 -0.467524 1.128493
-0.093703 -0.572016 -0.453158
0.014961 -0.264068 1.142743
0.126931 -0.302997 -0.365735
0.110684 -0.092779 0.884722
0.009094 -0.121081 -0.225191
-0.055201 0.047910 0.642573
0.007841 0.004780 -0.125084
0.081312 0.115066 0.327614
0.421630 0.169042 0.122128
0.598374 0.185057 0.019668
0.732171 0.294102 -0.041848
0.763512 0.392903 -0.046180
0.753482 0.560587 -0.164236
0.758906 0.730214 -0.219122
0.691150 0.956423 -0.433020
0.642832 1.103810 -0.369724
0.612857 1.324912 -0.633187
0.595384 1.359558 -0.460915
0.626956 1.617143 -0.664727
0.683792 1.537692 -0.448958
-0.381099 -1.034626 -0.071457
-0.387727 -1.053773 0.141461
-0.333798 -1.061636 -0.323209
-0.278462 -0.865945 0.472410
-0.246164 -0.950884 -0.339204
-0.262489 -0.682897 0.761865
-0.268757 -0.850723 -0.430672
-0.255768 -0.541212 0.965380
-0.274005 -0.650467 -0.329472
-0.237071 -0.372434 0.734217
-0.105831 -0.473657 -0.459366
-0.076380 -0.224919 0.802093
0.109873 -0.306624 -0.371752
0.224528 -0.069076 0.601183
0.387075 -0.122777 -0.309854
0.323306 0.012921 0.539260
0.372731 -0.023064 -0.235269
0.336625 0.077938 0.394970
0.513805 0.103745 -0.141462
0.638033 0.203527 0.117141
0.812348 0.400934 -0.136401
0.876542 0.511903 -0.046462
0.830523 0.896274 -0.442581
0.748798 0.870823 -0.165903
0.686429 1.070033 -0.565999
0.630272 1.214982 -0.366561
0.600341 1.450661 -0.660580
0.638103 1.493912 -0.475520
0.670881 1.649482 -0.715813
0.647169 1.635003 -0.510749
0.668532 1.781970 -0.610000
0.744685 1.670353 -0.562210
-0.250623 -1.047188 -0.136514
-0.254213 -1.089483 0.043267
-0.211007 -1.054586 -0.200497
-0.126639 -0.957066 0.336507
-0.071790 -1.003654 -0.296979
-0.054487 -0.783816 0.703365
-0.044719 -0.862297 -0.327784
-0.058594 -0.600751 0.873533
-0.063076 -0.704260 -0.406163
-0.020817 -0.403953 0.949164
0.115726 -0.443733 -0.429314
0.201557 -0.228374 0.666953
0.358644 -0.234541 -0.359352
0.469822 -0.064590 0.549477
0.692825 -0.055871 -0.265506
0.670940 0.040830 0.313846
0.775525 0.065013 -0.195231
0.759904 0.142163 0.151554
0.908290 0.197113 -0.200783
0.989736 0.298813 0.017930
1.088466 0.436097 -0.273089
1.096776 0.454108 -0.072789
1.097801 0.629295 -0.459932
1.011588 0.749625 -0.082515
0.956060 0.952033 -0.543154
0.900575 1.108346 -0.325148
0.878858 1.280590 -0.629757
0.828578 1.329877 -0.450225
0.798202 1.473721 -0.674875
0.778069 1.518176 -0.478725
0.765631 1.676296 -0.633170
0.825836 1.583942 -0.457857
-0.059862 -1.015466 -0.023800
-0.123178 -1.039465 0.116253
-0.075049 -0.995572 -0.200817
-0.021517 -0.877497 0.309616
0.047855 -0.868633 -0.231012
0.046096 -0.674076 0.513057
0.092326 -0.710236 -0.311238
0.062170 -0.486077 0.663148
0.118205 -0.494193 -0.299362
0.159095 -0.294251 0.492362
0.328299 -0.292517 -0.310988
0.426506 -0.153595 0.376919
0.578442 -0.104363 -0.237288
0.721293 -0.030676 0.181050
0.894723 0.017129 -0.205744
0.998231 0.068425 0.111752
1.070476 0.126897 -0.209541
1.098110 0.223091 0.090488
1.157439 0.339928 -0.327369
1.191929 0.417451 0.058815
1.195452 0.585682 -0.439058
1.180667 0.762318 -0.069119
1.171127 0.932445 -0.644412
1.127399 0.978463 -0.173068
1.053262 1.102636 -0.620264
0.992210 1.204356 -0.311901
0.970933 1.396850 -0.706158
0.912769 1.454642 -0.460519
0.891785 1.592247 -0.690639
0.920116 1.666416 -0.482784
0.961597 1.810499 -0.694577
0.953507 1.733390 -0.545786
0.042520 -0.973990 -0.181280
-0.008082 -1.037505 -0.052666
0.022429 -0.972458 -0.187422
0.083918 -0.887039 0.120990
0.132156 -0.847651 -0.208009
0.169674 -0.707585 0.346777
0.267934 -0.679859 -0.199533
0.272020 -0.510476 0.410001
0.333647 -0.501364 -0.180194
0.364063 -0.325831 0.386747
0.518512 -0.271819 -0.121583
0.675376 -0.151233 0.128550
0.808932 -0.114497 -0.091341
0.976968 -0.032280 0.074432
1.093742 0.004035 -0.156905
1.256943 0.076183 -0.019012
1.277032 0.158839 -0.257395
1.329825 0.263941 0.084459
1.345281 0.370716 -0.384389
1.373981 0.447559 0.056373
1.300497 0.576455 -0.570538
1.283473 0.690108 0.010497
1.223297 0.814761 -0.628065
1.209465 0.873589 -0.126491
1.124883 0.975587 -0.641446
1.070162 1.087032 -0.280049
1.020828 1.219142 -0.628270
0.990893 1.309513 -0.376584
0.942653 1.439835 -0.689774
0.933485 1.513255 -0.401032
0.921511 1.624918 -0.593153
0.976889 1.629199 -0.386666
0.134220 -0.880832 -0.143957
0.075806 -0.929887 -0.066961
0.125680 -0.869896 -0.245171
0.147201 -0.769140 -0.013704
0.182737 -0.701841 -0.191083
0.214205 -0.585788 0.070908
0.309479 -0.520662 -0.150921
0.340573 -0.378218 0.209973
0.412601 -0.344190 -0.088098
0.472817 -0.224596 0.153189
0.617150 -0.177608 -0.044666
0.829627 -0.083185 0.042935
1.015782 -0.039967 -0.080760
1.236600 0.014189 -0.047407
1.318450 0.111460 -0.168827
1.434295 0.219299 -0.019376
1.483524 0.340356 -0.338908
1.567894 0.491969 0.027751
1.550925 0.600009 -0.479006
1.533245 0.705540 0.017307
1.483578 0.811287 -0.662080
1.438434 0.943685 -0.086785
1.381907 1.023196 -0.661282
1.339620 1.037156 -0.170797
1.307965 1.101227 -0.679493
1.266431 1.205473 -0.298779
1.220286 1.325530 -0.659380
1.141948 1.431965 -0.364398
1.107401 1.543576 -0.688743
1.090511 1.634978 -0.435476
1.057743 1.752383 -0.592116
1.018566 1.746942 -0.459193
0.211124 -0.885908 -0.301736
0.151778 -0.937934 -0.196120
0.175159 -0.882797 -0.299615
0.220112 -0.764110 -0.164183
0.212195 -0.669340 -0.238061
0.247648 -0.538087 -0.072026
0.291457 -0.430541 -0.118981
0.355342 -0.301765 0.011333
0.431464 -0.254939 -0.060389
0.519885 -0.165729 0.081280
0.697615 -0.124845 -0.023923
0.899134 -0.050167 -0.034041
1.106956 -0.046833 -0.025222
1.218414 0.002257 -0.061309
1.389978 0.028836 -0.132512
1.499020 0.168773 -0.065506
1.580176 0.298042 -0.232667
1.561602 0.424518 0.053486
1.603830 0.494648 -0.436487
1.552964 0.616842 -0.004417
1.525471 0.686451 -0.490621
1.414221 0.854137 -0.059399
1.418763 0.863972 -0.558100
1.318330 0.941389 -0.150192
1.298971 0.934818 -0.505526
1.223642 1.073025 -0.233596
1.227400 1.101303 -0.560991
1.098134 1.265009 -0.299741
1.088725 1.318035 -0.520841
1.082918 1.464284 -0.369239
1.063014 1.451849 -0.477712
1.068751 1.491881 -0.309102
0.191114 -0.804716 -0.245628
0.215135 -0.820974 -0.185283
0.239521 -0.761209 -0.343965
0.277338 -0.681606 -0.262084
0.264837 -0.547229 -0.224132
0.321798 -0.449003 -0.138150
0.343288 -0.307547 -0.099505
0.386519 -0.202155 0.054195
0.465781 -0.165816 -0.043443
0.546537 -0.076949 0.152740
0.776452 -0.013405 -0.053394
0.956138 0.069694 0.068807
1.164012 0.089485 -0.102071
1.292084 0.153692 -0.026616
1.388360 0.241154 -0.182723
1.481275 0.369853 -0.022321
1.540472 0.499405 -0.282621
1.654478 0.622714 -0.077530
1.661827 0.699202 -0.381698
1.688508 0.794598 -0.152344
1.626497 0.841679 -0.425600
1.620797 0.985735 -0.222458
1.567134 0.994207 -0.456194
1.521910 1.057692 -0.264336
1.455487 1.040869 -0.438200
1.419788 1.169158 -0.302942
1.375576 1.230323 -0.469116
1.314653 1.395441 -0.409633
1.231952 1.424555 -0.456772
1.197742 1.559838 -0.435165
1.077630 1.547495 -0.446853
0.988455 1.485674 -0.528921
0.269822 -0.766043 -0.115770
0.248229 -0.749405 -0.025120
0.316066 -0.744544 -0.175726
0.281445 -0.599188 -0.069085
0.269912 -0.499038 -0.123603
0.268395 -0.357578 -0.112056
0.259119 -0.204604 -0.060122
0.258059 -0.099990 -0.069347
0.303685 -0.078597 -0.005074
0.437205 -0.049063 0.079051
0.622457 -0.059822 0.010594
0.837418 0.048601 0.082576
1.039724 0.064033 -0.068792
1.152364 0.099478 0.036456
1.300618 0.160088 -0.092782
1.329531 0.300490 0.059914
1.437996 0.371940 -0.134925
1.463323 0.487887 0.071687
1.564731 0.555124 -0.204394
1.559091 0.690226 -0.009154
1.547189 0.731745 -0.212391
1.506288 0.854152 -0.035980
1.500288 0.872737 -0.249836
1.427364 0.961643 -0.102631
1.371042 0.922502 -0.232183
1.342467 1.006791 -0.120500
1.336631 1.041853 -0.280264
1.253872 1.189640 -0.186987
1.183605 1.209634 -0.298110
1.207425 1.318684 -0.242157
1.125314 1.273456 -0.350178
0.920401 1.213387 -0.301821
