1.299678 -0.015268 -0.259068
0.862075 -0.140851 -0.259224
1.018989 -0.113966 -0.257395
0.166614 0.223200 -0.328324
0.554130 -0.181215 -0.053630
1.363427 0.145408 -0.198422
0.336921 -0.001918 0.017388
0.256695 0.293776 -0.082193
1.520484 0.065732 -0.117177
-0.001196 0.334931 -0.074600
0.100695 0.131734 0.063400
0.556117 0.131848 -0.005787
0.010845 0.150678 -0.027565
1.066147 -0.105703 -0.147345
0.116517 0.219345 -0.099807
1.538086 -0.037833 -0.257305
0.527927 -0.149074 -0.347107
1.308489 -0.093136 -0.264349
-0.234492 0.240684 -0.148357
-0.303146 0.130178 -0.390992
1.175182 -0.064938 -0.114938
1.144029 0.189472 -0.163632
1.152894 0.108158 -0.277541
-0.057086 0.042908 -0.476290
0.115961 -0.081862 0.038738
1.166172 -0.073859 -0.120424
-0.106235 0.343539 -0.140052
1.108707 0.005815 -0.059841
-0.510768 0.326285 -0.187563
0.638974 -0.229488 -0.284392
-0.644333 0.062772 -0.498761
0.295326 -0.051796 -0.423181
0.844225 0.195164 -0.348492
0.628636 -0.094713 -0.370102
1.217635 0.049279 -0.288448
1.306721 0.096332 -0.229426
1.509116 -0.073069 -0.217960
0.524894 0.132972 -0.403233
1.149783 0.038155 -0.195348
0.056739 0.197885 -0.387665
-0.116098 0.176579 -0.003353
0.236704 0.190618 0.006370
0.212666 -0.190746 0.030360
-0.090764 -0.077622 -0.449583
-0.197793 -0.023874 -0.394747
-0.030069 -0.243685 -0.351628
-0.452234 -0.201780 -0.049326
1.282642 0.004602 -0.180389
-0.139740 0.199469 -0.416906
1.440440 -0.044718 -0.107226
1.589347 -0.050016 -0.221975
0.595687 0.188410 -0.256233
0.365691 0.212382 -0.005192
-0.082209 0.011054 0.037289
0.043603 -0.120026 0.046850
1.399265 -0.029174 -0.125906
1.605635 -0.036487 -0.317104
0.544913 0.251821 -0.116115
-0.759320 0.207594 -0.412920
1.355610 0.023325 -0.209174
-0.514690 -0.020456 -0.433400
-0.028275 0.193980 -0.257464
-0.397320 -0.314102 -0.210526
0.203343 -0.291482 -0.134728
-0.260279 -0.220588 -0.293487
0.458618 -0.022134 -0.408942
-0.326334 0.141178 -0.035107
0.333959 -0.074375 0.032051
0.082946 0.263732 -0.180352
-0.246822 0.004946 0.074386
1.123651 0.158443 -0.151261
1.106877 0.050969 -0.275041
-0.371453 -0.001469 0.045433
1.298955 -0.013930 -0.101080
1.318934 0.068077 -0.252653
0.455188 -0.132655 -0.294514
1.085239 0.036613 -0.072491
0.284638 -0.192997 -0.374961
0.474883 -0.127392 0.005913
0.348891 0.255160 -0.068874
0.217187 -0.283938 -0.264549
-0.388933 -0.176224 0.009843
1.604345 0.035060 -0.264635
-0.590212 -0.039329 0.086163
0.452329 -0.214963 -0.308411
0.093733 -0.091342 -0.450890
0.736918 -0.175044 -0.239110
1.141445 -0.086298 -0.271009
-0.288122 0.296255 -0.118740
1.378766 -0.047971 -0.256863
-0.399469 -0.112498 0.079097
1.306133 -0.108656 -0.191045
0.070154 -0.003449 -0.041078
-0.187298 -0.020225 0.051820
1.356343 0.039259 -0.196751
1.413263 0.034682 -0.174671
-0.078312 -0.280743 -0.121018
0.667890 0.017861 -0.353235
0.768043 -0.173230 -0.153674
-0.257188 -0.144247 -0.458693
-0.364053 0.089855 0.016817
-0.071230 0.318957 -0.067686
1.099049 -0.033094 -0.289208
0.158995 -0.078161 0.026132
0.422040 -0.049286 -0.402847
0.716470 0.157133 -0.293365
-0.405180 0.260628 -0.077588
0.017209 0.269443 -0.291437
0.599553 -0.010079 -0.021132
0.271747 0.031851 -0.437096
-0.599042 0.274416 0.034595
0.139942 -0.137996 -0.395006
1.126005 -0.078289 -0.028626
0.762062 0.101258 -0.049869
1.372792 -0.089740 -0.269386
-0.795429 -0.112910 -0.474188
-0.050810 -0.163441 0.065799
1.043836 0.016290 -0.295427
1.094378 0.042707 -0.314593
-0.425351 0.247946 -0.292591
0.775756 -0.176003 -0.147778
0.379247 -0.203254 -0.058425
-0.022606 0.013942 -0.375293
0.814616 0.147480 -0.130864
0.780690 0.057127 -0.222801
0.967517 0.152808 -0.180483
0.686336 -0.019770 -0.324502
0.579811 0.182803 -0.122265
0.908618 -0.153008 -0.262733
-0.426960 -0.037459 -0.438136
1.086486 0.196654 -0.225604
0.032802 -0.234391 -0.361221
-0.167003 0.259042 -0.314390
1.208093 0.173878 -0.252663
-0.361741 -0.080216 -0.497551
0.877526 -0.057452 0.031983
1.007928 0.128742 -0.122624
-0.108564 0.229499 -0.018700
-0.353451 -0.177314 -0.426557
0.154366 0.254264 -0.280201
0.789321 -0.022698 -0.176360
-0.312634 0.244928 -0.329554
-0.242791 -0.101982 0.100594
0.011323 0.102708 -0.386023
0.756503 0.018647 -0.058508
0.984208 -0.116161 -0.114997
-0.476156 -0.132859 -0.366989
-0.095431 -0.105308 0.114107
-0.505560 0.280299 -0.100203
0.306659 0.306105 -0.211604
1.372588 0.013828 -0.175020
1.315748 0.127027 -0.234576
0.507060 0.033432 -0.309511
0.006516 0.056239 -0.387260
-0.138253 0.007701 -0.497128
0.256345 0.033488 0.046089
0.603928 0.172620 0.009902
-0.394097 0.280397 -0.202939
1.606240 -0.020400 -0.228823
-0.083951 0.079959 0.056429
-0.762705 -0.219456 -0.448074
1.399324 0.012953 -0.269557
1.371543 0.068703 -0.208559
0.493582 0.050415 -0.011280
0.366284 0.169979 -0.352025
1.125713 0.144421 -0.224108
1.046278 -0.081204 -0.237563
0.144457 0.175516 -0.330930
1.135904 0.137813 -0.111348
-0.106925 -0.202516 -0.408419
1.237151 0.142380 -0.207292
-0.175529 0.125511 0.027265
-0.058993 -0.029194 0.036272
0.634100 0.265466 -0.135947
0.932383 0.055294 -0.344809
0.239368 0.265196 -0.119167
1.293369 0.105263 -0.157417
1.262437 -0.007417 -0.213299
0.034385 -0.323346 -0.171502
0.766844 -0.077919 -0.029462
1.431076 0.117872 -0.147145
-0.088245 0.294091 -0.243782
0.551306 0.266044 -0.160014
1.459847 0.050817 -0.215057
0.398876 -0.079818 -0.014582
0.873055 -0.170364 -0.229087
1.598310 0.104927 -0.263904
-0.464749 0.151917 -0.390240
1.073822 -0.099045 -0.058499
0.072958 0.119463 -0.450026
-0.129517 0.153718 -0.462043
0.694566 0.135296 -0.283998
1.076072 -0.104344 -0.346991
0.207363 0.229861 -0.413483
-0.593626 0.086005 0.044283
0.649173 0.044889 0.018572
1.235550 -0.090611 -0.267490
0.546240 -0.283480 -0.178879
-0.087384 -0.282609 -0.240272
1.466570 0.046178 -0.314143
1.514829 0.098853 -0.229300
0.066763 0.317806 -0.224888
1.248143 0.113946 -0.180634
0.014810 0.067535 0.065184
1.341614 -0.055869 -0.290081
1.231358 0.057409 -0.193967
-0.356763 0.133707 -0.417489
1.022238 0.102132 -0.094700
-0.192428 -0.154105 0.052578
1.501315 -0.043588 -0.285156
0.902163 0.241925 -0.230648
0.860319 0.215033 -0.111156
0.858035 0.218247 -0.263420
1.038470 0.107373 -0.135788
-0.381892 0.213595 -0.071274
-0.297237 -0.232335 -0.380368
-0.210362 0.131465 -0.290333
0.793257 0.067787 -0.364397
-0.189503 0.025485 -0.471867
1.443791 0.157355 -0.181197
-0.351625 0.036960 -0.470053
-0.232140 0.263173 -0.078013
-0.674295 -0.014560 -0.502438
-0.063337 -0.261962 -0.031294
-0.426304 0.018269 0.111005
1.144566 -0.061203 -0.141533
0.038386 -0.302226 -0.264036
-0.712551 -0.115435 -0.489781
1.273466 0.000517 -0.109541
0.166014 -0.196189 -0.335875
1.201980 0.153762 -0.128000
1.187423 0.005591 -0.305552
-0.581836 -0.258218 -0.269413
-0.342049 -0.105202 -0.429933
0.005016 -0.161635 -0.419726
0.913365 -0.035603 -0.333174
-0.206420 -0.237046 -0.122473
0.029205 0.242388 -0.001564
-0.495275 -0.135363 -0.292353
-0.336543 0.151095 -0.233666
0.229975 0.152640 -0.394075
-0.198801 -0.248216 -0.031943
0.313275 -0.278032 -0.227428
1.555692 0.144528 -0.103314
-0.607592 -0.211292 -0.428348
0.356404 0.114783 -0.029587
-0.444309 0.244613 0.034397
1.170444 -0.103656 -0.227100
-0.009955 -0.193568 -0.334090
-0.510270 -0.293325 -0.355862
-0.462003 -0.232126 -0.355066
1.118149 -0.177310 -0.218780
-0.327511 -0.266858 -0.236727
-0.189366 0.272917 -0.100494
0.438837 0.226936 -0.242066
-0.033125 -0.167766 0.018626
-0.804284 -0.303760 -0.228430
-0.845738 -0.317667 0.063505
-0.812721 -0.282080 -0.319212
-0.808646 -0.301364 0.270851
-0.869022 -0.355375 -0.278231
-0.940311 -0.328305 0.280177
-0.987633 -0.388134 -0.444447
-0.963867 -0.314348 0.429407
-1.083991 -0.391820 -0.430846
-1.097547 -0.312112 0.430780
-1.143732 -0.346171 -0.517428
-1.156616 -0.198117 0.534152
-1.240783 -0.243644 -0.524723
-1.252022 -0.089662 0.490977
-1.188048 -0.102129 -0.591934
-1.196281 0.094574 0.507355
-1.121142 0.010122 -0.668219
-1.103819 0.211704 0.433324
-1.059077 0.036754 -0.779623
-1.100348 0.234611 0.547389
-1.107352 0.161746 -0.674538
-1.098065 0.394142 0.417991
-0.961016 0.356964 -0.567802
-0.963147 0.447799 0.227376
-0.880361 0.462222 -0.337400
-0.904060 0.454863 -0.037940
-0.831717 0.268168 -0.321773
-0.819649 0.166561 0.099142
-0.796935 0.007035 -0.289275
-0.816514 -0.029366 0.098603
-0.719397 -0.012366 -0.330030
-0.609748 0.128413 -0.007128
-0.856810 -0.373277 -0.241068
-0.897280 -0.436549 -0.024865
-1.015185 -0.479134 -0.154473
-1.005238 -0.479915 0.147442
-1.025423 -0.516999 -0.295357
-1.058641 -0.435566 0.315265
-1.151013 -0.526388 -0.201543
-1.176936 -0.447361 0.305417
-1.206217 -0.493017 -0.315405
-1.250861 -0.357420 0.400721
-1.327391 -0.467385 -0.278250
-1.416111 -0.289313 0.343566
-1.418561 -0.386519 -0.411729
-1.455981 -0.139727 0.364222
-1.430022 -0.261373 -0.388535
-1.497135 0.003905 0.262620
-1.323454 -0.198680 -0.471315
-1.427963 0.080335 0.340106
-1.318144 -0.163267 -0.543437
-1.379372 0.110184 0.355374
-1.277758 -0.059863 -0.615451
-1.320805 0.189499 0.371665
-1.193964 0.197911 -0.571841
-1.154541 0.434657 0.102902
-0.954106 0.369296 -0.482602
-0.952287 0.317228 0.079480
-0.934868 0.133431 -0.250524
-0.922643 0.012118 -0.035176
-0.875779 -0.162832 -0.393315
-0.906711 -0.178213 0.064742
-0.909711 -0.293491 -0.191386
-0.730569 -0.120650 -0.005180
-0.992138 -0.287626 -0.050456
-0.997231 -0.363312 -0.012978
-1.109368 -0.425475 -0.160603
-1.104609 -0.418552 0.112466
-1.228034 -0.487852 -0.036083
-1.267464 -0.459292 -0.009569
-1.390642 -0.454045 -0.098400
-1.376904 -0.416510 0.035656
-1.472555 -0.351567 0.003794
-1.469261 -0.302895 -0.074278
-1.527964 -0.258969 -0.095536
-1.583468 -0.191506 0.005723
-1.693662 -0.152749 0.011813
-1.809115 -0.060246 -0.043772
-1.980825 -0.017231 -0.016403
-2.079299 0.045799 0.012001
-2.070136 0.067210 -0.023662
-1.919128 0.140085 -0.104810
-1.753322 0.164286 -0.100610
-1.627437 0.286478 -0.006064
-1.544734 0.316940 -0.092364
-1.457314 0.459090 -0.043435
-1.372140 0.478994 -0.211043
-1.300779 0.615077 -0.078854
-1.248556 0.605073 -0.150720
-1.098083 0.590655 -0.205299
-1.034621 0.458517 -0.319139
-0.935764 0.366822 -0.096611
-0.909577 0.178682 -0.213320
-0.822011 0.085848 -0.166107
-0.812258 0.012072 -0.271495
-0.708232 0.135804 -0.204954
-0.923940 -0.377737 -0.157565
-0.986102 -0.485079 -0.092913
-1.099346 -0.547726 -0.129983
-1.135953 -0.538465 -0.002178
-1.194573 -0.568487 -0.183301
-1.258754 -0.520982 0.150858
-1.369981 -0.537275 -0.143417
-1.383261 -0.509685 0.098346
-1.430519 -0.432028 -0.218661
-1.430079 -0.391275 0.190753
-1.499018 -0.364897 -0.126890
-1.547711 -0.314475 0.119917
-1.595960 -0.273180 -0.195423
-1.654603 -0.166236 0.088259
-1.745856 -0.142208 -0.045560
-1.803965 -0.073532 0.003778
-1.792569 -0.070605 -0.055298
-1.765301 0.002916 0.100791
-1.675538 0.005927 -0.108224
-1.572930 0.126413 0.069070
-1.474826 0.187479 -0.261953
-1.421209 0.315599 0.160386
-1.352042 0.365039 -0.262882
-1.260813 0.511889 0.009554
-1.084105 0.519813 -0.369237
-1.010742 0.501146 0.056265
-0.894752 0.360104 -0.237947
-0.892740 0.263225 -0.035539
-0.827240 0.119209 -0.387900
-0.847864 0.110855 0.091790
-0.809312 0.016601 -0.179491
-0.661220 0.130131 0.051501
-0.918256 -0.354636 -0.013652
-0.956432 -0.424947 -0.082608
-1.031273 -0.479120 -0.193242
-1.068280 -0.494868 -0.012701
-1.162637 -0.546713 -0.203415
-1.200923 -0.539855 0.005297
-1.325505 -0.494906 -0.251134
-1.326133 -0.485843 0.133120
-1.442454 -0.412534 -0.302967
-1.408021 -0.395988 0.168083
-1.551979 -0.312277 -0.336160
-1.506653 -0.223509 0.209631
-1.650479 -0.160951 -0.235926
-1.664838 -0.090442 0.116350
-1.784110 -0.027489 -0.205061
-1.795997 -0.004874 0.088400
-1.826837 0.071669 -0.189940
-1.729435 0.090234 0.056453
-1.676292 0.226075 -0.193011
-1.575167 0.295332 0.109734
-1.532164 0.387397 -0.112025
-1.449599 0.460800 0.064744
-1.403545 0.529428 -0.119459
-1.347716 0.628508 -0.011669
-1.256142 0.656682 -0.067356
-1.166943 0.651374 -0.124765
-1.043839 0.564172 -0.153576
-0.931498 0.504034 -0.128235
-0.840201 0.386608 -0.116083
-0.759009 0.288269 -0.096901
-0.710667 0.218621 -0.161686
-0.609719 0.259059 -0.050168
-0.857052 -0.409549 -0.173815
-0.904407 -0.496561 -0.206707
-0.979952 -0.538390 -0.187953
-1.033332 -0.541129 -0.142945
-1.051157 -0.560310 -0.317277
-1.131863 -0.525903 0.067437
-1.229041 -0.539460 -0.374399
-1.229389 -0.502127 0.184428
-1.350327 -0.488510 -0.466661
-1.326763 -0.430802 0.328272
-1.460806 -0.409274 -0.440762
-1.409197 -0.304340 0.367632
-1.521711 -0.275289 -0.436442
-1.472932 -0.173417 0.261753
-1.580514 -0.159459 -0.373829
-1.591714 -0.090650 0.193626
-1.640025 -0.025688 -0.314117
-1.588019 0.057698 0.213261
-1.541817 0.151839 -0.358968
-1.457797 0.244759 0.236019
-1.401288 0.318105 -0.319323
-1.372009 0.422770 0.239479
-1.309718 0.478605 -0.279365
-1.235631 0.573582 0.118392
-1.113200 0.589124 -0.274364
-1.049950 0.580256 0.109395
-0.957747 0.504657 -0.145912
-0.878934 0.434075 -0.020427
-0.765819 0.357970 -0.242406
-0.721860 0.300154 0.055671
-0.690437 0.265588 -0.070674
-0.575804 0.267026 0.020002
-0.830227 -0.305443 -0.082260
-0.887210 -0.351983 -0.114636
-0.910808 -0.402733 -0.322169
-0.896505 -0.411456 -0.103536
-0.922009 -0.466520 -0.439387
-0.962092 -0.438321 0.046182
-1.109637 -0.450475 -0.511987
-1.134911 -0.375234 0.271845
-1.269122 -0.383885 -0.527594
-1.250320 -0.338731 0.373565
-1.352707 -0.340582 -0.562866
-1.292100 -0.257070 0.429184
-1.418082 -0.242181 -0.531665
-1.373477 -0.140612 0.383076
-1.453341 -0.124975 -0.479994
-1.445721 -0.034592 0.307171
-1.530229 0.062897 -0.449581
-1.492860 0.150333 0.296662
-1.484269 0.256609 -0.441706
-1.428372 0.327533 0.303077
-1.391823 0.394223 -0.376962
-1.309872 0.479279 0.276147
-1.271959 0.504067 -0.291499
-1.231544 0.596879 0.182798
-1.162933 0.617584 -0.195643
-1.055252 0.630390 -0.012776
-0.950915 0.540090 -0.236095
-0.861928 0.510184 -0.048002
-0.779999 0.434690 -0.133619
-0.666009 0.366359 -0.143247
-0.639519 0.342124 -0.164019
-0.580790 0.317613 -0.159502
-0.720773 -0.363804 -0.320277
-0.754772 -0.399101 -0.282728
-0.799157 -0.434149 -0.338711
-0.816880 -0.420734 -0.211602
-0.777849 -0.437393 -0.512268
-0.826563 -0.396054 0.007636
-0.926328 -0.473487 -0.594213
-1.008434 -0.367937 0.263805
-1.091459 -0.407049 -0.604030
-1.128739 -0.325206 0.400321
-1.184461 -0.356152 -0.610889
-1.202827 -0.269968 0.530688
-1.295802 -0.314325 -0.585209
-1.296745 -0.195557 0.556006
-1.358413 -0.204308 -0.638199
-1.311684 -0.090402 0.508661
-1.371454 -0.003780 -0.601520
-1.327522 0.124881 0.537188
-1.347821 0.205377 -0.574916
-1.296327 0.288464 0.479080
-1.264371 0.313267 -0.501890
-1.229504 0.406196 0.388563
-1.190252 0.406641 -0.391886
-1.156393 0.486745 0.220077
-1.033240 0.516124 -0.386591
-1.000857 0.518467 0.198054
-0.912377 0.452882 -0.255283
-0.874386 0.424265 0.023954
-0.731987 0.396978 -0.284961
-0.674633 0.346328 0.004603
-0.618807 0.352649 -0.081058
-0.549541 0.307518 0.025805
-0.728366 -0.285674 -0.234641
-0.788818 -0.269599 -0.203202
-0.814706 -0.303134 -0.425734
-0.813105 -0.278210 -0.195093
-0.867338 -0.349980 -0.452000
-0.863562 -0.300267 -0.087456
-0.953130 -0.371778 -0.543752
-0.947833 -0.269823 0.133182
-0.961616 -0.311691 -0.551425
-0.996099 -0.216749 0.309541
-1.075941 -0.246602 -0.565291
-1.134441 -0.191756 0.398650
-1.246288 -0.204081 -0.600463
-1.273519 -0.120527 0.533987
-1.327779 -0.101843 -0.654754
-1.311569 0.012346 0.697701
-1.330549 0.093283 -0.648499
-1.247054 0.187553 0.614206
-1.261260 0.245873 -0.613777
-1.201014 0.314643 0.540921
-1.203433 0.328397 -0.520719
-1.146345 0.421216 0.375309
-1.111275 0.422910 -0.439967
-1.082293 0.492853 0.229360
-1.040414 0.488634 -0.299460
-0.945632 0.531666 0.030654
-0.822463 0.467794 -0.324313
-0.707471 0.460231 -0.137315
-0.615547 0.428695 -0.198574
-0.563706 0.344338 -0.225185
-0.567295 0.340934 -0.188960
-0.525189 0.261808 -0.235830
-0.671120 -0.344104 -0.415931
-0.675012 -0.359552 -0.387185
-0.695711 -0.385580 -0.440525
-0.728207 -0.322432 -0.266538
-0.735020 -0.367121 -0.562046
-0.743363 -0.284060 -0.134781
-0.793675 -0.375389 -0.602539
-0.815983 -0.269919 0.123753
-0.870968 -0.345754 -0.625054
-0.902458 -0.209955 0.305406
-0.927022 -0.275423 -0.613974
-0.969394 -0.190917 0.421872
-1.074675 -0.242004 -0.612416
-1.086141 -0.143688 0.543891
-1.162478 -0.171842 -0.671713
-1.171044 -0.040657 0.643892
-1.214388 0.001621 -0.687363
-1.191704 0.117769 0.704120
-1.186686 0.150127 -0.622849
-1.098199 0.246204 0.523579
-1.028197 0.270204 -0.603255
-0.979674 0.342001 0.423978
-0.997227 0.324545 -0.460823
-0.967230 0.383029 0.277087
-0.925058 0.371404 -0.447543
-0.865317 0.403041 0.191879
-0.806692 0.353002 -0.349505
-0.758218 0.395293 -0.034751
-0.658005 0.359757 -0.365145
-0.598716 0.317034 -0.085510
-0.564871 0.325303 -0.180175
-0.503684 0.267432 -0.017743
-0.727412 -0.300045 -0.313036
-0.755229 -0.294343 -0.250021
-0.750226 -0.328542 -0.517393
-0.716735 -0.266216 -0.164555
-0.743944 -0.307196 -0.435586
-0.705521 -0.228236 -0.216736
-0.763194 -0.295572 -0.498245
-0.726013 -0.213169 -0.037000
-0.786399 -0.234111 -0.462260
-0.823370 -0.149533 0.091835
-0.892816 -0.128031 -0.491256
-0.882200 -0.107977 0.209937
-0.980135 -0.081889 -0.535981
-0.984857 -0.056121 0.370873
-1.056441 -0.057911 -0.590182
-1.058032 0.031373 0.534343
-1.098056 0.041154 -0.558983
-1.083063 0.131327 0.492992
-1.075592 0.171501 -0.571745
-1.012041 0.260222 0.448973
-0.982283 0.331923 -0.486598
-0.891953 0.374000 0.236503
-0.873383 0.357792 -0.431429
-0.820204 0.394066 0.164591
-0.817064 0.390869 -0.364023
-0.675420 0.408027 0.021778
-0.643376 0.392636 -0.360807
-0.548049 0.428725 -0.142618
-0.535340 0.408605 -0.231924
-0.499247 0.337775 -0.296087
-0.484538 0.326547 -0.204353
-0.452616 0.268371 -0.238817
-0.675789 -0.353395 -0.477267
-0.632717 -0.358577 -0.401207
-0.637756 -0.387228 -0.469970
-0.627213 -0.315958 -0.261141
-0.615650 -0.362703 -0.568559
-0.571734 -0.245091 -0.184441
-0.606048 -0.326232 -0.498479
-0.611307 -0.263016 -0.066494
-0.657069 -0.261874 -0.523382
-0.692839 -0.140937 0.109730
-0.748176 -0.119729 -0.469943
-0.767407 -0.074822 0.165851
-0.827274 -0.072428 -0.514482
-0.843850 -0.022942 0.311369
-0.882721 -0.065286 -0.609209
-0.913724 0.028219 0.420242
-0.897103 -0.010686 -0.623216
-0.932118 0.098444 0.516374
-0.944141 0.089665 -0.583506
-0.927731 0.206827 0.392186
-0.887657 0.241539 -0.534453
-0.868534 0.298761 0.314820
-0.841919 0.257382 -0.380051
-0.827075 0.284800 0.133323
-0.795270 0.307090 -0.422186
-0.733126 0.330422 0.174785
-0.694112 0.310878 -0.368303
-0.576560 0.363960 0.064169
-0.523252 0.368843 -0.335577
-0.493973 0.337165 0.005615
-0.491517 0.311084 -0.112236
-0.416073 0.273323 -0.009428
-0.726129 -0.293803 -0.277347
-0.735591 -0.307441 -0.227268
-0.696539 -0.316680 -0.433159
-0.619146 -0.267021 -0.150461
-0.606856 -0.300455 -0.336310
-0.545370 -0.206143 -0.262956
-0.568781 -0.232357 -0.432703
-0.524743 -0.177707 -0.133025
-0.585202 -0.148857 -0.423551
-0.605260 -0.088598 0.007088
-0.648267 -0.020749 -0.437328
-0.674543 0.002236 0.096689
-0.736988 0.037216 -0.467820
-0.734500 0.037367 0.173793
-0.747874 0.021315 -0.504359
-0.778519 0.074234 0.285240
-0.793237 0.064443 -0.492909
-0.802924 0.113809 0.311811
-0.801983 0.159631 -0.528757
-0.815495 0.204557 0.342273
-0.844847 0.260964 -0.425292
-0.786096 0.284308 0.127805
-0.764340 0.308807 -0.367564
-0.741662 0.278770 0.035610
-0.747604 0.299951 -0.289121
-0.646096 0.316421 -0.025253
-0.619492 0.364628 -0.286458
-0.515988 0.386065 -0.101138
-0.464645 0.412854 -0.187560
-0.419421 0.344356 -0.180348
-0.418044 0.316149 -0.135490
-0.349644 0.293860 -0.201412
-0.662433 -0.301670 -0.414700
-0.644360 -0.333916 -0.328981
-0.594729 -0.330043 -0.323949
-0.539573 -0.299606 -0.218490
-0.498899 -0.322293 -0.423062
-0.448365 -0.226931 -0.164097
-0.433529 -0.268322 -0.381556
-0.425231 -0.205989 -0.125517
-0.426673 -0.186911 -0.467600
-0.452782 -0.079687 0.007744
-0.496379 -0.053101 -0.409066
-0.513932 0.025729 0.034700
-0.568998 0.013996 -0.409771
-0.600963 0.063967 0.108817
-0.599729 -0.002804 -0.487371
-0.642058 0.060357 0.204763
-0.634432 -0.013522 -0.577317
-0.668169 0.102272 0.332388
-0.681947 0.060813 -0.601544
-0.694074 0.142611 0.301774
-0.708503 0.151659 -0.561762
-0.704275 0.207359 0.298498
-0.721549 0.189602 -0.405716
-0.673159 0.210974 0.107106
-0.653862 0.237846 -0.422380
-0.560677 0.278978 0.058020
-0.505615 0.330118 -0.373613
-0.435605 0.372060 -0.014059
-0.392337 0.394223 -0.317800
-0.365729 0.319593 -0.028122
-0.379818 0.289139 -0.079807
-0.290104 0.262082 -0.010261
-0.623312 -0.222045 -0.224199
-0.702060 -0.222930 -0.109642
-0.613202 -0.237300 -0.362181
-0.519377 -0.225649 -0.057042
-0.445762 -0.248850 -0.245991
-0.438951 -0.173222 -0.111840
-0.425081 -0.173965 -0.361665
-0.387448 -0.109246 -0.091909
-0.376065 -0.092985 -0.388980
-0.348775 -0.046555 -0.073909
-0.302916 -0.027009 -0.391656
-0.265354 0.029132 0.006084
-0.312883 0.043710 -0.413806
-0.378782 0.081681 0.010628
-0.454453 0.054992 -0.448064
-0.503016 0.108241 0.080768
-0.546374 0.069656 -0.465978
-0.564341 0.108126 0.109617
-0.587026 0.135225 -0.538860
-0.578710 0.158032 0.173077
-0.623553 0.204186 -0.483749
-0.599739 0.199032 0.071681
-0.590277 0.245029 -0.431152
-0.535799 0.242963 0.043385
-0.513745 0.308276 -0.384988
-0.425923 0.315610 -0.027782
-0.386566 0.390412 -0.373113
-0.325947 0.398160 -0.096775
-0.306221 0.416466 -0.239303
-0.252120 0.346758 -0.139786
-0.254214 0.307810 -0.109551
-0.210663 0.265377 -0.200332
-0.433969 -0.245817 -0.414704
-0.474554 -0.237989 -0.269561
-0.426588 -0.276885 -0.344560
-0.409994 -0.235360 -0.173415
-0.357126 -0.264720 -0.372035
-0.369105 -0.162351 -0.065601
-0.337227 -0.185830 -0.356300
-0.310622 -0.110494 -0.080473
-0.261688 -0.112551 -0.437301
-0.186731 -0.055124 -0.087522
-0.106500 -0.084930 -0.399572
-0.035295 -0.052090 -0.097062
-0.047888 -0.021448 -0.425583
-0.092490 0.019115 -0.052704
-0.176057 0.028949 -0.439022
-0.287559 0.059586 -0.038972
-0.360610 0.041652 -0.534017
-0.402234 0.090599 0.105429
-0.387156 0.096935 -0.578895
-0.427852 0.129100 0.134129
-0.435952 0.157484 -0.566487
-0.465123 0.204881 0.127693
-0.445544 0.212796 -0.460492
-0.421432 0.226751 0.091061
-0.387458 0.277904 -0.462944
-0.348565 0.311480 0.030567
-0.309862 0.378731 -0.395346
-0.278795 0.381982 0.025491
-0.266514 0.387383 -0.356157
-0.237753 0.309305 -0.015383
-0.239036 0.283286 -0.169374
-0.178219 0.252612 -0.024495
-0.426219 -0.167958 -0.226519
-0.468060 -0.130406 -0.116575
-0.349065 -0.166317 -0.369882
-0.301714 -0.140730 -0.092148
-0.246365 -0.178424 -0.212854
-0.288969 -0.118049 -0.125138
-0.277332 -0.103715 -0.253117
-0.241236 -0.050590 -0.016234
-0.186054 -0.043702 -0.377803
-0.091605 -0.031445 -0.073474
0.031534 -0.052448 -0.396007
0.106679 -0.045680 -0.050519
0.129251 -0.003713 -0.383964
0.056050 0.015852 -0.073425
-0.011973 0.086789 -0.405897
-0.123538 0.091374 0.009360
-0.201280 0.114391 -0.442153
-0.260552 0.110792 0.051483
-0.274803 0.163091 -0.551861
-0.294100 0.177793 0.087006
-0.318579 0.221648 -0.504668
-0.321213 0.219498 0.030036
-0.328112 0.244425 -0.453733
-0.282805 0.249828 0.069570
-0.265544 0.323038 -0.387165
-0.214048 0.318898 -0.006080
-0.225407 0.379477 -0.343198
-0.190545 0.376982 -0.041273
-0.209965 0.395225 -0.284113
-0.170482 0.330471 -0.085737
-0.153154 0.316880 -0.130237
-0.105909 0.286098 -0.143788
-0.282697 -0.187655 -0.391686
-0.245701 -0.192354 -0.280781
-0.171297 -0.232292 -0.304090
-0.111523 -0.198028 -0.267514
-0.082018 -0.177920 -0.199513
-0.115518 -0.125717 -0.201978
-0.116644 -0.085239 -0.140035
-0.100709 -0.076247 -0.114249
-0.052589 -0.096180 -0.308165
0.017276 -0.072003 -0.085178
0.161925 -0.125614 -0.356398
0.244080 -0.084306 -0.113450
0.330095 -0.052693 -0.336018
0.315630 0.017439 -0.084059
0.276405 0.088099 -0.349700
0.191387 0.097335 -0.057430
0.138918 0.101262 -0.410940
0.064205 0.130201 0.025082
0.042193 0.167987 -0.502448
0.009580 0.195347 0.007952
-0.029402 0.224317 -0.465783
-0.039469 0.255385 0.005162
-0.062494 0.282372 -0.435126
-0.053321 0.288514 0.019678
-0.049836 0.342243 -0.379896
-0.003960 0.351953 -0.023886
-0.039477 0.389632 -0.339582
-0.028178 0.391879 -0.038258
-0.099078 0.394133 -0.311057
-0.077956 0.333529 -0.069311
-0.078880 0.308200 -0.134588
-0.024338 0.290465 -0.025260
-0.329916 -0.067588 -0.213153
-0.325655 -0.036087 -0.160348
-0.139747 -0.052169 -0.367839
-0.009806 -0.072348 -0.221088
0.085508 -0.072391 -0.204614
0.096476 -0.101331 -0.259293
0.068676 -0.058869 -0.128164
0.071153 -0.079998 -0.139572
0.084995 -0.057281 -0.297985
0.178758 -0.092903 -0.119417
0.324472 -0.101341 -0.325905
0.476748 -0.065235 -0.148307
0.578196 -0.045621 -0.329652
0.579547 0.019188 -0.154836
0.524222 0.072036 -0.322194
0.467799 0.102661 -0.097754
0.420246 0.117166 -0.369042
0.358508 0.160704 -0.038828
0.323781 0.196800 -0.432883
0.308082 0.231123 -0.045752
0.245260 0.257071 -0.377632
0.218047 0.256539 -0.052872
0.173472 0.294927 -0.334775
0.187133 0.302480 0.032697
0.146226 0.334227 -0.287098
0.178555 0.333248 -0.005489
0.134928 0.374041 -0.285904
0.144025 0.351226 -0.045293
0.039838 0.360490 -0.241121
0.041409 0.310670 -0.102775
0.051617 0.316384 -0.109767
0.096458 0.287518 -0.151837
-0.191902 -0.116773 -0.368512
-0.203471 -0.119366 -0.309722
-0.083580 -0.132119 -0.295980
0.044355 -0.130509 -0.351581
0.142997 -0.108031 -0.249425
0.179961 -0.107593 -0.316463
0.207948 -0.064973 -0.159749
0.269982 -0.114189 -0.253268
0.320479 -0.106692 -0.246545
0.411097 -0.113552 -0.193212
0.532492 -0.143378 -0.316127
0.678100 -0.118164 -0.222830
0.786865 -0.077492 -0.318651
0.841093 0.007312 -0.194985
0.847315 0.062524 -0.291540
0.854248 0.107018 -0.154319
0.826021 0.124887 -0.359380
0.776698 0.190987 -0.071391
0.737618 0.226429 -0.380587
0.681181 0.257073 -0.065092
0.596047 0.273436 -0.350221
0.493615 0.296497 -0.038609
0.392422 0.324976 -0.292435
0.308629 0.331269 -0.004028
0.262586 0.335264 -0.241631
0.251783 0.364086 -0.032287
0.233035 0.375235 -0.201955
0.198960 0.375471 -0.095164
0.147567 0.359217 -0.191694
0.139613 0.325545 -0.142834
0.130788 0.306310 -0.103978
0.132889 0.327202 -0.088445
-0.247866 -0.018599 -0.248761
-0.245682 0.029501 -0.228015
0.031344 0.011492 -0.369613
0.195357 -0.021852 -0.285709
0.312933 -0.040918 -0.285135
0.359223 -0.097112 -0.343951
0.415014 -0.074159 -0.167845
0.499657 -0.138878 -0.219486
0.579975 -0.126859 -0.249193
0.664305 -0.144623 -0.238199
0.775120 -0.111502 -0.285656
0.902080 -0.097746 -0.228310
1.002163 -0.042413 -0.325926
1.061563 0.027516 -0.196956
1.071499 0.070358 -0.303461
1.083738 0.121580 -0.161673
1.045663 0.178019 -0.335334
0.974975 0.246235 -0.101622
0.917543 0.279026 -0.306930
0.904985 0.300147 -0.093951
0.843645 0.321874 -0.289307
0.741785 0.347812 -0.084195
0.603388 0.347236 -0.237473
0.498888 0.336653 -0.058472
0.409637 0.345975 -0.195811
0.335109 0.349848 -0.066864
0.292420 0.370466 -0.146423
0.271255 0.340689 -0.142923
0.232096 0.362769 -0.083782
0.198916 0.296900 -0.168648
0.164580 0.309651 -0.001484
0.176135 0.258515 -0.144237
0.017490 -0.088388 -0.338468
0.056802 -0.032534 -0.289400
0.228219 -0.082269 -0.273113
0.372547 -0.051738 -0.424691
0.452629 -0.070325 -0.274441
0.503406 -0.062752 -0.404390
0.592212 -0.055900 -0.215304
0.674977 -0.113077 -0.368866
0.802098 -0.135392 -0.197716
0.893726 -0.150728 -0.309028
1.027691 -0.135104 -0.224631
1.101739 -0.134044 -0.293862
1.195949 -0.093458 -0.232799
1.231244 -0.046673 -0.205649
1.255608 0.012338 -0.253527
1.242458 0.065290 -0.181763
1.210729 0.125911 -0.268018
1.110624 0.177724 -0.108941
1.085215 0.224351 -0.258698
1.033080 0.252325 -0.099384
1.022980 0.284619 -0.216996
0.901516 0.322872 -0.087959
0.786286 0.301217 -0.206324
0.661035 0.314592 -0.089236
0.562131 0.294496 -0.170436
0.451760 0.334272 -0.126385
0.387014 0.340098 -0.135563
0.349981 0.347338 -0.163796
0.285101 0.342365 -0.105948
0.239904 0.295290 -0.190610
0.215189 0.281372 -0.028208
0.213734 0.241667 -0.080309
-0.011263 -0.022116 -0.264024
0.117441 0.035569 -0.244674
0.354553 0.006403 -0.370545
0.498878 -0.001952 -0.349638
0.607310 -0.050392 -0.390985
0.652643 -0.070712 -0.425811
0.728460 -0.069151 -0.299663
0.815928 -0.073004 -0.329581
0.924452 -0.084321 -0.228389
1.016780 -0.058601 -0.280763
1.099172 -0.038246 -0.237616
1.178261 -0.003010 -0.224679
1.244036 0.007317 -0.234213
1.292766 0.051966 -0.206831
1.295602 0.071905 -0.258943
1.313927 0.129648 -0.148847
1.268902 0.189862 -0.232183
1.228893 0.248352 -0.152367
1.204065 0.269398 -0.215086
1.186842 0.308796 -0.112653
1.123691 0.317612 -0.122092
1.019035 0.353159 -0.129160
0.907642 0.313004 -0.150388
0.802645 0.304615 -0.167354
0.672716 0.301778 -0.123930
0.591573 0.304444 -0.197963
0.503083 0.371734 -0.128104
0.459427 0.332283 -0.216651
0.370594 0.359180 -0.047786
0.326182 0.285326 -0.199984
0.278170 0.246816 -0.038632
0.254928 0.202742 -0.227373
0.191079 -0.089123 -0.183790
0.288107 0.029959 -0.153280
0.412753 -0.052525 -0.231876
0.508420 -0.019344 -0.264866
0.585760 -0.076816 -0.301523
0.679819 -0.031289 -0.342030
0.722946 -0.086347 -0.266762
0.822956 -0.066164 -0.256897
0.879519 -0.067901 -0.179982
0.971106 -0.059006 -0.186734
1.061376 -0.052641 -0.158837
1.118531 -0.028880 -0.159846
1.194026 0.009306 -0.163751
1.195103 0.008954 -0.098512
1.250596 0.027089 -0.154891
1.237188 0.066219 -0.072903
1.234728 0.130917 -0.158222
1.183552 0.176733 -0.042907
1.150721 0.188647 -0.104884
1.108052 0.218016 -0.072050
1.067405 0.262080 -0.061020
0.987173 0.281518 -0.042865
0.920509 0.231844 -0.071651
0.810243 0.239969 -0.099817
0.730116 0.223668 -0.102893
0.620173 0.284024 -0.073597
0.550721 0.292984 -0.117581
0.474306 0.333317 -0.095959
0.435026 0.303905 -0.117059
0.379979 0.293565 -0.050181
0.348749 0.228878 -0.051776
0.308227 0.206673 -0.078044
