0.457360 0.814472 0.309987
0.512303 0.871335 0.202755
0.499981 0.879997 0.314836
0.463522 0.800980 0.207785
0.467848 0.886212 0.387802
0.409326 0.770617 0.254785
0.434167 0.821223 0.375059
0.409095 0.777066 0.307691
0.399669 0.783873 0.361785
0.522290 0.956408 0.309651
0.536522 0.952346 0.195192
0.421056 0.887701 0.449765
0.486103 0.958384 0.392689
0.435039 0.958775 0.460644
0.355961 0.749349 0.304295
0.397225 0.822773 0.427520
0.359750 0.758006 0.355697
0.365613 0.779446 0.403022
0.529448 1.044949 0.296055
0.542938 1.038383 0.187286
0.439006 1.047055 0.458704
0.368783 0.956672 0.520880
0.372072 1.039943 0.522623
0.309024 0.743228 0.383578
0.341031 0.818805 0.470240
0.316558 0.770639 0.432836
0.308785 0.734965 0.330807
0.492623 1.047853 0.385618
0.512628 1.123997 0.283878
0.530550 1.121858 0.181981
0.358513 0.885719 0.501277
0.366784 1.107616 0.500083
0.300358 1.028686 0.560436
0.296034 1.091020 0.540906
0.254396 0.731252 0.406131
0.275915 0.814424 0.500459
0.262321 0.763522 0.457360
0.250525 0.721991 0.357838
0.476413 1.122463 0.366921
0.428889 1.117499 0.437688
0.472933 1.198607 0.267391
0.498841 1.203920 0.175021
0.297236 0.953197 0.557761
0.288112 0.882611 0.533547
0.293959 1.153296 0.501056
0.201700 1.073494 0.582656
0.196792 1.129661 0.544426
0.165970 0.720881 0.431168
0.180454 0.808961 0.532120
0.172197 0.754112 0.485793
0.167922 0.709718 0.379024
0.405140 1.186338 0.399712
0.355275 1.172312 0.456209
0.446326 1.194690 0.332054
0.200008 0.945702 0.594733
0.190570 0.877332 0.570395
0.203034 1.015775 0.599420
0.103879 1.116019 0.567202
0.085972 0.714617 0.443006
0.088223 0.749992 0.499049
0.083819 0.701193 0.391226
0.106021 0.941876 0.619491
0.100325 0.873446 0.594274
0.107265 1.067258 0.604368
0.108457 1.009959 0.622315
-0.000000 0.711122 0.447647
0.092378 0.805023 0.552605
-0.000000 0.748034 0.505696
-0.000000 0.697335 0.396659
-0.000000 1.008066 0.634355
-0.000000 1.064292 0.616798
-0.000000 1.111993 0.577271
-0.000000 0.803159 0.562249
-0.088223 0.749992 0.499049
-0.092378 0.805023 0.552605
-0.000000 0.940901 0.630913
-0.000000 0.873616 0.604617
-0.085972 0.714617 0.443006
-0.083819 0.701193 0.391226
-0.107265 1.067258 0.604368
-0.103879 1.116019 0.567202
-0.100325 0.873446 0.594274
-0.180454 0.808961 0.532120
-0.108457 1.009959 0.622315
-0.106021 0.941876 0.619491
-0.165970 0.720881 0.431168
-0.167922 0.709718 0.379024
-0.201700 1.073494 0.582656
-0.196792 1.129661 0.544426
-0.172197 0.754112 0.485793
-0.190570 0.877332 0.570395
-0.200008 0.945702 0.594733
-0.254396 0.731252 0.406131
-0.250525 0.721991 0.357838
-0.203034 1.015775 0.599420
-0.296034 1.091020 0.540906
-0.293959 1.153296 0.501056
-0.262321 0.763522 0.457360
-0.288112 0.882611 0.533547
-0.275915 0.814424 0.500459
-0.309024 0.743228 0.383578
-0.308785 0.734965 0.330807
-0.300358 1.028686 0.560436
-0.297236 0.953197 0.557761
-0.366784 1.107616 0.500083
-0.355275 1.172312 0.456209
-0.316558 0.770639 0.432836
-0.341031 0.818805 0.470240
-0.359750 0.758006 0.355697
-0.355961 0.749349 0.304295
-0.368783 0.956672 0.520880
-0.358513 0.885719 0.501277
-0.372072 1.039943 0.522623
-0.428889 1.117499 0.437688
-0.405140 1.186338 0.399712
-0.365613 0.779446 0.403022
-0.409095 0.777066 0.307691
-0.409326 0.770617 0.254785
-0.421056 0.887701 0.449765
-0.397225 0.822773 0.427520
-0.439006 1.047055 0.458704
-0.435039 0.958775 0.460644
-0.476413 1.122463 0.366921
-0.446326 1.194690 0.332054
-0.399669 0.783873 0.361785
-0.457360 0.814472 0.309987
-0.463522 0.800980 0.207785
-0.467848 0.886212 0.387802
-0.486103 0.958384 0.392689
-0.492623 1.047853 0.385618
-0.512628 1.123997 0.283878
-0.472933 1.198607 0.267391
-0.434167 0.821223 0.375059
-0.512303 0.871335 0.202755
-0.522290 0.956408 0.309651
-0.529448 1.044949 0.296055
-0.530550 1.121858 0.181981
-0.498841 1.203920 0.175021
-0.499981 0.879997 0.314836
-0.542938 1.038383 0.187286
-0.536522 0.952346 0.195192
0.328214 0.732346 0.050884
0.212574 0.695463 0.050884
0.301549 0.725399 -0.083488
0.238194 0.709199 0.207785
0.406819 0.762123 -0.083488
0.311912 0.728382 0.207785
0.447020 0.779824 0.050884
0.347287 0.743424 0.207785
0.399844 0.766093 0.207785
0.199252 0.696383 -0.083488
0.177493 0.696294 0.207785
0.098739 0.682270 0.050884
0.489450 0.852931 0.028375
0.367995 0.769634 -0.171007
0.463448 0.842115 -0.104366
0.094473 0.681519 -0.083488
0.266837 0.722893 -0.171007
0.182918 0.701376 -0.171007
0.092867 0.685885 0.207785
0.524513 0.932298 0.012545
0.399583 0.836182 -0.201293
0.498130 0.921231 -0.124886
0.434167 0.915247 -0.230895
0.092301 0.688006 -0.171007
-0.000000 0.675255 0.050884
-0.000000 0.675834 -0.083488
0.299408 0.774673 -0.252492
0.242229 0.734759 -0.244027
0.519653 1.012404 -0.132973
0.542836 1.020723 0.005324
-0.000000 0.683518 -0.171007
0.172543 0.721864 -0.248169
0.090283 0.712547 -0.251089
-0.000000 0.681910 0.207785
0.320271 0.835613 -0.283398
0.191600 0.768862 -0.303263
0.209493 0.832890 -0.339484
0.524116 1.115234 -0.133964
0.545391 1.120250 0.007559
-0.000000 0.707325 -0.252625
0.102097 0.829824 -0.368389
0.228925 0.918536 -0.384327
0.113610 0.917558 -0.419537
0.096822 0.762115 -0.322910
0.455356 1.006852 -0.256985
0.344335 0.917878 -0.321940
0.465391 1.114769 -0.264554
0.502895 1.214855 -0.123345
0.451838 1.222137 -0.253259
-0.000000 0.755831 -0.333494
-0.000000 0.917197 -0.434853
0.121296 1.009727 -0.453339
0.359890 1.007741 -0.352308
0.515689 1.208462 0.015265
0.371218 1.115866 -0.367878
0.470090 1.307649 -0.108259
0.364772 1.228668 -0.358404
0.422905 1.320679 -0.232927
-0.000000 0.826200 -0.380065
0.243469 1.009552 -0.415666
-0.000000 1.009778 -0.468846
0.126092 1.119214 -0.475237
0.475501 1.287557 0.030006
0.463751 1.283163 0.176511
0.346311 1.334014 -0.333507
0.253591 1.117721 -0.437071
0.251324 1.232005 -0.427998
-0.000000 1.121246 -0.490393
0.443514 1.274375 0.264874
0.431117 1.373003 0.106840
0.408264 1.352429 0.268724
0.423128 1.367517 0.176897
0.389313 1.407954 -0.202220
0.429257 1.395508 -0.090787
0.124060 1.233692 -0.465628
0.239432 1.344250 -0.397441
0.423436 1.269016 0.321554
0.368978 1.448390 0.191441
0.372318 1.459795 0.114225
0.355402 1.469396 -0.165579
0.372090 1.475035 -0.079471
0.320383 1.431855 -0.288475
-0.000000 1.234804 -0.479494
0.394343 1.332719 0.326398
0.392702 1.263326 0.381780
0.287538 1.531753 0.205892
0.361412 1.419536 0.284376
0.286896 1.484661 0.306774
0.292186 1.506429 -0.203011
0.273779 1.562919 0.025911
0.276169 1.562919 -0.070273
0.119265 1.350778 -0.433019
0.223203 1.449432 -0.336720
0.382364 1.309097 0.371005
0.348836 1.253537 0.436908
0.198192 1.530128 0.331546
0.282085 1.552200 0.120399
0.200936 1.586236 0.222635
0.349644 1.376280 0.362806
0.286288 1.413135 0.397924
0.202635 1.596574 -0.093958
0.200048 1.605108 0.023725
0.109756 1.460455 -0.368955
0.205072 1.537519 -0.236039
0.105526 1.555019 -0.260761
-0.000000 1.354029 -0.445747
0.344825 1.321974 0.409720
0.106286 1.609223 0.229623
0.194212 1.441481 0.430911
0.104358 1.562512 0.351191
0.200861 1.599495 0.127141
0.105463 1.621491 -0.116132
-0.000000 1.562360 -0.270322
-0.000000 1.631219 -0.123754
-0.000000 1.464443 -0.380218
-0.000000 1.622863 0.234911
0.105788 1.630508 0.130776
-0.000000 1.643081 0.132330
0.102372 1.460786 0.455143
-0.000000 1.651159 0.021305
0.105439 1.638712 0.022517
-0.000000 1.571453 0.359176
-0.000000 1.467364 0.463624
-0.328214 0.732346 0.050884
-0.301549 0.725399 -0.083488
-0.212574 0.695463 0.050884
-0.406819 0.762123 -0.083488
-0.238194 0.709199 0.207785
-0.447020 0.779824 0.050884
-0.311912 0.728382 0.207785
-0.399844 0.766093 0.207785
-0.347287 0.743424 0.207785
-0.199252 0.696383 -0.083488
-0.367995 0.769634 -0.171007
-0.266837 0.722893 -0.171007
-0.177493 0.696294 0.207785
-0.489450 0.852931 0.028375
-0.182918 0.701376 -0.171007
-0.098739 0.682270 0.050884
-0.094473 0.681519 -0.083488
-0.463448 0.842115 -0.104366
-0.299408 0.774673 -0.252492
-0.399583 0.836182 -0.201293
-0.092301 0.688006 -0.171007
-0.242229 0.734759 -0.244027
-0.172543 0.721864 -0.248169
-0.092867 0.685885 0.207785
-0.434167 0.915247 -0.230895
-0.320271 0.835613 -0.283398
-0.090283 0.712547 -0.251089
-0.191600 0.768862 -0.303263
-0.498130 0.921231 -0.124886
-0.524513 0.932298 0.012545
-0.209493 0.832890 -0.339484
-0.344335 0.917878 -0.321940
-0.228925 0.918536 -0.384327
-0.096822 0.762115 -0.322910
-0.519653 1.012404 -0.132973
-0.542836 1.020723 0.005324
-0.359890 1.007741 -0.352308
-0.455356 1.006852 -0.256985
-0.102097 0.829824 -0.368389
-0.113610 0.917558 -0.419537
-0.545391 1.120250 0.007559
-0.465391 1.114769 -0.264554
-0.243469 1.009552 -0.415666
-0.371218 1.115866 -0.367878
-0.121296 1.009727 -0.453339
-0.524116 1.115234 -0.133964
-0.515689 1.208462 0.015265
-0.253591 1.117721 -0.437071
-0.451838 1.222137 -0.253259
-0.364772 1.228668 -0.358404
-0.126092 1.119214 -0.475237
-0.502895 1.214855 -0.123345
-0.475501 1.287557 0.030006
-0.463751 1.283163 0.176511
-0.251324 1.232005 -0.427998
-0.422905 1.320679 -0.232927
-0.346311 1.334014 -0.333507
-0.470090 1.307649 -0.108259
-0.443514 1.274375 0.264874
-0.423436 1.269016 0.321554
-0.239432 1.344250 -0.397441
-0.389313 1.407954 -0.202220
-0.320383 1.431855 -0.288475
-0.124060 1.233692 -0.465628
-0.431117 1.373003 0.106840
-0.429257 1.395508 -0.090787
-0.394343 1.332719 0.326398
-0.408264 1.352429 0.268724
-0.392702 1.263326 0.381780
-0.223203 1.449432 -0.336720
-0.355402 1.469396 -0.165579
-0.292186 1.506429 -0.203011
-0.423128 1.367517 0.176897
-0.372090 1.475035 -0.079471
-0.372318 1.459795 0.114225
-0.382364 1.309097 0.371005
-0.361412 1.419536 0.284376
-0.349644 1.376280 0.362806
-0.348836 1.253537 0.436908
-0.119265 1.350778 -0.433019
-0.273779 1.562919 0.025911
-0.368978 1.448390 0.191441
-0.282085 1.552200 0.120399
-0.287538 1.531753 0.205892
-0.205072 1.537519 -0.236039
-0.276169 1.562919 -0.070273
-0.202635 1.596574 -0.093958
-0.344825 1.321974 0.409720
-0.286288 1.413135 0.397924
-0.109756 1.460455 -0.368955
-0.200936 1.586236 0.222635
-0.286896 1.484661 0.306774
-0.198192 1.530128 0.331546
-0.105463 1.621491 -0.116132
-0.105526 1.555019 -0.260761
-0.200048 1.605108 0.023725
-0.200861 1.599495 0.127141
-0.194212 1.441481 0.430911
-0.106286 1.609223 0.229623
-0.104358 1.562512 0.351191
-0.105439 1.638712 0.022517
-0.105788 1.630508 0.130776
-0.102372 1.460786 0.455143
-0.000000 1.361141 0.521571
0.102803 1.227184 0.547789
0.101866 1.357128 0.511873
-0.000000 1.226295 0.556931
-0.102803 1.227184 0.547789
-0.101866 1.357128 0.511873
0.196261 1.232742 0.523370
-0.196261 1.232742 0.523370
0.194263 1.347806 0.487982
0.291442 1.242691 0.480802
-0.194263 1.347806 0.487982
-0.291442 1.242691 0.480802
0.290086 1.332769 0.446529
-0.290086 1.332769 0.446529
0.171266 1.591012 0.126326
0.196858 1.546511 0.217096
0.190681 1.606226 0.126579
0.289451 1.497666 0.277909
0.232499 1.567948 0.216322
0.248113 1.647603 0.126713
0.242555 1.463757 0.279961
0.290767 1.599977 0.217616
0.351018 1.681308 0.120169
0.298877 1.382985 0.271635
0.380517 1.638458 0.201885
0.336466 1.329061 0.266080
0.360007 1.419892 0.276990
0.488968 1.728959 0.112683
0.354556 1.527232 0.274577
0.415783 1.349025 0.246882
0.512524 1.691672 0.173714
0.613834 1.758956 0.165151
0.436550 1.567948 0.263050
0.397693 1.250537 0.179295
0.418653 1.455401 0.273606
0.716504 1.861928 0.172841
0.592303 1.796116 0.109429
0.659803 1.686414 0.205768
0.473520 1.267720 0.176956
0.491317 1.495050 0.265382
0.698551 1.904625 0.115282
0.553448 1.625098 0.217727
0.753862 1.752073 0.206430
0.426027 1.215015 0.096001
0.477510 1.375543 0.242764
0.800349 1.922329 0.175742
0.787423 1.968912 0.115455
0.602605 1.555706 0.219642
0.799724 1.629187 0.209499
0.513060 1.211797 0.092326
0.539460 1.289742 0.173580
0.550817 1.411916 0.230342
0.886039 1.955298 0.177988
0.875856 2.003609 0.110411
0.829239 1.794948 0.206070
0.726880 1.589081 0.211150
0.443532 1.207177 0.023316
0.616638 1.322279 0.168349
0.995477 1.961775 0.087761
0.909122 1.821338 0.201040
0.867352 1.657000 0.204842
0.651955 1.474171 0.204764
0.764243 1.530153 0.168074
0.524482 1.207532 0.013099
0.587974 1.225104 0.087264
0.993003 1.925860 0.159032
0.840839 1.516538 0.155080
0.909589 1.518037 0.149915
0.934669 1.681308 0.197212
0.704578 1.514050 0.196852
0.598101 1.220408 0.006045
0.680436 1.255851 0.079326
1.088080 1.889309 0.063080
0.850618 1.483468 0.075976
0.978004 1.526673 0.139532
0.996061 1.812322 0.185562
0.776331 1.519612 0.090240
0.742617 1.473181 0.165984
0.727380 1.349838 0.087524
0.696722 1.397463 0.164213
0.691327 1.247489 -0.000965
1.085002 1.858092 0.122963
0.925431 1.460252 0.070136
1.008944 1.695253 0.181560
0.782719 1.510087 0.034249
0.758259 1.441787 0.088560
0.736544 1.345749 0.012337
1.171392 1.808486 0.038092
0.850933 1.476483 0.019595
0.924253 1.445139 0.004693
1.001637 1.456772 0.065128
1.059787 1.535284 0.063145
1.040671 1.571225 0.131196
1.072020 1.788623 0.155626
0.765482 1.439678 0.023708
1.168001 1.786337 0.091224
1.300871 1.650371 -0.005959
1.010415 1.432642 -0.008477
1.061697 1.536020 0.003443
1.089856 1.652810 0.020690
1.092139 1.650016 0.064647
1.075840 1.703787 0.157045
1.298715 1.636604 0.028713
1.392456 1.502873 -0.044473
1.088543 1.662969 0.118556
1.104280 1.658499 0.019874
1.108720 1.658118 0.059902
1.148433 1.742751 0.128433
1.382977 1.486770 -0.018731
1.405669 1.429467 -0.059238
1.116081 1.672037 0.105332
1.232525 1.566348 -0.012846
1.238829 1.565383 0.014781
1.132294 1.701882 0.136227
1.362378 1.472394 -0.025411
1.284854 1.611611 0.054277
1.355049 1.472546 -0.045128
1.255413 1.579581 0.044242
-0.171266 1.591012 0.126326
-0.190681 1.606226 0.126579
-0.196858 1.546511 0.217096
-0.248113 1.647603 0.126713
-0.232499 1.567948 0.216322
-0.351018 1.681308 0.120169
-0.290766 1.599977 0.217616
-0.289451 1.497666 0.277909
-0.242555 1.463757 0.279961
-0.380517 1.638458 0.201885
-0.298877 1.382985 0.271635
-0.488968 1.728959 0.112683
-0.354556 1.527232 0.274577
-0.360007 1.419892 0.276990
-0.336466 1.329061 0.266080
-0.592303 1.796116 0.109429
-0.613834 1.758956 0.165151
-0.436550 1.567948 0.263050
-0.415783 1.349025 0.246882
-0.512524 1.691672 0.173714
-0.698551 1.904625 0.115282
-0.716503 1.861928 0.172841
-0.418653 1.455401 0.273606
-0.397693 1.250537 0.179295
-0.659803 1.686414 0.205768
-0.787423 1.968912 0.115455
-0.800349 1.922329 0.175742
-0.491317 1.495050 0.265382
-0.477510 1.375543 0.242764
-0.473520 1.267720 0.176956
-0.553448 1.625098 0.217727
-0.753862 1.752073 0.206430
-0.886038 1.955298 0.177988
-0.539460 1.289742 0.173580
-0.426027 1.215015 0.096001
-0.602605 1.555706 0.219642
-0.829239 1.794948 0.206070
-0.875855 2.003609 0.110411
-0.550817 1.411916 0.230342
-0.513060 1.211797 0.092326
-0.726879 1.589081 0.211150
-0.909122 1.821338 0.201040
-0.799724 1.629187 0.209499
-0.995477 1.961775 0.087761
-0.616638 1.322279 0.168349
-0.587974 1.225104 0.087264
-0.524482 1.207532 0.013099
-0.443532 1.207177 0.023316
-0.651954 1.474171 0.204764
-0.867352 1.657000 0.204842
-0.934669 1.681308 0.197212
-0.764243 1.530153 0.168074
-0.993003 1.925860 0.159032
-0.680435 1.255851 0.079326
-0.598101 1.220408 0.006045
-0.704578 1.514050 0.196852
-0.909589 1.518037 0.149915
-0.840839 1.516538 0.155080
-1.088080 1.889309 0.063080
-0.996061 1.812322 0.185562
-0.691327 1.247489 -0.000965
-0.696722 1.397463 0.164213
-0.727380 1.349838 0.087524
-0.742617 1.473181 0.165984
-0.850618 1.483468 0.075976
-1.085001 1.858092 0.122963
-0.978004 1.526673 0.139532
-0.736544 1.345749 0.012337
-0.758258 1.441787 0.088560
-0.776331 1.519612 0.090240
-1.171392 1.808486 0.038092
-1.072020 1.788623 0.155626
-1.008944 1.695253 0.181560
-0.925431 1.460252 0.070136
-0.765482 1.439678 0.023708
-0.782719 1.510087 0.034249
-1.300871 1.650371 -0.005959
-1.168001 1.786337 0.091224
-1.075840 1.703787 0.157045
-1.040671 1.571225 0.131196
-0.924253 1.445139 0.004693
-0.850933 1.476483 0.019595
-1.392456 1.502873 -0.044473
-1.298715 1.636604 0.028713
-1.148433 1.742751 0.128433
-1.088542 1.662969 0.118555
-1.059787 1.535284 0.063145
-1.001636 1.456772 0.065128
-1.405669 1.429467 -0.059238
-1.382976 1.486770 -0.018731
-1.284854 1.611611 0.054277
-1.132294 1.701882 0.136227
-1.061697 1.536020 0.003443
-1.010414 1.432642 -0.008476
-1.092139 1.650016 0.064647
-1.362377 1.472394 -0.025411
-1.255413 1.579581 0.044242
-1.116081 1.672037 0.105332
-1.089855 1.652810 0.020690
-1.355049 1.472546 -0.045128
-1.238829 1.565383 0.014781
-1.108720 1.658118 0.059902
-1.232525 1.566348 -0.012846
-1.104280 1.658499 0.019874
0.205457 1.605769 0.024517
0.262583 1.640033 0.026401
0.172146 1.581181 0.022511
0.261501 1.565205 -0.071388
0.197624 1.526825 -0.073836
0.357952 1.670132 0.024194
0.313980 1.592256 -0.069108
0.364282 1.469803 -0.118613
0.286189 1.399647 -0.129818
0.398930 1.486312 -0.121658
0.324528 1.349305 -0.114632
0.598061 1.781105 0.040936
0.495394 1.715725 0.038839
0.391541 1.623523 -0.066069
0.419511 1.399369 -0.122187
0.473174 1.518901 -0.123299
0.451780 1.416386 -0.124754
0.363172 1.299013 -0.092533
0.700154 1.884889 0.044108
0.629636 1.728755 -0.031796
0.521279 1.670259 -0.035590
0.522178 1.452708 -0.121733
0.461388 1.332033 -0.103920
0.783326 1.946230 0.041698
0.583349 1.579658 -0.089898
0.723473 1.794745 -0.032848
0.503855 1.341863 -0.107698
0.409288 1.238515 -0.035813
0.867258 1.981663 0.030107
0.689135 1.642065 -0.086065
0.622788 1.508436 -0.104946
0.798469 1.838153 -0.036202
0.568803 1.252021 -0.063693
0.506171 1.237933 -0.057272
0.761871 1.682324 -0.088569
0.733237 1.573689 -0.076091
0.581132 1.372139 -0.111240
0.878253 1.864671 -0.042015
0.829747 1.709782 -0.091266
0.810042 1.559769 -0.087425
0.724482 1.496549 -0.082564
0.661673 1.282198 -0.068429
0.897890 1.732921 -0.092381
0.974253 1.952174 0.011389
0.877994 1.562386 -0.098887
0.664474 1.429467 -0.101600
0.763331 1.537874 -0.012130
0.965881 1.854689 -0.052091
0.837265 1.502213 -0.029180
0.742841 1.463427 -0.032842
0.709615 1.374781 -0.052360
1.069236 1.880241 -0.001196
0.947192 1.569929 -0.103095
0.910186 1.481664 -0.049906
1.045733 1.825530 -0.051372
0.974278 1.743919 -0.091417
0.985111 1.479962 -0.065013
1.154270 1.805616 -0.016901
1.045424 1.746485 -0.082454
1.011875 1.611661 -0.095550
1.289642 1.649355 -0.042736
1.124402 1.776482 -0.060790
1.065302 1.695609 -0.064447
1.045345 1.555553 -0.050588
1.268928 1.633963 -0.071123
1.105103 1.740033 -0.077872
1.081293 1.665255 -0.020748
1.376335 1.496092 -0.071039
1.095589 1.700816 -0.056022
1.098865 1.671961 -0.017700
1.357546 1.479887 -0.064684
1.235489 1.595583 -0.066610
1.231903 1.575111 -0.039813
-0.205457 1.605769 0.024517
-0.262583 1.640033 0.026401
-0.172146 1.581181 0.022511
-0.197624 1.526825 -0.073836
-0.261501 1.565205 -0.071388
-0.313980 1.592256 -0.069108
-0.357952 1.670132 0.024194
-0.286189 1.399647 -0.129818
-0.364282 1.469803 -0.118613
-0.398930 1.486312 -0.121658
-0.391541 1.623523 -0.066069
-0.598061 1.781105 0.040936
-0.324528 1.349305 -0.114632
-0.521279 1.670259 -0.035590
-0.495394 1.715725 0.038839
-0.419511 1.399369 -0.122187
-0.451780 1.416386 -0.124754
-0.700153 1.884889 0.044108
-0.473174 1.518901 -0.123299
-0.629635 1.728755 -0.031796
-0.363172 1.299013 -0.092533
-0.783326 1.946230 0.041698
-0.522178 1.452708 -0.121733
-0.723473 1.794745 -0.032848
-0.583349 1.579658 -0.089898
-0.409288 1.238515 -0.035813
-0.461388 1.332033 -0.103920
-0.867258 1.981663 0.030107
-0.798469 1.838153 -0.036202
-0.689135 1.642065 -0.086065
-0.761870 1.682324 -0.088569
-0.622788 1.508436 -0.104946
-0.506171 1.237933 -0.057272
-0.503855 1.341863 -0.107698
-0.878253 1.864671 -0.042015
-0.810041 1.559769 -0.087425
-0.829747 1.709782 -0.091266
-0.733237 1.573689 -0.076091
-0.568803 1.252021 -0.063693
-0.581132 1.372139 -0.111240
-0.974252 1.952174 0.011389
-0.877994 1.562386 -0.098887
-0.897890 1.732921 -0.092381
-0.763331 1.537874 -0.012130
-0.661672 1.282198 -0.068429
-0.724482 1.496549 -0.082564
-0.837265 1.502213 -0.029180
-0.910186 1.481664 -0.049906
-0.947191 1.569929 -0.103095
-0.965881 1.854689 -0.052091
-0.709615 1.374781 -0.052360
-0.664474 1.429467 -0.101600
-1.069236 1.880241 -0.001196
-0.985111 1.479962 -0.065013
-0.974278 1.743919 -0.091417
-0.742841 1.463427 -0.032842
-1.045344 1.555553 -0.050588
-1.011875 1.611661 -0.095550
-1.045733 1.825530 -0.051372
-1.154270 1.805616 -0.016901
-1.081293 1.665255 -0.020748
-1.045423 1.746485 -0.082454
-1.289642 1.649355 -0.042736
-1.065301 1.695609 -0.064447
-1.124402 1.776482 -0.060790
-1.098865 1.671961 -0.017699
-1.095588 1.700816 -0.056022
-1.105103 1.740033 -0.077872
-1.268928 1.633963 -0.071123
-1.376334 1.496092 -0.071039
-1.231902 1.575111 -0.039813
-1.235489 1.595583 -0.066610
-1.357546 1.479887 -0.064684
0.441465 -0.197697 0.000000
0.372252 -0.211390 0.000000
0.406860 -0.198655 -0.059940
0.406860 -0.198655 0.059940
0.431866 -0.197697 -0.034418
0.431866 -0.197697 0.034418
0.504967 -0.150047 -0.076619
0.504967 -0.150047 0.076619
0.525493 -0.150049 0.000000
0.337645 -0.198655 0.059940
0.448874 -0.150047 -0.132713
0.448874 -0.150047 0.132713
0.587342 -0.094449 0.000000
0.558526 -0.094449 0.107545
0.372252 -0.197697 0.068836
0.295631 -0.150047 0.132713
0.558526 -0.094449 -0.107545
0.479798 -0.094449 -0.186273
0.479798 -0.094449 0.186273
0.372252 -0.150044 0.153247
0.264706 -0.094449 0.186273
0.500730 0.045566 -0.222530
0.629209 0.045566 0.000000
0.594782 0.045566 -0.128478
0.372252 -0.094449 0.215090
0.594782 0.045566 0.128478
0.500730 0.045566 0.222530
0.558503 0.185578 -0.107532
0.479783 0.185578 -0.186250
0.372252 0.045566 0.256957
0.479783 0.185578 0.186250
0.372252 0.185578 0.215063
0.587317 0.185578 0.000000
0.558503 0.185578 0.107532
0.461023 0.282962 -0.051252
0.421419 0.282962 -0.085159
0.264721 0.185578 0.186250
0.372252 0.282962 0.102503
0.243774 0.045566 0.222530
0.461023 0.282960 0.051252
0.470586 0.282960 0.000000
0.372252 0.302520 0.000000
0.323085 0.282962 0.085159
0.421419 0.282962 0.085159
0.303040 -0.197697 0.000000
0.337645 -0.198655 -0.059940
0.312638 -0.197697 0.034418
0.312638 -0.197697 -0.034418
0.239538 -0.150047 0.076619
0.239538 -0.150047 -0.076619
0.219013 -0.150050 0.000000
0.295631 -0.150047 -0.132713
0.157162 -0.094449 0.000000
0.185979 -0.094449 -0.107545
0.372252 -0.197697 -0.068836
0.185979 -0.094449 0.107545
0.264706 -0.094449 -0.186273
0.372252 -0.150044 -0.153247
0.115297 0.045566 0.000000
0.149722 0.045566 0.128478
0.372252 -0.094449 -0.215090
0.149722 0.045566 -0.128478
0.243774 0.045566 -0.222530
0.186002 0.185578 0.107532
0.372252 0.045566 -0.256957
0.264721 0.185578 -0.186250
0.372252 0.185578 -0.215063
0.157189 0.185578 0.000000
0.186002 0.185578 -0.107532
0.283482 0.282962 0.051252
0.372252 0.282962 -0.102503
0.283482 0.282962 -0.051252
0.273919 0.282962 0.000000
0.323085 0.282962 -0.085159
-0.441465 -0.197698 -0.000000
-0.406860 -0.198655 -0.059940
-0.372252 -0.211391 -0.000000
-0.431866 -0.197698 -0.034418
-0.406860 -0.198655 0.059940
-0.504967 -0.150047 -0.076619
-0.431866 -0.197698 0.034418
-0.525493 -0.150050 -0.000000
-0.504967 -0.150047 0.076619
-0.448874 -0.150047 -0.132713
-0.337645 -0.198655 0.059940
-0.448874 -0.150047 0.132713
-0.587342 -0.094449 -0.000000
-0.558526 -0.094449 0.107545
-0.558526 -0.094449 -0.107545
-0.479798 -0.094449 -0.186273
-0.372252 -0.197698 0.068836
-0.295631 -0.150047 0.132713
-0.479798 -0.094449 0.186273
-0.500731 0.045566 -0.222530
-0.629209 0.045566 -0.000000
-0.594782 0.045566 -0.128478
-0.372252 -0.150045 0.153247
-0.264706 -0.094449 0.186273
-0.594782 0.045566 0.128478
-0.372252 -0.094449 0.215090
-0.500731 0.045566 0.222530
-0.558503 0.185578 -0.107532
-0.587317 0.185578 -0.000000
-0.372252 0.045566 0.256957
-0.479783 0.185578 0.186250
-0.372252 0.185578 0.215063
-0.479783 0.185578 -0.186250
-0.558503 0.185578 0.107532
-0.264721 0.185578 0.186250
-0.372252 0.282962 0.102503
-0.243774 0.045566 0.222530
-0.461023 0.282962 -0.051252
-0.461023 0.282959 0.051252
-0.323085 0.282962 0.085159
-0.421419 0.282962 0.085159
-0.421419 0.282962 -0.085159
-0.470586 0.282959 -0.000000
-0.372252 0.302520 -0.000000
-0.303040 -0.197698 -0.000000
-0.312638 -0.197698 0.034418
-0.337645 -0.198655 -0.059940
-0.239538 -0.150047 0.076619
-0.312638 -0.197698 -0.034418
-0.219013 -0.150050 -0.000000
-0.239538 -0.150047 -0.076619
-0.295631 -0.150047 -0.132713
-0.157163 -0.094449 -0.000000
-0.185979 -0.094449 -0.107545
-0.185979 -0.094449 0.107545
-0.372252 -0.197698 -0.068836
-0.264706 -0.094449 -0.186273
-0.115297 0.045566 -0.000000
-0.149722 0.045566 0.128478
-0.372252 -0.150045 -0.153247
-0.149722 0.045566 -0.128478
-0.372252 -0.094449 -0.215090
-0.243774 0.045566 -0.222530
-0.186002 0.185578 0.107532
-0.157189 0.185578 -0.000000
-0.372252 0.045566 -0.256957
-0.264721 0.185578 -0.186250
-0.372252 0.185578 -0.215063
-0.186002 0.185578 -0.107532
-0.372252 0.282962 -0.102503
-0.283482 0.282962 0.051252
-0.283482 0.282962 -0.051252
-0.323085 0.282962 -0.085159
-0.273919 0.282962 -0.000000
-0.473100 -1.226296 0.165026
-0.440530 -1.243704 0.117338
-0.442735 -1.254086 0.164570
-0.469389 -1.224111 0.117891
-0.461884 -1.279113 0.215529
-0.458043 -1.158495 0.118598
-0.507030 -1.231812 0.216794
-0.458051 -1.155859 0.165159
-0.475648 -1.153162 0.216872
-0.372435 -1.258217 0.164205
-0.449428 -1.250364 0.071478
-0.372435 -1.250217 0.117153
-0.372435 -1.257417 0.071806
-0.501399 -1.235546 0.278854
-0.372435 -1.279113 0.215529
-0.460576 -1.279114 0.278727
-0.432801 -1.132079 0.118769
-0.477997 -1.160700 0.073648
-0.444853 -1.129450 0.074104
-0.475480 -1.152214 0.277386
-0.434533 -1.125968 0.217363
-0.372435 -1.279113 -0.008815
-0.479486 -1.228863 0.072613
-0.460164 -1.279113 -0.008815
-0.493377 -1.240198 -0.007949
-0.372435 -1.279114 0.278727
-0.466915 -1.236469 0.332283
-0.433260 -1.269482 0.331219
-0.372435 -1.115950 0.074610
-0.428198 -1.130887 0.164943
-0.372435 -1.123533 0.118691
-0.454990 -1.279113 -0.078572
-0.372435 -1.279113 -0.078572
-0.489171 -1.162705 -0.007880
-0.484307 -1.238173 -0.078572
-0.372435 -1.269482 0.331219
-0.452938 -1.159619 0.338638
-0.430670 -1.240525 0.395582
-0.372435 -1.109624 -0.007296
-0.451493 -1.124944 -0.007649
-0.372435 -1.119177 0.164937
-0.431335 -1.113203 0.277462
-0.372435 -1.111788 0.217115
-0.432346 -1.279113 -0.148741
-0.372435 -1.279113 -0.166461
-0.482349 -1.163532 -0.078571
-0.453354 -1.235123 -0.150588
-0.453354 -1.169488 -0.150587
-0.407185 -1.265308 0.394325
-0.372435 -1.265308 0.394325
-0.447383 -1.124821 -0.078568
-0.372435 -1.108450 -0.078568
-0.372435 -1.098930 0.279042
-0.423741 -1.166910 0.402631
-0.419235 -1.135686 0.343571
-0.404434 -1.262529 -0.177994
-0.372435 -1.267414 -0.183837
-0.405938 -1.272134 0.478498
-0.372435 -1.279121 0.478472
-0.426502 -1.128405 -0.140027
-0.372435 -1.118174 -0.147148
-0.419887 -1.162414 0.467540
-0.421871 -1.258679 0.479003
-0.372435 -1.125274 0.347160
-0.406403 -1.152304 0.404642
-0.372435 -1.234670 -0.200163
-0.407010 -1.169488 -0.194575
-0.407010 -1.235123 -0.194577
-0.372435 -1.254021 0.554345
-0.399397 -1.135070 -0.167116
-0.372435 -1.134347 -0.174936
-0.417436 -1.151786 0.501998
-0.399270 -1.248685 0.553164
-0.416565 -1.239402 0.549819
-0.372435 -1.143636 0.405674
-0.372435 -1.169259 -0.200161
-0.372435 -1.154650 0.466501
-0.394277 -1.226899 0.583212
-0.412110 -1.130892 0.539339
-0.404421 -1.186602 0.613829
-0.372435 -1.146512 0.499511
-0.372435 -1.192970 0.622120
-0.397363 -1.093052 0.637337
-0.372435 -1.093967 0.647200
-0.372435 -1.231071 0.587263
-0.372435 -1.126561 0.535229
-0.393357 -0.999840 0.620296
-0.372435 -0.996022 0.629542
-0.403083 -1.085730 0.562976
-0.387955 -0.909596 0.551490
-0.372435 -0.899616 0.555071
-0.372435 -1.084802 0.554995
-0.398165 -1.025893 0.563745
-0.384604 -0.898194 0.473019
-0.372435 -0.888232 0.471813
-0.372435 -1.028974 0.556224
-0.393068 -0.962730 0.526600
-0.380383 -0.946401 0.403936
-0.372435 -0.945009 0.396072
-0.372435 -0.971247 0.522722
-0.393070 -0.955087 0.471470
-0.381155 -0.971696 0.412549
-0.372435 -0.982941 0.406019
-0.372435 -0.962931 0.470830
-0.271767 -1.226296 0.165026
-0.302133 -1.254086 0.164570
-0.304338 -1.243704 0.117338
-0.282984 -1.279113 0.215529
-0.275478 -1.224111 0.117891
-0.237839 -1.231812 0.216794
-0.286824 -1.158495 0.118598
-0.269220 -1.153162 0.216872
-0.286817 -1.155859 0.165159
-0.266870 -1.160700 0.073648
-0.295440 -1.250364 0.071478
-0.265382 -1.228863 0.072613
-0.269387 -1.152214 0.277386
-0.243470 -1.235546 0.278854
-0.312067 -1.132079 0.118769
-0.310337 -1.125968 0.217363
-0.316672 -1.130887 0.164943
-0.284292 -1.279114 0.278727
-0.255697 -1.162706 -0.007880
-0.300015 -1.129451 0.074104
-0.293378 -1.124944 -0.007649
-0.251492 -1.240198 -0.007949
-0.284703 -1.279113 -0.008815
-0.277952 -1.236469 0.332283
-0.313532 -1.113203 0.277462
-0.291930 -1.159619 0.338638
-0.311607 -1.269482 0.331219
-0.262519 -1.163532 -0.078571
-0.295895 -1.125144 -0.078568
-0.289877 -1.279113 -0.078572
-0.260561 -1.238173 -0.078572
-0.325633 -1.135686 0.343571
-0.314198 -1.240525 0.395582
-0.321127 -1.166910 0.402631
-0.337683 -1.265308 0.394325
-0.291513 -1.169488 -0.150586
-0.318366 -1.128405 -0.140027
-0.312522 -1.279113 -0.148741
-0.338465 -1.152304 0.404642
-0.324980 -1.162414 0.467540
-0.338930 -1.272134 0.478498
-0.339550 -1.135058 -0.167116
-0.291513 -1.235123 -0.150588
-0.340434 -1.262529 -0.177994
-0.322997 -1.258679 0.479003
-0.337858 -1.169488 -0.194575
-0.327431 -1.151786 0.501998
-0.345597 -1.248685 0.553164
-0.337858 -1.235123 -0.194577
-0.328303 -1.239402 0.549819
-0.332758 -1.130892 0.539339
-0.350591 -1.226899 0.583212
-0.340446 -1.186602 0.613829
-0.341785 -1.085730 0.562976
-0.347505 -1.093052 0.637337
-0.351511 -0.999840 0.620296
-0.346705 -1.025893 0.563745
-0.356916 -0.909596 0.551490
-0.351800 -0.962730 0.526600
-0.351800 -0.955087 0.471470
-0.360263 -0.898194 0.473019
-0.363713 -0.971696 0.412549
-0.364485 -0.946401 0.403936
0.000000 0.053061 0.401335
0.068091 0.122317 0.440911
0.000000 0.113526 0.440378
0.088836 0.068764 0.403565
-0.068091 0.122317 0.440911
0.104168 0.033910 0.354300
-0.088836 0.068764 0.403565
0.000000 0.013918 0.350853
-0.104168 0.033910 0.354300
0.000000 0.184806 0.463995
0.120609 0.148698 0.442869
0.073075 0.190656 0.460565
0.113949 0.017400 0.304635
0.191989 0.091235 0.364371
0.210406 0.080628 0.315844
-0.191989 0.091235 0.364371
-0.120609 0.148698 0.442869
-0.162234 0.112983 0.409961
0.146895 0.200196 0.453875
0.162234 0.112983 0.409961
0.206810 0.185157 0.423080
-0.073075 0.190656 0.460565
0.000000 0.264197 0.481658
0.000000 -0.004802 0.300708
-0.113949 0.017400 0.304635
0.274607 0.175591 0.332826
-0.206810 0.185157 0.423080
-0.210406 0.080628 0.315844
-0.250177 0.177692 0.379923
-0.274607 0.175591 0.332826
0.155743 0.267211 0.465966
0.075556 0.263442 0.477042
-0.146895 0.200196 0.453875
-0.075556 0.263442 0.477042
0.250177 0.177692 0.379923
0.297144 0.287788 0.352854
-0.297144 0.287788 0.352854
-0.222624 0.272744 0.438163
-0.270457 0.280247 0.398318
0.146895 0.334681 0.476268
0.222624 0.272744 0.438163
-0.073076 0.337989 0.485102
0.073076 0.337989 0.485102
0.000000 0.341824 0.490157
-0.155743 0.267211 0.465966
0.270457 0.280247 0.398318
0.274607 0.399995 0.372819
-0.274607 0.399995 0.372819
-0.068091 0.412550 0.489232
-0.146895 0.334681 0.476268
-0.120609 0.386990 0.482544
0.120609 0.386990 0.482544
0.206810 0.360503 0.452471
0.250177 0.382848 0.416486
0.210406 0.494981 0.389689
-0.250177 0.382848 0.416486
0.000000 0.420910 0.491554
0.068091 0.412550 0.489232
-0.206810 0.360503 0.452471
-0.088836 0.476894 0.471985
-0.162234 0.433107 0.463619
0.191989 0.469352 0.431759
0.113949 0.558187 0.401013
0.162234 0.433107 0.463619
-0.210406 0.494981 0.389689
0.000000 0.492423 0.474993
-0.191989 0.469352 0.431759
0.104168 0.526629 0.442110
0.000000 0.580376 0.404998
0.088836 0.476894 0.471985
-0.104168 0.526629 0.442110
-0.113949 0.558187 0.401013
0.000000 0.546576 0.445780
0.473100 -1.226296 0.165026
0.442735 -1.254086 0.164570
0.440530 -1.243704 0.117338
0.461884 -1.279113 0.215529
0.469389 -1.224111 0.117891
0.507030 -1.231812 0.216794
0.458043 -1.158495 0.118598
0.475648 -1.153162 0.216872
0.458051 -1.155859 0.165159
0.372435 -1.258217 0.164205
0.372435 -1.279113 0.215529
0.477997 -1.160700 0.073648
0.449428 -1.250364 0.071478
0.479486 -1.228863 0.072613
0.475480 -1.152214 0.277386
0.501399 -1.235546 0.278854
0.432801 -1.132079 0.118769
0.434533 -1.125968 0.217363
0.428198 -1.130887 0.164943
0.460576 -1.279114 0.278727
0.372435 -1.279114 0.278727
0.372435 -1.250217 0.117153
0.489171 -1.162705 -0.007880
0.444853 -1.129450 0.074104
0.451493 -1.124944 -0.007649
0.372435 -1.257417 0.071806
0.493377 -1.240198 -0.007949
0.372435 -1.279112 -0.008815
0.460164 -1.279113 -0.008815
0.372435 -1.111788 0.217115
0.372435 -1.123533 0.118691
0.372435 -1.119177 0.164937
0.466915 -1.236469 0.332283
0.431335 -1.113203 0.277462
0.452938 -1.159619 0.338638
0.433260 -1.269482 0.331219
0.372435 -1.269482 0.331219
0.372435 -1.109624 -0.007296
0.482349 -1.163532 -0.078571
0.447383 -1.124820 -0.078568
0.454990 -1.279113 -0.078572
0.372435 -1.279113 -0.078572
0.484307 -1.238173 -0.078572
0.372435 -1.115950 0.074610
0.419235 -1.135686 0.343571
0.430670 -1.240525 0.395582
0.423741 -1.166910 0.402631
0.372435 -1.098930 0.279042
0.407185 -1.265308 0.394325
0.372435 -1.265308 0.394325
0.453354 -1.169488 -0.150587
0.372435 -1.108450 -0.078568
0.426502 -1.128405 -0.140027
0.432346 -1.279113 -0.148741
0.372435 -1.279113 -0.166461
0.406403 -1.152304 0.404642
0.419887 -1.162414 0.467540
0.372435 -1.125274 0.347160
0.405938 -1.272134 0.478498
0.372435 -1.279121 0.478472
0.372435 -1.118174 -0.147148
0.399397 -1.135070 -0.167116
0.453354 -1.235123 -0.150588
0.404434 -1.262529 -0.177994
0.372435 -1.267413 -0.183837
0.421871 -1.258679 0.479003
0.372435 -1.143636 0.405674
0.372435 -1.254021 0.554345
0.372435 -1.134347 -0.174936
0.407010 -1.169488 -0.194575
0.372435 -1.234670 -0.200163
0.417436 -1.151786 0.501998
0.372435 -1.154650 0.466501
0.399270 -1.248685 0.553164
0.372435 -1.169259 -0.200161
0.407010 -1.235123 -0.194577
0.372435 -1.146512 0.499511
0.416565 -1.239402 0.549819
0.412110 -1.130892 0.539338
0.394277 -1.226899 0.583212
0.372435 -1.231071 0.587263
0.372435 -1.126561 0.535229
0.372435 -1.192970 0.622120
0.404421 -1.186602 0.613829
0.403083 -1.085730 0.562976
0.372435 -1.084802 0.554995
0.372435 -1.093967 0.647200
0.397363 -1.093052 0.637337
0.372435 -1.028975 0.556224
0.393357 -0.999840 0.620296
0.372435 -0.996022 0.629542
0.398165 -1.025893 0.563745
0.372435 -0.971247 0.522722
0.387955 -0.909596 0.551490
0.372435 -0.899616 0.555071
0.393068 -0.962730 0.526600
0.393070 -0.955087 0.471470
0.372435 -0.962931 0.470830
0.384604 -0.898194 0.473019
0.372435 -0.888232 0.471813
0.381155 -0.971699 0.412549
0.372435 -0.982941 0.406019
0.380383 -0.946401 0.403936
0.372435 -0.945009 0.396072
0.271767 -1.226296 0.165026
0.304338 -1.243704 0.117338
0.302133 -1.254086 0.164570
0.275478 -1.224111 0.117891
0.282984 -1.279113 0.215529
0.286824 -1.158495 0.118598
0.237839 -1.231812 0.216794
0.286817 -1.155859 0.165159
0.269220 -1.153162 0.216872
0.295440 -1.250364 0.071478
0.243470 -1.235546 0.278854
0.284292 -1.279114 0.278727
0.312067 -1.132079 0.118769
0.266870 -1.160700 0.073648
0.300015 -1.129451 0.074104
0.269387 -1.152214 0.277386
0.310337 -1.125968 0.217363
0.265382 -1.228863 0.072613
0.284703 -1.279113 -0.008815
0.251492 -1.240198 -0.007949
0.277952 -1.236469 0.332283
0.311607 -1.269482 0.331219
0.316672 -1.130887 0.164943
0.289877 -1.279113 -0.078572
0.255697 -1.162706 -0.007880
0.260561 -1.238173 -0.078572
0.291930 -1.159619 0.338638
0.314198 -1.240525 0.395582
0.293378 -1.124944 -0.007649
0.313532 -1.113203 0.277462
0.312522 -1.279113 -0.148741
0.262519 -1.163532 -0.078571
0.291513 -1.235123 -0.150588
0.291513 -1.169488 -0.150586
0.337685 -1.265308 0.394325
0.295895 -1.125144 -0.078568
0.321127 -1.166910 0.402631
0.325633 -1.135686 0.343571
0.340434 -1.262529 -0.177994
0.338930 -1.272134 0.478498
0.318366 -1.128405 -0.140027
0.324980 -1.162414 0.467540
0.322997 -1.258679 0.479003
0.338465 -1.152304 0.404642
0.337858 -1.169488 -0.194575
0.337858 -1.235123 -0.194577
0.339550 -1.135058 -0.167116
0.327431 -1.151786 0.501998
0.345597 -1.248685 0.553164
0.328305 -1.239402 0.549819
0.350591 -1.226899 0.583212
0.332758 -1.130892 0.539338
0.340446 -1.186602 0.613829
0.347505 -1.093052 0.637337
0.351511 -0.999840 0.620296
0.341785 -1.085730 0.562976
0.356916 -0.909596 0.551490
0.346705 -1.025893 0.563745
0.360263 -0.898194 0.473019
0.351800 -0.962730 0.526600
0.364485 -0.946401 0.403936
0.351800 -0.955087 0.471470
0.363713 -0.971696 0.412549
0.486174 0.633652 -0.206400
0.413111 0.636377 -0.067227
0.413111 0.688325 -0.111703
0.486174 0.546418 -0.119165
0.413111 0.752818 -0.134454
0.595518 0.483144 -0.155696
0.486174 0.752818 -0.238330
0.595518 0.597122 -0.269674
0.413111 0.623835 0.000000
0.486174 0.514488 0.000000
0.486174 0.871982 -0.206400
0.413111 0.817309 -0.111703
0.724502 0.460924 -0.168524
0.595518 0.441425 0.000000
0.724502 0.415768 0.000000
0.387454 0.752818 0.000000
0.595518 0.752818 -0.311394
0.853486 0.441425 0.000000
0.724502 0.584292 -0.291892
0.853486 0.483144 -0.155696
0.413111 0.881800 0.000000
0.595518 0.908513 -0.269674
0.413111 0.869257 -0.067227
0.486174 0.959216 -0.119165
0.962833 0.514488 0.000000
0.724502 0.752818 -0.337048
0.853486 0.597122 -0.269674
0.486174 0.991147 0.000000
0.595518 1.022493 -0.155696
0.962833 0.546418 -0.119165
1.015494 0.590086 0.000000
0.724502 0.921343 -0.291892
0.853486 0.752818 -0.311394
0.595518 1.064210 0.000000
1.015489 0.611879 -0.081365
1.043592 0.662031 0.000000
0.962833 0.633652 -0.206400
0.724502 1.044710 -0.168524
0.853486 0.908513 -0.269674
1.043592 0.674622 -0.045146
1.044847 0.707423 -0.078623
1.061552 0.752818 0.000000
0.962833 0.752818 -0.238330
1.015489 0.671447 -0.140937
0.724502 1.089866 0.000000
1.044847 0.798211 -0.078623
1.043592 0.843603 0.000000
1.015487 0.752818 -0.162747
1.043592 0.752818 -0.090292
0.853486 1.022493 -0.155696
0.962833 0.871982 -0.206400
1.043592 0.831012 -0.045146
1.015489 0.893758 -0.081365
1.015494 0.915551 0.000000
1.015489 0.834188 -0.140937
0.853486 1.064210 0.000000
0.962833 0.991147 0.000000
0.962833 0.959216 -0.119165
0.486174 0.871982 0.206400
0.413111 0.869257 0.067227
0.413111 0.817309 0.111703
0.486174 0.959216 0.119165
0.413111 0.752818 0.134454
0.595518 1.022493 0.155696
0.486174 0.752818 0.238330
0.595518 0.908513 0.269674
0.486174 0.633652 0.206400
0.413111 0.688325 0.111703
0.724502 1.044710 0.168524
0.595518 0.752818 0.311394
0.724502 0.921343 0.291892
0.853486 1.022493 0.155696
0.595518 0.597122 0.269674
0.413111 0.636377 0.067227
0.486174 0.546418 0.119165
0.724502 0.752818 0.337048
0.853486 0.908513 0.269674
0.595518 0.483144 0.155696
0.962833 0.959216 0.119165
0.724502 0.584292 0.291892
0.853486 0.752818 0.311394
1.015489 0.893758 0.081365
0.962833 0.871982 0.206400
0.724502 0.460924 0.168524
0.853486 0.597122 0.269674
1.043592 0.831012 0.045146
1.044847 0.798211 0.078623
0.962833 0.752818 0.238330
1.015489 0.834188 0.140937
1.044847 0.707423 0.078623
1.015487 0.752818 0.162747
1.043592 0.752818 0.090292
0.853486 0.483144 0.155696
0.962833 0.633652 0.206400
1.043592 0.674622 0.045146
1.015489 0.611877 0.081365
1.015489 0.671447 0.140937
0.962833 0.546418 0.119165
-0.486174 0.633652 -0.206400
-0.413111 0.636377 -0.067227
-0.486174 0.546418 -0.119165
-0.413111 0.688325 -0.111703
-0.595518 0.483144 -0.155696
-0.413111 0.752818 -0.134454
-0.595518 0.597122 -0.269674
-0.486174 0.752818 -0.238330
-0.486174 0.514488 0.000000
-0.413111 0.623835 0.000000
-0.724502 0.460924 -0.168524
-0.595518 0.441425 0.000000
-0.724502 0.415768 0.000000
-0.486174 0.871982 -0.206400
-0.413111 0.817309 -0.111703
-0.387454 0.752818 0.000000
-0.724502 0.584292 -0.291892
-0.595518 0.752818 -0.311394
-0.853486 0.441425 0.000000
-0.413111 0.881800 0.000000
-0.413111 0.869257 -0.067227
-0.724502 0.752818 -0.337048
-0.853486 0.483144 -0.155696
-0.853486 0.597122 -0.269674
-0.486174 0.959216 -0.119165
-0.595518 0.908513 -0.269674
-0.486174 0.991147 0.000000
-0.962833 0.546418 -0.119165
-0.853486 0.752818 -0.311394
-0.962833 0.633652 -0.206400
-0.962833 0.514488 0.000000
-0.595518 1.022493 -0.155696
-0.724502 0.921343 -0.291892
-1.015489 0.611879 -0.081365
-0.962833 0.752818 -0.238330
-1.015489 0.671447 -0.140937
-1.015494 0.590086 0.000000
-0.724502 1.044710 -0.168524
-0.853486 0.908513 -0.269674
-0.595518 1.064210 0.000000
-1.043592 0.674622 -0.045146
-1.015487 0.752818 -0.162747
-1.044847 0.707423 -0.078623
-1.043592 0.752818 -0.090292
-1.043592 0.662031 0.000000
-0.853486 1.022493 -0.155696
-0.962833 0.871982 -0.206400
-0.724502 1.089866 0.000000
-1.044847 0.798211 -0.078623
-1.015489 0.834188 -0.140937
-1.061552 0.752818 0.000000
-0.853486 1.064210 0.000000
-0.962833 0.959216 -0.119165
-1.043592 0.843603 0.000000
-0.962833 0.991147 0.000000
-1.043592 0.831012 -0.045146
-1.015489 0.893758 -0.081365
-1.015494 0.915551 0.000000
-0.486174 0.871982 0.206400
-0.413111 0.869257 0.067227
-0.486174 0.959216 0.119165
-0.413111 0.817309 0.111703
-0.595518 1.022493 0.155696
-0.413111 0.752818 0.134454
-0.595518 0.908513 0.269674
-0.486174 0.752818 0.238330
-0.724502 1.044710 0.168524
-0.486174 0.633652 0.206400
-0.413111 0.688325 0.111703
-0.724502 0.921343 0.291892
-0.595518 0.752818 0.311394
-0.413111 0.636377 0.067227
-0.724502 0.752818 0.337048
-0.853486 1.022493 0.155696
-0.853486 0.908513 0.269674
-0.486174 0.546418 0.119165
-0.595518 0.597122 0.269674
-0.962833 0.959216 0.119165
-0.853486 0.752818 0.311394
-0.962833 0.871982 0.206400
-0.595518 0.483144 0.155696
-0.724502 0.584292 0.291892
-1.015489 0.893758 0.081365
-0.962833 0.752818 0.238330
-1.015489 0.834188 0.140937
-0.724502 0.460924 0.168524
-0.853486 0.597122 0.269674
-1.043592 0.831012 0.045146
-1.015487 0.752818 0.162747
-1.044847 0.798211 0.078623
-1.043592 0.752818 0.090292
-0.853486 0.483144 0.155696
-0.962833 0.633652 0.206400
-1.044847 0.707423 0.078623
-1.015489 0.671447 0.140937
-0.962833 0.546418 0.119165
-1.043592 0.674622 0.045146
-1.015489 0.611877 0.081365
2.611679 0.748409 -0.065724
2.601747 0.747795 -0.042745
2.624988 0.794213 -0.052098
2.610765 0.795298 -0.022574
2.506543 0.756263 -0.034547
2.682570 0.812105 0.007130
2.506462 0.807645 -0.014559
2.412299 0.757482 -0.042974
2.611222 0.795298 0.036564
2.623642 0.794213 0.064637
2.504602 0.807642 0.037444
2.602713 0.747800 0.060107
2.610002 0.748409 0.077951
2.503409 0.745747 0.061680
2.414196 0.749458 0.074067
2.412959 0.816291 0.044140
2.410503 0.813896 -0.020770
2.403924 0.811031 -0.072531
2.411219 0.755928 -0.052643
2.399282 0.817797 0.109792
2.412563 0.749474 0.081833
2.363081 0.846232 -0.010162
2.343800 0.846476 0.089633
2.361547 0.847307 0.033021
2.307067 0.865361 0.009482
2.289848 0.863420 0.067111
2.353307 0.846532 -0.063775
2.296317 0.867487 -0.048225
2.242241 0.875765 0.007279
2.370242 0.810848 0.161487
2.307481 0.835156 0.140986
2.383485 0.810213 -0.134915
2.330247 0.842933 -0.119362
2.468179 0.801501 0.141025
2.476571 0.752090 0.127336
2.552980 0.747335 0.169350
2.437844 0.801501 0.193923
2.234786 0.872892 0.050578
2.254247 0.854343 0.112934
2.270607 0.861884 -0.097789
2.237689 0.875813 -0.037681
2.554453 0.796474 0.188312
2.526904 0.796477 0.233961
2.266302 0.775397 0.208472
2.243793 0.809596 0.182569
2.186950 0.870881 0.049536
2.207567 0.865978 0.082026
2.200196 0.830909 0.149961
2.156181 0.845171 0.108002
2.343897 0.795013 -0.187354
2.295373 0.825724 -0.168871
2.189236 0.874571 -0.039287
2.181568 0.875183 0.005252
2.124032 0.853382 0.057581
2.216257 0.869766 -0.071960
2.235172 0.843415 -0.142486
2.170905 0.852781 -0.104949
2.124517 0.858988 -0.053703
2.115319 0.862730 0.002341
2.044428 0.827629 -0.001880
2.043750 0.805415 0.058961
2.097540 0.807409 0.131102
2.036079 0.752217 0.084289
2.070357 0.742392 0.142674
2.119709 0.733904 0.195046
2.150034 0.795478 0.182302
2.187918 0.783754 0.219202
2.168497 0.725372 0.234628
2.212401 0.775923 0.244883
2.197880 0.721074 0.260373
2.251649 0.772143 0.290761
2.235070 0.719151 0.302138
2.271430 0.720635 0.343421
2.041929 0.805369 -0.063388
2.114873 0.815105 -0.134970
2.035482 0.752202 -0.088735
2.088355 0.749621 -0.155900
2.166496 0.748953 -0.200760
2.190577 0.808948 -0.179829
2.234509 0.747005 -0.228229
2.254773 0.797749 -0.206998
2.276533 0.746995 -0.244383
2.296544 0.793004 -0.224067
2.318067 0.746611 -0.277790
2.332842 0.792148 -0.268514
2.348948 0.746735 -0.318661
2.296066 0.769456 0.259344
2.291100 0.768681 0.338183
2.378258 0.792145 -0.239419
2.371549 0.791828 -0.319801
2.347513 0.792476 -0.353027
2.328832 0.748409 -0.349296
2.343950 0.748409 -0.425574
2.410940 0.791828 -0.294317
2.428212 0.812072 -0.368965
2.359797 0.793126 -0.415000
2.412306 0.793123 -0.450139
2.408577 0.748409 -0.468821
2.484856 0.748409 -0.453702
2.474282 0.793123 -0.437855
2.528100 0.748409 -0.389075
2.509420 0.793126 -0.385346
2.497134 0.793126 -0.323370
2.512982 0.748409 -0.312796
2.444625 0.792476 -0.288234
2.448356 0.748409 -0.269552
2.423086 0.739857 -0.274543
2.394922 0.746611 -0.228560
2.366490 0.746642 -0.172417
2.374003 0.746192 -0.163613
2.452428 0.797962 -0.159909
2.445126 0.743370 -0.179323
2.514836 0.744480 -0.210222
2.472405 0.797960 -0.110866
2.479426 0.752727 -0.092712
2.552497 0.790662 -0.148382
2.555570 0.744480 -0.126571
2.530353 0.790662 -0.196622
2.576678 0.791894 -0.130514
2.569286 0.748409 -0.112956
2.647036 0.748409 -0.112507
2.608605 0.812946 -0.206411
2.639847 0.793129 -0.130148
2.702357 0.748409 -0.167173
2.684780 0.798473 -0.174565
2.685161 0.798473 -0.237745
2.702789 0.748409 -0.244933
2.648128 0.748409 -0.300236
2.640736 0.798473 -0.282679
2.577566 0.793129 -0.283042
2.570378 0.748409 -0.300685
2.532626 0.791894 -0.238627
2.515070 0.748409 -0.246019
2.357897 0.752156 0.181072
2.429002 0.752176 0.206806
2.508936 0.749179 0.243636
2.291898 0.719151 0.214237
2.309137 0.713358 0.247820
2.341857 0.720635 0.287277
2.332540 0.768681 0.307167
2.357877 0.786479 0.381005
2.366919 0.771976 0.298953
2.369004 0.720627 0.280017
2.422291 0.771976 0.329377
2.437155 0.720627 0.317464
2.439932 0.771976 0.390047
2.458867 0.720627 0.392133
2.421420 0.720627 0.460284
2.409505 0.771976 0.445420
2.346749 0.720627 0.481995
2.348837 0.771976 0.463060
2.278599 0.720627 0.444548
2.293465 0.772580 0.432633
2.275825 0.771976 0.371965
2.256889 0.720627 0.369877
2.505045 0.748409 0.273233
2.523546 0.795638 0.268694
2.560930 0.794803 0.319629
2.551049 0.748409 0.335920
2.603627 0.813883 0.249220
2.623388 0.793126 0.329209
2.627909 0.748409 0.347711
2.674315 0.793126 0.291826
2.690597 0.748409 0.301701
2.683891 0.793126 0.229375
2.702408 0.748409 0.224838
2.656383 0.748409 0.162151
2.646502 0.794803 0.178441
2.579523 0.748409 0.150359
2.584069 0.795638 0.168861
2.624988 0.701137 -0.052098
2.682545 0.692799 0.006966
2.610713 0.701976 -0.022495
2.611399 0.701973 0.036833
2.623642 0.701135 0.064637
2.506954 0.700248 -0.015269
2.504531 0.700248 0.037245
2.413533 0.699525 0.043259
2.409256 0.699502 -0.020586
2.400000 0.699530 0.109258
2.359241 0.662875 0.032707
2.360854 0.665034 -0.012266
2.338210 0.661476 0.086766
2.267727 0.645763 0.005939
2.403495 0.699527 -0.072335
2.352378 0.667617 -0.063252
2.263823 0.648669 -0.045503
2.472179 0.701432 -0.111120
2.382733 0.699301 -0.135307
2.329246 0.669771 -0.116090
2.552827 0.702126 -0.148263
2.452751 0.701432 -0.159002
2.193338 0.644925 -0.035784
2.245507 0.653731 -0.091717
2.252886 0.644041 0.056289
2.193336 0.644059 0.002263
2.343577 0.702250 -0.187790
2.293724 0.677483 -0.163997
2.369447 0.699499 0.160800
2.302657 0.658559 0.133431
2.160074 0.647368 -0.038113
2.180798 0.647739 -0.064409
2.216254 0.663728 -0.136822
2.146107 0.657254 -0.096242
2.530366 0.702126 -0.196509
2.224616 0.644605 0.097161
2.185601 0.641945 0.039436
2.153503 0.646154 0.000516
2.110682 0.654808 -0.052485
2.297140 0.702362 -0.223771
2.254164 0.698684 -0.204369
2.183679 0.693886 -0.176259
2.102622 0.687782 -0.129543
2.608580 0.692799 -0.206575
2.532626 0.701214 -0.238627
2.577566 0.700300 -0.283042
2.640736 0.694950 -0.282679
2.685161 0.694950 -0.237745
2.684780 0.694950 -0.174565
2.639847 0.700300 -0.130148
2.576678 0.701214 -0.130514
2.153557 0.645278 0.038747
2.101134 0.647838 -0.001306
2.035091 0.698717 -0.063796
2.035261 0.678006 -0.002220
2.103570 0.652781 0.049459
2.035172 0.698938 0.059151
2.167260 0.644678 0.065200
2.127413 0.653012 0.092296
2.178784 0.650574 0.138197
2.082307 0.680434 0.124312
2.133636 0.672438 0.176702
2.183376 0.665722 0.217308
2.240211 0.655946 0.178096
2.212635 0.662238 0.245306
2.268553 0.664099 0.208090
2.251817 0.660635 0.290647
2.295756 0.660635 0.259446
2.291001 0.663919 0.338341
2.333211 0.663919 0.306784
2.275825 0.662263 0.371965
2.357877 0.652492 0.381005
2.293465 0.663297 0.432633
2.348837 0.656924 0.463060
2.409505 0.656924 0.445420
2.439932 0.656924 0.390047
2.422291 0.663297 0.329377
2.366919 0.662263 0.298953
2.437211 0.707449 0.193370
2.468103 0.707449 0.140408
2.527107 0.703515 0.233821
2.554529 0.703515 0.188110
2.584069 0.701069 0.168861
2.603576 0.691125 0.249056
2.646502 0.698626 0.178441
2.683891 0.700300 0.229375
2.674315 0.700300 0.291826
2.623388 0.700300 0.329209
2.560930 0.698626 0.319629
2.523546 0.701069 0.268694
2.332073 0.701074 -0.268346
2.377917 0.701074 -0.239216
2.371143 0.700548 -0.319453
2.410787 0.700548 -0.293754
2.347513 0.700424 -0.353027
2.428334 0.692798 -0.369164
2.359797 0.700299 -0.415000
2.412306 0.700299 -0.450139
2.474282 0.700299 -0.437855
2.509420 0.700299 -0.385346
2.497134 0.700299 -0.323370
2.444625 0.700424 -0.288234
0.992010 0.811061 -0.060886
0.992010 0.835186 -0.002220
1.244851 0.805206 -0.054845
1.244851 0.826905 -0.002220
0.992010 0.811061 0.056447
1.451722 0.804977 -0.054500
1.244851 0.805206 0.050405
0.992010 0.752818 0.080747
1.451722 0.826582 -0.002222
1.244851 0.752818 0.072203
0.992010 0.694576 0.056447
1.451722 0.804977 0.050056
1.501496 0.847131 -0.002224
1.501496 0.819509 -0.073915
1.572837 0.819509 -0.073919
1.244851 0.700431 0.050405
0.992010 0.670451 -0.002220
1.451722 0.752818 0.071711
1.501496 0.819509 0.069466
1.572837 0.847132 -0.002228
1.625628 0.805168 -0.053914
1.244851 0.678732 -0.002220
0.992010 0.694576 -0.060886
1.451722 0.700657 0.050056
1.501496 0.752818 0.099162
1.572837 0.819509 0.069463
1.501496 0.686126 0.069467
1.572837 0.752819 0.099158
1.244851 0.700431 -0.054845
0.992010 0.752818 -0.085187
1.451722 0.679052 -0.002222
1.501496 0.658503 -0.002224
1.451722 0.700657 -0.054500
1.244851 0.752818 -0.076642
1.451722 0.752818 -0.076154
1.501496 0.686126 -0.073915
1.501496 0.752818 -0.103610
1.572837 0.686126 0.069463
1.572837 0.658504 -0.002228
1.572837 0.686126 -0.073919
1.572837 0.752819 -0.103614
1.625628 0.752816 -0.075323
1.625628 0.700467 -0.053914
1.975747 0.752819 -0.073355
1.975747 0.805623 -0.051870
1.975747 0.700012 -0.051870
1.625628 0.678783 -0.002230
1.975747 0.678138 -0.000001
1.625628 0.700467 0.049454
1.975747 0.700012 0.051868
1.625628 0.752816 0.070862
1.975747 0.752819 0.073353
1.975747 0.805623 0.051868
1.625628 0.805168 0.049454
1.975747 0.827497 -0.000001
1.625628 0.826852 -0.002230
-2.610003 0.748409 0.077951
-2.681504 0.748409 0.108539
-2.623642 0.701135 0.064637
-2.681732 0.700299 0.089490
-2.753690 0.748409 0.079614
-2.682545 0.692798 0.006966
-2.740381 0.700299 0.065989
-2.765222 0.700299 0.007901
-2.784272 0.748409 0.008122
-2.741727 0.700299 -0.050747
-2.755341 0.748409 -0.064060
-2.683866 0.748409 -0.094648
-2.683637 0.700299 -0.075599
-2.624989 0.701137 -0.052098
-2.611679 0.748409 -0.065724
-0.372717 -0.135866 -0.111872
-0.298884 -0.135866 -0.081289
-0.372720 -0.328276 -0.092333
-0.307312 -0.328276 -0.066586
-0.268300 -0.135866 -0.007455
-0.372717 -0.520684 -0.071724
-0.280220 -0.328276 -0.004428
-0.298884 -0.135866 0.066380
-0.316761 -0.520684 -0.051126
-0.307312 -0.328276 0.057730
-0.293581 -0.520684 -0.001399
-0.289776 -0.575469 -0.084335
-0.372720 -0.575469 -0.118690
-0.255422 -0.575469 -0.001394
-0.316761 -0.520684 0.048328
-0.289776 -0.642708 -0.084331
-0.372720 -0.642708 -0.118686
-0.372720 -0.693759 -0.084680
-0.255422 -0.642708 -0.001389
-0.308841 -0.693759 -0.060284
-0.372717 -0.328276 0.083477
-0.372717 -0.135866 0.096963
-0.446552 -0.135866 0.066380
-0.372717 -0.520684 0.068926
-0.289776 -0.575469 0.081548
-0.289776 -0.642708 0.081552
-0.438125 -0.328276 0.057730
-0.428676 -0.520684 0.048328
-0.282382 -0.693759 -0.001387
-0.308841 -0.693759 0.057509
-0.372717 -0.575469 0.115903
-0.455661 -0.575469 0.081548
-0.372717 -0.642708 0.115907
-0.455661 -0.642708 0.081552
-0.372717 -0.693759 0.081905
-0.465216 -0.328276 -0.004428
-0.477136 -0.135866 -0.007455
-0.451856 -0.520684 -0.001399
-0.490014 -0.575469 -0.001394
-0.428676 -0.520684 -0.051126
-0.438125 -0.328276 -0.066586
-0.446552 -0.135866 -0.081289
-0.490014 -0.642708 -0.001389
-0.436596 -0.693759 0.057509
-0.372717 -0.795537 0.067608
-0.303667 -0.792545 0.040063
-0.275064 -0.784699 -0.031036
-0.455661 -0.575469 -0.084335
-0.455661 -0.642708 -0.084331
-0.436596 -0.693759 -0.060284
-0.463055 -0.693759 -0.001387
-0.441769 -0.792545 0.040063
-0.470372 -0.784699 -0.031036
-0.441769 -0.774041 -0.103779
-0.372720 -0.770511 -0.131324
-0.372717 -0.908445 0.060079
-0.443814 -0.905933 0.029013
-0.473263 -0.899873 -0.058654
-0.443814 -0.894412 -0.140375
-0.372720 -0.893332 -0.167343
-0.372717 -1.035735 -0.124046
-0.436423 -1.036143 -0.098527
-0.372717 -1.163741 -0.069714
-0.423420 -1.163741 -0.048713
-0.458793 -1.037271 -0.029489
-0.444421 -1.163741 0.001989
-0.434233 -1.035914 0.040373
-0.423420 -1.163741 0.052690
-0.374929 -1.034810 0.064797
-0.372717 -1.163741 0.073691
-0.322016 -1.163741 0.052690
-0.313355 -1.036246 0.040601
-0.301015 -1.163741 0.001989
-0.301622 -0.905933 0.029013
-0.285763 -1.037067 -0.029830
-0.322016 -1.163741 -0.048713
-0.272174 -0.899873 -0.058654
-0.310210 -1.036497 -0.098049
-0.301622 -0.894412 -0.140375
-0.303667 -0.774041 -0.103779
0.372717 -0.135866 -0.111872
0.372720 -0.328276 -0.092333
0.298884 -0.135866 -0.081289
0.307312 -0.328276 -0.066586
0.372717 -0.520684 -0.071724
0.268300 -0.135866 -0.007455
0.316761 -0.520684 -0.051126
0.280220 -0.328276 -0.004428
0.298884 -0.135866 0.066380
0.293581 -0.520684 -0.001399
0.307312 -0.328276 0.057730
0.289776 -0.575469 -0.084335
0.372720 -0.575469 -0.118690
0.255422 -0.575469 -0.001394
0.316761 -0.520684 0.048328
0.289776 -0.642708 -0.084331
0.372720 -0.642708 -0.118686
0.372720 -0.693759 -0.084680
0.255422 -0.642708 -0.001389
0.308841 -0.693759 -0.060284
0.372717 -0.328276 0.083477
0.372717 -0.135866 0.096963
0.446552 -0.135866 0.066380
0.372717 -0.520684 0.068926
0.289776 -0.575469 0.081548
0.289776 -0.642708 0.081552
0.438125 -0.328276 0.057730
0.428676 -0.520684 0.048328
0.282382 -0.693759 -0.001387
0.308841 -0.693759 0.057509
0.372717 -0.575469 0.115903
0.455661 -0.575469 0.081548
0.372717 -0.642708 0.115907
0.455661 -0.642708 0.081552
0.372717 -0.693759 0.081905
0.465216 -0.328276 -0.004428
0.477136 -0.135866 -0.007455
0.451856 -0.520684 -0.001399
0.490014 -0.575469 -0.001394
0.428676 -0.520684 -0.051126
0.438125 -0.328276 -0.066586
0.446552 -0.135866 -0.081289
0.490014 -0.642708 -0.001389
0.436596 -0.693759 0.057509
0.372717 -0.795537 0.067608
0.303667 -0.792545 0.040063
0.275064 -0.784699 -0.031036
0.455661 -0.575469 -0.084335
0.455661 -0.642708 -0.084331
0.436596 -0.693759 -0.060284
0.463055 -0.693759 -0.001387
0.441769 -0.792545 0.040063
0.470372 -0.784699 -0.031036
0.441769 -0.774041 -0.103779
0.372720 -0.770511 -0.131324
0.372717 -0.908445 0.060079
0.443814 -0.905933 0.029013
0.473263 -0.899873 -0.058654
0.443814 -0.894412 -0.140375
0.372720 -0.893332 -0.167343
0.372717 -1.035735 -0.124046
0.436423 -1.036143 -0.098527
0.372717 -1.163741 -0.069714
0.423420 -1.163741 -0.048713
0.458793 -1.037271 -0.029489
0.444421 -1.163741 0.001989
0.434233 -1.035914 0.040373
0.423420 -1.163741 0.052690
0.374929 -1.034810 0.064797
0.372717 -1.163741 0.073691
0.322016 -1.163741 0.052690
0.313355 -1.036246 0.040601
0.301015 -1.163741 0.001989
0.301622 -0.905933 0.029013
0.285763 -1.037067 -0.029830
0.322016 -1.163741 -0.048713
0.272174 -0.899873 -0.058654
0.310210 -1.036497 -0.098049
0.301622 -0.894412 -0.140375
0.303667 -0.774041 -0.103779
2.683866 0.748409 -0.094648
2.683637 0.700300 -0.075599
2.741727 0.700300 -0.050747
2.755341 0.748409 -0.064060
2.784272 0.748409 0.008122
2.765222 0.700300 0.007901
2.753690 0.748409 0.079614
2.740381 0.700300 0.065989
2.681732 0.700300 0.089490
2.681503 0.748409 0.108539
-2.681732 0.793126 0.089490
-2.623642 0.794213 0.064637
-2.682570 0.812105 0.007130
-2.740381 0.793126 0.065989
-2.765222 0.793126 0.007901
-2.741727 0.793126 -0.050747
-2.683637 0.793126 -0.075599
-2.624989 0.794213 -0.052098
0.000000 0.908335 -0.433768
0.116386 0.907080 -0.420464
0.000000 0.774881 -0.484210
0.000000 0.995241 -0.327840
0.126545 0.772103 -0.472410
0.000000 0.589004 -0.496260
0.145753 1.004753 -0.310896
0.000000 1.057621 -0.176245
0.237397 0.906809 -0.390627
0.127706 0.588354 -0.483149
0.000000 0.426162 -0.478216
0.262542 0.765979 -0.432295
0.148760 1.043064 -0.172804
0.000000 1.075640 -0.014174
0.285516 0.959669 -0.261412
0.361625 0.904998 -0.339014
0.126318 0.425794 -0.464665
0.000000 0.272139 -0.429956
0.270271 0.583213 -0.439875
0.398836 0.762291 -0.366578
0.452443 0.903126 -0.243047
0.341457 0.979366 -0.165333
0.154746 1.057507 -0.016036
0.119654 0.273787 -0.414680
0.263721 0.423805 -0.420213
0.412176 0.581311 -0.367678
0.503250 0.760957 -0.257244
0.498859 0.902160 -0.140221
0.347241 0.988688 -0.022631
0.400634 0.423046 -0.351630
0.527787 0.581925 -0.252519
0.552732 0.761798 -0.140415
0.502564 0.893986 -0.027502
0.149191 1.017743 0.121479
0.000000 1.033329 0.127636
0.325750 0.957865 0.110718
0.473207 0.871848 0.103392
0.564627 0.761534 -0.022624
0.582752 0.581590 -0.128883
0.524091 0.419327 -0.242445
0.250457 0.276587 -0.377449
0.376034 0.279261 -0.318844
0.487556 0.276696 -0.223638
0.579117 0.417978 -0.121879
0.595282 0.580518 -0.009862
0.536585 0.741775 0.110759
0.418709 0.833441 0.206524
0.296700 0.905970 0.217661
0.140529 0.946491 0.238793
0.000000 0.958835 0.246226
0.236006 0.142419 -0.352641
0.349710 0.147141 -0.299730
0.435661 0.144072 -0.217072
0.591520 0.416604 -0.002692
0.543375 0.271641 -0.107686
0.481335 0.133689 -0.107293
0.564284 0.569083 0.125496
0.480268 0.718745 0.222056
0.375120 0.807297 0.259126
0.278425 0.837383 0.285128
0.131132 0.866072 0.312075
0.274135 0.719659 0.346553
0.399303 0.708941 0.293746
0.500065 0.557620 0.240761
0.408887 0.552540 0.321920
0.560393 0.414112 0.133381
0.495308 0.412052 0.249910
0.555945 0.271062 0.001618
0.527591 0.276561 0.134093
0.490527 0.128906 0.003290
0.382311 -0.000759 -0.106914
0.357038 0.025190 -0.215672
0.323248 0.062454 -0.286062
0.000000 0.875374 0.320769
0.119681 0.732382 0.383888
0.000000 0.738001 0.393405
0.271135 0.555814 0.381074
0.107004 0.561341 0.423301
0.400266 0.403300 0.331475
0.261744 0.391964 0.391152
0.467246 0.284481 0.247583
0.379936 0.286112 0.328404
0.463771 0.134900 0.128672
0.413992 0.149541 0.234132
0.388978 -0.007439 0.003829
0.266652 -0.097368 0.003293
0.263101 -0.084101 -0.128565
0.137778 -0.154081 0.003289
0.248511 -0.042277 -0.250783
0.136075 -0.135353 -0.149459
-0.000000 -0.173656 0.003663
-0.000000 -0.152300 -0.159547
0.129205 -0.082541 -0.280916
-0.000000 -0.094281 -0.294406
0.231931 0.027936 -0.324914
0.120249 0.006976 -0.352504
-0.000000 -0.002620 -0.364167
0.000000 0.133783 -0.402054
0.115071 0.137270 -0.387805
0.253990 0.283871 0.382661
0.347195 0.166920 0.306022
0.371003 0.010456 0.124100
0.340142 0.042094 0.222973
0.254602 -0.074843 0.128076
0.304937 0.064718 0.272918
0.235574 -0.031371 0.225291
0.131877 -0.129374 0.139066
0.245963 0.179173 0.359082
0.224363 0.034362 0.300266
0.120925 -0.077558 0.244494
0.111603 0.005317 0.320230
0.108946 0.159554 0.393187
0.108128 0.280343 0.427106
0.000000 0.154192 0.406143
0.106338 0.391034 0.432570
0.000000 0.278393 0.439499
-0.000000 -0.149542 0.147234
-0.000000 -0.092013 0.252242
0.000000 -0.006204 0.328877
-0.111603 0.005317 0.320230
-0.120925 -0.077558 0.244494
-0.131877 -0.129374 0.139066
-0.235574 -0.031371 0.225291
-0.137778 -0.154081 0.003289
-0.254602 -0.074843 0.128076
-0.266652 -0.097368 0.003293
0.000000 0.390651 0.446545
0.000000 0.563160 0.433520
-0.106338 0.391034 0.432570
-0.108128 0.280343 0.427106
-0.108946 0.159554 0.393187
-0.224363 0.034362 0.300266
-0.245963 0.179173 0.359082
-0.304937 0.064718 0.272918
-0.340142 0.042094 0.222973
-0.371003 0.010456 0.124100
-0.388978 -0.007439 0.003829
-0.463771 0.134900 0.128672
-0.490527 0.128906 0.003290
-0.413992 0.149541 0.234132
-0.347195 0.166920 0.306022
-0.253990 0.283871 0.382661
-0.379936 0.286112 0.328404
-0.261744 0.391964 0.391152
-0.107004 0.561341 0.423301
-0.467246 0.284481 0.247583
-0.400266 0.403300 0.331475
-0.271135 0.555814 0.381074
-0.119681 0.732382 0.383888
-0.527591 0.276561 0.134093
-0.495308 0.412052 0.249910
-0.408887 0.552540 0.321920
-0.274135 0.719659 0.346553
-0.131132 0.866072 0.312075
-0.555945 0.271062 0.001618
-0.560393 0.414112 0.133381
-0.500065 0.557620 0.240761
-0.399303 0.708941 0.293746
-0.140529 0.946491 0.238793
-0.278425 0.837383 0.285128
-0.375120 0.807297 0.259126
-0.296700 0.905970 0.217661
-0.149191 1.017743 0.121479
-0.480268 0.718745 0.222056
-0.418709 0.833441 0.206524
-0.325750 0.957865 0.110718
-0.154746 1.057507 -0.016036
-0.564284 0.569083 0.125496
-0.536585 0.741775 0.110759
-0.473207 0.871848 0.103392
-0.347241 0.988688 -0.022631
-0.591520 0.416604 -0.002692
-0.595282 0.580518 -0.009862
-0.564627 0.761534 -0.022624
-0.502564 0.893986 -0.027502
-0.543375 0.271641 -0.107686
-0.579117 0.417978 -0.121879
-0.582752 0.581590 -0.128883
-0.552732 0.761798 -0.140415
-0.498859 0.902160 -0.140221
-0.341457 0.979366 -0.165333
-0.148760 1.043064 -0.172804
-0.481335 0.133689 -0.107293
-0.487556 0.276696 -0.223638
-0.524091 0.419327 -0.242445
-0.527787 0.581925 -0.252519
-0.400634 0.423046 -0.351630
-0.503250 0.760957 -0.257244
-0.412176 0.581311 -0.367678
-0.452443 0.903126 -0.243047
-0.398836 0.762291 -0.366578
-0.285516 0.959669 -0.261412
-0.361625 0.904998 -0.339014
-0.145753 1.004753 -0.310896
-0.237397 0.906809 -0.390627
-0.262542 0.765979 -0.432295
-0.270271 0.583213 -0.439875
-0.263721 0.423805 -0.420213
-0.376034 0.279261 -0.318844
-0.435661 0.144072 -0.217072
-0.382311 -0.000759 -0.106914
-0.116386 0.907080 -0.420464
-0.126545 0.772103 -0.472410
-0.127706 0.588354 -0.483149
-0.126318 0.425794 -0.464665
-0.119654 0.273787 -0.414680
-0.250457 0.276587 -0.377449
-0.349710 0.147141 -0.299730
-0.236006 0.142419 -0.352641
-0.115071 0.137270 -0.387805
-0.357038 0.025190 -0.215672
-0.323248 0.062454 -0.286062
-0.231931 0.027936 -0.324914
-0.248511 -0.042277 -0.250783
-0.263101 -0.084101 -0.128565
-0.136075 -0.135353 -0.149459
-0.129205 -0.082541 -0.280916
-0.120249 0.006976 -0.352504
2.683637 0.793126 -0.075599
2.741727 0.793126 -0.050747
2.765222 0.793126 0.007901
2.740381 0.793126 0.065989
2.681732 0.793126 0.089490
-2.041929 0.805369 -0.063388
-2.044428 0.827629 -0.001880
-1.975746 0.805623 -0.051870
-1.975746 0.827497 -0.000001
-1.625628 0.826852 -0.002230
-1.625628 0.805168 -0.053914
-1.975746 0.805623 0.051868
-2.043750 0.805414 0.058961
-2.036079 0.752217 0.084289
-1.625628 0.805168 0.049454
-1.572837 0.847132 -0.002228
-1.572837 0.819509 -0.073919
-1.975746 0.752819 0.073353
-2.035172 0.698938 0.059151
-1.625628 0.752816 0.070862
-1.975746 0.700012 0.051868
-2.035261 0.678006 -0.002220
-1.572837 0.819509 0.069463
-1.975746 0.678138 -0.000001
-1.625628 0.700467 0.049454
-1.501496 0.847132 -0.002224
-1.501496 0.819509 -0.073915
-1.451722 0.804978 -0.054500
-1.501496 0.819509 0.069466
-1.572837 0.752819 0.099158
-1.501496 0.752819 0.099162
-1.572837 0.686126 0.069463
-1.501496 0.686126 0.069467
-1.451722 0.752819 0.071711
-1.451722 0.804978 0.050056
-1.451722 0.826583 -0.002222
-1.975746 0.700012 -0.051870
-2.035091 0.698717 -0.063796
-1.625628 0.678783 -0.002230
-1.572837 0.658504 -0.002228
-1.625628 0.700467 -0.053914
-1.975746 0.752819 -0.073355
-2.035482 0.752201 -0.088735
-1.625628 0.752816 -0.075323
-1.572837 0.686126 -0.073919
-1.572837 0.752819 -0.103614
-1.501496 0.752819 -0.103610
-1.501496 0.686126 -0.073915
-1.451722 0.752819 -0.076154
-1.244851 0.805206 -0.054845
-1.501496 0.658504 -0.002224
-1.451722 0.700658 -0.054500
-1.244851 0.752819 -0.076642
-0.992010 0.811061 -0.060886
-0.992010 0.752818 -0.085187
-1.244851 0.700431 -0.054845
-0.992010 0.694576 -0.060886
-1.451722 0.679052 -0.002222
-1.244851 0.678732 -0.002220
-1.451722 0.700658 0.050056
-1.244851 0.700431 0.050405
-0.992010 0.670451 -0.002220
-0.992010 0.694576 0.056447
-1.244851 0.752819 0.072203
-0.992010 0.752818 0.080747
-1.244851 0.805206 0.050405
-0.992010 0.811061 0.056447
-1.244851 0.826906 -0.002220
-0.992010 0.835186 -0.002220
-2.411219 0.755928 -0.052643
-2.412299 0.757482 -0.042974
-2.403924 0.811030 -0.072531
-2.410503 0.813895 -0.020770
-2.353307 0.846532 -0.063775
-2.383485 0.810212 -0.134915
-2.472405 0.797960 -0.110866
-2.479426 0.752727 -0.092712
-2.452428 0.797962 -0.159908
-2.552497 0.790662 -0.148382
-2.555570 0.744480 -0.126571
-2.576678 0.791894 -0.130514
-2.569286 0.748409 -0.112956
-2.647036 0.748409 -0.112507
-2.530353 0.790662 -0.196622
-2.608605 0.812946 -0.206411
-2.639847 0.793129 -0.130148
-2.702357 0.748409 -0.167173
-2.684780 0.798473 -0.174565
-2.685161 0.798473 -0.237745
-2.702789 0.748409 -0.244933
-2.648128 0.748409 -0.300236
-2.640736 0.798473 -0.282679
-2.577566 0.793129 -0.283042
-2.570378 0.748409 -0.300685
-2.532626 0.791894 -0.238627
-2.515070 0.748409 -0.246019
-2.514836 0.744480 -0.210222
-2.445126 0.743370 -0.179323
-2.374003 0.746192 -0.163613
-2.330247 0.842933 -0.119362
-2.343897 0.795013 -0.187354
-2.366490 0.746642 -0.172417
-2.394923 0.746611 -0.228560
-2.378258 0.792146 -0.239419
-2.423086 0.739857 -0.274544
-2.332843 0.792148 -0.268514
-2.410940 0.791828 -0.294317
-2.371550 0.791828 -0.319801
-2.295373 0.825724 -0.168871
-2.296544 0.793004 -0.224067
-2.444625 0.792476 -0.288234
-2.448357 0.748409 -0.269552
-2.512982 0.748409 -0.312796
-2.428212 0.812072 -0.368965
-2.497135 0.793126 -0.323370
-2.528100 0.748409 -0.389075
-2.509421 0.793126 -0.385346
-2.474282 0.793124 -0.437855
-2.484856 0.748409 -0.453702
-2.412306 0.793124 -0.450139
-2.408578 0.748409 -0.468821
-2.343950 0.748409 -0.425574
-2.359797 0.793126 -0.415000
-2.347513 0.792476 -0.353027
-2.328832 0.748409 -0.349296
-2.348949 0.746735 -0.318661
-2.318067 0.746611 -0.277790
-2.276533 0.746995 -0.244383
-2.254773 0.797749 -0.206998
-2.234509 0.747005 -0.228229
-2.270607 0.861883 -0.097789
-2.235172 0.843415 -0.142486
-2.190577 0.808948 -0.179829
-2.166496 0.748953 -0.200760
-2.216257 0.869765 -0.071960
-2.170905 0.852780 -0.104949
-2.114873 0.815104 -0.134970
-2.088355 0.749620 -0.155900
-2.124517 0.858988 -0.053703
-2.189236 0.874571 -0.039287
-2.237689 0.875813 -0.037681
-2.296317 0.867487 -0.048225
-2.242241 0.875765 0.007279
-2.181568 0.875183 0.005252
-2.115319 0.862730 0.002341
-2.124032 0.853382 0.057581
-2.186950 0.870880 0.049536
-2.156181 0.845170 0.108002
-2.097540 0.807408 0.131102
-2.070357 0.742392 0.142674
-2.119709 0.733903 0.195046
-2.150034 0.795478 0.182302
-2.307067 0.865361 0.009482
-2.363081 0.846232 -0.010162
-2.207567 0.865978 0.082026
-2.200196 0.830908 0.149961
-2.187918 0.783753 0.219202
-2.168497 0.725371 0.234628
-2.234786 0.872892 0.050578
-2.254247 0.854342 0.112934
-2.289848 0.863420 0.067111
-2.361547 0.847306 0.033021
-2.412959 0.816291 0.044140
-2.343800 0.846476 0.089633
-2.307481 0.835155 0.140986
-2.243793 0.809595 0.182569
-2.212401 0.775923 0.244883
-2.266302 0.775397 0.208472
-2.370242 0.810848 0.161487
-2.399282 0.817797 0.109792
-2.197880 0.721073 0.260373
-2.251649 0.772143 0.290761
-2.235070 0.719151 0.302138
-2.271430 0.720635 0.343421
-2.296066 0.769455 0.259344
-2.291100 0.768681 0.338183
-2.357897 0.752156 0.181072
-2.291898 0.719151 0.214237
-2.309137 0.713357 0.247820
-2.341857 0.720635 0.287277
-2.332540 0.768681 0.307167
-2.429002 0.752176 0.206806
-2.437844 0.801501 0.193923
-2.508936 0.749179 0.243635
-2.275825 0.771976 0.371965
-2.256889 0.720627 0.369877
-2.278599 0.720627 0.444548
-2.357877 0.786479 0.381005
-2.293465 0.772580 0.432633
-2.348837 0.771976 0.463060
-2.346749 0.720627 0.481995
-2.409505 0.771976 0.445419
-2.421420 0.720627 0.460284
-2.439932 0.771976 0.390047
-2.458867 0.720627 0.392133
-2.437155 0.720627 0.317464
-2.422291 0.771976 0.329377
-2.369004 0.720627 0.280017
-2.366919 0.771976 0.298953
-2.468179 0.801501 0.141025
-2.526903 0.796477 0.233961
-2.523546 0.795638 0.268694
-2.505044 0.748409 0.273233
-2.554452 0.796474 0.188312
-2.603627 0.813883 0.249220
-2.560929 0.794803 0.319629
-2.551049 0.748409 0.335920
-2.623388 0.793126 0.329209
-2.627909 0.748409 0.347711
-2.674315 0.793126 0.291826
-2.690596 0.748409 0.301701
-2.683891 0.793126 0.229375
-2.702407 0.748409 0.224838
-2.656383 0.748409 0.162150
-2.646502 0.794803 0.178441
-2.579522 0.748409 0.150358
-2.584069 0.795638 0.168860
-2.552979 0.747335 0.169350
-2.476571 0.752090 0.127336
-2.412563 0.749473 0.081833
-2.414196 0.749458 0.074067
-2.504602 0.807642 0.037444
-2.503409 0.745747 0.061680
-2.602713 0.747799 0.060107
-2.506462 0.807645 -0.014559
-2.506543 0.756263 -0.034547
-2.611222 0.795298 0.036564
-2.610765 0.795298 -0.022574
-2.601748 0.747794 -0.042745
-2.611399 0.701973 0.036833
-2.504531 0.700248 0.037245
-2.610714 0.701975 -0.022495
-2.506954 0.700248 -0.015269
-2.413533 0.699524 0.043259
-2.409256 0.699502 -0.020586
-2.359241 0.662875 0.032707
-2.400000 0.699529 0.109258
-2.468103 0.707449 0.140408
-2.437211 0.707449 0.193370
-2.554528 0.703515 0.188110
-2.527107 0.703515 0.233821
-2.338210 0.661475 0.086766
-2.369447 0.699499 0.160800
-2.584069 0.701069 0.168860
-2.603576 0.691125 0.249056
-2.646502 0.698626 0.178441
-2.683891 0.700300 0.229375
-2.674315 0.700300 0.291826
-2.623388 0.700300 0.329209
-2.560929 0.698626 0.319629
-2.523546 0.701069 0.268694
-2.302657 0.658559 0.133431
-2.268553 0.664099 0.208090
-2.267727 0.645763 0.005939
-2.252886 0.644041 0.056289
-2.240211 0.655946 0.178096
-2.224616 0.644604 0.097161
-2.193336 0.644058 0.002263
-2.185601 0.641945 0.039436
-2.178784 0.650573 0.138197
-2.167260 0.644678 0.065200
-2.212635 0.662237 0.245306
-2.183376 0.665722 0.217308
-2.153503 0.646154 0.000516
-2.153557 0.645277 0.038747
-2.127413 0.653012 0.092296
-2.133636 0.672438 0.176702
-2.295756 0.660634 0.259446
-2.251817 0.660634 0.290647
-2.193338 0.644924 -0.035784
-2.160074 0.647368 -0.038113
-2.103570 0.652781 0.049459
-2.082307 0.680434 0.124312
-2.101134 0.647838 -0.001306
-2.110682 0.654808 -0.052485
-2.291001 0.663919 0.338341
-2.333211 0.663919 0.306784
-2.180798 0.647739 -0.064409
-2.146107 0.657254 -0.096242
-2.102622 0.687782 -0.129543
-2.183679 0.693886 -0.176259
-2.216254 0.663728 -0.136822
-2.254164 0.698683 -0.204369
-2.245507 0.653731 -0.091717
-2.293724 0.677482 -0.163997
-2.297140 0.702362 -0.223771
-2.275825 0.662263 0.371965
-2.357877 0.652492 0.381005
-2.293465 0.663297 0.432633
-2.348837 0.656924 0.463060
-2.409505 0.656924 0.445419
-2.439932 0.656924 0.390047
-2.422291 0.663297 0.329377
-2.366919 0.662263 0.298953
-2.263823 0.648668 -0.045503
-2.329246 0.669771 -0.116090
-2.343577 0.702250 -0.187790
-2.332073 0.701074 -0.268346
-2.360854 0.665033 -0.012266
-2.352378 0.667617 -0.063252
-2.382733 0.699301 -0.135307
-2.403495 0.699527 -0.072335
-2.472179 0.701432 -0.111120
-2.377918 0.701074 -0.239216
-2.371143 0.700548 -0.319453
-2.452751 0.701432 -0.159002
-2.552827 0.702126 -0.148263
-2.530366 0.702126 -0.196509
-2.410788 0.700548 -0.293754
-2.576678 0.701214 -0.130514
-2.608580 0.692799 -0.206575
-2.639847 0.700300 -0.130148
-2.684780 0.694950 -0.174565
-2.685161 0.694950 -0.237745
-2.640736 0.694950 -0.282679
-2.577566 0.700300 -0.283042
-2.532626 0.701214 -0.238627
-2.428334 0.692799 -0.369164
-2.444625 0.700424 -0.288234
-2.497135 0.700300 -0.323370
-2.509421 0.700300 -0.385346
-2.474282 0.700300 -0.437855
-2.412306 0.700300 -0.450139
-2.359797 0.700300 -0.415000
-2.347513 0.700424 -0.353027
-0.102333 1.358068 0.514180
-0.103215 1.227748 0.550230
-0.000000 1.362081 0.523928
-0.197045 1.233351 0.525709
-0.000000 1.468583 0.465854
-0.195119 1.348797 0.490164
-0.102868 1.462005 0.457314
-0.195107 1.442701 0.432953
-0.000000 1.226846 0.559410
-0.197520 1.130146 0.546811
-0.104262 1.116471 0.569674
-0.287551 1.414354 0.399771
-0.292631 1.243346 0.482951
-0.291333 1.333786 0.448506
-0.000000 1.112435 0.579770
-0.295087 1.153824 0.503271
-0.346288 1.322991 0.411531
-0.351142 1.377473 0.364485
-0.356669 1.172861 0.458259
-0.350238 1.254238 0.438904
0.102333 1.358068 0.514180
0.103215 1.227748 0.550230
0.197045 1.233351 0.525709
0.102868 1.462005 0.457314
0.195119 1.348797 0.490164
0.195107 1.442701 0.432953
0.292631 1.243346 0.482951
0.197520 1.130146 0.546811
0.295087 1.153824 0.503271
0.287551 1.414354 0.399771
0.104262 1.116471 0.569674
0.356669 1.172861 0.458259
0.291333 1.333786 0.448506
0.350238 1.254238 0.438904
0.346288 1.322991 0.411531
0.351142 1.377473 0.364485
