1.308706 -0.350241 -0.207087
1.308706 -0.474100 -0.185623
1.308706 -0.574118 -0.101061
1.308706 -0.615428 0.031784
1.308706 -0.226382 -0.185623
1.308706 -0.126364 -0.101061
1.308706 -0.085053 0.031784
1.308706 -0.474100 0.249190
1.308706 -0.350241 0.270654
1.308706 -0.574118 0.164628
1.308706 -0.226382 0.249190
1.308706 -0.126364 0.164628
-1.308706 -0.474100 -0.185623
-1.308706 -0.350241 -0.207087
-1.308706 -0.574118 -0.101061
-1.308706 -0.615428 0.031784
-1.308706 -0.226382 -0.185623
-1.308706 -0.126364 -0.101061
-1.308706 -0.085054 0.031784
-1.308706 -0.350241 0.270654
-1.308706 -0.474100 0.249190
-1.308706 -0.574118 0.164628
-1.308706 -0.226382 0.249190
-1.308706 -0.126364 0.164628
-1.077786 -0.637990 0.031784
-1.070777 -0.595368 -0.127509
-1.056858 -0.639180 0.031784
-1.031785 -0.597932 -0.129427
-1.070777 -0.595368 0.191076
-1.032733 -0.599408 0.192160
-1.027228 -0.489933 0.294046
-0.984438 -0.491623 0.297876
-0.776488 -0.518314 -0.625717
-0.811262 -0.687097 -0.653486
-0.885263 -0.529103 -0.484696
-0.921401 -0.694623 -0.500626
-0.968126 -0.532153 -0.313524
-1.001516 -0.704937 -0.327533
-0.973865 -0.504265 0.358277
-0.918614 -0.348972 0.349145
-0.899676 -0.348766 0.386004
-1.062863 -0.682190 0.036810
-1.046883 -0.660038 0.208074
-1.038164 -0.637742 -0.135673
-1.018163 -0.858737 -0.332612
-1.019142 -1.012446 -0.329363
-1.065517 -0.874045 -0.147200
-1.063202 -1.017475 -0.147749
-0.981465 -0.506109 -0.254832
-1.046268 -0.688860 -0.140365
-0.879510 -0.354463 -0.357178
-0.820632 -0.356019 -0.463330
-0.725490 -0.352857 -0.577778
-0.638475 -0.353515 0.716970
-0.780839 -0.351399 0.581713
-0.696000 -0.516978 0.777349
-0.842172 -0.515922 0.628102
-0.524619 -0.523599 0.883280
-0.482965 -0.358257 0.811637
-1.004166 -0.709693 0.457036
-0.890705 -0.697697 0.656200
-0.947946 -0.523050 0.445407
-0.742057 -0.696323 0.811445
-0.563544 -0.702608 0.926872
-1.079584 -1.024827 0.040945
-1.073691 -0.882050 0.247707
-1.084095 -0.882194 0.044088
-0.941350 -0.852669 -0.506502
-0.945152 -1.011544 -0.502228
-1.055854 -0.757828 -0.145342
-1.063888 -0.764371 0.231730
-1.024357 -0.879420 0.460323
-0.919940 -0.879900 0.656865
-0.770543 -0.884033 0.819097
-0.590096 -0.890797 0.941571
-0.833677 -0.853061 -0.662974
-0.839797 -1.015580 -0.654307
-0.643889 -0.516852 -0.743529
-0.674369 -0.688971 -0.780548
-0.705194 -1.023403 -0.782713
-0.697409 -0.859328 -0.793300
-1.057781 -0.717181 0.222839
-1.071239 -0.733948 0.041459
-0.871718 -0.348174 0.440906
-0.899998 -0.352329 -0.299899
-0.981699 -0.493560 -0.232853
-0.903743 -0.351018 -0.285424
-0.812420 -0.203705 0.352059
-1.076240 -0.775650 0.043527
-1.060610 -0.350241 -0.263636
-1.091401 -0.487278 -0.220682
-1.169889 -0.350241 -0.239597
-1.169892 -0.484029 -0.208700
-1.111403 -0.592472 -0.123960
-1.169476 -0.588335 -0.118886
-1.112847 -0.635021 0.031784
-1.169476 -0.630226 0.031784
-1.027228 -0.489933 -0.230479
-0.959432 -0.350241 -0.279467
-1.169892 -0.216453 -0.208700
-1.027228 -0.210549 -0.230479
-1.169476 -0.112148 -0.118886
-0.996762 -0.099841 -0.133975
-1.169476 -0.070256 0.031784
-0.982913 -0.054462 0.031784
-0.800256 -0.046653 0.031784
-0.834828 -0.089125 -0.140439
-0.728683 -0.083326 -0.144818
-0.894772 -0.202041 -0.239683
-0.817526 -0.200684 -0.243769
-1.060610 -0.350241 0.327203
-1.169889 -0.350241 0.303164
-1.091401 -0.487278 0.284250
-1.169892 -0.484029 0.272267
-1.169476 -0.588335 0.182454
-1.111403 -0.592472 0.187527
-0.959432 -0.350241 0.343034
-1.027228 -0.210550 0.294046
-1.169892 -0.216453 0.272267
-1.169476 -0.112148 0.182454
-0.996762 -0.099841 0.197542
-0.834828 -0.089125 0.204006
-0.894772 -0.202041 0.303250
-0.823748 -0.201348 0.306170
-0.809545 -0.201418 -0.263749
-0.720702 -0.084606 -0.172934
-0.698896 -0.045142 0.045583
-0.736566 -0.087907 0.208234
-0.504761 -0.102047 0.563191
-0.377526 -0.101019 0.629554
-0.470458 -0.051451 0.514956
-0.677114 -0.050996 -0.140330
-0.631764 -0.057480 -0.278925
-0.706279 -0.086960 -0.217878
-0.665982 -0.093657 -0.325978
-0.602540 -0.097647 -0.421033
-0.567619 -0.059907 -0.380264
-0.722566 -0.088971 0.272395
-0.692681 -0.095151 0.353000
-0.785984 -0.207080 0.408769
-0.615309 -0.096668 0.452433
-0.569182 -0.046534 0.414536
-0.677289 -0.043414 0.193612
-0.635513 -0.041609 0.320434
-0.484458 -0.063247 -0.474120
-0.707751 -0.215331 0.525136
-0.789219 -0.203271 -0.314911
-0.668238 -0.207902 -0.503662
-0.748093 -0.207598 -0.399566
-0.573501 -0.218800 0.648737
-0.428077 -0.222406 0.730963
-0.506334 -0.098193 -0.510873
-0.555465 -0.210109 -0.600584
-0.603026 -0.353682 -0.682195
-0.776257 -1.075867 0.802100
-0.920639 -1.063494 0.640245
-1.020055 -1.050889 0.447943
-1.068518 -1.038746 0.241318
1.031785 -0.597931 -0.129427
1.070777 -0.595368 -0.127509
1.056858 -0.639179 0.031784
1.077786 -0.637990 0.031784
0.984438 -0.491622 0.297876
1.032733 -0.599407 0.192160
1.027228 -0.489933 0.294046
1.070777 -0.595368 0.191076
0.000000 -1.089150 1.074904
0.194047 -0.895131 1.065059
0.000000 -0.894886 1.081039
0.186850 -0.704577 1.035787
-0.000000 -0.703916 1.050269
0.174763 -0.523878 0.981770
0.349607 -0.525879 0.945523
0.373627 -0.707088 0.995319
0.316186 -0.361335 0.873470
0.152939 -0.359884 0.906356
1.019142 -1.012446 -0.329363
1.063202 -1.017475 -0.147749
0.998567 -1.162024 -0.314606
1.034670 -1.167022 -0.139053
0.839797 -1.015579 -0.654307
0.945152 -1.011543 -0.502228
0.827882 -1.170544 -0.628123
0.931159 -1.161598 -0.481730
0.445435 -1.045251 -0.928504
0.549681 -1.033874 -0.883070
0.451184 -1.189108 -0.882570
0.553752 -1.182872 -0.838986
0.776488 -0.518314 -0.625717
0.885263 -0.529103 -0.484696
0.811262 -0.687096 -0.653486
0.921401 -0.694623 -0.500626
0.968126 -0.532153 -0.313524
1.001516 -0.704937 -0.327533
0.899676 -0.348765 0.386004
0.973865 -0.504265 0.358277
0.918614 -0.348971 0.349145
1.046883 -0.660037 0.208074
1.062863 -0.682190 0.036810
1.038164 -0.637742 -0.135673
1.079584 -1.024827 0.040945
1.047296 -1.174874 0.040518
1.018163 -0.858737 -0.332612
1.065517 -0.874045 -0.147200
1.046268 -0.688859 -0.140365
0.981465 -0.506108 -0.254832
0.879510 -0.354462 -0.357178
0.820632 -0.356018 -0.463330
0.725490 -0.352857 -0.577778
0.638475 -0.353515 0.716970
0.696000 -0.516978 0.777349
0.780839 -0.351399 0.581713
0.842172 -0.515922 0.628102
0.524619 -0.523599 0.883280
0.482965 -0.358257 0.811637
0.890705 -0.697697 0.656200
0.947947 -0.523049 0.445407
1.004166 -0.709693 0.457036
0.742057 -0.696323 0.811445
0.563544 -0.702608 0.926872
1.084095 -0.882193 0.044088
1.073691 -0.882050 0.247707
0.941350 -0.852669 -0.506502
1.055854 -0.757827 -0.145342
1.024357 -0.879420 0.460323
1.063888 -0.764371 0.231730
0.919940 -0.879899 0.656865
0.770543 -0.884033 0.819097
0.590096 -0.890797 0.941571
0.387571 -0.897768 1.021192
-0.000000 -0.524288 0.995700
-0.000000 -0.359793 0.917950
0.833677 -0.853060 -0.662974
0.159273 -0.517215 -0.938374
0.323399 -0.531971 -0.902865
0.158298 -0.663126 -0.981087
0.335601 -0.723710 -0.952076
-0.000000 -0.509312 -0.948313
-0.000000 -0.646422 -0.989295
0.490278 -0.523413 -0.835908
0.510811 -0.704080 -0.882087
0.643889 -0.516852 -0.743529
0.674369 -0.688971 -0.780548
0.697409 -0.859328 -0.793300
0.705194 -1.023403 -0.782713
0.696427 -1.178784 -0.749216
0.414983 -0.895368 -0.949719
0.534404 -0.874915 -0.899920
0.538108 -1.333070 -0.768122
0.415295 -1.335382 -0.817400
1.057781 -0.717181 0.222839
1.071239 -0.733947 0.041459
0.871718 -0.348174 0.440906
0.899998 -0.352329 -0.299899
0.981700 -0.493559 -0.232853
0.903743 -0.351017 -0.285424
0.812420 -0.203705 0.352059
1.076240 -0.775650 0.043527
-0.194047 -0.895131 1.065059
-0.186850 -0.704577 1.035787
-0.373627 -0.707088 0.995319
-0.349607 -0.525879 0.945523
-0.174763 -0.523878 0.981770
-0.316187 -0.361335 0.873470
-0.152939 -0.359884 0.906356
-0.998567 -1.162025 -0.314606
-1.034670 -1.167022 -0.139053
-0.827882 -1.170544 -0.628123
-0.931159 -1.161598 -0.481730
-0.553751 -1.182872 -0.838986
-0.549681 -1.033874 -0.883070
-0.451184 -1.189108 -0.882570
-0.445435 -1.045251 -0.928504
-1.047296 -1.174874 0.040518
-0.387571 -0.897768 1.021192
-0.159273 -0.517215 -0.938374
-0.158298 -0.663126 -0.981087
-0.323399 -0.531971 -0.902865
-0.335601 -0.723710 -0.952076
-0.510811 -0.704080 -0.882087
-0.490278 -0.523413 -0.835908
-0.696427 -1.178784 -0.749216
-0.534404 -0.874915 -0.899920
-0.414983 -0.895368 -0.949719
-0.538108 -1.333070 -0.768122
-0.415294 -1.335382 -0.817400
1.060610 -0.350241 -0.263635
1.169889 -0.350241 -0.239597
1.091401 -0.487278 -0.220682
1.169892 -0.484029 -0.208700
1.169476 -0.588334 -0.118886
1.111403 -0.592472 -0.123960
1.112847 -0.635020 0.031784
1.169476 -0.630226 0.031784
1.027228 -0.489933 -0.230479
0.959432 -0.350241 -0.279467
1.027228 -0.210549 -0.230479
1.169892 -0.216453 -0.208700
1.169476 -0.112147 -0.118886
0.996762 -0.099840 -0.133975
0.982913 -0.054462 0.031784
1.169476 -0.070256 0.031784
0.800256 -0.046652 0.031784
0.834828 -0.089124 -0.140439
0.728683 -0.083326 -0.144818
0.894772 -0.202040 -0.239683
0.817526 -0.200683 -0.243769
1.060610 -0.350241 0.327203
1.091401 -0.487278 0.284250
1.169889 -0.350241 0.303164
1.169892 -0.484029 0.272267
1.111403 -0.592472 0.187527
1.169476 -0.588334 0.182454
0.959432 -0.350241 0.343034
1.169892 -0.216453 0.272267
1.027228 -0.210549 0.294046
1.169476 -0.112147 0.182454
0.996762 -0.099840 0.197542
0.834828 -0.089124 0.204006
0.894772 -0.202040 0.303250
0.823748 -0.201348 0.306170
0.809545 -0.201418 -0.263749
0.720702 -0.084606 -0.172934
0.698896 -0.045142 0.045583
0.736566 -0.087907 0.208234
0.504760 -0.102047 0.563191
0.470458 -0.051451 0.514956
0.377526 -0.101019 0.629554
0.114143 -0.098683 0.693542
0.109014 -0.073393 0.662954
-0.000000 -0.096686 0.702362
-0.000000 -0.073474 0.675677
0.665982 -0.093657 -0.325978
0.631764 -0.057480 -0.278925
0.706279 -0.086960 -0.217878
0.677114 -0.050996 -0.140330
0.567619 -0.059907 -0.380264
0.602540 -0.097647 -0.421033
0.722566 -0.088971 0.272395
0.692681 -0.095150 0.353000
0.785984 -0.207080 0.408769
0.569182 -0.046534 0.414536
0.615309 -0.096668 0.452433
0.677289 -0.043414 0.193612
0.635513 -0.041609 0.320434
0.484458 -0.063247 -0.474120
0.707751 -0.215330 0.525136
0.789219 -0.203271 -0.314911
-0.114143 -0.098683 0.693542
-0.109014 -0.073393 0.662954
0.668238 -0.207902 -0.503662
0.748093 -0.207598 -0.399566
0.573501 -0.218800 0.648737
0.428077 -0.222406 0.730963
0.506334 -0.098193 -0.510873
0.555465 -0.210109 -0.600584
0.603026 -0.353682 -0.682195
0.240536 -0.100085 0.672267
0.278653 -0.219880 0.782584
-0.000000 -0.103540 -0.679670
-0.000000 -0.078380 -0.654549
0.136548 -0.101792 -0.659463
0.131068 -0.078793 -0.636387
-0.000000 -0.219789 -0.779552
0.145854 -0.219681 -0.766279
-0.000000 -0.355578 -0.874222
0.155018 -0.358547 -0.864177
0.132714 -0.219412 0.810906
-0.000000 -0.218544 0.820650
0.380240 -0.069588 -0.543973
0.390683 -0.100040 -0.576162
0.308643 -0.360946 -0.828742
0.286048 -0.218740 -0.732271
0.253535 -0.100991 -0.627794
0.249657 -0.076730 -0.603302
0.426815 -0.215026 -0.676365
0.461022 -0.357512 -0.766258
-0.240536 -0.100085 0.672267
-0.278654 -0.219880 0.782584
-0.136548 -0.101792 -0.659463
-0.131068 -0.078793 -0.636387
-0.145854 -0.219681 -0.766279
-0.155018 -0.358547 -0.864177
-0.132714 -0.219412 0.810906
-0.380240 -0.069588 -0.543973
-0.390684 -0.100040 -0.576162
-0.308643 -0.360946 -0.828742
-0.286048 -0.218740 -0.732271
-0.253535 -0.100991 -0.627794
-0.249657 -0.076730 -0.603302
-0.426815 -0.215026 -0.676365
-0.461023 -0.357512 -0.766258
0.354759 -0.060446 0.590709
0.230474 -0.068815 0.636688
-0.354759 -0.060446 0.590709
-0.230475 -0.068815 0.636688
0.000000 -1.602568 -0.628889
0.000000 -1.554848 -0.705142
0.139904 -1.599697 -0.622674
0.135960 -1.534990 -0.720576
0.305989 -1.590176 -0.598902
0.319714 -1.488979 -0.721845
-0.139904 -1.599697 -0.622674
-0.135960 -1.534990 -0.720576
-0.305989 -1.590176 -0.598902
-0.319714 -1.488979 -0.721845
0.000000 -1.676172 -0.471885
0.145301 -1.672774 -0.465219
0.000000 -1.721113 -0.308631
0.143554 -1.717052 -0.304129
0.000000 -1.736842 -0.141075
0.139530 -1.732865 -0.138554
0.000000 -1.744615 0.038523
0.140991 -1.740913 0.043246
0.000000 -1.741391 0.238827
0.147071 -1.739484 0.229245
0.000000 -1.725948 0.418575
0.157368 -1.721918 0.407940
0.000000 -1.675841 0.594528
0.170132 -1.672960 0.581577
0.294999 -1.661962 -0.450097
0.287071 -1.705258 -0.292965
0.279748 -1.722836 -0.133868
0.333788 -1.657686 0.551461
0.309671 -1.707572 0.387872
0.290972 -1.728245 0.215919
0.281268 -1.730547 0.040079
-0.424678 -1.684557 -0.276632
-0.439290 -1.643381 -0.422758
-0.287071 -1.705259 -0.292965
-0.294998 -1.661962 -0.450097
-0.416956 -1.704720 -0.127547
-0.279748 -1.722836 -0.133868
-0.333788 -1.657687 0.551461
-0.486616 -1.634183 0.504607
-0.309671 -1.707572 0.387872
-0.453157 -1.683414 0.356444
-0.145301 -1.672774 -0.465219
-0.143553 -1.717052 -0.304129
-0.140991 -1.740913 0.043246
-0.139530 -1.732865 -0.138554
-0.147071 -1.739484 0.229245
-0.157368 -1.721918 0.407940
-0.170132 -1.672960 0.581577
-0.582259 -1.652860 0.314330
-0.620107 -1.601746 0.442749
-0.728868 -1.572357 0.358910
-0.687610 -1.619801 0.263949
-0.753070 -1.591633 0.222406
-0.800963 -1.545234 0.264704
-0.825245 -1.510771 -0.237291
-0.752300 -1.577403 -0.222029
-0.844340 -1.514360 -0.111590
-0.760470 -1.584435 -0.107240
-0.787068 -1.512814 -0.346255
-0.710601 -1.530252 -0.432222
-0.743434 -1.567296 -0.305829
-0.675904 -1.593413 -0.342004
-0.569462 -1.620321 -0.384661
-0.599336 -1.552614 -0.505656
-0.462299 -1.572180 -0.562670
-0.757529 -1.433693 -0.516501
-0.844263 -1.418773 -0.397087
-0.636831 -1.451809 -0.611923
-0.493338 -1.466341 -0.681202
-0.664037 -1.623370 -0.233850
-0.663957 -1.635805 -0.110385
-0.552436 -1.658606 -0.255882
-0.545592 -1.677524 -0.119215
-0.762708 -1.590386 0.017033
-0.759806 -1.593448 0.135021
-0.846911 -1.521344 0.020943
-0.835062 -1.530745 0.150276
-0.672239 -1.638778 0.148535
-0.666559 -1.641531 0.019878
-0.559470 -1.678839 0.172538
-0.547362 -1.684512 0.021913
-0.430137 -1.707928 0.196465
-0.418022 -1.712117 0.030653
-0.290972 -1.728245 0.215919
-0.281267 -1.730547 0.040079
-0.907863 -1.442699 0.177176
0.000000 -1.582269 0.761992
0.181280 -1.580541 0.746855
0.000000 -1.449004 0.908321
0.190051 -1.445024 0.893213
0.358378 -1.569025 0.708825
0.379695 -1.439422 0.848429
-0.358378 -1.569025 0.708825
-0.523692 -1.549365 0.645106
-0.379695 -1.439422 0.848429
-0.561572 -1.428503 0.772883
-0.391411 -1.272975 0.956067
-0.588337 -1.269719 0.870298
-0.391946 -1.087986 1.014453
-0.596045 -1.085412 0.928236
-0.181280 -1.580541 0.746855
-0.190051 -1.445024 0.893213
0.000000 -1.280481 1.015817
-0.197247 -1.278463 1.000040
-0.197741 -1.088982 1.059652
-0.669640 -1.523586 0.557074
-0.785378 -1.493313 0.446120
-0.863831 -1.462844 0.318488
-0.893318 -1.417049 -0.263088
-0.920719 -1.420018 -0.119938
-0.722101 -1.408624 0.665486
-0.849174 -1.384079 0.529141
-0.935384 -1.353418 0.374257
-0.952269 -1.299149 -0.289977
-0.985917 -1.302815 -0.129887
-0.674320 -1.324218 -0.690687
-0.799697 -1.311310 -0.582248
-0.758945 -1.256419 0.749807
-0.894898 -1.237162 0.595738
-0.989383 -1.214254 0.417813
-0.895367 -1.301199 -0.443966
-1.036993 -1.192973 0.228623
-0.994276 -1.311404 0.036289
-0.980087 -1.329185 0.206122
-0.924983 -1.428573 0.028601
0.523692 -1.549365 0.645106
0.486616 -1.634183 0.504607
0.561572 -1.428503 0.772883
0.391411 -1.272975 0.956067
0.588337 -1.269719 0.870298
0.391946 -1.087986 1.014453
0.596045 -1.085412 0.928236
0.197247 -1.278463 1.000040
0.197741 -1.088982 1.059652
0.620107 -1.601746 0.442749
0.669640 -1.523586 0.557074
0.785379 -1.493312 0.446120
0.728868 -1.572357 0.358910
0.863831 -1.462843 0.318488
0.800963 -1.545234 0.264704
0.893318 -1.417049 -0.263088
0.920720 -1.420018 -0.119938
0.825245 -1.510771 -0.237291
0.844341 -1.514359 -0.111590
0.722101 -1.408624 0.665486
0.849174 -1.384079 0.529141
0.935384 -1.353418 0.374257
0.952269 -1.299149 -0.289977
0.985917 -1.302814 -0.129887
0.674320 -1.324218 -0.690687
0.799697 -1.311309 -0.582248
0.636832 -1.451809 -0.611923
0.757529 -1.433693 -0.516501
0.776257 -1.075867 0.802100
0.758945 -1.256419 0.749807
0.920639 -1.063493 0.640245
0.894898 -1.237162 0.595738
0.989383 -1.214254 0.417813
0.895367 -1.301198 -0.443966
1.036993 -1.192973 0.228623
1.068518 -1.038746 0.241318
0.994276 -1.311404 0.036289
0.980087 -1.329185 0.206122
0.924983 -1.428573 0.028601
0.907863 -1.442698 0.177176
0.835062 -1.530745 0.150276
0.846911 -1.521344 0.020943
0.844264 -1.418773 -0.397087
0.787068 -1.512814 -0.346255
1.020055 -1.050889 0.447943
0.269475 -0.984225 -0.997493
0.201961 -0.911847 -1.013777
0.336808 -0.937378 -0.984144
0.255001 -0.834059 -1.001722
0.304002 -1.064927 -0.977982
0.373896 -1.052742 -0.958729
0.318056 -1.175503 -0.940186
0.381024 -1.178787 -0.916648
0.133282 -0.773443 -1.010962
0.113896 -0.856176 -1.018194
-0.000000 -0.754673 -1.014574
0.000000 -0.834692 -1.021884
0.367681 -1.314303 -0.852888
-0.255001 -0.834059 -1.001722
-0.201960 -0.911847 -1.013777
-0.336808 -0.937378 -0.984144
-0.269475 -0.984226 -0.997493
-0.381024 -1.178787 -0.916648
-0.373896 -1.052742 -0.958729
-0.318056 -1.175503 -0.940186
-0.304002 -1.064927 -0.977982
-0.113896 -0.856176 -1.018194
-0.133282 -0.773443 -1.010962
-0.367681 -1.314303 -0.852888
0.439290 -1.643381 -0.422758
0.424678 -1.684557 -0.276632
0.416956 -1.704720 -0.127547
0.453157 -1.683413 0.356444
0.582259 -1.652860 0.314330
0.687610 -1.619801 0.263949
0.753070 -1.591633 0.222406
0.752300 -1.577403 -0.222029
0.760470 -1.584435 -0.107240
0.743435 -1.567296 -0.305829
0.710601 -1.530251 -0.432222
0.675904 -1.593412 -0.342004
0.599336 -1.552613 -0.505656
0.569462 -1.620321 -0.384661
0.462299 -1.572180 -0.562670
0.493338 -1.466341 -0.681202
0.664037 -1.623370 -0.233850
0.663957 -1.635805 -0.110385
0.552437 -1.658605 -0.255882
0.545592 -1.677524 -0.119215
0.759806 -1.593448 0.135021
0.762709 -1.590386 0.017033
0.672239 -1.638778 0.148535
0.666559 -1.641531 0.019878
0.547362 -1.684512 0.021913
0.559470 -1.678839 0.172538
0.430137 -1.707928 0.196465
0.418023 -1.712117 0.030653
0.110795 -1.419584 -0.914382
0.092216 -1.320214 -1.130855
0.208595 -1.361818 -0.935426
0.167776 -1.279746 -1.136283
0.282777 -1.263913 -0.979311
0.234036 -1.202426 -1.148062
0.289622 -1.165392 -1.015652
0.245132 -1.127967 -1.153857
0.281423 -1.065277 -1.046152
0.242045 -1.049213 -1.160149
0.000000 -1.519455 -0.746554
0.000000 -1.454152 -0.898868
0.124362 -1.491927 -0.763191
0.078208 -0.887862 -1.296731
0.094043 -0.874880 -1.167031
0.135803 -0.923598 -1.293713
0.165002 -0.919178 -1.165832
-0.000000 -0.864336 -1.297679
-0.000000 -0.850077 -1.165832
0.105447 -0.865116 -1.081094
0.187385 -0.914705 -1.074183
0.014947 -0.958904 -1.673884
0.052898 -0.948192 -1.589506
0.019613 -0.965847 -1.673884
0.064247 -0.970295 -1.589506
0.097760 -0.932790 -1.441068
0.123599 -0.973432 -1.441068
0.058010 -0.904024 -1.442575
0.199356 -1.094301 -1.282298
0.197297 -1.032276 -1.286446
0.139483 -1.218185 -1.274013
0.190148 -1.152718 -1.278391
0.020457 -0.990489 -1.673884
0.066681 -1.032377 -1.589506
0.016117 -0.995927 -1.673884
0.050136 -1.053414 -1.589506
0.096031 -1.132996 -1.441064
0.128921 -1.089720 -1.441068
-0.000000 -0.842502 -1.081881
0.000000 -0.971568 -1.689310
0.021932 -0.981483 -1.673884
0.021917 -0.972722 -1.673884
-0.000000 -0.951427 -1.673884
0.008557 -0.955204 -1.673884
0.000000 -1.004769 -1.673884
0.009299 -1.000334 -1.673884
0.033363 -0.929240 -1.591465
-0.000000 -0.919594 -1.589506
-0.000000 -0.886302 -1.441064
0.000000 -1.344618 -1.128424
0.000000 -1.276028 -1.270141
0.077627 -1.253512 -1.271648
0.000000 -1.182050 -1.441068
0.053878 -1.160293 -1.441068
0.028265 -1.067169 -1.589506
0.000000 -1.078588 -1.589506
0.235013 -1.421830 -0.803642
0.311955 -1.300849 -0.874939
0.135682 -1.010623 -1.441064
0.135983 -1.051483 -1.441068
0.069846 -0.989758 -1.589506
0.070022 -1.011529 -1.589506
0.248142 -0.982826 -1.063202
0.215527 -0.980133 -1.164909
0.176916 -0.977143 -1.290132
0.287349 -1.463966 -0.760886
-0.110795 -1.419584 -0.914382
-0.208595 -1.361818 -0.935426
-0.092216 -1.320214 -1.130855
-0.167776 -1.279746 -1.136283
-0.282776 -1.263913 -0.979311
-0.234036 -1.202426 -1.148062
-0.289622 -1.165392 -1.015652
-0.281423 -1.065277 -1.046152
-0.245132 -1.127967 -1.153857
-0.242045 -1.049213 -1.160149
-0.124362 -1.491927 -0.763191
-0.078208 -0.887862 -1.296731
-0.135803 -0.923599 -1.293713
-0.094043 -0.874880 -1.167031
-0.165002 -0.919178 -1.165832
-0.187385 -0.914705 -1.074183
-0.105447 -0.865116 -1.081094
-0.014947 -0.958904 -1.673884
-0.019613 -0.965847 -1.673884
-0.052898 -0.948192 -1.589506
-0.064247 -0.970295 -1.589506
-0.123599 -0.973432 -1.441068
-0.097760 -0.932790 -1.441068
-0.058010 -0.904024 -1.442575
-0.197297 -1.032276 -1.286446
-0.199356 -1.094301 -1.282298
-0.139483 -1.218185 -1.274013
-0.190148 -1.152718 -1.278391
-0.050136 -1.053414 -1.589506
-0.066681 -1.032377 -1.589506
-0.016117 -0.995927 -1.673884
-0.020457 -0.990489 -1.673884
-0.096031 -1.132996 -1.441064
-0.128920 -1.089720 -1.441068
-0.021932 -0.981483 -1.673884
-0.021917 -0.972722 -1.673884
-0.008557 -0.955204 -1.673884
-0.009299 -1.000334 -1.673884
-0.033363 -0.929240 -1.591465
-0.077627 -1.253512 -1.271648
-0.053878 -1.160293 -1.441068
-0.028265 -1.067169 -1.589506
-0.235013 -1.421830 -0.803642
-0.311955 -1.300849 -0.874939
-0.135983 -1.051483 -1.441068
-0.135682 -1.010623 -1.441064
-0.070022 -1.011529 -1.589506
-0.069845 -0.989758 -1.589506
-0.248142 -0.982826 -1.063202
-0.215527 -0.980133 -1.164909
-0.176916 -0.977143 -1.290132
-0.287349 -1.463966 -0.760886
0.363537 0.431329 0.814624
0.226691 0.431944 0.852675
0.366419 0.394777 0.813018
0.730984 0.436893 0.536821
0.619054 0.429436 0.659554
0.648995 0.302020 0.612214
0.618292 0.328513 0.648684
0.505782 0.367467 0.744376
0.573033 0.349462 0.694182
0.501837 0.427453 0.747282
0.480604 0.607274 0.742641
0.339934 0.611229 0.805405
0.716232 0.600702 0.526266
0.601242 0.600423 0.652241
-0.618292 0.328513 0.648684
-0.619054 0.429436 0.659554
-0.648995 0.302020 0.612214
-0.730984 0.436893 0.536821
-0.573033 0.349462 0.694182
-0.501837 0.427453 0.747282
-0.505782 0.367467 0.744376
-0.366419 0.394777 0.813018
-0.363537 0.431329 0.814624
-0.339934 0.611229 0.805405
-0.480604 0.607274 0.742641
-0.601242 0.600423 0.652241
-0.716232 0.600702 0.526266
-0.000000 0.624956 0.870687
-0.195089 0.613688 0.846520
-0.079715 0.546133 0.879280
-0.133521 0.516409 0.872439
-0.000000 0.557937 0.885687
0.079715 0.546133 0.879280
-0.226691 0.431944 0.852675
0.133521 0.516409 0.872439
0.195089 0.613688 0.846520
-0.186048 0.464812 0.862576
0.186048 0.464812 0.862576
0.162765 0.779767 0.796515
0.319089 0.758944 0.762559
0.451485 0.750484 0.704768
0.422177 0.867428 0.653123
0.290560 0.887105 0.698609
0.146854 0.905315 0.721961
0.673508 0.750002 0.508146
0.569665 0.742803 0.623563
0.611962 0.874745 0.485805
0.531113 0.858839 0.585938
-0.000000 0.793323 0.806755
-0.000000 0.913059 0.728966
-0.162765 0.779767 0.796515
-0.319089 0.758944 0.762559
-0.451485 0.750484 0.704768
-0.422177 0.867428 0.653123
-0.290560 0.887105 0.698609
-0.146854 0.905315 0.721961
-0.673508 0.750002 0.508146
-0.569665 0.742803 0.623563
-0.611962 0.874745 0.485805
-0.531113 0.858839 0.585938
-0.243019 -0.012197 0.682416
-0.118199 -0.034545 0.692125
-0.240559 -0.029432 0.706226
-0.117163 -0.051385 0.715019
-0.331094 -0.003646 0.693541
-0.312943 -0.059397 0.771742
-0.230474 -0.070585 0.762128
-0.334850 0.010155 0.673278
-0.000000 -0.043638 0.698095
-0.000000 -0.060068 0.715536
-0.480891 0.059713 0.662261
-0.568468 0.105101 0.647513
-0.487046 0.076178 0.630606
-0.573606 0.124144 0.597798
-0.627032 0.167428 0.645372
-0.640157 0.187786 0.568259
-0.643501 0.223770 0.650709
-0.664342 0.257873 0.573736
-0.399004 0.037826 0.660687
-0.391705 0.027446 0.680339
-0.598728 0.121462 0.733454
-0.555735 0.071705 0.705453
-0.471193 0.029838 0.720996
-0.408024 0.003118 0.735765
-0.368147 -0.019202 0.801036
-0.354119 -0.041305 0.786526
-0.114120 -0.079136 0.752087
-0.000000 -0.081081 0.745390
-0.462093 -0.017778 0.799484
-0.518719 0.010935 0.812592
0.243019 -0.012197 0.682416
0.240559 -0.029432 0.706226
0.118199 -0.034545 0.692125
0.117163 -0.051385 0.715019
0.230474 -0.070585 0.762128
0.312943 -0.059397 0.771742
0.331094 -0.003646 0.693541
0.334850 0.010155 0.673278
0.480891 0.059713 0.662261
0.487046 0.076178 0.630606
0.568468 0.105101 0.647513
0.573606 0.124144 0.597798
0.627032 0.167428 0.645372
0.640157 0.187786 0.568259
0.664342 0.257873 0.573736
0.643501 0.223770 0.650709
0.399004 0.037826 0.660687
0.391705 0.027446 0.680339
0.555735 0.071705 0.705453
0.598728 0.121462 0.733454
0.471193 0.029838 0.720996
0.408023 0.003118 0.735765
0.368146 -0.019202 0.801036
0.354118 -0.041305 0.786526
0.114120 -0.079136 0.752087
0.518718 0.010935 0.812592
0.462093 -0.017778 0.799484
-0.316224 -0.107853 0.875988
-0.274283 -0.122255 0.856050
-0.264910 -0.183592 0.970963
-0.272839 -0.173450 0.995336
-0.330354 -0.087114 0.894168
-0.348994 -0.010644 0.805733
-0.313051 -0.078734 0.899861
-0.258430 -0.162374 1.003352
-0.208147 0.039893 0.658271
-0.107148 0.050070 0.632558
-0.225951 0.078014 0.571004
-0.114871 0.085957 0.534943
-0.000000 0.052935 0.622356
-0.000000 0.086614 0.519597
-0.293511 -0.011165 0.754640
-0.321296 0.045118 0.671847
-0.279427 0.005563 0.710493
-0.278010 -0.095053 0.879923
-0.245047 0.023931 0.670497
-0.296396 0.069138 0.616103
-0.102853 0.058072 0.698168
-0.000000 0.063801 0.691929
-0.202403 0.039225 0.717145
-0.253453 0.017926 0.734030
-0.498402 -0.053871 0.911329
-0.449145 -0.078685 0.885103
-0.548177 0.059541 0.845299
-0.524968 -0.003656 0.946765
-0.548114 0.096547 0.872148
-0.524290 0.039145 0.975191
-0.533956 0.136448 0.901652
-0.508814 0.084568 1.005443
-0.501064 0.176336 0.936290
-0.477862 0.128289 1.034916
-0.461068 0.203171 0.968196
-0.442808 0.162511 1.059191
-0.448002 0.295910 0.879294
-0.383916 0.232989 1.011043
-0.333846 0.330699 0.908559
-0.291615 0.315747 0.953854
-0.359693 0.379494 0.840511
-0.492597 0.347843 0.785827
-0.228855 0.405203 0.881007
-0.640147 0.270929 0.668616
-0.569255 0.328205 0.736766
-0.185092 0.449878 0.890601
-0.609300 0.304203 0.705216
-0.133732 0.488206 0.916638
-0.079354 0.504700 0.930439
-0.000000 0.514531 0.939969
-0.442053 -0.140319 0.964384
-0.348477 -0.147345 0.953067
-0.361148 -0.071904 0.861796
-0.499259 -0.110557 0.991461
-0.398465 -0.032153 0.797245
-0.370609 0.201251 1.089380
-0.272919 0.262689 1.051360
-0.274850 0.227285 1.120118
-0.176937 0.272034 1.082532
-0.180696 0.238701 1.148136
-0.086844 0.276332 1.108997
-0.087912 0.243796 1.170791
-0.000000 0.280704 1.121990
-0.000000 0.246948 1.183368
-0.087442 0.324645 1.046062
-0.000000 0.325971 1.060719
-0.167229 0.319462 1.018188
-0.252056 0.316465 0.978213
-0.604086 0.160325 0.762817
-0.523569 -0.022343 1.467550
-0.456294 0.065270 1.364007
-0.512976 0.017325 1.340875
-0.445277 0.093364 1.252721
-0.496409 0.052386 1.226837
-0.441227 0.127383 1.149430
-0.483304 0.090318 1.124060
-0.517505 0.270103 0.855288
-0.561659 0.237326 0.829071
-0.000000 0.140009 1.444282
-0.000000 0.175461 1.343596
-0.095664 0.140991 1.433898
-0.091837 0.175038 1.333335
-0.193261 0.136287 1.417289
-0.187804 0.169422 1.316044
-0.287860 0.122245 1.399830
-0.281257 0.155128 1.295903
-0.370102 0.128894 1.275027
-0.378499 0.096701 1.382931
-0.551272 -0.046401 1.310815
-0.532876 -0.000376 1.196794
-0.564667 -0.116222 1.269609
-0.548222 -0.058768 1.159740
-0.549943 -0.185792 1.220643
-0.540203 -0.119205 1.119443
-0.502005 -0.244233 1.172796
-0.501473 -0.173992 1.077307
-0.560946 -0.099173 1.440931
-0.566898 -0.182210 1.398323
-0.540262 -0.253525 1.336713
-0.482101 -0.309381 1.275016
-0.529078 -0.058250 1.029456
-0.595433 0.197421 0.795462
-0.214113 0.354792 0.927127
-0.147291 0.353274 0.980371
-0.180584 0.413471 0.923133
-0.140597 0.427149 0.950839
-0.277453 0.190584 1.200477
-0.183802 0.203916 1.224777
-0.088996 0.209564 1.244117
-0.080087 0.354778 1.015589
-0.000000 0.211393 1.255798
-0.000000 0.356082 1.029834
-0.081808 0.439953 0.975660
-0.367454 0.164504 1.175439
-0.515609 0.043321 1.094700
-0.531239 -0.007647 1.062122
-0.000000 0.447238 0.986355
-0.109562 0.099149 0.585854
-0.000000 0.106175 0.568035
-0.106231 -0.039399 0.839361
-0.108324 0.018591 0.756295
-0.000000 -0.032709 0.829890
-0.000000 0.031013 0.736125
-0.222730 0.085054 0.610374
-0.231733 0.001905 0.776286
-0.231235 -0.048989 0.856921
-0.102210 -0.133818 0.948629
-0.000000 -0.129935 0.945415
-0.404809 -0.334223 1.226169
-0.421625 -0.280339 1.137976
-0.294549 -0.351070 1.235129
-0.310325 -0.284554 1.133426
-0.000000 -0.373247 1.269162
-0.102269 -0.366689 1.257313
-0.000000 -0.281374 1.134979
-0.098312 -0.282305 1.134559
-0.431694 -0.207147 1.044208
-0.331186 -0.213827 1.034660
-0.097864 -0.204978 1.035094
-0.000000 -0.203198 1.033485
-0.209088 -0.359219 1.244995
-0.213755 -0.283889 1.133597
-0.217748 -0.206888 1.037318
-0.223805 -0.137913 0.952867
0.264910 -0.183592 0.970963
0.274282 -0.122255 0.856050
0.316224 -0.107853 0.875988
0.272839 -0.173450 0.995336
0.330354 -0.087114 0.894168
0.348993 -0.010644 0.805733
0.313051 -0.078734 0.899861
0.258430 -0.162374 1.003352
0.114871 0.085957 0.534943
0.107148 0.050070 0.632558
0.225951 0.078014 0.571004
0.208147 0.039893 0.658271
0.293511 -0.011165 0.754640
0.278010 -0.095053 0.879923
0.296396 0.069138 0.616103
0.245047 0.023931 0.670497
0.279427 0.005563 0.710493
0.321295 0.045118 0.671847
0.102853 0.058072 0.698168
0.202403 0.039225 0.717145
0.253453 0.017926 0.734030
0.449145 -0.078685 0.885103
0.498402 -0.053871 0.911329
0.524968 -0.003656 0.946764
0.548177 0.059541 0.845299
0.548114 0.096547 0.872148
0.524290 0.039145 0.975191
0.533956 0.136448 0.901652
0.508814 0.084568 1.005443
0.501064 0.176336 0.936290
0.477862 0.128289 1.034916
0.461068 0.203171 0.968196
0.442808 0.162511 1.059191
0.448002 0.295910 0.879294
0.333846 0.330699 0.908559
0.383916 0.232989 1.011043
0.291615 0.315747 0.953854
0.359693 0.379494 0.840511
0.492597 0.347843 0.785827
0.228854 0.405203 0.881007
0.640147 0.270929 0.668616
0.569255 0.328205 0.736766
0.185092 0.449878 0.890601
0.609300 0.304203 0.705216
0.079354 0.504700 0.930439
0.133732 0.488206 0.916638
0.442053 -0.140319 0.964384
0.348476 -0.147345 0.953067
0.361148 -0.071904 0.861796
0.499259 -0.110557 0.991461
0.398465 -0.032153 0.797245
0.370609 0.201251 1.089380
0.272919 0.262689 1.051360
0.274850 0.227285 1.120118
0.176936 0.272034 1.082532
0.180695 0.238701 1.148136
0.086844 0.276332 1.108997
0.087911 0.243796 1.170791
0.087442 0.324645 1.046062
0.167228 0.319462 1.018188
0.252056 0.316465 0.978213
0.604086 0.160325 0.762817
0.512976 0.017325 1.340875
0.456294 0.065270 1.364007
0.523569 -0.022343 1.467550
0.445277 0.093364 1.252721
0.496409 0.052386 1.226837
0.441227 0.127383 1.149430
0.483304 0.090318 1.124060
0.517505 0.270103 0.855288
0.561659 0.237326 0.829071
0.095664 0.140991 1.433898
0.091837 0.175038 1.333335
0.193261 0.136287 1.417289
0.187804 0.169422 1.316044
0.287860 0.122245 1.399830
0.281257 0.155128 1.295903
0.370101 0.128894 1.275027
0.378499 0.096701 1.382931
0.532876 -0.000376 1.196794
0.551272 -0.046401 1.310815
0.548222 -0.058768 1.159740
0.564667 -0.116222 1.269609
0.540203 -0.119205 1.119443
0.549943 -0.185792 1.220643
0.501473 -0.173992 1.077307
0.502004 -0.244233 1.172796
0.560946 -0.099173 1.440931
0.566898 -0.182210 1.398323
0.540262 -0.253525 1.336713
0.482101 -0.309381 1.275016
0.529078 -0.058250 1.029456
0.595433 0.197421 0.795462
0.214113 0.354792 0.927127
0.180584 0.413471 0.923133
0.147291 0.353274 0.980371
0.140597 0.427149 0.950839
0.277453 0.190584 1.200477
0.183801 0.203916 1.224777
0.088996 0.209564 1.244117
0.080087 0.354778 1.015589
0.081807 0.439953 0.975660
0.367454 0.164504 1.175439
0.515609 0.043321 1.094700
0.531239 -0.007647 1.062122
0.109562 0.099149 0.585854
0.108324 0.018591 0.756295
0.106231 -0.039399 0.839361
0.222730 0.085054 0.610374
0.231234 -0.048989 0.856921
0.231733 0.001905 0.776286
0.102210 -0.133818 0.948629
0.421625 -0.280339 1.137976
0.404809 -0.334223 1.226169
0.310325 -0.284554 1.133426
0.294549 -0.351070 1.235129
0.102269 -0.366689 1.257313
0.098312 -0.282305 1.134559
0.431693 -0.207147 1.044208
0.331186 -0.213827 1.034660
0.097864 -0.204978 1.035094
0.213755 -0.283889 1.133597
0.209088 -0.359219 1.244995
0.217748 -0.206888 1.037318
0.223805 -0.137913 0.952867
-0.203134 -0.133405 0.846754
-0.234185 -0.186586 0.940452
-0.203707 -0.217209 0.981343
-0.213885 -0.223175 1.017233
-0.216572 -0.216925 1.049234
-0.204838 -0.207755 1.056169
-0.229723 -0.174006 0.986918
-0.189957 -0.198799 1.020888
-0.094188 -0.026588 0.881696
-0.000000 -0.021741 0.881346
-0.188188 -0.036336 0.882794
-0.214313 -0.140638 0.988621
-0.254630 -0.058929 0.881762
-0.191627 -0.169802 1.014278
-0.398080 -0.217667 1.773643
-0.488159 -0.190363 1.675713
-0.387518 -0.313701 1.708966
-0.480167 -0.279633 1.617027
-0.000000 -0.246590 1.899173
-0.000000 -0.141456 1.895942
-0.142198 -0.242029 1.883806
-0.136683 -0.138913 1.883222
-0.277143 -0.234762 1.844335
-0.268118 -0.133513 1.848906
-0.385717 -0.120132 1.788499
-0.469542 -0.097662 1.700180
-0.127761 -0.056246 1.844842
-0.000000 -0.052581 1.851920
-0.249709 -0.050906 1.814009
-0.360183 -0.044554 1.766973
-0.430053 -0.025879 1.693392
-0.511269 -0.062062 1.588768
-0.457025 0.004570 1.596130
-0.463775 0.033356 1.485170
-0.212164 -0.404055 1.347964
-0.104594 -0.411833 1.363223
-0.105996 -0.432527 1.476555
-0.215693 -0.424071 1.452962
-0.000000 -0.437518 1.611473
-0.115798 -0.435199 1.598215
-0.000000 -0.434105 1.484942
-0.000000 -0.412456 1.728789
-0.127915 -0.411942 1.713212
-0.000000 -0.345338 1.840953
-0.138939 -0.344743 1.822452
-0.000000 0.103507 1.559947
-0.099278 0.104745 1.549237
-0.200931 0.101447 1.530932
-0.297130 0.090790 1.513201
-0.000000 0.063843 1.672264
-0.105414 0.066025 1.661230
-0.211432 0.065483 1.639431
-0.307770 0.060293 1.617513
-0.385871 0.068914 1.497414
-0.388281 0.044401 1.598631
-0.542934 -0.149402 1.564374
-0.538640 -0.236549 1.512592
-0.504844 -0.307727 1.448433
-0.448708 -0.357820 1.378370
-0.378457 -0.382466 1.329610
-0.292963 -0.396039 1.337976
-0.226965 0.018416 1.737515
-0.324631 0.019685 1.706133
-0.114638 0.013757 1.762143
-0.000000 0.014334 1.770925
-0.270384 -0.333996 1.779256
-0.358900 -0.382767 1.617212
-0.249567 -0.402866 1.674188
-0.323849 -0.410539 1.523336
-0.226073 -0.427886 1.566501
-0.386627 0.019080 1.671414
-0.446029 -0.349409 1.540281
-0.400161 -0.387219 1.466868
-0.361232 -0.401180 1.407780
-0.297605 -0.413666 1.428264
-0.000000 -0.416163 1.376317
0.234184 -0.186586 0.940452
0.203134 -0.133405 0.846754
0.213885 -0.223175 1.017233
0.203707 -0.217209 0.981343
0.216572 -0.216925 1.049234
0.204838 -0.207755 1.056169
0.189957 -0.198799 1.020888
0.229723 -0.174006 0.986918
0.094187 -0.026588 0.881696
0.188188 -0.036336 0.882794
0.214313 -0.140638 0.988621
0.254630 -0.058929 0.881762
0.191627 -0.169802 1.014278
0.480167 -0.279633 1.617027
0.488158 -0.190363 1.675713
0.387518 -0.313701 1.708966
0.398080 -0.217667 1.773643
0.142198 -0.242029 1.883806
0.136683 -0.138913 1.883222
0.277143 -0.234762 1.844335
0.268118 -0.133513 1.848906
0.385717 -0.120132 1.788499
0.469542 -0.097662 1.700180
0.127761 -0.056246 1.844842
0.249709 -0.050906 1.814009
0.360183 -0.044554 1.766973
0.511269 -0.062062 1.588768
0.430053 -0.025879 1.693392
0.457025 0.004570 1.596130
0.463775 0.033356 1.485170
0.212164 -0.404055 1.347964
0.104594 -0.411833 1.363223
0.105996 -0.432527 1.476555
0.215693 -0.424071 1.452962
0.115798 -0.435199 1.598215
0.127915 -0.411942 1.713212
0.138939 -0.344743 1.822452
0.099278 0.104745 1.549237
0.200930 0.101447 1.530932
0.297130 0.090790 1.513201
0.105414 0.066025 1.661230
0.211432 0.065483 1.639431
0.307770 0.060293 1.617513
0.385871 0.068914 1.497414
0.388281 0.044401 1.598631
0.542934 -0.149402 1.564374
0.538639 -0.236549 1.512592
0.504844 -0.307727 1.448433
0.448708 -0.357820 1.378370
0.378457 -0.382466 1.329610
0.292963 -0.396039 1.337976
0.226965 0.018416 1.737515
0.324631 0.019685 1.706133
0.114638 0.013757 1.762143
0.270384 -0.333996 1.779256
0.249567 -0.402866 1.674188
0.358899 -0.382767 1.617212
0.226073 -0.427886 1.566501
0.323849 -0.410539 1.523336
0.386626 0.019080 1.671414
0.446029 -0.349409 1.540281
0.400161 -0.387219 1.466868
0.297605 -0.413666 1.428264
0.361232 -0.401180 1.407780
-0.074809 -0.257824 1.097655
-0.154293 -0.244492 1.079874
-0.075028 -0.259974 1.061303
-0.154795 -0.242551 1.044656
-0.079409 -0.244184 0.998123
-0.154729 -0.230785 0.990467
-0.174621 -0.198271 0.935825
-0.101255 -0.143642 0.839276
-0.000000 -0.148793 0.836993
-0.087742 -0.210106 0.934037
-0.000000 -0.217576 0.936545
-0.000000 -0.252200 1.003604
-0.000000 -0.266801 1.109910
-0.000000 -0.268242 1.069032
-0.153881 -0.225994 1.076338
-0.162917 -0.171117 1.031152
-0.170047 -0.128152 0.996546
-0.082010 -0.240603 1.099131
-0.085338 -0.232513 1.054473
-0.159355 -0.218387 1.037357
-0.000000 -0.176881 1.050759
-0.000000 -0.121542 1.005622
-0.086658 -0.174583 1.044278
-0.089313 -0.122853 1.000512
-0.000000 -0.250686 1.106923
-0.000000 -0.237109 1.061415
0.074809 -0.257824 1.097655
0.075028 -0.259974 1.061303
0.154293 -0.244492 1.079874
0.154795 -0.242551 1.044656
0.154729 -0.230785 0.990467
0.079409 -0.244184 0.998123
0.174621 -0.198271 0.935825
0.101255 -0.143642 0.839276
0.087742 -0.210106 0.934037
0.153881 -0.225994 1.076338
0.170047 -0.128152 0.996546
0.162917 -0.171117 1.031152
0.159355 -0.218387 1.037357
0.085338 -0.232513 1.054473
0.082010 -0.240603 1.099131
0.089313 -0.122853 1.000512
0.086658 -0.174583 1.044278
0.611832 0.016031 0.447352
0.476928 0.003283 0.563181
0.823297 0.448361 0.377195
0.810199 0.296449 0.371459
0.723748 0.286076 0.512431
0.689974 0.163032 0.492618
-0.476929 0.003283 0.563181
-0.611832 0.016031 0.447352
-0.823297 0.448361 0.377195
-0.810199 0.296449 0.371459
-0.723748 0.286076 0.512431
-0.689974 0.163032 0.492618
0.234387 -0.045275 0.655994
0.345927 -0.027631 0.630858
0.457966 0.144678 -0.679296
0.310588 0.146356 -0.751062
0.484581 0.291885 -0.720222
0.328631 0.295219 -0.795006
-0.000000 -0.060883 0.687246
0.110681 -0.056819 0.675411
-0.000000 0.148417 -0.808258
-0.000000 0.298286 -0.854601
0.154780 0.148280 -0.794992
0.163359 0.297789 -0.840049
0.696343 0.145213 -0.459329
0.739234 0.291224 -0.483388
0.777520 0.147699 -0.312336
0.822653 0.292382 -0.325396
0.281395 0.019287 -0.683853
0.418879 0.018703 -0.613707
0.538097 0.021501 -0.525510
0.589914 0.143957 -0.581167
0.824017 0.149088 -0.141559
0.870046 0.294554 -0.149370
0.881839 0.294970 0.030068
0.862779 0.295463 0.202470
0.834709 0.148430 0.033168
0.816526 0.150766 0.196957
0.142183 0.019678 -0.724076
0.768773 0.155376 0.352559
0.877642 0.453708 0.210414
0.805684 0.608715 0.375463
0.860281 0.613727 0.209788
0.624835 0.290214 -0.615745
0.494723 0.453415 -0.739311
0.334908 0.456293 -0.812567
0.488907 0.612048 -0.726451
0.333316 0.616791 -0.796772
-0.000000 0.625688 -0.850240
0.166587 0.622424 -0.837499
-0.000000 0.461612 -0.869245
0.166917 0.459678 -0.855661
0.841175 0.451896 -0.331899
0.755462 0.448557 -0.494974
0.825581 0.609292 -0.327679
0.742697 0.608498 -0.489756
0.881958 0.614097 0.034831
0.898518 0.454114 0.032693
0.872449 0.610421 -0.145079
0.887851 0.453799 -0.150411
0.638545 0.450648 -0.633085
0.628641 0.608656 -0.624468
0.627490 0.023945 -0.423814
-0.000000 0.019497 -0.738339
-0.234387 -0.045275 0.655994
-0.345927 -0.027631 0.630858
-0.328632 0.295219 -0.795006
-0.310588 0.146356 -0.751062
-0.484581 0.291885 -0.720222
-0.457966 0.144678 -0.679296
-0.110681 -0.056819 0.675411
-0.154780 0.148280 -0.794992
-0.163359 0.297789 -0.840049
-0.822653 0.292382 -0.325396
-0.739234 0.291224 -0.483388
-0.777520 0.147699 -0.312336
-0.696343 0.145213 -0.459329
-0.281395 0.019287 -0.683853
-0.418879 0.018703 -0.613707
-0.589914 0.143957 -0.581167
-0.538097 0.021501 -0.525510
-0.870046 0.294554 -0.149370
-0.824017 0.149088 -0.141559
-0.816526 0.150766 0.196957
-0.862779 0.295463 0.202470
-0.834709 0.148430 0.033168
-0.881839 0.294970 0.030068
-0.142183 0.019678 -0.724076
-0.768773 0.155376 0.352559
-0.805684 0.608715 0.375463
-0.877643 0.453708 0.210414
-0.860282 0.613727 0.209788
-0.624835 0.290214 -0.615745
-0.334908 0.456293 -0.812567
-0.494723 0.453415 -0.739311
-0.333316 0.616791 -0.796772
-0.488907 0.612048 -0.726451
-0.166917 0.459678 -0.855661
-0.166587 0.622424 -0.837499
-0.742697 0.608498 -0.489756
-0.755462 0.448557 -0.494974
-0.825581 0.609292 -0.327679
-0.841175 0.451896 -0.331899
-0.898518 0.454114 0.032693
-0.881958 0.614097 0.034831
-0.872449 0.610421 -0.145079
-0.887851 0.453799 -0.150411
-0.638545 0.450648 -0.633085
-0.628641 0.608656 -0.624468
-0.627490 0.023945 -0.423814
0.706212 0.025141 -0.297767
0.751104 0.023340 -0.137696
0.758746 0.019105 0.043907
0.738542 0.022858 0.195798
0.697007 0.025987 0.333757
-0.706212 0.025141 -0.297767
-0.751104 0.023340 -0.137696
-0.758746 0.019105 0.043907
-0.738542 0.022858 0.195798
-0.697007 0.025987 0.333757
0.258154 1.359662 -0.611307
0.181603 1.286329 -0.505092
0.242628 1.332012 -0.636824
0.170992 1.265380 -0.528930
0.169800 1.392869 -0.643766
0.176998 1.356584 -0.660987
0.108373 1.311765 -0.530098
0.116101 1.284248 -0.547830
0.173207 1.311276 -0.489102
0.146574 1.329647 -0.491019
0.101329 1.230619 -0.401934
0.077381 1.241489 -0.402696
0.106247 1.197055 -0.439286
0.111639 1.212573 -0.417613
0.118273 1.330091 -0.508072
0.054928 1.240433 -0.416871
0.049585 1.225860 -0.437390
0.143315 1.268538 -0.544147
0.083687 1.196888 -0.452464
0.059624 1.207057 -0.454129
0.250584 1.393453 -0.595779
0.219380 1.417652 -0.599864
0.184950 1.418047 -0.619935
0.208585 1.334869 -0.655210
0.010348 1.132543 -0.297979
-0.009689 1.137198 -0.298762
0.020308 1.106869 -0.327361
0.022072 1.119998 -0.310036
-0.027034 1.132515 -0.310542
-0.028244 1.119949 -0.326962
0.003598 1.102669 -0.338315
-0.017205 1.106820 -0.339995
0.047712 1.408908 -0.373815
0.039431 1.273347 -0.334881
0.033337 1.397437 -0.408275
0.027262 1.265464 -0.366180
0.025159 1.109279 -0.301651
0.014379 1.104875 -0.323667
0.053249 1.528969 -0.423110
0.037080 1.510996 -0.461008
-0.000000 1.264614 -0.369709
-0.000000 1.104316 -0.326463
-0.000000 1.396153 -0.412328
-0.000000 1.507597 -0.468377
0.034477 1.419495 -0.341996
0.037883 1.546421 -0.386944
-0.000000 1.423810 -0.328947
-0.000000 1.552307 -0.374693
0.029149 1.280296 -0.307063
-0.000000 1.284175 -0.291759
0.018465 1.113916 -0.278456
-0.000000 1.116892 -0.263582
-0.258155 1.359662 -0.611307
-0.242629 1.332012 -0.636824
-0.181604 1.286329 -0.505092
-0.170993 1.265380 -0.528930
-0.116101 1.284248 -0.547830
-0.176999 1.356584 -0.660987
-0.108373 1.311765 -0.530098
-0.169801 1.392869 -0.643766
-0.077381 1.241489 -0.402696
-0.146574 1.329647 -0.491019
-0.101330 1.230619 -0.401934
-0.173207 1.311276 -0.489102
-0.111639 1.212573 -0.417613
-0.106247 1.197055 -0.439286
-0.054929 1.240433 -0.416871
-0.118273 1.330091 -0.508072
-0.049585 1.225860 -0.437390
-0.143315 1.268538 -0.544147
-0.083687 1.196888 -0.452464
-0.059624 1.207057 -0.454129
-0.250584 1.393453 -0.595779
-0.219380 1.417652 -0.599864
-0.184950 1.418047 -0.619935
-0.208585 1.334869 -0.655210
0.009689 1.137198 -0.298762
-0.010348 1.132543 -0.297979
-0.022072 1.119998 -0.310036
-0.020308 1.106869 -0.327361
0.027034 1.132515 -0.310542
0.028243 1.119949 -0.326962
-0.003598 1.102669 -0.338315
0.017205 1.106820 -0.339995
-0.027263 1.265464 -0.366180
-0.039431 1.273347 -0.334881
-0.033337 1.397437 -0.408275
-0.047713 1.408908 -0.373815
-0.014379 1.104875 -0.323667
-0.025159 1.109279 -0.301651
-0.037080 1.510996 -0.461008
-0.053250 1.528969 -0.423110
-0.034477 1.419495 -0.341996
-0.037884 1.546421 -0.386944
-0.029150 1.280296 -0.307063
-0.018466 1.113916 -0.278456
0.285687 1.415281 -0.784182
0.310159 1.410856 -0.765030
0.263908 1.381776 -0.758829
0.300925 1.379373 -0.735320
0.227885 1.406701 -0.761945
0.218938 1.446117 -0.743511
0.258135 1.430323 -0.783993
0.256736 1.461212 -0.777082
0.311970 1.449897 -0.693236
0.318100 1.461176 -0.735166
0.279238 1.478334 -0.701784
0.296207 1.481542 -0.745036
0.318646 1.408814 -0.707163
0.325159 1.435611 -0.752139
0.297929 1.455640 -0.776344
0.238929 1.477225 -0.719865
0.266075 1.480643 -0.754132
0.041206 1.663331 -0.493114
0.060010 1.627833 -0.474469
0.031681 1.643256 -0.517448
0.041346 1.604540 -0.514797
-0.000000 1.598699 -0.524947
-0.000000 1.644585 -0.528955
-0.000000 1.672249 -0.501228
0.042128 1.647138 -0.434827
0.031624 1.670465 -0.463960
-0.000000 1.653853 -0.420414
-0.000000 1.680153 -0.460427
-0.285687 1.415281 -0.784182
-0.263908 1.381776 -0.758829
-0.310160 1.410856 -0.765030
-0.300926 1.379373 -0.735320
-0.256736 1.461212 -0.777082
-0.218938 1.446117 -0.743511
-0.258136 1.430323 -0.783993
-0.227886 1.406701 -0.761945
-0.296207 1.481542 -0.745036
-0.318100 1.461176 -0.735166
-0.279238 1.478334 -0.701784
-0.311970 1.449897 -0.693236
-0.325159 1.435611 -0.752139
-0.318646 1.408814 -0.707163
-0.297929 1.455640 -0.776344
-0.238929 1.477225 -0.719865
-0.266075 1.480643 -0.754132
-0.041346 1.604540 -0.514797
-0.060011 1.627833 -0.474469
-0.031681 1.643256 -0.517448
-0.041206 1.663331 -0.493114
-0.042128 1.647138 -0.434827
-0.031624 1.670465 -0.463960
0.410006 0.961917 0.576198
0.286481 0.990963 0.604667
0.530672 0.967450 0.467399
0.494646 0.935166 0.548363
0.146111 1.012374 0.621279
-0.000000 1.019609 0.627186
0.441822 0.875351 -0.631053
0.308488 0.894982 -0.677894
0.425426 0.967968 -0.553303
0.300194 0.999822 -0.580146
0.436967 1.030378 -0.443150
0.302815 1.076487 -0.456769
0.455580 1.076673 -0.304066
0.309693 1.130186 -0.311592
0.472896 1.117928 0.029828
0.470189 1.106908 -0.142092
0.317404 1.174200 0.024461
0.316278 1.163379 -0.148015
0.463229 1.106103 0.194663
0.312259 1.161827 0.191016
0.442819 1.074983 0.343477
0.302657 1.127601 0.345768
0.422135 1.026178 0.473788
0.292404 1.070500 0.485595
0.158613 1.208061 0.020813
0.156314 1.195873 0.188863
0.155427 1.161798 -0.320100
0.157885 1.196741 -0.153192
-0.000000 0.914329 -0.717145
0.155633 0.908660 -0.707827
-0.000000 0.780495 -0.797395
0.162492 0.775109 -0.786875
0.776915 0.757888 -0.316503
0.700627 0.753684 -0.471444
0.699228 0.886783 -0.306686
0.634394 0.872049 -0.452030
0.831141 0.767174 0.033656
0.744354 0.908743 0.032132
0.806793 0.769580 0.205638
0.719638 0.908957 0.199658
0.602215 1.022184 0.195131
0.619208 1.030301 0.030998
0.753811 0.762665 0.366521
0.674407 0.896230 0.354088
0.569825 0.999563 0.344292
0.740647 0.898458 -0.138420
0.825035 0.758126 -0.140501
0.551625 0.861724 -0.561886
0.597409 0.748837 -0.597958
0.587382 0.998475 -0.300912
0.548142 0.966586 -0.437516
0.512206 0.936267 -0.525758
0.467594 0.754702 -0.689788
0.613808 1.021460 -0.139024
0.322279 0.765652 -0.751100
0.153053 1.159221 0.348103
0.149276 1.097629 0.495503
-0.000000 1.107065 0.498406
-0.000000 1.208009 -0.155299
-0.000000 1.219802 0.019063
-0.000000 1.112815 -0.475735
-0.000000 1.172455 -0.323573
0.153659 1.103948 -0.470070
-0.000000 1.027063 -0.607957
0.152437 1.020005 -0.601053
-0.000000 1.207198 0.188457
-0.000000 1.169769 0.349309
-0.286481 0.990963 0.604667
-0.410007 0.961917 0.576198
-0.530673 0.967450 0.467399
-0.494646 0.935166 0.548363
-0.146112 1.012374 0.621279
-0.300194 0.999822 -0.580146
-0.308488 0.894982 -0.677894
-0.425426 0.967968 -0.553303
-0.441822 0.875351 -0.631053
-0.436968 1.030378 -0.443150
-0.302815 1.076487 -0.456769
-0.455581 1.076673 -0.304066
-0.309693 1.130186 -0.311592
-0.472896 1.117928 0.029828
-0.317404 1.174200 0.024461
-0.470189 1.106908 -0.142092
-0.316279 1.163379 -0.148015
-0.463229 1.106103 0.194663
-0.312259 1.161827 0.191016
-0.302657 1.127601 0.345768
-0.442819 1.074983 0.343477
-0.292405 1.070500 0.485595
-0.422135 1.026178 0.473788
-0.158614 1.208061 0.020813
-0.156314 1.195873 0.188863
-0.155427 1.161798 -0.320100
-0.157885 1.196741 -0.153192
-0.162492 0.775109 -0.786875
-0.155633 0.908660 -0.707827
-0.776915 0.757888 -0.316503
-0.699228 0.886783 -0.306686
-0.700627 0.753684 -0.471444
-0.634394 0.872049 -0.452030
-0.719639 0.908957 0.199658
-0.744354 0.908743 0.032132
-0.806793 0.769580 0.205638
-0.831142 0.767174 0.033656
-0.619208 1.030301 0.030998
-0.602215 1.022184 0.195131
-0.753811 0.762665 0.366521
-0.674407 0.896230 0.354088
-0.569825 0.999563 0.344292
-0.825035 0.758126 -0.140501
-0.740647 0.898458 -0.138420
-0.597409 0.748837 -0.597958
-0.551625 0.861724 -0.561886
-0.587382 0.998475 -0.300912
-0.548142 0.966586 -0.437516
-0.512206 0.936267 -0.525758
-0.467594 0.754702 -0.689788
-0.613808 1.021460 -0.139024
-0.322279 0.765652 -0.751100
-0.153053 1.159221 0.348103
-0.149276 1.097629 0.495503
-0.153660 1.103948 -0.470070
-0.152437 1.020005 -0.601053
0.365999 0.431573 0.821167
0.228638 0.432454 0.859376
0.369017 0.394669 0.819510
0.736143 0.437204 0.541536
0.623821 0.429590 0.664674
0.654161 0.301489 0.616904
0.623332 0.327967 0.653504
0.509524 0.367442 0.750286
0.577474 0.349242 0.699582
0.505463 0.427750 0.753259
0.484105 0.608662 0.748534
0.342291 0.612621 0.811840
0.721289 0.602053 0.530907
0.605841 0.601786 0.657333
0.080736 0.547588 0.886047
-0.000000 0.626873 0.877412
-0.000000 0.559465 0.892514
0.135007 0.517426 0.879199
0.196587 0.615237 0.853175
0.188076 0.465407 0.869242
0.163935 0.782705 0.802754
0.321273 0.761703 0.768606
0.454727 0.753124 0.710378
0.425223 0.870594 0.658565
0.292567 0.890497 0.704387
0.147893 0.908925 0.727861
0.678321 0.752467 0.512585
0.573991 0.745322 0.628445
0.616599 0.877743 0.490100
0.535250 0.861868 0.590695
-0.000000 0.796383 0.813043
-0.000000 0.916777 0.734895
-0.623332 0.327967 0.653504
-0.623821 0.429590 0.664674
-0.654161 0.301489 0.616904
-0.736143 0.437204 0.541536
-0.577474 0.349242 0.699582
-0.505464 0.427750 0.753259
-0.509524 0.367442 0.750286
-0.369017 0.394669 0.819510
-0.365999 0.431573 0.821167
-0.342291 0.612621 0.811840
-0.484105 0.608662 0.748534
-0.605841 0.601786 0.657333
-0.721289 0.602053 0.530907
-0.196588 0.615237 0.853175
-0.080736 0.547588 0.886047
-0.135007 0.517426 0.879199
-0.228638 0.432454 0.859376
-0.188076 0.465407 0.869242
-0.163935 0.782705 0.802754
-0.321274 0.761703 0.768606
-0.454727 0.753124 0.710378
-0.425224 0.870594 0.658565
-0.292567 0.890497 0.704387
-0.147893 0.908925 0.727861
-0.678321 0.752467 0.512585
-0.573991 0.745322 0.628445
-0.616599 0.877743 0.490100
-0.535251 0.861868 0.590695
1.825298 -0.439098 -0.069405
1.738980 -0.350241 -0.108982
1.822882 -0.350241 -0.076912
1.874114 -0.350241 -0.048845
1.644943 -0.245281 -0.110211
1.738980 -0.249377 -0.098810
1.644943 -0.350241 -0.123167
1.644943 -0.166248 -0.056861
1.738980 -0.171120 -0.052963
1.644943 -0.137650 0.031784
1.738980 -0.142067 0.031784
1.915447 -0.133398 0.020305
1.913464 -0.127683 0.031784
1.925302 -0.131967 0.031784
1.871439 -0.266623 -0.021944
1.917160 -0.311522 -0.006920
1.922851 -0.144848 0.031784
1.919759 -0.140837 0.022755
1.825977 -0.167588 -0.036508
1.823008 -0.134611 0.031784
1.867658 -0.150962 -0.011780
1.860307 -0.129789 0.031784
1.883624 -0.178514 -0.002706
1.895078 -0.193367 0.031784
1.857104 -0.213228 -0.019734
1.875919 -0.237217 0.031784
1.885764 -0.272855 0.031784
1.825298 -0.261383 -0.069405
1.919654 -0.301012 0.031784
1.822882 -0.350241 0.136639
1.738980 -0.350241 0.167863
1.825298 -0.439098 0.129133
1.874114 -0.350241 0.112412
1.738980 -0.249377 0.157691
1.644943 -0.350241 0.186734
1.644943 -0.245281 0.173779
1.738980 -0.171120 0.111844
1.644943 -0.166248 0.120428
1.915447 -0.133398 0.043262
1.917160 -0.311522 0.070487
1.871439 -0.266623 0.085511
1.919759 -0.140837 0.040812
1.825977 -0.167588 0.100075
1.867658 -0.150962 0.075348
1.857104 -0.213228 0.083301
1.883624 -0.178513 0.066274
1.825298 -0.261383 0.129133
1.738980 -0.451105 -0.098810
1.644943 -0.455200 -0.110211
1.738980 -0.529362 -0.052963
1.644943 -0.534237 -0.056861
1.738980 -0.558414 0.031784
1.644943 -0.562832 0.031784
1.963629 -0.350241 0.015820
1.973817 -0.350241 0.031784
1.965224 -0.360695 0.021617
1.915446 -0.567084 0.020305
1.925302 -0.568515 0.031784
1.913463 -0.572799 0.031784
1.911263 -0.350241 -0.028392
1.917160 -0.388960 -0.006920
1.871439 -0.433860 -0.021944
1.965896 -0.363535 0.031784
1.922850 -0.555634 0.031784
1.919759 -0.559645 0.022755
1.825977 -0.532898 -0.036508
1.867658 -0.549521 -0.011780
1.823008 -0.565871 0.031784
1.860307 -0.570694 0.031784
1.875923 -0.463269 0.031784
1.895078 -0.507115 0.031784
1.857103 -0.487254 -0.019734
1.883624 -0.521968 -0.002707
1.885764 -0.427627 0.031784
1.919654 -0.399470 0.031784
1.965224 -0.339788 0.021617
1.965896 -0.336951 0.031783
1.644943 -0.455200 0.173779
1.738980 -0.451105 0.155149
1.644943 -0.534237 0.120427
1.738980 -0.529362 0.111844
1.963630 -0.350241 0.047748
1.965224 -0.360695 0.041950
1.915446 -0.567084 0.043262
1.871439 -0.433860 0.085511
1.917160 -0.388960 0.070487
1.911260 -0.350241 0.091959
1.919759 -0.559645 0.040812
1.825977 -0.532898 0.100075
1.867658 -0.549521 0.075347
1.883624 -0.521968 0.066274
1.857103 -0.487254 0.083301
1.965224 -0.339788 0.041950
1.473481 -0.350241 -0.165885
1.473481 -0.465301 -0.146995
1.473481 -0.555700 -0.079124
1.473481 -0.588793 0.031784
1.590954 -0.457946 -0.120692
1.590954 -0.350241 -0.136504
1.590954 -0.540221 -0.062905
1.590954 -0.570106 0.031784
1.473481 -0.235181 -0.146995
1.473481 -0.144781 -0.079124
1.473481 -0.111692 0.031784
1.590954 -0.242536 -0.120692
1.590958 -0.160261 -0.062905
1.590954 -0.130376 0.031784
1.473481 -0.465301 0.210562
1.473481 -0.350241 0.229452
1.473481 -0.555700 0.142691
1.590954 -0.457946 0.184260
1.590954 -0.350241 0.200071
1.590954 -0.540221 0.126472
1.473481 -0.235181 0.210562
1.473481 -0.144781 0.142692
1.590954 -0.242536 0.184260
1.590954 -0.160261 0.126472
-1.822881 -0.350241 -0.076912
-1.738980 -0.350241 -0.108982
-1.825298 -0.439099 -0.069405
-1.874114 -0.350241 -0.048845
-1.738980 -0.249377 -0.098810
-1.644943 -0.350241 -0.123167
-1.644943 -0.245282 -0.110211
-1.738980 -0.171120 -0.052963
-1.644943 -0.166248 -0.056861
-1.738980 -0.142067 0.031784
-1.644943 -0.137650 0.031784
-1.915446 -0.133397 0.020305
-1.925302 -0.131967 0.031784
-1.913463 -0.127683 0.031784
-1.917160 -0.311522 -0.006920
-1.871439 -0.266623 -0.021944
-1.922850 -0.144848 0.031784
-1.919758 -0.140836 0.022755
-1.825977 -0.167588 -0.036508
-1.867658 -0.150961 -0.011780
-1.823007 -0.134611 0.031784
-1.860307 -0.129788 0.031784
-1.875919 -0.237217 0.031784
-1.895077 -0.193367 0.031784
-1.857103 -0.213228 -0.019734
-1.883623 -0.178513 -0.002706
-1.885764 -0.272855 0.031784
-1.825298 -0.261383 -0.069405
-1.919654 -0.301012 0.031784
-1.825298 -0.439099 0.129133
-1.738980 -0.350241 0.167863
-1.822881 -0.350241 0.136639
-1.874114 -0.350241 0.112412
-1.644943 -0.245282 0.173779
-1.738980 -0.249377 0.157691
-1.644943 -0.350241 0.186734
-1.644943 -0.166248 0.120428
-1.738980 -0.171120 0.111844
-1.915446 -0.133397 0.043262
-1.871439 -0.266623 0.085511
-1.917160 -0.311522 0.070487
-1.919758 -0.140836 0.040812
-1.825977 -0.167588 0.100075
-1.867658 -0.150961 0.075347
-1.883624 -0.178513 0.066274
-1.857103 -0.213228 0.083301
-1.825298 -0.261383 0.129133
-1.644943 -0.455200 -0.110211
-1.738980 -0.451105 -0.098810
-1.644943 -0.534237 -0.056861
-1.738980 -0.529362 -0.052963
-1.644943 -0.562832 0.031784
-1.738980 -0.558414 0.031784
-1.963629 -0.350241 0.015820
-1.965224 -0.360695 0.021617
-1.973817 -0.350241 0.031784
-1.915446 -0.567085 0.020305
-1.913464 -0.572800 0.031784
-1.925302 -0.568515 0.031784
-1.871439 -0.433859 -0.021944
-1.917160 -0.388961 -0.006920
-1.911263 -0.350241 -0.028392
-1.965896 -0.363535 0.031784
-1.922850 -0.555634 0.031784
-1.919759 -0.559646 0.022755
-1.825977 -0.532898 -0.036508
-1.823007 -0.565871 0.031784
-1.867658 -0.549521 -0.011780
-1.860307 -0.570694 0.031784
-1.883624 -0.521969 -0.002707
-1.895078 -0.507115 0.031784
-1.857103 -0.487254 -0.019734
-1.875923 -0.463269 0.031784
-1.885764 -0.427627 0.031784
-1.919654 -0.399470 0.031784
-1.965224 -0.339788 0.021617
-1.965896 -0.336951 0.031783
-1.644943 -0.455200 0.173779
-1.738980 -0.451105 0.155149
-1.738980 -0.529362 0.111844
-1.644943 -0.534237 0.120427
-1.963629 -0.350241 0.047748
-1.965224 -0.360695 0.041950
-1.915447 -0.567085 0.043262
-1.911260 -0.350241 0.091959
-1.917160 -0.388961 0.070487
-1.871439 -0.433859 0.085511
-1.919759 -0.559646 0.040812
-1.825977 -0.532898 0.100075
-1.867658 -0.549521 0.075347
-1.857103 -0.487254 0.083301
-1.883624 -0.521969 0.066274
-1.965224 -0.339788 0.041950
-1.473481 -0.465301 -0.146995
-1.473481 -0.350241 -0.165885
-1.473481 -0.555701 -0.079124
-1.473481 -0.588793 0.031784
-1.590954 -0.457946 -0.120692
-1.590954 -0.350241 -0.136504
-1.590954 -0.540221 -0.062905
-1.590954 -0.570106 0.031784
-1.473481 -0.235181 -0.146995
-1.473481 -0.144781 -0.079124
-1.473481 -0.111693 0.031784
-1.590954 -0.242536 -0.120692
-1.590958 -0.160261 -0.062905
-1.590954 -0.130376 0.031784
-1.473481 -0.350241 0.229452
-1.473481 -0.465301 0.210562
-1.473481 -0.555701 0.142691
-1.590954 -0.457946 0.184260
-1.590954 -0.350241 0.200071
-1.590954 -0.540221 0.126472
-1.473481 -0.235181 0.210562
-1.473481 -0.144781 0.142692
-1.590954 -0.242536 0.184260
-1.590954 -0.160261 0.126472
0.273413 -1.871112 0.449250
0.206841 -1.876304 0.409541
0.280601 -1.909716 0.440038
0.214324 -1.909716 0.387847
0.207264 -1.842069 0.368689
0.275515 -1.827836 0.406845
0.348372 -1.775053 0.356889
0.279911 -1.794145 0.335805
0.130949 -1.877260 0.435027
0.135970 -1.841122 0.383311
0.132775 -1.909716 0.416148
0.206591 -1.817920 0.312864
0.140174 -1.819051 0.300163
0.361995 -1.733025 0.228557
0.298220 -1.744665 0.211808
0.222635 -1.764087 0.190994
0.158430 -1.782441 0.178573
0.437171 -1.909716 0.343862
0.324892 -1.909716 0.430365
0.279943 -1.909716 0.343862
0.185669 -1.909716 0.153172
0.206907 -1.909716 0.014037
0.437171 -1.909716 0.153172
0.187582 -1.909716 0.338825
0.390131 -1.834183 0.580398
0.381269 -1.869066 0.620173
0.437171 -1.827512 0.612906
0.437171 -1.871484 0.658246
0.437171 -1.909716 0.636632
0.386029 -1.909716 0.596804
0.341576 -1.805324 0.483605
0.334437 -1.867836 0.525759
0.437171 -1.788733 0.490016
0.337670 -1.909716 0.507849
0.437171 -1.764719 0.374508
0.437171 -1.726335 0.245065
0.437171 -1.909716 0.585644
0.397797 -1.909716 0.562992
0.437171 -1.909716 0.507849
0.366720 -1.909716 0.507849
0.437171 -1.909716 0.430365
0.437171 -1.909716 0.014037
0.493072 -1.869066 0.620173
0.484210 -1.834183 0.580395
0.488313 -1.909716 0.596804
0.539906 -1.867836 0.525755
0.532764 -1.805324 0.483605
0.536671 -1.909716 0.507849
0.598826 -1.827836 0.406845
0.600928 -1.871112 0.449250
0.593741 -1.909716 0.440038
0.476544 -1.909716 0.562992
0.507621 -1.909716 0.507849
0.549450 -1.909716 0.430365
0.667434 -1.909716 0.014037
0.048184 -1.909716 0.484105
0.042056 -1.878085 0.494066
0.027297 -1.909716 0.446585
0.009798 -1.876365 0.449289
0.021039 -1.848267 0.414710
0.047309 -1.838057 0.444648
0.017283 -1.844502 0.377271
0.009972 -1.876629 0.377505
0.027020 -1.909716 0.381972
0.058356 -1.828195 0.375183
0.077086 -1.909716 0.465205
0.080644 -1.877548 0.474830
0.091089 -1.839635 0.419386
0.097503 -1.792661 0.169118
0.126860 -1.770047 0.031344
0.069898 -1.817892 0.302607
0.092178 -1.829599 0.370210
0.054128 -1.827625 0.159355
0.021690 -1.839538 0.306327
0.251001 -1.698792 0.068695
0.188487 -1.732464 0.049443
0.052528 -1.873942 0.154570
0.018654 -1.876794 0.307508
0.038058 -1.909716 0.311654
0.080399 -1.909716 0.155119
0.109840 -1.873786 0.012062
0.134361 -1.909716 0.014037
0.100136 -1.826545 0.017286
0.070631 -1.909716 0.439877
0.042177 -1.909716 0.402155
0.109659 -1.909716 0.392376
0.060979 -1.909716 0.338949
0.116638 -1.909716 0.218106
0.667500 -1.876304 0.409541
0.660019 -1.909716 0.387847
0.667077 -1.842069 0.368689
0.525969 -1.775053 0.356889
0.594430 -1.794145 0.335805
0.512346 -1.733025 0.228557
0.743393 -1.877260 0.435027
0.738370 -1.841122 0.383311
0.741567 -1.909716 0.416148
0.667748 -1.817920 0.312864
0.734167 -1.819051 0.300163
0.576121 -1.744665 0.211808
0.594398 -1.909716 0.343862
0.688673 -1.909716 0.153172
0.686760 -1.909716 0.338825
0.847044 -1.909716 0.446585
0.864541 -1.876365 0.457452
0.826158 -1.909716 0.484105
0.832285 -1.878085 0.500550
0.853301 -1.848266 0.414710
0.827032 -1.838057 0.444648
0.864370 -1.876629 0.377505
0.857057 -1.844502 0.377271
0.847320 -1.909716 0.381972
0.815984 -1.828195 0.375183
0.786372 -1.877548 0.466909
0.790149 -1.909716 0.457280
0.783252 -1.839635 0.419386
0.685854 -1.732464 0.049443
0.715910 -1.782441 0.178574
0.747481 -1.770047 0.031344
0.776838 -1.792661 0.169118
0.782165 -1.829599 0.370210
0.804443 -1.817892 0.302607
0.820212 -1.827625 0.159355
0.852650 -1.839538 0.306327
0.623342 -1.698792 0.068695
0.651706 -1.764087 0.190994
0.821814 -1.873942 0.154570
0.855686 -1.876794 0.307508
0.836283 -1.909716 0.311654
0.793944 -1.909716 0.155119
0.559760 -1.682087 0.085048
0.501270 -1.671131 0.094580
0.739979 -1.909716 0.014037
0.764499 -1.873786 0.012062
0.774205 -1.826545 0.017286
0.803712 -1.909716 0.439877
0.813361 -1.909716 0.338949
0.832163 -1.909716 0.402155
0.764681 -1.909716 0.392376
0.757704 -1.909716 0.218106
0.143684 -1.825351 -0.081858
0.167712 -1.761731 -0.074619
0.194151 -1.823807 -0.199238
0.220015 -1.754787 -0.194665
0.294658 -1.821354 -0.363890
0.313757 -1.761958 -0.360312
0.342209 -1.820614 -0.415245
0.360211 -1.765090 -0.407520
0.437171 -1.768291 -0.434082
0.397388 -1.767910 -0.428035
0.437171 -1.734585 -0.404047
0.400735 -1.736460 -0.401809
0.382244 -1.643278 -0.036170
0.373071 -1.671131 0.094580
0.437171 -1.639369 -0.030345
0.437171 -1.667163 0.098967
0.437171 -1.701659 -0.349322
0.382538 -1.707025 -0.352188
0.358242 -1.671833 -0.258473
0.437171 -1.662556 -0.255882
0.437171 -1.639242 -0.166131
0.336583 -1.653762 -0.172208
0.221693 -1.706639 -0.060830
0.314582 -1.682087 0.085048
0.336690 -1.651299 -0.042485
0.286616 -1.668415 -0.050317
0.391054 -1.642265 -0.100417
0.351412 -1.648563 -0.103571
0.266754 -1.697997 -0.183987
0.235556 -1.822592 -0.280116
0.257342 -1.755319 -0.275649
0.295389 -1.707297 -0.267045
0.342051 -1.723522 -0.355976
0.372291 -1.739665 -0.388599
0.181890 -1.909716 -0.084551
0.154139 -1.873583 -0.084697
0.229552 -1.909716 -0.193526
0.203332 -1.873291 -0.197991
0.270684 -1.909715 -0.278816
0.244168 -1.873021 -0.280830
0.303066 -1.872735 -0.364191
0.328674 -1.909715 -0.358791
0.364782 -1.909715 -0.392464
0.345609 -1.872574 -0.408964
0.392555 -1.872216 -0.434226
0.398105 -1.909715 -0.410587
0.437171 -1.909715 -0.418687
0.437171 -1.871786 -0.443032
0.391922 -1.819772 -0.445200
0.437171 -1.818951 -0.451464
0.371661 -1.909715 -0.358791
0.240829 -1.909716 -0.084551
0.284990 -1.909716 -0.193526
0.437171 -1.909715 -0.358791
0.437171 -1.909715 -0.278816
0.325371 -1.909715 -0.278816
0.437171 -1.909716 -0.084550
0.437171 -1.909716 -0.193526
0.730659 -1.825351 -0.081858
0.680188 -1.823807 -0.199238
0.706628 -1.761731 -0.074619
0.654325 -1.754787 -0.194665
0.579685 -1.821354 -0.363890
0.532131 -1.820614 -0.415245
0.560582 -1.761958 -0.360312
0.514130 -1.765090 -0.407520
0.476953 -1.767910 -0.428035
0.473606 -1.736460 -0.401809
0.492097 -1.643278 -0.036170
0.491803 -1.707025 -0.352188
0.516099 -1.671833 -0.258473
0.537758 -1.653762 -0.172208
0.652647 -1.706639 -0.060830
0.537650 -1.651299 -0.042485
0.587725 -1.668415 -0.050317
0.483287 -1.642265 -0.100417
0.522929 -1.648563 -0.103571
0.607587 -1.697997 -0.183987
0.638783 -1.822592 -0.280116
0.616998 -1.755319 -0.275649
0.578954 -1.707297 -0.267045
0.532292 -1.723522 -0.355976
0.502050 -1.739665 -0.388599
0.692450 -1.909716 -0.084550
0.720202 -1.873583 -0.084696
0.671008 -1.873291 -0.197991
0.644788 -1.909716 -0.193526
0.603656 -1.909715 -0.278816
0.630173 -1.873021 -0.280830
0.545666 -1.909715 -0.358791
0.571274 -1.872735 -0.364191
0.528732 -1.872574 -0.408964
0.509559 -1.909715 -0.392464
0.476236 -1.909715 -0.410587
0.481786 -1.872216 -0.434226
0.482420 -1.819772 -0.445200
0.502680 -1.909715 -0.358791
0.633513 -1.909716 -0.084550
0.589351 -1.909716 -0.193526
0.548971 -1.909715 -0.278816
-0.143683 -1.825351 -0.081858
-0.194151 -1.823807 -0.199238
-0.167711 -1.761731 -0.074619
-0.220015 -1.754787 -0.194665
-0.294658 -1.821354 -0.363890
-0.342208 -1.820614 -0.415245
-0.313757 -1.761958 -0.360312
-0.360211 -1.765090 -0.407520
-0.437170 -1.768291 -0.434082
-0.437170 -1.734585 -0.404047
-0.397388 -1.767910 -0.428035
-0.400735 -1.736460 -0.401809
-0.437170 -1.667163 0.098967
-0.373071 -1.671131 0.094580
-0.437170 -1.639369 -0.030345
-0.382244 -1.643278 -0.036170
-0.437170 -1.701659 -0.349323
-0.382538 -1.707025 -0.352188
-0.437170 -1.662556 -0.255882
-0.358242 -1.671833 -0.258473
-0.437170 -1.639242 -0.166131
-0.336583 -1.653762 -0.172208
-0.188487 -1.732464 0.049443
-0.158429 -1.782441 0.178573
-0.126860 -1.770047 0.031344
-0.221693 -1.706639 -0.060830
-0.100136 -1.826545 0.017286
-0.361995 -1.733025 0.228557
-0.437170 -1.726335 0.245065
-0.314582 -1.682087 0.085048
-0.298220 -1.744665 0.211808
-0.251000 -1.698792 0.068695
-0.336690 -1.651299 -0.042485
-0.286616 -1.668415 -0.050317
-0.391054 -1.642265 -0.100417
-0.351412 -1.648563 -0.103571
-0.266754 -1.697997 -0.183987
-0.235556 -1.822591 -0.280116
-0.257342 -1.755319 -0.275649
-0.295389 -1.707297 -0.267045
-0.342050 -1.723522 -0.355976
-0.372291 -1.739664 -0.388599
-0.181890 -1.909715 -0.084550
-0.154139 -1.873583 -0.084697
-0.134360 -1.909716 0.014037
-0.109840 -1.873786 0.012062
-0.203332 -1.873291 -0.197991
-0.229551 -1.909715 -0.193526
-0.270684 -1.909715 -0.278816
-0.244168 -1.873021 -0.280830
-0.328673 -1.909715 -0.358791
-0.303066 -1.872735 -0.364191
-0.345609 -1.872574 -0.408964
-0.364782 -1.909715 -0.392464
-0.398105 -1.909715 -0.410587
-0.392554 -1.872216 -0.434226
-0.437170 -1.909715 -0.418687
-0.437170 -1.871786 -0.443032
-0.391921 -1.819772 -0.445200
-0.437170 -1.818951 -0.451464
-0.371661 -1.909715 -0.358791
-0.206906 -1.909716 0.014037
-0.240828 -1.909716 -0.084550
-0.284989 -1.909715 -0.193526
-0.325371 -1.909715 -0.278816
-0.437170 -1.909716 -0.278816
-0.437170 -1.909715 -0.358791
-0.437170 -1.909716 -0.084551
-0.437170 -1.909716 0.014037
-0.437170 -1.909716 -0.193526
-0.730659 -1.825351 -0.081858
-0.706628 -1.761731 -0.074619
-0.680188 -1.823807 -0.199238
-0.654325 -1.754787 -0.194665
-0.579684 -1.821354 -0.363890
-0.560582 -1.761958 -0.360312
-0.532131 -1.820614 -0.415245
-0.514130 -1.765090 -0.407520
-0.476953 -1.767910 -0.428035
-0.473606 -1.736460 -0.401809
-0.492097 -1.643278 -0.036170
-0.501270 -1.671131 0.094580
-0.491803 -1.707025 -0.352188
-0.516099 -1.671833 -0.258473
-0.537758 -1.653762 -0.172208
-0.747481 -1.770048 0.031344
-0.685854 -1.732465 0.049443
-0.652646 -1.706639 -0.060830
-0.774204 -1.826545 0.017286
-0.512346 -1.733026 0.228557
-0.537650 -1.651299 -0.042485
-0.587725 -1.668415 -0.050317
-0.559760 -1.682087 0.085048
-0.623342 -1.698792 0.068695
-0.483287 -1.642266 -0.100417
-0.522929 -1.648563 -0.103571
-0.607587 -1.697997 -0.183987
-0.638783 -1.822592 -0.280116
-0.616998 -1.755319 -0.275649
-0.578953 -1.707297 -0.267045
-0.532292 -1.723522 -0.355976
-0.502050 -1.739665 -0.388599
-0.692450 -1.909716 -0.084551
-0.739979 -1.909716 0.014037
-0.720201 -1.873583 -0.084696
-0.764499 -1.873786 0.012062
-0.644788 -1.909716 -0.193526
-0.671007 -1.873291 -0.197991
-0.603655 -1.909716 -0.278816
-0.630172 -1.873022 -0.280830
-0.571273 -1.872735 -0.364191
-0.545665 -1.909716 -0.358791
-0.509559 -1.909715 -0.392464
-0.528731 -1.872574 -0.408964
-0.481786 -1.872216 -0.434226
-0.476236 -1.909715 -0.410587
-0.482419 -1.819772 -0.445200
-0.502679 -1.909715 -0.358791
-0.633512 -1.909716 -0.084551
-0.667433 -1.909716 0.014037
-0.589351 -1.909716 -0.193526
-0.548970 -1.909716 -0.278816
-0.273413 -1.871112 0.449250
-0.280601 -1.909716 0.440038
-0.206840 -1.876304 0.409541
-0.214323 -1.909716 0.387847
-0.207264 -1.842069 0.368689
-0.275515 -1.827837 0.406845
-0.348372 -1.775053 0.356889
-0.279911 -1.794145 0.335805
-0.130949 -1.877260 0.435027
-0.135969 -1.841122 0.383311
-0.132775 -1.909716 0.416148
-0.206591 -1.817920 0.312864
-0.140174 -1.819051 0.300163
-0.222635 -1.764087 0.190994
-0.324892 -1.909716 0.430365
-0.437170 -1.909716 0.343862
-0.279943 -1.909716 0.343862
-0.437170 -1.909716 0.153172
-0.185669 -1.909716 0.153172
-0.187581 -1.909716 0.338825
-0.437170 -1.871485 0.658246
-0.381268 -1.869066 0.620174
-0.437170 -1.827512 0.612906
-0.390131 -1.834183 0.580398
-0.437170 -1.909716 0.636632
-0.386028 -1.909716 0.596804
-0.334437 -1.867836 0.525759
-0.341575 -1.805324 0.483605
-0.437170 -1.788734 0.490016
-0.337669 -1.909716 0.507849
-0.437170 -1.764719 0.374508
-0.437170 -1.909716 0.585644
-0.437170 -1.909716 0.507849
-0.397797 -1.909716 0.562992
-0.366719 -1.909716 0.507849
-0.437170 -1.909716 0.430365
-0.484210 -1.834183 0.580395
-0.493072 -1.869066 0.620174
-0.488312 -1.909716 0.596804
-0.532764 -1.805324 0.483605
-0.539905 -1.867836 0.525755
-0.536670 -1.909716 0.507849
-0.600927 -1.871112 0.449250
-0.598826 -1.827837 0.406845
-0.593740 -1.909716 0.440038
-0.476544 -1.909716 0.562992
-0.507621 -1.909716 0.507849
-0.549450 -1.909716 0.430365
-0.009798 -1.876365 0.449289
-0.042055 -1.878085 0.494066
-0.027297 -1.909716 0.446586
-0.048184 -1.909716 0.484105
-0.021039 -1.848266 0.414710
-0.047309 -1.838057 0.444648
-0.009972 -1.876629 0.377506
-0.017283 -1.844502 0.377271
-0.027019 -1.909716 0.381972
-0.058356 -1.828195 0.375183
-0.080644 -1.877548 0.474830
-0.077085 -1.909716 0.465205
-0.091088 -1.839635 0.419386
-0.097503 -1.792661 0.169118
-0.092178 -1.829599 0.370210
-0.069898 -1.817892 0.302607
-0.054128 -1.827625 0.159355
-0.021690 -1.839538 0.306327
-0.052528 -1.873942 0.154570
-0.018653 -1.876794 0.307509
-0.038057 -1.909716 0.311654
-0.080398 -1.909716 0.155119
-0.070630 -1.909716 0.439878
-0.060979 -1.909716 0.338950
-0.042177 -1.909716 0.402155
-0.109658 -1.909716 0.392376
-0.116637 -1.909716 0.218107
-0.667500 -1.876304 0.409541
-0.660019 -1.909716 0.387847
-0.667077 -1.842069 0.368689
-0.525968 -1.775053 0.356889
-0.594429 -1.794145 0.335805
-0.743392 -1.877261 0.435027
-0.738370 -1.841122 0.383311
-0.741567 -1.909716 0.416148
-0.667748 -1.817920 0.312864
-0.734166 -1.819051 0.300163
-0.576121 -1.744665 0.211808
-0.594398 -1.909716 0.343862
-0.688673 -1.909716 0.153172
-0.686760 -1.909716 0.338825
-0.847044 -1.909716 0.446585
-0.826157 -1.909716 0.484105
-0.864541 -1.876365 0.457452
-0.832285 -1.878086 0.500550
-0.853300 -1.848267 0.414710
-0.827032 -1.838058 0.444648
-0.857057 -1.844502 0.377271
-0.864370 -1.876629 0.377505
-0.847320 -1.909716 0.381972
-0.815984 -1.828196 0.375183
-0.790148 -1.909716 0.457280
-0.786371 -1.877548 0.466909
-0.783252 -1.839636 0.419386
-0.776838 -1.792661 0.169118
-0.715910 -1.782442 0.178574
-0.804442 -1.817892 0.302607
-0.782164 -1.829600 0.370210
-0.820212 -1.827626 0.159355
-0.852650 -1.839538 0.306327
-0.651706 -1.764087 0.190994
-0.821814 -1.873942 0.154570
-0.855686 -1.876795 0.307508
-0.836282 -1.909716 0.311654
-0.793943 -1.909716 0.155119
-0.803711 -1.909716 0.439878
-0.832162 -1.909716 0.402155
-0.764681 -1.909716 0.392376
-0.813361 -1.909716 0.338950
-0.757704 -1.909716 0.218106
