0.723497 -0.941325 -0.676026
0.652626 -0.500851 -0.316585
0.563593 -0.553401 0.136354
0.379023 0.041213 -0.469152
0.648541 -0.477617 0.778458
0.509801 0.025066 -0.044604
0.411328 -0.162734 0.614416
0.383730 0.326425 0.419607
0.523615 0.108439 -0.062271
0.352084 0.444296 0.179427
0.197326 0.061487 0.881171
0.414956 -0.038260 0.515454
-0.020657 0.190893 0.834791
0.726113 -0.306739 1.101683
0.174597 0.222240 0.765133
0.710579 -0.870540 -0.241266
0.526308 -0.785920 -0.583555
0.522850 -0.653963 0.175190
0.183670 0.321669 -0.303988
-0.418765 0.108860 -0.660480
0.653733 -0.499547 0.445168
0.459863 0.211064 0.002077
0.638685 -0.219298 -0.430353
0.174341 -0.481745 -0.744372
0.271331 -0.375558 0.976805
0.768541 -0.541878 0.993511
-0.129431 0.642338 -0.039622
0.632385 -0.628925 0.737422
-0.771748 0.379288 -0.360442
0.482547 -0.518877 -0.154599
-0.680362 -0.298502 -0.706976
0.371689 -0.392523 -0.355418
0.627546 -0.188997 -0.592645
0.538367 -0.449098 -0.384863
0.647645 -0.349712 -0.557024
0.587038 -0.338858 -0.221982
0.647506 -0.735880 -0.018866
0.572091 -0.242046 -0.516147
0.746239 -0.223822 0.964908
0.100749 0.063011 -0.670700
0.271671 0.122311 0.653267
0.447987 0.044157 0.642751
0.320484 -0.572232 0.800177
0.254138 -0.717977 -0.721435
-0.048686 -0.445039 -0.725845
0.437418 -0.683724 -0.353649
-0.735146 -0.872976 0.784361
0.684809 -0.093951 1.071863
-0.122112 -0.013108 -0.724148
0.747138 -0.433512 1.074671
0.574409 -0.524562 0.379606
0.421413 0.043829 -0.323294
0.498459 0.050431 0.541097
0.077216 -0.301861 0.985117
-0.025327 -0.415442 0.870271
0.690558 -0.528522 0.626418
0.655590 -0.773064 -0.671872
0.506073 0.234549 0.589062
-0.790785 0.116937 -0.547740
0.592330 -0.335044 -0.278115
-0.522036 -0.436861 -0.714714
-0.116785 0.273205 -0.567871
-0.143210 -1.028738 0.508948
0.398745 -0.710379 0.404609
0.064973 -0.838423 -0.396963
0.569628 -0.608483 -0.751945
-0.048536 0.225327 0.742038
0.545033 -0.331742 0.908955
0.179354 0.408697 0.569384
-0.266530 -0.049527 0.989752
0.649743 0.205092 0.487370
0.667572 -0.615889 -0.330152
-0.413663 -0.316662 0.976399
0.754295 -0.414995 0.845174
0.594892 -0.307199 -0.491204
0.378804 -0.288744 -0.328161
0.728987 -0.458231 0.763237
0.511620 -0.513097 -0.296919
0.477076 -0.422897 0.658408
0.433608 0.233862 0.121314
0.394683 -0.727995 -0.149837
-0.501118 -0.631676 0.915309
0.523023 -0.568840 -0.363619
-0.902038 -0.146415 0.864534
0.466991 -0.759550 -0.308773
0.274301 -0.553158 -0.717986
0.647821 -0.642708 -0.254424
0.759565 -0.447065 -0.366013
-0.212708 0.598777 -0.243523
0.666118 -0.481889 -0.642784
-0.856062 -0.563784 0.902929
0.521404 -0.405326 0.231338
0.437675 0.035599 0.920577
-0.149514 -0.360808 0.903695
0.713167 -0.243637 0.738884
0.783456 -0.308973 1.011701
0.135654 -1.041129 0.134369
0.629772 -0.474070 -0.719868
0.507642 -0.547684 -0.001187
-0.172948 -0.732541 -0.654024
-0.272005 0.040914 0.846235
0.198668 0.493349 0.338893
0.724290 -0.815233 -0.695885
0.409655 -0.405110 0.897499
0.551128 -0.690551 -0.629945
0.508178 -0.067967 -0.495876
-0.155087 0.666925 0.172362
0.135874 0.223099 -0.520622
0.517981 -0.202407 0.626483
0.522252 -0.434954 -0.688588
-0.421079 0.635828 0.080784
0.614571 -0.656443 -0.407568
0.727224 -0.522109 0.713041
0.564927 -0.149140 0.501373
0.654473 -0.563663 -0.176758
-0.928110 -0.577513 -0.575124
0.094620 -0.538587 0.936686
0.691116 -0.289180 -0.437262
0.633919 -0.389102 -0.651324
-0.521161 0.255884 -0.542295
0.533801 -0.490055 0.383336
0.426182 -0.452856 0.514178
0.539084 -0.763845 -0.687042
0.418579 0.163643 0.070219
0.533698 -0.345250 -0.199271
0.554374 0.054427 0.203089
0.438284 -0.313683 -0.527443
0.583156 0.074146 0.875479
0.665137 -0.797155 -0.146652
-0.845044 -0.249055 -0.615795
0.608307 -0.157558 -0.275776
0.120065 -0.892183 -0.558981
-0.063690 0.422765 -0.426582
0.672943 0.210834 0.676390
-0.489232 -0.749456 -0.648507
0.739448 -0.373988 0.850612
0.670055 -0.128973 0.541379
0.035395 0.374768 0.614216
-0.203896 -0.818216 -0.567728
0.226821 0.414100 -0.320604
0.674078 -0.655978 -0.767306
-0.171321 0.184842 -0.676236
-0.345804 -0.535345 0.999644
0.179997 -0.214238 -0.679163
0.621191 -0.202857 0.959108
0.521472 -0.315473 0.540593
-0.382177 -0.573520 -0.701178
-0.177277 -0.413626 0.961075
-0.280571 0.472113 0.494428
0.393159 0.221730 -0.031446
0.664848 -0.497051 -0.287029
0.543573 -0.047493 -0.351478
0.405270 -0.148949 -0.433769
0.549020 -0.530712 -0.787833
-0.118477 -0.608041 -0.754930
0.281212 -0.340915 0.771604
0.418900 0.124921 0.397874
-0.432416 0.468111 -0.418413
0.823287 -0.939150 -0.447356
-0.026124 -0.144252 0.949209
-1.138251 -0.670763 -0.460748
0.641790 -0.593047 -0.653920
0.541731 -0.219101 -0.132302
0.503025 -0.180796 0.674414
0.456597 -0.098018 -0.396698
0.539156 0.071480 -0.141483
0.737944 -0.654610 -0.277539
0.393967 0.090958 -0.283510
0.581631 -0.154032 0.081528
-0.065362 -0.816029 -0.571090
0.605238 0.028928 0.429307
-0.177726 0.111090 0.851137
0.195767 -0.150144 0.969408
0.525311 0.181909 0.359571
0.666454 -0.662306 -0.681745
0.438669 0.182833 0.633886
0.539326 -0.076117 0.069098
0.705963 -0.703696 -0.526578
0.286042 -0.916496 -0.122635
0.664907 -0.309322 0.616709
0.509354 0.166431 0.184940
0.321449 0.339529 -0.146560
0.440423 0.091385 -0.102614
0.580730 -0.242011 -0.404730
0.415164 -0.196778 0.605034
0.601394 -0.511347 -0.229952
0.458857 -0.065524 -0.338969
-0.618409 -0.084340 -0.658318
0.783369 -0.067818 0.538184
0.236208 -0.326553 -0.710350
0.095930 -0.195939 -0.771677
0.533067 -0.187087 -0.404329
0.733728 -0.885602 -0.575628
0.450067 -0.260055 -0.685983
-0.493131 -0.048826 0.934989
0.696683 -0.325512 0.605800
0.721420 -0.685179 -0.504573
0.514016 -0.509729 0.121833
-0.223374 -1.043909 -0.179443
0.610689 -0.450174 -0.691400
0.693780 0.088684 0.719745
0.229233 0.573543 0.045628
0.717164 0.168506 0.520132
0.118215 -0.134162 0.854599
0.650678 -0.819151 -0.362644
0.678424 0.110513 0.846811
-0.338321 -0.154110 -0.739025
0.718277 -0.154432 0.599847
-0.220234 -0.609590 0.874456
0.726838 -0.867265 -0.381103
0.459275 0.126679 -0.204967
0.579854 -0.001350 0.372383
0.518518 0.013089 -0.361335
0.716910 -0.029868 0.865099
-0.365128 0.333564 0.729059
-0.195650 -0.896586 -0.458577
0.194399 0.030468 -0.547755
0.667463 -0.392494 -0.473179
-0.115069 -0.303732 -0.749753
0.664790 -0.004218 0.729835
-0.377070 -0.428615 -0.745379
-0.188106 0.364452 0.650730
-1.062521 -0.238541 -0.517962
0.183492 -0.802313 0.628944
-0.682410 -0.314607 0.969175
0.726246 -0.356538 0.576803
0.096751 -1.020903 -0.294833
-0.759423 -0.641391 -0.667169
0.760867 -0.574464 0.907815
0.328805 -0.926238 -0.469978
0.606806 -0.058736 0.417846
0.675079 -0.652657 -0.841585
-0.483674 -1.058990 -0.243126
-0.201689 -0.525218 -0.717011
0.303111 -0.788961 -0.544082
0.673001 -0.355167 -0.270818
-0.244333 -0.917201 0.737968
0.257805 0.246631 0.483383
-0.361554 -0.665331 -0.634086
-0.278207 0.327776 -0.567606
0.433478 -0.158553 -0.521606
-0.340118 -0.771377 0.847766
0.395869 -0.727420 0.064842
0.545896 0.145931 0.442474
-0.723990 -0.788329 -0.468496
0.323664 -0.076718 0.917110
-0.636209 0.205831 0.742050
0.559776 -0.399626 -0.179917
0.222657 -0.520362 -0.595207
-0.891952 -0.932189 -0.329116
-0.505910 -0.895753 -0.480924
0.618930 -0.660584 -0.099075
-0.229910 -1.011840 -0.322368
-0.135266 0.554030 0.406897
0.380813 0.209950 -0.288811
0.043013 -0.648252 0.778182
-0.359118 -1.103040 0.441161
-0.358063 -1.096382 0.743848
-0.537680 -1.082318 0.401031
-0.428079 -1.067841 0.896194
-0.672593 -1.090086 0.533674
-0.542441 -1.001502 0.880126
-0.644032 -1.010106 0.147393
-0.602362 -0.838315 1.040810
-0.930545 -1.047273 0.091638
-0.782912 -0.910804 0.953564
-0.936295 -0.983370 -0.182067
-0.809461 -0.769362 1.096956
-0.984423 -0.870664 -0.121393
-0.851071 -0.665734 1.051845
-0.884051 -0.822990 -0.270355
-0.806700 -0.510962 1.169361
-0.939184 -0.668957 -0.164610
-0.856859 -0.346872 1.052014
-0.865912 -0.472866 -0.285244
-0.794414 -0.210301 1.058943
-0.916080 -0.319524 -0.246580
-0.854596 -0.171270 0.883067
-0.846942 -0.208042 -0.401857
-0.820221 -0.063701 0.850430
-0.868141 -0.111442 -0.368671
-0.826129 0.013933 0.678929
-0.702108 0.030615 -0.425580
-0.688289 0.177355 0.607605
-0.654998 0.323831 -0.341010
-0.674217 0.375668 0.389534
-0.531108 0.546899 -0.331207
-0.523919 0.635844 0.207208
-0.557470 -1.286343 0.485454
-0.492756 -1.411973 0.750054
-0.665582 -1.432819 0.642300
-0.618301 -1.349815 0.969751
-0.792131 -1.326164 0.455595
-0.799408 -1.188816 1.009158
-0.962623 -1.296378 0.414867
-0.943981 -1.084474 0.976594
-1.037398 -1.199236 0.190751
-1.059076 -0.937563 0.978245
-1.206485 -1.085758 0.144967
-1.139518 -0.842226 0.938762
-1.136934 -0.972263 -0.093137
-1.086193 -0.644507 0.967805
-1.159839 -0.887193 -0.020924
-1.087685 -0.587674 0.897733
-1.062801 -0.789483 -0.157597
-0.999500 -0.381811 0.947334
-1.042777 -0.579705 -0.003525
-1.010842 -0.279362 0.813772
-0.998348 -0.457291 -0.141570
-0.974998 -0.239543 0.770599
-1.026636 -0.381523 -0.046712
-0.988747 -0.174837 0.618033
-0.968901 -0.243061 -0.247554
-0.934566 -0.013326 0.517211
-0.890827 -0.071754 -0.032560
-0.893455 0.060359 0.431372
-0.811396 0.154620 -0.238858
-0.762296 0.218523 0.357415
-0.756451 0.425915 0.205897
-0.567229 0.377657 0.470527
-0.570919 -1.100439 0.702768
-0.559738 -1.266185 0.860257
-0.791652 -1.296829 0.672603
-0.843325 -1.292347 0.925077
-1.103534 -1.271824 0.786874
-1.119545 -1.184391 0.782051
-1.240516 -1.117148 0.590973
-1.242030 -1.021175 0.757698
-1.403384 -1.038598 0.634844
-1.393238 -0.868762 0.647982
-1.419147 -0.849813 0.381002
-1.356552 -0.676239 0.777328
-1.400503 -0.714940 0.456857
-1.302357 -0.473841 0.744442
-1.345801 -0.554682 0.450209
-1.315157 -0.387915 0.829249
-1.363374 -0.440998 0.639578
-1.265989 -0.267356 0.721390
-1.217862 -0.352573 0.401770
-1.170084 -0.173484 0.662628
-1.187638 -0.235467 0.412902
-1.145838 -0.064190 0.401053
-1.142337 -0.104847 0.126565
-1.126104 0.103514 0.357010
-1.071938 0.057593 0.080483
-0.994516 0.179536 0.140329
-0.914031 0.161745 -0.095810
-0.892843 0.300901 0.140793
-0.787003 0.404077 -0.144632
-0.671495 0.493871 -0.007278
-0.539499 0.531586 -0.287763
-0.405331 0.588885 -0.167179
-0.754683 -1.336723 0.480915
-0.846310 -1.491245 0.736521
-0.998377 -1.519268 0.652240
-0.989192 -1.472842 0.851151
-1.061510 -1.387081 0.470454
-1.075127 -1.312133 0.886471
-1.244716 -1.273518 0.450903
-1.200224 -1.156041 0.796471
-1.272684 -1.146745 0.302938
-1.241311 -0.982596 0.860230
-1.407933 -0.992279 0.320109
-1.309013 -0.815736 0.851016
-1.374338 -0.885661 0.086529
-1.280197 -0.600220 0.975242
-1.352955 -0.764888 0.196795
-1.251523 -0.544930 0.966227
-1.239809 -0.633796 0.201466
-1.179179 -0.425097 0.998286
-1.267673 -0.453605 0.304470
-1.204045 -0.323124 0.829898
-1.168949 -0.370889 0.101564
-1.120682 -0.232177 0.656751
-1.117398 -0.220081 0.042917
-1.048015 -0.028415 0.494714
-0.987247 0.011857 -0.093467
-0.938544 0.174363 0.361130
-0.894781 0.222814 -0.030525
-0.874662 0.267860 0.318249
-0.746033 0.373454 -0.060176
-0.627925 0.514757 0.195449
-0.512442 0.675018 -0.157617
-0.370667 0.695139 0.075610
-0.800065 -1.324184 0.639999
-0.807062 -1.460456 0.783020
-1.013511 -1.475694 0.616138
-1.049498 -1.418864 0.788416
-1.227085 -1.385689 0.552532
-1.154801 -1.288312 0.746645
-1.250870 -1.162647 0.398864
-1.246349 -1.043227 0.826479
-1.346968 -0.936180 0.222671
-1.312701 -0.817130 0.933482
-1.418387 -0.806073 -0.086988
-1.425238 -0.557644 1.034067
-1.557945 -0.754777 -0.018816
-1.456248 -0.295853 1.147625
-1.492175 -0.525192 0.540708
-1.484423 -0.198358 1.123917
-1.465510 -0.372012 0.899196
-1.339929 -0.186410 0.961032
-1.266348 -0.241413 0.660165
-1.219582 -0.092424 0.771781
-1.236377 -0.147482 0.364140
-1.111396 -0.014231 0.345075
-1.072835 -0.022794 0.121854
-0.978247 0.182994 0.223374
-0.896960 0.218630 -0.036036
-0.816020 0.351874 -0.034597
-0.710486 0.415219 -0.019161
-0.583537 0.535994 -0.053641
-0.456092 0.648042 -0.177994
-0.398920 0.687529 -0.174622
-0.389303 1.247941 -0.380489
-0.313292 1.269926 -0.357590
-0.792235 -1.528439 0.564221
-0.806899 -1.645977 0.737913
-0.939833 -1.647280 0.615836
-0.921305 -1.566128 0.841579
-1.028934 -1.550705 0.426068
-0.993274 -1.404421 0.915796
-1.099248 -1.413635 0.318322
-1.059361 -1.232731 1.012858
-1.162646 -1.203783 0.116252
-1.148388 -0.944402 1.107488
-1.317142 -0.981833 -0.190343
-1.336834 -0.621940 1.145328
-1.488929 -0.890146 -0.388522
-1.439882 -0.387538 1.194015
-1.509169 -0.743785 -0.196727
-1.466518 -0.304649 1.179386
-1.407174 -0.538752 0.223203
-1.256641 -0.275887 1.139975
-1.239638 -0.352225 0.253991
-1.130444 -0.157752 0.939750
-1.104733 -0.245325 0.037354
-1.008774 -0.057670 0.672014
-0.971210 -0.079321 -0.074618
-0.893227 0.143573 0.397955
-0.802763 0.210979 -0.058405
-0.701405 0.343837 0.247808
-0.598642 0.363744 -0.120702
-0.459704 0.479699 0.145851
-0.362693 0.566939 -0.071429
-0.348049 0.792617 -0.114962
-0.284644 1.097300 -0.286806
-0.230503 1.108207 -0.162897
-0.702401 -1.467451 0.602346
-0.699795 -1.568039 0.794039
-0.853502 -1.567643 0.461681
-0.838698 -1.456750 0.971949
-1.012207 -1.416822 0.253416
-0.928391 -1.275384 1.155104
-1.106480 -1.255417 0.097777
-1.022286 -1.051744 1.154417
-1.176064 -0.972250 -0.139096
-1.115160 -0.718784 1.165379
-1.301779 -0.793814 -0.346121
-1.284210 -0.467713 1.183029
-1.421650 -0.710965 -0.359918
-1.383160 -0.264354 1.272013
-1.411512 -0.551641 -0.074199
-1.386130 -0.174031 1.202744
-1.347713 -0.376646 0.270006
-1.248738 -0.139133 1.143003
-1.206486 -0.259834 0.254025
-1.052516 -0.025140 0.951543
-1.031111 -0.085785 0.197685
-0.909202 0.067696 0.508196
-0.851591 0.063624 0.084606
-0.753982 0.263893 0.192984
-0.634687 0.370821 0.021179
-0.464452 0.546756 0.063031
-0.377756 0.721319 0.042623
-0.504595 1.565950 -0.329400
-0.584450 2.069567 -0.587929
-0.622633 2.171957 -0.595449
-0.529751 2.247411 -0.762274
-0.429511 2.080539 -0.574264
-0.679239 -1.578249 0.525223
-0.706202 -1.663255 0.728817
-0.774344 -1.646140 0.462314
-0.737401 -1.510872 0.927203
-0.840555 -1.491500 0.225152
-0.745735 -1.315740 1.109543
-0.921557 -1.389504 -0.013860
-0.828052 -1.144943 1.181376
-0.981590 -1.145896 -0.133024
-0.930791 -0.825935 1.164962
-1.096621 -0.904490 -0.392192
-1.083592 -0.575539 1.185646
-1.209262 -0.757102 -0.504568
-1.191950 -0.368662 1.224364
-1.207975 -0.608608 -0.379019
-1.200198 -0.271319 1.254295
-1.172163 -0.469246 -0.133102
-1.060091 -0.194646 1.234170
-1.054833 -0.329085 -0.047715
-0.953638 -0.099161 1.087053
-0.928166 -0.124849 -0.067213
-0.864516 0.061022 0.832368
-0.857818 0.092726 -0.029826
-0.735876 0.219884 0.438361
-0.604661 0.340605 -0.077892
-0.426204 0.432636 0.139229
-0.319574 0.546423 -0.003349
-0.331559 0.835427 -0.027992
-0.389743 1.069890 -0.057207
-0.437042 1.607982 -0.362709
-0.347553 2.027402 -0.530066
-0.364975 1.916476 -0.406366
-0.567510 -1.437571 0.540019
-0.599582 -1.437589 0.716030
-0.678751 -1.444417 0.369652
-0.663927 -1.280275 0.866790
-0.788838 -1.280180 0.225450
-0.718152 -1.107897 1.009217
-0.835782 -1.163246 0.034978
-0.763671 -0.953301 1.031849
-0.902147 -0.958173 -0.154390
-0.833748 -0.713099 1.013081
-0.941678 -0.764168 -0.283169
-0.923211 -0.535142 1.045307
-1.041166 -0.623201 -0.312084
-1.047733 -0.348158 1.010139
-1.048899 -0.460108 -0.198739
-1.068619 -0.214069 0.920988
-1.050724 -0.332802 -0.029336
-1.007656 -0.099454 0.924987
-0.944268 -0.185742 0.011776
-0.848618 0.040493 0.816224
-0.823460 0.054906 0.022909
-0.741604 0.237414 0.572460
-0.673673 0.206248 0.001855
-0.643264 0.424156 0.223740
-0.462984 0.610553 -0.021521
-0.327276 0.949031 -0.062720
-0.564899 2.290805 -0.509817
-0.715003 2.825732 -0.746580
-0.785273 3.300559 -0.892102
-0.750161 3.278561 -0.747202
-0.716422 3.341593 -0.912832
-0.672278 3.055068 -0.721507
-0.541792 -1.474517 0.378789
-0.546365 -1.522420 0.578676
-0.595864 -1.489981 0.334180
-0.547362 -1.420626 0.819770
-0.617282 -1.407817 0.124890
-0.520691 -1.230938 0.985113
-0.668552 -1.296417 -0.097332
-0.547605 -1.101309 1.078960
-0.673092 -1.138667 -0.175698
-0.606450 -0.900930 1.096812
-0.717164 -0.927912 -0.318388
-0.636108 -0.694957 1.076445
-0.764380 -0.731160 -0.370365
-0.741555 -0.481769 1.090334
-0.814612 -0.504849 -0.369063
-0.803747 -0.293683 1.015725
-0.780326 -0.346063 -0.281347
-0.772615 -0.144723 0.984062
-0.801183 -0.129520 -0.289840
-0.740705 0.056095 0.854369
-0.668890 0.105858 -0.208874
-0.575988 0.272169 0.742119
-0.524457 0.339597 -0.182157
-0.433291 0.485317 0.311383
-0.261345 0.594966 -0.163301
-0.255786 0.720326 0.030161
-0.206519 0.820291 -0.002667
-0.325441 1.566062 -0.294339
-0.508718 2.096128 -0.352419
-0.629968 2.685664 -0.535229
-0.569883 3.019229 -0.710349
-0.598096 2.758882 -0.484367
-0.437394 -1.329344 0.413664
-0.460118 -1.290267 0.641649
-0.535414 -1.316433 0.131159
-0.518933 -1.146089 0.855729
-0.605107 -1.203023 0.009974
-0.511623 -0.978977 0.963061
-0.569817 -1.120797 -0.213781
-0.470293 -0.902223 1.134865
-0.552707 -0.977215 -0.306744
-0.485778 -0.734522 1.109353
-0.510851 -0.796448 -0.376497
-0.457198 -0.628539 1.176579
-0.561599 -0.640293 -0.427970
-0.554385 -0.444850 1.033812
-0.603655 -0.421652 -0.410033
-0.581203 -0.269221 0.937202
-0.602958 -0.254953 -0.405842
-0.586651 -0.087014 0.843891
-0.608564 -0.040552 -0.340443
-0.571813 0.167698 0.761414
-0.536006 0.293897 -0.217069
-0.469842 0.452440 0.433707
-0.417493 0.483813 -0.086259
-0.378285 0.695540 0.030615
-0.274315 0.980528 -0.140469
-0.423921 2.352133 -0.653195
-0.686624 2.977724 -0.796506
-0.899337 3.626364 -1.137293
-0.915329 4.075135 -1.068814
-0.808978 4.046468 -1.019742
-0.800592 3.978152 -0.942927
-0.691719 3.616453 -0.949769
-0.414840 -1.373158 0.225093
-0.395692 -1.421746 0.443181
-0.430308 -1.399207 0.149522
-0.392702 -1.288035 0.732410
-0.437439 -1.317996 -0.129943
-0.330874 -1.080450 0.955107
-0.393853 -1.248765 -0.300220
-0.288585 -0.975099 1.111876
-0.376697 -1.173097 -0.441002
-0.263822 -0.888631 1.302030
-0.348381 -0.986124 -0.431989
-0.255264 -0.759533 1.278904
-0.384298 -0.754423 -0.511364
-0.339226 -0.571126 1.276376
-0.414763 -0.531890 -0.533575
-0.353623 -0.329093 1.091532
-0.402846 -0.274449 -0.512495
-0.420493 -0.067018 0.907272
-0.451498 0.010896 -0.554338
-0.415462 0.222089 0.843371
-0.398407 0.350864 -0.425771
-0.331529 0.475438 0.596751
-0.257961 0.542397 -0.240167
-0.194446 0.620839 0.067904
-0.132685 0.808611 -0.203583
-0.249085 1.045997 -0.220928
-0.325662 1.294635 -0.210778
-0.418884 2.212864 -0.709191
-0.542725 2.799919 -0.627492
-0.555503 3.217081 -0.715189
-0.566173 3.459925 -0.850945
-0.591943 3.241761 -0.693659
-0.327748 -1.240705 0.320110
-0.382397 -1.225707 0.549765
-0.402747 -1.277191 -0.009846
-0.380559 -1.107595 0.795975
-0.400556 -1.196240 -0.144805
-0.339381 -0.917411 0.866172
-0.358598 -1.119839 -0.381224
-0.257041 -0.802640 1.090061
-0.366013 -0.907885 -0.277421
-0.256175 -0.663428 1.110942
-0.295422 -0.750081 -0.436346
-0.239855 -0.578485 1.345785
-0.333920 -0.594574 -0.518369
-0.296759 -0.449175 1.166972
-0.279400 -0.413724 -0.558879
-0.267793 -0.220072 1.000552
-0.265824 -0.143714 -0.602019
-0.305069 0.039739 0.821697
-0.307390 0.127003 -0.559576
-0.294113 0.341050 0.757367
-0.299684 0.450333 -0.413369
-0.244159 0.589832 0.396064
-0.227507 0.625877 -0.213902
-0.217289 0.807060 -0.141355
-0.219891 1.140466 -0.198375
-0.382172 1.911245 -0.663848
-0.570386 2.616993 -0.615031
-0.709695 3.175167 -0.952869
-0.729203 3.713484 -0.868397
-0.672175 3.752964 -0.858298
-0.745646 3.768037 -0.780872
-0.584932 3.521847 -0.828490
-0.320014 -1.306483 0.153600
-0.299559 -1.367649 0.361809
-0.316412 -1.351175 0.065345
-0.288780 -1.259008 0.662350
-0.286873 -1.340855 -0.269235
-0.194133 -1.074250 0.961641
-0.237023 -1.282332 -0.364763
-0.112914 -0.948210 1.154668
-0.222094 -1.224105 -0.477593
-0.108197 -0.868377 1.468290
-0.213709 -0.955242 -0.437098
-0.108470 -0.752553 1.445949
-0.235872 -0.712942 -0.586611
-0.150654 -0.579188 1.456566
-0.175600 -0.539312 -0.667002
-0.141514 -0.320859 1.264289
-0.155354 -0.198514 -0.620057
-0.183563 0.019185 0.993050
-0.161186 0.129404 -0.662221
-0.178551 0.314025 0.837826
-0.207450 0.439063 -0.522133
-0.160791 0.541634 0.575268
-0.141550 0.575050 -0.335631
-0.125593 0.637786 0.019854
-0.091949 0.818559 -0.290195
-0.205922 0.980566 -0.266214
-0.288972 1.289390 -0.309746
-0.365907 1.841134 -0.587074
-0.417242 2.336251 -0.568577
-0.442878 2.522967 -0.664683
-0.538296 2.878458 -0.822434
-0.455340 2.635875 -0.524462
-0.222159 -1.205189 0.235349
-0.282019 -1.165618 0.497010
-0.331329 -1.207654 -0.104248
-0.305790 -1.039610 0.763735
-0.355246 -1.107456 -0.197772
-0.283788 -0.871721 0.949606
-0.303804 -1.052171 -0.475514
-0.226873 -0.782437 1.248773
-0.305236 -0.891783 -0.420345
-0.232923 -0.646444 1.237037
-0.247158 -0.686123 -0.533904
-0.197187 -0.554609 1.462936
-0.224553 -0.575529 -0.587871
-0.188350 -0.462008 1.281886
-0.114671 -0.404466 -0.603284
-0.104781 -0.182796 1.114818
-0.052440 -0.046499 -0.646891
-0.110898 0.130954 0.909926
-0.090888 0.220657 -0.566162
-0.125278 0.370314 0.793648
-0.145671 0.464775 -0.461665
-0.135121 0.528998 0.480015
-0.140416 0.614999 -0.252127
-0.129673 0.743112 0.023159
-0.160988 0.975254 -0.216526
-0.240576 1.517537 -0.506406
-0.361454 2.078780 -0.515300
-0.534003 2.514278 -0.860313
-0.599984 2.993024 -0.835470
-0.587107 3.009481 -0.866008
-0.590584 3.085686 -0.755990
-0.422210 2.792762 -0.815110
-0.234449 -1.228867 0.073266
-0.224692 -1.262948 0.313677
-0.270763 -1.252491 -0.008360
-0.235059 -1.120531 0.607401
-0.325281 -1.140312 -0.227132
-0.216365 -0.919425 0.927181
-0.250699 -1.030712 -0.283262
-0.155252 -0.797309 1.104442
-0.253072 -0.972739 -0.533213
-0.143022 -0.727566 1.520402
-0.211050 -0.793503 -0.519755
-0.116879 -0.626649 1.423743
-0.210305 -0.621593 -0.632129
-0.091404 -0.511948 1.429512
-0.051197 -0.526258 -0.665717
-0.018415 -0.275857 1.235774
0.014945 -0.145279 -0.608461
-0.019778 0.088235 0.958409
0.013972 0.178210 -0.603979
-0.024170 0.338288 0.795371
-0.052965 0.419140 -0.499065
-0.058468 0.492365 0.622259
-0.067897 0.553613 -0.376642
-0.108493 0.600650 0.259657
-0.092741 0.745940 -0.287174
-0.177191 0.864033 -0.077027
-0.255606 1.046215 -0.285832
-0.345748 1.268640 -0.347065
-0.430587 1.604446 -0.439474
-0.447398 1.563975 -0.454851
-0.449303 2.069704 -0.660038
-0.369095 1.726972 -0.324500
-0.165203 -1.152545 0.218638
-0.226814 -1.080604 0.522936
-0.281958 -1.143348 -0.065897
-0.256642 -0.968377 0.690964
-0.318462 -1.033744 -0.172923
-0.259362 -0.805575 0.792519
-0.278350 -0.916266 -0.353761
-0.215070 -0.705004 0.968483
-0.215678 -0.781862 -0.389219
-0.187918 -0.550677 0.952145
-0.164817 -0.603138 -0.544706
-0.151521 -0.429589 1.166561
-0.132776 -0.510882 -0.528364
-0.056317 -0.356551 1.110056
0.039512 -0.378883 -0.568794
0.044591 -0.122834 1.023237
0.097909 -0.019907 -0.613149
0.063069 0.211026 0.852593
0.074690 0.274380 -0.512393
0.033934 0.415348 0.728420
-0.003922 0.469945 -0.396763
-0.054112 0.526747 0.559993
-0.085095 0.629856 -0.265691
-0.111037 0.735663 0.249877
-0.125719 0.842142 -0.206261
-0.167717 1.034219 -0.156588
-0.243659 1.290487 -0.385536
-0.338598 1.491689 -0.497302
-0.366879 1.892543 -0.579337
-0.378013 1.862149 -0.501476
-0.376335 2.102000 -0.537101
-0.306623 1.899155 -0.587624
-0.156744 -1.132978 0.061550
-0.172947 -1.124989 0.349408
-0.189869 -1.119062 -0.008628
-0.143343 -1.019709 0.591690
-0.190074 -1.038699 -0.127878
-0.137564 -0.861188 0.806282
-0.158189 -0.897381 -0.214294
-0.067389 -0.714274 0.901012
-0.078570 -0.806192 -0.344728
-0.028908 -0.583057 1.126303
-0.042462 -0.633458 -0.459106
0.023519 -0.435604 1.111965
-0.025220 -0.538034 -0.506862
0.063364 -0.368671 1.161379
0.130617 -0.425567 -0.514841
0.154284 -0.161200 1.031491
0.185999 -0.098680 -0.496665
0.161737 0.167106 0.828798
0.195081 0.218778 -0.486692
0.131049 0.370272 0.650379
0.066609 0.417420 -0.384254
0.040877 0.499474 0.520192
0.013644 0.577274 -0.323167
-0.037901 0.617542 0.295928
-0.078615 0.652408 -0.283337
-0.094279 0.690802 0.060982
-0.140096 0.770151 -0.266267
-0.181742 0.761306 -0.106163
-0.238924 0.894659 -0.226037
-0.301398 0.811857 -0.107848
-0.340676 1.053717 -0.346720
-0.300758 0.854616 -0.163822
-0.053922 -1.084575 0.220040
-0.120495 -0.994053 0.529219
-0.126014 -1.039415 -0.031687
-0.069030 -0.902026 0.652927
-0.047057 -0.933844 -0.142175
-0.028056 -0.745913 0.696213
0.033126 -0.791990 -0.268037
0.104559 -0.614952 0.800745
0.184092 -0.672675 -0.360088
0.181262 -0.463214 0.872775
0.174495 -0.537793 -0.425326
0.204930 -0.341248 0.947680
0.213574 -0.427644 -0.354514
0.248752 -0.242893 0.902883
0.288148 -0.258938 -0.394149
0.291257 -0.035564 0.852407
0.319430 0.050844 -0.394086
0.272933 0.244283 0.664812
0.292435 0.304922 -0.335943
0.221029 0.413848 0.497316
0.154102 0.450838 -0.314746
0.100940 0.522047 0.378024
0.052799 0.606578 -0.208433
0.032745 0.650329 0.161279
-0.028786 0.695042 -0.160889
-0.013582 0.721240 -0.051239
-0.048522 0.741960 -0.208010
-0.073466 0.803802 -0.200667
-0.119889 0.956502 -0.251191
-0.130514 1.029045 -0.268328
-0.214280 1.215264 -0.262510
-0.182716 1.108187 -0.404103
-0.007173 -1.023049 0.109546
-0.014961 -1.007116 0.356050
0.026813 -1.001423 0.054293
0.103257 -0.910840 0.563780
0.145020 -0.925452 -0.082247
0.225080 -0.787794 0.680142
0.311498 -0.783429 -0.173732
0.379970 -0.659058 0.725381
0.404004 -0.705333 -0.308859
0.438284 -0.510948 0.843338
0.443041 -0.569056 -0.344947
0.492412 -0.371972 0.843265
0.415080 -0.456596 -0.294959
0.419791 -0.270008 0.841152
0.427048 -0.281502 -0.282351
0.435764 -0.062385 0.726759
0.432369 -0.017506 -0.266028
0.388122 0.180493 0.561382
0.411919 0.242010 -0.197525
0.355240 0.381764 0.380827
0.298963 0.421641 -0.195916
0.226996 0.500331 0.207738
0.171385 0.555964 -0.129661
0.127959 0.583670 0.068432
0.042348 0.608762 -0.137516
0.044474 0.621879 -0.040843
-0.016351 0.613178 -0.204905
-0.049341 0.643463 -0.137147
-0.105055 0.680321 -0.181934
-0.152246 0.674217 -0.183891
-0.215908 0.749959 -0.176013
-0.205517 0.631720 -0.140633
0.111673 -0.991743 0.258314
0.096850 -0.926934 0.499629
0.177917 -0.942261 0.064835
0.257132 -0.826674 0.498449
0.311017 -0.819356 -0.086516
0.363160 -0.676151 0.547759
0.424181 -0.664716 -0.197384
0.479940 -0.546051 0.639414
0.471434 -0.559096 -0.247846
0.518728 -0.406915 0.707730
0.503967 -0.455071 -0.247675
0.537400 -0.306291 0.769895
0.504608 -0.335769 -0.237869
0.509491 -0.152190 0.715258
0.494443 -0.132608 -0.251633
0.493629 0.060741 0.660325
0.502630 0.122279 -0.227778
0.488179 0.276610 0.494432
0.466184 0.342854 -0.151257
0.416065 0.420179 0.294097
0.371297 0.461289 -0.130706
0.289791 0.496163 0.081244
0.224242 0.535945 -0.068813
0.160447 0.554259 -0.085147
0.076041 0.598172 -0.015896
0.043336 0.568509 -0.132548
-0.026055 0.585724 -0.054158
-0.016443 0.563732 -0.145027
-0.092478 0.619235 -0.112735
-0.083714 0.675539 -0.213135
-0.161819 0.636170 -0.148478
-0.159944 0.688977 -0.276358
0.192831 -0.983806 0.169805
0.191899 -0.971026 0.331796
0.254971 -0.932164 0.160635
0.358808 -0.846411 0.375223
0.374981 -0.805177 0.032081
0.444947 -0.711257 0.512331
0.453571 -0.664372 -0.073704
0.536786 -0.615717 0.607708
0.509572 -0.617560 -0.155585
0.555892 -0.555505 0.741056
0.511324 -0.570711 -0.183292
0.557585 -0.459954 0.723884
0.513028 -0.442921 -0.190902
0.506160 -0.299377 0.704835
0.463080 -0.272448 -0.220698
0.465974 -0.101584 0.575449
0.435881 -0.020516 -0.193948
0.414087 0.133826 0.465002
0.392316 0.253976 -0.182471
0.374387 0.344997 0.222208
0.319470 0.414452 -0.150170
0.278259 0.443756 0.010705
0.222927 0.489777 -0.146792
0.201329 0.501853 -0.119450
0.118527 0.526788 -0.157923
0.084545 0.515036 -0.121551
-0.013363 0.547346 -0.178560
-0.019082 0.529837 -0.121574
-0.150851 0.611784 -0.178249
-0.168367 0.609885 -0.043529
-0.293278 0.642395 -0.057055
-0.243470 0.563720 -0.018899
0.240789 -0.951483 0.223818
0.283207 -0.907452 0.344730
0.318998 -0.842456 0.066485
0.401794 -0.785662 0.342088
0.430583 -0.681152 0.088774
0.472123 -0.636899 0.373635
0.463035 -0.521453 0.050371
0.515150 -0.525126 0.448792
0.507609 -0.434175 0.113148
0.548657 -0.411420 0.473855
0.529657 -0.373343 0.033477
0.550931 -0.349054 0.480223
0.539558 -0.303295 -0.007342
0.531839 -0.182147 0.418034
0.496553 -0.107933 -0.044844
0.465274 -0.009020 0.393329
0.442645 0.089015 -0.013541
0.428659 0.207274 0.302089
0.417566 0.301524 -0.076613
0.387314 0.340949 0.129684
0.348571 0.395084 -0.100809
0.322622 0.404274 -0.020951
0.275721 0.461728 -0.127848
0.255741 0.450941 -0.132312
0.176817 0.489103 -0.078325
0.146587 0.478013 -0.150988
0.046769 0.487647 -0.023071
0.043673 0.486857 -0.136112
-0.099394 0.531874 -0.049345
-0.063530 0.543528 -0.119972
-0.179413 0.564569 -0.176133
-0.121710 0.513906 -0.209155
0.313507 -0.873835 0.189076
0.317631 -0.860027 0.417954
0.415352 -0.840929 0.299584
0.430264 -0.690982 0.487296
0.495181 -0.618402 0.292388
0.494491 -0.535775 0.500217
0.516393 -0.442735 0.266719
0.496828 -0.464756 0.528987
0.547165 -0.395169 0.266000
0.551903 -0.421637 0.626109
0.596151 -0.370542 0.260039
0.559615 -0.350109 0.556876
0.584629 -0.292829 0.154240
0.534791 -0.223816 0.581923
0.521409 -0.161695 0.169652
0.472830 -0.106175 0.421482
0.455475 0.010006 0.147859
0.435558 0.092523 0.360262
0.430300 0.203474 0.079467
0.406130 0.270873 0.149494
0.385338 0.326473 -0.023186
0.355510 0.345381 0.044230
0.345859 0.404628 -0.073894
0.323242 0.442347 -0.035238
0.302442 0.477586 -0.135107
0.233081 0.469596 -0.031246
0.182881 0.534271 -0.127843
0.128589 0.490325 -0.088708
0.060876 0.579824 -0.135459
0.003569 0.541580 -0.042527
-0.159467 0.626712 -0.047484
-0.074241 0.496341 -0.098221
