0.078987 -0.702682 -0.930077
0.060326 -0.392776 -0.912745
0.127099 -0.880237 0.322794
-0.126479 0.761013 -0.404370
-0.086578 -0.628784 0.621593
-0.244941 0.984333 -0.504297
-0.585499 0.039655 0.992106
-0.403388 1.014637 0.172045
-0.402890 1.061105 -0.599597
-0.012519 1.036334 -0.235469
-0.659432 0.939917 1.144132
-0.154078 0.479897 0.795920
-0.895547 0.987319 1.262444
0.029348 0.649331 1.004536
-0.772785 0.952891 1.033409
-0.461973 -0.832998 -0.502720
-0.050954 -0.590135 -0.913797
-0.342567 -1.100730 0.349688
-0.099291 0.959074 -0.231708
-0.961858 0.953419 -0.861764
0.155944 -0.962514 0.586547
-0.104540 1.014253 -0.544463
-0.018536 1.000145 -0.455810
-0.326894 0.078634 -0.890240
-0.513225 0.106004 1.144380
-0.337406 0.476192 1.037188
-0.726867 1.480514 -0.219567
0.011747 -0.909692 0.702050
-1.362299 1.296217 -0.643867
-0.074082 -0.394541 -0.841306
-1.102638 0.323547 -1.001759
-0.211809 -0.188826 -0.690502
-0.153247 0.931708 -0.481588
0.006988 -0.283397 -0.792109
-0.516536 0.601059 -0.587379
0.137985 0.835172 -0.478231
-0.266297 -0.847345 -0.250366
-0.267131 0.499494 -0.526993
-0.012415 0.731589 1.000209
-0.707891 1.095698 -0.685587
-0.107392 0.461073 0.950953
-0.385481 0.632695 1.013136
-0.243879 -0.429339 0.813643
-0.304650 -0.590930 -1.060816
-0.625217 0.177039 -0.920832
0.043949 -0.287924 -0.825788
-0.890674 -0.699109 0.898973
-0.320022 0.672356 1.058756
-0.657380 0.867507 -0.817820
-0.509265 -0.094672 0.937531
-0.414381 -1.097497 0.530073
-0.316272 0.883274 -0.317401
-0.102222 0.582299 0.847579
-0.740892 0.192984 1.220246
-0.622537 -0.141133 0.999663
-0.295039 -0.941477 0.648701
0.032980 -0.758573 -0.792296
-0.266461 0.743661 0.725441
-1.501547 0.804410 -0.672787
-0.388594 0.950559 -0.372621
-0.947641 0.031635 -1.023250
-1.004211 1.104275 -0.736294
-0.768405 -1.207367 0.280649
0.041710 -0.834168 0.418802
-0.033801 -0.512423 -0.779618
-0.082528 -0.337779 -1.048470
-0.710893 0.731308 1.092930
-0.280306 0.022225 0.938630
-0.803729 1.104041 0.846575
-0.875723 0.685776 1.274074
-0.430822 0.925245 0.260374
-0.195071 0.399801 -0.699098
-0.872577 0.417196 1.218145
-0.269927 -0.329358 0.754170
-0.405798 1.043477 -0.487479
-0.195575 -0.223946 -0.754681
0.075256 0.620621 1.029971
0.021741 -0.320473 -0.656844
-0.214643 -0.406318 0.670693
-0.009419 0.962261 -0.329295
-0.115641 -0.445154 -0.599659
-0.762227 -0.234639 1.073596
-0.475282 0.883528 -0.577358
-1.607272 0.841043 1.159767
-0.056127 -0.667212 -0.701714
-0.131616 -0.168847 -0.857863
0.018079 -0.505849 -0.718256
0.118683 -0.422244 -0.897990
-0.923899 1.579452 -0.397395
-0.130263 -0.514700 -1.049564
-1.398078 0.121736 0.920555
-0.132545 -0.631165 -0.482559
-0.643931 0.830382 1.195978
-0.676287 0.292330 1.092142
-0.215169 0.626847 0.984734
-0.148095 0.615190 1.103748
-0.439701 -1.144843 -0.237510
-0.202114 0.382857 -0.570433
-0.205711 -0.949491 -0.148341
-0.646687 -0.459890 -1.145231
-0.972634 0.659739 1.146176
-0.373290 1.103057 -0.075228
0.092261 -0.552208 -0.929618
-0.279012 -0.192873 0.841930
-0.206376 -0.201049 -0.936583
-0.276395 1.030210 -0.624730
-0.684540 1.592638 0.188075
-0.339560 0.937274 -0.751126
-0.056003 0.391915 0.905934
-0.239477 0.104371 -0.726211
-0.975946 1.593422 -0.102434
0.082360 -0.405894 -0.798656
0.075772 -0.734227 0.469575
-0.057701 0.417431 0.707237
-0.103594 -0.627615 -0.625713
-1.279853 -0.344598 -1.017217
-0.569292 -0.411959 1.029108
-0.100242 -0.089581 -0.728048
-0.396942 0.754348 -0.578584
-1.080214 1.139120 -0.665360
0.006461 -0.829274 0.541687
-0.081051 -0.627328 0.499487
-0.001383 -0.730405 -0.867767
-0.147334 1.063734 -0.359348
-0.173469 -0.027550 -0.485649
-0.073403 0.748434 -0.271548
-0.404538 0.399651 -0.805127
-0.209148 0.683800 0.970253
-0.048267 -0.690137 -0.365570
-1.451266 0.295749 -0.539853
0.006318 0.799336 -0.607517
-0.436070 -0.867351 -0.911110
-0.815814 1.388185 -0.577225
-0.450587 0.653883 0.777449
-0.469846 -0.483799 -1.083681
-0.142251 -0.466646 0.619778
-0.165318 0.718700 0.539318
-0.615412 0.942389 0.878395
-0.592298 -0.699183 -1.085257
-0.559173 1.249884 -0.596964
-0.245721 -0.671125 -1.129338
-0.836832 0.974612 -0.778143
-0.694455 -0.118427 1.165804
-0.631347 0.476929 -0.841426
0.018602 0.568087 0.931124
-0.173732 -0.533628 0.704958
-1.099811 -0.210545 -0.960493
-0.692462 0.103552 1.153226
-0.876827 1.311307 1.023420
-0.207276 1.021510 -0.427973
-0.226767 -0.393535 -0.993152
0.040715 1.071585 -0.504981
-0.294935 0.515489 -0.412213
-0.085929 -0.221595 -0.982470
-0.377370 -0.225750 -1.028861
-0.336380 0.309526 1.122399
-0.196495 0.693714 -0.024079
-1.092257 1.480708 -0.635964
-0.277595 -0.806930 -0.765975
-0.894555 0.642832 1.139450
-1.453464 -0.485448 -0.835087
-0.434094 0.415382 -0.571417
-0.065247 0.920161 -0.513166
-0.232770 0.641030 1.019586
-0.002102 0.781569 -0.318470
0.128788 0.975583 -0.637763
0.097031 -0.496574 -0.722758
-0.110189 0.540255 -0.329040
0.098514 0.878652 -0.473253
-0.414327 -0.803897 -1.021560
-0.304905 0.612237 0.887789
-0.879197 0.920034 1.138777
-0.748834 0.622757 1.215241
-0.305904 0.809723 0.198028
-0.098971 -0.128983 -0.632881
-0.145662 0.714068 0.852872
-0.019490 1.042927 -0.498167
0.041554 -0.708609 -0.759311
-0.167057 -0.681816 -0.576116
-0.164701 -0.239336 0.579099
-0.230153 1.013412 -0.437591
-0.037595 0.984070 -0.314564
0.072210 1.020987 -0.466478
-0.164273 0.999906 -0.554484
-0.197609 0.006509 0.709005
0.012059 -0.366103 -0.699050
-0.413143 1.129624 -0.484657
-1.195426 0.545353 -0.773413
-0.108275 -0.214246 0.613213
-0.455040 0.301507 -0.821035
-0.465848 0.552284 -0.942153
-0.113437 0.636585 -0.490823
0.051461 -0.577732 -0.773649
-0.385724 0.741878 -0.846138
-1.225262 0.795522 1.270855
0.064042 0.684650 0.756668
-0.046281 -0.587004 -0.869405
0.023507 -0.560171 -0.471357
-0.808528 -1.102363 -0.410066
-0.601635 0.534315 -0.765301
-0.339614 0.503627 1.082329
-0.580629 1.206916 -0.230334
-0.114560 0.524712 0.904839
-0.653220 0.559340 1.080328
-0.225967 -0.868228 -0.495916
-0.139603 0.647194 0.871324
-0.859656 0.658208 -0.897773
0.099321 0.515503 1.060424
-0.480602 -0.436915 0.932918
-0.115093 -0.714038 -0.866519
0.107087 1.059434 -0.337512
-0.041099 0.756498 -0.381272
0.183580 0.921153 -0.289754
0.060104 0.683168 0.868101
-1.070382 1.003130 1.237846
-0.661959 -0.954824 -0.848287
-0.298233 0.503644 -0.581083
-0.238322 0.284376 -0.557334
-0.511199 0.564280 -0.939464
-0.343152 0.698907 0.663381
-0.493053 0.318896 -0.963473
-0.972164 0.873984 0.952830
-1.525861 0.090492 -0.906301
-0.339425 -0.734418 0.731946
-1.160721 0.289531 1.194981
-0.145698 0.321050 1.039386
-0.507910 -1.077545 -0.565503
-0.943286 -0.431919 -1.143573
-0.027105 -0.554365 0.683582
-0.379922 -0.847412 -0.826958
-0.035371 0.734874 -0.239145
-0.204992 -0.328537 -0.982494
-0.945258 -0.991510 -0.697671
-0.683634 -0.215633 -1.073327
-0.002454 -0.528513 -1.009478
-0.016418 0.130364 -0.529358
-0.493095 -1.016002 0.703206
-0.601351 0.982450 0.594901
-0.690181 0.123416 -1.044181
-0.874702 1.274673 -0.527758
-0.248595 0.443726 -0.547227
-0.541408 -0.754433 0.852633
-0.031712 -0.665738 -0.205104
-0.387523 0.950157 -0.177642
-0.974818 -0.675548 -1.022115
-0.477820 0.506799 1.212390
-1.486269 1.059623 1.221637
-0.073813 -0.347111 -0.588329
-0.229008 -0.279518 -0.908513
-1.150806 -0.746237 -0.960239
-0.720817 -0.810452 -1.079647
-0.041920 -0.601711 -0.370414
-0.755394 -1.033788 -0.708434
-0.937205 1.399150 0.469235
-0.343929 1.082831 -0.508060
-0.241251 -0.485321 0.700082
-0.929545 -0.937746 -0.138468
-0.930059 -0.946727 0.313155
-0.983493 -0.832718 -0.358148
-0.920473 -0.876356 0.470381
-0.948916 -0.835122 -0.240867
-0.915335 -0.761552 0.405387
-0.871681 -0.640897 -0.448144
-0.933506 -0.541754 0.492492
-1.022953 -0.586283 -0.241045
-1.013381 -0.477990 0.054514
-1.053965 -0.497429 -0.363168
-1.016378 -0.422510 0.075621
-1.068833 -0.407142 -0.139223
-0.988807 -0.196983 -0.060038
-0.995612 -0.213763 -0.284088
-0.888386 0.080338 0.189021
-1.082842 0.065956 -0.136790
-1.146419 0.264506 0.097314
-1.245239 0.239893 -0.265257
-1.233741 0.304750 0.439530
-1.309216 0.497954 -0.132689
-1.198457 0.503227 0.328625
-0.951860 0.504803 -0.555723
-0.883946 0.661115 0.795398
-0.931517 0.751940 -0.423121
-0.798566 0.848012 0.575742
-0.664922 0.949509 -0.477990
-0.617783 1.058394 0.743795
-0.775839 1.131717 -0.054271
-0.702546 1.032588 0.365939
-0.628548 1.140904 -0.098569
-0.651960 0.989905 0.317099
-0.910923 -1.120400 -0.243960
-0.814107 -1.289703 0.258189
-0.976861 -1.346978 -0.148046
-1.079688 -1.353126 0.473924
-1.194615 -1.259508 -0.459174
-1.532820 -1.209068 0.684552
-1.577099 -1.317315 -0.318430
-1.806668 -1.171150 0.465040
-1.729076 -1.112632 -0.474527
-1.928709 -0.982358 0.565681
-2.099673 -1.071463 -0.320436
-2.173622 -0.910773 0.016372
-2.085814 -0.900528 -0.476777
-2.092759 -0.667525 0.174892
-2.260812 -0.722477 -0.365108
-2.151670 -0.263075 0.117261
-2.053215 -0.132548 -0.488751
-1.818708 0.283501 0.322475
-1.684893 0.412496 -0.382893
-1.532610 0.382047 0.442657
-1.372781 0.348829 -0.430142
-1.394538 0.343957 0.728801
-1.386170 0.407972 0.002081
-1.392075 0.448931 0.669592
-1.149696 0.568151 -0.459483
-1.074815 0.594528 0.960007
-0.842035 0.697722 -0.052986
-0.766622 0.630608 0.916535
-0.573308 0.803058 -0.335124
-0.637259 0.747214 0.864308
-0.639969 0.759197 0.409619
-0.605322 0.575116 0.688164
-1.034764 -0.762501 0.052372
-1.020512 -0.969459 0.257792
-1.095617 -1.115623 -0.110724
-1.298441 -1.144063 0.275674
-1.580250 -1.272333 0.073145
-1.881625 -1.145573 -0.028791
-1.935736 -1.075653 -0.089977
-2.034858 -0.924597 0.166199
-2.193862 -0.891898 -0.020528
-2.282867 -0.751931 -0.152052
-2.466077 -0.703604 -0.250332
-2.391659 -0.624890 -0.229907
-2.427822 -0.642070 -0.071951
-2.262815 -0.441560 -0.222952
-2.302141 -0.338594 -0.165239
-2.100338 -0.080117 -0.009822
-2.158119 0.062724 -0.045036
-1.981903 0.269379 -0.050675
-1.926999 0.381959 -0.180312
-1.731899 0.506788 0.117962
-1.712692 0.461732 -0.070326
-1.610680 0.698720 0.092606
-1.684317 0.734121 -0.485230
-1.612774 0.883990 0.135089
-1.730307 0.924476 -0.082555
-1.558038 1.113192 0.231849
-1.581191 1.194998 -0.229934
-1.381382 1.361258 0.348924
-1.366013 1.428504 0.101886
-1.016083 1.518289 0.352669
-0.878355 1.494430 0.002254
-0.695714 1.350177 0.241169
-1.063850 -1.058831 -0.263640
-1.154365 -1.374610 0.056142
-1.298133 -1.464551 -0.099846
-1.465063 -1.437674 0.115930
-1.544830 -1.458693 -0.320584
-1.734268 -1.319075 0.340066
-1.819210 -1.321126 -0.127638
-1.944843 -1.222524 0.231176
-2.006153 -1.129972 -0.336232
-2.129722 -0.948887 0.305746
-2.302759 -0.951885 -0.318073
-2.355559 -0.887194 -0.038928
-2.375349 -0.857097 -0.371195
-2.339501 -0.785594 0.077548
-2.418228 -0.718779 -0.160620
-2.299742 -0.473929 0.071834
-2.218327 -0.235339 -0.262301
-2.027808 0.059465 0.224703
-1.908271 0.341148 -0.318296
-1.681548 0.427303 0.266865
-1.608707 0.518303 -0.463090
-1.536065 0.570443 0.485740
-1.525987 0.551387 -0.192821
-1.492572 0.747538 0.438037
-1.507411 0.770492 -0.416787
-1.404657 0.942073 0.707159
-1.351929 0.971030 -0.017943
-1.161941 1.144321 0.881476
-0.901022 1.168755 -0.265118
-0.771812 1.288927 0.939432
-0.600308 1.201078 0.219788
-0.572556 1.113161 0.691583
-1.053748 -0.933871 -0.050240
-1.060173 -1.189182 0.078515
-1.156245 -1.337152 -0.274115
-1.340137 -1.297730 0.159566
-1.521490 -1.404022 -0.344984
-1.653699 -1.321486 0.151497
-1.743657 -1.279848 -0.522932
-1.809512 -1.049989 0.493465
-1.980235 -0.970460 -0.605356
-1.993943 -0.782900 0.426982
-2.209674 -0.726765 -0.670439
-2.120514 -0.576809 0.379407
-2.283155 -0.586883 -0.544181
-2.143234 -0.433940 0.291946
-2.216043 -0.308844 -0.519005
-2.099817 -0.100494 0.419325
-2.115847 0.113520 -0.412330
-1.936092 0.283790 0.426028
-1.862385 0.580436 -0.420657
-1.741167 0.602782 0.501274
-1.740803 0.776178 -0.286898
-1.662952 0.799361 0.402821
-1.697981 0.957871 -0.458067
-1.548471 1.038458 0.264627
-1.557773 1.109651 -0.058746
-1.454732 1.231969 0.477973
-1.435074 1.342183 0.195419
-1.286560 1.491213 0.425129
-1.173014 1.557711 0.364942
-1.003848 1.607374 0.571935
-0.882249 1.659992 0.438209
-0.734941 1.581546 0.495688
-0.976349 -1.247942 -0.249872
-0.987086 -1.428595 -0.077275
-1.077548 -1.450254 -0.256481
-1.192843 -1.386996 0.127136
-1.253791 -1.446581 -0.538031
-1.347645 -1.264061 0.402213
-1.503299 -1.351265 -0.631094
-1.536401 -1.082537 0.673230
-1.669194 -1.089292 -0.842850
-1.632124 -0.795603 0.810003
-1.903337 -0.799411 -0.989138
-1.804179 -0.541966 0.765477
-2.124976 -0.608304 -0.891081
-1.958539 -0.401417 0.583248
-2.064532 -0.366889 -0.751688
-1.929333 -0.083267 0.647832
-1.951977 0.048877 -0.728157
-1.803544 0.229847 0.694805
-1.701213 0.459761 -0.670418
-1.630066 0.469630 0.749218
-1.567180 0.645529 -0.643578
-1.521110 0.690588 0.750717
-1.538124 0.889589 -0.538590
-1.483966 0.972319 0.742175
-1.448556 1.127654 -0.422572
-1.319504 1.184238 0.816584
-1.315626 1.355625 0.042806
-1.132826 1.397025 0.767546
-0.993159 1.493949 0.119152
-0.831404 1.446311 0.703294
-0.767057 1.466355 0.304910
-0.634332 1.430815 0.653867
-1.002209 -1.037065 -0.074905
-0.994993 -1.213147 0.128011
-1.025939 -1.279010 -0.372303
-1.161794 -1.190677 0.342546
-1.215027 -1.291517 -0.692214
-1.239669 -1.126246 0.602097
-1.327174 -1.264921 -1.004029
-1.390794 -0.915051 0.956152
-1.544727 -0.929745 -1.186030
-1.482764 -0.551362 1.035065
-1.691328 -0.655012 -1.319308
-1.577829 -0.354754 0.927120
-1.814705 -0.497395 -1.214261
-1.665468 -0.117628 0.849528
-1.786509 -0.149587 -1.008070
-1.805093 0.150771 0.909934
-1.787959 0.179444 -0.843819
-1.688155 0.469156 1.074500
-1.649604 0.631648 -0.688601
-1.624651 0.696835 1.123938
-1.634301 0.816999 -0.570285
-1.495412 0.924139 1.035599
-1.477087 1.045996 -0.528935
-1.336266 1.147768 0.841971
-1.349983 1.231946 -0.259555
-1.180456 1.326856 0.764027
-1.123742 1.475174 -0.005578
-1.033458 1.517500 0.651369
-0.985395 1.654497 0.255894
-0.888882 1.677138 0.546134
-0.781318 1.685357 0.338827
-0.659514 1.622318 0.329880
-0.910405 -1.199305 -0.147360
-0.908562 -1.320264 0.028760
-0.964932 -1.344335 -0.232426
-1.042495 -1.244977 0.265966
-1.055782 -1.296064 -0.588690
-1.064936 -1.078534 0.592253
-1.125265 -1.258988 -0.831799
-1.120233 -0.908173 0.803695
-1.243735 -1.003184 -1.086547
-1.156416 -0.633454 1.023385
-1.350974 -0.705259 -1.354181
-1.237928 -0.335731 0.922679
-1.470987 -0.475864 -1.284660
-1.301503 -0.124355 0.901843
-1.368891 -0.079235 -1.155220
-1.459195 0.211873 0.903816
-1.535753 0.252297 -0.880507
-1.487532 0.405156 1.106861
-1.457123 0.448198 -0.724799
-1.459159 0.540344 1.262329
-1.408202 0.686504 -0.675103
-1.320423 0.787027 1.236781
-1.362406 0.971698 -0.602806
-1.205295 1.100102 1.090968
-1.150565 1.282409 -0.493408
-1.011692 1.294394 1.056223
-0.982454 1.440233 -0.266398
-0.877202 1.454064 0.930043
-0.781144 1.554205 -0.078465
-0.735931 1.515798 0.706089
-0.690931 1.537362 0.118123
-0.611470 1.475633 0.456132
-0.869861 -1.083224 0.022648
-0.859979 -1.153310 0.214000
-0.907496 -1.192599 -0.238613
-0.990976 -1.048644 0.350273
-1.081739 -1.081737 -0.394250
-1.092291 -0.969218 0.422521
-1.156801 -0.971425 -0.606628
-1.140601 -0.751022 0.554423
-1.259159 -0.667286 -0.600501
-1.126590 -0.440270 0.435375
-1.327578 -0.436255 -0.675959
-1.121530 -0.193300 0.408267
-1.359086 -0.219385 -0.532291
-1.256722 0.051698 0.434147
-1.398929 0.111341 -0.530120
-1.487999 0.270863 0.606030
-1.497180 0.253360 -0.460691
-1.500541 0.515535 0.985297
-1.416791 0.594228 -0.467394
-1.376189 0.704434 1.104542
-1.353743 0.824216 -0.425603
-1.210770 0.942736 1.125696
-1.221642 1.137409 -0.481754
-1.102440 1.236492 0.972388
-1.066116 1.386188 -0.274843
-0.948879 1.417193 0.930348
-0.886978 1.594491 -0.064777
-0.826458 1.607180 0.755767
-0.787502 1.717799 0.140563
-0.742020 1.705823 0.623301
-0.694614 1.787685 0.407865
-0.615055 1.726590 0.474510
-0.745951 -1.226873 -0.032386
-0.771969 -1.255353 0.129731
-0.835242 -1.248264 -0.139613
-0.889475 -1.157366 0.310034
-0.914019 -1.172462 -0.401317
-0.969380 -1.041855 0.516629
-1.055359 -1.079033 -0.625707
-1.043749 -0.863662 0.657075
-1.130840 -0.841237 -0.796454
-1.057140 -0.556181 0.737336
-1.308566 -0.578786 -0.865568
-1.120501 -0.286357 0.599338
-1.319271 -0.337993 -0.973583
-1.208696 -0.058154 0.661702
-1.360578 -0.017790 -0.680995
-1.312637 0.205344 0.720728
-1.331741 0.244510 -0.548085
-1.263085 0.394033 1.024788
-1.206562 0.489058 -0.365835
-1.151630 0.615866 1.135720
-1.160581 0.756251 -0.529588
-1.029947 0.847481 1.194988
-1.095194 1.063297 -0.486544
-1.006531 1.121263 1.111195
-0.944408 1.342988 -0.483226
-0.783658 1.309312 1.090050
-0.751670 1.483523 -0.202398
-0.709082 1.458016 0.939593
-0.673741 1.648732 0.006816
-0.592507 1.645586 0.792962
-0.565165 1.656851 0.256360
-0.499995 1.624346 0.654857
-0.674361 -1.233765 0.093339
-0.660379 -1.191143 0.368826
-0.738643 -1.204772 -0.243408
-0.817210 -1.065142 0.495261
-0.903978 -1.089174 -0.454349
-0.914160 -0.967009 0.506528
-0.994312 -0.956624 -0.643580
-0.995402 -0.784864 0.615737
-1.089926 -0.714717 -0.712412
-1.038039 -0.541884 0.579372
-1.129256 -0.459010 -0.763935
-1.092598 -0.242192 0.706424
-1.165499 -0.174361 -0.604899
-1.137113 0.040985 0.749863
-1.196788 0.084577 -0.634644
-1.181066 0.299619 0.966397
-1.200912 0.374829 -0.609566
-1.115366 0.579180 1.171833
-1.123715 0.661496 -0.579395
-0.997731 0.761157 1.198524
-1.015362 0.921286 -0.519988
-0.912939 0.981698 1.158655
-0.945993 1.192232 -0.554245
-0.845513 1.240210 1.111862
-0.839154 1.444216 -0.404753
-0.719531 1.437890 1.013975
-0.740256 1.618176 -0.181469
-0.642374 1.606412 0.878899
-0.659935 1.763172 0.209293
-0.611835 1.777116 0.741777
-0.608353 1.816132 0.530034
-0.488285 1.777479 0.547334
-0.590542 -1.297722 0.102270
-0.581211 -1.270837 0.321009
-0.634402 -1.255249 -0.107156
-0.644917 -1.158474 0.513395
-0.704472 -1.178458 -0.363302
-0.742469 -1.044081 0.651911
-0.832329 -1.085553 -0.686548
-0.857041 -0.858589 0.756711
-0.918296 -0.870242 -0.832566
-0.936968 -0.608628 0.857557
-0.952606 -0.641582 -0.916519
-0.974061 -0.345298 0.907116
-0.977388 -0.391897 -0.930066
-0.996676 -0.139312 1.040812
-1.007089 -0.126177 -0.856066
-1.008890 0.179966 1.142275
-1.025714 0.220913 -0.803728
-0.943840 0.441033 1.221734
-0.943520 0.605671 -0.768295
-0.841525 0.740399 1.283311
-0.821052 0.914091 -0.757334
-0.728244 0.930034 1.264600
-0.794892 1.145039 -0.720229
-0.710121 1.132119 1.209992
-0.692903 1.346318 -0.597805
-0.591218 1.233500 1.127394
-0.645342 1.427175 -0.297418
-0.594579 1.399206 1.029010
-0.608301 1.622903 -0.000521
-0.545066 1.578222 0.831523
-0.545819 1.673457 0.300485
-0.440584 1.597263 0.589083
-0.498156 -1.269932 0.295122
-0.520891 -1.208230 0.535218
-0.562661 -1.267420 -0.102830
-0.580046 -1.111751 0.682223
-0.631797 -1.183980 -0.495602
-0.665618 -0.991072 0.768544
-0.719719 -1.062326 -0.827067
-0.740218 -0.804703 0.840404
-0.780277 -0.852654 -1.010688
-0.800547 -0.589368 0.907979
-0.762440 -0.637368 -1.117589
-0.802926 -0.317845 1.115086
-0.824010 -0.377092 -1.076908
-0.837532 -0.026927 1.167694
-0.824990 -0.024440 -1.070301
-0.809949 0.331268 1.229793
-0.838332 0.396109 -1.010436
-0.777655 0.640493 1.283850
-0.756898 0.764678 -0.842863
-0.714955 0.883849 1.154667
-0.728042 1.033383 -0.728268
-0.673320 1.088565 1.144170
-0.691205 1.296504 -0.632649
-0.663731 1.259128 1.059874
-0.666594 1.471334 -0.420108
-0.605528 1.378127 1.041928
-0.613410 1.585256 -0.188620
-0.558104 1.506019 0.958204
-0.578838 1.707249 0.150840
-0.530759 1.667870 0.830261
-0.544316 1.782414 0.476272
-0.439194 1.706620 0.634888
-0.417124 -1.296750 0.214359
-0.418990 -1.279832 0.423418
-0.461584 -1.284526 0.038107
-0.440725 -1.194003 0.620345
-0.495287 -1.215840 -0.336643
-0.486846 -1.050472 0.778090
-0.555677 -1.145647 -0.803236
-0.529574 -0.866834 0.867397
-0.570911 -0.999289 -1.002818
-0.592875 -0.692803 0.869650
-0.574597 -0.840397 -1.166413
-0.577820 -0.490933 1.003120
-0.591146 -0.605433 -1.201079
-0.630885 -0.230480 1.126933
-0.625908 -0.260675 -1.173029
-0.637760 0.128754 1.239514
-0.667981 0.178243 -1.100958
-0.657225 0.453350 1.263563
-0.700266 0.645062 -1.012487
-0.640523 0.763851 1.228939
-0.640646 0.957255 -0.866100
-0.590506 0.991848 1.187675
-0.641814 1.158428 -0.679622
-0.635799 1.075862 1.092142
-0.642014 1.279322 -0.492803
-0.576129 1.099211 1.079417
-0.626081 1.328354 -0.215610
-0.584869 1.226504 1.002798
-0.554157 1.512630 0.003170
-0.509172 1.416647 0.913192
-0.500963 1.579404 0.337282
-0.405012 1.491847 0.725771
-0.230337 -1.223366 0.418341
-0.318301 -1.148827 0.620646
-0.384852 -1.198914 -0.026417
-0.368869 -1.042201 0.739824
-0.415334 -1.115507 -0.508830
-0.409092 -0.902551 0.793158
-0.423698 -0.983894 -0.916982
-0.405203 -0.726324 0.844805
-0.424732 -0.797809 -1.099196
-0.432434 -0.576410 0.838837
-0.384979 -0.674996 -1.150001
-0.415430 -0.393449 0.972413
-0.460408 -0.426174 -1.124783
-0.469821 -0.116187 1.035318
-0.469650 -0.114302 -1.100488
-0.476407 0.223654 1.117284
-0.527890 0.315063 -1.079319
-0.493422 0.557803 1.180203
-0.558008 0.709562 -0.923986
-0.499900 0.835336 1.143508
-0.583304 1.009116 -0.765179
-0.513258 1.069143 1.085697
-0.573629 1.233253 -0.579939
-0.524670 1.141099 1.020519
-0.609999 1.346016 -0.351344
-0.550195 1.216853 1.043521
-0.593933 1.451689 -0.168625
-0.497499 1.363851 0.971716
-0.511237 1.612260 0.123638
-0.441089 1.559558 0.824129
-0.459721 1.703761 0.444699
-0.388423 1.577588 0.561859
-0.177627 -1.197601 0.264172
-0.198084 -1.205304 0.439364
-0.243272 -1.209590 0.089920
-0.208003 -1.101662 0.649930
-0.305252 -1.068383 -0.323183
-0.231151 -0.921225 0.779832
-0.267669 -1.013136 -0.824582
-0.248982 -0.761756 0.738738
-0.245855 -0.927720 -1.073742
-0.246518 -0.645244 0.756448
-0.158383 -0.840183 -1.137479
-0.225251 -0.494428 0.796263
-0.210794 -0.611161 -1.118515
-0.284739 -0.257627 0.903720
-0.248574 -0.326813 -1.102320
-0.321317 0.033871 0.950192
-0.327584 0.071956 -1.014903
-0.330275 0.339213 1.009982
-0.446370 0.479144 -0.976727
-0.373241 0.626249 1.078714
-0.457613 0.841828 -0.803887
-0.380338 0.887770 1.068046
-0.545141 1.042298 -0.636779
-0.492726 0.951310 1.062489
-0.560620 1.137851 -0.486427
-0.493362 0.983398 1.017588
-0.569300 1.175672 -0.196408
-0.506491 1.073282 0.959200
-0.492060 1.370749 -0.054906
-0.465019 1.220676 0.904425
-0.508224 1.457588 0.253968
-0.401764 1.336831 0.632330
-0.026036 -1.083311 0.501499
-0.117313 -1.038117 0.650255
-0.155766 -1.035084 0.145303
-0.167131 -0.896325 0.651471
-0.191729 -0.829060 -0.361378
-0.160767 -0.744602 0.525366
-0.187439 -0.681184 -0.854036
-0.212419 -0.573464 0.480917
-0.226492 -0.492080 -0.898403
-0.238298 -0.394402 0.383613
-0.190106 -0.473128 -0.936797
-0.251818 -0.260374 0.459153
-0.227400 -0.292442 -0.836464
-0.259516 -0.025449 0.529855
-0.231888 -0.094605 -0.833198
-0.278606 0.243277 0.676615
-0.273261 0.259916 -0.712171
-0.244277 0.519486 0.718409
-0.320803 0.674803 -0.528373
-0.250888 0.765537 0.782563
-0.353199 0.961054 -0.491375
-0.283462 0.915322 0.899303
-0.376311 1.126729 -0.485756
-0.337749 0.980048 0.913456
-0.429280 1.198426 -0.380153
-0.427879 1.011724 0.899233
-0.464474 1.216068 -0.238740
-0.443467 1.064975 0.822616
-0.461851 1.351282 0.022425
-0.392919 1.233332 0.764590
-0.448366 1.472777 0.254144
-0.372994 1.391074 0.568745
-0.002306 -1.066389 0.329564
-0.018141 -1.129830 0.529223
-0.069474 -1.125017 0.264426
-0.019180 -1.057664 0.613399
-0.106557 -0.891823 -0.086062
-0.011337 -0.889849 0.648709
-0.042360 -0.721299 -0.707670
-0.053660 -0.648316 0.438164
-0.028042 -0.733121 -1.100194
-0.073842 -0.546955 0.390320
-0.028582 -0.772557 -1.074509
-0.119724 -0.419534 0.330545
-0.042921 -0.668318 -1.099252
-0.151507 -0.177031 0.473926
-0.069825 -0.443418 -1.019015
-0.148845 0.061621 0.525757
-0.118623 -0.123924 -0.860905
-0.132284 0.235647 0.666416
-0.183475 0.275646 -0.516887
-0.191253 0.331583 0.604977
-0.235231 0.652426 -0.400711
-0.213586 0.517019 0.722522
-0.251950 0.882141 -0.390455
-0.270135 0.604957 0.755103
-0.299717 1.015592 -0.371403
-0.277261 0.744238 0.821570
-0.338937 0.992740 -0.232740
-0.357289 0.774579 0.819005
-0.434606 1.067613 -0.081518
-0.446506 0.899327 0.827853
-0.545401 1.124147 0.211115
-0.449014 1.053588 0.520687
0.040566 -0.881720 0.510853
-0.018474 -0.889255 0.652357
-0.037400 -0.881565 0.214075
-0.007943 -0.795304 0.631345
-0.054084 -0.659050 -0.310811
0.021412 -0.666130 0.381826
-0.031342 -0.461676 -0.979796
-0.025698 -0.485001 0.348741
-0.023081 -0.403983 -1.087844
-0.046803 -0.314901 0.256518
-0.036648 -0.468445 -1.228520
-0.091907 -0.122942 0.398085
-0.055946 -0.335481 -0.953031
-0.087640 0.102343 0.505922
-0.066766 -0.142749 -0.896890
-0.091007 0.365074 0.695262
-0.076725 0.141522 -0.752965
-0.062201 0.628257 0.936123
-0.064680 0.581101 -0.646019
-0.018571 0.740085 1.128182
-0.040447 0.816394 -0.691711
-0.016507 0.751648 1.086092
-0.037172 0.992978 -0.840491
-0.026578 0.823322 1.010718
-0.017264 1.041570 -0.811562
-0.035949 0.778634 0.834083
-0.134667 0.993507 -0.642027
-0.172120 0.749549 0.859529
-0.331170 1.042691 -0.321117
-0.327590 0.928153 0.661567
-0.425890 1.239555 -0.007183
-0.426327 1.121199 0.379885
0.012987 -0.871999 0.318731
0.005945 -0.919780 0.633950
-0.021243 -0.943634 0.331416
0.075510 -0.894590 0.651188
-0.042637 -0.703512 0.083507
0.046456 -0.749699 0.627793
-0.033982 -0.481336 -0.527530
-0.032540 -0.576154 0.375472
-0.005108 -0.540028 -1.223345
-0.047123 -0.470208 0.272055
0.013970 -0.635467 -1.276404
-0.066094 -0.287969 0.196912
0.054362 -0.628267 -1.382450
-0.054801 -0.099526 0.390986
-0.002872 -0.467865 -1.243248
-0.080633 0.104337 0.504274
-0.026970 -0.221753 -1.031537
-0.067902 0.283735 0.700459
-0.058507 0.092979 -0.905338
-0.003762 0.381630 0.883730
-0.023475 0.532019 -0.823369
-0.015441 0.502822 1.060172
-0.047522 0.756344 -1.005250
-0.013877 0.560313 0.976240
0.001212 0.886617 -0.966926
-0.049941 0.641469 0.902323
-0.120711 0.855223 -0.718877
-0.245903 0.621263 0.816780
-0.359919 0.823878 -0.510169
-0.520986 0.634528 0.757217
-0.668489 0.762594 -0.240921
-0.692990 0.749802 0.090639
0.027992 -0.792087 0.473895
0.027172 -0.737472 0.690168
-0.006861 -0.807117 0.329165
0.052392 -0.752313 0.638277
-0.095498 -0.652353 0.020584
-0.062956 -0.710859 0.343068
-0.108357 -0.435650 -0.516897
-0.087620 -0.602362 0.171806
-0.086895 -0.405710 -0.828570
-0.114729 -0.458676 0.071647
-0.060822 -0.468074 -0.958857
-0.114660 -0.241195 0.107264
-0.047134 -0.345273 -0.760264
-0.092998 0.027819 0.175824
-0.049120 -0.125075 -0.518879
-0.069523 0.219431 0.370698
-0.086061 0.073854 -0.417207
-0.020558 0.598633 0.715010
-0.076058 0.507126 -0.338737
0.010332 0.596896 0.871720
-0.082050 0.723404 -0.429191
0.014562 0.589099 0.954474
-0.015203 0.922387 -0.547253
0.049500 0.659042 0.937775
0.007618 0.976151 -0.610736
-0.057538 0.665287 0.810559
-0.208601 0.945708 -0.508472
-0.316423 0.665610 0.768019
-0.493185 1.022092 -0.361189
-0.527974 0.930593 0.582224
-0.678329 1.233962 -0.229264
-0.764310 1.042255 0.233187
0.006767 -0.829742 0.359197
0.009328 -0.854328 0.624853
0.042380 -0.859479 0.418499
0.148901 -0.864904 0.583205
0.005128 -0.703623 0.350271
0.031088 -0.781065 0.516159
-0.134680 -0.565935 0.154406
-0.079657 -0.648686 0.168904
-0.173298 -0.526432 -0.529455
-0.073036 -0.473170 -0.081258
-0.179507 -0.490938 -0.649276
-0.091225 -0.337347 -0.086730
-0.139963 -0.480267 -0.778703
-0.083105 -0.173532 0.006404
-0.141296 -0.335003 -0.637812
-0.103622 0.048201 0.059903
-0.129489 -0.071936 -0.490766
-0.083704 0.317523 0.389478
-0.113798 0.186204 -0.179998
-0.099041 0.408490 0.634807
-0.160486 0.507179 0.038186
-0.113928 0.525897 0.897101
-0.189105 0.627379 0.090705
-0.176852 0.584748 0.928160
-0.221339 0.713021 -0.010582
-0.256238 0.679241 0.962054
-0.394407 0.826363 -0.032210
-0.470558 0.734083 0.985214
-0.586558 0.828671 -0.085500
-0.664962 0.764989 0.851632
-0.776164 0.547206 -0.229374
-0.896422 0.567284 0.156210
-0.007232 -0.704153 0.450531
0.001202 -0.686594 0.624734
0.034908 -0.674235 0.323441
0.016699 -0.698190 0.534079
-0.117733 -0.663921 0.310505
-0.181625 -0.808111 0.261135
-0.271622 -0.705758 -0.062899
-0.218819 -0.801027 0.071782
-0.241744 -0.676260 -0.291134
-0.173676 -0.636850 -0.153365
-0.201737 -0.524184 -0.526752
-0.136177 -0.426014 -0.099381
-0.161665 -0.438810 -0.473902
-0.133173 -0.187928 0.021371
-0.139371 -0.263685 -0.408881
-0.092598 0.093463 0.295307
-0.112168 -0.024493 0.010470
-0.078001 0.450375 0.671363
-0.074391 0.443343 0.395306
-0.118560 0.593251 0.695671
-0.161090 0.561141 0.544729
-0.185647 0.593475 0.738482
-0.196033 0.665959 0.412739
-0.209066 0.682577 0.728539
-0.251243 0.761284 0.371556
-0.288467 0.776278 0.633257
-0.334627 0.892406 0.285546
-0.394025 0.859022 0.706557
-0.517402 0.942331 0.122552
-0.614407 0.904253 0.458263
-0.745808 0.881790 -0.234156
-0.897238 0.812362 0.030372
0.079348 -0.619576 0.376705
0.011919 -0.631353 0.624939
0.063820 -0.662230 0.508342
0.030259 -0.656044 0.690647
0.009630 -0.561637 0.508109
-0.058258 -0.623608 0.584360
-0.125030 -0.602761 0.347350
-0.143911 -0.583797 0.189019
-0.196656 -0.558605 -0.103039
-0.138532 -0.473205 -0.000333
-0.201183 -0.455931 -0.196231
-0.140582 -0.375825 -0.187875
-0.160176 -0.349527 -0.365811
-0.113282 -0.198077 -0.166247
-0.144719 -0.241901 -0.329739
-0.127078 0.001214 -0.081928
-0.119543 -0.028055 -0.225243
-0.123400 0.256282 0.267290
-0.122249 0.281644 0.145623
-0.151499 0.454568 0.410429
-0.175764 0.518493 0.335190
-0.215710 0.517905 0.596947
-0.214719 0.604050 0.404120
-0.203123 0.589199 0.561459
-0.184340 0.675307 0.305077
-0.230490 0.691963 0.548993
-0.239530 0.839758 0.323160
-0.277223 0.863052 0.544386
-0.391546 0.936617 0.396151
-0.458612 0.830670 0.624548
-0.730779 0.683906 0.401287
-0.733374 0.518375 0.183526
