0.801962 -0.288302 -0.251346
0.808947 -0.344236 -0.035723
1.207244 -0.736213 0.182521
0.779463 0.734066 -1.124212
1.161354 -1.167209 0.696021
1.208634 1.007030 -0.646828
0.649592 -0.393591 0.525132
0.661227 0.816574 -0.148209
1.213158 0.743624 -0.588043
0.467548 0.970736 -0.243912
0.644231 0.633728 0.768165
0.811270 0.209558 0.251588
-0.167018 0.539259 0.985564
0.651188 -0.608875 0.940724
0.025895 0.839755 0.765127
1.134301 -1.398329 0.093017
0.447935 -0.674876 -0.703162
1.228795 -1.538861 0.114368
0.085427 0.757337 -0.724266
-0.556857 0.343839 -0.954560
1.190897 -1.039983 -0.146437
1.072853 1.024948 -0.437268
1.251911 0.793582 -1.208599
-0.141683 0.119099 -1.173376
0.296251 -0.310432 0.968090
1.034055 -0.861773 0.789202
-0.132499 0.761905 -0.370773
1.258797 -1.461957 0.278863
-1.059824 0.411466 -0.488466
0.611473 -0.726592 0.006740
-1.238440 -0.071739 -1.216422
0.418698 0.203238 -0.840574
1.223634 0.866248 -1.265836
0.665824 0.253430 -0.497729
1.203216 0.390121 -1.149372
1.165364 0.415149 -1.145936
1.131132 -1.013363 -0.024851
0.940304 0.371201 -0.905314
0.876811 -0.210005 0.542405
0.231091 0.492323 -1.129295
0.673252 0.590413 0.385013
0.782890 0.433419 0.443268
0.753557 -0.923511 0.817435
-0.200144 -0.446147 -1.087179
0.000817 0.223458 -1.002762
0.361230 -0.884048 -0.544754
-0.819229 -0.752931 0.169876
0.778364 0.054090 0.388098
-0.346973 0.171378 -1.036042
1.040609 -0.636715 0.788911
1.169953 -1.349415 0.400314
0.642956 0.453079 -0.208459
0.761466 0.505284 0.123526
-0.085928 -0.016570 1.050460
0.197186 -0.396654 0.802131
1.236131 -0.860945 0.293438
0.546587 0.020289 -0.670623
0.867078 0.722797 -0.085333
-1.256321 0.231183 -0.774256
1.234562 0.769678 -0.410621
-1.141191 -0.200576 -1.067559
-0.065476 0.575815 -0.904863
-0.396643 -0.992729 -0.080937
0.690059 -1.164420 0.601594
-0.170581 -0.929415 -0.546373
0.386335 0.057804 -1.110723
-0.152008 0.506320 0.728726
0.637749 -0.599224 0.869612
0.278561 0.935221 0.473553
-0.258572 0.282561 1.057527
1.010402 0.880235 -0.304905
1.205897 0.489026 -0.706700
-0.532670 0.025126 0.716110
1.251242 -0.683253 0.746498
1.284316 0.640584 -1.530763
0.741052 0.000725 -0.289929
1.045270 -0.672454 0.566739
0.720360 -0.512167 -0.436512
1.095636 -0.503760 0.618646
0.695209 0.642488 -0.254625
0.501107 -1.024642 -0.071696
-0.541329 -0.361456 0.554473
1.120383 0.237097 -1.147183
-1.000760 0.082227 0.463755
0.661247 -1.009351 -0.167352
-0.004042 -0.016604 -1.119969
0.859965 -0.826209 0.117102
0.866273 0.016422 -0.199103
-0.382636 0.680639 -0.398371
0.717375 0.253890 -0.785107
-0.955355 -0.334533 0.391386
1.205818 -0.486467 0.567059
0.013874 0.447082 1.218767
-0.238679 -0.081695 0.785770
0.839940 -0.075980 0.337592
0.929599 -0.316492 0.611664
-0.023263 -1.114712 0.136169
1.175768 0.638544 -1.127510
0.788909 -0.363510 0.321480
-0.595971 -0.431652 -1.170961
-0.493759 0.273118 0.683880
0.287604 0.869272 -0.085394
0.665002 -0.111086 -0.546790
0.609669 -0.686613 0.860615
0.564952 0.118800 -1.021067
0.968101 0.811612 -1.056259
-0.125815 0.815883 -0.076907
0.238414 0.679911 -1.066638
0.913954 -0.381067 0.412417
0.855286 0.598168 -1.152552
-0.576673 0.690293 0.019882
0.640647 -0.302902 -0.765144
1.273793 -0.935289 0.661699
0.807331 0.303667 0.022193
0.936628 -0.694565 0.101843
-1.247957 -0.372992 -1.238824
0.300591 -0.656011 0.860039
1.065113 0.526512 -0.449581
1.262788 0.674112 -1.391126
-0.851467 0.286160 -0.728229
1.244330 -0.724424 0.155206
1.013709 -0.778267 0.555848
0.333298 -0.258251 -1.024724
0.759900 0.325131 -0.425918
0.734209 0.087446 -0.252025
1.239806 0.653524 -0.305738
0.587741 0.356240 -0.789594
0.695017 0.589854 0.390065
0.959886 -1.218447 0.135618
-1.368444 -0.010274 -0.913660
1.322829 0.358390 -0.770459
-0.141259 -0.919495 -0.770745
-0.197647 0.574898 -0.652313
0.972222 0.774435 -0.137199
-1.211969 -0.588130 -1.229625
1.205964 -0.833570 0.800649
1.013353 0.427505 -0.329608
-0.147628 0.789152 0.634428
-0.890521 -0.613295 -1.152614
0.454008 0.896854 -0.968968
0.773360 0.224446 -0.525491
-0.291221 0.384933 -0.823140
-0.219723 -0.384479 0.785347
-0.010514 0.281630 -0.986360
0.647865 -0.391684 0.860231
0.658473 -0.576511 0.164403
-0.915445 -0.295797 -1.124727
-0.061040 -0.193887 0.875405
-0.445743 0.684683 0.295646
0.788770 0.957999 -0.337600
0.702966 -0.154357 -0.367624
1.237395 0.969805 -1.034398
0.876374 0.231874 -0.579399
0.580260 0.290638 -1.072299
-0.733456 -0.228275 -1.227414
0.697498 -0.053747 0.792869
0.807657 0.520519 -0.196759
-0.541421 0.593351 -0.538739
0.687900 -0.909289 0.228309
-0.224458 0.128356 0.963712
-1.692121 -0.472909 -1.171478
0.942273 0.557491 -1.168563
1.231265 0.307372 -0.937818
0.793410 0.057103 0.552846
1.161891 0.360074 -0.850556
1.255849 0.758805 -0.842793
0.753516 -0.404639 -0.205245
0.914999 0.256489 -0.397654
1.149373 0.352369 -0.611681
-0.340362 -0.660037 -1.021892
1.020902 0.371872 -0.407236
-0.392705 0.462126 0.700829
0.179388 -0.068957 1.070748
1.085705 0.834789 -0.325014
1.112346 0.464256 -1.043541
0.697708 0.697806 0.256489
1.253669 0.690782 -0.234740
0.753049 0.118949 -0.611609
0.222883 -1.127883 -0.122842
1.209427 -0.538909 0.482030
1.228163 1.039017 -0.340864
0.563501 0.863099 -0.556774
1.164772 0.484166 -0.312202
1.271918 0.503379 -1.241183
0.689035 -0.492664 0.094511
1.037781 -0.527563 0.284917
1.071634 0.774574 -1.269666
-1.085626 0.071909 -0.958322
1.223851 -0.563386 0.630916
0.291293 0.277124 -1.136071
-0.218386 0.235779 -1.124839
1.105911 0.400936 -0.409391
0.784963 -0.587865 -0.261570
0.572300 0.582223 -1.196349
-0.741696 0.423924 0.733549
0.901050 -0.406675 0.157027
0.839360 -0.672077 0.067427
0.973441 -1.081329 0.177256
-0.426175 -1.045291 -0.318825
1.210001 0.543719 -1.457043
0.822774 0.427337 0.017427
0.353183 1.025673 -0.553277
0.956826 0.788156 -0.367810
-0.083488 0.148505 0.884084
1.066597 -1.179836 0.021065
0.807796 0.569631 -0.117856
-0.755686 0.104095 -1.002245
0.851915 0.082877 0.150783
-0.181463 -0.518983 0.600511
0.652881 -0.680212 -0.200883
0.943085 1.028602 -0.681640
0.946267 0.511520 -0.199134
1.221379 0.881402 -0.863927
0.878295 0.230190 0.248839
-0.606877 0.596247 0.636182
-0.805569 -0.876714 -0.885459
-0.064528 0.353363 -0.827668
1.169073 0.338273 -0.836983
-0.544599 -0.029441 -1.173564
1.119343 0.699528 -0.141248
-0.992322 -0.118879 -1.113810
-0.378580 0.560505 0.540613
-1.685940 -0.064884 -1.081324
0.345100 -1.028745 0.730741
-0.573106 0.015995 0.718852
1.125884 -0.831688 0.017751
0.057273 -1.116965 -0.302955
-1.171203 -0.519101 -1.492149
1.183618 -1.048973 0.653776
0.224300 -1.109289 -0.345801
1.183247 0.544310 -0.102439
0.787092 0.414719 -0.855641
-1.199595 -1.126356 -0.609958
-0.281586 -0.236640 -1.104004
0.072927 -0.688239 -0.920963
0.948907 0.403482 -0.747838
-0.274014 -0.896773 0.142986
0.610933 0.792790 0.254368
-0.521908 -0.658682 -0.939046
-0.476175 0.443761 -0.669066
0.868545 0.415981 -0.989622
-0.353422 -0.631612 0.406297
0.530997 -1.211270 0.194408
1.016329 0.815358 -0.130950
-1.231772 -0.820994 -1.242002
0.654987 0.210874 0.846925
-0.878138 0.405812 0.512306
0.981338 -0.442076 0.238496
0.000906 -0.187730 -1.084044
-1.253525 -1.074932 -1.035367
-1.106779 -0.897384 -0.953943
0.981971 -0.978249 -0.018285
-0.958906 -1.035343 -0.503316
-0.255292 0.755703 0.217531
0.801710 0.960576 -0.901873
-0.129297 -0.781414 0.467597
-0.721134 -0.855860 -0.506798
-0.830616 -0.864084 -0.207090
-0.840807 -0.903420 -0.731839
-0.833386 -0.823472 -0.184449
-0.949249 -1.037765 -0.745017
-0.969151 -0.843431 -0.345324
-0.970798 -1.068210 -0.938196
-0.879738 -0.917010 -0.336379
-0.942271 -1.155633 -0.982771
-0.805473 -1.034848 -0.411333
-0.834775 -1.295394 -1.326231
-0.754798 -1.079776 -0.544472
-0.992730 -1.315261 -1.318022
-0.952032 -1.150622 -0.882627
-1.005587 -1.286898 -1.654289
-0.980404 -1.112521 -0.548027
-1.141388 -1.252135 -1.470209
-1.071414 -1.072145 -0.534748
-0.999529 -1.271767 -1.791518
-1.016161 -0.973668 -0.072888
-1.128902 -1.006832 -1.676991
-1.122199 -0.804619 -0.092121
-1.010588 -0.828465 -1.745252
-1.111035 -0.560367 -0.109085
-1.129801 -0.515304 -1.510403
-1.274477 -0.304057 -0.266459
-1.096601 -0.197933 -1.257214
-1.127440 -0.104161 0.115912
-1.054444 0.019717 -0.849695
-1.071300 0.125172 0.305653
-0.870311 0.266860 -0.514660
-0.829378 0.447978 0.235970
-0.668350 -1.079225 -0.735186
-0.583206 -1.206481 -0.374884
-0.694334 -1.274429 -0.687657
-0.748032 -1.080257 -0.434425
-0.831349 -1.215356 -0.926678
-0.908457 -0.989568 -0.547485
-1.064320 -1.228254 -0.899755
-1.004676 -1.187507 -0.582485
-1.052748 -1.283464 -1.061552
-0.957090 -1.204736 -0.617621
-1.154977 -1.359919 -1.244829
-1.044263 -1.269329 -1.119408
-1.145031 -1.350073 -1.577426
-1.236507 -1.212129 -1.108987
-1.429266 -1.299119 -1.522145
-1.351462 -1.230752 -1.168938
-1.304873 -1.303456 -1.920504
-1.271498 -1.165042 -0.693610
-1.344816 -1.306909 -1.750696
-1.290928 -1.141009 -0.711441
-1.281193 -1.358639 -2.144579
-1.311514 -0.973264 -0.343659
-1.365276 -1.056887 -1.812474
-1.385593 -0.818902 -0.732268
-1.287539 -0.917238 -1.834189
-1.337997 -0.573897 -0.488546
-1.261524 -0.618628 -1.338826
-1.296975 -0.422021 -0.271670
-1.154507 -0.401608 -1.053697
-1.093636 -0.066808 0.217483
-1.152142 -0.119131 -0.230967
-0.921918 0.071646 0.397614
-0.795898 -0.733571 -0.306708
-0.704472 -0.969150 -0.107394
-0.750947 -1.090192 -0.483566
-0.746975 -1.005075 -0.202555
-1.093798 -1.239769 -0.467276
-1.277727 -1.162863 -0.526019
-1.563025 -1.413909 -0.523064
-1.410329 -1.389001 -0.529677
-1.513232 -1.476767 -0.691550
-1.202728 -1.306868 -0.861829
-1.430287 -1.366244 -1.073423
-1.390842 -1.136976 -0.995525
-1.759006 -1.256284 -1.155746
-1.820143 -1.075292 -1.432720
-2.010751 -1.013563 -1.415702
-1.973574 -0.885733 -1.229255
-1.976750 -0.881449 -1.315815
-1.770832 -0.866909 -1.408934
-1.661353 -0.808670 -1.623743
-1.596922 -0.734164 -1.231526
-1.746718 -0.659428 -1.453738
-1.615876 -0.579781 -1.411460
-1.592894 -0.538720 -1.563636
-1.525663 -0.462945 -1.198236
-1.565763 -0.433733 -1.367450
-1.490016 -0.344664 -1.027855
-1.358233 -0.296929 -1.168894
-1.332344 -0.106265 -0.565834
-1.201639 -0.083593 -0.657436
-1.113200 0.159816 -0.288487
-1.034088 0.112598 -0.414712
-0.887237 0.332043 -0.107357
-0.729100 -1.180947 -0.239419
-0.740752 -1.525406 0.002511
-0.831188 -1.632833 -0.222668
-0.888545 -1.407426 -0.253887
-1.154140 -1.452212 -0.498330
-1.467852 -1.353677 -0.437687
-1.960487 -1.582880 -0.468068
-2.019644 -1.659890 -0.495650
-2.085901 -1.664553 -0.673564
-1.878028 -1.733003 -0.358795
-1.837119 -1.572802 -0.823123
-1.740064 -1.415376 -1.050014
-1.680416 -1.315364 -1.272128
-1.827510 -1.133262 -1.080622
-1.793924 -1.007666 -1.337260
-1.836812 -0.969594 -1.194688
-1.750573 -0.847884 -1.626903
-1.685768 -0.862873 -1.031982
-1.537394 -0.811827 -1.624391
-1.476264 -0.816984 -1.088242
-1.469076 -0.716414 -1.933479
-1.442430 -0.666181 -0.883560
-1.429106 -0.653164 -1.615411
-1.365344 -0.619528 -1.098288
-1.388900 -0.582747 -1.627581
-1.321241 -0.490262 -0.791931
-1.332759 -0.426760 -1.252994
-1.277886 -0.314639 -0.504407
-1.289743 -0.193939 -0.948701
-1.149646 0.027789 0.085747
-1.146043 0.063420 -0.225899
-0.889740 0.241501 0.222636
-0.775497 -1.214934 0.198116
-0.724760 -1.462876 0.362510
-0.753064 -1.471459 0.048479
-0.763118 -1.369784 0.196760
-1.019931 -1.341411 -0.321279
-1.167203 -1.369067 -0.287481
-1.665407 -1.436831 -0.610154
-1.752290 -1.538007 -0.408582
-2.025254 -1.554104 -0.802560
-1.822194 -1.545554 -0.721921
-1.836044 -1.385889 -1.131974
-1.739927 -1.275350 -0.856850
-1.813730 -1.061070 -1.269984
-1.870900 -0.952690 -1.122626
-2.042221 -0.645767 -1.392935
-1.975712 -0.552091 -1.083570
-2.081344 -0.309680 -1.466732
-1.858823 -0.359688 -1.262209
-1.918522 -0.073445 -1.658769
-1.680283 -0.155745 -1.386585
-1.896479 0.074397 -1.532122
-1.591445 -0.072644 -1.537977
-1.671270 0.110052 -1.501700
-1.443155 0.007206 -1.358498
-1.537661 0.091543 -1.320523
-1.291187 -0.021215 -1.073727
-1.318141 0.090169 -1.081566
-1.170664 0.149087 -0.567789
-1.067209 0.195214 -0.604537
-0.859634 0.295159 -0.168580
-0.808076 0.243737 -0.346773
-0.705942 0.427553 -0.120864
-1.197937 -1.979642 0.262738
-1.195399 -2.372757 0.550358
-1.209157 -2.486465 0.466518
-1.152784 -2.336560 0.560741
-1.185642 -2.227280 0.201282
-1.185498 -1.981307 0.234413
-1.560674 -1.609855 -0.294071
-1.639807 -1.624087 -0.194088
-1.876956 -1.614865 -0.770066
-1.782006 -1.687135 -0.371215
-1.769248 -1.595497 -1.134254
-1.695022 -1.494876 -0.903750
-1.659911 -1.280708 -1.414708
-1.654856 -1.100738 -0.854508
-1.799933 -0.786025 -1.559348
-1.766656 -0.601019 -0.769920
-1.953298 -0.353304 -1.548480
-1.785712 -0.303189 -0.553077
-1.954857 -0.113773 -1.746230
-1.561836 -0.154947 -0.854173
-1.834807 0.067599 -1.753257
-1.438564 -0.062047 -0.924322
-1.614449 0.052724 -1.486016
-1.270688 -0.053369 -1.124217
-1.329178 0.078835 -1.395651
-1.165527 -0.021877 -0.837451
-1.228681 0.070410 -1.186094
-1.116531 0.062238 -0.589529
-1.068761 0.235645 -0.961824
-0.927426 0.289910 -0.145011
-0.859979 0.283157 -0.377745
-0.745432 0.454938 0.095158
-1.046193 -2.141466 0.457890
-1.051257 -2.379478 0.721748
-1.069644 -2.396432 0.435292
-1.014341 -2.101585 0.571797
-1.064566 -1.746016 0.062461
-1.057518 -1.527431 0.243630
-1.233556 -1.328580 -0.572951
-1.378627 -1.322428 -0.308172
-1.566906 -1.353154 -1.222958
-1.541434 -1.423615 -0.853604
-1.651950 -1.389138 -1.646874
-1.550490 -1.335206 -1.001955
-1.665883 -1.136567 -1.744100
-1.523161 -1.013317 -1.038284
-1.781005 -0.619634 -1.626819
-1.631011 -0.447338 -0.707123
-1.982192 -0.027742 -1.653099
-1.655361 -0.021865 -0.615617
-2.134160 0.332731 -1.662831
-1.472633 0.215430 -0.918643
-1.943969 0.516136 -1.571052
-1.284609 0.392902 -1.344476
-1.571015 0.710332 -1.582811
-1.135531 0.636174 -1.483042
-1.296660 0.921894 -1.617509
-1.056056 0.689279 -1.482317
-1.132864 0.882715 -1.524539
-0.963586 0.608505 -1.047489
-0.934778 0.899071 -1.028998
-0.754025 0.524819 -0.576347
-0.686752 0.583396 -0.722271
-0.688360 0.638504 -0.421909
-0.994693 -2.475091 0.480992
-1.076803 -2.748281 0.742127
-1.105380 -2.775342 0.535926
-1.053205 -2.511393 0.823491
-1.098685 -2.374517 0.373111
-0.973993 -2.270706 0.694508
-1.098429 -1.717393 -0.211120
-1.148499 -1.744692 0.139583
-1.271090 -1.364152 -1.062978
-1.258878 -1.637824 -0.590662
-1.407799 -1.454504 -1.658026
-1.343813 -1.509868 -0.977342
-1.422444 -1.293591 -1.886579
-1.300120 -1.207429 -0.785354
-1.562249 -0.810216 -1.877986
-1.379801 -0.654549 -0.511841
-1.731223 -0.212853 -1.646099
-1.408960 -0.207028 -0.046374
-1.783555 0.126347 -1.623311
-1.254276 0.021073 -0.273029
-1.570216 0.409465 -1.447954
-1.013375 0.243007 -0.814153
-1.224717 0.564852 -1.284536
-0.843823 0.420743 -1.066947
-1.006197 0.797606 -1.369747
-0.794203 0.434567 -1.166855
-0.985015 0.679547 -1.344848
-0.815131 0.352300 -0.967096
-0.841701 0.734117 -1.141778
-0.702090 0.395299 -0.557946
-0.679851 0.522280 -0.619335
-0.591550 0.414570 -0.114804
-0.858663 -2.327847 0.475256
-0.891816 -2.526591 0.758290
-0.958852 -2.494631 0.422810
-0.912312 -2.222314 0.761541
-0.981663 -1.930331 0.114557
-0.956847 -1.654865 0.407633
-1.049760 -1.335978 -0.674382
-1.108145 -1.224248 -0.300270
-1.251531 -1.227534 -1.529865
-1.150607 -1.358386 -1.055268
-1.303910 -1.274176 -1.855897
-1.175152 -1.341810 -1.098161
-1.374688 -1.085625 -1.822318
-1.169007 -1.126034 -0.908410
-1.458784 -0.699728 -1.662931
-1.193444 -0.637737 -0.506263
-1.565513 -0.218324 -1.458041
-1.299222 -0.182306 -0.211191
-1.620054 0.202539 -1.342740
-1.104049 0.174947 -0.387219
-1.337084 0.658362 -1.370395
-0.898981 0.586096 -0.945370
-1.290000 1.317567 -1.668341
-1.009283 1.264407 -1.773973
-1.152835 1.738018 -1.902409
-0.981759 1.283724 -2.082985
-1.075103 1.641469 -1.855034
-0.929133 1.045815 -1.810698
-0.885801 1.398732 -1.376566
-0.699917 0.833368 -1.041288
-0.624783 0.817178 -0.843079
-0.522870 0.601988 -0.616271
-0.674247 -2.396371 0.456343
-0.779446 -2.652827 0.723648
-0.795492 -2.612144 0.448571
-0.752506 -2.419475 0.878903
-0.877548 -2.256344 0.320179
-0.782276 -2.203022 0.741217
-0.915016 -1.783049 -0.350846
-0.959406 -1.761406 0.244233
-1.025379 -1.267991 -1.260641
-0.990804 -1.364116 -0.547410
-1.128466 -1.327904 -1.808769
-1.019594 -1.369987 -0.690242
-1.140925 -1.226192 -1.938180
-0.992699 -1.143987 -0.412973
-1.245607 -0.852796 -1.773427
-1.038498 -0.719393 -0.209504
-1.244790 -0.398552 -1.549013
-1.056990 -0.299638 0.124282
-1.274208 0.044047 -1.295398
-0.956567 0.094723 -0.170794
-0.990834 0.526073 -1.191599
-0.624113 0.465638 -0.573385
-0.792843 0.903665 -1.248047
-0.562434 0.673628 -1.082477
-0.841805 1.475188 -1.665155
-0.604126 0.703353 -1.446555
-0.834547 1.342137 -1.526852
-0.588488 0.618351 -1.359826
-0.792555 1.174071 -1.248681
-0.577721 0.558663 -0.766994
-0.655926 0.646669 -0.678295
-0.461755 0.544163 -0.076724
-0.737310 -1.849004 0.463261
-0.732590 -2.116042 0.682898
-0.850053 -1.917140 0.307513
-0.823070 -1.753544 0.699230
-0.946743 -1.574789 -0.022951
-0.937540 -1.430280 0.193893
-0.979391 -1.286674 -0.681022
-1.030456 -1.160771 -0.053194
-1.150391 -1.121847 -1.362490
-1.017607 -1.159341 -0.439413
-1.165965 -1.092353 -1.675062
-1.007619 -1.099794 -0.590198
-1.148271 -0.868639 -1.650060
-0.963536 -0.878962 -0.356819
-1.094505 -0.596657 -1.514113
-0.905262 -0.525609 -0.035690
-1.056131 -0.226171 -1.332150
-0.854573 -0.104575 0.063405
-0.943512 0.215026 -1.317226
-0.748887 0.236341 0.008819
-1.048987 0.926222 -1.585984
-0.823762 0.786708 -1.039026
-1.164946 1.733664 -1.957553
-0.856264 1.274359 -1.762861
-1.106048 2.090451 -2.178643
-0.826146 1.218603 -1.892077
-0.931719 1.904201 -2.079797
-0.646446 0.925418 -1.317086
-0.713934 1.619229 -1.499817
-0.400782 0.829048 -0.317768
-0.477730 0.791382 -0.323842
-0.327074 0.897986 0.280260
-0.632298 -1.962905 0.376413
-0.645235 -2.280183 0.615466
-0.724720 -2.129921 0.278708
-0.678873 -2.041446 0.764414
-0.814023 -1.784314 0.206400
-0.731535 -1.723048 0.551904
-0.851774 -1.491634 -0.522496
-0.888734 -1.410038 0.122626
-0.927033 -1.215811 -1.214795
-0.882835 -1.202381 -0.117976
-0.969691 -1.233992 -1.644119
-0.922927 -1.099432 -0.199892
-0.920941 -1.051253 -1.786120
-0.875637 -0.816371 -0.023046
-0.894359 -0.727573 -1.660965
-0.833731 -0.459533 0.124317
-0.814427 -0.377559 -1.487162
-0.705930 -0.115457 0.307427
-0.699274 0.028843 -1.361961
-0.579421 0.202942 0.329721
-0.721749 0.735895 -1.454892
-0.389790 0.482452 0.095778
-0.826095 1.232080 -1.761416
-0.330333 0.499309 -0.194208
-0.830771 1.760092 -2.202299
-0.227711 0.600207 -0.788886
-0.798265 1.417065 -1.727558
-0.236242 0.602934 -0.351256
-0.433612 1.200229 -0.869898
-0.149997 0.927727 0.633543
-0.334059 0.969343 0.513738
-0.221614 0.998559 1.143178
-0.847068 -1.206357 0.338972
-0.781824 -1.390391 0.366098
-0.907570 -1.247760 0.197325
-0.814314 -1.176252 0.385121
-0.921881 -1.190601 -0.152246
-0.809999 -1.200778 -0.021790
-0.824013 -1.227984 -0.798960
-0.807524 -1.077830 0.131572
-0.921904 -1.088862 -1.281951
-0.846554 -1.060810 -0.023739
-0.925122 -1.002806 -1.540943
-0.838644 -0.926635 -0.085271
-0.936251 -0.760343 -1.580994
-0.845002 -0.652472 -0.014992
-0.851295 -0.488929 -1.468749
-0.768571 -0.293585 0.111149
-0.774272 -0.180778 -1.293537
-0.686973 0.097491 0.256052
-0.656902 0.254893 -1.221496
-0.524582 0.400193 0.390568
-0.774174 0.788723 -1.305544
-0.477653 0.541671 0.277198
-0.871663 1.426245 -1.717496
-0.314796 0.476857 -0.084440
-0.819345 1.623098 -1.737672
-0.230124 0.672586 0.308795
-0.651876 1.579940 -1.414495
-0.057199 0.777733 0.828252
-0.162281 1.194815 -0.114958
0.002689 1.619905 1.782232
-0.182769 1.324413 1.527436
-0.076905 1.576750 1.755556
-0.729261 -1.251882 0.217884
-0.689387 -1.506581 0.333852
-0.801121 -1.398195 0.154133
-0.709160 -1.349291 0.548326
-0.734222 -1.165449 -0.051195
-0.656474 -1.200042 0.417737
-0.688692 -1.269565 -0.641757
-0.644656 -1.193534 0.193079
-0.682225 -1.190771 -1.106931
-0.653636 -1.098248 0.163673
-0.737133 -1.106311 -1.489765
-0.723759 -0.952919 0.180788
-0.752650 -0.899172 -1.614376
-0.719644 -0.681309 0.180501
-0.744370 -0.614061 -1.576006
-0.690299 -0.304739 0.317527
-0.665200 -0.291724 -1.419838
-0.558675 0.055854 0.423862
-0.614353 0.074289 -1.248880
-0.424647 0.370263 0.706552
-0.596241 0.517866 -1.097741
-0.288378 0.458262 0.915297
-0.572584 0.820598 -0.788696
-0.049661 0.521187 1.295846
-0.217439 1.120432 -0.742545
0.060533 0.712693 1.440503
-0.053025 0.953511 0.029565
0.051365 1.053535 1.733556
-0.042224 1.102483 1.027444
0.108163 1.525677 2.094738
0.002607 1.377262 1.882373
0.069316 1.474678 1.944683
-0.815187 -0.841469 0.194876
-0.770883 -0.922421 0.232627
-0.772279 -0.949252 0.040506
-0.664480 -0.885274 0.316112
-0.694407 -0.974665 -0.219607
-0.594091 -0.954337 0.154192
-0.582015 -1.022703 -0.597687
-0.515617 -0.913128 0.262787
-0.652377 -0.938062 -0.976037
-0.551734 -0.905383 0.228720
-0.685935 -0.854271 -1.243509
-0.557591 -0.749632 0.285665
-0.724677 -0.636620 -1.344252
-0.614736 -0.509321 0.356831
-0.693831 -0.430183 -1.272813
-0.545456 -0.155351 0.444601
-0.597011 -0.096303 -1.202504
-0.442236 0.241455 0.660617
-0.433435 0.266332 -1.101152
-0.250731 0.571305 0.986719
-0.340804 0.647122 -0.952764
-0.063929 0.806044 1.556315
-0.183475 0.919941 -0.724460
0.163665 1.060307 2.222387
0.041941 1.068063 -0.153590
0.163193 1.418074 2.668670
0.115467 1.188058 0.966182
0.085317 1.863647 2.968209
-0.091486 1.716681 2.184406
0.041899 2.055032 2.755345
0.038573 2.043407 2.445668
0.180427 2.099476 2.438287
-0.569572 -0.820681 0.100581
-0.522389 -0.928792 0.197479
-0.536065 -0.944755 0.047862
-0.413599 -0.958414 0.361988
-0.422148 -0.928665 -0.094225
-0.363246 -0.918248 0.375862
-0.431917 -0.956692 -0.411059
-0.350683 -0.898154 0.331511
-0.467146 -0.861924 -0.743542
-0.346684 -0.789309 0.415343
-0.491798 -0.795051 -1.089929
-0.403168 -0.640598 0.461842
-0.540998 -0.613261 -1.271096
-0.455242 -0.405440 0.515252
-0.514903 -0.432608 -1.321072
-0.406435 -0.108337 0.682252
-0.455765 -0.171020 -1.224929
-0.294089 0.207986 0.836224
-0.243399 0.139881 -1.013567
-0.086897 0.528555 1.179761
-0.125254 0.506743 -0.769122
0.156249 0.894566 1.750870
0.122546 0.921630 -0.369128
0.351641 1.245464 2.208309
0.248036 1.076863 0.119035
0.345590 1.597231 2.644431
0.167457 1.215895 0.944740
0.223198 1.856024 2.799285
0.109981 1.436077 2.077174
0.224092 1.938983 2.895830
0.225808 1.746112 2.510937
0.254258 1.838350 2.487218
-0.291110 -0.839729 0.187925
-0.179896 -0.863503 0.287712
-0.078852 -0.968932 0.029776
0.026426 -0.944617 0.349146
-0.008726 -0.976137 -0.046610
-0.045152 -0.907213 0.330641
-0.104030 -0.876487 -0.277303
-0.112941 -0.787474 0.468239
-0.268710 -0.756587 -0.683461
-0.188008 -0.674854 0.555879
-0.279953 -0.610809 -1.031837
-0.158005 -0.514102 0.653536
-0.332941 -0.457877 -1.143091
-0.234425 -0.333690 0.676371
-0.243165 -0.356370 -1.234562
-0.125779 -0.043904 0.847803
-0.143232 -0.115953 -1.177710
-0.026689 0.331125 1.066251
0.060333 0.261108 -1.024529
0.189736 0.725101 1.427478
0.232123 0.714690 -0.683868
0.328409 1.069581 2.058728
0.361981 0.963178 -0.284167
0.429382 1.505001 2.373812
0.402486 1.206009 0.599845
0.433566 1.879763 2.988021
0.290015 1.501404 1.563683
0.351793 2.180744 3.143658
0.213545 1.977504 2.679417
0.342496 2.227576 2.971678
0.268030 2.166477 2.880893
0.361634 2.297562 2.644685
0.028417 -0.960426 0.200182
0.169769 -1.011258 0.307062
0.286371 -1.075963 0.096175
0.433768 -1.076581 0.381932
0.466999 -1.088823 0.082881
0.477070 -1.009178 0.416657
0.303633 -0.929713 -0.063338
0.194605 -0.843560 0.500672
-0.020205 -0.731431 -0.456886
0.076602 -0.609623 0.642242
-0.077445 -0.591763 -0.847681
0.089422 -0.421250 0.704878
-0.085966 -0.456610 -1.042276
0.032595 -0.254766 0.751423
0.034975 -0.323604 -1.119601
0.119028 -0.033100 0.911854
0.117247 -0.162156 -1.144373
0.175802 0.251815 1.125802
0.265354 0.156513 -0.998305
0.356895 0.611383 1.449050
0.398899 0.668328 -0.746428
0.456217 1.015929 1.946404
0.426192 0.985482 -0.241487
0.391165 1.342123 2.208845
0.315202 1.075792 0.407942
0.232481 1.613499 2.654719
0.288368 1.223728 1.345638
0.229462 1.814913 2.875305
0.258867 1.616796 2.277427
0.265021 1.919356 2.928201
0.366489 1.874042 2.702897
0.304773 1.833923 2.437003
0.346072 -1.073743 0.291070
0.484167 -1.106576 0.374639
0.605005 -1.176242 0.145343
0.683880 -1.144998 0.433475
0.696911 -1.180535 0.170617
0.717735 -1.073575 0.416380
0.592406 -0.996149 0.081468
0.509661 -0.848710 0.479803
0.249634 -0.747374 -0.186066
0.337701 -0.595864 0.584444
0.177256 -0.523163 -0.548479
0.360287 -0.405753 0.589092
0.212112 -0.375320 -0.800579
0.291124 -0.205295 0.688193
0.347050 -0.238666 -0.908451
0.416500 0.020469 0.809073
0.428413 -0.056368 -0.900642
0.410624 0.316881 1.158957
0.441967 0.325512 -0.830692
0.555793 0.678571 1.586708
0.578403 0.793906 -0.639734
0.568230 1.010249 1.816823
0.557014 0.918269 -0.181694
0.583546 1.353879 2.347769
0.440070 1.095826 0.617852
0.429596 1.674572 2.438639
0.343135 1.429578 1.553891
0.317420 1.949295 2.813690
0.247402 1.837482 2.473249
0.306416 2.013046 2.628398
0.345801 2.022161 2.617688
0.254934 2.080723 2.389206
0.492386 -1.256963 0.303861
0.648480 -1.309512 0.451234
0.737196 -1.346425 0.261281
0.858434 -1.318270 0.576200
0.892446 -1.336417 0.225458
0.926381 -1.252423 0.567786
0.836137 -1.141679 0.195413
0.833572 -1.006508 0.543830
0.616978 -0.850674 0.064766
0.676952 -0.706915 0.612927
0.492682 -0.593721 -0.237599
0.623952 -0.448180 0.590028
0.437882 -0.409023 -0.572532
0.490351 -0.227444 0.590834
0.518693 -0.255303 -0.628526
0.552962 -0.024743 0.677775
0.574571 -0.043024 -0.627812
0.576984 0.268990 0.948389
0.604677 0.306355 -0.578485
0.654337 0.572096 1.379976
0.630363 0.689281 -0.439169
0.662020 0.864482 1.729580
0.622195 0.888722 -0.053588
0.647341 1.166201 1.952574
0.492580 0.989384 0.417015
0.410494 1.295964 2.168465
0.317844 1.094364 1.091448
0.234183 1.529387 2.338914
0.229442 1.466509 1.771537
0.186898 1.617248 2.342230
0.354466 1.676001 2.140033
0.189071 1.535319 2.009885
0.626568 -1.255391 0.375966
0.761919 -1.292243 0.493660
0.880618 -1.315060 0.321673
1.010713 -1.302729 0.521397
1.048580 -1.322848 0.321164
1.099289 -1.217700 0.452379
1.004371 -1.135025 0.288018
0.966428 -0.964394 0.498799
0.778318 -0.837718 0.200101
0.786721 -0.646960 0.509274
0.621557 -0.578562 -0.039964
0.698468 -0.446372 0.503578
0.589420 -0.397137 -0.354795
0.620925 -0.227358 0.504849
0.633371 -0.190306 -0.415773
0.660197 0.016461 0.530459
0.704322 0.077434 -0.398157
0.673836 0.319309 0.815209
0.688452 0.383379 -0.261226
0.695093 0.617522 1.178431
0.727436 0.676084 -0.072866
0.740836 0.818802 1.385644
0.698446 0.775050 0.265451
0.714033 1.048767 1.614618
0.608715 0.916037 0.617329
0.622672 1.232268 1.939453
0.423854 0.978561 1.067558
0.425377 1.497859 1.952794
0.253072 1.394650 1.637877
0.289977 1.599238 1.964180
0.241726 1.617489 1.903974
0.143520 1.599769 1.735379
0.734713 -1.332804 0.404774
0.841064 -1.394069 0.500908
0.971676 -1.402689 0.398306
1.103425 -1.425759 0.513013
1.162571 -1.407802 0.334755
1.184278 -1.357772 0.587666
1.111071 -1.256444 0.214171
1.089094 -1.140252 0.554168
0.945696 -0.970730 0.201112
0.899607 -0.838011 0.585739
0.752055 -0.689734 0.049662
0.767954 -0.627178 0.504794
0.660202 -0.543965 -0.138199
0.683496 -0.437294 0.475559
0.662848 -0.347783 -0.215235
0.691860 -0.154763 0.483368
0.712777 -0.013574 -0.268682
0.687397 0.162455 0.688383
0.706211 0.264693 -0.255635
0.683484 0.406359 1.004254
0.683377 0.501321 0.084697
0.646074 0.610641 1.311643
0.691150 0.688134 0.275653
0.703300 0.813790 1.377310
0.597187 0.788562 0.595982
0.565152 0.946087 1.585553
0.487552 0.886472 0.795632
0.494604 1.154631 1.674667
0.295665 1.204853 1.223318
0.280959 1.330127 1.665661
0.224331 1.428640 1.502248
0.082174 1.215688 1.460481
0.705998 -1.267269 0.231125
0.899327 -1.262663 0.386230
0.980704 -1.232665 0.210407
1.187631 -1.246292 0.455890
1.177136 -1.215122 0.246754
1.272562 -1.130785 0.387687
1.167336 -1.019657 0.143126
1.161644 -0.897395 0.416575
1.004957 -0.778357 0.195969
0.957727 -0.640643 0.363695
0.805788 -0.581904 0.091381
0.767614 -0.562413 0.312380
0.710350 -0.492722 -0.022105
0.720486 -0.410800 0.240456
0.702855 -0.273989 -0.057206
0.741747 -0.086275 0.260379
0.767726 0.072154 -0.034435
0.761644 0.229591 0.439460
0.763104 0.358420 0.075111
0.765035 0.499246 0.740845
0.749417 0.538298 0.328847
0.725411 0.650861 1.006124
0.725520 0.591578 0.517501
0.733773 0.800607 1.279868
0.699237 0.731484 0.775513
0.721732 1.003580 1.349795
0.596826 0.874898 0.986740
0.585324 1.193169 1.559745
0.442084 1.238127 1.289550
0.439543 1.444446 1.510199
0.308319 1.334517 1.429273
0.153245 1.217878 1.075245
0.754094 -1.175964 0.360595
0.804816 -1.188791 0.568287
1.054216 -1.236381 0.385709
1.095816 -1.159306 0.606200
1.238266 -1.134898 0.348319
1.174001 -1.020346 0.557336
1.203697 -0.979137 0.256838
1.096509 -0.834517 0.442503
1.052476 -0.730382 0.236459
0.905653 -0.596676 0.450611
0.861951 -0.558067 0.258140
0.768421 -0.548869 0.385824
0.756770 -0.547348 0.160421
0.705131 -0.459079 0.386712
0.722079 -0.366604 0.152144
0.694209 -0.194999 0.382453
0.765285 -0.071463 0.087270
0.726265 0.075512 0.516870
0.787357 0.190704 0.246652
0.717771 0.265050 0.699980
0.836891 0.358256 0.394985
0.709915 0.432655 1.063867
0.786134 0.504667 0.705116
0.668314 0.566694 1.142325
0.766381 0.616665 0.702016
0.643087 0.743311 1.281181
0.704226 0.747597 0.941532
0.644957 0.907169 1.249286
0.592405 1.016676 1.022138
0.528660 1.180471 1.286027
0.406113 1.135394 1.128624
0.251696 1.048457 0.908618
