-0.618543 -0.078019 1.424312
-0.784656 -0.078019 1.438330
-0.618539 -0.260048 1.424312
-0.784655 -0.260048 1.438330
-0.459303 -0.078015 1.382391
-0.459303 -0.260048 1.382391
-0.313822 -0.078015 1.312697
-0.313823 -0.260048 1.312697
-0.188976 -0.078015 1.215361
-0.188976 -0.260048 1.215361
-0.950768 -0.078015 1.424312
-0.950768 -0.260048 1.424312
-1.110008 -0.078015 1.382391
-1.110008 -0.260048 1.382391
-1.255485 -0.078015 1.312697
-1.255485 -0.260048 1.312697
-1.380334 -0.078015 1.215361
-1.380334 -0.260048 1.215361
-0.784656 -0.078015 -0.198966
-0.618539 -0.078015 -0.184948
-0.784656 -0.260047 -0.198966
-0.618539 -0.260047 -0.184948
-0.459303 -0.078015 -0.143027
-0.459303 -0.260047 -0.143027
-0.313823 -0.078015 -0.073333
-0.313823 -0.260047 -0.073333
-0.188976 -0.078015 0.024002
-0.188976 -0.260047 0.024002
-0.950768 -0.078015 -0.184948
-0.950768 -0.260047 -0.184948
-1.110008 -0.078015 -0.143027
-1.110008 -0.260047 -0.143027
-1.255485 -0.078015 -0.073333
-1.255485 -0.260047 -0.073333
-1.380334 -0.078015 0.024002
-1.380334 -0.260048 0.024002
0.019975 -0.078015 0.453565
0.033992 -0.078015 0.619682
0.019975 -0.260047 0.453565
0.033992 -0.260047 0.619682
-0.021946 -0.078015 0.294330
-0.021946 -0.260047 0.294330
-0.091640 -0.078015 0.148850
-0.091640 -0.260047 0.148850
0.019975 -0.078015 0.785795
0.019975 -0.260047 0.785795
-0.021946 -0.078015 0.945030
-0.021946 -0.260048 0.945030
-0.091640 -0.078015 1.090511
-0.091640 -0.260048 1.090511
-1.589285 -0.078015 0.785795
-1.603303 -0.078015 0.619682
-1.589285 -0.260048 0.785795
-1.603303 -0.260048 0.619682
-1.547364 -0.078015 0.945030
-1.547364 -0.260048 0.945030
-1.477670 -0.078015 1.090511
-1.477670 -0.260048 1.090511
-1.589285 -0.078015 0.453565
-1.589285 -0.260048 0.453565
-1.547364 -0.078015 0.294330
-1.547364 -0.260048 0.294330
-1.477670 -0.078015 0.148850
-1.477670 -0.260048 0.148850
-0.618538 -0.483389 1.424312
-0.784655 -0.483389 1.438330
-0.459303 -0.483389 1.382391
-0.313823 -0.483389 1.312697
-0.188976 -0.483389 1.215361
-0.950768 -0.483389 1.424312
-1.110008 -0.483389 1.382391
-1.255485 -0.483389 1.312697
-1.380334 -0.483389 1.215361
-0.784656 -0.483389 -0.198966
-0.618538 -0.483389 -0.184948
-0.459303 -0.483389 -0.143027
-0.313823 -0.483389 -0.073333
-0.188976 -0.483389 0.024002
-0.950768 -0.483389 -0.184948
-1.110008 -0.483389 -0.143027
-1.255485 -0.483389 -0.073333
-1.380334 -0.483389 0.024002
0.019975 -0.483389 0.453565
0.033992 -0.483389 0.619682
-0.021946 -0.483389 0.294330
-0.091640 -0.483389 0.148850
0.019975 -0.483389 0.785795
-0.021946 -0.483389 0.945030
-0.091640 -0.483389 1.090511
-1.589285 -0.483389 0.785795
-1.603303 -0.483389 0.619682
-1.547364 -0.483389 0.945030
-1.477670 -0.483389 1.090511
-1.589285 -0.483389 0.453565
-1.547364 -0.483389 0.294330
-1.477670 -0.483389 0.148850
-0.618538 -0.715242 1.424312
-0.784655 -0.715242 1.438330
-0.459303 -0.715242 1.382391
-0.313823 -0.715242 1.312697
-0.188976 -0.715242 1.215361
-0.950768 -0.715242 1.424312
-1.110008 -0.715242 1.382391
-1.255485 -0.715242 1.312697
-1.380334 -0.715242 1.215361
-0.784655 -0.715241 -0.198966
-0.618538 -0.715242 -0.184948
-0.459303 -0.715242 -0.143027
-0.313823 -0.715242 -0.073333
-0.188976 -0.715242 0.024002
-0.950768 -0.715242 -0.184948
-1.110008 -0.715242 -0.143027
-1.255485 -0.715242 -0.073333
-1.380334 -0.715242 0.024002
0.019975 -0.715242 0.453565
0.033992 -0.715242 0.619682
-0.021946 -0.715242 0.294330
-0.091640 -0.715242 0.148850
0.019975 -0.715242 0.785795
-0.021946 -0.715242 0.945030
-0.091640 -0.715242 1.090511
-1.589285 -0.715242 0.785795
-1.603303 -0.715242 0.619682
-1.547364 -0.715242 0.945030
-1.477670 -0.715242 1.090511
-1.589285 -0.715242 0.453565
-1.547364 -0.715242 0.294330
-1.477670 -0.715242 0.148849
-0.618539 -0.935761 1.424312
-0.784655 -0.935761 1.438330
-0.459303 -0.935761 1.382391
-0.313823 -0.935761 1.312697
-0.188976 -0.935761 1.215361
-0.950768 -0.935761 1.424312
-1.110008 -0.935761 1.382391
-1.255485 -0.935761 1.312697
-1.380334 -0.935761 1.215361
-0.784655 -0.935760 -0.198966
-0.618539 -0.935760 -0.184948
-0.459303 -0.935761 -0.143027
-0.313823 -0.935761 -0.073333
-0.188976 -0.935761 0.024002
-0.950768 -0.935760 -0.184948
-1.110008 -0.935761 -0.143027
-1.255485 -0.935761 -0.073333
-1.380334 -0.935761 0.024002
0.019975 -0.935761 0.453565
0.033992 -0.935761 0.619682
-0.021946 -0.935761 0.294330
-0.091640 -0.935761 0.148849
0.019975 -0.935761 0.785795
-0.021946 -0.935761 0.945030
-0.091640 -0.935761 1.090511
-1.589285 -0.935761 0.785795
-1.603303 -0.935761 0.619682
-1.547364 -0.935761 0.945030
-1.477670 -0.935761 1.090511
-1.589285 -0.935761 0.453565
-1.547364 -0.935761 0.294330
-1.477670 -0.935761 0.148849
-0.618538 -1.490741 1.424311
-0.784655 -1.490741 1.438330
-0.459303 -1.490741 1.382391
-0.313823 -1.490741 1.312697
-0.188976 -1.490741 1.215361
-0.950768 -1.490741 -0.184948
-0.784655 -1.490741 -0.198966
-1.110008 -1.490741 -0.143028
-1.255485 -1.490741 -0.073334
-1.380334 -1.490741 0.024002
0.019975 -1.490741 0.453565
0.033992 -1.490741 0.619682
-0.021946 -1.490741 0.294330
-0.091640 -1.490741 0.148849
-0.188976 -1.490741 0.024002
-1.589285 -1.490741 0.785795
-1.603303 -1.490741 0.619682
-1.547364 -1.490741 0.945030
-1.477670 -1.490741 1.090511
-1.380334 -1.490741 1.215361
-0.950768 -1.490741 1.424311
-1.110008 -1.490741 1.382391
-1.255485 -1.490741 1.312697
-0.618538 -1.490741 -0.184948
-0.459303 -1.490741 -0.143028
-0.313823 -1.490741 -0.073334
0.019975 -1.490741 0.785795
-0.021946 -1.490741 0.945030
-0.091640 -1.490741 1.090511
-1.589285 -1.490741 0.453565
-1.547364 -1.490741 0.294330
-1.477670 -1.490741 0.148849
-0.208413 0.075043 1.195923
-0.329223 0.077924 1.290160
-0.234573 0.211251 1.169763
-0.348191 0.218237 1.257290
-1.360896 0.075042 1.195923
-1.240088 0.077924 1.290160
-1.221120 0.218237 1.257290
-1.334736 0.211251 1.169763
-0.208413 0.075043 0.043439
-0.329223 0.077924 -0.050798
-0.469962 0.083692 -0.118310
-0.481912 0.231535 -0.080263
-0.348191 0.218237 -0.017927
-0.234573 0.211251 0.069599
-0.623988 0.089463 -0.158941
-0.784655 0.092345 -0.172536
-0.784655 0.249126 -0.129439
-0.629755 0.243484 -0.116488
-0.945323 0.089463 -0.158941
-1.099349 0.083692 -0.118310
-1.087395 0.231535 -0.080263
-0.939556 0.243484 -0.116488
-1.360896 0.075043 0.043439
-1.240088 0.077924 -0.050798
-1.334736 0.211251 0.069599
-1.221120 0.218237 -0.017927
0.007562 0.092345 0.619682
-0.006033 0.089463 0.459014
-0.046663 0.083692 0.304988
-0.084711 0.231535 0.316939
-0.046663 0.243484 0.464782
-0.033712 0.249126 0.619682
-0.114175 0.077924 0.164249
-0.147047 0.218237 0.183217
-0.114175 0.077924 1.075111
-0.046663 0.083691 0.934375
-0.084711 0.231535 0.922422
-0.147047 0.218237 1.056146
-0.006033 0.089463 0.780350
-0.046663 0.243484 0.774583
-1.576871 0.092345 0.619682
-1.563275 0.089463 0.780350
-1.522645 0.083691 0.934375
-1.484598 0.231535 0.922422
-1.522645 0.243484 0.774583
-1.535599 0.249126 0.619682
-1.455133 0.077924 1.075111
-1.422263 0.218237 1.056146
-1.455133 0.077924 0.164249
-1.522645 0.083691 0.304988
-1.484598 0.231535 0.316939
-1.422263 0.218237 0.183217
-1.563275 0.089463 0.459014
-1.522645 0.243484 0.464782
-0.502200 0.478876 1.169763
-0.495214 0.365259 1.257290
-0.386075 0.441386 1.132273
-0.372548 0.340900 1.206050
-0.784655 0.507385 1.197058
-0.784656 0.388718 1.294713
-0.638408 0.497744 1.188631
-0.635522 0.380580 1.288338
-1.067111 0.478876 1.169763
-1.183236 0.441386 1.132273
-1.074097 0.365255 1.257290
-1.196760 0.340900 1.206050
-0.930903 0.497744 1.188631
-0.933789 0.380580 1.288338
-0.272062 0.327372 1.132273
-0.308601 0.404847 1.095734
-1.260707 0.404847 1.095734
-1.297246 0.327372 1.132273
-0.372548 0.515163 1.031787
-0.272062 0.441386 1.018263
-0.234573 0.478876 0.902138
-0.348191 0.566403 0.909124
-0.481912 0.628738 0.922422
-0.495214 0.566403 1.056147
-0.203652 0.507968 0.619682
-0.326573 0.601974 0.619682
-0.213900 0.497723 0.765930
-0.334710 0.590130 0.768816
-0.467981 0.674248 0.619682
-0.473619 0.661298 0.774583
-0.621102 0.721010 0.619682
-0.784655 0.734811 0.619682
-0.623988 0.707415 0.780350
-0.784655 0.721010 0.783232
-0.784655 0.670621 0.938191
-0.629755 0.661319 0.934375
-0.784655 0.598360 1.075957
-0.635522 0.588337 1.069645
-0.272062 0.441386 0.221101
-0.308601 0.404847 0.143628
-0.372548 0.515163 0.207575
-0.386075 0.441386 0.107088
-0.502200 0.478876 0.069599
-0.495214 0.566403 0.183217
-0.481912 0.628738 0.316939
-0.348191 0.566403 0.330239
-0.234573 0.478876 0.337225
-0.784655 0.506171 0.042304
-0.784655 0.598867 0.163573
-0.638408 0.495922 0.052552
-0.635522 0.590670 0.169887
-0.784655 0.669138 0.302825
-0.629755 0.658010 0.308464
-0.784655 0.721010 0.456129
-0.623988 0.707415 0.459014
-0.473619 0.661298 0.464782
-0.213900 0.497723 0.473431
-0.334710 0.590130 0.470549
-1.183236 0.441386 0.107088
-1.260707 0.404847 0.143628
-1.196760 0.515163 0.207575
-1.297246 0.441386 0.221101
-1.334736 0.478876 0.337225
-1.221120 0.566403 0.330239
-1.087395 0.628738 0.316939
-1.074097 0.566403 0.183217
-1.067111 0.478876 0.069599
-1.365658 0.507967 0.619682
-1.242735 0.601974 0.619682
-1.355410 0.497719 0.473431
-1.234602 0.590130 0.470549
-1.101330 0.674248 0.619682
-1.095692 0.661298 0.464782
-0.948205 0.721010 0.619682
-0.945323 0.707415 0.459014
-0.939556 0.658010 0.308464
-0.930903 0.495922 0.052552
-0.933789 0.590670 0.169887
-1.297246 0.441386 1.018263
-1.196760 0.515163 1.031787
-1.074097 0.566403 1.056147
-1.087395 0.628737 0.922422
-1.221120 0.566403 0.909124
-1.334736 0.478876 0.902138
-0.933789 0.588337 1.069645
-0.939556 0.661318 0.934375
-0.945323 0.707415 0.780350
-1.095692 0.661298 0.774583
-1.355410 0.497719 0.765930
-1.234602 0.590130 0.768816
-0.372548 0.340900 0.033311
-0.272062 0.327372 0.107088
-0.495214 0.365255 -0.017927
-0.784655 0.386896 -0.055352
-0.635522 0.378758 -0.043508
-1.297246 0.327372 0.107088
-1.196760 0.340900 0.033311
-1.074097 0.365255 -0.017927
-0.933789 0.378758 -0.043508
-0.198285 0.340900 0.207575
-0.147047 0.365255 0.330239
-0.107818 0.386875 0.619682
-0.119662 0.378742 0.470549
-0.198285 0.340900 1.031787
-0.147047 0.365255 0.909124
-0.119662 0.378742 0.768816
-1.371024 0.340900 1.031787
-1.422263 0.365255 0.909124
-1.461495 0.386875 0.619682
-1.449651 0.378741 0.768816
-1.371024 0.340900 0.207575
-1.422263 0.365255 0.330239
-1.449651 0.378741 0.470549
0.166079 0.171282 -0.037682
-0.000000 0.171282 -0.023668
0.166079 -0.056927 -0.037682
-0.000000 -0.056927 -0.023668
0.325282 0.171282 -0.079594
0.325282 -0.056927 -0.079594
0.470733 0.171282 -0.149274
0.470733 -0.056927 -0.149274
-0.325282 0.171282 -0.079594
-0.470733 0.171282 -0.149274
-0.325282 -0.056927 -0.079594
-0.470733 -0.056927 -0.149274
-0.166080 0.171282 -0.037682
-0.166080 -0.056927 -0.037682
0.595553 0.171282 -0.246589
0.595553 -0.056927 -0.246589
-0.595553 0.171282 -0.246589
-0.595553 -0.056927 -0.246589
-0.000000 0.171282 -1.660616
0.166080 0.171282 -1.646602
-0.000000 -0.056926 -1.660616
0.166080 -0.056926 -1.646602
0.325282 0.171282 -1.604689
0.325282 -0.056926 -1.604689
0.470733 0.171282 -1.535012
0.470733 -0.056926 -1.535012
0.595553 0.171282 -1.437697
0.595553 -0.056927 -1.437697
-0.166080 0.171282 -1.646602
-0.166080 -0.056926 -1.646602
-0.325282 0.171282 -1.604689
-0.325282 -0.056926 -1.604689
-0.470733 0.171282 -1.535012
-0.470733 -0.056926 -1.535012
-0.595553 0.171282 -1.437697
-0.595553 -0.056927 -1.437697
0.804462 0.171282 -1.008223
0.818476 0.171282 -0.842144
0.804462 -0.056927 -1.008223
0.818476 -0.056927 -0.842144
0.762549 0.171282 -1.167425
0.762549 -0.056927 -1.167425
0.692868 0.171282 -1.312873
0.692868 -0.056927 -1.312873
0.804462 0.171282 -0.676065
0.804462 -0.056927 -0.676065
0.762549 0.171282 -0.516863
0.762549 -0.056927 -0.516863
0.692868 0.171282 -0.371411
0.692868 -0.056927 -0.371411
-0.804462 0.171282 -0.676065
-0.818476 0.171282 -0.842144
-0.804462 -0.056927 -0.676065
-0.818476 -0.056927 -0.842144
-0.762550 0.171282 -0.516863
-0.762550 -0.056927 -0.516863
-0.692869 0.171282 -0.371411
-0.692869 -0.056927 -0.371411
-0.804462 0.171282 -1.008223
-0.804462 -0.056927 -1.008223
-0.762550 0.171282 -1.167425
-0.762550 -0.056927 -1.167425
-0.692869 0.171282 -1.312873
-0.692869 -0.056927 -1.312873
0.166111 -0.285131 -0.037530
-0.000000 -0.285131 -0.023513
0.325344 -0.285131 -0.079450
0.470821 -0.285131 -0.149143
-0.325344 -0.285131 -0.079450
-0.470821 -0.285131 -0.149143
-0.166111 -0.285131 -0.037530
0.595666 -0.285131 -0.246476
-0.595666 -0.285131 -0.246476
-0.000000 -0.285131 -1.660771
0.166111 -0.285131 -1.646757
0.325344 -0.285131 -1.604836
0.470821 -0.285131 -1.535142
0.595666 -0.285131 -1.437810
-0.166111 -0.285131 -1.646757
-0.325344 -0.285131 -1.604836
-0.470821 -0.285131 -1.535142
-0.595666 -0.285131 -1.437810
0.804613 -0.285131 -1.008253
0.818631 -0.285131 -0.842144
0.762692 -0.285131 -1.167488
0.692998 -0.285131 -1.312965
0.804613 -0.285131 -0.676031
0.762692 -0.285131 -0.516800
0.692998 -0.285131 -0.371321
-0.804613 -0.285131 -0.676031
-0.818631 -0.285131 -0.842144
-0.762692 -0.285131 -0.516800
-0.692998 -0.285131 -0.371321
-0.804613 -0.285131 -1.008253
-0.762692 -0.285131 -1.167488
-0.692998 -0.285131 -1.312965
0.166111 -0.507908 -0.037530
-0.000000 -0.507908 -0.023513
0.325344 -0.507903 -0.079450
0.470821 -0.507903 -0.149143
-0.325344 -0.507903 -0.079450
-0.470821 -0.507903 -0.149143
-0.166111 -0.507903 -0.037530
0.595666 -0.507903 -0.246476
-0.595666 -0.507903 -0.246476
-0.000000 -0.507903 -1.660771
0.166111 -0.507903 -1.646757
0.325344 -0.507903 -1.604836
0.470821 -0.507903 -1.535142
0.595666 -0.507903 -1.437810
-0.166111 -0.507903 -1.646757
-0.325344 -0.507903 -1.604836
-0.470821 -0.507903 -1.535142
-0.595666 -0.507903 -1.437810
0.804613 -0.507903 -1.008252
0.818631 -0.507903 -0.842144
0.762692 -0.507903 -1.167488
0.692998 -0.507903 -1.312965
0.804613 -0.507903 -0.676031
0.762692 -0.507903 -0.516800
0.692998 -0.507903 -0.371321
-0.804613 -0.507903 -0.676031
-0.818631 -0.507903 -0.842144
-0.762692 -0.507903 -0.516800
-0.692998 -0.507903 -0.371321
-0.804613 -0.507903 -1.008252
-0.762692 -0.507903 -1.167488
-0.692998 -0.507903 -1.312965
0.166111 -0.763282 -0.037530
-0.000000 -0.763282 -0.023513
0.325344 -0.763282 -0.079450
0.470821 -0.763282 -0.149143
-0.325344 -0.763282 -0.079450
-0.470821 -0.763282 -0.149143
-0.166111 -0.763282 -0.037530
0.595666 -0.763282 -0.246476
-0.595666 -0.763282 -0.246476
-0.000000 -0.763281 -1.660771
0.166111 -0.763281 -1.646757
0.325344 -0.763281 -1.604836
0.470821 -0.763281 -1.535142
0.595666 -0.763281 -1.437810
-0.166111 -0.763281 -1.646757
-0.325344 -0.763281 -1.604836
-0.470821 -0.763281 -1.535142
-0.595666 -0.763281 -1.437810
0.804613 -0.763281 -1.008253
0.818631 -0.763281 -0.842144
0.762692 -0.763281 -1.167488
0.692998 -0.763281 -1.312965
0.804613 -0.763281 -0.676031
0.762692 -0.763281 -0.516800
0.692998 -0.763282 -0.371321
-0.804613 -0.763281 -0.676031
-0.818631 -0.763281 -0.842144
-0.762692 -0.763281 -0.516800
-0.692998 -0.763282 -0.371321
-0.804613 -0.763281 -1.008253
-0.762692 -0.763281 -1.167488
-0.692998 -0.763281 -1.312965
0.166111 -1.018656 -0.037530
-0.000000 -1.018656 -0.023513
0.325344 -1.018656 -0.079450
0.470821 -1.018656 -0.149143
-0.325344 -1.018656 -0.079450
-0.470821 -1.018656 -0.149143
-0.166111 -1.018656 -0.037530
0.595666 -1.018656 -0.246476
-0.595666 -1.018656 -0.246476
-0.000000 -1.018655 -1.660771
0.166111 -1.018655 -1.646757
0.325344 -1.018655 -1.604836
0.470821 -1.018655 -1.535142
0.595666 -1.018655 -1.437810
-0.166111 -1.018655 -1.646757
-0.325344 -1.018655 -1.604836
-0.470821 -1.018655 -1.535142
-0.595666 -1.018655 -1.437810
0.804613 -1.018655 -1.008253
0.818631 -1.018655 -0.842144
0.762692 -1.018655 -1.167488
0.692998 -1.018655 -1.312965
0.804613 -1.018656 -0.676031
0.762692 -1.018656 -0.516800
0.692998 -1.018656 -0.371322
-0.804613 -1.018656 -0.676031
-0.818631 -1.018656 -0.842144
-0.762692 -1.018656 -0.516800
-0.692998 -1.018656 -0.371322
-0.804613 -1.018656 -1.008253
-0.762692 -1.018655 -1.167488
-0.692998 -1.018655 -1.312965
0.166343 -1.488465 -0.036401
0.000000 -1.488465 -0.022364
0.325801 -1.488464 -0.078380
0.471483 -1.488464 -0.148171
-0.325801 -1.488464 -0.078380
-0.471483 -1.488464 -0.148171
-0.166344 -1.488464 -0.036401
0.596504 -1.488464 -0.245641
-0.596504 -1.488464 -0.245641
0.000000 -1.488464 -1.661919
0.166344 -1.488464 -1.647884
0.325801 -1.488464 -1.605904
0.471483 -1.488464 -1.536114
0.596504 -1.488464 -1.438644
-0.166344 -1.488464 -1.647884
-0.325801 -1.488464 -1.605904
-0.471483 -1.488464 -1.536114
-0.596504 -1.488464 -1.438644
0.805744 -1.488464 -1.008487
0.819779 -1.488464 -0.842144
0.763764 -1.488464 -1.167945
0.693974 -1.488464 -1.313627
0.805744 -1.488464 -0.675801
0.763764 -1.488464 -0.516344
0.693974 -1.488464 -0.370661
-0.805744 -1.488464 -0.675801
-0.819779 -1.488464 -0.842144
-0.763764 -1.488464 -0.516344
-0.693974 -1.488464 -0.370661
-0.805744 -1.488464 -1.008487
-0.763764 -1.488464 -1.167945
-0.693974 -1.488464 -1.313627
0.595553 0.583303 -0.246589
0.583101 0.757051 -0.259040
0.470733 0.583303 -0.149274
0.460853 0.759966 -0.163680
-0.595553 0.583303 -0.246589
-0.470733 0.583303 -0.149274
-0.583101 0.757051 -0.259040
-0.460853 0.759966 -0.163680
0.595553 0.583303 -1.437697
0.470733 0.583303 -1.535012
0.582762 0.756821 -1.424906
0.460505 0.759627 -1.520064
0.325275 0.583295 -1.604676
0.318096 0.765256 -1.588007
0.166069 0.583287 -1.646555
-0.000000 0.583282 -1.660544
0.162403 0.771015 -1.629019
-0.000002 0.773758 -1.642534
-0.162403 0.771015 -1.629019
-0.166069 0.583287 -1.646555
-0.325275 0.583295 -1.604676
-0.318097 0.765256 -1.588007
-0.595553 0.583303 -1.437697
-0.582762 0.756821 -1.424906
-0.470733 0.583303 -1.535012
-0.460505 0.759627 -1.520064
0.801647 0.774559 -0.842144
0.818476 0.583303 -0.842144
0.787893 0.771639 -1.004722
0.804462 0.583303 -1.008223
0.762524 0.583291 -1.167412
0.746776 0.765805 -1.160581
0.692868 0.583303 -1.312877
0.678348 0.759895 -1.302921
0.692868 0.583303 -0.371410
0.678465 0.759966 -0.381288
0.762549 0.583303 -0.516863
0.746776 0.765805 -0.523702
0.804462 0.583303 -0.676065
0.787893 0.771639 -0.679562
-0.801648 0.774559 -0.842144
-0.818476 0.583303 -0.842144
-0.787893 0.771639 -0.679562
-0.804462 0.583303 -0.676065
-0.762550 0.583303 -0.516863
-0.746776 0.765805 -0.523702
-0.692869 0.583303 -0.371410
-0.678431 0.759945 -0.381310
-0.692869 0.583303 -1.312877
-0.678348 0.759895 -1.302921
-0.762550 0.583303 -1.167425
-0.746776 0.765805 -1.160581
-0.804462 0.583303 -1.008223
-0.787893 0.771639 -1.004722
0.166079 0.583303 -0.037682
-0.000000 0.583303 -0.023668
0.166079 0.380756 -0.037682
-0.000000 0.380756 -0.023668
0.325282 0.583303 -0.079594
0.325282 0.380756 -0.079594
0.470733 0.380756 -0.149274
-0.325283 0.583303 -0.079594
-0.325282 0.380756 -0.079594
-0.470733 0.380756 -0.149274
-0.166080 0.583303 -0.037682
-0.166080 0.380756 -0.037682
0.595553 0.380756 -0.246589
-0.595553 0.380756 -0.246589
-0.000000 0.380757 -1.660616
0.166080 0.380757 -1.646602
0.325282 0.380757 -1.604689
0.470733 0.380757 -1.535012
0.595553 0.380756 -1.437697
-0.166080 0.380757 -1.646602
-0.325282 0.380757 -1.604689
-0.470733 0.380757 -1.535012
-0.595553 0.380756 -1.437697
0.804462 0.380756 -1.008223
0.818476 0.380756 -0.842144
0.762549 0.380756 -1.167425
0.692868 0.380756 -1.312873
0.804462 0.380756 -0.676065
0.762549 0.380756 -0.516863
0.692868 0.380756 -0.371410
-0.804462 0.380756 -0.676065
-0.818476 0.380756 -0.842144
-0.762550 0.380756 -0.516863
-0.692869 0.380756 -0.371410
-0.804462 0.380756 -1.008223
-0.762550 0.380756 -1.167425
-0.692869 0.380756 -1.312873
0.279646 1.150062 -0.305020
0.286463 1.042309 -0.216538
0.394463 1.113317 -0.341747
0.407871 1.023457 -0.262158
-0.000000 1.186181 -0.268936
0.000000 1.069064 -0.172323
0.144789 1.176033 -0.279074
0.147596 1.061014 -0.184062
-0.279646 1.150062 -0.305020
-0.394463 1.113317 -0.341747
-0.286463 1.042309 -0.216538
-0.407871 1.023457 -0.262158
-0.144789 1.176033 -0.279074
-0.147596 1.061014 -0.184062
0.507196 1.010193 -0.334934
0.471164 1.087304 -0.371281
0.550989 0.893578 -0.291155
0.437277 0.900597 -0.203350
-0.471164 1.087304 -0.371281
-0.507196 1.010193 -0.334934
-0.550990 0.893578 -0.291155
-0.437273 0.900593 -0.203356
0.412709 1.186944 -0.429482
0.506932 1.123143 -0.447663
0.544175 1.160733 -0.562473
0.437277 1.243951 -0.552162
0.303304 1.306403 -0.538839
0.289979 1.238485 -0.404874
0.571948 1.188636 -0.842131
0.459278 1.278417 -0.842144
0.561791 1.178475 -0.697316
0.451127 1.266551 -0.692734
0.317492 1.350711 -0.842144
0.311843 1.337736 -0.686954
0.163855 1.400870 -0.842144
-0.000000 1.418130 -0.842144
0.160966 1.385391 -0.681178
-0.000000 1.402445 -0.678288
-0.000000 1.355674 -0.523036
0.155188 1.344521 -0.526864
-0.000000 1.279572 -0.379572
0.149406 1.267690 -0.387742
0.508239 1.124639 -1.237349
0.474314 1.074978 -1.308759
0.412457 1.192535 -1.250948
0.398774 1.112028 -1.346291
0.282354 1.148051 -1.382507
0.289603 1.238980 -1.271416
0.303206 1.307898 -1.143526
0.436234 1.247507 -1.131548
0.543664 1.160218 -1.121743
-0.000002 1.185281 -1.419465
-0.000002 1.281361 -1.296106
0.145586 1.174810 -1.409086
0.149399 1.271096 -1.289183
-0.000001 1.353211 -1.157289
0.155176 1.344378 -1.153708
-0.000000 1.400586 -1.005999
0.160966 1.383531 -1.003109
0.311843 1.337736 -0.997329
0.561745 1.178396 -0.986942
0.451085 1.266522 -0.991541
-0.398774 1.112028 -1.346291
-0.474314 1.074978 -1.308759
-0.412457 1.192535 -1.250948
-0.508239 1.124639 -1.237349
-0.543664 1.160218 -1.121743
-0.436234 1.247507 -1.131548
-0.303206 1.307898 -1.143526
-0.289604 1.238980 -1.271416
-0.282354 1.148051 -1.382507
-0.571948 1.188636 -0.842131
-0.459278 1.278417 -0.842144
-0.561745 1.178396 -0.986942
-0.451086 1.266522 -0.991541
-0.317493 1.350711 -0.842144
-0.311844 1.337736 -0.997329
-0.163856 1.400870 -0.842144
-0.160967 1.383531 -1.003109
-0.155177 1.344378 -1.153708
-0.145586 1.174810 -1.409086
-0.149399 1.271096 -1.289183
-0.506933 1.123143 -0.447663
-0.412709 1.186944 -0.429482
-0.289979 1.238489 -0.404872
-0.303304 1.306403 -0.538839
-0.437277 1.243951 -0.552162
-0.544175 1.160733 -0.562473
-0.149410 1.267707 -0.387723
-0.155188 1.344521 -0.526864
-0.160967 1.385391 -0.681178
-0.311844 1.337736 -0.686954
-0.561791 1.178475 -0.697316
-0.451128 1.266551 -0.692734
0.410326 1.014645 -1.418342
0.508796 1.011207 -1.350781
0.551065 0.893590 -1.393204
0.436870 0.900220 -1.480087
0.302317 0.912061 -1.539707
0.288052 1.037589 -1.469109
-0.000001 0.929304 -1.588120
0.154702 0.923637 -1.577205
-0.000023 1.064553 -1.514016
0.148274 1.055858 -1.501254
-0.508796 1.011207 -1.350781
-0.410326 1.014645 -1.418342
-0.288052 1.037589 -1.469109
-0.302317 0.912061 -1.539707
-0.436871 0.900220 -1.480087
-0.551065 0.893590 -1.393204
-0.148274 1.055858 -1.501254
-0.154703 0.923637 -1.577205
0.580605 1.023910 -1.250261
0.631112 1.047804 -1.128633
0.701245 0.913920 -1.145445
0.638764 0.900589 -1.279399
0.673569 1.074647 -0.842131
0.661850 1.066601 -0.989752
0.752338 0.931540 -0.842144
0.739363 0.925890 -0.997329
0.579788 1.023499 -0.434307
0.638684 0.900568 -0.404932
0.701245 0.913920 -0.538839
0.630375 1.047284 -0.555780
0.739334 0.925878 -0.686958
0.661473 1.066241 -0.694547
-0.579788 1.023499 -0.434307
-0.630375 1.047284 -0.555780
-0.701241 0.913920 -0.538839
-0.638684 0.900568 -0.404932
-0.673569 1.074647 -0.842131
-0.661473 1.066241 -0.694547
-0.752338 0.931540 -0.842144
-0.739363 0.925890 -0.686954
-0.580605 1.023910 -1.250261
-0.638764 0.900589 -1.279399
-0.701245 0.913920 -1.145445
-0.631112 1.047804 -1.128633
-0.739363 0.925890 -0.997329
-0.661850 1.066601 -0.989752
0.783977 -0.564525 1.292258
0.783981 -0.723673 1.315415
0.943564 -0.569794 1.278755
0.948347 -0.723799 1.301548
1.105907 -0.723798 1.260067
1.096551 -0.575524 1.238396
1.084681 -0.428681 1.200605
0.937835 -0.416812 1.238396
0.783981 -0.411208 1.251263
1.217501 -0.441891 1.138689
1.236340 -0.581253 1.171342
1.249860 -0.723798 1.191106
0.318101 -0.723799 1.191106
0.462051 -0.723799 1.260067
0.331618 -0.581254 1.171342
0.471407 -0.575524 1.238396
0.483277 -0.428682 1.200605
0.350457 -0.441892 1.138689
0.619611 -0.723799 1.301548
0.624394 -0.569798 1.278755
0.630123 -0.416812 1.238396
1.071471 -0.295858 1.138689
1.193309 -0.320053 1.087797
0.783981 -0.270589 1.179798
0.932105 -0.278673 1.168037
0.374651 -0.320053 1.087797
0.496487 -0.295862 1.138689
0.635853 -0.278673 1.168037
-0.784655 0.092344 1.411898
-0.623988 0.089463 1.398302
-0.469962 0.083691 1.357671
-0.481912 0.231535 1.319625
-0.629755 0.243484 1.357671
-0.784655 0.247304 1.368800
-1.099349 0.083691 1.357671
-1.087395 0.231534 1.319625
-0.945323 0.089463 1.398302
-0.939556 0.243484 1.357671
-0.138468 0.429040 0.131968
-0.210350 0.435144 0.076665
-0.140980 0.390357 0.079433
-0.183617 0.402144 0.054768
-0.002153 0.424389 0.163020
-0.064755 0.426132 0.157312
-0.003488 0.374684 0.098352
-0.065044 0.380952 0.093839
-0.133765 0.575528 0.133033
-0.133226 0.611269 0.076093
-0.205915 0.572771 0.076167
-0.175250 0.604766 0.054488
-0.059642 0.615058 0.090045
-0.059103 0.573767 0.156344
0.004320 0.616664 0.094856
0.003329 0.573036 0.162070
-0.066261 0.465541 0.180654
-0.000762 0.462098 0.186972
-0.064736 0.503467 0.184673
0.000719 0.502276 0.192115
-0.224534 0.507671 0.096103
-0.224029 0.472985 0.094201
-0.138740 0.505048 0.155754
-0.136531 0.469817 0.151292
-0.139888 0.635119 0.000398
-0.212367 0.608602 -0.000652
-0.157567 0.664058 -0.156684
-0.246160 0.626501 -0.156769
-0.070728 0.681117 -0.156821
-0.060382 0.652319 0.000616
-0.000000 0.688593 -0.156821
0.003979 0.655464 0.000494
-0.215752 0.382603 0.001980
-0.146375 0.358589 0.003129
-0.070605 0.345920 0.003458
-0.003336 0.338003 0.002222
-0.000000 0.316122 -0.156821
-0.073807 0.319640 -0.156821
-0.163532 0.331204 -0.156821
-0.242472 0.362897 -0.156821
-0.264603 0.576237 -0.000528
-0.311665 0.576631 -0.156841
-0.267392 0.430694 0.001130
-0.314495 0.423586 -0.157120
-0.287365 0.506565 0.004778
-0.331854 0.499859 -0.156821
-0.284448 0.471555 0.002958
-0.332104 0.463614 -0.156821
-0.285081 0.538876 0.003814
-0.330807 0.534505 -0.156821
-0.219671 0.540429 0.089972
-0.136794 0.537678 0.150785
-0.062728 0.535232 0.177949
0.001886 0.533917 0.186996
0.178037 0.390474 0.054768
0.206270 0.419778 0.076665
0.134729 0.381460 0.079433
0.134134 0.418986 0.131968
0.060406 0.421516 0.157312
0.058345 0.376970 0.093839
0.182750 0.593214 0.054488
0.141233 0.602413 0.076093
0.211985 0.557358 0.076167
0.140235 0.565422 0.133033
0.068046 0.610938 0.090044
0.065645 0.569166 0.156344
0.066085 0.498642 0.184673
0.064812 0.460707 0.180654
0.225758 0.491064 0.096103
0.140004 0.494767 0.155754
0.222699 0.456509 0.094201
0.135206 0.459795 0.151292
0.146757 0.628514 0.000398
0.217937 0.598686 -0.000652
0.246160 0.626501 -0.156769
0.157567 0.664058 -0.156684
0.070728 0.681117 -0.156821
0.068127 0.649358 0.000616
0.210909 0.372772 0.001980
0.140499 0.351978 0.003129
0.064226 0.342813 0.003458
0.073806 0.319640 -0.156821
0.242472 0.362897 -0.156821
0.163532 0.331204 -0.156821
0.268628 0.563949 -0.000529
0.311665 0.576631 -0.156841
0.264709 0.418432 0.001130
0.314495 0.423586 -0.157120
0.288156 0.493303 0.004778
0.283629 0.458464 0.002958
0.331854 0.499859 -0.156821
0.332104 0.463614 -0.156821
0.330807 0.534505 -0.156821
0.287363 0.525684 0.003814
0.223322 0.524091 0.089972
0.140467 0.527452 0.150785
0.066422 0.530468 0.177949
0.646214 -0.920978 1.509749
0.574426 -0.916755 1.454446
0.644077 -0.959317 1.457215
0.601413 -0.948394 1.432550
0.782586 -0.923388 1.540801
0.719923 -0.922617 1.535092
0.781868 -0.973124 1.476133
0.720146 -0.967687 1.471618
0.648511 -0.774410 1.510813
0.648907 -0.738186 1.453873
0.576141 -0.779050 1.453948
0.606712 -0.745632 1.432269
0.722452 -0.733442 1.467824
0.723299 -0.774879 1.534125
0.786478 -0.731010 1.472636
0.785862 -0.774651 1.539850
0.717790 -0.883186 1.558434
0.783410 -0.885656 1.564754
0.718751 -0.845235 1.562455
0.784308 -0.845454 1.569897
0.558811 -0.844513 1.473884
0.560002 -0.879187 1.471983
0.644698 -0.844973 1.533534
0.647484 -0.880168 1.529074
0.642321 -0.714092 1.378177
0.570109 -0.741386 1.377130
0.626337 -0.683708 1.221099
0.537742 -0.721265 1.221011
0.713173 -0.666649 1.220960
0.721656 -0.696047 1.378395
0.783977 -0.659173 1.220960
0.786070 -0.692225 1.378273
0.569122 -0.967450 1.379760
0.638762 -0.990733 1.380908
0.714680 -1.002605 1.381239
0.782115 -1.009806 1.380003
0.783981 -1.031644 1.220960
0.710095 -1.028126 1.220960
0.620369 -1.016566 1.220960
0.541432 -0.984869 1.220960
0.518211 -0.774310 1.377252
0.472236 -0.771139 1.220940
0.516961 -0.919899 1.378910
0.469409 -0.924180 1.220659
0.496182 -0.844229 1.382558
0.452049 -0.847911 1.220960
0.499470 -0.879218 1.380736
0.451798 -0.884152 1.220960
0.498126 -0.811890 1.381595
0.453096 -0.813261 1.220960
0.563025 -0.811661 1.467753
0.646107 -0.812314 1.528567
0.720284 -0.813438 1.555728
0.785011 -0.813798 1.564775
0.963420 -0.954587 1.432550
0.991473 -0.923895 1.454446
0.920084 -0.964469 1.457215
0.919138 -0.926557 1.509749
0.845313 -0.925296 1.535092
0.843751 -0.969994 1.471618
0.965063 -0.751763 1.432269
0.923664 -0.743498 1.453873
0.994470 -0.786207 1.453948
0.922838 -0.780022 1.510813
0.850361 -0.735915 1.467824
0.848277 -0.777572 1.534125
0.849800 -0.848122 1.562455
0.849091 -0.886074 1.558434
1.009551 -0.852229 1.473884
0.923764 -0.850682 1.533534
1.007174 -0.886841 1.471983
0.919542 -0.885734 1.529074
0.929231 -0.717662 1.378177
1.000738 -0.746744 1.377130
1.030216 -0.721264 1.221011
0.941621 -0.683708 1.221099
0.854784 -0.666649 1.220960
0.850366 -0.697649 1.378395
0.996100 -0.972767 1.379760
0.925902 -0.994305 1.380908
0.849713 -1.004285 1.381239
0.857863 -1.028126 1.220960
1.026526 -0.984869 1.220960
0.947589 -1.016566 1.220960
1.051804 -0.780949 1.377252
1.095721 -0.771139 1.220940
1.049423 -0.926524 1.378910
1.098553 -0.924180 1.220659
1.072083 -0.851399 1.382558
1.067926 -0.886291 1.380740
1.115909 -0.847911 1.220960
1.116161 -0.884152 1.220960
1.114862 -0.813261 1.220960
1.070945 -0.819021 1.381595
1.006462 -0.819252 1.467753
0.923691 -0.817989 1.528567
0.849667 -0.816285 1.555728
-0.922298 -0.252957 1.582936
-0.994296 -0.248225 1.527633
-0.924306 -0.291361 1.530402
-0.967142 -0.280282 1.505737
-0.785688 -0.255008 1.613988
-0.848535 -0.254457 1.608279
-0.786332 -0.304741 1.549320
-0.848208 -0.299493 1.544806
-0.920393 -0.106387 1.584000
-0.920244 -0.070312 1.527059
-0.992489 -0.110521 1.527135
-0.962158 -0.077518 1.505456
-0.846719 -0.065290 1.541011
-0.845700 -0.106722 1.607312
-0.782566 -0.062618 1.545823
-0.783044 -0.106265 1.613037
-0.850792 -0.215079 1.631621
-0.785017 -0.217275 1.637941
-0.849992 -0.177126 1.635642
-0.784302 -0.177070 1.643084
-1.009863 -0.175972 1.547071
-1.008695 -0.210647 1.545170
-0.924022 -0.176958 1.606721
-0.921142 -0.212145 1.602261
-0.926591 -0.045884 1.451364
-0.998762 -0.073275 1.450317
-0.942438 -0.015295 1.294285
-1.031033 -0.052852 1.294197
-0.855597 0.001764 1.294147
-0.847280 -0.027734 1.451582
-0.784655 0.009240 1.294147
-0.782732 -0.023823 1.451460
-0.999451 -0.299339 1.452947
-0.929781 -0.322529 1.454099
-0.853848 -0.334296 1.454426
-0.786260 -0.341413 1.453190
-0.784655 -0.363231 1.294147
-0.858675 -0.359713 1.294147
-0.948402 -0.348149 1.294147
-1.027343 -0.316456 1.294147
-1.050620 -0.106264 1.450438
-1.096534 -0.102722 1.294126
-1.051672 -0.251858 1.452097
-1.099365 -0.255767 1.293846
-1.072552 -0.176216 1.455745
-1.116726 -0.179494 1.294147
-1.069217 -0.211200 1.453927
-1.116973 -0.215739 1.294147
-1.070655 -0.143874 1.454782
-1.115679 -0.144848 1.294147
-1.005626 -0.143124 1.540940
-0.922700 -0.144292 1.601754
-0.848589 -0.145325 1.628915
-0.783739 -0.145413 1.637966
-0.604849 -0.285917 1.505737
-0.576971 -0.255644 1.527633
-0.648009 -0.295658 1.530402
-0.649090 -0.257813 1.582936
-0.722860 -0.256690 1.608279
-0.724318 -0.301420 1.544806
-0.603525 -0.083096 1.505456
-0.645195 -0.074590 1.527059
-0.573882 -0.117962 1.527135
-0.645786 -0.111268 1.584000
-0.718528 -0.067284 1.541011
-0.720444 -0.108948 1.607312
-0.718656 -0.179461 1.635642
-0.719205 -0.217418 1.631621
-0.558845 -0.183990 1.547071
-0.644667 -0.181924 1.606721
-0.561245 -0.218601 1.545170
-0.648796 -0.216986 1.602261
-0.639400 -0.049075 1.451364
-0.567854 -0.078057 1.450317
-0.538278 -0.052852 1.294197
-0.626873 -0.015295 1.294285
-0.713714 0.001764 1.294147
-0.718287 -0.029167 1.451582
-0.572187 -0.304086 1.452947
-0.642356 -0.325722 1.454099
-0.718532 -0.335799 1.454426
-0.710631 -0.359713 1.294147
-0.541968 -0.316456 1.294147
-0.620909 -0.348149 1.294147
-0.516743 -0.112194 1.450438
-0.472777 -0.102722 1.294126
-0.518925 -0.257777 1.452097
-0.469946 -0.255767 1.293850
-0.496366 -0.182617 1.455745
-0.500477 -0.217518 1.453927
-0.452585 -0.179494 1.294147
-0.452338 -0.215739 1.294147
-0.453632 -0.144848 1.294147
-0.497547 -0.150240 1.454782
-0.561912 -0.151011 1.540940
-0.644827 -0.149231 1.601754
-0.718928 -0.147629 1.628915
0.783981 -0.892186 1.318607
0.948992 -0.892186 1.304681
1.107176 -0.892185 1.263040
1.251690 -0.892185 1.193808
1.373390 -0.723798 1.094796
1.375714 -0.892185 1.097116
0.618966 -0.892186 1.304681
0.460781 -0.892185 1.263040
0.316266 -0.892185 1.193808
0.194567 -0.723799 1.094796
0.192246 -0.892185 1.097116
0.783981 -0.723798 -0.304652
0.948347 -0.723798 -0.290782
0.783981 -0.892185 -0.307841
0.948992 -0.892185 -0.293917
1.105907 -0.723798 -0.249302
1.107176 -0.892185 -0.252274
1.249856 -0.723798 -0.180342
1.251690 -0.892185 -0.183042
1.373390 -0.723798 -0.084030
1.375714 -0.892185 -0.086351
0.619611 -0.723798 -0.290782
0.618966 -0.892185 -0.293917
0.462051 -0.723798 -0.249302
0.460781 -0.892185 -0.252274
0.318101 -0.723798 -0.180342
0.316266 -0.892185 -0.183042
0.194567 -0.723798 -0.084030
0.192246 -0.892185 -0.086351
1.580142 -0.723798 0.341016
1.594013 -0.723798 0.505383
1.583279 -0.892185 0.340368
1.597205 -0.892185 0.505383
1.538665 -0.723798 0.183454
1.541634 -0.892185 0.182187
1.469704 -0.723798 0.039504
1.472401 -0.892185 0.037670
1.580142 -0.723798 0.669749
1.583279 -0.892185 0.670394
1.538665 -0.723798 0.827309
1.541634 -0.892185 0.828578
1.469704 -0.723798 0.971262
1.472401 -0.892185 0.973096
-0.012186 -0.723798 0.669749
-0.026055 -0.723798 0.505383
-0.015321 -0.892185 0.670394
-0.029245 -0.892185 0.505383
0.029294 -0.723799 0.827309
0.026323 -0.892185 0.828578
0.098255 -0.723798 0.971262
0.095555 -0.892185 0.973096
-0.012186 -0.723798 0.341016
-0.015321 -0.892185 0.340368
0.029294 -0.723798 0.183454
0.026323 -0.892185 0.182187
0.098255 -0.723798 0.039504
0.095555 -0.892185 0.037670
0.948992 -1.101487 1.304681
0.783981 -1.101487 1.318607
1.107177 -1.101487 1.263040
1.251690 -1.101487 1.193808
1.375714 -1.101487 1.097116
0.618966 -1.101487 1.304681
0.460781 -1.101487 1.263040
0.316266 -1.101487 1.193808
0.192246 -1.101487 1.097116
0.783981 -1.101487 -0.307841
0.948992 -1.101487 -0.293917
1.107177 -1.101487 -0.252274
1.251690 -1.101487 -0.183042
1.375714 -1.101487 -0.086351
0.618966 -1.101487 -0.293917
0.460781 -1.101487 -0.252274
0.316266 -1.101487 -0.183042
0.192246 -1.101487 -0.086351
1.583279 -1.101487 0.340368
1.597205 -1.101487 0.505383
1.541634 -1.101487 0.182187
1.472401 -1.101487 0.037670
1.583279 -1.101487 0.670394
1.541634 -1.101487 0.828578
1.472401 -1.101487 0.973096
-0.015321 -1.101487 0.670394
-0.029245 -1.101487 0.505383
0.026323 -1.101487 0.828578
0.095555 -1.101487 0.973096
-0.015321 -1.101487 0.340368
0.026323 -1.101487 0.182187
0.095555 -1.101487 0.037670
0.948992 -1.479647 1.304680
0.783981 -1.479647 1.318607
1.107176 -1.479647 1.263040
1.251690 -1.479647 1.193807
1.375714 -1.479647 1.097116
0.618966 -1.479647 1.304680
0.460781 -1.479647 1.263040
0.316266 -1.479647 1.193807
0.192246 -1.479647 1.097116
0.783981 -1.479647 -0.307841
0.948992 -1.479647 -0.293917
1.107176 -1.479647 -0.252274
1.251690 -1.479647 -0.183042
1.375714 -1.479647 -0.086351
0.618966 -1.479647 -0.293917
0.460781 -1.479647 -0.252274
0.316266 -1.479647 -0.183042
0.192246 -1.479647 -0.086351
1.583279 -1.479647 0.340368
1.597205 -1.479647 0.505383
1.541634 -1.479647 0.182187
1.472401 -1.479647 0.037669
1.583279 -1.479647 0.670394
1.541634 -1.479647 0.828578
1.472401 -1.479647 0.973096
-0.015321 -1.479647 0.670394
-0.029245 -1.479647 0.505383
0.026323 -1.479647 0.828578
0.095555 -1.479647 0.973096
-0.015321 -1.479647 0.340368
0.026323 -1.479647 0.182187
0.095555 -1.479647 0.037669
1.356335 -0.584118 1.077737
1.330351 -0.448827 1.051757
0.211622 -0.584118 1.077737
0.237605 -0.448827 1.051757
1.356335 -0.584118 -0.066974
1.236340 -0.581253 -0.160577
1.096551 -0.575524 -0.227633
1.084681 -0.428681 -0.189842
1.217501 -0.441891 -0.127927
1.330351 -0.448827 -0.040991
0.943564 -0.569794 -0.267990
0.783981 -0.566933 -0.281493
0.783981 -0.411208 -0.240497
0.937835 -0.416812 -0.227633
0.624394 -0.569794 -0.267990
0.471407 -0.575524 -0.227633
0.483277 -0.428681 -0.189842
0.630123 -0.416812 -0.227633
0.211622 -0.584118 -0.066974
0.331618 -0.581253 -0.160577
0.237605 -0.448827 -0.040991
0.350457 -0.441891 -0.127927
1.570856 -0.566933 0.505383
1.557353 -0.569794 0.345798
1.516995 -0.575524 0.192811
1.479203 -0.428681 0.204681
1.516994 -0.416812 0.351527
1.529857 -0.411208 0.505383
1.449940 -0.581253 0.053021
1.417288 -0.441891 0.071861
1.449940 -0.581253 0.957742
1.516995 -0.575524 0.817953
1.479203 -0.428681 0.806083
1.417288 -0.441891 0.938903
1.557353 -0.569794 0.664966
1.516994 -0.416812 0.659236
-0.002897 -0.566934 0.505383
0.010607 -0.569794 0.664966
0.050963 -0.575524 0.817953
0.088754 -0.428681 0.806083
0.050963 -0.416812 0.659236
0.038099 -0.411208 0.505383
0.118020 -0.581253 0.957742
0.150670 -0.441892 0.938903
0.118020 -0.581253 0.053021
0.050963 -0.575524 0.192811
0.088754 -0.428681 0.204681
0.150670 -0.441891 0.071861
0.010607 -0.569794 0.345798
0.050963 -0.416812 0.351527
1.064531 -0.183008 1.051757
1.179873 -0.220246 1.014518
0.783981 -0.153459 1.084610
0.929240 -0.163637 1.074432
0.503427 -0.183008 1.051757
0.388086 -0.220246 1.014518
0.638718 -0.163637 1.074432
1.293116 -0.333490 1.014518
1.256825 -0.256538 0.978227
0.311135 -0.256538 0.978227
0.274842 -0.333490 1.014518
1.193309 -0.146963 0.914711
1.293116 -0.220246 0.901275
1.330351 -0.183008 0.785933
1.217501 -0.096071 0.792873
1.084681 -0.034155 0.806083
1.071471 -0.096071 0.938903
1.357370 -0.150502 0.505383
1.240763 -0.058971 0.505383
1.347192 -0.160680 0.650646
1.232683 -0.070736 0.653511
1.102150 0.009186 0.505383
1.096551 -0.003681 0.659236
0.946429 0.057494 0.505383
0.783981 0.071202 0.505383
0.943564 0.043991 0.664966
0.783981 0.057494 0.667831
0.783981 0.009885 0.823552
0.937835 -0.002977 0.817953
0.783981 -0.058271 0.964171
0.932105 -0.070032 0.956092
1.293116 -0.220246 0.109490
1.256825 -0.256537 0.032539
1.193309 -0.146963 0.096055
1.179873 -0.220246 -0.003754
1.064531 -0.183007 -0.040991
1.071471 -0.096071 0.071861
1.084681 -0.034155 0.204681
1.217501 -0.096071 0.217891
1.330351 -0.183007 0.224830
0.783981 -0.160068 -0.068888
0.783981 -0.063230 0.051552
0.929240 -0.170250 -0.058709
0.932105 -0.074991 0.059633
0.783981 0.008235 0.190517
0.937835 -0.004631 0.196117
0.783981 0.057494 0.342933
0.943564 0.043991 0.345798
1.096551 -0.003681 0.351527
1.347192 -0.160680 0.360120
1.232683 -0.070736 0.357255
0.388086 -0.220246 -0.003754
0.311135 -0.256538 0.032539
0.374651 -0.146963 0.096055
0.274842 -0.220246 0.109490
0.237605 -0.183008 0.224830
0.350457 -0.096071 0.217891
0.483277 -0.034155 0.204681
0.496487 -0.096071 0.071861
0.503427 -0.183008 -0.040991
0.210586 -0.150502 0.505383
0.327193 -0.058971 0.505383
0.220765 -0.160680 0.360120
0.335275 -0.070736 0.357255
0.465807 0.009186 0.505383
0.471407 -0.003681 0.351527
0.621529 0.057494 0.505383
0.624394 0.043991 0.345798
0.630123 -0.004631 0.196117
0.638718 -0.170250 -0.058709
0.635853 -0.074991 0.059633
0.274842 -0.220246 0.901275
0.374651 -0.146963 0.914711
0.496487 -0.096071 0.938903
0.483277 -0.034155 0.806083
0.350457 -0.096071 0.792873
0.237605 -0.183008 0.785933
0.635853 -0.070032 0.956092
0.630123 -0.002977 0.817953
0.624394 0.043991 0.664966
0.471407 -0.003681 0.659236
0.220765 -0.160680 0.650646
0.335275 -0.070736 0.653511
1.193309 -0.320053 -0.077034
1.293116 -0.333489 -0.003754
1.071471 -0.295862 -0.127927
0.783981 -0.273898 -0.165729
0.932105 -0.281977 -0.153965
0.274842 -0.333489 -0.003754
0.374651 -0.320053 -0.077034
0.496487 -0.295862 -0.127927
0.635853 -0.281977 -0.153965
1.366395 -0.320053 0.096055
1.417288 -0.295862 0.217891
1.458044 -0.272596 0.505383
1.446279 -0.280675 0.357255
1.366395 -0.320053 0.914711
1.417288 -0.295862 0.792873
1.446279 -0.280675 0.653511
0.201563 -0.320053 0.914711
0.150670 -0.295862 0.792873
0.109913 -0.272596 0.505383
0.121677 -0.280675 0.653511
0.201563 -0.320053 0.096055
0.150670 -0.295857 0.217891
0.121677 -0.280675 0.357255
-0.000000 0.774558 -0.040493
0.162581 0.771639 -0.054250
0.318439 0.765804 -0.095365
-0.318440 0.765804 -0.095365
-0.162581 0.771639 -0.054250
0.303303 0.913920 -0.140898
-0.000000 0.931540 -0.089805
0.155188 0.925890 -0.102780
-0.303304 0.913920 -0.140898
-0.155188 0.925890 -0.102780
-0.314173 -1.519042 0.831146
-0.142657 -1.519042 0.861255
-0.304770 -1.519042 1.034015
-0.176154 -1.519042 1.145872
0.019681 -1.519042 1.257818
0.054434 -1.519042 0.902711
0.289683 -1.519042 1.328910
0.286435 -1.519042 0.934421
0.494372 -1.519042 1.353830
0.523924 -1.519042 0.949214
0.771186 -1.519042 1.372150
0.788236 -1.519042 0.954780
1.044176 -1.519042 1.322405
1.066726 -1.519042 0.946437
1.273926 -1.519042 1.294695
1.350643 -1.519042 0.949541
1.524868 -1.519038 1.335925
1.655854 -1.519041 0.978390
2.106680 -1.519042 0.248565
1.977474 -1.518649 -0.002820
2.004476 -1.421798 0.267391
1.909016 -1.420131 0.005975
1.550082 -1.361583 -0.410363
1.596338 -1.404107 -0.385352
1.636738 -1.519042 -0.525470
1.654781 -1.519042 -0.414071
1.377348 -1.519042 -0.688772
1.313229 -1.372217 -0.547995
1.018506 -1.415690 -0.555215
1.041550 -1.519038 -0.638303
0.783369 -1.519042 -0.750060
0.785849 -1.402982 -0.665213
0.442504 -1.519042 -0.706192
0.443450 -1.429407 -0.620943
0.219826 -1.519042 -0.704872
0.255748 -1.423879 -0.594703
-0.444053 -1.518909 -0.043377
-0.354090 -1.393890 0.020366
-0.214754 -1.519042 -0.277013
-0.130228 -1.425089 -0.210726
-0.505115 -1.518875 0.284388
-0.402888 -1.396924 0.301836
-0.274764 -1.519042 1.452360
-0.198122 -1.373088 1.353265
-0.428678 -1.519042 1.141994
-0.308521 -1.402580 1.091910
-0.068276 -1.519042 1.658606
0.026928 -1.300227 1.541061
0.373334 -1.519042 1.769663
0.382867 -1.368933 1.669751
0.429537 -1.519042 1.800757
0.443580 -1.438500 1.767807
0.410519 -1.519042 1.766358
0.401552 -1.417148 1.705238
0.696081 -1.519042 1.885633
0.764271 -1.519042 1.859699
0.727619 -1.436856 1.840961
0.784140 -1.436589 1.810604
0.817232 -1.519042 1.903379
0.837286 -1.419159 1.800217
1.278684 -1.519042 1.819860
1.506059 -1.519042 1.674165
1.244762 -1.414441 1.680297
1.433877 -1.394984 1.561248
1.643440 -1.519042 1.585499
1.683157 -1.519042 1.512639
1.613108 -1.430033 1.544859
1.652457 -1.443405 1.486893
1.806537 -1.519042 1.437362
1.727206 -1.401833 1.389775
1.670689 -1.519042 1.413170
1.618368 -1.394340 1.401602
2.006013 -1.519042 1.125324
1.882106 -1.395677 1.077967
2.080775 -1.519042 0.750625
2.064570 -1.519042 0.690531
1.986224 -1.408463 0.698305
1.992280 -1.438499 0.675747
2.088640 -1.519042 0.544079
2.036743 -1.405405 0.602330
1.843055 -1.283320 0.045264
1.926921 -1.286499 0.287356
1.489494 -1.299646 -0.344501
1.531549 -1.308779 -0.293546
1.266760 -1.280087 -0.428360
0.986959 -1.307353 -0.450273
0.781858 -1.290167 -0.541515
0.455303 -1.330096 -0.499352
0.249834 -1.324288 -0.440485
-0.206371 -1.296948 0.096671
-0.035133 -1.313784 -0.126468
-0.264831 -1.307900 0.322417
-0.065069 -1.280950 1.237483
-0.168039 -1.308015 1.021308
0.106719 -1.253908 1.406440
0.368631 -1.305011 1.536093
0.451923 -1.357898 1.654258
0.422563 -1.336288 1.583480
0.794552 -1.323528 1.744026
0.751852 -1.343169 1.756826
0.845800 -1.300079 1.663426
1.340201 -1.301672 1.524563
1.195546 -1.283231 1.589993
1.505569 -1.283916 1.342112
1.516479 -1.355401 1.418691
1.437031 -1.286544 1.369356
1.646124 -1.276700 1.293142
1.768926 -1.292425 1.031334
1.944630 -1.434524 1.006582
1.814394 -1.338616 0.932344
1.894504 -1.375645 0.641784
1.905456 -1.303354 0.577598
1.751452 -1.102053 0.316131
1.661160 -1.137384 0.133809
1.456674 -1.257886 -0.199845
1.431934 -1.230448 -0.276620
1.222941 -1.186921 -0.368759
0.964790 -1.219204 -0.417235
0.778159 -1.251926 -0.411787
0.471018 -1.273086 -0.413664
0.291449 -1.299887 -0.332269
-0.081781 -1.258958 0.138588
0.034636 -1.185141 -0.046954
-0.094038 -1.263021 0.313439
-0.251750 -1.316555 0.560396
-0.213196 -1.318196 0.796299
-0.080639 -1.246623 0.558294
-0.058272 -1.238902 0.772681
-0.051354 -1.232684 0.952611
0.018213 -1.171326 1.175660
0.173477 -1.153607 1.310486
0.368354 -1.174433 1.415415
0.527564 -1.213984 1.533538
0.463910 -1.249991 1.441617
0.711984 -1.217808 1.576251
0.797991 -1.293469 1.540177
0.866001 -1.175991 1.510218
1.147342 -1.205421 1.509858
1.254538 -1.194855 1.384003
1.422175 -1.199565 1.270416
1.381473 -1.249103 1.307654
1.543419 -1.123253 1.191986
1.647285 -1.188790 0.964858
1.655812 -1.270849 0.880894
1.657186 -1.273468 0.621965
1.726360 -1.172748 0.536255
1.632981 -1.087989 0.352445
1.569118 -1.106581 0.165579
1.382566 -1.239786 -0.093881
1.318427 -1.140981 -0.144992
1.165411 -1.130905 -0.246382
0.952904 -1.163407 -0.304366
0.785401 -1.144061 -0.282753
0.615674 -1.173048 -0.239172
0.448334 -1.153689 -0.174263
0.605877 -1.210846 -0.162119
0.438579 -1.210846 -0.110773
0.020660 -1.182943 0.175673
0.134362 -1.181490 0.035655
-0.026862 -1.196568 0.350287
-0.002513 -1.139569 0.722279
-0.018724 -1.137327 0.543199
0.043293 -1.169475 0.945089
0.092950 -1.127402 1.107843
0.239126 -1.083319 1.228202
0.387781 -1.131899 1.323541
0.555902 -1.158999 1.390097
0.496868 -1.206288 1.367455
0.791817 -1.225550 1.420048
0.718430 -1.163308 1.424345
0.862340 -1.115888 1.411097
1.074361 -1.175328 1.370659
1.216211 -1.162682 1.299131
1.339322 -1.202534 1.264963
1.361767 -1.165989 1.192970
1.464167 -1.107810 1.088740
1.571686 -1.159845 0.926484
1.618192 -1.245550 0.879123
1.614502 -1.177850 0.544611
1.608073 -1.239616 0.615397
1.578089 -1.144202 0.364236
1.529555 -1.159967 0.254893
1.493846 -1.210846 0.382332
1.436964 -1.210846 0.229319
1.263572 -1.210846 -0.049399
1.347154 -1.205803 -0.044902
1.102356 -1.210846 -0.119632
0.944439 -1.210846 -0.175327
0.782100 -1.210846 -0.167048
0.297932 -1.210846 -0.052333
0.290212 -1.141362 -0.092295
0.183943 -1.210846 0.105952
0.122012 -1.210846 0.227307
0.075563 -1.210846 0.381694
0.070286 -1.203813 0.543945
0.082806 -1.200491 0.708005
0.146072 -1.210847 0.927804
0.219576 -1.210847 1.054982
0.332255 -1.210847 1.161164
0.465971 -1.210847 1.201481
0.628641 -1.193542 1.325974
0.618597 -1.210847 1.259627
0.783508 -1.210847 1.257658
0.732042 -1.203027 1.346602
1.101036 -1.189365 1.280979
1.213953 -1.188057 1.237877
1.103361 -1.210847 1.212944
1.225128 -1.210846 1.150706
1.275065 -1.249497 1.275501
1.363455 -1.210846 1.007620
1.439821 -1.210846 0.862294
1.548243 -1.216525 0.687177
1.610737 -1.198128 0.664622
1.571417 -1.209052 0.726622
1.558501 -1.205471 0.544958
1.502503 -1.210846 0.545302
1.372548 -1.210846 0.114534
1.155455 -1.225860 0.055699
0.781087 -1.225860 0.023995
0.594422 -1.225860 0.029739
0.780316 -1.225860 0.714811
0.780182 -1.225860 0.546152
0.557632 -1.225860 0.712700
0.553460 -1.225860 0.545716
1.246145 -1.225860 0.545788
1.492874 -1.210846 0.707159
1.237383 -1.225860 0.710267
1.314804 -1.279511 1.331033
1.364117 -1.316126 1.401376
1.464192 -1.403050 1.513711
1.722536 -1.230287 0.668338
1.914851 -1.305776 0.686737
1.571673 -1.192081 0.078922
1.545588 -1.194370 0.131559
1.699525 -1.218780 0.017610
1.660616 -1.245194 0.060700
1.816513 -1.296113 -0.015110
1.769424 -1.306989 -0.022564
1.860633 -1.386742 -0.107201
1.852566 -1.401864 -0.026611
1.918185 -1.519042 -0.182484
1.903329 -1.518813 -0.107128
-0.399598 -1.406296 0.561385
-0.495637 -1.519042 0.860338
-0.366234 -1.410462 0.829701
-0.512934 -1.518752 0.551165
0.404639 -1.225860 0.054256
0.325229 -1.225860 0.709538
0.318525 -1.225860 0.545218
0.967387 -1.225860 0.028116
1.008416 -1.225860 0.546035
1.004106 -1.225860 0.713957
0.325062 -1.225860 0.380794
0.557766 -1.225860 0.378410
0.780048 -1.225860 0.377609
1.003478 -1.225860 0.378198
1.236821 -1.225860 0.381350
0.356528 -1.225860 0.872241
0.572509 -1.225860 0.882716
0.781049 -1.225860 0.886959
0.990494 -1.225860 0.884760
1.206921 -1.225860 0.874172
0.407060 -1.225860 1.033299
0.595096 -1.225860 1.060498
0.782410 -1.225860 1.067249
0.970122 -1.225860 1.064062
1.160732 -1.225860 1.039674
0.356002 -1.225860 0.217660
0.572232 -1.225860 0.208044
0.780438 -1.225860 0.204713
0.988865 -1.225860 0.207530
1.204349 -1.225860 0.218673
0.947543 -1.210847 1.265034
1.413208 -1.212655 -0.096194
1.367371 -1.237096 -0.015084
1.470186 -1.253206 -0.185326
1.542958 -1.321053 -0.265701
1.624701 -1.392889 -0.353985
1.770567 -1.519042 -0.381784
2.007835 -1.519042 1.043640
1.721732 -1.228754 0.863681
1.612639 -1.176540 0.840377
1.883493 -1.308846 0.913894
1.964231 -1.405709 0.945202
2.052006 -1.519042 0.984773
1.562551 -1.223121 0.793384
1.523419 -1.239796 0.823577
1.740089 -1.519042 0.584190
1.499127 -1.519042 1.592937
1.632818 -1.403352 1.435871
1.697260 -1.519042 1.450057
1.576452 -1.369160 1.497062
1.509070 -1.413041 1.543264
1.521664 -1.519042 1.631604
1.628006 -1.519042 1.532512
1.640931 -1.519042 1.568670
1.550480 -1.463964 1.579400
1.564100 -1.519042 1.626054
0.862989 -1.168970 1.341412
0.951966 -1.182006 1.324181
1.020809 -1.153661 1.542145
0.990222 -1.106236 1.390093
1.038400 -1.275792 1.634447
1.058625 -1.399718 1.760775
1.079986 -1.519042 1.899710
-0.144778 -1.519042 0.265216
-0.138311 -1.519042 0.561753
-0.322742 -1.519042 0.297760
-0.322225 -1.519042 0.560497
0.050242 -1.519042 0.216449
0.058046 -1.519042 0.558759
0.278231 -1.519042 0.173810
0.281785 -1.519042 0.556585
0.528996 -1.519042 0.153198
0.529604 -1.519042 0.554294
0.800001 -1.519042 0.554642
0.804491 -1.519042 0.148868
1.086612 -1.519042 0.560602
1.095344 -1.519042 0.162678
1.391860 -1.519042 0.573347
1.401016 -1.519042 0.183026
1.678487 -1.519042 0.233576
-0.167324 -1.519042 -0.015490
-0.316948 -1.519042 0.080508
0.010617 -1.519042 -0.132321
0.252646 -1.519042 -0.231584
0.504520 -1.519042 -0.265054
0.796349 -1.519042 -0.278637
1.093259 -1.519041 -0.248777
1.439888 -1.519042 -0.241032
1.673449 -1.519041 -0.038025
1.899383 -1.519042 0.204945
-0.088737 -1.519042 -0.501618
1.274998 -1.519042 1.599927
1.040879 -1.519042 1.670283
1.909498 -1.519042 0.444623
-0.021387 -1.402343 -0.424708
0.088450 -1.308724 -0.324718
0.166348 -1.316888 -0.225089
1.290629 -1.519518 -0.795960
1.268640 -1.456790 -0.761029
1.353449 -1.519042 -0.786783
1.321614 -1.423365 -0.733583
1.194536 -1.412625 -0.691729
1.232227 -1.426270 -0.713257
1.224617 -1.505551 -0.699302
1.249106 -1.509673 -0.779336
1.108223 -1.451449 -0.553615
1.257164 -1.390818 -0.652112
1.322246 -1.403327 -0.559282
1.366148 -1.511547 -0.620197
1.337253 -1.428200 -0.597178
1.382583 -1.513706 -0.653553
1.255694 -1.511397 -0.645407
1.304714 -1.514994 -0.686448
1.358136 -1.456389 -0.682042
1.398423 -1.516341 -0.706158
0.977125 -1.149439 -0.588077
0.926589 -1.087691 -0.556782
1.041516 -1.141702 -0.540971
0.965917 -1.054541 -0.491323
0.874947 -1.346039 -0.588760
0.747484 -1.221683 -0.511221
0.934815 -1.227897 -0.621449
0.831154 -1.108488 -0.534910
0.740829 -1.195809 -0.350875
0.846060 -1.087239 -0.411774
0.975957 -1.305764 -0.358051
1.022116 -1.212776 -0.411838
0.886745 -1.239527 -0.317945
0.950948 -1.128968 -0.374347
1.011951 -1.415598 -0.442407
1.074445 -1.229517 -0.524616
0.992417 -1.086741 -0.449858
1.039271 -1.164631 -0.476994
1.392158 -1.105726 1.358911
1.318644 -1.167218 1.395069
1.434769 -1.143185 1.419260
1.340679 -1.211072 1.458136
1.312827 -1.437669 1.447096
1.351401 -1.278061 1.496623
1.205723 -1.332598 1.344666
1.246488 -1.197628 1.355799
1.439996 -1.436207 1.372280
1.467208 -1.304645 1.466731
1.533366 -1.386986 1.229463
1.409715 -1.232368 1.144942
1.523440 -1.274840 1.354823
1.444260 -1.161747 1.239121
1.256611 -1.254976 1.225580
1.356184 -1.115059 1.305284
1.487802 -1.154974 1.357051
1.466370 -1.122102 1.324273
0.882880 -1.182231 1.507131
0.897111 -1.185576 1.485733
0.849570 -1.162355 1.447653
0.879424 -1.164196 1.436349
0.841713 -1.295699 1.470613
0.820239 -1.211066 1.372196
0.893283 -1.234174 1.489368
0.854278 -1.177665 1.381205
0.771148 -1.235414 1.348696
0.830266 -1.216442 1.326024
0.757863 -1.217228 1.399961
0.766771 -1.271041 1.487723
0.797329 -1.174159 1.426171
0.807653 -1.209417 1.515767
0.810573 -1.318835 1.509129
0.878905 -1.220042 1.535034
0.825738 -1.172873 1.470450
0.832008 -1.189471 1.510850
1.448763 -1.199622 -0.216561
1.417149 -1.176186 -0.202699
1.470860 -1.189132 -0.212054
1.443795 -1.161278 -0.157396
1.417543 -1.282531 -0.204611
1.379232 -1.252515 -0.173262
1.440729 -1.230381 -0.222168
1.400161 -1.196522 -0.168701
1.411147 -1.249646 -0.094884
1.418309 -1.186872 -0.110960
1.468037 -1.308189 -0.135845
1.475836 -1.228438 -0.146122
1.452875 -1.268568 -0.061061
1.458689 -1.209400 -0.081904
1.477633 -1.346602 -0.198047
1.490717 -1.227896 -0.243737
1.450488 -1.182772 -0.124571
1.466039 -1.207330 -0.156784
1.797971 -1.220921 0.557854
1.795379 -1.221139 0.630718
1.941145 -1.289169 0.616926
1.918134 -1.281894 0.672727
1.955331 -1.422181 0.686088
1.907697 -1.367968 0.716105
1.627541 -1.306031 0.679508
1.629786 -1.311782 0.596051
1.634426 -1.341340 0.570838
1.793193 -1.250115 0.533453
1.938628 -1.413827 0.637013
1.913360 -1.308667 0.585380
-1.329237 -1.519042 1.798881
-1.242396 -1.519042 1.746208
-1.185716 -1.519042 1.902914
-1.038614 -1.519042 1.941618
-1.287517 -1.519042 1.454174
-1.151660 -1.519042 1.635708
-1.408827 -1.519042 1.569001
-0.921165 -1.519042 1.700145
-1.113802 -1.519042 1.373327
-0.643572 -1.519039 1.547284
-0.910652 -1.519038 1.236532
-0.465937 -1.519027 1.415717
-0.717692 -1.519018 1.084576
-0.245036 -1.519008 1.234137
-0.514509 -1.518978 0.914790
-0.057922 -1.518937 1.037818
-0.318016 -1.518874 0.736682
0.118340 -1.518762 0.837834
-0.127885 -1.518644 0.561041
0.260018 -1.518360 0.656016
0.057415 -1.518145 0.402623
-0.291688 -1.515888 -0.603167
-0.643195 -1.519041 -0.738483
-0.375094 -1.400714 -0.550897
-0.638236 -1.386739 -0.629097
-0.922690 -1.519042 -0.731196
-0.882440 -1.361823 -0.623887
-1.173172 -1.519042 -0.668752
-1.139330 -1.372217 -0.557548
-1.351426 -1.415690 -0.355735
-1.389686 -1.519042 -0.408335
-1.591798 -1.519042 -0.340964
-1.540294 -1.401949 -0.288522
-1.847440 -1.519042 -0.083468
-1.793507 -1.424278 -0.042298
-1.767355 -1.519042 -0.163572
-1.716145 -1.417456 -0.117524
-1.837413 -1.434119 -0.039411
-1.908979 -1.519042 -0.088899
-2.037845 -1.519042 0.014903
-1.937593 -1.448549 0.073019
-2.095493 -1.519042 0.761343
-2.058338 -1.453632 0.730153
-2.131470 -1.519042 0.690284
-2.081897 -1.410367 0.673975
-2.100129 -1.519042 1.001237
-1.951603 -1.420615 0.992211
-2.054640 -1.519034 0.763890
-1.965743 -1.428672 0.728549
-1.946912 -1.519042 1.289728
-1.845467 -1.395280 1.244444
-1.638895 -1.469267 1.589787
-1.712798 -1.409780 1.482675
-1.790851 -1.519007 1.542120
-1.816890 -1.460524 1.404777
-0.988656 -1.519042 1.973776
-0.998661 -1.386590 1.820082
-1.040963 -1.416948 1.805871
-0.655509 -1.519042 1.998651
-0.668329 -1.359498 1.872813
-0.275419 -1.519039 1.835256
-0.342499 -1.368933 1.743205
-0.219048 -1.519035 1.792661
-0.230183 -1.438500 1.758455
-0.257090 -1.519036 1.796309
-0.286465 -1.417148 1.762472
0.036530 -1.519042 1.677805
0.060826 -1.519042 1.567028
0.030226 -1.436856 1.623487
0.051230 -1.423074 1.489301
0.529206 -1.511862 0.541763
0.376396 -1.422856 0.554549
0.461657 -1.519029 0.865691
0.350999 -1.418730 0.831950
0.469510 -1.514040 0.229238
0.325120 -1.421114 0.260934
0.253176 -1.518474 -0.117930
0.175066 -1.518085 -0.250588
0.166665 -1.427467 -0.035025
0.047634 -1.417870 -0.207125
-0.060665 -1.516773 -0.432133
-0.094191 -1.401655 -0.378314
-0.398732 -1.293429 -0.446700
-0.147173 -1.294762 -0.299271
-0.862106 -1.299120 -0.512331
-0.644841 -1.302649 -0.515828
-1.100978 -1.280087 -0.448187
-1.304923 -1.307353 -0.256509
-1.491898 -1.284692 -0.239011
-1.724630 -1.309227 0.010484
-1.655875 -1.301978 -0.063224
-1.843168 -1.308460 0.111730
-1.755381 -1.323894 0.030089
-1.976674 -1.393332 0.671052
-1.850891 -1.329235 0.668970
-1.827625 -1.313890 0.727183
-1.836454 -1.281574 0.949608
-1.732253 -1.328019 1.229525
-1.573696 -1.285242 1.497247
-1.644160 -1.291113 1.410314
-1.459015 -1.279171 1.496313
-1.531855 -1.313207 1.588795
-1.480221 -1.402046 1.631067
-1.529819 -1.426183 1.669479
-1.018770 -1.316615 1.695274
-0.944201 -1.315986 1.755837
-0.682289 -1.293958 1.799865
-0.413398 -1.305011 1.690768
-0.288811 -1.357898 1.680460
-0.362036 -1.336287 1.657529
0.004490 -1.320026 1.446233
-0.033349 -1.343168 1.555573
0.241211 -1.340514 0.562888
0.240805 -1.328551 0.815523
0.184376 -1.342155 0.294872
0.069909 -1.340238 0.022836
-0.041796 -1.322511 -0.138948
-0.414814 -1.253979 -0.308651
-0.214405 -1.243510 -0.170221
-0.857515 -1.229723 -0.394658
-0.643027 -1.229779 -0.384846
-1.074742 -1.186921 -0.353190
-1.277591 -1.219204 -0.192744
-1.427385 -1.143807 -0.172403
-1.608145 -1.240036 0.109103
-1.558174 -1.213434 0.031282
-1.729488 -1.221411 0.183266
-1.659351 -1.268212 0.124289
-1.735612 -1.281133 0.671332
-1.739080 -1.250675 0.717391
-1.720848 -1.159305 0.915766
-1.665085 -1.180138 1.146153
-1.506197 -1.273726 1.393443
-1.458706 -1.240755 1.342044
-1.544612 -1.273402 1.332495
-1.506708 -1.239548 1.282156
-1.380485 -1.145587 1.450400
-1.208994 -1.303288 1.622925
-1.137085 -1.200919 1.487241
-0.922970 -1.171325 1.654296
-1.004240 -1.240262 1.574969
-0.708038 -1.153606 1.676733
-0.481346 -1.204999 1.632215
-0.326144 -1.167407 1.515323
-0.432619 -1.273234 1.501875
-0.157994 -1.217807 1.436705
-0.117982 -1.248962 1.352452
0.011354 -1.269667 1.355883
-0.060705 -1.209035 1.295299
0.144207 -1.238726 0.962495
0.121838 -1.205470 1.096706
0.224655 -1.293420 1.064602
0.167157 -1.242173 1.141847
0.146685 -1.263047 0.579847
0.142526 -1.260104 0.800667
0.081048 -1.270297 0.331473
-0.106046 -1.240323 -0.035607
-0.008992 -1.272009 0.088838
-0.461058 -1.134429 -0.121366
-0.314093 -1.140864 -0.010221
-0.854500 -1.141412 -0.250264
-0.659576 -1.141575 -0.197543
-1.035971 -1.090753 -0.223643
-1.249441 -1.144385 -0.153020
-1.362106 -1.089124 -0.046090
-1.535720 -1.172077 0.132497
-1.495764 -1.152987 0.091397
-1.654966 -1.217776 0.711498
-1.639423 -1.104401 0.870361
-1.558861 -1.118862 1.045483
-1.472200 -1.195110 1.242727
-1.396794 -1.197563 1.240026
-1.300362 -1.112465 1.337731
-1.090884 -1.174476 1.394658
-0.904600 -1.088056 1.546334
-1.006003 -1.182831 1.422263
-0.715414 -1.074892 1.589662
-0.529181 -1.131899 1.528647
-0.398451 -1.158999 1.402126
-0.478515 -1.222826 1.424638
-0.202714 -1.225550 1.267078
-0.254523 -1.163308 1.319231
-0.156143 -1.138307 1.213363
0.039347 -1.205423 0.922995
-0.024559 -1.175311 1.041387
0.051647 -1.188664 0.786410
0.024152 -1.183991 0.595800
-0.015068 -1.203225 0.362348
-0.093336 -1.197782 0.181262
-0.212638 -1.159204 0.103821
-0.371900 -1.215997 0.025678
-0.516377 -1.215997 -0.050360
-0.998402 -1.215997 -0.087150
-0.831426 -1.215997 -0.142378
-1.153198 -1.215997 -0.023308
-1.268623 -1.215997 0.091149
-1.390604 -1.215997 0.198692
-1.464506 -1.215997 0.286028
-1.543192 -1.202510 0.233927
-1.560532 -1.203180 0.287374
-1.530313 -1.215997 0.499578
-1.657307 -1.122664 0.475478
-1.657035 -1.147923 0.309836
-1.532156 -1.215997 0.693539
-1.658811 -1.218593 0.650474
-1.750870 -1.235168 0.645051
-1.497343 -1.215997 0.825261
-1.434397 -1.215997 0.976128
-1.464129 -1.189514 1.169113
-1.324077 -1.215997 1.096325
-1.216763 -1.215997 1.219264
-1.012156 -1.215997 1.331088
-0.915515 -1.215997 1.399956
-0.744364 -1.215997 1.398474
-0.591268 -1.215997 1.359971
-0.387033 -1.193542 1.305837
-0.438772 -1.215997 1.263108
-0.317226 -1.215997 1.151640
-0.296237 -1.203026 1.252230
-0.065202 -1.189440 0.957373
-0.021643 -1.201838 0.870679
-0.108758 -1.215997 0.904965
-0.059380 -1.215997 0.777364
-0.052227 -1.189755 0.579378
-0.091993 -1.215997 0.419300
-0.256741 -1.215997 0.141315
-0.670457 -1.215997 -0.103906
-0.841884 -1.237871 0.008052
-1.141944 -1.237871 0.234154
-1.277180 -1.237871 0.362949
-0.681707 -1.237871 0.749335
-0.794314 -1.237871 0.623774
-0.849021 -1.237871 0.896303
-0.963517 -1.237871 0.774683
-0.447404 -1.237871 0.312682
-0.166068 -1.215997 0.275677
-0.344219 -1.237871 0.441067
0.313645 -1.399107 1.085313
-1.041353 -1.179825 1.448491
-1.080731 -1.210821 1.542657
-1.126958 -1.311957 1.633962
-1.274747 -1.406096 1.751000
-1.146563 -1.339084 1.742117
-1.542953 -1.238150 1.234401
-1.583031 -1.273077 1.271543
-1.890776 -1.419560 1.314808
-1.782680 -1.370194 1.314008
-1.712103 -1.328107 1.357043
-1.574362 -1.519042 1.742992
-1.402218 -1.237871 0.507808
-1.024273 -1.237871 1.048971
-1.138878 -1.237871 0.931024
-1.000395 -1.237871 0.112953
-0.624356 -1.237871 0.471441
-0.515552 -1.237871 0.599419
-1.243686 -1.237871 0.804165
-1.071911 -1.237871 0.647166
-0.906837 -1.237871 0.498292
-0.739987 -1.237871 0.349695
-0.564044 -1.237871 0.196393
-0.892425 -1.237871 1.149311
-0.724528 -1.237871 1.013048
-0.566331 -1.237871 0.877100
-0.411761 -1.237871 0.735753
-0.257580 -1.237871 0.583499
-0.747342 -1.237871 1.235594
-0.589107 -1.237871 1.130430
-0.445054 -1.237871 1.010510
-0.307335 -1.237871 0.882926
-0.181594 -1.237871 0.737604
-1.329454 -1.237871 0.661992
-1.174772 -1.237871 0.510589
-1.021877 -1.237871 0.369224
-0.864719 -1.237871 0.232293
-0.696747 -1.237871 0.096856
-0.190097 -1.215997 1.047715
0.266832 -1.517012 0.283034
0.032169 -1.518322 -0.050904
0.391270 -1.518152 1.098050
-0.202143 -1.168970 1.161017
-0.147349 -1.182006 1.088827
0.049333 -1.181005 1.205292
-0.074882 -1.128655 1.112412
0.117398 -1.233614 1.258266
0.189647 -1.383544 1.320370
0.211880 -1.519042 1.345052
-1.158077 -1.385598 1.902914
-1.236968 -1.438118 1.884733
-1.190432 -1.519042 1.980498
-1.270257 -1.519042 1.954527
-1.505510 -1.519042 1.705657
-1.066613 -1.519042 1.968796
-1.135690 -1.519042 1.991531
-1.187064 -1.519042 1.939696
-1.046421 -1.398066 1.846757
-1.093045 -1.426531 1.917837
-1.276414 -1.436706 1.805532
-1.149093 -1.348940 1.822151
-1.325216 -1.519042 1.878412
-1.682286 -1.519042 1.030011
-1.475522 -1.519042 1.238145
-1.788012 -1.519042 1.175404
-1.596572 -1.519042 1.365357
-1.581838 -1.519041 0.846823
-1.334422 -1.519042 1.099838
-1.436428 -1.519039 0.634492
-1.165281 -1.519037 0.936101
-1.257285 -1.519031 0.455722
-0.979479 -1.519023 0.770612
-0.778297 -1.518988 0.603289
-1.049629 -1.519008 0.293581
-0.574951 -1.518906 0.435002
-0.839803 -1.518960 0.137218
-0.373165 -1.518760 0.269642
-0.628528 -1.518892 -0.021802
-0.416702 -1.518831 -0.165043
-0.171867 -1.518538 0.112029
-1.883811 -1.519040 0.857289
-1.924442 -1.519042 1.012412
-1.874639 -1.519041 0.617768
-1.742016 -1.519040 0.294786
-1.566408 -1.519035 0.121797
-1.330242 -1.519022 -0.019696
-1.113166 -1.519001 -0.153193
-0.892965 -1.518981 -0.321947
-0.664857 -1.518957 -0.436829
-0.236784 -1.518686 -0.280172
-0.450792 -1.518836 -0.501220
-2.025204 -1.519042 0.665678
-2.140584 -1.519042 0.422781
-1.795090 -1.519042 0.083650
-1.735457 -1.519042 0.041398
0.377148 -1.517483 0.504114
-0.131663 -1.518428 -0.376879
0.032275 -1.518668 -0.237491
-1.712224 -1.519041 1.476715
-1.955050 -1.519042 1.329241
-2.039491 -1.426883 0.435463
-1.936965 -1.278461 0.447257
-1.798013 -1.178849 0.453088
-1.868796 -1.305215 0.624168
-1.989067 -1.421538 0.605894
-2.091107 -1.519042 0.587135
-2.078609 -1.445231 0.624025
-2.137016 -1.519042 0.608952
-0.277961 -1.518500 -0.515841
0.171967 -1.275791 1.300739
-1.428190 -1.075998 1.228851
-1.482977 -1.069360 1.179923
-1.503588 -1.069372 1.282290
-1.541793 -1.072417 1.228600
-1.732253 -1.346786 1.229525
-1.629409 -1.134141 1.216069
-1.660176 -1.281030 1.166077
-1.511549 -1.159237 1.105254
-1.663560 -1.324430 1.352197
-1.608928 -1.141162 1.331951
-1.568310 -1.309898 1.462446
-1.476548 -1.296185 1.440114
-1.513765 -1.167469 1.420165
-1.424353 -1.236567 1.372414
-1.507960 -1.244877 1.236960
-1.379132 -1.213660 1.230744
-1.471635 -1.108222 1.350283
-1.421895 -1.111049 1.302323
0.030346 -1.515076 1.751029
0.058475 -1.514685 1.708622
0.012008 -1.460624 1.723344
0.042274 -1.468729 1.686852
0.014030 -1.454489 1.631997
0.030578 -1.448044 1.657127
0.046776 -1.510431 1.643972
0.060868 -1.511334 1.680288
-0.046800 -1.442235 1.647058
-0.015463 -1.432592 1.689109
-0.098303 -1.458392 1.684556
-0.086053 -1.513533 1.716882
-0.057926 -1.458588 1.714214
-0.064465 -1.509047 1.743775
-0.015615 -1.514855 1.685348
0.028677 -1.514036 1.743821
-0.023896 -1.471470 1.737982
-0.020928 -1.515066 1.757274
-0.474402 -1.149884 1.543850
-0.451957 -1.181434 1.602164
-0.435136 -1.133019 1.529744
-0.397040 -1.170994 1.601967
-0.511795 -1.283582 1.602160
-0.479415 -1.211063 1.623633
-0.542625 -1.222989 1.558585
-0.524670 -1.176527 1.539628
-0.396745 -1.337053 1.582504
-0.378342 -1.239785 1.618955
-0.427836 -1.219200 1.436705
-0.342978 -1.196415 1.511889
-0.358358 -1.301880 1.564582
-0.343497 -1.232390 1.562387
-0.474666 -1.235208 1.432826
-0.449641 -1.144226 1.486755
-0.359100 -1.176000 1.571330
-0.384747 -1.161559 1.540516
-1.613007 -1.207443 0.190418
-1.580757 -1.183654 0.228694
-1.594725 -1.182273 0.153647
-1.560343 -1.140551 0.201582
-1.537253 -1.268120 0.261806
-1.482541 -1.253003 0.236478
-1.620789 -1.255994 0.183986
-1.619076 -1.273484 0.085473
-1.436784 -1.236392 0.124972
-1.530791 -1.215046 0.049298
-1.513748 -1.127649 0.141014
-1.542095 -1.145915 0.092942
-0.863379 -1.059165 -0.351345
-0.933185 -1.062608 -0.420708
-0.867249 -1.045729 -0.324705
-0.970478 -1.066092 -0.404366
-0.745293 -1.253837 -0.370640
-0.872342 -1.210476 -0.502824
-0.811230 -1.068396 -0.353004
-0.929885 -1.100173 -0.470800
-1.050714 -1.340014 -0.453201
-1.068979 -1.193412 -0.480278
-1.016625 -1.321424 -0.296711
-0.876086 -1.180472 -0.195896
-1.039376 -1.201208 -0.305951
-0.920017 -1.127274 -0.238415
-0.748837 -1.181912 -0.246760
-0.818614 -1.044740 -0.289653
-0.968895 -1.082548 -0.338414
-0.911134 -1.068731 -0.286796
0.787189 -1.519042 -1.450894
0.741315 -1.519042 -1.664905
0.958516 -1.519042 -1.502189
0.860732 -1.519042 -1.723998
0.580266 -1.519042 -1.814587
0.592902 -1.519042 -1.449818
0.233604 -1.519042 -1.801913
0.339508 -1.519042 -1.416999
0.009692 -1.519042 -1.761634
0.094675 -1.519042 -1.362199
-0.267503 -1.519042 -1.702055
-0.168593 -1.519042 -1.290784
-0.518651 -1.519042 -1.570902
-0.440749 -1.519042 -1.197489
-0.754793 -1.519042 -1.468088
-0.720959 -1.519042 -1.113501
-0.966968 -1.519042 -1.395609
-1.013266 -1.519042 -1.053562
-1.052217 -1.518203 0.003009
-0.970596 -1.401178 -0.096110
-1.154965 -1.519042 -0.273293
-1.101786 -1.401240 -0.308399
-0.640276 -1.400767 0.146579
-0.661774 -1.515993 0.243710
-0.476102 -1.392158 0.240703
-0.556840 -1.518874 0.358582
-0.262469 -1.519042 0.443010
-0.239861 -1.383650 0.303780
0.044567 -1.415461 0.214946
0.045818 -1.519042 0.300646
0.324931 -1.519042 0.335670
0.298334 -1.402119 0.263788
0.522178 -1.518159 0.200239
0.495984 -1.415676 0.152918
1.153809 -1.519042 -0.379222
1.304714 -1.518743 -0.686448
1.051216 -1.425105 -0.437662
1.209899 -1.391834 -0.722002
1.275856 -1.518990 -1.002226
1.164741 -1.402979 -1.005208
0.724934 -1.519042 -2.074756
0.657209 -1.397654 -1.936643
0.867312 -1.519042 -1.936731
0.785103 -1.401373 -1.830674
0.468945 -1.519042 -2.215006
0.429013 -1.405414 -2.046959
0.005061 -1.519042 -2.214181
0.027039 -1.414160 -2.118926
-0.048267 -1.519042 -2.212355
-0.053024 -1.438499 -2.176692
-0.022033 -1.519042 -2.179665
-0.007067 -1.417147 -2.115831
-0.328403 -1.519042 -2.219195
-0.393681 -1.519042 -2.184004
-0.346188 -1.436855 -2.167486
-0.403195 -1.436588 -2.143495
-0.454809 -1.519042 -2.177563
-0.443291 -1.419159 -2.110529
-0.869062 -1.519042 -1.991887
-1.065088 -1.519042 -1.809955
-0.815251 -1.397994 -1.901184
-0.946031 -1.394984 -1.716136
-1.319076 -1.519042 -1.434464
-1.222033 -1.456976 -1.408475
-1.128399 -1.519042 -1.646279
-1.066211 -1.438925 -1.621439
-1.387617 -1.519042 -1.132943
-1.281967 -1.450819 -1.070906
-1.369822 -1.519042 -0.742123
-1.294624 -1.519042 -0.664970
-1.250140 -1.453690 -0.718421
-1.210816 -1.438499 -0.677782
-1.290218 -1.519042 -0.541721
-1.225203 -1.405405 -0.607888
-0.904852 -1.284454 -0.162706
-1.034438 -1.286497 -0.348816
-0.420716 -1.304176 0.121132
-0.575822 -1.314742 0.046934
-0.212959 -1.290137 0.170363
0.045310 -1.307369 0.105568
0.252433 -1.307596 0.109954
0.445117 -1.324387 0.035130
0.724109 -1.418307 0.023400
0.665548 -1.318628 -0.079046
1.082654 -1.281574 -0.735723
0.938354 -1.309552 -0.501107
1.022045 -1.275099 -1.066357
0.936302 -1.324622 -1.454321
1.056799 -1.358657 -1.361621
1.019276 -1.420019 -1.521715
1.091789 -1.454841 -1.475241
0.584002 -1.285609 -1.809540
0.710464 -1.312118 -1.715717
0.371461 -1.273685 -1.923960
0.083739 -1.305011 -1.975188
-0.033848 -1.357897 -2.081026
0.014003 -1.336287 -2.027621
-0.386400 -1.339973 -2.057115
-0.345926 -1.343168 -2.079933
-0.431313 -1.300078 -2.012330
-0.841629 -1.301671 -1.688179
-0.743426 -1.283230 -1.821937
-1.108324 -1.276700 -1.384832
-0.891018 -1.323120 -1.540830
-1.155195 -1.292425 -1.068874
-1.297251 -1.434524 -1.005874
-1.176891 -1.338615 -0.993795
-1.123683 -1.303354 -0.625122
-1.072330 -1.375645 -0.702602
-0.816692 -1.147277 -0.279839
-0.905945 -1.102053 -0.416216
-0.380208 -1.239945 0.000318
-0.498049 -1.243687 -0.057175
-0.188603 -1.218232 0.047888
0.048098 -1.219113 0.035743
0.218214 -1.224269 0.001164
0.377872 -1.249313 -0.069205
0.589765 -1.241548 -0.169801
0.970194 -1.159305 -0.752079
0.847648 -1.242922 -0.550713
0.886938 -1.180138 -0.991734
0.851270 -1.145587 -1.401874
0.950420 -1.273320 -1.206737
0.894083 -1.239151 -1.184932
0.627032 -1.221433 -1.608212
0.520980 -1.171325 -1.727143
0.332948 -1.153606 -1.809113
0.119560 -1.174432 -1.846870
-0.068136 -1.213984 -1.928283
0.018685 -1.249991 -1.857835
-0.257144 -1.217807 -1.917715
-0.329629 -1.293468 -1.859020
-0.380397 -1.175991 -1.787455
-0.656560 -1.205420 -1.732207
-0.726061 -1.194855 -1.581151
-0.966018 -1.123253 -1.321002
-0.810426 -1.251922 -1.482864
-0.975102 -1.188790 -1.063157
-0.997702 -1.270849 -0.986134
-1.013857 -1.172748 -0.614053
-0.897731 -1.273468 -0.737156
-0.799114 -1.087989 -0.485162
-0.685535 -1.106581 -0.323612
-0.448263 -1.143345 -0.140906
-0.357984 -1.140982 -0.095550
-0.176362 -1.110535 -0.063258
0.020968 -1.144502 -0.063850
0.191991 -1.144772 -0.109058
0.347020 -1.155492 -0.182822
0.771286 -1.175631 -0.604457
0.834182 -1.104401 -0.766893
0.837189 -1.118862 -0.978821
0.730333 -1.112465 -1.334878
0.807419 -1.192925 -1.151045
0.524456 -1.179990 -1.526862
0.444849 -1.088056 -1.613895
0.294187 -1.074892 -1.715805
0.124800 -1.131899 -1.765759
-0.055228 -1.158999 -1.782638
0.007787 -1.206288 -1.777411
-0.290102 -1.225550 -1.745417
-0.220845 -1.163308 -1.770065
-0.355309 -1.115888 -1.717095
-0.547559 -1.175327 -1.618976
-0.663743 -1.162681 -1.510628
-0.744816 -1.216879 -1.437890
-0.842961 -1.107810 -1.239284
-0.900806 -1.159845 -1.053432
-0.932214 -1.245550 -0.994959
-0.835112 -1.177850 -0.674829
-0.848741 -1.239616 -0.744586
-0.727682 -1.144202 -0.511833
-0.635815 -1.159967 -0.387386
-0.673883 -1.230476 -0.552769
-0.576479 -1.223450 -0.421771
-0.316028 -1.228299 -0.214274
-0.427434 -1.153262 -0.211509
-0.157629 -1.235318 -0.180329
-0.000088 -1.241063 -0.180670
0.163105 -1.228901 -0.224374
0.319627 -1.231616 -0.269684
0.478377 -1.223289 -0.345661
0.442541 -1.234483 -0.429574
0.595867 -1.227540 -0.469925
0.687151 -1.135011 -0.423229
0.521106 -1.148561 -0.270362
0.686561 -1.231526 -0.787604
0.661041 -1.230234 -0.653771
0.694975 -1.228272 -0.950860
0.603754 -1.227686 -1.264163
0.647417 -1.231845 -1.106925
0.467546 -1.226397 -1.453416
0.385276 -1.223568 -1.505368
0.246862 -1.227000 -1.612584
0.083868 -1.230492 -1.626703
-0.107130 -1.193541 -1.700732
-0.078928 -1.232577 -1.639842
-0.236707 -1.233556 -1.591831
-0.212174 -1.203026 -1.691618
-0.548087 -1.189365 -1.525413
-0.644443 -1.188056 -1.452448
-0.531292 -1.233880 -1.459443
-0.630789 -1.244741 -1.365633
-0.723577 -1.242552 -1.189569
-0.756254 -1.234967 -1.028683
-0.811373 -1.216525 -0.830233
-0.865063 -1.198128 -0.791101
-0.844653 -1.209052 -0.861624
-0.781447 -1.205471 -0.690820
-0.727778 -1.233091 -0.706811
-0.471554 -1.229159 -0.329582
-0.257648 -1.234108 -0.333811
0.110648 -1.232904 -0.408076
0.288258 -1.232788 -0.465799
-0.081822 -1.234662 -1.071542
-0.034521 -1.234838 -0.909651
0.132567 -1.233765 -1.131791
0.183277 -1.234182 -0.972639
-0.481786 -1.233662 -0.778980
-0.763802 -1.232824 -0.864903
-0.519376 -1.234054 -0.939346
-0.973439 -1.230287 -0.763400
-1.143259 -1.305776 -0.733097
-0.548284 -1.142525 -0.284785
1.242861 -1.448219 -1.054747
1.179902 -1.446745 -1.257558
1.089334 -1.284733 -1.102360
1.077029 -1.291871 -1.231109
1.155003 -1.519042 -1.482483
1.245743 -1.519042 -1.281482
0.463609 -1.232740 -0.542416
0.356581 -1.230868 -1.193757
0.408975 -1.232197 -1.037868
-0.069371 -1.235647 -0.359928
-0.253614 -1.234277 -0.845704
-0.296441 -1.234337 -1.008127
0.448686 -1.231749 -0.878176
0.225936 -1.233790 -0.810807
0.012745 -1.234751 -0.747869
-0.201932 -1.234083 -0.685945
-0.426844 -1.232870 -0.623711
0.281026 -1.229805 -1.341211
0.070736 -1.232708 -1.290867
-0.130672 -1.234143 -1.236612
-0.331141 -1.234217 -1.175923
-0.535970 -1.235029 -1.105229
0.187465 -1.229215 -1.481712
-0.000675 -1.232084 -1.455234
-0.182401 -1.233284 -1.409325
-0.361728 -1.233184 -1.353768
-0.537913 -1.236331 -1.277042
0.464605 -1.232403 -0.712901
0.259693 -1.233446 -0.643195
0.060726 -1.234040 -0.581761
-0.140169 -1.234225 -0.526174
-0.350171 -1.232923 -0.476605
-0.396260 -1.228328 -1.553035
-0.691398 -1.232306 -0.162931
-0.614534 -1.119353 -0.235573
-0.749876 -1.308893 -0.058617
-0.820608 -1.405978 0.021611
-0.905082 -1.515709 0.072037
-1.374688 -1.519042 -1.021182
-1.027301 -1.228754 -0.951170
-0.916043 -1.176540 -0.959312
-1.187144 -1.308846 -0.956912
-1.314050 -1.450937 -0.956967
-1.393502 -1.519042 -0.928516
-0.854814 -1.223121 -0.928201
-0.825688 -1.239795 -0.968133
-0.336442 -1.168969 -1.650011
-0.417049 -1.182005 -1.608585
-0.544104 -1.153661 -1.798596
-0.472211 -1.106236 -1.661165
-0.593258 -1.275791 -1.912405
-0.660903 -1.422155 -2.021758
-0.704889 -1.519042 -2.139864
1.074457 -1.519042 -1.578236
0.944833 -1.519039 -0.894289
0.861808 -1.519042 -1.176862
1.102213 -1.519032 -0.975492
1.030539 -1.519042 -1.232227
0.764380 -1.519041 -0.789196
0.664790 -1.519042 -1.116495
0.543911 -1.519041 -0.680412
0.438797 -1.519042 -1.049093
0.296609 -1.519031 -0.584881
0.192384 -1.519042 -0.973079
-0.073860 -1.519042 -0.891340
0.031085 -1.519039 -0.492001
-0.359965 -1.519042 -0.804361
-0.267338 -1.519042 -0.397194
-0.673807 -1.519042 -0.714535
-0.628653 -1.519042 -0.265972
-0.873083 -1.519042 -0.405145
-0.988354 -1.519042 -0.668941
1.041395 -1.519039 -0.628348
1.153193 -1.519026 -0.768777
0.900048 -1.519041 -0.464957
0.653008 -1.519034 -0.297277
0.408729 -1.518831 -0.193697
0.162051 -1.519017 -0.093098
-0.118907 -1.519041 -0.022342
-0.418095 -1.519042 0.101005
1.092764 -1.519042 -0.146712
0.754696 -1.517182 0.134107
-0.840628 -1.519042 -1.755821
-0.613676 -1.519042 -1.913423
-1.004584 -1.519042 -0.277340
-1.090339 -1.519042 -0.501567
1.182876 -1.519042 -1.267191
1.317086 -1.519042 -1.044360
0.999964 -1.403301 -0.202277
0.891826 -1.289134 -0.264935
0.792818 -1.189239 -0.326159
-1.285808 -1.520057 -1.495173
-1.269658 -1.481296 -1.492531
-1.279450 -1.519042 -1.542020
-1.250287 -1.456282 -1.516530
-1.169662 -1.454902 -1.455849
-1.196756 -1.472158 -1.430577
-1.248871 -1.507640 -1.447339
-1.212659 -1.508508 -1.476829
-1.157499 -1.477543 -1.498532
-1.170039 -1.509512 -1.535486
-1.230120 -1.482795 -1.543523
-1.231561 -1.519042 -1.561378
-1.206640 -1.457584 -1.637593
-1.170483 -1.388637 -1.638933
-1.184103 -1.467142 -1.699324
-1.131561 -1.354521 -1.681650
-1.026141 -1.444818 -1.512195
-1.137257 -1.407555 -1.585457
-1.177955 -1.513065 -1.545190
-1.228952 -1.517256 -1.610700
-0.894155 -1.417005 -1.522720
-1.078440 -1.343770 -1.647226
-0.905497 -1.484088 -1.643017
-1.003524 -1.509473 -1.717079
-1.070793 -1.407246 -1.720563
-1.133270 -1.521957 -1.760821
-1.061172 -1.510263 -1.626385
-1.202297 -1.516677 -1.704602
-1.157566 -1.452697 -1.746795
-1.123590 -1.374364 -1.715969
0.012318 -1.215959 -1.838887
-0.041235 -1.199070 -1.828140
0.013300 -1.143530 -1.784745
0.001980 -1.226226 -1.688414
-0.026054 -1.157071 -1.713242
-0.030951 -1.243793 -1.700225
-0.076895 -1.194367 -1.773713
0.062568 -1.232073 -1.676280
0.029324 -1.134828 -1.700225
0.097732 -1.193537 -1.702721
0.118667 -1.217055 -1.754275
0.086678 -1.149747 -1.735524
0.093220 -1.222461 -1.833342
0.032670 -1.251254 -1.777365
0.020178 -1.263076 -1.844165
0.067532 -1.153641 -1.787966
0.078296 -1.179469 -1.824211
0.790733 -1.475313 -2.014667
0.756254 -1.381926 -1.993708
0.853264 -1.468576 -1.979803
0.751266 -1.340951 -1.950405
0.662432 -1.433889 -1.956374
0.728184 -1.398234 -2.003316
0.655228 -1.505435 -1.977169
0.753612 -1.512181 -2.026402
0.642089 -1.365699 -1.870203
0.706074 -1.339711 -1.921849
0.756795 -1.399701 -1.800049
0.834609 -1.489820 -1.801875
0.800135 -1.372652 -1.867439
0.872564 -1.453775 -1.878207
0.814807 -1.516056 -1.904154
0.861419 -1.500267 -1.977479
0.859346 -1.439181 -1.926716
0.800345 -1.367153 -1.918025
-0.438495 -1.270728 -1.966459
-0.423288 -1.202204 -1.908857
-0.409629 -1.279398 -2.030092
-0.348115 -1.162588 -1.919764
-0.299915 -1.269571 -1.778375
-0.400556 -1.238475 -1.824324
-0.466377 -1.390353 -1.869831
-0.405754 -1.384171 -1.993172
-0.298208 -1.388517 -1.995815
-0.336249 -1.279567 -2.032961
-0.249528 -1.297770 -1.887024
-0.304641 -1.206937 -1.982647
