0.871734 1.284456 0.839533
0.851485 1.296062 0.848017
0.862926 1.275682 0.857808
0.884135 1.264697 0.847249
0.872604 1.257149 0.866790
0.896278 1.244686 0.854761
0.843703 1.284597 0.867546
0.830894 1.307423 0.856153
0.852229 1.264814 0.879185
0.882089 1.238381 0.875580
0.908188 1.224429 0.862062
0.860556 1.244774 0.890573
0.824372 1.293306 0.877289
0.810075 1.318601 0.864162
0.831692 1.272351 0.891443
0.838807 1.251014 0.905368
0.891377 1.219373 0.884189
0.919857 1.203960 0.869106
0.868680 1.224487 0.901720
0.845677 1.229367 0.918981
0.804609 1.301816 0.886619
0.788920 1.329451 0.871860
0.810765 1.279594 0.903352
0.816698 1.256961 0.919827
0.822374 1.233994 0.935919
0.794295 1.262615 0.933897
0.789682 1.286655 0.915028
0.784762 1.310220 0.895865
0.760499 1.342424 0.883043
0.852223 1.207602 0.932241
0.876509 1.204095 0.912556
0.900424 1.200295 0.892505
0.933363 1.176096 0.880091
0.765371 1.272791 0.948476
0.761141 1.297669 0.928353
0.756521 1.322091 0.907822
0.731616 1.354916 0.893855
0.798633 1.238235 0.952400
0.769289 1.247548 0.968101
0.827594 1.210828 0.951524
0.888071 1.176184 0.925557
0.912778 1.172613 0.904372
0.946370 1.147863 0.890597
0.862926 1.179451 0.946310
0.837391 1.182401 0.966619
0.732132 1.308308 0.941288
0.727921 1.333469 0.919299
0.702380 1.367021 0.904204
0.735894 1.282579 0.962599
0.739332 1.256422 0.983454
0.802791 1.213555 0.970405
0.811671 1.185028 0.986328
0.772876 1.221913 0.987318
0.781258 1.192823 1.004555
0.742428 1.229877 1.003835
0.750318 1.200101 1.022080
0.708944 1.264890 0.998286
0.706040 1.291939 0.976285
0.702638 1.318448 0.953618
0.698912 1.344483 0.930435
0.672783 1.378581 0.914062
0.899152 1.147880 0.938061
0.924645 1.144496 0.915772
0.873192 1.150918 0.959899
0.846799 1.153628 0.981240
0.820100 1.155927 1.001981
0.855714 1.124426 0.995310
0.882995 1.122010 0.972985
0.909808 1.119236 0.950102
0.789244 1.163070 1.021186
0.757841 1.169780 1.039798
0.959005 1.119136 0.900694
0.936117 1.116104 0.926715
0.971095 1.090193 0.910282
0.718933 1.206981 1.039030
0.725947 1.176002 1.057719
0.711511 1.237378 1.019789
0.678201 1.272902 1.012589
0.675723 1.300813 0.989418
0.672813 1.328184 0.965539
0.828062 1.126503 1.017005
0.796767 1.132995 1.037248
0.764915 1.138960 1.056831
0.732492 1.144549 1.075718
0.864186 1.094879 1.008959
0.892373 1.092756 0.985626
0.920031 1.090223 0.961675
0.947132 1.087319 0.937167
0.983892 1.056570 0.921213
0.687195 1.213362 1.055409
0.680205 1.244445 1.035160
0.693620 1.181762 1.074944
0.699638 1.149669 1.093843
0.641057 1.310895 1.003097
0.643259 1.282339 1.027042
0.645197 1.253325 1.050189
0.651628 1.221678 1.071314
0.657724 1.189474 1.091743
0.663412 1.156725 1.111416
0.771448 1.107817 1.073174
0.738546 1.112761 1.092961
0.705458 1.117195 1.111800
0.668608 1.123623 1.130225
0.874283 1.060840 1.022884
0.903088 1.058886 0.998844
0.931353 1.056564 0.974155
0.959011 1.053861 0.948878
0.996012 1.022401 0.931641
0.607842 1.291288 1.040776
0.609498 1.261641 1.064546
0.615582 1.229432 1.086559
0.621252 1.196617 1.107786
0.626496 1.163258 1.128203
0.631271 1.129529 1.147786
0.746478 1.076980 1.110042
0.712711 1.080962 1.129667
0.675543 1.087073 1.148668
0.637799 1.092674 1.166793
0.864186 1.094879 1.008959
0.844993 1.062364 1.046265
0.883787 1.026307 1.036228
0.913222 1.024577 1.011449
0.942074 1.022472 0.985980
0.970291 1.019991 0.959870
1.007453 0.987969 0.941486
0.605743 1.320372 1.016225
0.571966 1.299587 1.053807
0.579042 1.236598 1.101019
0.573369 1.269418 1.078226
0.584282 1.203215 1.122996
0.589089 1.169263 1.144181
0.593464 1.134755 1.164538
0.599523 1.097718 1.183935
0.681921 1.050001 1.166217
0.643769 1.055250 1.184829
0.605089 1.059995 1.202438
0.853789 1.027674 1.060293
0.892679 0.991358 1.048893
0.922761 0.989845 1.023424
0.952220 0.987969 0.997200
0.980994 0.985693 0.970291
1.018181 0.953055 0.950732
0.570122 1.329257 1.028620
0.535718 1.307335 1.066160
0.542095 1.243196 1.114674
0.536841 1.276550 1.091101
0.546929 1.209262 1.137383
0.551278 1.174683 1.159294
0.555344 1.139552 1.180167
0.560940 1.102245 1.200044
0.565960 1.064223 1.219057
0.862050 0.992467 1.073594
0.900892 0.956087 1.060821
0.931611 0.954808 1.034644
0.961681 0.953160 1.007687
0.991032 0.951137 0.980010
1.029148 0.913872 0.960481
0.534083 1.337539 1.040308
0.495442 1.315616 1.078334
0.505967 1.216458 1.151134
0.510122 1.181539 1.173435
0.513889 1.146033 1.194722
0.518947 1.108369 1.215223
0.523610 1.069995 1.234734
0.501501 1.250750 1.127903
0.496633 1.284338 1.103760
0.910042 0.916481 1.072646
0.941180 0.915367 1.045983
0.971641 0.913901 1.018505
1.001351 0.912083 0.990282
1.039299 0.874119 0.969523
0.468356 1.187750 1.186628
0.471758 1.151898 1.208335
0.464520 1.222992 1.163890
0.460348 1.257559 1.140185
0.476447 1.113876 1.229340
0.480715 1.075162 1.249272
0.493923 1.346313 1.052139
0.454750 1.323211 1.089685
0.455830 1.291394 1.115622
0.878261 0.917220 1.098469
0.918453 0.876354 1.083619
0.949988 0.875451 1.056489
0.980820 0.874225 1.028512
1.010873 0.872659 0.999749
1.048503 0.834133 0.977833
0.429203 1.157094 1.220845
0.433509 1.118749 1.242264
0.437376 1.079736 1.262615
0.426144 1.193292 1.198772
0.422679 1.228868 1.175655
0.418782 1.263712 1.151530
0.453340 1.354342 1.062932
0.413638 1.330055 1.100131
0.414586 1.297775 1.126505
0.886115 0.876987 1.109946
0.926001 0.835927 1.093747
0.957980 0.835200 1.066154
0.989226 0.834162 1.037668
1.019656 0.832813 1.008365
1.056855 0.793741 0.985368
0.390180 1.123042 1.254053
0.386526 1.161639 1.232172
0.383617 1.198119 1.209793
0.380457 1.233971 1.186365
0.377021 1.269184 1.161868
0.393581 1.083701 1.274818
0.412370 1.361696 1.072898
0.372207 1.336172 1.109664
0.373027 1.303470 1.136483
0.893321 0.836326 1.120440
0.932769 0.795084 1.102963
0.965173 0.794556 1.074932
0.996822 0.793724 1.045989
1.027588 0.792791 1.016165
1.067162 0.736113 0.994578
0.343211 1.127752 1.265021
0.346223 1.088176 1.286134
0.339916 1.166642 1.242744
0.337464 1.203368 1.219957
0.334740 1.239519 1.196066
0.331756 1.274931 1.171167
0.328533 1.309557 1.145296
0.899764 0.795243 1.129979
0.941504 0.737321 1.113804
0.974239 0.736846 1.085449
1.006187 0.736125 1.056141
1.037272 0.735151 1.025968
1.075736 0.677634 1.002311
0.298457 1.091970 1.296111
0.295855 1.131752 1.274704
0.292922 1.170912 1.252073
0.290947 1.207872 1.228938
0.288662 1.244299 1.204640
0.286139 1.279916 1.179351
0.907822 0.737509 1.141355
0.948698 0.678696 1.122960
0.981750 0.678291 1.094293
1.013993 0.677687 1.064654
1.045341 0.676878 1.034116
1.082389 0.618962 1.008443
0.250410 1.095032 1.304709
0.248197 1.135200 1.282954
0.245660 1.174413 1.260143
0.244176 1.211620 1.236696
0.242326 1.248304 1.212055
0.914518 0.678924 1.150906
0.954176 0.619836 1.130261
0.987546 0.619460 1.101307
1.020094 0.618927 1.071356
0.991668 0.560331 1.106556
1.051725 0.618223 1.040488
1.024534 0.559914 1.076270
1.087147 0.559914 1.013057
1.056465 0.559386 1.045041
1.089859 0.512274 1.015349
0.201838 1.097354 1.311800
0.200112 1.137623 1.289913
0.198251 1.177140 1.266803
0.196969 1.214646 1.243206
0.919725 0.619953 1.158430
0.957955 0.560636 1.135817
1.026898 0.512356 1.078916
1.058859 0.512004 1.047621
1.091311 0.464692 1.016657
0.993990 0.512632 1.109262
0.960235 0.512843 1.138577
0.151670 1.099694 1.317224
0.150355 1.140150 1.295121
0.148880 1.179721 1.271854
1.028182 0.464680 1.080398
1.060208 0.464452 1.049031
0.995214 0.464886 1.110816
0.961381 0.465056 1.140197
0.994398 0.369312 1.110438
1.059633 0.369394 1.048419
0.925749 0.369406 1.168257
0.925473 0.513072 1.166979
0.926517 0.465167 1.168689
0.890267 0.465654 1.196510
0.852145 0.369317 1.222963
0.923523 0.560806 1.163950
0.889277 0.513811 1.194728
0.887351 0.561844 1.191632
0.853153 0.466106 1.223239
0.852223 0.514473 1.221391
0.815270 0.466528 1.248785
0.775558 0.369411 1.272910
0.101370 1.101290 1.321184
0.100462 1.141904 1.298919
0.883847 0.621443 1.185771
0.914518 0.678924 1.150906
0.850321 0.562765 1.218229
0.814406 0.515060 1.246878
0.776458 0.466892 1.273270
0.878909 0.680801 1.177917
0.907822 0.737509 1.141355
0.847129 0.622756 1.212049
0.812535 0.563574 1.243668
0.775690 0.515652 1.271284
0.735672 0.467525 1.297239
0.693020 0.369312 1.319660
0.872454 0.739825 1.167975
0.899764 0.795243 1.129979
0.842467 0.682438 1.203878
0.809667 0.623900 1.237200
0.774172 0.564243 1.267829
0.734952 0.516608 1.295199
0.694112 0.468123 1.319936
0.864624 0.797982 1.156162
0.893321 0.836326 1.120440
0.836281 0.741872 1.193588
0.805305 0.683869 1.228728
0.771221 0.624803 1.261379
0.733446 0.565586 1.291677
0.693440 0.517488 1.317836
0.651886 0.468686 1.341277
0.607902 0.369411 1.360980
0.858558 0.839276 1.146190
0.886115 0.876987 1.109946
0.828704 0.800398 1.181367
0.799401 0.743661 1.218121
0.767063 0.685130 1.252679
0.730788 0.626704 1.284922
0.691940 0.566800 1.314260
0.651274 0.518291 1.339129
0.608796 0.469185 1.361364
0.851755 0.880201 1.135229
0.878261 0.917220 1.098469
0.823028 0.841915 1.170981
0.792100 0.802509 1.205540
0.761651 0.745157 1.241694
0.726889 0.687534 1.275898
0.689595 0.628416 1.307229
0.649780 0.567844 1.335499
0.608262 0.519089 1.359162
0.563210 0.469818 1.380845
0.515932 0.369294 1.398466
0.844243 0.920698 1.123266
0.816638 0.883093 1.159570
0.786838 0.844208 1.194764
0.755027 0.804239 1.228549
0.721735 0.748101 1.264565
0.685977 0.689687 1.297899
0.647753 0.629941 1.328228
0.607147 0.568788 1.355304
0.562717 0.520039 1.378595
0.516961 0.470410 1.398820
0.809517 0.923807 1.147186
0.780868 0.885609 1.182933
0.750048 0.846173 1.217497
0.715333 0.807706 1.250993
0.681069 0.750728 1.286230
0.644435 0.691593 1.318622
0.604975 0.631202 1.348063
0.561585 0.570154 1.374665
0.516512 0.520901 1.396528
0.470189 0.470962 1.415241
0.421838 0.369388 1.429725
0.869682 0.957049 1.086055
0.900892 0.956087 1.060821
0.862050 0.992467 1.073594
0.836023 0.960755 1.110348
0.744432 0.887702 1.205360
0.710696 0.850032 1.239516
0.674925 0.810832 1.272292
0.639785 0.753062 1.306641
0.601801 0.693317 1.338265
0.559725 0.633114 1.367196
0.515367 0.571357 1.392538
0.469775 0.521886 1.412896
0.422561 0.471443 1.430205
0.774148 0.926493 1.170159
0.801687 0.964063 1.133795
0.828848 0.996730 1.097125
0.853789 1.027674 1.060293
0.670659 0.853504 1.260431
0.633911 0.813611 1.292379
0.597648 0.755103 1.325912
0.556831 0.695716 1.357116
0.513821 0.634820 1.384865
0.468628 0.572401 1.408864
0.422217 0.522479 1.427817
0.371811 0.471906 1.444292
0.319785 0.369265 1.455955
0.705434 0.891972 1.226917
0.738258 0.928804 1.192112
0.766751 0.966972 1.156336
0.795003 1.000578 1.119864
0.821090 1.032442 1.083097
0.844993 1.062364 1.046265
0.630029 0.856607 1.280164
0.592521 0.815940 1.311170
0.665758 0.895837 1.247400
0.699572 0.933449 1.213201
0.731478 0.969300 1.177863
0.552920 0.758059 1.344427
0.511226 0.697845 1.374533
0.467400 0.636269 1.401016
0.421472 0.573316 1.423605
0.371497 0.523306 1.441856
0.320585 0.472328 1.456459
0.760577 1.004015 1.141757
0.725743 1.007023 1.162702
0.693122 0.974332 1.198436
0.660238 0.937654 1.233252
0.625500 0.899297 1.266749
0.588822 0.859346 1.298715
0.548033 0.819424 1.329296
0.507570 0.760675 1.361550
0.465120 0.699692 1.390469
0.420043 0.637465 1.415775
0.370741 0.574365 1.437620
0.320321 0.523998 1.453987
0.268266 0.472698 1.466917
0.216053 0.369370 1.474830
0.787732 1.036799 1.105098
0.753833 1.040735 1.126295
0.687795 1.012396 1.182813
0.654130 0.978895 1.218013
0.719449 1.044248 1.146640
0.620346 0.941431 1.252205
0.584625 0.902300 1.285000
0.544692 0.863152 1.316504
0.502935 0.822503 1.346065
0.461726 0.762945 1.377221
0.417863 0.701363 1.405096
0.369619 0.638973 1.429599
0.319540 0.575216 1.449728
0.268070 0.524526 1.464415
0.216459 0.472979 1.475412
0.821090 1.032442 1.083097
0.812739 1.067678 1.068260
0.844993 1.062364 1.046265
0.779890 1.072569 1.089559
0.746478 1.076980 1.110042
0.712711 1.080962 1.129667
0.681921 1.050001 1.166217
0.649210 1.017305 1.201910
0.643769 1.055250 1.184829
0.771448 1.107817 1.073174
0.803853 1.102445 1.052673
0.796767 1.132995 1.037248
0.828062 1.126503 1.017005
0.835693 1.096645 1.031500
0.864186 1.094879 1.008959
0.415002 0.764898 1.391555
0.367762 0.703199 1.418751
0.318739 0.640204 1.441592
0.267697 0.575890 1.460053
0.216298 0.524813 1.472893
0.614586 0.983007 1.236540
0.654130 0.978895 1.218013
0.610098 1.021732 1.219993
0.605089 1.059995 1.202438
0.365173 0.767179 1.404964
0.317209 0.705129 1.430517
0.266668 0.641155 1.451906
0.215921 0.576424 1.468507
0.579940 0.944774 1.270036
0.620346 0.941431 1.252205
0.584625 0.902300 1.285000
0.574785 0.986619 1.253891
0.570587 1.025674 1.237002
0.565960 1.064223 1.219057
0.461726 0.762945 1.377221
0.457351 0.825177 1.361436
0.502935 0.822503 1.346065
0.411435 0.827411 1.375355
0.314915 0.769068 1.416657
0.361883 0.830127 1.388471
0.265236 0.706354 1.440728
0.215211 0.641800 1.460275
0.162751 0.473208 1.482276
0.216459 0.472979 1.475412
0.216053 0.369370 1.474830
0.108442 0.369259 1.486626
0.162616 0.525288 1.479732
0.108883 0.473390 1.487226
0.162229 0.576969 1.475328
0.108774 0.525628 1.484658
0.540837 0.906523 1.302405
0.544692 0.863152 1.316504
0.499965 0.866560 1.332961
0.454769 0.869521 1.348057
0.496455 0.910312 1.318514
0.536489 0.949348 1.287058
0.531660 0.991587 1.270486
0.492460 0.953448 1.302807
0.451607 0.913619 1.333297
0.408951 0.872120 1.361796
0.311908 0.832373 1.399942
0.263485 0.770540 1.426677
0.359777 0.875093 1.374671
0.406141 0.916423 1.346809
0.447984 0.957037 1.317272
0.487959 0.996039 1.285840
0.570587 1.025674 1.237002
0.527858 1.031052 1.253177
0.565960 1.064223 1.219057
0.523610 1.069995 1.234734
0.484566 1.035826 1.268129
0.480715 1.075162 1.249272
0.443813 0.999956 1.299945
0.440844 1.040054 1.281874
0.437376 1.079736 1.262615
0.402939 0.960181 1.330454
0.399440 1.003305 1.312754
0.396647 1.043761 1.294407
0.393581 1.083701 1.274818
0.357309 0.919742 1.359396
0.354478 0.963752 1.342765
0.351311 1.007199 1.324742
0.348922 1.047907 1.306083
0.346223 1.088176 1.286134
0.310154 0.877562 1.385981
0.308033 0.922522 1.370460
0.305589 0.966738 1.353594
0.302757 1.010460 1.335295
0.300788 1.051409 1.316372
0.298457 1.091970 1.296111
0.261348 0.834115 1.409662
0.259715 0.879491 1.395592
0.257943 0.924710 1.379921
0.255927 0.969312 1.362780
0.253798 1.013047 1.344295
0.251970 1.054423 1.325168
0.250410 1.095032 1.304709
0.212655 0.771630 1.434812
0.263485 0.770540 1.426677
0.210826 0.835352 1.417683
0.209589 0.881028 1.403440
0.208178 0.926270 1.387649
0.206562 0.970966 1.370369
0.204783 1.014988 1.351662
0.203387 1.056429 1.332403
0.201838 1.097354 1.311800
0.159907 0.772833 1.441316
0.158382 0.836813 1.424049
0.157531 0.882717 1.409626
0.156472 0.928041 1.393714
0.155238 0.972954 1.376255
0.153815 1.017047 1.357422
0.152831 1.058699 1.337965
0.151670 1.099694 1.317224
0.214110 0.707111 1.449008
0.161060 0.708214 1.455613
0.105786 0.837751 1.428657
0.105322 0.883855 1.414107
0.104622 0.929214 1.398130
0.103769 0.974303 1.380539
0.102708 1.018425 1.361622
0.102134 1.060253 1.342021
0.101370 1.101290 1.321184
0.107008 0.773601 1.446026
0.107854 0.708958 1.460383
0.052751 0.838220 1.431513
0.053057 0.774029 1.448966
0.053361 0.709234 1.463401
0.052345 0.884348 1.416951
0.051995 0.929818 1.400908
0.051597 0.974931 1.383269
0.051239 1.019158 1.364256
0.050814 1.061015 1.344619
0.161835 0.642621 1.467007
0.108301 0.643172 1.471861
0.053701 0.643407 1.474890
0.000000 0.838197 1.432593
0.000000 0.884236 1.418061
0.000000 0.929836 1.401964
0.000000 0.974872 1.384361
0.000000 1.019228 1.365288
0.000000 1.061027 1.345681
0.000000 0.774064 1.450022
0.000000 0.709111 1.464493
0.108378 0.577321 1.480248
0.054021 0.577515 1.483266
-0.052345 0.884348 1.416957
-0.051995 0.929818 1.400908
-0.051597 0.974931 1.383269
-0.051239 1.019158 1.364256
-0.052751 0.838220 1.431513
-0.053057 0.774029 1.448966
-0.053361 0.709234 1.463401
0.215211 0.641800 1.460275
0.214110 0.707111 1.449008
0.162229 0.576969 1.475328
0.108774 0.525628 1.484658
0.054005 0.525722 1.487718
0.108883 0.473390 1.487226
0.000000 0.577532 1.484346
0.000000 0.643354 1.475976
-0.053701 0.643407 1.474890
0.265236 0.706354 1.440728
0.263485 0.770540 1.426677
0.314915 0.769068 1.416657
-0.103769 0.974303 1.380539
-0.102708 1.018425 1.361622
-0.104622 0.929214 1.398130
-0.105322 0.883855 1.414107
-0.105786 0.837751 1.428657
-0.107008 0.773601 1.446026
-0.107854 0.708958 1.460383
0.054042 0.473483 1.490286
0.108442 0.369259 1.486626
0.000000 0.369353 1.490742
0.000000 0.525640 1.488798
0.000000 0.473525 1.491360
-0.054042 0.473483 1.490286
-0.054005 0.525722 1.487718
-0.054021 0.577515 1.483266
-0.108301 0.643172 1.471861
-0.108378 0.577321 1.480248
-0.108442 0.369259 1.486626
-0.108883 0.473390 1.487226
-0.108774 0.525628 1.484658
-0.153815 1.017047 1.357422
-0.155238 0.972954 1.376255
-0.156472 0.928041 1.393714
-0.157531 0.882717 1.409626
-0.158382 0.836813 1.424049
-0.159907 0.772833 1.441316
-0.161060 0.708214 1.455613
-0.161835 0.642621 1.467007
-0.162229 0.576969 1.475328
-0.162616 0.525288 1.479732
-0.162751 0.473208 1.482276
-0.216053 0.369370 1.474830
-0.204784 1.014988 1.351668
-0.206562 0.970966 1.370369
-0.208178 0.926270 1.387649
-0.209589 0.881028 1.403440
-0.210826 0.835352 1.417683
-0.212655 0.771630 1.434812
-0.214110 0.707111 1.449008
-0.215211 0.641800 1.460275
-0.215921 0.576424 1.468507
-0.216298 0.524813 1.472893
-0.216459 0.472979 1.475412
-0.253798 1.013047 1.344295
-0.255927 0.969312 1.362780
-0.257943 0.924710 1.379921
-0.259715 0.879491 1.395598
-0.261348 0.834115 1.409662
-0.263486 0.770540 1.426677
-0.265236 0.706354 1.440728
-0.266668 0.641155 1.451906
-0.267697 0.575890 1.460053
-0.268070 0.524526 1.464415
-0.268266 0.472698 1.466917
-0.319785 0.369265 1.455955
-0.302757 1.010460 1.335295
-0.305589 0.966738 1.353594
-0.308033 0.922522 1.370460
-0.310154 0.877562 1.385981
-0.311908 0.832373 1.399942
-0.314915 0.769068 1.416657
-0.317209 0.705129 1.430517
-0.318740 0.640204 1.441592
-0.319540 0.575216 1.449728
-0.320321 0.523998 1.453987
-0.320585 0.472328 1.456459
-0.351311 1.007199 1.324742
-0.354478 0.963752 1.342765
-0.357309 0.919742 1.359396
-0.359777 0.875093 1.374671
-0.361883 0.830127 1.388471
-0.365173 0.767179 1.404964
-0.367762 0.703199 1.418751
-0.369619 0.638973 1.429599
-0.370741 0.574365 1.437620
-0.371497 0.523306 1.441856
-0.371811 0.471906 1.444298
-0.421838 0.369388 1.429725
-0.399440 1.003305 1.312754
-0.402939 0.960181 1.330454
-0.406141 0.916423 1.346809
-0.408951 0.872125 1.361796
-0.411435 0.827411 1.375355
-0.415002 0.764898 1.391555
-0.417863 0.701363 1.405096
-0.420043 0.637465 1.415775
-0.421472 0.573316 1.423605
-0.422218 0.522479 1.427817
-0.422561 0.471443 1.430205
-0.443813 0.999956 1.299945
-0.447984 0.957037 1.317272
-0.451607 0.913619 1.333297
-0.454770 0.869521 1.348057
-0.457351 0.825177 1.361436
-0.461726 0.762945 1.377221
-0.465120 0.699692 1.390469
-0.467400 0.636269 1.401016
-0.468628 0.572401 1.408864
-0.469775 0.521886 1.412896
-0.470189 0.470962 1.415241
-0.515933 0.369294 1.398466
-0.487959 0.996039 1.285840
-0.492460 0.953448 1.302807
-0.496455 0.910312 1.318514
-0.499965 0.866560 1.332961
-0.502935 0.822503 1.346065
-0.507570 0.760675 1.361550
-0.511226 0.697845 1.374533
-0.513822 0.634820 1.384865
-0.515367 0.571357 1.392538
-0.516512 0.520901 1.396528
-0.516961 0.470410 1.398820
-0.531660 0.991587 1.270486
-0.536489 0.949348 1.287058
-0.540837 0.906523 1.302405
-0.544692 0.863152 1.316504
-0.548033 0.819424 1.329296
-0.552921 0.758059 1.344427
-0.556831 0.695716 1.357116
-0.559725 0.633114 1.367196
-0.561585 0.570154 1.374665
-0.562718 0.520039 1.378595
-0.563211 0.469818 1.380845
-0.607902 0.369411 1.360980
-0.574785 0.986619 1.253891
-0.579940 0.944774 1.270036
-0.584625 0.902300 1.285000
-0.588822 0.859346 1.298715
-0.592521 0.815940 1.311170
-0.597648 0.755103 1.325912
-0.601801 0.693317 1.338265
-0.604975 0.631202 1.348063
-0.607147 0.568788 1.355304
-0.608262 0.519089 1.359162
-0.608796 0.469185 1.361370
-0.614586 0.983007 1.236540
-0.620346 0.941431 1.252205
-0.625500 0.899297 1.266749
-0.630029 0.856607 1.280164
-0.633911 0.813611 1.292379
-0.639785 0.753062 1.306641
-0.644435 0.691593 1.318622
-0.647753 0.629941 1.328228
-0.649780 0.567844 1.335499
-0.651274 0.518291 1.339129
-0.651886 0.468686 1.341277
-0.693020 0.369312 1.319660
-0.654130 0.978895 1.218013
-0.660238 0.937654 1.233252
-0.665758 0.895837 1.247400
-0.670659 0.853510 1.260431
-0.674925 0.810832 1.272292
-0.681069 0.750728 1.286230
-0.685977 0.689687 1.297899
-0.689595 0.628416 1.307229
-0.691940 0.566800 1.314260
-0.693446 0.517488 1.317836
-0.694112 0.468123 1.319936
-0.693122 0.974332 1.198436
-0.699572 0.933449 1.213201
-0.705434 0.891972 1.226917
-0.710696 0.850032 1.239516
-0.715333 0.807706 1.250993
-0.721735 0.748101 1.264565
-0.726889 0.687534 1.275898
-0.730788 0.626704 1.284928
-0.733446 0.565586 1.291677
-0.734952 0.516608 1.295199
-0.735672 0.467525 1.297245
-0.775558 0.369411 1.272910
-0.731478 0.969300 1.177863
-0.738258 0.928804 1.192112
-0.744432 0.887702 1.205360
-0.750048 0.846173 1.217497
-0.755027 0.804239 1.228549
-0.761651 0.745157 1.241694
-0.767063 0.685130 1.252679
-0.771221 0.624803 1.261379
-0.774172 0.564243 1.267829
-0.775690 0.515652 1.271284
-0.776458 0.466892 1.273270
-0.725743 1.007023 1.162702
-0.766751 0.966972 1.156336
-0.774148 0.926493 1.170159
-0.780868 0.885609 1.182933
-0.786838 0.844208 1.194764
-0.792100 0.802509 1.205540
-0.799401 0.743661 1.218127
-0.805305 0.683869 1.228728
-0.809667 0.623900 1.237200
-0.812535 0.563574 1.243668
-0.814406 0.515060 1.246878
-0.815270 0.466528 1.248785
-0.852145 0.369317 1.222963
-0.801687 0.964063 1.133795
-0.809517 0.923807 1.147186
-0.816638 0.883093 1.159570
-0.823028 0.841915 1.170981
-0.828704 0.800404 1.181367
-0.836281 0.741872 1.193588
-0.842473 0.682438 1.203878
-0.847129 0.622756 1.212049
-0.850321 0.562765 1.218229
-0.852223 0.514473 1.221391
-0.853153 0.466106 1.223239
-0.836023 0.960755 1.110348
-0.844243 0.920698 1.123266
-0.851755 0.880201 1.135229
-0.858558 0.839276 1.146190
-0.864624 0.797982 1.156162
-0.872454 0.739825 1.167975
-0.878909 0.680801 1.177917
-0.883847 0.621443 1.185771
-0.887357 0.561844 1.191632
-0.889277 0.513811 1.194728
-0.890267 0.465654 1.196510
-0.925749 0.369406 1.168257
-0.869682 0.957049 1.086061
-0.878261 0.917220 1.098469
-0.886115 0.876987 1.109946
-0.893321 0.836326 1.120440
-0.899764 0.795243 1.129979
-0.907822 0.737509 1.141361
-0.914518 0.678924 1.150906
-0.919725 0.619953 1.158430
-0.923523 0.560806 1.163950
-0.925473 0.513072 1.166979
-0.957955 0.560636 1.135817
-0.954176 0.619836 1.130261
-0.948698 0.678696 1.122960
-0.941504 0.737321 1.113804
-0.932769 0.795084 1.102968
-0.926001 0.835927 1.093753
-0.918453 0.876354 1.083619
-0.926517 0.465167 1.168689
-0.961387 0.465056 1.140197
-0.960235 0.512843 1.138577
-0.991668 0.560331 1.106556
-0.993990 0.512632 1.109262
-0.994398 0.369312 1.110438
-0.995214 0.464886 1.110816
-0.974239 0.736846 1.085449
-0.965173 0.794556 1.074932
-0.957980 0.835200 1.066154
-0.949988 0.875451 1.056495
-0.981750 0.678291 1.094299
-0.987546 0.619460 1.101307
-1.024540 0.559914 1.076270
-1.026898 0.512356 1.078916
-1.020094 0.618927 1.071356
-1.013993 0.677687 1.064654
-1.006187 0.736125 1.056141
-0.996822 0.793724 1.045989
-0.989226 0.834162 1.037668
-0.980820 0.874225 1.028512
-1.028188 0.464680 1.080398
-1.059633 0.369394 1.048419
-1.051731 0.618223 1.040488
-1.045347 0.676878 1.034116
-1.037272 0.735151 1.025974
-1.027588 0.792791 1.016165
-1.019656 0.832813 1.008371
-1.010873 0.872659 0.999749
-1.056465 0.559386 1.045041
-1.058859 0.512004 1.047621
-1.060208 0.464452 1.049031
-1.091311 0.464692 1.016657
-1.089859 0.512274 1.015349
-1.087147 0.559914 1.013057
-1.082389 0.618962 1.008443
-1.075736 0.677634 1.002311
-1.067162 0.736113 0.994578
-1.056855 0.793741 0.985368
-1.048503 0.834133 0.977833
-1.039299 0.874119 0.969523
-1.001351 0.912083 0.990282
-1.029148 0.913872 0.960481
-0.971641 0.913901 1.018505
-0.949988 0.875451 1.056495
-0.991032 0.951137 0.980010
-1.018181 0.953055 0.950732
-0.941180 0.915367 1.045983
-0.918453 0.876354 1.083619
-0.961681 0.953160 1.007687
-0.980994 0.985699 0.970291
-1.007459 0.987969 0.941486
-0.910042 0.916481 1.072646
-0.878261 0.917220 1.098469
-0.931611 0.954808 1.034644
-0.900892 0.956087 1.060821
-0.869682 0.957049 1.086061
-0.952220 0.987969 0.997200
-0.922761 0.989845 1.023424
-0.970291 1.019991 0.959870
-0.942074 1.022472 0.985980
-0.996012 1.022401 0.931641
-0.959011 1.053861 0.948878
-0.983892 1.056570 0.921213
-0.862050 0.992467 1.073594
-0.836023 0.960755 1.110348
-0.892679 0.991358 1.048893
-0.913222 1.024577 1.011449
-0.931353 1.056564 0.974155
-0.947132 1.087319 0.937167
-0.971095 1.090193 0.910282
-0.828854 0.996730 1.097125
-0.801687 0.964063 1.133795
-0.853789 1.027674 1.060293
-0.883787 1.026307 1.036228
-0.903088 1.058886 0.998844
-0.920031 1.090223 0.961675
-0.936117 1.116104 0.926715
-0.959005 1.119136 0.900694
-0.795003 1.000578 1.119864
-0.766751 0.966972 1.156336
-0.821090 1.032448 1.083097
-0.844993 1.062364 1.046265
-0.874283 1.060840 1.022884
-0.892373 1.092756 0.985626
-0.864186 1.094879 1.008959
-0.909808 1.119236 0.950102
-0.882995 1.122010 0.972985
-0.924645 1.144496 0.915772
-0.899152 1.147880 0.938061
-0.946370 1.147863 0.890597
-0.912778 1.172613 0.904372
-0.933363 1.176096 0.880091
-0.760577 1.004015 1.141757
-0.725743 1.007023 1.162702
-0.787732 1.036799 1.105098
-0.753833 1.040735 1.126295
-0.812739 1.067678 1.068266
-0.779890 1.072569 1.089559
-0.835693 1.096645 1.031500
-0.803853 1.102445 1.052673
-0.828062 1.126503 1.017005
-0.855714 1.124426 0.995310
-0.873192 1.150918 0.959899
-0.888071 1.176184 0.925557
-0.900430 1.200295 0.892505
-0.919857 1.203960 0.869106
-0.719449 1.044248 1.146640
-0.746478 1.076980 1.110048
-0.771448 1.107817 1.073174
-0.796767 1.132995 1.037248
-0.820100 1.155927 1.001981
-0.846799 1.153628 0.981240
-0.862926 1.179451 0.946310
-0.837397 1.182401 0.966619
-0.876509 1.204095 0.912556
-0.852223 1.207608 0.932241
-0.891377 1.219373 0.884189
-0.868680 1.224487 0.901720
-0.908188 1.224429 0.862062
-0.882089 1.238381 0.875580
-0.896278 1.244686 0.854761
-0.712711 1.080962 1.129667
-0.738546 1.112761 1.092961
-0.764915 1.138960 1.056831
-0.789244 1.163076 1.021186
-0.811677 1.185028 0.986328
-0.827594 1.210828 0.951524
-0.845677 1.229367 0.918981
-0.822374 1.233994 0.935925
-0.860556 1.244774 0.890573
-0.838807 1.251014 0.905368
-0.872604 1.257149 0.866790
-0.852229 1.264814 0.879185
-0.884135 1.264697 0.847249
-0.862926 1.275682 0.857808
-0.871734 1.284456 0.839533
-0.851485 1.296062 0.848017
-0.843703 1.284597 0.867546
-0.830894 1.307423 0.856153
-0.831692 1.272351 0.891443
-0.824372 1.293306 0.877289
-0.810075 1.318601 0.864162
-0.816698 1.256961 0.919827
-0.810765 1.279594 0.903352
-0.794295 1.262615 0.933903
-0.798633 1.238235 0.952400
-0.802791 1.213555 0.970405
-0.781258 1.192823 1.004555
-0.772876 1.221913 0.987318
-0.769289 1.247554 0.968101
-0.804609 1.301816 0.886619
-0.789682 1.286655 0.915028
-0.765371 1.272791 0.948476
-0.788920 1.329451 0.871860
-0.784762 1.310220 0.895865
-0.760499 1.342424 0.883043
-0.761141 1.297669 0.928353
-0.756521 1.322091 0.907822
-0.731616 1.354916 0.893855
-0.789244 1.163076 1.021186
-0.757841 1.169780 1.039798
-0.764915 1.138960 1.056831
-0.750318 1.200101 1.022080
-0.742428 1.229877 1.003835
-0.739332 1.256422 0.983454
-0.735894 1.282579 0.962599
-0.708944 1.264890 0.998286
-0.732132 1.308308 0.941288
-0.706040 1.291939 0.976285
-0.727921 1.333469 0.919299
-0.702638 1.318448 0.953618
-0.702380 1.367021 0.904204
-0.698912 1.344483 0.930435
-0.672783 1.378581 0.914062
-0.732492 1.144549 1.075718
-0.738546 1.112761 1.092961
-0.725947 1.176002 1.057719
-0.718933 1.206981 1.039030
-0.711511 1.237378 1.019789
-0.678201 1.272902 1.012589
-0.675723 1.300813 0.989418
-0.672813 1.328184 0.965539
-0.669519 1.355039 0.941090
-0.638231 1.390563 0.925671
-0.705458 1.117195 1.111800
-0.712711 1.080962 1.129667
-0.699638 1.149669 1.093843
-0.693620 1.181767 1.074944
-0.687195 1.213362 1.055409
-0.680205 1.244451 1.035160
-0.641057 1.310900 1.003097
-0.638339 1.338782 0.978505
-0.635261 1.366112 0.953372
-0.603289 1.401924 0.936687
-0.643259 1.282339 1.027042
-0.645197 1.253325 1.050189
-0.651628 1.221678 1.071314
-0.657724 1.189474 1.091743
-0.663412 1.156725 1.111416
-0.668608 1.123623 1.130231
-0.675543 1.087073 1.148668
-0.603271 1.348787 0.990936
-0.600469 1.376693 0.964993
-0.567810 1.412686 0.947168
-0.605743 1.320372 1.016225
-0.607842 1.291294 1.040776
-0.609498 1.261641 1.064546
-0.571966 1.299587 1.053807
-0.570122 1.329257 1.028620
-0.567875 1.358236 1.002629
-0.565297 1.386575 0.975985
-0.532037 1.422750 0.956912
-0.615582 1.229432 1.086559
-0.621252 1.196617 1.107786
-0.626496 1.163258 1.128203
-0.631271 1.129529 1.147786
-0.637799 1.092674 1.166793
-0.535718 1.307335 1.066160
-0.534083 1.337539 1.040308
-0.532092 1.367015 1.013675
-0.529730 1.395900 0.986370
-0.492045 1.433089 0.967129
-0.573369 1.269418 1.078226
-0.579042 1.236598 1.101019
-0.584282 1.203215 1.122996
-0.589089 1.169263 1.144181
-0.593464 1.134755 1.164538
-0.599523 1.097718 1.183935
-0.493923 1.346313 1.052139
-0.492129 1.376347 1.024828
-0.489832 1.405548 0.996966
-0.451373 1.442549 0.976543
-0.495442 1.315616 1.078334
-0.536841 1.276550 1.091101
-0.542095 1.243196 1.114674
-0.546929 1.209262 1.137383
-0.551278 1.174683 1.159294
-0.555344 1.139552 1.180167
-0.560941 1.102245 1.200044
-0.451571 1.384839 1.035286
-0.449511 1.414468 1.006841
-0.410536 1.451159 0.985146
-0.453340 1.354342 1.062932
-0.454750 1.323211 1.089685
-0.496633 1.284338 1.103760
-0.501501 1.250750 1.127903
-0.505967 1.216458 1.151134
-0.510122 1.181539 1.173435
-0.513889 1.146033 1.194722
-0.518947 1.108369 1.215223
-0.410760 1.392563 1.044801
-0.408796 1.422609 1.015829
-0.412370 1.361696 1.072898
-0.413638 1.330055 1.100131
-0.455830 1.291394 1.115622
-0.460349 1.257559 1.140185
-0.464520 1.222992 1.163890
-0.468356 1.187750 1.186628
-0.471758 1.151898 1.208335
-0.476447 1.113876 1.229340
-0.369333 1.458971 0.992964
-0.369581 1.399454 1.053447
-0.367824 1.429934 1.024096
-0.324926 1.466601 1.000332
-0.371074 1.368165 1.081988
-0.372207 1.336172 1.109664
-0.414586 1.297775 1.126505
-0.418782 1.263712 1.151530
-0.422679 1.228868 1.175655
-0.426144 1.193292 1.198772
-0.429203 1.157094 1.220845
-0.433510 1.118749 1.242264
-0.325265 1.406398 1.061295
-0.323730 1.437071 1.031512
-0.326568 1.374921 1.090225
-0.327673 1.342624 1.118298
-0.280147 1.473152 1.006613
-0.377021 1.269184 1.161868
-0.380457 1.233971 1.186365
-0.383617 1.198119 1.209793
-0.386526 1.161639 1.232172
-0.390180 1.123042 1.254053
-0.373027 1.303470 1.136483
-0.328533 1.309557 1.145296
-0.331756 1.274931 1.171167
-0.334740 1.239519 1.196066
-0.337464 1.203368 1.219957
-0.339916 1.166642 1.242744
-0.343211 1.127752 1.265021
-0.280588 1.412527 1.068236
-0.279200 1.443382 1.038076
-0.235105 1.478830 1.012055
-0.281772 1.380798 1.097515
-0.282692 1.348125 1.125785
-0.283349 1.314783 1.153042
-0.286139 1.279916 1.179351
-0.288662 1.244299 1.204640
-0.290947 1.207872 1.228938
-0.292922 1.170912 1.252073
-0.295855 1.131752 1.274704
-0.393581 1.083701 1.274818
-0.346223 1.088176 1.286134
-0.298458 1.091970 1.296111
-0.235643 1.417671 1.074128
-0.234389 1.448795 1.043751
-0.236633 1.385660 1.103605
-0.237426 1.352764 1.132199
-0.237922 1.319205 1.159732
-0.240282 1.284115 1.186424
-0.242326 1.248304 1.212055
-0.244176 1.211620 1.236696
-0.245660 1.174413 1.260143
-0.248197 1.135200 1.282954
-0.250410 1.095032 1.304709
-0.189918 1.483475 1.016513
-0.348922 1.047907 1.306083
-0.300788 1.051409 1.316372
-0.251970 1.054423 1.325168
-0.190465 1.421882 1.078946
-0.189596 1.453147 1.048281
-0.142650 1.487228 1.020095
-0.191256 1.389666 1.108746
-0.191893 1.356617 1.137563
-0.192445 1.322800 1.165348
-0.194066 1.287582 1.192364
-0.195615 1.251489 1.218349
-0.196969 1.214646 1.243206
-0.198251 1.177140 1.266803
-0.200112 1.137623 1.289913
-0.201838 1.097354 1.311800
-0.203387 1.056429 1.332403
-0.302757 1.010460 1.335295
-0.253798 1.013047 1.344295
-0.204784 1.014988 1.351668
-0.153815 1.017047 1.357422
-0.152831 1.058699 1.337971
-0.102708 1.018425 1.361622
-0.151670 1.099694 1.317224
-0.102134 1.060253 1.342021
-0.051239 1.019158 1.364256
-0.150355 1.140150 1.295121
-0.101370 1.101290 1.321184
-0.050814 1.061015 1.344619
0.000000 1.061027 1.345681
-0.148880 1.179721 1.271854
-0.100462 1.141904 1.298919
-0.050423 1.102163 1.323698
0.000000 1.102298 1.324694
0.050814 1.061015 1.344619
-0.148012 1.217408 1.248029
-0.099382 1.181509 1.275550
-0.049999 1.142807 1.301367
0.000000 1.142895 1.302387
0.050423 1.102163 1.323698
0.101370 1.101290 1.321184
0.100462 1.141904 1.298919
0.049999 1.142807 1.301367
0.000000 1.182729 1.278820
-0.049607 1.182512 1.277878
-0.098875 1.219350 1.251557
-0.146989 1.254351 1.223077
-0.195615 1.251489 1.218349
-0.194066 1.287582 1.192364
0.099382 1.181509 1.275550
0.148880 1.179721 1.271854
0.049607 1.182512 1.277878
0.000000 1.220575 1.254803
-0.049231 1.220399 1.253843
-0.098198 1.256333 1.226503
-0.145834 1.290631 1.196936
-0.192445 1.322800 1.165348
0.148012 1.217408 1.248029
0.196969 1.214646 1.243206
0.098875 1.219350 1.251557
0.049231 1.220394 1.253843
0.000000 1.257776 1.229556
-0.048889 1.257477 1.228680
-0.097403 1.292743 1.200182
-0.144540 1.325967 1.169817
-0.191893 1.356617 1.137563
0.195615 1.251489 1.218349
0.242326 1.248304 1.212055
0.146989 1.254351 1.223077
0.098198 1.256333 1.226503
0.048889 1.257477 1.228680
0.000000 1.294203 1.203170
-0.048512 1.293928 1.202276
-0.096453 1.328108 1.172937
-0.144204 1.359925 1.141943
-0.191256 1.389666 1.108746
0.240282 1.284115 1.186424
0.286139 1.279916 1.179351
0.194066 1.287582 1.192364
0.145834 1.290631 1.196936
0.097403 1.292743 1.200182
0.048512 1.293928 1.202276
0.000000 1.329774 1.175691
-0.048173 1.329381 1.174899
-0.096294 1.362289 1.144865
-0.143689 1.393132 1.112904
-0.190465 1.421882 1.078946
0.283349 1.314783 1.153042
0.328533 1.309557 1.145296
0.237922 1.319205 1.159732
0.192445 1.322800 1.165348
0.144540 1.325967 1.169817
0.096452 1.328108 1.172937
0.048173 1.329381 1.174899
0.000000 1.363989 1.147570
-0.047975 1.363614 1.146766
-0.095969 1.395542 1.115826
-0.143080 1.425418 1.082936
-0.189596 1.453147 1.048281
0.327673 1.342624 1.118298
0.372207 1.336172 1.109664
0.282692 1.348125 1.125785
0.237426 1.352764 1.132199
0.191893 1.356617 1.137563
0.144204 1.359925 1.141943
0.096294 1.362289 1.144865
0.047975 1.363614 1.146766
0.000000 1.397437 1.118346
-0.047822 1.396944 1.117650
-0.095568 1.427911 1.085785
-0.047620 1.429406 1.087489
-0.142366 1.456807 1.052025
-0.094993 1.459458 1.054725
-0.142650 1.487228 1.020095
-0.095262 1.490002 1.022728
-0.047487 1.491627 1.024210
-0.047470 1.461006 1.056303
0.000000 1.430010 1.088095
0.000000 1.461593 1.056915
0.000000 1.492324 1.024690
0.047487 1.491627 1.024210
0.047470 1.461006 1.056303
0.047620 1.429406 1.087489
0.094993 1.459458 1.054725
0.095262 1.490002 1.022728
0.047822 1.396944 1.117650
0.095568 1.427911 1.085785
0.095969 1.395542 1.115826
0.143689 1.393132 1.112904
0.143080 1.425418 1.082936
0.142366 1.456807 1.052025
0.142650 1.487228 1.020095
0.189596 1.453147 1.048281
0.189918 1.483475 1.016513
0.190465 1.421882 1.078946
0.234389 1.448795 1.043751
0.235105 1.478830 1.012055
0.144204 1.359925 1.141943
0.191256 1.389666 1.108746
0.235643 1.417671 1.074128
0.279200 1.443382 1.038076
0.280147 1.473152 1.006613
0.191893 1.356617 1.137563
0.236633 1.385660 1.103605
0.237426 1.352764 1.132199
0.280588 1.412527 1.068236
0.281772 1.380798 1.097515
0.282692 1.348125 1.125785
0.323730 1.437071 1.031512
0.325265 1.406398 1.061295
0.326568 1.374921 1.090225
0.327673 1.342624 1.118298
0.324926 1.466601 1.000332
0.367824 1.429934 1.024096
0.369333 1.458971 0.992964
0.369581 1.399454 1.053447
0.408796 1.422609 1.015829
0.410536 1.451159 0.985146
0.371074 1.368165 1.081988
0.410760 1.392563 1.044801
0.449511 1.414468 1.006841
0.451373 1.442549 0.976543
0.372207 1.336172 1.109664
0.412370 1.361696 1.072898
0.451571 1.384839 1.035286
0.453340 1.354342 1.062932
0.489832 1.405548 0.996966
0.492129 1.376347 1.024828
0.493923 1.346313 1.052139
0.492045 1.433089 0.967129
0.529729 1.395900 0.986370
0.532037 1.422750 0.956912
0.532092 1.367015 1.013675
0.565297 1.386575 0.975985
0.567810 1.412686 0.947168
0.534083 1.337539 1.040308
0.567875 1.358236 1.002629
0.570122 1.329257 1.028620
0.600469 1.376693 0.964993
0.603271 1.348787 0.990936
0.605743 1.320372 1.016225
0.603289 1.401924 0.936687
0.635261 1.366112 0.953372
0.638231 1.390557 0.925671
0.638339 1.338782 0.978505
0.669519 1.355039 0.941090
0.672783 1.378581 0.914062
0.698912 1.344483 0.930435
0.672813 1.328184 0.965539
0.641057 1.310895 1.003097
-0.302757 1.010460 1.335295
-0.348922 1.047907 1.306083
-0.351311 1.007199 1.324742
-0.396647 1.043761 1.294407
-0.393581 1.083701 1.274818
-0.399440 1.003305 1.312754
-0.437376 1.079736 1.262615
-0.433510 1.118749 1.242264
-0.476447 1.113876 1.229340
-0.440844 1.040054 1.281874
-0.480715 1.075162 1.249272
-0.518947 1.108369 1.215223
-0.443813 0.999956 1.299945
-0.484566 1.035826 1.268129
-0.487959 0.996039 1.285840
-0.523610 1.069995 1.234734
-0.527858 1.031052 1.253177
-0.531660 0.991587 1.270486
-0.560941 1.102245 1.200044
-0.565960 1.064223 1.219057
-0.599523 1.097718 1.183935
-0.570587 1.025674 1.237002
-0.605089 1.059995 1.202438
-0.637799 1.092674 1.166793
-0.574785 0.986619 1.253891
-0.610098 1.021732 1.219993
-0.614586 0.983007 1.236540
-0.643769 1.055250 1.184829
-0.649210 1.017305 1.201910
-0.654130 0.978895 1.218013
-0.675543 1.087073 1.148668
-0.681921 1.050007 1.166217
-0.712711 1.080962 1.129667
-0.719449 1.044248 1.146640
-0.687795 1.012396 1.182813
-0.725743 1.007023 1.162702
-0.693122 0.974332 1.198436
1.059633 0.369394 1.048419
1.120638 0.369300 0.983010
1.091311 0.464692 1.016657
1.121243 0.464862 0.983580
1.089859 0.512274 1.015349
1.150216 0.465003 0.949580
1.177779 0.369376 0.913858
1.119714 0.512591 0.982338
1.087147 0.559914 1.013057
1.178169 0.465114 0.914686
1.148620 0.512837 0.948410
1.116948 0.560296 0.980094
1.082389 0.618962 1.008443
1.205209 0.465619 0.878681
1.231116 0.369294 0.840547
1.176507 0.513007 0.913582
1.145800 0.560571 0.946214
1.111854 0.619425 0.975805
1.075736 0.677634 1.002311
1.231566 0.466047 0.841303
1.203482 0.513652 0.877637
1.173633 0.560730 0.911446
1.140401 0.619724 0.942278
1.167951 0.619859 0.907864
1.200530 0.561773 0.875520
1.229742 0.514350 0.840349
1.256495 0.466440 0.803541
1.279984 0.369376 0.764003
1.104888 0.678221 0.969985
1.067162 0.736113 0.994578
1.194500 0.621396 0.872232
1.160392 0.678795 0.902710
1.133135 0.678614 0.936783
1.095979 0.736782 0.962557
1.056855 0.793741 0.985368
1.226508 0.562665 0.838561
1.254605 0.514983 0.802653
1.280284 0.466804 0.765017
1.150900 0.737362 0.895967
1.123925 0.737204 0.929685
1.085323 0.794492 0.953666
1.048503 0.834133 0.977833
1.186622 0.680619 0.867372
1.220461 0.622651 0.835189
1.251317 0.563445 0.800901
1.278334 0.515541 0.764201
1.303473 0.467454 0.724753
1.325348 0.369288 0.682275
1.139639 0.795084 0.887777
1.176729 0.739667 0.860856
1.212313 0.682232 0.830528
1.244976 0.623724 0.797871
1.274998 0.564108 0.762491
1.301469 0.516415 0.723991
1.325708 0.468129 0.683205
1.365480 0.369564 0.597938
1.112976 0.794949 0.921099
1.076510 0.835112 0.946544
1.039299 0.874119 0.969523
1.201952 0.741667 0.824462
1.165023 0.797847 0.852877
1.129949 0.836127 0.881543
1.103700 0.835781 0.914416
1.066796 0.875345 0.938648
1.029148 0.913872 0.960481
1.236516 0.683687 0.793504
1.268398 0.624622 0.759809
1.298061 0.565462 0.722281
1.323668 0.517329 0.682449
1.365870 0.469085 0.598833
1.432034 0.369382 0.414134
1.189598 0.800193 0.817094
1.225849 0.743409 0.787738
1.259651 0.684912 0.755759
1.291155 0.626586 0.719899
1.320020 0.566659 0.681093
1.359924 0.568624 0.596952
1.313090 0.628258 0.678567
1.282102 0.687229 0.716125
1.248707 0.744893 0.750318
1.213135 0.802222 0.780670
1.425987 0.573105 0.413748
1.342705 0.693071 0.592078
1.303797 0.689405 0.674949
1.270804 0.747837 0.710918
1.292061 0.750435 0.670204
1.235670 0.803946 0.743562
1.257323 0.807459 0.704372
1.475472 0.369417 0.211530
1.154920 0.839018 0.847063
1.179153 0.841622 0.811551
1.202288 0.843898 0.775552
1.224445 0.845839 0.738900
1.377731 0.827241 0.403881
1.469179 0.576195 0.211357
1.490748 0.369464 0.000000
1.315730 0.815658 0.582608
1.277992 0.810544 0.664324
1.245708 0.849651 0.700082
1.266083 0.853123 0.660232
1.289283 0.901907 0.575454
1.119306 0.876770 0.874548
1.129949 0.836127 0.881543
1.103700 0.835781 0.914416
1.143820 0.879861 0.840499
1.167663 0.882829 0.805281
1.190378 0.885263 0.769751
1.212157 0.887333 0.733578
1.232940 0.891650 0.695096
1.252937 0.895491 0.655540
1.484370 0.577315 0.000000
1.418397 0.835165 0.206216
1.314830 1.003070 0.393022
1.093501 0.876225 0.906946
1.066796 0.875345 0.938648
1.107762 0.916986 0.866796
1.131773 0.920423 0.833078
1.155130 0.923467 0.798423
1.177437 0.926117 0.763319
1.198832 0.928405 0.727585
1.219171 0.933009 0.689439
1.238676 0.937208 0.650350
1.258031 0.986197 0.566047
1.432658 0.837992 0.000000
1.352292 1.014847 0.200823
1.056159 0.915273 0.930009
1.029148 0.913872 0.960481
1.018181 0.953055 0.950732
1.082377 0.916311 0.898732
1.044663 0.954691 0.920655
1.070384 0.955935 0.889787
1.095301 0.956802 0.858300
1.118826 0.960374 0.824984
1.082503 0.992203 0.851113
1.141595 0.963641 0.790870
1.105248 0.996414 0.818258
1.163457 0.966550 0.756209
1.127387 1.000203 0.784582
1.184505 0.968878 0.720979
1.204309 0.973945 0.683145
1.169007 1.006566 0.715831
1.148602 1.003587 0.750492
1.223245 0.978508 0.644591
1.188380 1.011921 0.678471
1.206907 1.016824 0.640229
1.007453 0.987969 0.941486
1.033246 0.989751 0.912028
0.996012 1.022401 0.931641
1.058229 0.991165 0.881873
1.021018 1.024448 0.902794
0.983892 1.056570 0.921213
1.068902 1.027374 0.843259
1.045293 1.026102 0.873318
1.008113 1.058781 0.892979
0.971095 1.090193 0.910282
1.090939 1.032043 0.810963
1.054593 1.062059 0.834836
1.031662 1.060611 0.864180
0.994548 1.092621 0.882665
0.959005 1.119136 0.900694
1.112382 1.036342 0.777742
1.075790 1.067356 0.802977
1.039605 1.096334 0.825848
1.017371 1.094656 0.854515
1.132877 1.040271 0.744210
1.096477 1.072200 0.770363
1.059993 1.102046 0.794452
1.024396 1.126139 0.819152
1.003145 1.124157 0.846775
0.981372 1.121817 0.873930
0.946370 1.147863 0.890597
0.967675 1.150754 0.864792
0.933363 1.176096 0.880091
1.169007 1.006566 0.715831
1.152604 1.043790 0.710138
1.116276 1.076552 0.737394
1.079774 1.107366 0.762473
1.043781 1.132520 0.788500
1.008719 1.155534 0.812067
0.988434 1.153323 0.838645
0.953474 1.179228 0.855259
0.919857 1.203960 0.869106
1.188380 1.011921 0.678471
1.171461 1.049467 0.673239
1.206907 1.016824 0.640229
1.135343 1.080510 0.703892
1.098841 1.112292 0.730045
1.062614 1.138584 0.757061
1.026964 1.162636 0.781978
0.992430 1.184589 0.804489
0.973153 1.182067 0.830060
0.938792 1.207332 0.845287
0.908188 1.224429 0.862062
1.189508 1.054863 0.635333
1.153606 1.086610 0.667354
1.117200 1.116755 0.697100
1.080709 1.144144 0.725383
1.098193 1.149282 0.693230
1.134905 1.123113 0.660994
1.171155 1.092223 0.630054
1.222525 1.063795 0.558778
1.258031 0.986197 0.566047
1.314830 1.003070 0.393022
1.044795 1.169345 0.751284
1.061924 1.175609 0.720325
1.009631 1.192336 0.775084
1.026370 1.199614 0.745092
0.975739 1.213115 0.796605
0.991728 1.221496 0.767747
0.957404 1.210447 0.821084
0.956774 1.237912 0.793852
0.940874 1.233666 0.816920
0.924657 1.229167 0.839629
0.896278 1.244686 0.854761
0.910204 1.250791 0.833714
0.884135 1.264697 0.847249
1.151842 1.128989 0.624270
1.182986 1.139165 0.549629
1.233498 1.161563 0.382366
1.352292 1.014847 0.200823
1.115208 1.156378 0.657508
1.131497 1.162935 0.621054
1.138805 1.208992 0.544421
1.078358 1.181410 0.688815
1.094635 1.189093 0.653446
1.110132 1.196219 0.617658
1.042359 1.206523 0.714703
1.057803 1.213004 0.683973
1.073252 1.221297 0.648947
1.087987 1.229115 0.613500
1.007183 1.229455 0.738438
1.022116 1.236915 0.708752
1.036516 1.244006 0.678699
1.051239 1.252908 0.644039
0.923919 1.256691 0.812409
0.895456 1.272081 0.827576
0.871734 1.284456 0.839533
1.267072 1.177316 0.195597
1.135757 1.303546 0.374946
1.090969 1.276274 0.537565
1.065200 1.261231 0.608935
1.040895 1.290919 0.608203
1.039348 1.337222 0.536444
1.027516 1.281934 0.643049
1.013441 1.272468 0.677481
1.000013 1.264410 0.707078
0.989754 1.300361 0.675837
1.003151 1.310437 0.641627
1.015871 1.319950 0.606949
0.986052 1.255958 0.736416
0.991728 1.221496 0.767747
0.940874 1.233666 0.816920
0.937268 1.262287 0.790702
0.956774 1.237912 0.793852
0.971647 1.247137 0.765311
0.951098 1.272398 0.762557
0.964423 1.282104 0.734040
0.977377 1.291505 0.705056
0.906568 1.279312 0.807531
0.917409 1.286309 0.787282
0.930105 1.297223 0.759485
0.942410 1.307857 0.731293
0.954086 1.317962 0.702644
0.965341 1.327674 0.673809
0.978025 1.338301 0.639773
0.990108 1.348348 0.605323
0.880403 1.293095 0.821210
0.888863 1.301528 0.802461
0.897208 1.309851 0.783622
0.908692 1.321645 0.756041
0.919701 1.332970 0.728059
0.930345 1.343932 0.699800
0.940358 1.354465 0.671386
0.952430 1.365520 0.637625
0.858978 1.307341 0.828074
0.871734 1.284456 0.839533
0.851485 1.296062 0.848017
0.866286 1.318396 0.807981
0.873360 1.329181 0.787600
0.884075 1.342055 0.759749
0.894389 1.354488 0.731527
0.904348 1.366482 0.702950
0.913774 1.378000 0.673995
0.925023 1.389959 0.640073
1.039348 1.337222 0.536444
0.984582 1.395484 0.533891
0.963805 1.376118 0.603355
0.935781 1.401343 0.605629
0.837253 1.321328 0.834842
0.830894 1.307423 0.856153
0.843307 1.334835 0.813147
0.849181 1.348154 0.791326
0.820034 1.351034 0.818168
0.815138 1.334935 0.841261
0.810075 1.318601 0.864162
0.792856 1.348371 0.847537
0.788920 1.329451 0.871860
0.859146 1.362083 0.763157
0.868596 1.375502 0.734574
0.877685 1.388487 0.705620
0.886379 1.401038 0.676347
0.850645 1.410093 0.707996
0.842371 1.396117 0.737328
0.833660 1.381595 0.766199
0.824576 1.366634 0.794656
0.796407 1.366705 0.822794
0.799683 1.384792 0.797739
0.807873 1.400698 0.768875
0.815654 1.416116 0.739632
0.764141 1.362371 0.857916
0.760499 1.342424 0.883043
0.767411 1.381813 0.832292
0.770327 1.400838 0.806295
0.778024 1.417940 0.776848
0.785224 1.434474 0.746850
0.858456 1.423541 0.678291
0.823106 1.431019 0.709982
0.792112 1.450414 0.716389
0.734982 1.375930 0.867768
0.731616 1.354916 0.893855
0.738012 1.396469 0.841381
0.740562 1.416392 0.814455
0.708152 1.410521 0.849997
0.705410 1.388991 0.877289
0.702380 1.367021 0.904204
0.747678 1.434561 0.784294
0.754355 1.452221 0.753648
0.760565 1.469194 0.722473
0.830120 1.445411 0.679941
0.798495 1.465821 0.685623
0.766367 1.485574 0.690867
0.710473 1.431359 0.822248
0.716917 1.450625 0.791344
0.722965 1.469299 0.759935
0.728581 1.487345 0.728077
0.733734 1.504664 0.695690
0.696146 1.504729 0.733189
0.691142 1.485785 0.765803
0.685755 1.466126 0.797961
0.677967 1.424052 0.858096
0.680121 1.445851 0.829430
0.675573 1.401595 0.886325
0.672783 1.378581 0.914062
0.839371 1.459698 0.645305
0.807267 1.480900 0.650585
0.774550 1.501439 0.655378
0.741348 1.521250 0.659800
0.659836 1.521426 0.741042
0.655282 1.501714 0.774239
0.650278 1.481258 0.807015
0.644903 1.460173 0.839077
0.643037 1.437588 0.868470
0.640847 1.414410 0.897365
0.638231 1.390557 0.925671
0.815390 1.495333 0.615054
0.782206 1.516541 0.619416
0.748440 1.537062 0.623382
0.795879 1.544428 0.546170
0.700676 1.523027 0.700064
0.663976 1.540434 0.707312
0.707642 1.540329 0.663796
0.670533 1.558393 0.670534
0.714139 1.556774 0.626922
0.676689 1.575471 0.633059
0.725509 1.587072 0.551726
0.618774 1.516869 0.782242
0.614220 1.495697 0.815522
0.609198 1.473792 0.848137
0.607608 1.450520 0.878231
0.605683 1.426532 0.907750
0.603289 1.401924 0.936687
0.623046 1.537308 0.748350
0.626742 1.556955 0.713995
0.632879 1.575547 0.676713
0.638549 1.593265 0.638879
0.648364 1.625856 0.561639
0.599959 1.610097 0.644075
0.594699 1.591805 0.682389
0.588978 1.572597 0.720145
0.585666 1.552375 0.755183
0.581887 1.531244 0.789610
0.577713 1.509333 0.823454
0.573081 1.486688 0.856609
0.571759 1.462772 0.887387
0.569913 1.438069 0.917566
0.567810 1.412686 0.947168
0.569005 1.660582 0.569467
0.560864 1.625997 0.648749
0.556048 1.607141 0.687543
0.518594 1.640876 0.655084
0.550826 1.587365 0.725695
0.514120 1.621587 0.694250
0.547917 1.566533 0.761357
0.509217 1.601271 0.732823
0.544565 1.544827 0.796413
0.506587 1.579993 0.768815
0.540793 1.522194 0.830810
0.503429 1.557853 0.804315
0.536816 1.498752 0.864480
0.500046 1.534716 0.839113
0.535556 1.474267 0.895895
0.496242 1.510764 0.873156
0.533998 1.448848 0.926757
0.495196 1.485697 0.905146
0.532037 1.422750 0.956912
0.493759 1.459733 0.936453
0.492045 1.433089 0.967129
0.587111 1.716246 0.396696
0.482860 1.690857 0.579919
0.475874 1.654670 0.660808
0.471719 1.634952 0.700346
0.432607 1.667385 0.665800
0.467101 1.614203 0.739296
0.428744 1.647181 0.705860
0.464674 1.592479 0.775738
0.424604 1.625985 0.745092
0.461886 1.569876 0.811527
0.422435 1.603933 0.781888
0.458773 1.546264 0.846709
0.419917 1.580943 0.818072
0.455211 1.521854 0.881099
0.417064 1.556950 0.853525
0.454362 1.496301 0.913546
0.413848 1.532030 0.888287
0.453141 1.469774 0.945410
0.413005 1.505961 0.921285
0.451373 1.442549 0.976543
0.411974 1.479041 0.953696
0.410536 1.451159 0.985146
0.407295 1.778396 0.407032
0.394828 1.716334 0.588133
0.389012 1.678869 0.670378
0.385547 1.658353 0.710642
0.342168 1.689631 0.675009
0.299086 1.737746 0.595383
0.381721 1.636759 0.750246
0.339132 1.668758 0.715513
0.294743 1.699062 0.679011
0.379821 1.614373 0.787360
0.335751 1.646676 0.755393
0.292168 1.677842 0.719773
0.247151 1.707114 0.682191
0.377554 1.590954 0.823886
0.333995 1.624032 0.792916
0.289328 1.655427 0.759857
0.245003 1.685637 0.723211
0.371510 1.514752 0.928269
0.370574 1.487298 0.960991
0.369333 1.458971 0.992964
0.208183 1.819069 0.415028
0.202009 1.753417 0.600211
0.199262 1.713888 0.684639
0.375004 1.566591 0.859734
0.372133 1.541290 0.894701
0.332000 1.600262 0.829868
0.329677 1.575465 0.865938
0.327072 1.549759 0.901294
0.326681 1.522957 0.935031
0.326000 1.495292 0.967981
0.324926 1.466601 1.000332
0.287815 1.632507 0.797709
0.286104 1.608332 0.834944
0.284035 1.583330 0.871362
0.281622 1.557184 0.906964
0.281344 1.530124 0.941000
0.280854 1.502178 0.974215
0.235870 1.536252 0.946004
0.280147 1.473152 1.006613
0.235585 1.508013 0.979417
0.235105 1.478830 1.012055
0.242596 1.662981 0.763559
0.241227 1.639744 0.801735
0.239660 1.615422 0.839173
0.237914 1.589916 0.875916
0.235945 1.563512 0.911800
0.190170 1.541349 0.950114
0.190124 1.512899 0.983784
0.189918 1.483475 1.016513
0.142818 1.516816 0.987156
0.142650 1.487228 1.020095
0.245003 1.685637 0.723211
0.197593 1.692129 0.725917
0.195740 1.669198 0.766511
0.194567 1.645750 0.804867
0.193253 1.621164 0.842641
0.191752 1.595476 0.879605
0.190034 1.568703 0.915724
0.142880 1.545402 0.953402
0.095341 1.519737 0.989622
0.095262 1.490002 1.022728
0.199262 1.713888 0.684639
0.149764 1.719161 0.686901
0.202009 1.753417 0.600211
0.148510 1.697220 0.728407
0.147044 1.674171 0.769049
0.146132 1.650530 0.807657
0.145126 1.625803 0.845485
0.144036 1.599886 0.882647
0.142844 1.572990 0.918808
0.095367 1.548369 0.955724
0.047544 1.521450 0.991014
0.047487 1.491627 1.024210
0.000000 1.492324 1.024690
0.101279 1.763047 0.603457
0.208183 1.819069 0.415028
0.099856 1.722978 0.688485
0.099029 1.700921 0.730123
0.049991 1.725330 0.689271
0.098088 1.677743 0.770831
0.049574 1.703214 0.730981
0.097539 1.653984 0.809541
0.049025 1.679948 0.771755
0.096878 1.629117 0.847447
0.048661 1.656137 0.810561
0.096141 1.603053 0.884687
0.048319 1.631205 0.848539
0.095274 1.576040 0.920925
0.047958 1.605053 0.885851
0.047567 1.550182 0.957032
0.047620 1.577946 0.922137
0.000000 1.522142 0.991488
0.000000 1.550973 0.957368
0.000000 1.578720 0.922461
0.000000 1.605916 0.886055
0.000000 1.632032 0.848761
0.000000 1.657028 0.810645
0.000000 1.680804 0.771869
0.000000 1.704152 0.730999
-0.047544 1.521450 0.991014
-0.047487 1.491627 1.024210
-0.095262 1.490002 1.022728
-0.047567 1.550182 0.957038
-0.047620 1.577946 0.922137
-0.047958 1.605053 0.885851
-0.095274 1.576040 0.920925
-0.095367 1.548369 0.955724
-0.095341 1.519737 0.989622
-0.142650 1.487228 1.020095
-0.048319 1.631205 0.848539
-0.096141 1.603053 0.884687
-0.142844 1.572990 0.918808
-0.142880 1.545402 0.953402
-0.142818 1.516816 0.987156
-0.189918 1.483475 1.016513
-0.048661 1.656137 0.810561
-0.096878 1.629117 0.847447
-0.144036 1.599886 0.882647
-0.190034 1.568703 0.915724
-0.190170 1.541349 0.950114
-0.190124 1.512899 0.983784
-0.235105 1.478830 1.012055
-0.235585 1.508013 0.979423
-0.280147 1.473152 1.006613
-0.049025 1.679948 0.771755
-0.097539 1.653984 0.809541
-0.145126 1.625803 0.845485
-0.191752 1.595476 0.879605
-0.235945 1.563512 0.911800
-0.235870 1.536252 0.946004
-0.280854 1.502178 0.974215
-0.324926 1.466601 1.000332
0.000000 1.680804 0.771869
-0.049574 1.703214 0.730981
0.000000 1.704152 0.730999
-0.098088 1.677743 0.770831
-0.146132 1.650530 0.807657
-0.193253 1.621164 0.842641
-0.237914 1.589916 0.875916
-0.281622 1.557184 0.906964
-0.281344 1.530124 0.941000
-0.326000 1.495292 0.967981
-0.326681 1.522957 0.935031
-0.369333 1.458971 0.992964
-0.370574 1.487298 0.960991
-0.410536 1.451159 0.985146
-0.049991 1.725330 0.689271
-0.099029 1.700921 0.730123
-0.147044 1.674171 0.769049
-0.194567 1.645750 0.804867
-0.239660 1.615422 0.839173
-0.284035 1.583330 0.871362
-0.327072 1.549765 0.901294
-0.371510 1.514752 0.928269
-0.411974 1.479041 0.953696
-0.451373 1.442549 0.976543
-0.099856 1.722978 0.688485
-0.148510 1.697220 0.728407
-0.195740 1.669198 0.766511
-0.241227 1.639744 0.801735
-0.286104 1.608332 0.834944
-0.329677 1.575465 0.865938
-0.372133 1.541290 0.894701
-0.413005 1.505961 0.921285
-0.453141 1.469774 0.945410
-0.492045 1.433089 0.967129
-0.101279 1.763047 0.603457
-0.149764 1.719161 0.686901
-0.197593 1.692129 0.725917
-0.242596 1.662981 0.763559
-0.287815 1.632507 0.797709
-0.332000 1.600262 0.829868
-0.375005 1.566591 0.859734
-0.413849 1.532030 0.888287
-0.454362 1.496301 0.913546
-0.493759 1.459733 0.936453
-0.532037 1.422750 0.956912
-0.202009 1.753417 0.600211
-0.199262 1.713888 0.684639
-0.245003 1.685637 0.723211
-0.247151 1.707114 0.682191
-0.289328 1.655427 0.759857
-0.292168 1.677842 0.719773
-0.333995 1.624032 0.792916
-0.335752 1.646676 0.755393
-0.377554 1.590954 0.823886
-0.379821 1.614373 0.787360
-0.417064 1.556950 0.853525
-0.419917 1.580943 0.818072
-0.455211 1.521854 0.881099
-0.458773 1.546264 0.846709
-0.495196 1.485697 0.905146
-0.496242 1.510764 0.873156
-0.533998 1.448848 0.926757
-0.535556 1.474267 0.895895
-0.567810 1.412686 0.947168
-0.569914 1.438069 0.917566
-0.603289 1.401924 0.936687
-0.208183 1.819069 0.415028
-0.299086 1.737746 0.595383
-0.294743 1.699062 0.679011
-0.339132 1.668758 0.715513
-0.342168 1.689631 0.675009
-0.381721 1.636759 0.750246
-0.385547 1.658353 0.710642
-0.422435 1.603933 0.781888
-0.424604 1.625985 0.745092
-0.461886 1.569876 0.811527
-0.464674 1.592479 0.775738
-0.500046 1.534716 0.839113
-0.503429 1.557853 0.804315
-0.536816 1.498752 0.864480
-0.540793 1.522194 0.830816
-0.571759 1.462772 0.887387
-0.573081 1.486688 0.856609
-0.605683 1.426538 0.907750
-0.607608 1.450520 0.878231
-0.638231 1.390563 0.925671
-0.640847 1.414415 0.897365
-0.672783 1.378581 0.914062
-0.407295 1.778396 0.407032
-0.394828 1.716334 0.588133
-0.389012 1.678869 0.670378
-0.428744 1.647181 0.705860
-0.432607 1.667385 0.665800
-0.482860 1.690857 0.579919
-0.467101 1.614203 0.739296
-0.471719 1.634952 0.700346
-0.475874 1.654670 0.660808
-0.506587 1.579993 0.768815
-0.509217 1.601271 0.732823
-0.514120 1.621587 0.694250
-0.518594 1.640876 0.655084
-0.544565 1.544827 0.796413
-0.547917 1.566533 0.761357
-0.550826 1.587365 0.725695
-0.556048 1.607141 0.687543
-0.643037 1.437588 0.868470
-0.675573 1.401595 0.886325
-0.702380 1.367021 0.904204
-0.587111 1.716246 0.396696
-0.569005 1.660582 0.569467
-0.560864 1.625997 0.648749
-0.577714 1.509333 0.823454
-0.609198 1.473792 0.848137
-0.581887 1.531244 0.789610
-0.614220 1.495697 0.815522
-0.644903 1.460173 0.839077
-0.677967 1.424052 0.858096
-0.705410 1.388991 0.877289
-0.731616 1.354916 0.893855
-0.585666 1.552375 0.755183
-0.618774 1.516869 0.782242
-0.650278 1.481258 0.807015
-0.680121 1.445851 0.829430
-0.588978 1.572597 0.720145
-0.623046 1.537308 0.748350
-0.655282 1.501714 0.774245
-0.685755 1.466126 0.797961
-0.710473 1.431359 0.822248
-0.708152 1.410521 0.849997
-0.734982 1.375930 0.867768
-0.760499 1.342424 0.883043
-0.594699 1.591805 0.682389
-0.626742 1.556955 0.713995
-0.659836 1.521426 0.741042
-0.691142 1.485785 0.765803
-0.716917 1.450625 0.791344
-0.740562 1.416392 0.814455
-0.738012 1.396469 0.841381
-0.764141 1.362371 0.857916
-0.767411 1.381813 0.832292
-0.788920 1.329451 0.871860
-0.792856 1.348377 0.847537
-0.810075 1.318601 0.864162
-0.560864 1.625997 0.648749
-0.599959 1.610103 0.644075
-0.569005 1.660582 0.569467
-0.632879 1.575547 0.676713
-0.663976 1.540434 0.707312
-0.696146 1.504729 0.733189
-0.722965 1.469299 0.759935
-0.747678 1.434561 0.784294
-0.770327 1.400838 0.806295
-0.796407 1.366705 0.822794
-0.648364 1.625856 0.561639
-0.587111 1.716246 0.396696
-0.638549 1.593265 0.638879
-0.670533 1.558393 0.670534
-0.676689 1.575471 0.633059
-0.700676 1.523027 0.700064
-0.707642 1.540329 0.663796
-0.733734 1.504664 0.695690
-0.728581 1.487345 0.728077
-0.754355 1.452221 0.753648
-0.760565 1.469194 0.722473
-0.778024 1.417940 0.776848
-0.785224 1.434474 0.746850
-0.799683 1.384792 0.797739
-0.807873 1.400698 0.768875
-0.748512 1.636654 0.385349
-0.725509 1.587077 0.551726
-0.714139 1.556774 0.626922
-0.741348 1.521250 0.659800
-0.748440 1.537062 0.623382
-0.795879 1.544428 0.546170
-0.766367 1.485574 0.690867
-0.774550 1.501439 0.655384
-0.782206 1.516541 0.619416
-0.792112 1.450414 0.716389
-0.798495 1.465821 0.685623
-0.807267 1.480900 0.650585
-0.815390 1.495333 0.615054
-0.815654 1.416116 0.739632
-0.823106 1.431019 0.709982
-0.830126 1.445411 0.679941
-0.839371 1.459698 0.645305
-0.858456 1.423541 0.678291
-0.850645 1.410093 0.707996
-0.842371 1.396117 0.737328
-0.833660 1.381595 0.766199
-0.893381 1.541285 0.375330
-0.863832 1.498260 0.538911
-0.848065 1.473276 0.610236
-0.877889 1.449968 0.609061
-0.925593 1.448332 0.537084
-0.868410 1.437071 0.643955
-0.886379 1.401038 0.676347
-0.897094 1.413823 0.642209
-0.907156 1.425969 0.607555
-0.868596 1.375502 0.734574
-0.877685 1.388487 0.705620
-0.859146 1.362083 0.763157
-0.935781 1.401343 0.605629
-0.925023 1.389959 0.640073
-0.913774 1.378000 0.673995
-0.904348 1.366482 0.702950
-0.894389 1.354488 0.731527
-0.884075 1.342055 0.759749
-0.824576 1.366634 0.794656
-0.799683 1.384792 0.797739
-0.796407 1.366705 0.822794
-0.849181 1.348154 0.791326
-0.820034 1.351034 0.818168
-0.792856 1.348377 0.847537
-0.873360 1.329181 0.787600
-1.022356 1.429858 0.372719
-0.984582 1.395484 0.533891
-0.952430 1.365520 0.637625
-0.940358 1.354465 0.671391
-0.963805 1.376118 0.603355
-0.990114 1.348348 0.605323
-0.978025 1.338301 0.639773
-1.039348 1.337222 0.536444
-1.015871 1.319950 0.606949
-0.930345 1.343932 0.699800
-0.965341 1.327674 0.673809
-1.003151 1.310443 0.641627
-1.040895 1.290919 0.608203
-0.919701 1.332970 0.728059
-0.954086 1.317962 0.702644
-0.989754 1.300361 0.675837
-1.027516 1.281934 0.643049
-0.908692 1.321645 0.756041
-0.942410 1.307862 0.731293
-0.977377 1.291505 0.705056
-0.897208 1.309851 0.783622
-0.930105 1.297223 0.759485
-0.964423 1.282104 0.734040
-1.000013 1.264410 0.707078
-1.013441 1.272468 0.677481
-1.135757 1.303546 0.374947
-1.090969 1.276274 0.537566
-0.888863 1.301528 0.802461
-0.917409 1.286309 0.787282
-0.951098 1.272398 0.762557
-0.986052 1.255958 0.736416
-1.051239 1.252908 0.644039
-1.036516 1.244006 0.678699
-1.065200 1.261231 0.608935
-1.087987 1.229115 0.613500
-1.073252 1.221303 0.648947
-1.138805 1.208992 0.544421
-1.110132 1.196219 0.617658
-1.022116 1.236915 0.708752
-1.057803 1.213004 0.683973
-1.094635 1.189098 0.653446
-1.131497 1.162935 0.621054
-1.007183 1.229455 0.738438
-1.042359 1.206523 0.714703
-1.078358 1.181410 0.688815
-1.115208 1.156378 0.657508
-0.906568 1.279312 0.807531
-0.937274 1.262287 0.790708
-0.971647 1.247137 0.765311
-0.991728 1.221496 0.767747
-0.956774 1.237912 0.793852
-1.026370 1.199614 0.745092
-1.061924 1.175609 0.720325
-1.098193 1.149282 0.693230
-1.233498 1.161563 0.382366
-1.182986 1.139165 0.549629
-1.151842 1.128989 0.624270
-1.134905 1.123113 0.660994
-1.171155 1.092223 0.630054
-1.222525 1.063801 0.558778
-0.923919 1.256691 0.812409
-0.940874 1.233666 0.816920
-1.009631 1.192336 0.775084
-1.044795 1.169345 0.751284
-1.080709 1.144144 0.725383
-0.975739 1.213115 0.796605
-0.957404 1.210447 0.821084
-1.153606 1.086616 0.667354
-1.117200 1.116755 0.697106
-1.098841 1.112292 0.730045
-1.135343 1.080510 0.703892
-1.062614 1.138584 0.757061
-1.026964 1.162636 0.781978
-0.992430 1.184589 0.804489
-0.973153 1.182067 0.830060
-0.938792 1.207332 0.845287
-1.189508 1.054863 0.635333
-1.171461 1.049467 0.673239
-1.206907 1.016824 0.640229
-0.895456 1.272087 0.827576
-0.906568 1.279312 0.807531
-0.910210 1.250791 0.833720
-0.924657 1.229167 0.839629
-1.079774 1.107366 0.762473
-1.043781 1.132520 0.788500
-1.008719 1.155534 0.812067
-0.988434 1.153323 0.838645
-0.953474 1.179228 0.855259
-1.116276 1.076552 0.737394
-1.152604 1.043790 0.710138
-1.188380 1.011921 0.678471
-0.908188 1.224429 0.862062
-0.896278 1.244686 0.854761
-0.884135 1.264697 0.847249
-0.871734 1.284456 0.839533
-0.880403 1.293095 0.821210
-0.888863 1.301528 0.802461
-0.919857 1.203960 0.869106
-0.933363 1.176096 0.880091
-0.967675 1.150754 0.864792
-0.946370 1.147863 0.890597
-1.003145 1.124157 0.846775
-0.981372 1.121817 0.873930
-0.959005 1.119136 0.900694
-0.994548 1.092621 0.882665
-0.971095 1.090193 0.910282
-1.096477 1.072200 0.770363
-1.132877 1.040271 0.744210
-1.169007 1.006566 0.715831
-0.858978 1.307341 0.828074
-0.851485 1.296062 0.848017
-0.866286 1.318396 0.807981
-0.873360 1.329181 0.787600
-0.849181 1.348154 0.791326
-0.843307 1.334835 0.813147
-0.820034 1.351034 0.818168
-0.837253 1.321328 0.834842
-0.830894 1.307423 0.856153
-0.815138 1.334935 0.841261
-0.810075 1.318601 0.864162
-0.792856 1.348377 0.847537
-1.008719 1.155534 0.812067
-1.024396 1.126139 0.819152
-1.043781 1.132520 0.788500
-1.079774 1.107366 0.762473
-1.059993 1.102046 0.794452
-1.017371 1.094656 0.854521
-1.039605 1.096334 0.825848
-1.031662 1.060611 0.864180
-1.008113 1.058781 0.892979
-0.983892 1.056570 0.921213
-1.075790 1.067356 0.802977
-1.054593 1.062059 0.834836
-1.045293 1.026102 0.873318
-1.021018 1.024448 0.902794
-0.996012 1.022401 0.931641
-1.112382 1.036342 0.777742
-1.090939 1.032043 0.810963
-1.068902 1.027374 0.843259
-1.058229 0.991165 0.881879
-1.033246 0.989751 0.912028
-1.007459 0.987969 0.941486
-1.132877 1.040271 0.744210
-1.148602 1.003587 0.750492
-1.169007 1.006566 0.715831
-1.127387 1.000203 0.784582
-1.163463 0.966550 0.756209
-1.105248 0.996414 0.818258
-1.141595 0.963641 0.790870
-1.082503 0.992203 0.851113
-1.118826 0.960374 0.824984
-1.070384 0.955935 0.889787
-1.095301 0.956802 0.858300
-1.044663 0.954691 0.920655
-1.018181 0.953055 0.950732
-1.177437 0.926117 0.763319
-1.155130 0.923467 0.798423
-1.131773 0.920423 0.833078
-1.107762 0.916986 0.866796
-1.082383 0.916311 0.898738
-1.056159 0.915273 0.930009
-1.093501 0.876231 0.906946
-1.029148 0.913872 0.960481
-1.066796 0.875345 0.938648
-1.039299 0.874119 0.969523
-1.184505 0.968878 0.720979
-1.198832 0.928405 0.727585
-1.190378 0.885263 0.769751
-1.212163 0.887333 0.733578
-1.167663 0.882829 0.805281
-1.143820 0.879861 0.840499
-1.119306 0.876770 0.874548
-1.103700 0.835781 0.914416
-1.076510 0.835112 0.946544
-1.048503 0.834133 0.977833
-1.204309 0.973945 0.683145
-1.188380 1.011921 0.678471
-1.219171 0.933009 0.689445
-1.232940 0.891650 0.695096
-1.202288 0.843898 0.775552
-1.179159 0.841622 0.811551
-1.154920 0.839018 0.847063
-1.129949 0.836127 0.881543
-1.112976 0.794949 0.921099
-1.085323 0.794492 0.953666
-1.056855 0.793741 0.985368
-1.224445 0.845839 0.738900
-1.245708 0.849651 0.700082
-1.223245 0.978508 0.644591
-1.206907 1.016824 0.640229
-1.238676 0.937208 0.650350
-1.258031 0.986197 0.566047
-1.222525 1.063801 0.558778
-1.252937 0.895491 0.655540
-1.289289 0.901907 0.575454
-1.266083 0.853123 0.660232
-1.314836 1.003070 0.393022
-1.233498 1.161563 0.382366
-1.213135 0.802222 0.780670
-1.235670 0.803946 0.743562
-1.257323 0.807459 0.704372
-1.277992 0.810544 0.664324
-1.315736 0.815658 0.582608
-1.292061 0.750435 0.670204
-1.270804 0.747837 0.710918
-1.248707 0.744893 0.750318
-1.377731 0.827241 0.403881
-1.342705 0.693071 0.592078
-1.303797 0.689405 0.674949
-1.282102 0.687229 0.716125
-1.313090 0.628258 0.678567
-1.189598 0.800193 0.817094
-1.225849 0.743409 0.787744
-1.259651 0.684912 0.755765
-1.291155 0.626586 0.719899
-1.352292 1.014847 0.200823
-1.418397 0.835165 0.206216
-1.425993 0.573105 0.413748
-1.359924 0.568624 0.596952
-1.469179 0.576195 0.211357
-1.320020 0.566659 0.681093
-1.165023 0.797847 0.852883
-1.154920 0.839018 0.847063
-1.129949 0.836127 0.881543
-1.201952 0.741667 0.824462
-1.236516 0.683687 0.793504
-1.268398 0.624622 0.759809
-1.298061 0.565462 0.722281
-1.323668 0.517329 0.682449
-1.365870 0.469085 0.598834
-1.432658 0.837992 0.000000
-1.484370 0.577315 0.000000
-1.139639 0.795084 0.887777
-1.112976 0.794949 0.921099
-1.176729 0.739667 0.860856
-1.212313 0.682232 0.830528
-1.244976 0.623724 0.797871
-1.274998 0.564108 0.762491
-1.301469 0.516415 0.723991
-1.325708 0.468129 0.683205
-1.432034 0.369382 0.414134
-1.365486 0.369564 0.597938
-1.325348 0.369288 0.682275
-1.303479 0.467454 0.724753
-1.279984 0.369376 0.764003
-1.278334 0.515541 0.764201
-1.280284 0.466804 0.765017
-1.251317 0.563445 0.800901
-1.254605 0.514983 0.802653
-1.256495 0.466440 0.803541
-1.231116 0.369294 0.840547
-1.220461 0.622651 0.835189
-1.226508 0.562665 0.838561
-1.229742 0.514350 0.840349
-1.231566 0.466047 0.841303
-1.186622 0.680619 0.867372
-1.194500 0.621396 0.872232
-1.200530 0.561773 0.875520
-1.203482 0.513652 0.877637
-1.205215 0.465619 0.878681
-1.177779 0.369376 0.913858
-1.425993 0.573105 0.413748
-1.475472 0.369417 0.211530
-1.469179 0.576195 0.211357
-1.490748 0.369464 0.000000
-1.484370 0.577315 0.000000
-1.150900 0.737362 0.895967
-1.176729 0.739667 0.860856
-1.139639 0.795084 0.887777
-1.160392 0.678795 0.902710
-1.167951 0.619859 0.907864
-1.173633 0.560730 0.911452
-1.176507 0.513007 0.913582
-1.145800 0.560571 0.946214
-1.140401 0.619724 0.942278
-1.133135 0.678614 0.936783
-1.123925 0.737204 0.929685
-1.112976 0.794949 0.921099
-1.085323 0.794492 0.953666
-1.095979 0.736782 0.962557
-1.056855 0.793741 0.985368
-1.067162 0.736113 0.994578
-1.104888 0.678221 0.969985
-1.075736 0.677634 1.002311
-1.111860 0.619425 0.975805
-1.082389 0.618962 1.008443
-1.116948 0.560296 0.980094
-1.087147 0.559914 1.013057
-1.148620 0.512837 0.948410
-1.119714 0.512591 0.982338
-1.089859 0.512274 1.015349
-1.178169 0.465114 0.914686
-1.150216 0.465003 0.949580
-1.205215 0.465619 0.878681
-1.177779 0.369376 0.913858
-1.120638 0.369300 0.983016
-1.121243 0.464862 0.983580
-1.091311 0.464692 1.016657
-1.059633 0.369394 1.048419
1.490748 0.369464 0.000000
1.469179 0.576195 -0.211357
1.484370 0.577315 0.000000
1.475478 0.369417 -0.211530
1.418397 0.835165 -0.206216
1.432658 0.837992 0.000000
1.425993 0.573105 -0.413749
1.432034 0.369382 -0.414135
1.377731 0.827241 -0.403881
1.352292 1.014847 -0.200823
1.314836 1.003070 -0.393022
1.359930 0.568571 -0.596951
1.365552 0.369376 -0.597774
1.315718 0.815723 -0.582598
1.258031 0.986209 -0.566039
1.275004 0.564037 -0.762497
1.279984 0.369376 -0.764009
1.235646 0.804022 -0.743550
1.184505 0.968872 -0.720979
1.233498 1.161563 -0.382366
1.182993 1.139171 -0.549618
1.117200 1.116761 -0.697100
1.173639 0.560659 -0.911452
1.177779 0.369376 -0.913858
1.139627 0.795161 -0.887759
1.095301 0.956802 -0.858300
1.039605 1.096328 -0.825842
1.365330 1.019140 0.000000
1.352292 1.014847 0.200823
1.267072 1.177316 0.195597
1.267072 1.177316 -0.195596
1.278652 1.183011 0.000000
1.090975 1.276286 -0.537552
1.135763 1.303546 -0.374947
1.164987 1.323363 -0.191976
1.022362 1.429852 -0.372719
1.036516 1.244006 -0.678699
0.975757 1.213098 -0.796599
1.056471 0.559316 -1.045047
1.059639 0.369394 -1.048419
0.925755 0.369406 -1.168251
1.027594 0.792791 -1.016158
0.923535 0.560735 -1.163949
0.775564 0.369411 -1.272904
0.991038 0.951137 -0.980010
0.899758 0.795319 -1.129961
0.774184 0.564172 -1.267828
0.607908 0.369411 -1.360974
0.947138 1.087308 -0.937172
0.869688 0.957055 -1.086055
0.755021 0.804322 -1.228524
0.607158 0.568712 -1.355310
0.421850 0.369388 -1.429724
0.900436 1.200289 -0.892505
0.835699 1.096639 -1.031500
0.731484 0.969300 -1.177863
0.592523 0.816022 -1.311140
0.421492 0.573239 -1.423611
0.216059 0.369370 -1.474830
0.940352 1.354476 -0.671385
0.897208 1.309857 -0.783622
0.862932 1.275688 -0.857802
0.802797 1.213543 -0.970417
0.705464 1.117195 -1.111794
0.574794 0.986619 -1.253891
0.411445 0.827505 -1.375325
0.215931 0.576348 -1.468513
-0.000000 0.369353 -1.490741
0.830126 1.445411 -0.679941
0.799677 1.384804 -0.797727
0.784750 1.310220 -0.895870
0.680199 1.244445 -1.035166
0.555346 1.139546 -1.180167
0.399453 1.003311 -1.312748
0.210831 0.835446 -1.417659
-0.000000 0.577450 -1.484352
0.984588 1.395490 -0.533877
1.090975 1.276286 -0.537552
1.022362 1.429852 -0.372719
0.863844 1.498260 -0.538897
0.893381 1.541285 -0.375331
0.680121 1.445857 -0.829430
0.669501 1.355051 -0.941090
0.536835 1.276556 -1.091101
0.386540 1.161639 -1.232166
0.204790 1.014994 -1.351662
-0.000000 0.838291 -1.432568
0.700682 1.523027 -0.700058
0.725521 1.587077 -0.551714
0.748512 1.636654 -0.385350
0.536820 1.498752 -0.864480
0.550828 1.587365 -0.725695
0.569014 1.660582 -0.569458
0.587111 1.716246 -0.396696
0.529723 1.395900 -0.986370
0.373023 1.303470 -1.136483
0.198257 1.177140 -1.266802
-0.000000 1.019234 -1.365288
0.914236 1.569301 -0.193552
0.765653 1.669509 -0.197076
0.599764 1.753417 -0.203325
0.381724 1.636753 -0.750251
0.394840 1.716334 -0.588130
0.372136 1.541290 -0.894700
0.367819 1.429934 -1.024102
0.192450 1.322806 -1.165347
-0.000000 1.182735 -1.278820
0.407296 1.778396 -0.407032
0.415243 1.818975 -0.208402
0.771149 1.681227 0.000000
0.603913 1.766531 0.000000
0.418727 1.832928 0.000000
0.202014 1.753417 -0.600211
0.208183 1.819069 -0.415027
0.212739 1.861730 -0.212214
0.214127 1.876545 0.000000
0.195745 1.669192 -0.766517
0.190029 1.568703 -0.915729
0.189601 1.453141 -1.048281
-0.000000 1.329774 -1.175691
-0.000000 1.461593 -1.056915
0.765653 1.669509 0.197076
0.599764 1.753411 0.203325
0.415243 1.818975 0.208402
0.000000 1.833051 -0.418312
0.000000 1.766484 -0.604033
-0.000000 1.680798 -0.771874
-0.000000 1.578720 -0.922467
-0.190029 1.568703 -0.915729
-0.195745 1.669192 -0.766517
-0.202014 1.753417 -0.600211
-0.189601 1.453141 -1.048281
-0.192450 1.322806 -1.165347
-0.367819 1.429934 -1.024102
-0.372136 1.541290 -0.894700
-0.381724 1.636753 -0.750251
0.000000 1.876597 -0.213754
-0.208183 1.819069 -0.415027
-0.394840 1.716334 -0.588130
0.000000 1.892450 0.000000
-0.212739 1.861730 -0.212214
-0.407296 1.778396 -0.407032
0.212739 1.861730 0.212214
0.748512 1.636654 0.385349
0.587111 1.716246 0.396696
0.407295 1.778396 0.407032
0.208183 1.819069 0.415028
0.000000 1.876597 0.213755
0.648364 1.625856 0.561639
0.725509 1.587072 0.551726
0.795879 1.544428 0.546170
0.893381 1.541285 0.375330
-0.373023 1.303470 -1.136483
-0.529723 1.395900 -0.986370
-0.536820 1.498752 -0.864480
-0.550828 1.587365 -0.725695
-0.569014 1.660582 -0.569457
-0.415243 1.818975 -0.208402
-0.587111 1.716246 -0.396696
-0.214127 1.876545 0.000000
-0.212739 1.861730 0.212214
-0.536835 1.276556 -1.091101
-0.669501 1.355051 -0.941090
-0.680121 1.445857 -0.829430
-0.700682 1.523027 -0.700058
-0.725521 1.587077 -0.551714
-0.599764 1.753417 -0.203325
-0.748512 1.636654 -0.385349
-0.418727 1.832928 0.000000
-0.415243 1.818975 0.208402
-0.192450 1.322806 -1.165347
-0.198257 1.177140 -1.266802
-0.000000 1.182735 -1.278820
-0.000000 1.019234 -1.365288
-0.386540 1.161639 -1.232166
-0.204790 1.014994 -1.351662
-0.000000 0.838291 -1.432568
-0.784750 1.310220 -0.895870
-0.799677 1.384804 -0.797727
-0.830126 1.445411 -0.679941
-0.863844 1.498260 -0.538897
-0.680199 1.244445 -1.035166
-0.555346 1.139546 -1.180167
-0.399453 1.003311 -1.312748
-0.210831 0.835446 -1.417659
-0.000000 0.577450 -1.484352
-0.603913 1.766531 0.000000
-0.599764 1.753417 0.203325
-0.765653 1.669509 -0.197075
-0.893381 1.541285 -0.375331
-0.862932 1.275688 -0.857802
-0.802797 1.213543 -0.970417
-0.705464 1.117195 -1.111794
-0.574794 0.986619 -1.253891
-0.411445 0.827505 -1.375325
-0.215931 0.576348 -1.468513
-0.000000 0.369353 -1.490741
-0.216059 0.369370 -1.474830
-0.421491 0.573239 -1.423611
-0.421850 0.369388 -1.429724
-0.592523 0.816022 -1.311140
-0.607158 0.568712 -1.355310
-0.607908 0.369411 -1.360974
-0.731484 0.969300 -1.177863
-0.755021 0.804322 -1.228524
-0.774184 0.564172 -1.267828
-0.775564 0.369417 -1.272904
-0.835699 1.096639 -1.031500
-0.869688 0.957055 -1.086055
-0.899758 0.795319 -1.129961
-0.923535 0.560735 -1.163949
-0.925755 0.369406 -1.168251
-0.900430 1.200289 -0.892505
-0.947138 1.087308 -0.937172
-0.991038 0.951137 -0.980010
-1.027594 0.792791 -1.016158
-1.056471 0.559316 -1.045047
-1.059639 0.369394 -1.048419
-1.177779 0.369376 -0.913858
-1.173639 0.560659 -0.911452
-1.279984 0.369376 -0.764009
-1.139627 0.795161 -0.887759
-1.275004 0.564037 -0.762497
-1.365552 0.369376 -0.597774
-1.095301 0.956802 -0.858300
-1.235646 0.804022 -0.743550
-1.359930 0.568571 -0.596951
-1.432034 0.369382 -0.414134
-1.039605 1.096328 -0.825842
-1.184505 0.968872 -0.720979
-1.315718 0.815723 -0.582597
-1.425993 0.573105 -0.413748
-1.475478 0.369417 -0.211530
-0.975757 1.213098 -0.796599
-0.862932 1.275688 -0.857802
-1.117200 1.116761 -0.697100
-1.258031 0.986209 -0.566039
-1.377731 0.827241 -0.403881
-1.469179 0.576195 -0.211357
-1.490748 0.369464 0.000000
-1.484370 0.577315 0.000000
-1.418397 0.835165 -0.206216
-1.432658 0.837992 0.000000
-1.314836 1.003070 -0.393022
-1.352292 1.014847 -0.200823
-1.182986 1.139171 -0.549618
-1.233498 1.161563 -0.382366
-1.036516 1.244006 -0.678693
-1.090975 1.276280 -0.537552
-0.897208 1.309857 -0.783622
-0.940352 1.354476 -0.671385
-0.799677 1.384804 -0.797727
-0.830126 1.445411 -0.679941
-0.863844 1.498260 -0.538897
-0.984588 1.395490 -0.533877
-0.893381 1.541285 -0.375331
-1.022356 1.429852 -0.372719
-1.135757 1.303546 -0.374947
-1.267072 1.177316 -0.195596
-1.164987 1.323363 -0.191976
-1.365330 1.019140 0.000000
-1.278652 1.183011 0.000000
-1.352292 1.014847 0.200823
-1.267072 1.177316 0.195597
-1.233498 1.161563 0.382366
-1.135757 1.303546 0.374947
-1.164987 1.323363 0.191976
-1.022356 1.429858 0.372719
-1.175127 1.330483 0.000000
-1.047285 1.453874 0.191038
-1.047285 1.453874 -0.191038
-1.055955 1.462549 0.000000
-0.921453 1.579506 0.000000
-0.914236 1.569301 -0.193551
-0.765653 1.669509 -0.197075
-0.771149 1.681227 0.000000
-0.603913 1.766531 0.000000
-0.914236 1.569301 0.193551
-0.765653 1.669509 0.197076
-0.893381 1.541285 0.375330
-0.748512 1.636654 0.385349
-0.599764 1.753417 0.203325
-0.587111 1.716246 0.396696
-0.415243 1.818975 0.208402
-0.407295 1.778396 0.407032
-0.212739 1.861730 0.212214
-0.208183 1.819069 0.415028
0.000000 1.876597 0.213755
0.000000 1.833051 0.418311
-0.101279 1.763047 0.603457
0.208183 1.819069 0.415028
0.101279 1.763047 0.603457
0.000000 1.766478 0.604033
0.049991 1.725330 0.689271
-0.049991 1.725330 0.689271
0.000000 1.726257 0.689331
0.000000 1.704152 0.730999
1.267072 1.177316 0.195597
1.164987 1.323363 0.191976
1.135757 1.303546 0.374946
1.278652 1.183011 0.000000
1.022356 1.429852 0.372718
1.039348 1.337222 0.536444
0.984582 1.395484 0.533891
1.175127 1.330483 0.000000
1.164987 1.323363 -0.191976
1.047279 1.453874 0.191038
1.047285 1.453874 -0.191038
1.022362 1.429852 -0.372719
0.914236 1.569301 -0.193552
1.055955 1.462549 0.000000
0.921453 1.579506 0.000000
0.771149 1.681227 0.000000
0.914236 1.569301 0.193551
0.765653 1.669509 0.197076
0.893381 1.541285 0.375330
0.925593 1.448332 0.537084
0.935781 1.401343 0.605629
0.907156 1.425969 0.607555
0.925023 1.389959 0.640073
0.863832 1.498260 0.538910
0.795879 1.544428 0.546170
0.815390 1.495333 0.615054
0.877889 1.449968 0.609061
0.848065 1.473276 0.610236
0.839371 1.459698 0.645305
0.897094 1.413823 0.642209
0.868410 1.437071 0.643955
0.858456 1.423541 0.678291
0.886379 1.401038 0.676347
0.913774 1.378000 0.673995
0.000000 0.369353 1.490742
0.000000 0.261650 1.482024
0.108442 0.369259 1.486626
0.215190 0.261650 1.466155
0.000000 0.163525 1.467097
0.213391 0.163636 1.451347
0.216053 0.369370 1.474830
0.319785 0.369265 1.455955
0.420055 0.261650 1.421169
0.421838 0.369388 1.429725
0.515932 0.369294 1.398466
0.416458 0.163841 1.406704
0.605125 0.261650 1.352688
0.599763 0.164070 1.338823
0.607902 0.369411 1.360980
0.693020 0.369312 1.319660
0.771689 0.261650 1.265080
0.775558 0.369411 1.272910
0.852145 0.369317 1.222963
0.764567 0.164228 1.252067
0.920739 0.261650 1.161136
0.911890 0.164299 1.149244
0.925749 0.369406 1.168257
0.994398 0.369312 1.110438
1.053531 0.261650 1.042233
1.059633 0.369394 1.048419
1.120638 0.369300 0.983010
1.043061 0.164275 1.031752
1.158814 0.164170 0.899908
1.170711 0.261650 0.908776
1.259123 0.164047 0.752987
1.177779 0.369376 0.913858
1.231116 0.369294 0.840547
1.272178 0.261650 0.760103
1.279984 0.369376 0.764003
1.325348 0.369288 0.682275
1.343347 0.163906 0.589669
1.357218 0.261650 0.595067
1.409020 0.163789 0.408851
1.365480 0.369564 0.597938
1.423485 0.261650 0.412383
1.432034 0.369382 0.414134
1.452025 0.163853 0.208930
1.466803 0.261650 0.210686
1.467193 0.164023 0.000000
1.475472 0.369417 0.211530
1.482042 0.261650 0.000000
1.490748 0.369464 0.000000
1.475478 0.369417 -0.211530
1.466803 0.261650 -0.210687
1.432034 0.369382 -0.414135
1.452025 0.163853 -0.208930
1.423491 0.261650 -0.412384
1.409020 0.163789 -0.408852
1.365552 0.369376 -0.597774
1.357260 0.261650 -0.594993
1.279984 0.369376 -0.764009
1.343347 0.163906 -0.589670
1.272178 0.261650 -0.760103
1.259123 0.164047 -0.752987
1.177779 0.369376 -0.913858
1.170711 0.261650 -0.908776
1.059639 0.369394 -1.048419
1.158814 0.164170 -0.899908
1.053531 0.261650 -1.042233
1.043061 0.164275 -1.031752
0.911896 0.164299 -1.149250
0.920745 0.261650 -1.161136
0.764573 0.164228 -1.252067
0.925755 0.369406 -1.168251
0.771694 0.261650 -1.265080
0.775564 0.369411 -1.272904
0.599764 0.164070 -1.338823
0.605125 0.261650 -1.352688
0.416459 0.163841 -1.406710
0.607908 0.369411 -1.360974
0.420061 0.261650 -1.421163
0.421850 0.369388 -1.429724
0.213391 0.163636 -1.451353
0.215193 0.261650 -1.466155
-0.000000 0.163525 -1.467097
-0.000000 0.261650 -1.482024
0.216059 0.369370 -1.474830
-0.000000 0.369353 -1.490741
0.000000 0.369353 1.490742
-0.108442 0.369259 1.486626
0.000000 0.261650 1.482024
-0.215190 0.261650 1.466155
-0.216053 0.369370 1.474830
-0.319785 0.369265 1.455955
0.000000 0.163525 1.467097
-0.213391 0.163636 1.451353
-0.420055 0.261650 1.421169
-0.416458 0.163841 1.406704
-0.421838 0.369388 1.429725
-0.515933 0.369294 1.398466
-0.605125 0.261650 1.352688
-0.607902 0.369411 1.360980
-0.693020 0.369312 1.319660
-0.599763 0.164070 1.338823
-0.771689 0.261650 1.265080
-0.764567 0.164228 1.252067
-0.775558 0.369411 1.272910
-0.852145 0.369317 1.222963
-0.920739 0.261650 1.161136
-0.925749 0.369406 1.168257
-0.994398 0.369312 1.110438
-0.911896 0.164299 1.149244
-1.053531 0.261650 1.042233
-1.043061 0.164275 1.031752
-1.158814 0.164170 0.899908
-1.059633 0.369394 1.048419
-1.120638 0.369300 0.983016
-1.170711 0.261650 0.908776
-1.177779 0.369376 0.913858
-1.231116 0.369294 0.840547
-1.259123 0.164047 0.752987
-1.272178 0.261650 0.760103
-1.343347 0.163906 0.589670
-1.279984 0.369376 0.764003
-1.325348 0.369288 0.682275
-1.357218 0.261650 0.595068
-1.365486 0.369564 0.597938
-1.409020 0.163789 0.408851
-1.423485 0.261650 0.412383
-1.452025 0.163853 0.208930
-1.432034 0.369382 0.414134
-1.466803 0.261650 0.210686
-1.475472 0.369417 0.211530
-1.467193 0.164023 0.000000
-1.482042 0.261650 0.000000
-1.490748 0.369464 0.000000
-1.475478 0.369417 -0.211530
-1.466803 0.261650 -0.210687
-1.432034 0.369382 -0.414134
-1.452025 0.163853 -0.208930
-1.423485 0.261650 -0.412383
-1.409020 0.163789 -0.408851
-1.365552 0.369376 -0.597774
-1.357260 0.261650 -0.594993
-1.279984 0.369376 -0.764009
-1.343347 0.163906 -0.589670
-1.272178 0.261650 -0.760103
-1.259123 0.164047 -0.752987
-1.177779 0.369376 -0.913858
-1.170711 0.261650 -0.908776
-1.059639 0.369394 -1.048419
-1.158814 0.164170 -0.899908
-1.053531 0.261650 -1.042233
-1.043061 0.164275 -1.031752
-0.911896 0.164299 -1.149250
-0.920745 0.261650 -1.161136
-0.764567 0.164228 -1.252067
-0.925755 0.369406 -1.168251
-0.771694 0.261650 -1.265080
-0.775564 0.369417 -1.272904
-0.599763 0.164070 -1.338823
-0.605125 0.261650 -1.352688
-0.416459 0.163841 -1.406710
-0.607908 0.369411 -1.360974
-0.420061 0.261650 -1.421163
-0.421850 0.369388 -1.429724
-0.213391 0.163636 -1.451353
-0.215193 0.261650 -1.466155
-0.000000 0.163525 -1.467097
-0.000000 0.261650 -1.482024
-0.216059 0.369370 -1.474830
-0.000000 0.369353 -1.490741
0.000000 0.163525 1.467097
0.000000 0.008510 1.428795
0.213391 0.163636 1.451347
-0.213391 0.163636 1.451353
-0.416458 0.163841 1.406704
-0.210161 0.010328 1.413663
-0.409968 0.015296 1.370735
-0.599763 0.164070 1.338823
-0.204790 -0.155836 1.351662
-0.399452 -0.144153 1.312748
-0.590008 0.022380 1.305723
-0.764567 0.164228 1.252067
-0.574793 -0.127461 1.253891
-0.386540 -0.302481 1.232166
-0.555345 -0.280388 1.180167
-0.751326 0.029624 1.222507
-0.911896 0.164299 1.149244
-0.731484 -0.110142 1.177863
-0.705464 -0.258043 1.111794
0.000000 -0.160076 1.365288
-0.198256 -0.317982 1.266803
-0.894863 0.035131 1.123739
-1.043061 0.164275 1.031752
-0.869688 -0.097896 1.086055
-0.835699 -0.237481 1.031500
-0.680199 -0.385287 1.035166
-0.536834 -0.417397 1.091101
-0.802797 -0.354385 0.970417
-0.373023 -0.444311 1.136483
0.210161 0.010328 1.413663
0.416458 0.163841 1.406704
0.204790 -0.155836 1.351662
-1.021888 0.036937 1.010447
-0.991038 -0.091979 0.980010
-1.133363 0.035137 0.882851
-1.158814 0.164170 0.899908
-0.947138 -0.228150 0.937173
-1.095301 -0.097644 0.858300
-1.229532 0.029665 0.739872
-1.259123 0.164047 0.752987
-0.900430 -0.341131 0.892505
-1.039605 -0.237170 0.825842
-1.184505 -0.109714 0.720979
-1.310180 0.022451 0.580178
-1.343347 0.163906 0.589670
-0.669501 -0.495893 0.941090
-0.529723 -0.536744 0.986370
-0.784750 -0.451064 0.895871
-0.862932 -0.416529 0.857802
-0.975757 -0.353940 0.796599
-1.117200 -0.257603 0.697100
-1.258031 -0.127051 0.566039
-1.373039 0.015390 0.402582
-1.409020 0.163789 0.408851
-0.536819 -0.639592 0.864480
-0.680121 -0.586697 0.829430
-0.799677 -0.525646 0.797727
-0.897208 -0.450696 0.783622
-1.036516 -0.384847 0.678693
-1.182986 -0.280013 0.549618
-1.314836 -0.143912 0.393022
-1.414377 0.010616 0.205784
-1.452025 0.163853 0.208930
-0.367818 -0.570778 1.024102
-0.373023 -0.444311 1.136483
-0.372136 -0.682131 0.894701
-0.700682 -0.663868 0.700058
-0.830120 -0.586255 0.679941
-0.940352 -0.495318 0.671385
-1.090975 -0.417128 0.537552
-1.233498 -0.302405 0.382366
-1.352292 -0.155689 0.200823
-1.428939 0.008985 0.000000
-1.467193 0.164023 0.000000
-1.452025 0.163853 -0.208930
-0.550828 -0.728208 0.725695
-0.381724 -0.777597 0.750252
-0.863844 -0.639102 0.538897
-0.984582 -0.536332 0.533877
-0.725521 -0.727916 0.551713
-0.569014 -0.801424 0.569458
-0.394839 -0.857175 0.588130
-1.135757 -0.444388 0.374947
-1.022356 -0.570697 0.372719
-0.893381 -0.682126 0.375330
-0.748512 -0.777498 0.385349
-0.587111 -0.857086 0.396696
-0.407295 -0.919240 0.407032
-1.267072 -0.318158 0.195597
-1.164987 -0.464205 0.191976
-1.365330 -0.159982 0.000000
-1.278652 -0.323853 0.000000
-0.195745 -0.810036 0.766517
-0.202014 -0.894257 0.600211
-0.208183 -0.959910 0.415027
-0.914236 -0.710142 0.193551
-1.047285 -0.594717 0.191038
-1.175127 -0.471323 0.000000
-0.765653 -0.810351 0.197075
-0.599764 -0.894256 0.203325
-0.415243 -0.959816 0.208402
-0.212739 -1.002570 0.212214
-1.352292 -0.155689 -0.200823
-1.267072 -0.318158 -0.195596
-1.164987 -0.464204 -0.191976
0.000000 -0.907324 0.604033
0.000000 -0.973890 0.418311
0.000000 -1.017439 0.213755
-0.921453 -0.720346 0.000000
-0.771155 -0.822068 0.000000
-0.603913 -0.907375 0.000000
-0.418727 -0.973769 0.000000
-0.214127 -1.017384 0.000000
0.000000 -1.033294 0.000000
-1.055955 -0.603390 0.000000
-1.047285 -0.594717 -0.191038
-0.914236 -0.710142 -0.193552
-1.022356 -0.570696 -0.372719
-1.135757 -0.444388 -0.374947
-1.233498 -0.302405 -0.382366
-1.090975 -0.417122 -0.537552
-0.765653 -0.810351 -0.197075
-0.893381 -0.682126 -0.375331
-0.984588 -0.536331 -0.533877
-0.599764 -0.894256 -0.203325
-0.748512 -0.777497 -0.385349
-0.863844 -0.639102 -0.538897
-0.940352 -0.495318 -0.671385
-0.415243 -0.959816 -0.208402
-0.587111 -0.857086 -0.396697
-0.725521 -0.727916 -0.551714
-0.830126 -0.586255 -0.679941
-0.212739 -1.002570 -0.212214
-0.407296 -0.919240 -0.407032
-0.569014 -0.801424 -0.569458
-0.700682 -0.663868 -0.700058
-1.352292 -0.155689 -0.200823
-1.314836 -0.143912 -0.393022
-1.182986 -0.280013 -0.549618
-1.036516 -0.384842 -0.678693
-0.897208 -0.450696 -0.783622
-0.799683 -0.525645 -0.797727
0.000000 -1.017439 -0.213755
-0.208183 -0.959910 -0.415027
-0.394840 -0.857175 -0.588131
-0.550828 -0.728207 -0.725695
-0.680121 -0.586696 -0.829430
-1.258031 -0.127051 -0.566039
-1.117200 -0.257603 -0.697100
-0.975757 -0.353939 -0.796599
-0.862932 -0.416529 -0.857802
-0.784750 -0.451064 -0.895871
0.000000 -0.973890 -0.418312
-0.202014 -0.894257 -0.600211
-0.381724 -0.777597 -0.750252
-0.536820 -0.639592 -0.864480
-0.669501 -0.495893 -0.941090
-1.414377 0.010616 -0.205784
-1.428939 0.008985 0.000000
-1.452025 0.163853 -0.208930
-1.409020 0.163789 -0.408851
-1.373039 0.015390 -0.402583
-1.343347 0.163906 -0.589670
-1.310180 0.022451 -0.580178
-1.259123 0.164047 -0.752987
-1.184505 -0.109714 -0.720979
-1.229532 0.029665 -0.739872
-1.158814 0.164170 -0.899908
-1.039605 -0.237170 -0.825842
-1.095301 -0.097644 -0.858300
-1.133363 0.035137 -0.882851
-1.043061 0.164275 -1.031752
-0.900430 -0.341130 -0.892505
-0.947138 -0.228149 -0.937172
-0.991038 -0.091979 -0.980010
-1.021888 0.036937 -1.010447
-0.894863 0.035131 -1.123739
-0.869688 -0.097896 -1.086055
-0.835699 -0.237481 -1.031500
-0.802797 -0.354385 -0.970417
-0.680199 -0.385287 -1.035166
-0.705464 -0.258037 -1.111794
-0.731484 -0.110142 -1.177863
-0.751326 0.029624 -1.222507
-0.911896 0.164299 -1.149250
-0.764567 0.164228 -1.252067
-0.590008 0.022386 -1.305723
-0.599763 0.164070 -1.338823
-0.574794 -0.127461 -1.253891
-0.409968 0.015296 -1.370735
-0.416459 0.163841 -1.406710
-0.555346 -0.280388 -1.180167
-0.399453 -0.144153 -1.312748
-0.210161 0.010328 -1.413663
-0.213391 0.163636 -1.451353
-0.536835 -0.417397 -1.091101
-0.669501 -0.495893 -0.941090
-0.386540 -0.302481 -1.232166
-0.204790 -0.155836 -1.351662
-0.000000 0.008510 -1.428795
-0.000000 0.163525 -1.467097
0.213391 0.163636 -1.451353
-0.529723 -0.536744 -0.986370
-0.536820 -0.639592 -0.864480
-0.373023 -0.444311 -1.136483
-0.198257 -0.317982 -1.266803
-0.000000 -0.160076 -1.365288
-0.372136 -0.682131 -0.894701
-0.381724 -0.777597 -0.750252
-0.367819 -0.570777 -1.024102
-0.192450 -0.463645 -1.165347
-0.000000 -0.323577 -1.278820
0.210161 0.010328 -1.413663
0.416459 0.163841 -1.406710
0.204790 -0.155836 -1.351662
0.198257 -0.317982 -1.266803
-0.195745 -0.810036 -0.766517
-0.202014 -0.894257 -0.600211
-0.190029 -0.709543 -0.915730
-0.189601 -0.593986 -1.048281
-0.000000 -0.470618 -1.175691
-0.000000 -0.602433 -1.056915
0.192450 -0.463645 -1.165347
0.189601 -0.593986 -1.048281
0.409968 0.015296 -1.370735
0.599764 0.164070 -1.338823
0.399453 -0.144153 -1.312748
0.386540 -0.302481 -1.232166
0.373023 -0.444311 -1.136483
0.367819 -0.570777 -1.024102
0.190029 -0.709543 -0.915730
-0.000000 -0.719562 -0.922467
-0.000000 -0.821641 -0.771874
0.000000 -0.907324 -0.604033
0.195745 -0.810036 -0.766517
0.372136 -0.682131 -0.894701
0.529723 -0.536744 -0.986370
0.536835 -0.417397 -1.091101
0.555346 -0.280388 -1.180167
0.574794 -0.127461 -1.253891
0.590009 0.022380 -1.305723
0.764573 0.164228 -1.252067
0.000000 -0.973890 -0.418312
0.202014 -0.894257 -0.600211
0.381724 -0.777597 -0.750252
0.536820 -0.639592 -0.864480
0.669501 -0.495893 -0.941090
0.680199 -0.385287 -1.035166
0.705464 -0.258037 -1.111794
0.731484 -0.110142 -1.177863
0.751326 0.029624 -1.222507
0.911896 0.164299 -1.149250
0.208183 -0.959910 -0.415027
0.000000 -1.017439 -0.213755
0.394840 -0.857175 -0.588131
0.550828 -0.728207 -0.725695
0.680121 -0.586697 -0.829430
0.784750 -0.451064 -0.895871
0.802797 -0.354385 -0.970417
0.835699 -0.237481 -1.031500
0.869688 -0.097896 -1.086055
0.894863 0.035131 -1.123739
1.043061 0.164275 -1.031752
0.212739 -1.002570 -0.212214
0.000000 -1.033294 0.000000
0.407296 -0.919240 -0.407032
0.569015 -0.801424 -0.569458
0.700682 -0.663868 -0.700058
0.799683 -0.525646 -0.797727
0.862932 -0.416529 -0.857802
0.900436 -0.341130 -0.892505
0.947138 -0.228149 -0.937172
0.991038 -0.091979 -0.980010
1.021888 0.036937 -1.010447
1.133363 0.035137 -0.882851
1.095301 -0.097644 -0.858300
1.039605 -0.237170 -0.825842
0.975757 -0.353939 -0.796599
0.897208 -0.450696 -0.783622
0.830126 -0.586255 -0.679941
0.725521 -0.727916 -0.551714
0.587111 -0.857086 -0.396697
0.415243 -0.959816 -0.208402
0.214127 -1.017384 0.000000
1.158814 0.164170 -0.899908
1.229532 0.029665 -0.739872
1.259123 0.164047 -0.752987
1.184505 -0.109714 -0.720979
1.310186 0.022451 -0.580179
1.343347 0.163906 -0.589670
1.117200 -0.257603 -0.697100
1.258031 -0.127051 -0.566039
1.373039 0.015390 -0.402583
1.409020 0.163789 -0.408852
1.036516 -0.384847 -0.678699
1.182993 -0.280013 -0.549618
1.314836 -0.143912 -0.393022
1.414377 0.010616 -0.205785
1.452025 0.163853 -0.208930
0.940352 -0.495318 -0.671385
1.090975 -0.417122 -0.537552
1.233498 -0.302405 -0.382366
1.352292 -0.155689 -0.200823
1.428939 0.008985 0.000000
1.467193 0.164023 0.000000
1.452025 0.163853 0.208930
0.863844 -0.639102 -0.538897
0.984588 -0.536331 -0.533877
1.135763 -0.444388 -0.374947
1.022362 -0.570697 -0.372719
0.893381 -0.682126 -0.375331
0.748512 -0.777498 -0.385349
1.267072 -0.318158 -0.195596
1.164987 -0.464205 -0.191976
1.365330 -0.159982 0.000000
1.278652 -0.323847 0.000000
0.914236 -0.710142 -0.193552
1.047285 -0.594717 -0.191039
1.175127 -0.471322 0.000000
0.765653 -0.810351 -0.197075
0.599764 -0.894256 -0.203325
0.587111 -0.857086 -0.396697
0.415243 -0.959816 -0.208402
1.414377 0.010616 0.205784
1.409020 0.163789 0.408851
1.352292 -0.155689 0.200822
1.267072 -0.318158 0.195597
1.164987 -0.464204 0.191976
1.055955 -0.603390 0.000000
0.921453 -0.720346 0.000000
1.047279 -0.594717 0.191038
0.771149 -0.822067 0.000000
0.914236 -0.710142 0.193551
1.022356 -0.570696 0.372718
1.135757 -0.444388 0.374946
1.233498 -0.302405 0.382366
1.090975 -0.417122 0.537551
1.314830 -0.143912 0.393022
1.182986 -0.280013 0.549618
1.373039 0.015390 0.402582
1.258025 -0.127051 0.566039
1.343347 0.163906 0.589669
1.310180 0.022451 0.580178
1.259123 0.164047 0.752987
0.603913 -0.907375 0.000000
0.765653 -0.810350 0.197075
0.893381 -0.682126 0.375330
0.984582 -0.536331 0.533877
1.117200 -0.257603 0.697100
1.184505 -0.109714 0.720979
1.229532 0.029665 0.739872
1.158814 0.164170 0.899908
1.036516 -0.384842 0.678693
0.940352 -0.495318 0.671385
0.863844 -0.639102 0.538897
0.748512 -0.777498 0.385349
0.599764 -0.894256 0.203325
0.418727 -0.973769 0.000000
0.599764 -0.894256 -0.203325
0.415243 -0.959816 -0.208402
0.214127 -1.017384 0.000000
0.415243 -0.959815 0.208402
0.587111 -0.857086 0.396696
0.725521 -0.727916 0.551713
0.830120 -0.586255 0.679941
0.897208 -0.450696 0.783622
0.975751 -0.353940 0.796599
1.039605 -0.237170 0.825842
1.095301 -0.097644 0.858300
1.133363 0.035137 0.882851
1.043061 0.164275 1.031752
0.212739 -1.002570 0.212214
0.000000 -1.033294 0.000000
0.000000 -1.017439 0.213755
0.407295 -0.919240 0.407032
0.208183 -0.959910 0.415027
0.000000 -0.973890 0.418311
0.569014 -0.801424 0.569458
0.394839 -0.857175 0.588130
0.202014 -0.894257 0.600211
0.000000 -0.907324 0.604033
0.700682 -0.663868 0.700058
0.550827 -0.728207 0.725695
0.381724 -0.777597 0.750252
0.195745 -0.810036 0.766517
0.799677 -0.525646 0.797727
0.680121 -0.586696 0.829430
0.536819 -0.639591 0.864480
0.372136 -0.682131 0.894701
0.862932 -0.416529 0.857802
0.784750 -0.451064 0.895871
0.669501 -0.495893 0.941090
0.529723 -0.536744 0.986370
0.000000 -0.821641 0.771874
-0.195745 -0.810036 0.766517
0.190029 -0.709544 0.915730
0.367818 -0.570778 1.024102
0.900430 -0.341131 0.892505
0.802797 -0.354385 0.970411
0.680199 -0.385287 1.035166
0.536834 -0.417397 1.091101
0.373023 -0.444311 1.136483
-0.190029 -0.709544 0.915730
-0.372136 -0.682131 0.894701
-0.367818 -0.570778 1.024102
0.000000 -0.719563 0.922467
0.000000 -0.602433 1.056915
-0.189600 -0.593986 1.048281
0.189600 -0.593985 1.048281
0.000000 -0.470618 1.175691
0.192450 -0.463646 1.165347
-0.192450 -0.463646 1.165347
0.000000 -0.323577 1.278820
0.198256 -0.317982 1.266803
0.386540 -0.302481 1.232166
0.555345 -0.280388 1.180167
0.705464 -0.258043 1.111794
0.835699 -0.237481 1.031500
1.039605 -0.237170 0.825842
0.947138 -0.228150 0.937173
1.095301 -0.097644 0.858300
-0.373023 -0.444311 1.136483
-0.198256 -0.317982 1.266803
0.000000 -0.160076 1.365288
0.204790 -0.155836 1.351662
0.399452 -0.144153 1.312748
0.210161 0.010328 1.413663
0.574793 -0.127461 1.253891
0.409968 0.015296 1.370735
0.416458 0.163841 1.406704
0.599763 0.164070 1.338823
0.590008 0.022386 1.305723
0.764567 0.164228 1.252067
0.731484 -0.110142 1.177863
0.751326 0.029624 1.222507
0.869688 -0.097896 1.086055
0.991038 -0.091979 0.980004
0.894863 0.035131 1.123739
0.911890 0.164299 1.149244
1.043061 0.164275 1.031752
1.021888 0.036937 1.010447
1.133363 0.035137 0.882851
