-0.430552 0.00168333 -0.0683228
-0.957032 -0.0944692 0.222419
-0.749911 0.439385 -0.289953
-0.537826 0.549191 -0.261438
-0.431071 0.357345 0.986201
-0.334195 -0.192793 0.00669172
-0.127373 0.137201 -0.16329
-0.462353 -0.0127157 0.382478
-0.577222 0.116819 -0.229027
-0.423632 0.359996 0.653132
-0.36087 -0.10532 -0.54231
-0.778101 0.468676 0.33464
-0.500807 0.126539 0.783439
-0.654739 0.425884 0.0904888
-0.108432 0.593707 -0.178415
-0.45587 -0.468571 0.170306
-0.43085 0.421412 -0.0357595
-0.181554 0.296774 0.576571
-0.348676 0.35757 0.498499
-0.503708 0.408739 -0.222084
-0.0381308 0.00490757 0.743436
-0.482817 -0.0427725 0.0581595
-0.361379 0.29925 -0.252089
-0.810477 -0.171872 0.547512
-0.20151 0.20735 -0.38655
-0.207927 -0.122059 0.770758
-0.4554 0.0127315 -0.386762
-0.243187 0.472404 -0.06245
-0.0136723 0.135104 0.650889
-0.784339 0.13509 -0.185342
-0.738705 -0.390651 0.430957
-0.48007 0.211639 -0.177645
0.0541925 0.358045 0.153629
-0.339086 0.164118 -0.373965
-0.0687719 0.312066 -0.121034
-0.637283 -0.283869 -0.244665
-0.616519 -0.0475369 -0.228586
-0.636732 0.273999 -0.208509
-0.950332 0.0419247 0.204783
-0.817594 0.352533 0.360558
-0.86899 0.419385 0.433365
-0.181456 0.355171 -0.139366
-1.00496 0.102896 0.0279589
-1.04402 0.340231 0.122096
-0.867089 0.0482118 0.618049
-0.86444 0.184705 0.378434
0.0814627 0.401199 0.869025
-0.127534 -0.520016 -0.202617
0.15658 0.0487736 0.819784
-0.51548 0.259466 0.76657
-0.787813 0.155909 0.750701
-0.283917 0.36871 0.0533147
-0.269616 0.135461 0.0582006
-0.0386218 0.155938 -0.0679397
-0.663319 0.218893 0.409695
-0.605974 0.284828 0.548972
-0.11004 0.215134 -0.225195
-0.156938 0.571212 0.0278215
-0.445993 0.208073 0.150793
-0.143547 0.380399 0.587136
-0.513064 -0.306747 0.453645
-0.186313 0.108288 0.61523
-0.0109155 0.37411 -0.00148337
-0.310126 0.169673 -0.139218
-0.548641 0.55964 -0.0260699
-0.848469 0.265128 0.161341
0.140007 -0.30019 0.359715
-0.937628 0.126886 0.530022
-0.247725 0.602278 -0.397803
-0.67332 0.169289 -0.43019
-0.164337 -0.0424639 0.600825
-0.00159511 0.0603121 0.00461791
-0.73225 0.357893 0.715723
-0.679 -0.0675136 -0.0577815
-0.396195 0.121677 0.128999
-0.896709 0.363032 0.543872
-0.696538 0.356841 0.266023
-0.458502 0.00455909 0.189774
-0.913038 0.142444 0.165021
-1.02068 0.0704847 0.32659
-0.912185 0.0108461 0.334025
-0.285646 -0.0639337 -0.315372
-0.198968 0.0855376 -0.329645
-0.526079 0.0834203 0.427623
-0.697002 0.134084 0.228737
-1.01468 0.322343 0.233882
-0.797462 0.270597 0.534709
-0.0776032 -0.19926 -0.161537
-0.933734 0.45285 0.124501
-0.213432 0.0501898 -0.174051
-0.159177 -0.299738 -0.193885
-0.161392 0.0508735 0.0066673
-0.714059 -0.109525 0.0643741
-0.251693 0.545292 0.454145
-0.925167 -0.118527 0.391264
-1.16713 0.0837916 0.168588
-0.368592 0.543921 0.135987
-0.551069 0.478211 0.195485
-0.421553 0.481408 0.417479
-0.147096 0.354881 1.02642
-0.239011 0.463267 0.580439
-0.694888 -0.331333 0.546243
-0.507802 -0.28296 0.864182
-0.00103226 -0.29449 0.00406403
-0.265278 0.242924 0.755005
0.0702006 0.384107 0.654264
-0.0468414 0.53473 -0.0492947
-0.0633283 0.0765426 -0.152716
-0.0826602 0.438226 -0.174373
-0.3953 0.487865 0.621781
-0.704187 0.420304 0.568869
-1.12436 0.0506836 0.302712
-0.263008 0.594066 -0.182025
-0.0376816 0.106426 0.15387
-0.200992 -0.159067 0.200792
-0.140887 0.501052 -0.164068
-0.645803 0.502038 0.218634
-0.35883 0.0614119 0.510444
-0.530853 0.349627 0.111718
0.0808384 -0.297421 0.225304
-0.706305 0.0620406 0.420341
-0.165138 0.465602 -0.30837
-0.937105 -0.0492231 0.504113
-1.12423 0.225666 0.237963
-0.954884 0.225753 -0.234495
-0.0577661 -0.258836 0.892546
-0.129093 -0.216358 0.353562
-0.345581 0.187322 -0.59306
-0.474413 -0.349753 0.612048
-0.820602 0.40304 0.0301256
-0.828818 0.0436711 0.0878058
-0.359023 0.55776 -0.00816027
-0.231744 0.367595 0.778147
-0.963456 0.384155 -0.056097
-0.844554 0.00128651 -0.287645
-1.08475 0.19084 0.378368
-0.469722 0.147546 1.03278
0.0101649 -0.065466 0.00371308
-0.516645 -0.265244 -0.0460921
-0.311346 -0.129407 0.411149
-0.236965 -0.232477 -0.380009
-0.234683 0.219248 -0.261062
0.0356867 0.166653 1.01077
-0.995762 0.215635 0.277969
-0.693369 -0.0574859 0.828045
-0.25788 0.368214 -0.440648
-0.72291 -0.40578 0.202931
-0.350231 -0.0103925 0.731761
-0.753174 -0.0107525 0.186911
-0.46402 0.29649 -0.373898
-0.487833 0.461503 0.782225
-0.817189 0.0268011 -0.0736879
-0.527933 -0.34756 0.346775
-0.611728 -0.0349544 0.23952
-0.104979 0.518399 0.706006
0.00941026 -0.161036 0.655393
0.0691776 -0.591537 0.164251
-0.425628 -0.199684 0.273555
-0.372731 0.50599 -0.542479
-1.04911 -0.0626804 0.0526612
-0.923189 -0.131324 -0.0949143
-0.608877 0.164426 -0.079081
0.172961 -0.00342998 0.600197
-1.10852 -0.030877 0.171484
0.104758 -0.309165 0.505772
-0.157588 -0.0655811 -0.273743
-0.712808 -0.0490526 0.597256
-0.0960049 0.450433 -0.0178276
-0.320174 -0.149663 0.553019
-0.745534 0.496942 0.0818614
-0.0806395 -0.140802 0.0109882
-0.191278 -0.236846 0.603767
-0.78292 0.525715 -0.0992396
-0.251829 0.0661417 0.270218
-0.00611016 -0.355817 0.229556
-0.000181284 0.476418 0.0598876
-0.453662 -0.119215 0.644986
-0.244226 -0.106486 -0.0926724
-1.1003 0.026496 -0.111556
-0.281316 -0.360502 0.366955
-0.780115 0.311275 -0.0904799
-0.269608 0.411504 -0.240184
-0.59343 0.461276 0.497425
-0.729611 -0.152062 0.447947
-0.747595 0.437084 0.199593
-0.648692 0.25636 0.00427519
0.0540162 -0.429936 0.725124
-0.687849 -0.226471 0.694711
0.0764612 0.26766 0.644655
-0.563776 0.359441 0.449917
-0.669458 0.153843 0.308244
-1.05951 0.185775 0.151353
-0.285615 -0.369121 0.760374
-0.540837 -0.0903708 0.484596
-0.62578 0.454851 -0.0599642
-0.00904152 0.610284 0.116951
-0.994717 0.28978 0.415738
-0.099125 -0.0502613 -0.120552
-0.263496 -0.00160208 0.0908918
0.0418585 0.162352 0.0707593
-0.92967 0.326953 0.329773
-0.0766844 -0.0713558 0.164844
-0.710844 -0.470281 -0.0107071
-0.565094 0.337413 -0.0712928
-0.879962 -0.252281 0.0951771
-0.909359 0.240082 0.026688
-0.892066 0.444206 0.253594
-0.180937 -0.392092 0.195035
-0.335162 -0.487983 -0.357998
-0.0217154 -0.465548 0.0153542
-0.548247 0.0978848 0.238747
-0.136824 0.315798 -0.271831
-0.318762 -0.0575775 1.00611
-0.0521755 0.256014 0.0119123
-0.431768 0.546827 0.232747
-0.645683 0.040819 0.379097
-0.58018 0.0372207 0.0915427
0.100429 0.00373881 0.14756
-0.440281 0.236068 -0.00188274
-0.581546 0.0696794 -0.0641856
-0.0785085 -0.325297 0.516904
-0.561912 -0.134942 0.391572
-0.657953 0.136845 0.0688064
-0.0124543 0.254348 0.83865
-0.59624 0.442972 0.344384
-0.890145 0.351167 0.188724
-0.805523 0.173011 -0.00288409
-0.214458 0.237113 -0.0685101
-0.197074 0.485405 0.924322
-0.39422 0.050042 -0.220849
-0.140901 -0.278804 0.0612121
-0.411321 -0.1289 -0.218495
-0.9939 0.0771336 0.426299
0.133572 -0.104106 0.269014
-0.614605 0.0814463 0.589995
-0.860718 0.138975 0.274605
-0.55405 -0.194479 0.150226
-0.33343 -0.0866547 0.169124
-1.11495 0.19131 0.015653
-0.737216 -0.0234249 0.341965
-0.323845 -0.396015 -0.0280119
-0.0667083 0.523386 0.471068
-0.396381 0.110152 -0.0300011
-0.840348 -0.232128 0.332166
-0.728971 -0.19806 0.22545
-0.361292 0.195811 0.576076
-0.272561 0.0368612 -0.47621
-0.142224 0.109226 0.870856
-0.37681 0.492249 -0.160273
-1.01924 0.393781 0.308594
-0.476306 0.484981 0.0872299
-0.707649 0.347373 0.0821109
0.0353381 -0.173397 0.113936
-0.351525 0.320368 -0.0969566
-0.230752 0.517733 0.11198
-0.705813 0.218285 0.177495
-0.0441194 -0.284506 0.35498
-0.0706265 -0.207723 0.451324
0.0388622 -0.198119 0.550959
0.138169 -0.209951 0.482693
0.194546 -0.189604 0.602023
0.218047 -0.177937 0.514499
0.231063 -0.187845 0.591689
0.21651 -0.178752 0.537232
0.237992 -0.187336 0.600101
0.202154 -0.170114 0.504833
0.235785 -0.157619 0.623658
0.188953 -0.119909 0.51485
0.214758 -0.0696695 0.572858
0.135004 -0.0861615 0.424419
0.16299 -0.0742474 0.609924
0.0775181 -0.0920584 0.531599
0.120723 -0.0208666 0.552599
-0.0192835 -0.0531483 0.400241
-0.0261754 0.009148 0.691265
-0.0915744 -0.0105084 0.559952
-0.00975418 0.0803109 0.587278
-0.17847 0.0654317 0.392944
-0.148522 0.136295 0.689078
-0.191988 0.127171 0.524219
-0.118127 0.21675 0.545335
-0.279943 0.181981 0.355282
-0.36977 0.228086 0.585323
-0.487882 0.182276 0.458724
-0.428287 0.299951 0.517632
-0.630659 0.233979 0.344473
-0.685177 0.297873 0.454466
-0.582791 0.188426 0.2252
-0.23696 -0.294799 0.516676
-0.0802058 -0.253251 0.466582
0.0954017 -0.31965 0.500827
0.1663 -0.18567 0.487044
0.190955 -0.232939 0.603475
0.239984 -0.173995 0.509629
0.227118 -0.242394 0.587951
0.226842 -0.195952 0.566916
0.204587 -0.221334 0.518767
0.246337 -0.155638 0.553236
0.239886 -0.206613 0.540392
0.263875 -0.0745124 0.570711
0.188844 -0.130328 0.463882
0.234728 -0.0513155 0.578038
0.238762 -0.102276 0.540357
0.226687 0.0148589 0.609663
0.102577 -0.0700397 0.458554
0.168736 0.0351692 0.617419
0.180597 0.0262221 0.567043
0.192005 0.109666 0.691335
0.000392767 0.043079 0.464489
0.0224199 0.144207 0.725626
0.0527088 0.162004 0.606541
0.0986662 0.254365 0.688725
-0.080872 0.186052 0.419881
-0.154133 0.290307 0.633653
-0.22108 0.26285 0.434944
-0.201588 0.357535 0.544034
-0.363491 0.233535 0.323086
-0.538156 0.374778 0.488902
-0.503189 0.251498 0.374295
-0.50835 0.329746 0.362474
-0.0493802 -0.304777 0.409877
-0.165862 -0.319639 0.57697
0.0320015 -0.223183 0.627495
0.158426 -0.233312 0.457068
0.221626 -0.242515 0.521705
0.215003 -0.271812 0.54317
0.197338 -0.248028 0.5332
0.227453 -0.244685 0.511459
0.188136 -0.21618 0.520741
0.211475 -0.212658 0.536729
0.193082 -0.172054 0.462891
0.239166 -0.108616 0.526664
0.190014 -0.0598155 0.524349
0.242015 -0.0457272 0.618202
0.137684 -0.0779827 0.430773
0.246645 -0.0128687 0.563724
0.136617 -0.00125736 0.522903
0.255815 0.0442398 0.63508
0.10376 0.0078153 0.385566
0.22831 0.0809278 0.586653
0.116217 0.0908399 0.505612
0.246825 0.160925 0.699637
0.0300603 0.109029 0.348353
0.166006 0.20935 0.573884
0.0550002 0.255774 0.485155
0.0984931 0.324145 0.625816
-0.0810155 0.262599 0.353187
-0.0871055 0.319271 0.475267
-0.266752 0.336094 0.374337
-0.304826 0.362823 0.452842
-0.349407 0.267063 0.221077
-0.617186 0.331037 0.267795
-0.311987 -0.322753 0.412253
-0.166383 -0.336769 0.557983
-0.00997029 -0.332532 0.525808
0.135019 -0.240817 0.415292
0.161878 -0.300708 0.423252
0.211484 -0.255102 0.530643
0.151267 -0.286 0.408541
0.15997 -0.23616 0.478274
0.135421 -0.28533 0.291669
0.196461 -0.20644 0.488966
0.127894 -0.1923 0.321009
0.167516 -0.0734841 0.481843
0.104096 -0.129174 0.23789
0.208346 -0.0151065 0.510348
0.0708718 -0.0783618 0.284799
0.193882 0.0466961 0.512311
0.0544741 -0.039839 0.134016
0.209199 0.0611982 0.513767
0.0130021 0.0185433 0.266693
0.183893 0.114779 0.471014
0.0424894 0.0781732 0.114164
0.181995 0.179699 0.53179
-0.0705658 0.13026 0.26157
0.121681 0.233967 0.462394
-0.00876776 0.225682 0.112795
0.0658788 0.341416 0.479547
-0.136601 0.236695 0.313651
-0.0611946 0.374611 0.442289
-0.258433 0.275903 0.0906385
-0.329206 0.427485 0.286832
-0.458539 0.295222 0.147525
-0.539379 0.414302 0.338859
-0.460368 -0.350804 0.585914
-0.545403 -0.371194 0.685323
-0.205589 -0.351581 0.643247
-0.00819568 -0.344006 0.434539
0.0989384 -0.238525 0.477447
0.135993 -0.290183 0.439593
0.164802 -0.269885 0.448262
0.152006 -0.277793 0.389222
0.138261 -0.265541 0.457141
0.154205 -0.213107 0.395967
0.161659 -0.141725 0.431894
0.160037 -0.0953523 0.405667
0.148678 -0.0495681 0.430276
0.195882 -0.0272446 0.451703
0.146205 -0.00401987 0.407777
0.185193 0.00321747 0.426723
0.16075 0.0360712 0.406213
0.193992 0.0667843 0.431434
0.121191 0.0952937 0.428785
0.182561 0.123156 0.369981
0.14947 0.156954 0.375378
0.204159 0.195069 0.444451
0.100313 0.225055 0.441697
0.172694 0.250825 0.33018
0.121617 0.305372 0.326627
0.145743 0.328128 0.446588
0.0351048 0.300025 0.467225
0.0687356 0.311697 0.298544
-0.0656227 0.341457 0.296061
-0.162569 0.358843 0.159693
-0.250608 0.357023 0.292128
-0.385089 0.392999 0.206519
-0.675976 -0.453459 0.482764
-0.354429 -0.433113 0.425093
-0.307572 -0.494679 0.527384
-0.146612 -0.361838 0.587674
0.0389836 -0.294797 0.391679
0.159981 -0.284641 0.420489
0.146104 -0.316437 0.363079
0.167005 -0.292896 0.464218
0.152479 -0.298115 0.339241
0.176194 -0.219895 0.464343
0.130011 -0.180259 0.323287
0.171791 -0.0819786 0.488347
0.139109 -0.0875755 0.288609
0.230872 -0.0335222 0.542657
0.136159 -0.0281923 0.304738
0.229624 0.0239959 0.53985
0.133642 0.00976555 0.285656
0.242038 0.0614496 0.582594
0.134869 0.0834028 0.320064
0.217399 0.144917 0.546487
0.121729 0.137852 0.240812
0.245341 0.1905 0.608418
0.107849 0.210269 0.348004
0.203091 0.266973 0.535408
0.122881 0.283672 0.218585
0.210202 0.313953 0.637467
0.0646614 0.2694 0.364928
0.10786 0.288345 0.720024
-0.0464456 0.280395 0.152936
-0.0926869 0.38987 0.523505
-0.326341 0.384464 0.106093
-0.387556 0.439067 0.464105
-0.554019 -0.453855 0.417827
-0.676086 -0.519466 0.608916
-0.562429 -0.504668 0.739904
-0.279387 -0.552485 0.538702
0.0174826 -0.32624 0.472832
0.108372 -0.309086 0.514831
0.189512 -0.320273 0.465212
0.156436 -0.309918 0.505334
0.174855 -0.252191 0.502039
0.179617 -0.207066 0.490461
0.20744 -0.134969 0.533376
0.210263 -0.0537588 0.51366
0.236188 -0.0407437 0.553666
0.254696 -0.0282741 0.553744
0.26236 -0.0101442 0.57094
0.262229 0.00968271 0.538427
0.254712 0.0474396 0.559666
0.262462 0.081899 0.538911
0.256206 0.119403 0.58703
0.248956 0.13501 0.511683
0.253056 0.182645 0.574096
0.251634 0.198295 0.566656
0.256568 0.243223 0.593243
0.256347 0.26448 0.557222
0.208087 0.30659 0.520629
0.289131 0.324245 0.607112
0.1754 0.307642 0.528616
0.193988 0.285948 0.646724
0.0873335 0.288215 0.516472
-0.000162814 0.353831 0.331548
-0.161564 0.392936 0.312495
-0.241433 0.396661 0.525583
-0.764319 -0.577947 0.181662
-0.462759 -0.495036 0.278617
-0.72927 -0.637198 0.45149
-0.286724 -0.482632 0.500442
-0.15302 -0.40876 0.39641
0.0937122 -0.244665 0.500339
0.177028 -0.304644 0.42197
0.201213 -0.254347 0.50978
0.172589 -0.294157 0.450645
0.222038 -0.197608 0.548974
0.197146 -0.15442 0.476023
0.229034 -0.0665354 0.552463
0.208463 -0.0433034 0.492504
0.264468 -0.0338539 0.602629
0.222999 -0.00750341 0.480027
0.263009 0.0198694 0.586984
0.217013 0.0466764 0.447108
0.280954 0.0883012 0.606631
0.233809 0.0994943 0.439691
0.276519 0.138924 0.584695
0.224741 0.166258 0.443824
0.273156 0.20685 0.616544
0.238128 0.196415 0.475437
0.311917 0.264675 0.631244
0.222293 0.283115 0.46525
0.270338 0.304894 0.631623
0.212973 0.301615 0.469475
0.173251 0.319624 0.56529
0.0805674 0.316661 0.365414
-0.0844694 0.447364 0.319865
-0.2619 0.432519 0.203635
-0.278548 0.492433 0.380234
-0.675044 -0.595169 0.341812
-0.563685 -0.52544 0.428966
-0.62813 -0.606056 0.583608
-0.522021 -0.576134 0.519091
-0.267934 -0.478496 0.514846
0.0108164 -0.240802 0.476185
0.200034 -0.241694 0.533721
0.18256 -0.245501 0.546401
0.205986 -0.2118 0.569142
0.230367 -0.207948 0.58014
0.228338 -0.133443 0.64395
0.254692 -0.112273 0.617093
0.265965 -0.069977 0.65065
0.270513 -0.0574497 0.612493
0.288736 -0.00362075 0.642132
0.273417 -0.0089974 0.605958
0.303515 0.0436094 0.627487
0.290262 0.0748435 0.598171
0.317161 0.128436 0.63917
0.288895 0.13908 0.613872
0.309903 0.171926 0.636914
0.307287 0.197488 0.633481
0.336391 0.24571 0.678917
0.297504 0.267178 0.669888
0.282063 0.297104 0.66721
0.318037 0.325153 0.672608
0.262502 0.337525 0.619726
0.23685 0.326578 0.588382
0.137383 0.309407 0.519867
0.0397669 0.417596 0.348344
-0.0667813 0.435905 0.393997
-0.190379 0.434069 0.484814
-0.489231 -0.604318 0.191124
-0.42548 -0.505183 0.39296
-0.658214 -0.664521 0.106867
-0.326038 -0.587252 0.606985
-0.45584 -0.672649 0.358808
-0.00752506 -0.250158 0.615746
0.197475 -0.234588 0.462711
0.210674 -0.229022 0.568715
0.21058 -0.216728 0.515498
0.250923 -0.186317 0.604939
0.241265 -0.152621 0.604227
0.273686 -0.091671 0.628888
0.269222 -0.0628239 0.571656
0.26321 -0.0520972 0.62759
0.278796 -0.0239797 0.599203
0.282409 -0.000995342 0.610635
0.280911 0.0392804 0.533146
0.285549 0.0973272 0.621549
0.290417 0.114901 0.582101
0.286852 0.139022 0.614008
0.288885 0.150997 0.547383
0.306802 0.225732 0.633201
0.309021 0.208052 0.61887
0.293481 0.249537 0.690029
0.284744 0.271203 0.576329
0.267447 0.330078 0.688734
0.225071 0.315176 0.518902
0.185984 0.382321 0.747528
0.0539866 0.278574 0.174172
-0.0937617 0.500424 0.447493
-0.158006 0.455052 -0.00411021
-0.120848 0.451224 0.605657
-0.287644 -0.528126 0.33353
-0.343225 -0.551819 0.244973
-0.405212 -0.534206 0.739182
-0.406922 -0.67247 0.36914
-0.345332 -0.627345 0.497618
-0.023065 -0.341454 0.578441
0.212042 -0.219201 0.575944
0.264179 -0.259387 0.580315
0.239755 -0.181032 0.598212
0.265498 -0.186488 0.633664
0.250284 -0.111711 0.614541
0.280351 -0.109713 0.668642
0.291579 -0.0755449 0.644745
0.308096 -0.0621947 0.682821
0.299503 -0.030731 0.659117
0.311494 -0.0192356 0.655828
0.314058 0.0306173 0.630353
0.318144 0.0717828 0.638992
0.326442 0.101429 0.662314
0.334715 0.146699 0.654595
0.343736 0.189002 0.665571
0.320986 0.217073 0.66629
0.356096 0.256088 0.686078
0.334411 0.281098 0.713984
0.35894 0.304839 0.653819
0.290835 0.347096 0.670601
0.263302 0.374306 0.634883
0.170721 0.418462 0.574531
0.0818634 0.405303 0.241499
-0.136894 0.549139 0.0686207
-0.0481448 0.439897 0.12591
-0.0233157 0.451063 0.440291
-0.298786 -0.556778 0.00351025
-0.271991 -0.468949 0.248514
-0.400571 -0.676299 0.0250151
-0.262075 -0.578783 0.438245
-0.458611 -0.713879 -0.0339439
-0.00552534 -0.353064 0.57399
0.165986 -0.258894 0.528703
0.289665 -0.229847 0.592608
0.22326 -0.199244 0.551266
0.259399 -0.172452 0.576137
0.221788 -0.101002 0.547236
0.241706 -0.105817 0.604078
0.226989 -0.0703293 0.558607
0.265986 -0.0980337 0.617617
0.26809 -0.0554977 0.636615
0.235952 -0.0104944 0.616495
0.257864 0.0384437 0.589781
0.307268 0.0432972 0.648768
0.270021 0.0737739 0.648079
0.20293 0.145391 0.666653
0.267764 0.169689 0.628423
0.322947 0.185022 0.73518
0.263353 0.220963 0.667269
0.201949 0.280733 0.689982
0.247212 0.311531 0.592514
0.281284 0.355617 0.735549
0.180056 0.350959 0.553057
0.0830239 0.462694 0.271195
0.00879802 0.409961 0.0472118
-0.152402 0.637776 -0.120872
-0.113841 0.48779 -0.131524
-0.1353 0.536108 0.273269
-0.191934 -0.550933 0.203509
-0.144701 -0.485988 0.318079
-0.247776 -0.620539 0.240611
-0.133922 -0.574558 0.379831
-0.183765 -0.571922 0.523966
0.0959017 -0.4197 0.535998
0.256384 -0.274339 0.552183
0.277138 -0.245112 0.618202
0.24182 -0.146197 0.612531
0.255608 -0.193526 0.607552
0.246079 -0.119981 0.581066
0.243775 -0.10998 0.643113
0.204324 -0.0815908 0.633772
0.216352 -0.0594084 0.65046
0.285521 -0.0412683 0.696809
0.231809 -0.00536028 0.74175
0.119869 0.0624197 0.705408
0.21862 0.101929 0.669549
0.326709 0.136482 0.718873
0.242185 0.162262 0.8052
0.0629948 0.22239 0.755568
0.205891 0.27223 0.731085
0.276862 0.329203 0.708043
0.245416 0.330336 0.734345
0.0612369 0.358337 0.668063
0.181805 0.403974 0.64489
0.214331 0.382669 0.550247
0.131186 0.461678 0.418947
-0.0707151 0.541315 0.148003
-0.0741655 0.519311 0.264524
-0.00892989 0.468921 0.253178
0.0245881 0.465665 0.442236
-0.0654947 -0.474704 0.162435
-0.0471672 -0.417332 0.263602
-0.153175 -0.640321 0.00637637
-0.0189241 -0.547714 0.484228
-0.0564857 -0.581673 0.263648
0.148403 -0.426448 0.626523
0.0904181 -0.363091 0.563263
0.292184 -0.307187 0.570275
0.233688 -0.220643 0.551875
0.291648 -0.211787 0.626731
0.124974 -0.184635 0.444352
0.248959 -0.179058 0.602351
0.232476 -0.112769 0.607419
0.257153 -0.0765765 0.696979
0.072197 -0.0254807 0.613613
0.279215 -0.0200063 0.702949
0.267371 0.0552432 0.702674
0.205239 0.0808992 0.785013
-0.0402424 0.114162 0.794045
0.269492 0.124222 0.807989
0.289517 0.219991 0.779923
0.201582 0.286578 0.795139
-0.0284645 0.340032 0.783119
0.236333 0.359619 0.791007
0.219397 0.409477 0.656584
0.174026 0.417483 0.686257
0.0440493 0.382927 0.573363
0.0932316 0.463379 0.524576
0.0336485 0.375839 0.114776
-0.0584677 0.571621 0.32171
0.0524778 0.41187 0.273366
0.0476411 0.516191 0.540058
-0.00482955 -0.444451 0.425484
0.0793986 -0.422444 0.332978
-0.0165981 -0.506747 0.621139
0.0463461 -0.51619 0.343531
0.0977611 -0.529258 0.424032
0.193257 -0.448863 0.591764
0.110472 -0.413252 0.725047
0.240969 -0.324856 0.594864
0.237435 -0.265822 0.57084
0.255761 -0.272307 0.640505
0.130655 -0.216329 0.600877
0.208611 -0.151508 0.647448
0.261025 -0.11699 0.658056
0.279263 -0.0694801 0.734425
-0.028958 -0.00281024 0.762851
0.167551 0.0190894 0.773879
0.250288 0.0825528 0.739564
0.313214 0.126586 0.715612
-0.251199 0.161243 0.90451
0.0637165 0.200246 0.837145
0.277496 0.271016 0.797448
0.307461 0.346242 0.769376
-0.232424 0.385856 0.925039
0.124015 0.419441 0.956493
0.239636 0.426122 0.675601
0.228725 0.444981 0.63424
-0.0885673 0.478899 0.667097
0.0880018 0.540068 0.521829
0.0943078 0.533676 0.277242
0.0855804 0.504192 0.19623
0.0917037 0.503217 0.447501
0.174474 0.411673 0.521085
0.0523011 -0.418125 0.217694
0.134278 -0.335954 0.416221
0.0605132 -0.525722 0.207987
0.14671 -0.429148 0.435221
0.0728399 -0.591542 0.122048
0.226454 -0.378669 0.582
0.194841 -0.427728 0.393414
0.276226 -0.32571 0.618618
0.183819 -0.314296 0.567825
0.278384 -0.229972 0.610856
0.193051 -0.269949 0.449013
0.22995 -0.190158 0.639723
0.162493 -0.143607 0.635976
0.243666 -0.05021 0.775584
0.216868 -0.0128784 0.564279
0.259556 0.0487059 0.70693
-0.0208391 0.0761761 0.873441
0.138727 0.137344 0.847681
0.307668 0.16115 0.713258
0.286616 0.280337 0.647099
-0.0144925 0.28541 0.931806
0.108645 0.358881 0.862093
0.289048 0.405669 0.717573
0.263939 0.467586 0.670756
0.0246501 0.448917 0.779142
0.118358 0.518651 0.695022
0.147696 0.455302 0.603091
-0.00618477 0.647967 -0.0445443
0.12815 0.487897 0.416806
0.0381685 0.648839 0.161689
0.193404 0.462083 0.389133
0.158487 0.4806 0.397101
0.156279 -0.322783 0.481186
0.203309 -0.293013 0.620645
0.174913 -0.432655 0.497575
0.254311 -0.368964 0.558536
0.1687 -0.462096 0.62058
0.281164 -0.34688 0.663201
0.26672 -0.371468 0.555238
0.284644 -0.290632 0.606792
0.163001 -0.292741 0.718875
0.253611 -0.221017 0.76412
0.256154 -0.232641 0.592473
0.27484 -0.139448 0.647661
0.130301 -0.123881 0.829162
0.18529 -0.0222779 0.951839
0.267874 -0.0154461 0.691216
0.282379 0.078327 0.723076
-0.137281 0.0816551 1.04039
0.0389148 0.201171 1.01973
0.266837 0.204809 0.729099
0.274737 0.319279 0.705548
-0.171652 0.343975 1.0851
0.183925 0.443931 1.03308
0.285309 0.435765 0.739269
0.296564 0.493611 0.70635
-0.0484487 0.494959 0.951091
0.189081 0.559231 0.842373
0.202674 0.555071 0.571007
0.15876 0.604558 0.319889
0.136548 0.563453 0.480737
0.174767 0.555545 0.55996
0.179648 0.542356 0.477581
0.208254 0.453125 0.515174
0.182607 -0.243931 0.456124
0.246921 -0.229339 0.614709
0.247251 -0.401354 0.427098
0.299667 -0.322228 0.634159
0.290099 -0.442959 0.60905
0.282183 -0.330342 0.709211
0.234734 -0.405214 0.686041
0.320822 -0.297074 0.678006
0.277921 -0.347748 0.764362
0.323934 -0.265586 0.710547
0.279196 -0.243108 0.713027
0.288938 -0.140303 0.743162
0.264567 -0.174996 0.827194
0.304927 -0.111035 0.734573
0.244844 -0.00734619 0.761204
0.246092 0.0656219 0.810604
0.152716 0.0570481 0.889698
0.302309 0.121091 0.700639
0.214974 0.215513 0.795594
0.195289 0.312865 0.894818
0.20652 0.362264 0.822078
0.291239 0.425271 0.713856
0.204792 0.444187 0.783455
0.305766 0.513462 0.792943
0.247598 0.474815 0.776106
0.284332 0.534649 0.660901
0.231326 0.512849 0.649566
0.248396 0.575958 0.69044
0.211638 0.554849 0.492977
0.196116 0.613557 0.405771
0.196002 0.48926 0.560891
0.226087 0.532983 0.538125
0.259384 -0.178716 0.5727
0.323908 -0.212982 0.694333
0.353881 -0.362329 0.797918
0.360789 -0.341915 0.678014
0.382052 -0.441171 0.742042
0.36872 -0.394414 0.777908
0.35275 -0.410601 0.884323
0.347741 -0.356226 0.710236
0.363146 -0.348856 0.886595
0.325441 -0.257757 0.843385
0.317441 -0.248951 0.945332
0.334138 -0.183497 0.73495
0.328892 -0.169974 0.917396
0.310462 -0.0786257 0.887775
0.273254 -0.048417 0.99023
0.353085 0.0227934 0.75023
0.326488 0.0484601 0.921444
0.272502 0.141357 1.00716
0.242781 0.165424 0.838011
0.346451 0.295099 0.743941
0.359492 0.389135 0.899253
0.30958 0.415755 0.815579
0.237047 0.45597 0.85748
0.361735 0.510028 0.74554
0.371525 0.55722 0.853508
0.324507 0.563027 0.936648
0.303133 0.542275 0.77847
0.323136 0.613912 0.627151
0.267492 0.590773 0.624415
0.257787 0.564391 0.565593
0.267831 0.54187 0.567922
0.253314 0.503729 0.513272
0.254684 -0.167329 0.563417
0.342477 -0.193922 0.684153
0.357261 -0.415765 0.716737
0.331134 -0.319987 0.69734
0.364436 -0.45089 0.77592
0.37837 -0.364287 0.788255
0.38223 -0.412236 0.842247
0.35293 -0.318601 0.757256
0.352787 -0.302139 0.800557
0.370806 -0.235785 0.793675
0.336293 -0.215151 0.815263
0.326508 -0.145985 0.785457
0.329141 -0.123129 0.794601
0.358289 -0.0602899 0.801718
0.315297 -0.0361078 0.806695
0.308395 0.0511028 0.811733
0.311683 0.0898231 0.80524
0.366969 0.125964 0.850903
0.337651 0.19969 0.789778
0.316124 0.278033 0.8627
0.34933 0.33631 0.796919
0.368081 0.406611 0.804731
0.341221 0.431673 0.806562
0.359069 0.495416 0.859802
0.36484 0.536373 0.80809
0.394812 0.575358 0.832292
0.347749 0.564925 0.762543
0.3474 0.617528 0.771542
0.292092 0.55897 0.562894
0.285843 0.599932 0.594709
0.223228 0.510418 0.437959
0.275846 0.532831 0.596936
0.298359 -0.211153 0.691506
0.342081 -0.265684 0.787103
0.402226 -0.459602 0.859763
0.360489 -0.407559 0.808556
0.413234 -0.566398 0.892045
0.38129 -0.410646 0.81296
0.397553 -0.471543 0.9133
0.384049 -0.360273 0.822673
0.392853 -0.327355 0.849767
0.361315 -0.226334 0.763777
0.382196 -0.209216 0.892004
0.380768 -0.152889 0.833951
0.374884 -0.132638 0.841105
0.340213 -0.0530039 0.744104
0.361356 -0.0197527 0.874815
0.350629 0.0260452 0.856322
0.374109 0.0559202 0.823594
0.336343 0.100979 0.78
0.377295 0.195306 0.841612
0.335018 0.246158 0.93629
0.385751 0.302451 0.81531
0.348959 0.356336 0.757046
0.400861 0.444374 0.849151
0.368954 0.46886 0.943513
0.405757 0.543245 0.850171
0.348327 0.534991 0.778314
0.39991 0.570121 0.774727
0.370103 0.595977 0.842757
0.365524 0.59879 0.719374
0.308482 0.528337 0.682842
0.31121 0.512173 0.694909
0.280405 0.46927 0.599374
0.265908 -0.217185 0.594241
0.299468 -0.187293 0.697398
0.356824 -0.462402 0.699615
0.338658 -0.293311 0.764082
0.397214 -0.540822 0.792025
0.36538 -0.318008 0.784658
0.404646 -0.411406 0.837766
0.3728 -0.258476 0.777761
0.406832 -0.296083 0.812124
0.365282 -0.160265 0.751594
0.40662 -0.184442 0.826225
0.361419 -0.0906997 0.789501
0.383264 -0.107381 0.799912
0.358564 -0.0274106 0.76184
0.363317 -0.00636203 0.814776
0.34653 0.0427722 0.769999
0.374382 0.0640254 0.765226
0.369853 0.111226 0.761277
0.382503 0.170098 0.786584
0.351066 0.244609 0.764165
0.368879 0.2873 0.769009
0.378007 0.336769 0.767459
0.389786 0.39797 0.776005
0.387578 0.431342 0.825176
0.392678 0.471314 0.8038
0.402353 0.50169 0.79453
0.371139 0.521701 0.75413
0.362197 0.559788 0.771191
0.341494 0.517017 0.727373
0.296757 0.55891 0.630807
0.239916 0.492368 0.545077
0.299863 0.511734 0.639508
0.265921 -0.138444 0.643211
0.272061 -0.1677 0.686376
0.365248 -0.333914 0.77653
0.331589 -0.274938 0.75126
0.364882 -0.407269 0.797144
0.330337 -0.220199 0.764923
0.360279 -0.259609 0.801538
0.334234 -0.193801 0.777982
0.373781 -0.215984 0.767507
0.351129 -0.104186 0.744822
0.364734 -0.100789 0.781931
0.331962 -0.0717832 0.77157
0.351581 -0.0715664 0.758165
0.338269 -0.0122438 0.701999
0.355856 0.00982917 0.770487
0.327468 0.0464035 0.726623
0.361482 0.0816196 0.731997
0.336666 0.118156 0.690662
0.356708 0.172465 0.75068
0.334089 0.208924 0.709792
0.349956 0.282964 0.738561
0.326153 0.289703 0.668777
0.343401 0.357573 0.760408
0.324386 0.372309 0.734877
0.364236 0.431287 0.761824
0.338428 0.442675 0.723136
0.321015 0.46811 0.740843
0.34487 0.509987 0.731911
0.342002 0.502219 0.67642
0.290243 0.499743 0.634617
0.265285 0.480888 0.625889
0.284273 0.393938 0.63081
0.149456 -0.0685844 0.371967
0.261856 -0.106268 0.63176
0.257314 -0.195369 0.618545
0.339595 -0.184911 0.755399
0.207218 -0.240762 0.498323
0.313851 -0.123066 0.693336
0.224351 -0.0804931 0.553932
0.330479 -0.108862 0.730722
0.255665 -0.108676 0.567492
0.325461 -0.0501035 0.690763
0.244339 -0.0117553 0.573811
0.325608 -0.0398661 0.695524
0.184816 -0.0567906 0.448011
0.278638 -0.00730197 0.604722
0.154983 0.0411319 0.374605
0.313757 0.0452388 0.654048
0.230822 0.0511481 0.504061
0.293283 0.122844 0.620103
0.25385 0.184362 0.539946
0.30264 0.218924 0.649468
0.197636 0.231981 0.445428
0.269853 0.290482 0.584252
0.188465 0.34005 0.424629
0.298379 0.3589 0.687562
0.251098 0.35868 0.567259
0.302562 0.424112 0.624103
0.23398 0.446777 0.510879
0.313877 0.463746 0.678192
0.165151 0.401388 0.333465
0.283327 0.511049 0.569481
0.194731 0.459837 0.481659
0.221666 0.384371 0.508186
