0.855324 -0.236167 -0.544493
0.672535 -0.183564 -0.522448
0.718218 -0.238919 -0.230763
0.537025 0.108597 -0.414447
0.69992 -0.250322 0.399197
0.889207 0.302115 -0.273545
0.64443 -0.0471171 0.375737
0.618861 0.318626 0.121147
0.930783 0.0556849 -0.241694
0.576198 0.137949 -0.204399
0.561944 0.0997955 0.402757
0.705856 -0.029467 0.358257
0.501167 0.29011 0.640083
0.697658 0.0349009 0.778714
0.436862 0.232876 0.428949
0.91124 -0.300618 -0.408654
0.534768 -0.21488 -0.597633
0.862458 -0.303429 -0.36544
0.612006 -0.105503 -0.127566
0.456779 0.163604 -0.487761
0.761514 -0.152753 0.375584
0.798957 0.364784 -0.172597
0.767151 0.0659599 -0.421859
0.497503 -0.0249671 -0.567455
0.534987 -0.01353 0.558663
0.798925 -0.0265271 0.723751
0.491136 0.24057 -0.152024
0.829423 -0.185795 0.271411
0.371919 -0.0142238 -0.222651
0.602779 -0.17229 -0.456761
0.279541 0.128978 -0.575512
0.467167 -0.0484202 -0.504552
0.725549 0.134035 -0.465594
0.613261 -0.0970796 -0.534526
0.794802 -0.00638675 -0.550555
0.715078 0.0693386 -0.23279
0.893692 -0.216041 -0.34396
0.54373 0.0591047 -0.551527
0.751009 0.0838386 0.666363
0.564062 0.0339343 -0.438985
0.627177 -0.0311369 0.275672
0.649603 0.0568657 0.351432
0.625735 -0.250948 0.270061
0.372731 -0.20985 -0.6383
0.467966 -0.112791 -0.357501
0.421587 -0.21738 -0.53978
0.34579 -0.192144 0.253086
0.818946 0.146506 0.595445
0.365938 0.0464272 -0.480248
0.832699 -0.0942142 0.571356
0.887981 -0.21064 -0.238557
0.666236 -0.0840601 -0.297072
0.603058 0.211867 0.284675
0.543932 -0.0593395 0.719505
0.634716 -0.170371 0.390936
0.837931 -0.156269 0.409942
0.925238 -0.172933 -0.563352
0.65544 0.390138 0.314455
0.22894 0.120189 -0.498729
0.848794 -0.0167547 -0.446987
0.406301 -0.0495362 -0.616912
0.592285 0.189661 -0.489781
0.463191 -0.18748 -0.0984513
0.585715 -0.229171 -0.156118
0.36121 -0.148425 -0.457641
0.692382 -0.177451 -0.62362
0.48012 0.111838 0.0981873
0.639226 0.000789442 0.67338
0.626198 0.359821 0.519103
0.429211 0.0702474 0.67257
0.739381 0.264376 0.409623
0.747704 -0.00260752 -0.474213
0.478047 4.08655e-05 0.464061
0.795643 -0.109247 0.499168
0.886594 0.144189 -0.523623
0.576826 -0.0649833 -0.457376
0.751673 -0.0688787 0.506724
0.500549 -0.156904 -0.508562
0.615927 -0.116615 0.547575
0.611828 0.337669 -0.0941008
0.491188 -0.185656 -0.441603
0.507487 -0.130355 0.299675
0.936613 0.0540834 -0.432382
0.281513 -0.0392219 0.486682
0.560154 -0.243526 -0.531512
0.360105 -0.066065 -0.593096
0.705478 -0.262663 -0.52816
0.762139 -0.198986 -0.533109
0.432252 0.135085 -0.275022
0.902327 -0.100314 -0.42375
0.300655 -0.141942 0.311197
0.812263 -0.315837 -0.239962
0.678542 0.163411 0.745228
0.453922 -0.0358931 0.358297
0.818348 0.00919932 0.461822
0.816335 -0.0196664 0.563904
0.393345 -0.270263 -0.444194
0.765047 0.0155631 -0.606125
0.653487 -0.188552 -0.398974
0.467498 -0.148135 -0.563792
0.508576 -0.0860675 0.163296
0.574219 0.211905 0.0278123
0.76865 -0.11445 -0.491351
0.730278 -0.129859 0.679852
0.537047 -0.0931788 -0.594021
0.792166 0.260463 -0.487973
0.547787 -0.0331426 -0.0083665
0.545792 0.288573 -0.264766
0.645317 -0.053204 0.488094
0.620867 -0.00173039 -0.620314
0.434905 0.064516 -0.0638356
0.609307 -0.169436 -0.584963
0.705687 -0.180323 0.500195
0.732609 0.0934692 0.301922
0.823928 -0.198992 -0.458148
0.225668 -0.0235662 -0.490731
0.537569 -0.225663 0.481139
0.694521 -0.0580838 -0.451557
0.821752 0.0842813 -0.475319
0.47657 0.160655 -0.358606
0.736023 -0.161856 0.183504
0.661381 -0.240039 0.0552083
0.615444 -0.269383 -0.659554
0.711879 0.0544577 -0.131103
0.750479 -0.0923977 -0.337073
0.705618 0.173365 -0.0344469
0.608626 0.0314696 -0.500571
0.723584 0.130655 0.529298
0.72619 -0.35263 -0.462086
0.20574 0.0327867 -0.42005
0.734909 0.0675483 -0.361499
0.458862 -0.307174 -0.574045
0.510544 0.0366697 -0.318629
0.77897 0.232995 0.26538
0.294558 -0.117074 -0.623993
0.641456 -0.208979 0.613289
0.743143 0.254255 0.0981793
0.593993 0.0557678 0.186092
0.269724 -0.0676845 -0.547334
0.732126 0.342077 -0.349544
0.807526 -0.21853 -0.68556
0.33521 0.136731 -0.445532
0.362392 -0.205966 0.474724
0.467354 0.0147296 -0.448875
0.706209 0.00508561 0.548951
0.651975 -0.122339 0.249873
0.394159 0.0200031 -0.5455
0.485782 -0.160565 0.610074
0.465744 -0.00502371 0.17756
0.644267 0.106678 -0.0792044
0.864091 -0.13836 -0.379572
0.832186 0.142802 -0.366479
0.582507 0.0024674 -0.4476
0.644364 -0.114213 -0.647132
0.466191 -0.158013 -0.64471
0.611782 0.032384 0.461691
0.702013 0.152587 0.169941
0.30905 0.0746902 -0.389389
0.920176 -0.290518 -0.586792
0.459969 0.112681 0.536849
0.240887 -0.104195 -0.531162
0.907069 -0.0767586 -0.605864
0.845854 -0.032458 -0.276391
0.621078 0.154937 0.567246
0.617083 0.00641411 -0.359382
0.800699 0.182507 -0.254825
0.720236 -0.128825 -0.456963
0.656659 -0.00687449 -0.241867
0.786229 -0.0143382 -0.265336
0.351538 -0.141459 -0.558535
0.833346 0.143385 0.325633
0.484019 0.0729453 0.360212
0.605197 0.0622802 0.601857
0.714438 0.367704 5.90915e-05
0.706862 -0.0618733 -0.56174
0.65151 0.163189 0.35597
0.833993 0.0801249 -0.216918
0.792324 -0.0661587 -0.403821
0.420033 -0.264598 -0.333508
0.709172 -0.0825118 0.364534
0.891415 0.167301 -0.136697
0.575199 0.0233238 -0.149676
0.629397 0.206073 -0.176571
0.857411 0.0599369 -0.354468
0.622951 -0.0908113 0.27935
0.582185 -0.308221 -0.452116
0.906968 0.174444 -0.396041
0.321013 0.048605 -0.582711
0.689985 -0.0775276 0.608324
0.473676 0.0795224 -0.516275
0.452317 0.0401764 -0.602611
0.700538 0.00928066 -0.38339
0.746184 -0.30209 -0.610522
0.622918 0.119152 -0.566068
0.354761 0.087303 0.462842
0.742197 -0.00186643 0.370196
0.768536 -0.261267 -0.437119
0.61221 -0.271683 -0.325447
0.299179 -0.1665 -0.29469
0.878324 0.0249348 -0.51822
0.850694 0.129789 0.454867
0.655369 0.228739 -0.281357
0.775571 0.047675 0.42074
0.570509 -0.0360948 0.363023
0.842084 -0.316734 -0.500676
0.768935 0.243781 0.539986
0.359917 0.141719 -0.527132
0.708354 0.0767915 0.389538
0.520271 -0.101969 0.469512
0.912713 -0.199672 -0.459719
0.738453 0.204845 -0.191427
0.800184 0.207435 -0.105814
0.676767 0.101234 -0.326279
0.729067 0.0361888 0.507441
0.433469 0.171844 0.276762
0.354776 -0.263967 -0.566947
0.409725 -0.0264554 -0.397346
0.699656 0.0689498 -0.544834
0.444801 0.132403 -0.557704
0.868477 0.132572 0.0375588
0.301432 0.0340811 -0.636481
0.524689 0.344701 0.378469
0.19917 0.0677829 -0.538067
0.568878 -0.17247 0.205233
0.37297 -0.0721643 0.60718
0.820277 -0.0601872 0.381282
0.47008 -0.311891 -0.502744
0.255487 -0.00171826 -0.603795
0.79454 -0.192231 0.540942
0.633496 -0.344294 -0.559461
0.830241 0.00260801 -0.131079
0.813364 -0.128984 -0.561746
0.299469 -0.210768 -0.385839
0.297627 0.0094223 -0.50021
0.397156 -0.0860203 -0.510074
0.636198 -0.0384987 -0.531039
0.464995 -0.222651 0.115029
0.671942 0.0491435 0.0460221
0.259111 -0.0385399 -0.321
0.415368 -0.151935 -0.301226
0.626009 0.103533 -0.448232
0.485335 -0.197078 0.389175
0.483434 -0.341126 -0.380998
0.89264 0.299134 -0.0250024
0.265217 -0.168882 -0.512565
0.599735 0.193789 0.450921
0.332488 0.00595663 0.252272
0.757169 -0.134873 -0.361966
0.292165 -0.0265256 -0.42845
0.225506 -0.132942 -0.444451
0.282734 -0.195468 -0.571216
0.75392 -0.269166 -0.355031
0.311912 -0.288419 -0.488922
0.477923 0.295856 0.222101
0.602046 0.209866 -0.397618
0.323753 -0.0503723 0.0773932
0.877358 -0.0941354 0.368764
0.922704 -0.1341 0.478106
0.911081 -0.0775647 0.496857
0.89433 -0.114346 0.599368
0.859062 -0.132826 0.46178
0.84244 -0.102104 0.547966
0.869411 -0.0555351 0.319462
0.864993 -0.0912888 0.550511
0.801124 -0.120836 0.292165
0.803701 -0.115146 0.462348
0.79822 -0.134498 0.155857
0.799171 -0.117389 0.467425
0.720955 -0.128102 0.114277
0.767585 -0.12407 0.272441
0.754137 -0.089748 -0.041522
0.813208 -0.0692309 0.291325
0.812939 -0.0188838 -0.018321
0.867782 -0.0252791 0.16981
0.883037 0.010962 -0.124406
0.879229 -0.00649133 0.334528
0.879533 0.0529262 0.0550561
0.864979 0.0601568 0.350731
0.890174 0.121837 0.129458
0.863853 0.101214 0.47856
0.871991 0.131424 0.350911
0.865668 0.123497 0.459887
0.909064 0.130355 0.3284
0.904943 0.169888 0.48999
0.879962 0.236333 0.438496
0.896829 0.234304 0.452921
0.913985 0.227852 0.378489
0.860801 0.129223 0.320198
0.892173 -0.191698 0.458529
0.89866 -0.189572 0.551924
0.898594 -0.19562 0.410776
0.877273 -0.201029 0.488379
0.897516 -0.175713 0.338948
0.817697 -0.166943 0.518015
0.834109 -0.18151 0.351915
0.817123 -0.162178 0.431155
0.842058 -0.178554 0.176106
0.751615 -0.170405 0.42785
0.790129 -0.190386 0.155221
0.796129 -0.173536 0.282627
0.808212 -0.191413 0.0438571
0.765482 -0.179103 0.337249
0.791128 -0.174451 0.107693
0.840163 -0.151656 0.252308
0.85051 -0.146913 0.00879377
0.863192 -0.143896 0.375195
0.872247 -0.136451 0.117066
0.905004 -0.110666 0.309104
0.926647 -0.107839 0.0250912
0.892618 -0.0817009 0.503662
0.896346 -0.0740834 0.175201
0.891846 -0.0226128 0.42061
0.943389 -0.0138553 0.232686
0.888163 0.00172219 0.593809
0.929454 -0.0374457 0.426426
0.911152 0.0100815 0.515127
0.954841 -0.000139485 0.3957
0.911917 0.0801433 0.545475
0.918556 0.0545107 0.440092
0.901367 0.102418 0.470918
0.853358 -0.174779 0.524107
0.866424 -0.189957 0.58853
0.865712 -0.162684 0.426309
0.831767 -0.151362 0.582132
0.867486 -0.143341 0.340484
0.87884 -0.0946968 0.461538
0.850812 -0.117492 0.132818
0.83524 -0.0972811 0.435994
0.772972 -0.156819 0.048344
0.819461 -0.116814 0.257251
0.732312 -0.171295 -0.136132
0.753224 -0.0861226 0.230273
0.638699 -0.112956 -0.183449
0.762265 -0.0979225 0.0890935
0.655233 -0.0836261 -0.314382
0.726216 -0.0494839 0.148861
0.708442 0.0231196 -0.170767
0.794206 0.0263808 0.0656483
0.841726 0.0688883 -0.277447
0.80236 0.0503608 0.269775
0.824495 0.0793376 -0.0610948
0.80809 0.085785 0.248982
0.864427 0.142944 -0.0414049
0.786536 0.142054 0.389577
0.816932 0.181625 0.244214
0.813135 0.160879 0.377424
0.87584 0.135357 0.235846
0.821714 0.165694 0.445492
0.813868 0.262844 0.34276
0.85936 0.276692 0.366489
0.861717 0.271067 0.195717
0.914125 0.192466 0.28183
0.84775 -0.226475 0.434808
0.828776 -0.221102 0.52391
0.839893 -0.22437 0.37945
0.81357 -0.201083 0.443718
0.847542 -0.225074 0.218635
0.778439 -0.212912 0.449288
0.793957 -0.23403 0.199207
0.783207 -0.206258 0.253299
0.788351 -0.218708 -0.107614
0.730578 -0.192565 0.164107
0.69428 -0.219535 -0.114124
0.705124 -0.168669 0.0593216
0.673107 -0.161669 -0.256032
0.711826 -0.12543 0.135396
0.695966 -0.119339 -0.119331
0.750167 -0.123023 0.291066
0.812574 -0.098143 -0.171768
0.791912 -0.0947549 0.386217
0.80958 -0.0999781 0.0267742
0.770487 -0.078465 0.532177
0.862484 -0.054532 -0.138972
0.788494 -0.0179844 0.46971
0.821513 -0.0293984 0.0890305
0.76789 0.0208063 0.539278
0.885705 0.0429837 0.0643626
0.787331 0.0855516 0.521508
0.850817 0.0503215 0.341733
0.809718 0.119881 0.540053
0.91858 0.102463 0.279912
0.858232 0.167035 0.501079
0.920526 0.128306 0.32523
0.926685 0.159213 0.448797
0.805161 -0.202105 0.460605
0.821746 -0.189138 0.497854
0.821086 -0.145774 0.34696
0.79631 -0.142641 0.44059
0.776293 -0.175818 0.299204
0.803037 -0.125179 0.331164
0.765582 -0.17857 0.0237378
0.760718 -0.142127 0.175375
0.598415 -0.229761 -0.0875227
0.641983 -0.191956 -0.007972
0.455592 -0.257185 -0.257945
0.564713 -0.146584 -0.0468758
0.435313 -0.141974 -0.288633
0.625054 -0.070154 0.0104221
0.468328 -0.0299052 -0.311535
0.618399 -0.0313775 0.0268755
0.577817 0.0607926 -0.288697
0.68763 0.0471616 0.0408629
0.667045 0.0779449 -0.138654
0.728911 0.0749628 0.091469
0.734498 0.119736 0.00304954
0.722892 0.078236 0.267592
0.729859 0.134743 0.181917
0.717709 0.123772 0.297163
0.717151 0.200718 0.265193
0.675141 0.184773 0.337746
0.722892 0.161105 0.31672
0.712219 0.211726 0.314084
0.732362 0.327404 0.176533
0.741229 0.362203 0.238989
0.789924 0.285524 0.210735
0.901647 0.305788 0.210458
0.796675 -0.222769 0.375268
0.77282 -0.219888 0.361802
0.784459 -0.234093 0.256228
0.737328 -0.233567 0.289935
0.760008 -0.256054 0.0876126
0.673105 -0.257806 0.202807
0.664448 -0.284748 -0.0185201
0.598106 -0.267559 -0.059092
0.596424 -0.314128 -0.404327
0.446128 -0.270281 -0.07298
0.388061 -0.297725 -0.408256
0.403583 -0.238309 -0.166669
0.409871 -0.200153 -0.398158
0.521718 -0.16569 0.0898274
0.522524 -0.0955893 -0.305091
0.649973 -0.0947479 0.174388
0.628338 -0.0450624 -0.178634
0.684254 -0.0745459 0.328611
0.695939 -0.117864 -0.0187454
0.747158 -0.0382234 0.321816
0.7257 -0.0496451 0.0565122
0.735239 -0.00154469 0.445827
0.74923 -0.0133957 0.174568
0.73641 0.056487 0.443249
0.767017 0.0539244 0.283943
0.694097 0.144889 0.476021
0.808523 0.0758153 0.407292
0.749777 0.131004 0.463508
0.842067 0.00251536 0.387024
0.809997 0.224506 0.333819
0.93548 0.165932 0.283725
0.883184 0.256975 0.292599
0.770912 -0.194595 0.355718
0.806828 -0.159841 0.353518
0.763147 -0.164373 0.21286
0.748539 -0.138844 0.350633
0.703367 -0.190918 0.135077
0.752034 -0.120581 0.158323
0.676202 -0.221083 -0.365251
0.656792 -0.210782 0.182154
0.499419 -0.26 -0.337596
0.550211 -0.21571 -0.0401772
0.469198 -0.234827 -0.639526
0.443506 -0.146027 0.0932401
0.440528 -0.123483 -0.590739
0.554809 -0.0668476 -0.00734081
0.483581 -0.01562 -0.575747
0.573083 0.00552947 0.251215
0.530814 0.098795 -0.43392
0.593247 0.0907604 0.0318108
0.619638 0.159624 -0.333661
0.657171 0.105912 0.294724
0.691175 0.0745329 -0.0786665
0.719272 0.00995141 0.230008
0.715205 0.100918 0.154467
0.638821 0.0557939 0.374535
0.620674 0.0908276 0.319973
0.540233 0.163282 0.22751
0.613637 0.127971 0.0993593
0.558857 0.435954 0.0742376
0.566662 0.451654 -0.00489348
0.60919 0.462456 0.0591702
0.697162 0.484146 -0.0782311
0.787079 0.451535 0.0199304
0.685728 -0.267595 0.230458
0.618677 -0.27051 0.258743
0.618112 -0.305192 0.1121
0.57716 -0.331557 0.155253
0.669528 -0.380207 -0.305269
0.524367 -0.305629 0.248133
0.554067 -0.345826 -0.247436
0.510966 -0.278912 -0.0669346
0.551721 -0.329973 -0.682024
0.378856 -0.229609 0.258728
0.49352 -0.228099 -0.557093
0.43038 -0.181059 0.0565901
0.488075 -0.150557 -0.615555
0.354461 -0.122473 0.359014
0.51179 -0.110557 -0.56208
0.538471 -0.0445061 0.274431
0.559419 -0.019305 -0.619233
0.443086 0.00125716 0.488295
0.628914 -0.0286229 -0.25723
0.618419 0.0436157 0.460105
0.692699 0.0675899 -0.236599
0.65028 0.0633431 0.472238
0.72036 0.044519 0.163402
0.696917 0.0940631 0.418821
0.731241 0.0626397 0.261359
0.654276 0.194921 0.373997
0.702221 0.166735 0.33764
0.686326 0.23863 0.281734
0.756352 0.343686 0.0694718
0.756655 0.376095 0.162086
0.893575 0.285577 0.137073
0.852612 0.353603 0.14562
0.678613 -0.238272 0.326816
0.742825 -0.174825 0.315949
0.650549 -0.212141 0.227607
0.657706 -0.18688 0.317165
0.58656 -0.233423 0.0889163
0.615602 -0.181384 0.207297
0.565963 -0.264514 -0.14128
0.533869 -0.247394 0.254465
0.498564 -0.21517 -0.0155256
0.50428 -0.140149 0.203722
0.49986 -0.14869 -0.18919
0.448961 -0.136583 0.140416
0.462168 -0.0826281 -0.237531
0.508647 -0.0450233 0.233369
0.507477 0.0013994 -0.356469
0.547407 0.070893 0.200976
0.509675 0.08892 -0.219064
0.491879 0.113705 0.293834
0.61705 0.158385 -0.0945114
0.631605 0.190469 0.181244
0.647403 0.151529 0.135207
0.589414 0.104414 0.367872
0.617686 0.0645991 0.357247
0.504233 0.152997 0.354803
0.521691 0.114384 0.335927
0.409764 0.467391 0.0895935
0.433829 0.513712 -0.242343
0.425132 0.495882 -0.0912375
0.504115 0.528195 -0.241027
0.487082 0.518807 -0.0327114
0.559859 0.552709 -0.163584
0.625991 0.530913 -0.09782
0.616739 -0.330808 0.233517
0.546278 -0.315974 0.371748
0.556849 -0.409865 0.131374
0.503361 -0.410267 0.176502
0.604164 -0.452285 -0.184465
0.484349 -0.378568 0.337061
0.579364 -0.408894 -0.0684001
0.499608 -0.341105 0.0747285
0.608029 -0.349172 -0.388707
0.407688 -0.282137 0.436953
0.571903 -0.259286 -0.150459
0.503703 -0.211465 0.209203
0.565426 -0.202666 -0.357102
0.419053 -0.169093 0.461522
0.556503 -0.147035 -0.169394
0.596506 -0.0735163 0.258153
0.632714 -0.094096 -0.364691
0.536578 0.0339423 0.514885
0.617419 -0.0622635 0.0327746
0.615865 0.0795873 0.3813
0.700512 0.0566015 0.0373149
0.642343 0.0508675 0.464397
0.727174 -0.00498808 0.335274
0.664209 0.0719138 0.463575
0.761589 0.0623881 0.379132
0.645088 0.250118 0.404983
0.770025 0.241947 0.4651
0.629048 0.452313 0.0110686
0.729129 0.390457 0.0456459
0.701328 0.47318 -0.0236634
0.855879 0.371164 0.102326
0.774396 0.46628 0.0152368
0.708643 -0.221417 0.390657
0.785374 -0.147464 0.369187
0.717006 -0.189252 0.152065
0.720123 -0.176412 0.394747
0.69106 -0.213241 0.0243197
0.699651 -0.180643 0.351144
0.697429 -0.272015 -0.393552
0.524524 -0.216996 0.55218
0.6098 -0.183012 -0.178026
0.524598 -0.159494 0.396376
0.622459 -0.154024 -0.469481
0.445842 -0.106964 0.546435
0.5768 -0.0680128 -0.42382
0.530731 -0.0103916 0.47703
0.653141 0.0340872 -0.630669
0.49761 0.0822421 0.615262
0.610658 0.0668173 -0.375103
0.533719 0.156841 0.388873
0.709093 0.155857 -0.350511
0.628942 0.147194 0.406414
0.701563 0.123518 0.040546
0.628074 0.0661362 0.334457
0.677086 -0.0623302 0.236609
0.484975 0.249625 0.373748
0.629073 0.259002 0.116956
0.514631 0.496694 0.0121324
0.60166 0.568461 -0.442407
0.554352 0.589944 -0.173941
0.605232 0.598255 -0.307717
0.579775 0.571044 -0.106637
0.649027 0.587211 -0.250899
0.721886 0.560321 -0.198557
0.73983 -0.271882 0.386758
0.742468 -0.240423 0.507692
0.754659 -0.313845 0.252725
0.759631 -0.233893 0.391051
0.803279 -0.330782 -0.203781
0.567796 -0.24578 0.525415
0.686816 -0.328261 -0.146702
0.562031 -0.270084 0.428082
0.756299 -0.349336 -0.643265
0.41978 -0.242868 0.648318
0.766606 -0.197864 -0.293035
0.440781 -0.179219 0.565
0.757112 -0.173843 -0.613488
0.341687 -0.116546 0.67522
0.761913 -0.150652 -0.292521
0.436927 -0.0159814 0.622325
0.782979 -0.0742155 -0.539545
0.379222 0.0972459 0.687088
0.71027 -0.0799174 -0.30514
0.51464 0.0933958 0.642008
0.827428 0.033031 -0.278647
0.626721 0.0777999 0.635048
0.823732 0.00643359 0.173435
0.725835 0.121991 0.47292
0.831186 0.0636851 0.254491
0.680271 0.298889 0.384507
0.838822 0.289523 0.252011
0.663944 0.462003 0.056221
0.753959 0.476053 -0.112432
0.661708 0.530927 -0.0491364
0.781272 0.476057 -0.0696896
0.747895 0.515891 -0.106481
0.840834 -0.20737 0.488156
0.881197 -0.145659 0.530966
0.883695 -0.193247 0.393144
0.867007 -0.191321 0.526077
0.872769 -0.210665 0.270447
0.901472 -0.190505 0.479868
0.842145 -0.221885 0.0347119
0.738958 -0.221577 0.553183
0.777363 -0.161582 0.0549592
0.677274 -0.152325 0.465685
0.770113 -0.138018 -0.0934621
0.57854 -0.141572 0.524193
0.720284 -0.0962096 -0.117799
0.566638 -0.0402072 0.546326
0.772142 -0.0240202 -0.189024
0.556281 0.0409059 0.59539
0.69917 0.0793761 -0.0880117
0.522058 0.140124 0.661344
0.789581 0.0856479 0.0582033
0.754824 0.103613 0.52705
0.824896 0.019307 0.146815
0.728604 -0.0139104 0.435548
0.808216 -0.00847275 0.477872
0.685986 0.0786897 0.402913
0.763708 0.168017 0.278093
0.55354 0.465416 0.06541
0.64336 0.598838 -0.329242
0.576926 0.537118 0.0453123
0.718194 0.612027 -0.414811
0.650137 0.565365 -0.11141
0.690749 0.580242 -0.17467
0.736921 0.552666 -0.117495
0.859244 -0.272284 0.467002
0.862194 -0.24084 0.537349
0.88005 -0.315089 0.401985
0.872225 -0.296544 0.474136
0.896809 -0.342071 0.287883
0.833402 -0.303077 0.567653
0.847455 -0.315409 0.272284
0.820049 -0.26788 0.530232
0.889053 -0.2579 0.0643775
0.631003 -0.260531 0.672731
0.839597 -0.223734 0.206296
0.670634 -0.199569 0.52572
0.83237 -0.186308 -0.0321595
0.443534 -0.112043 0.671866
0.823939 -0.173701 0.120129
0.607548 -0.00154644 0.612701
0.811556 -0.101256 -0.0756962
0.448823 0.0857329 0.684017
0.827779 -0.0673267 0.108511
0.719448 0.119491 0.647974
0.858802 0.00609071 0.148669
0.813701 0.0972667 0.653323
0.934459 0.0206627 0.385492
0.863334 0.178415 0.553815
0.913395 0.07462 0.454456
0.769039 0.261777 0.428177
0.907162 0.252467 0.462104
0.724887 0.457657 0.0732982
0.799469 0.419096 -0.0132168
0.689886 0.485606 0.0886754
0.798747 0.416007 0.0234367
0.775123 0.481728 0.0312042
0.905171 -0.273313 0.510499
0.905003 -0.226078 0.544528
0.926102 -0.279088 0.445057
0.871786 -0.27947 0.544339
0.905873 -0.275996 0.353596
0.849696 -0.255645 0.552563
0.895759 -0.288637 0.107745
0.78962 -0.258403 0.640799
0.87623 -0.214679 0.0425639
0.791453 -0.188868 0.441755
0.845821 -0.195817 -0.162107
0.741715 -0.129948 0.566436
0.838709 -0.118506 -0.152985
0.76459 -0.0228937 0.569289
0.85768 -0.0522756 -0.276566
0.669687 0.0694077 0.705637
0.837648 0.0180724 -0.0637945
0.660133 0.127287 0.637144
0.855673 0.0922203 -0.0101782
0.806207 0.14157 0.581447
0.840735 0.0872796 0.257283
0.807141 0.0552816 0.52416
0.900728 0.0515598 0.451739
0.82274 0.0896148 0.558983
0.873356 0.0793639 0.528616
0.648171 0.42578 0.229318
0.795509 0.587931 -0.345813
0.671143 0.523608 -0.0680701
0.7515 0.55952 -0.205929
0.677764 0.522311 0.0537391
0.813393 0.561395 -0.173463
0.792251 0.544795 -0.0904134
0.904504 -0.379801 0.466532
0.876155 -0.372342 0.547499
0.921897 -0.444958 0.385725
0.872029 -0.421316 0.507284
0.946203 -0.408016 0.266611
0.821735 -0.377703 0.612315
0.909173 -0.39324 0.311996
0.796722 -0.326126 0.645267
0.930767 -0.323602 -0.0682394
0.67017 -0.275308 0.718321
0.899484 -0.294 0.1138
0.760029 -0.188945 0.641044
0.925729 -0.24557 -0.25971
0.614468 -0.0686743 0.699481
0.89113 -0.197718 -0.0159293
0.732609 0.0061574 0.732864
0.93245 -0.101729 -0.336712
0.514718 0.104848 0.778087
0.89936 -0.0877832 -0.101577
0.696535 0.0920006 0.744767
0.921246 -0.0260537 -0.00445851
0.768994 0.16837 0.689534
0.904495 0.0685854 0.376686
0.870514 0.216468 0.60036
0.917224 0.0689117 0.451183
0.860502 0.261065 0.524554
0.911568 0.213402 0.55183
0.83984 0.404331 0.291533
0.82904 0.46424 0.0835227
0.739063 0.471494 0.164682
0.830479 0.450137 0.0334907
0.799893 0.479307 0.0716383
0.917914 -0.392432 0.521538
0.90972 -0.332529 0.557261
0.928511 -0.38625 0.477334
0.896603 -0.363712 0.612997
0.915084 -0.360921 0.46227
0.87545 -0.281398 0.576659
0.910944 -0.321335 0.310341
0.844186 -0.245911 0.611125
0.913924 -0.253614 0.335778
0.901801 -0.172709 0.356185
0.919483 -0.204734 0.113357
0.871935 -0.0790982 0.477886
0.921023 -0.0989712 0.113828
0.888392 0.0185387 0.503645
0.911331 -0.0102993 0.0752265
0.822082 0.0642804 0.744391
0.913039 0.0604919 0.0584679
0.793315 0.097354 0.673307
0.866425 0.0916319 0.353306
0.83618 0.139339 0.669024
0.848593 0.147786 0.459674
0.774066 0.239663 0.661912
0.840248 0.202424 0.55013
0.793327 0.271829 0.570105
0.854279 0.312253 0.468838
0.722405 0.332832 0.565438
0.806305 0.463299 0.152971
0.759543 0.442117 0.253984
0.854732 0.561377 -0.186617
0.794782 0.492653 0.0765737
0.849574 0.505889 -0.0487293
0.826151 0.491451 0.0415903
0.91241 -0.487638 0.494461
0.883334 -0.463134 0.608794
0.928049 -0.548461 0.416724
0.887136 -0.51868 0.531106
0.957936 -0.521336 0.372169
0.837578 -0.432092 0.685389
0.928735 -0.424382 0.399457
0.822593 -0.327972 0.721684
0.917724 -0.344735 0.468376
0.781794 -0.308116 0.718954
0.922689 -0.312417 0.177312
0.842784 -0.189307 0.575258
0.893697 -0.200039 0.35289
0.811218 -0.0671262 0.670389
0.938649 -0.216289 -0.0319626
0.806408 0.0156103 0.781962
0.94675 -0.0980855 0.249133
0.69547 0.0443524 0.856515
0.959665 -0.100013 -0.00677912
0.795677 0.0881606 0.828658
0.943514 0.0126466 0.460148
0.791159 0.153373 0.756256
0.914443 0.0437162 0.37952
0.871112 0.230024 0.649763
0.921893 0.148859 0.537902
0.876534 0.25459 0.556149
0.904432 0.169515 0.540635
0.885845 0.273726 0.43418
0.889776 0.28836 0.42697
0.810315 0.420601 0.247863
0.871175 0.365828 0.27269
0.841326 0.405444 0.209138
0.915182 -0.444073 0.538322
0.89223 -0.374916 0.626422
0.955442 -0.375358 0.47533
0.892998 -0.345763 0.655902
0.952942 -0.314287 0.465161
0.893822 -0.286949 0.665978
0.953095 -0.292098 0.265608
0.871761 -0.258897 0.694213
0.96464 -0.190188 0.240396
0.89556 -0.193232 0.530631
0.948039 -0.17988 0.048139
0.889023 -0.0619713 0.540537
0.972706 -0.102108 0.039288
0.883045 -0.00430753 0.704734
0.945523 0.00351598 -0.139798
0.844347 0.0408645 0.878128
0.967675 -0.000835516 0.0692971
0.871254 0.075819 0.756988
0.953294 0.102397 0.107681
0.871372 0.134327 0.713567
0.932088 0.0982198 0.336612
0.849147 0.247588 0.627903
0.920668 0.284184 0.291301
0.809355 0.305751 0.651437
0.911407 0.24698 0.382887
0.839274 0.369617 0.49951
0.91881 0.455625 -0.0296974
0.855277 0.428822 0.284935
0.857352 0.442351 0.0858557
0.849368 0.475635 0.187389
0.934329 0.50568 -0.016563
0.886022 0.469849 0.105128
0.94541 -0.497664 0.497765
0.896983 -0.481363 0.583169
0.960525 -0.514663 0.445394
0.885823 -0.466668 0.659309
0.971349 -0.409193 0.306112
0.831016 -0.388225 0.780576
0.96772 -0.33258 0.365858
0.857698 -0.321739 0.803482
0.967232 -0.318345 0.0826636
0.813845 -0.277738 0.831719
0.970482 -0.235176 0.124611
0.862765 -0.176941 0.699058
0.959535 -0.264936 -0.185639
0.824438 -0.0693366 0.820947
0.969692 -0.174097 -0.0925585
0.841047 -0.00133684 0.909748
0.966709 -0.135842 -0.316797
0.776782 0.0512239 0.938382
0.978958 -0.0925262 -0.0697307
0.827796 0.094383 0.883961
0.953827 0.00835193 -0.119634
0.806712 0.171107 0.809651
0.940607 0.0368365 0.198796
0.864546 0.258122 0.70801
0.951212 0.19238 0.111103
0.860087 0.316999 0.541991
0.927622 0.197446 0.43824
0.883318 0.326751 0.470441
0.90951 0.350001 0.273274
0.818112 0.373422 0.368003
0.919132 0.378133 0.275658
0.892416 0.409573 0.266688
0.938575 -0.411672 0.513972
0.946157 -0.410374 0.591999
0.967911 -0.345335 0.501457
0.957144 -0.349623 0.643404
0.971349 -0.30642 0.483748
0.957131 -0.275136 0.635017
0.951773 -0.243885 0.446983
0.932124 -0.243927 0.671587
0.959994 -0.198679 0.331666
0.938081 -0.151156 0.504555
0.954602 -0.11699 0.332735
0.929024 -0.0616512 0.603092
0.948805 -0.0753218 0.215994
0.957806 -0.0257946 0.736336
0.95907 -0.0181522 0.397744
0.958425 0.0309025 0.829918
0.966816 0.0174567 0.241126
0.981068 0.0614292 0.701925
0.970772 0.08884 0.46222
0.940175 0.112657 0.644036
0.963264 0.142014 0.346545
0.956366 0.20257 0.532983
0.960627 0.221329 0.430556
0.899825 0.289636 0.564594
0.957387 0.308671 0.30606
0.899689 0.330506 0.492982
0.961296 0.364332 0.287867
0.894876 0.364024 0.395528
0.952048 0.441743 0.071451
0.961922 0.430681 0.196423
0.929175 0.460517 0.205117
0.931735 0.419602 0.181593
0.951345 -0.461454 0.566964
0.937627 -0.458455 0.607987
0.963474 -0.499839 0.537937
0.941204 -0.415497 0.494532
0.960141 -0.415544 0.55374
0.895761 -0.380838 0.750025
0.940865 -0.355693 0.579961
0.9314 -0.335943 0.759717
0.926784 -0.299296 0.616808
0.895137 -0.278878 0.798525
0.922616 -0.240259 0.481869
0.892956 -0.181025 0.669791
0.917355 -0.16408 0.430569
0.893511 -0.0494231 0.831735
0.946866 -0.106397 0.425292
0.952506 -0.0157682 0.923901
0.920824 -0.0551319 0.579592
0.905302 0.0518077 0.960236
0.958671 0.00115627 0.501995
0.937622 0.0892648 0.852767
0.939305 0.0548582 0.637851
0.908312 0.150165 0.744968
0.959098 0.0843421 0.482917
0.91461 0.219674 0.631976
0.943775 0.13082 0.476492
0.903823 0.2361 0.537146
0.957209 0.201359 0.415461
0.923434 0.296357 0.474727
0.939573 0.252429 0.460971
0.899429 0.33559 0.371073
0.964117 0.296051 0.3385
0.901236 0.319378 0.467943
0.944829 -0.359297 0.640492
0.963827 -0.406602 0.653649
0.969399 -0.325574 0.551216
0.978308 -0.384897 0.662263
0.948009 -0.32869 0.66232
0.986712 -0.3193 0.678063
0.969524 -0.288607 0.537416
0.94995 -0.271415 0.709572
0.938625 -0.237343 0.555171
0.918449 -0.179076 0.603284
0.950842 -0.121452 0.496915
0.921235 -0.0536069 0.74068
0.935824 -0.0432714 0.646618
0.984963 -0.0306227 0.825767
0.96397 -0.000409967 0.600836
0.98249 0.0134557 0.893643
0.969943 0.0228754 0.725226
0.980304 0.0594945 0.805486
0.957878 0.0588321 0.56365
0.945772 0.107105 0.707664
0.966896 0.11347 0.560753
0.969055 0.163978 0.575276
0.96868 0.178371 0.449296
0.951842 0.250245 0.536945
0.97447 0.248754 0.457921
0.96291 0.299468 0.478591
0.97877 0.305495 0.357306
0.960129 0.34718 0.413741
0.972569 0.353184 0.381509
0.929832 0.408635 0.339602
0.958643 0.393508 0.317271
0.895812 0.35575 0.305665
0.927802 -0.346444 0.598883
0.913581 -0.349369 0.678867
0.9216 -0.430629 0.657138
0.8864 -0.408566 0.704611
0.93618 -0.390603 0.684415
0.883053 -0.348788 0.751334
0.948606 -0.354606 0.70689
0.90309 -0.318628 0.772715
0.90696 -0.308056 0.703313
0.892024 -0.250514 0.69933
0.90547 -0.239125 0.656894
0.88653 -0.113851 0.719083
0.922445 -0.0967747 0.655716
0.869339 -0.0445987 0.873346
0.941161 -0.0520359 0.813845
0.891487 0.0123053 0.937824
0.901798 -0.0051868 0.861753
0.875023 0.0685849 0.87894
0.913212 0.0497817 0.847547
0.893881 0.104005 0.780994
0.926233 0.0725743 0.714588
0.890448 0.155343 0.652666
0.945941 0.130894 0.603272
0.909369 0.230664 0.580751
0.943968 0.180235 0.51416
0.899076 0.277879 0.508539
0.952856 0.242533 0.49142
0.920063 0.328058 0.44676
0.9234 0.304282 0.44803
0.867219 0.355544 0.420229
0.906784 0.344388 0.330925
0.848581 0.290872 0.376656
