0.461811 -0.800714 -0.504649
0.454922 -0.620757 -0.250966
0.454762 -0.810147 -0.068425
0.061228 0.108823 -0.377130
0.155302 -0.595110 0.175598
0.347841 0.073892 0.308830
0.370699 -0.055664 0.536950
0.248150 0.459110 0.119264
0.376924 0.153917 0.245977
0.139431 0.438869 0.255862
0.089383 0.238330 0.635279
0.388711 0.038936 0.357271
-0.147340 0.278035 0.626535
0.396311 -0.108340 0.527822
0.014428 0.380760 0.587052
0.499626 -1.078991 -0.211898
0.082130 -0.921977 -0.589980
0.416862 -0.985258 -0.035221
0.048985 0.351283 -0.207853
-0.690050 0.198395 -0.765806
0.396929 -0.560262 -0.311754
0.407359 0.302304 0.302651
0.231638 -0.274026 -0.022285
-0.342081 -0.505979 -1.032420
-0.083907 -0.371223 0.807598
0.400811 -0.071842 0.600295
-0.295761 0.729237 -0.003656
0.342775 -0.699279 -0.185016
-0.994612 0.763095 -0.572545
0.188316 -0.592288 -0.087446
-0.779809 -0.041331 -1.016134
0.076649 -0.473036 -0.476122
0.100964 -0.168687 -0.303510
0.130979 -0.515269 -0.411140
0.279564 -0.619536 -0.462494
0.371872 0.013354 0.282545
0.510449 -0.945224 -0.118465
0.001471 -0.243646 -0.595555
0.441068 -0.033349 0.593902
-0.095223 0.106468 -0.555996
0.297141 0.292411 0.582631
0.446185 0.136255 0.487889
0.065491 -0.696696 0.423567
-0.257305 -0.740791 -1.038769
-0.272395 -0.379144 -0.691979
0.260535 -0.719549 -0.325636
-0.675371 -0.851676 0.437443
0.439169 0.086872 0.651976
-0.432817 0.113677 -0.751492
0.302824 -0.200063 0.368188
0.361213 -0.605246 0.026259
0.329867 0.162628 -0.087343
0.521627 0.203918 0.439188
-0.203826 -0.369634 0.850935
-0.311638 -0.554612 0.772883
0.296546 -0.503440 0.114383
0.516842 -0.745571 -0.410822
0.484895 0.327203 0.434741
-0.989013 0.362923 -0.929901
0.240409 -0.351992 -0.210303
-0.675039 -0.253240 -0.977735
-0.236619 0.298329 -0.522992
-0.308781 -0.992018 0.179327
0.139266 -0.730867 0.182275
-0.100969 -0.865047 -0.458399
0.027058 -0.775137 -0.735395
-0.123081 0.400181 0.617515
0.133758 -0.218237 0.603371
-0.041203 0.632094 0.455366
-0.397795 -0.083046 0.707636
0.573825 0.329361 0.215572
0.272237 -0.556417 -0.310104
-0.517294 -0.352997 0.698225
0.319294 -0.235563 0.349403
0.244884 -0.496297 0.093563
0.265849 -0.432979 -0.168290
0.383972 -0.077054 0.427364
0.392581 -0.660326 -0.349334
0.177169 -0.451064 0.444259
0.342528 0.304644 0.212608
0.246094 -0.756844 -0.063583
-0.542550 -0.632406 0.539970
0.337635 -0.366147 -0.021723
-0.741317 -0.209510 0.659594
0.190359 -1.033533 -0.320199
-0.216880 -0.451160 -0.807003
0.463478 -0.890398 -0.338610
0.326610 -0.658639 -0.567471
-0.419596 0.675741 -0.269880
0.442335 -0.600293 -0.572996
-0.668606 -0.509059 0.619449
0.396654 -0.662587 -0.275807
0.037289 0.144032 0.682241
-0.284680 -0.334571 0.795931
0.505182 0.070322 0.497264
0.431728 -0.120438 0.462931
-0.004616 -1.030404 0.158223
0.163703 -0.755872 -0.592340
0.175057 -0.775288 0.066456
-0.423637 -0.555740 -0.895476
-0.419433 0.120889 0.703917
-0.042507 0.629296 0.246043
0.367784 -0.825820 -0.542918
0.056430 -0.599468 0.633381
-0.077072 -0.716871 -0.702590
0.063186 -0.058460 -0.219071
-0.260506 0.936062 0.155829
-0.103107 0.337074 -0.383653
0.352014 -0.084591 0.434155
-0.113317 -0.635401 -0.681188
-0.565136 0.806088 0.000059
0.218472 -0.715280 -0.477613
0.203512 -0.396087 0.190532
0.536371 0.032680 0.336836
0.531724 -0.774827 -0.214781
-0.904391 -0.370980 -0.806458
-0.040859 -0.704012 0.612397
0.331741 -0.633842 -0.422173
0.139472 -0.541902 -0.236840
-0.747914 0.394570 -0.686781
0.292112 -0.694898 -0.076105
0.213660 -0.552744 0.196257
0.021972 -0.818667 -0.646699
0.244445 0.226163 0.224827
0.278881 -0.585374 -0.125185
0.492545 0.144811 0.231761
0.052101 -0.332254 -0.525761
0.491620 0.269708 0.544021
0.461032 -1.046342 -0.209795
-0.920559 -0.158124 -0.862861
0.161646 -0.012026 -0.041449
-0.133228 -0.973728 -0.638720
-0.270214 0.544859 -0.417284
0.508136 0.348359 0.298269
-0.576062 -0.621851 -1.022096
0.216914 -0.507236 0.378563
0.507341 0.120927 0.356252
-0.057474 0.564187 0.450695
-0.297244 -0.557176 -0.649841
-0.124798 0.471150 -0.153458
0.099920 -0.768497 -0.593059
-0.375315 0.260493 -0.702986
-0.440720 -0.561195 0.733144
-0.216910 -0.161278 -0.723172
0.299068 -0.076975 0.605156
0.334892 -0.530216 -0.141186
-0.660948 -0.329543 -0.808291
-0.476949 -0.492347 0.715607
-0.367454 0.694873 0.394288
0.149756 0.283734 -0.109317
0.441726 -0.645250 -0.419861
0.358815 -0.022575 0.182533
0.158205 -0.204378 -0.467411
-0.065301 -0.772012 -0.790205
-0.395334 -0.663999 -1.123621
0.221590 -0.151894 0.609520
0.293216 0.230319 0.129090
-0.604714 0.652133 -0.432732
0.518302 -0.954695 -0.249238
-0.223118 0.001689 0.732574
-0.942376 -0.502300 -0.600797
0.442014 -0.692738 -0.445957
0.416740 -0.011209 0.325980
0.374320 -0.034242 0.657719
0.130601 -0.133957 -0.319749
0.391195 0.212591 0.191251
0.512576 -0.745854 -0.219609
0.209916 0.132806 -0.159404
0.434434 0.058157 0.241452
-0.293417 -0.774280 -0.662130
0.487363 0.361568 0.275994
-0.245723 0.196365 0.665519
-0.058190 -0.095796 0.778016
0.560618 0.272892 0.153722
0.261332 -0.713220 -0.540255
0.346903 0.314202 0.411564
0.453308 0.057891 0.367652
0.476342 -0.687748 -0.509191
0.095924 -1.019203 -0.014744
0.215655 -0.420356 0.393170
0.469156 0.221170 0.249449
0.070800 0.496056 0.048673
0.340415 0.183342 0.157285
0.256532 -0.251902 0.187492
0.315859 -0.228675 0.420595
0.498961 -0.652843 -0.198117
0.230301 -0.207828 0.381121
-0.785403 0.151665 -0.907917
0.339289 -0.209454 0.265183
-0.157460 -0.296123 -0.750150
-0.404249 -0.255414 -0.988919
0.170160 -0.183751 -0.279336
0.484512 -0.942711 -0.454158
-0.155789 -0.236255 -0.681044
-0.548316 -0.182254 0.639739
0.424749 0.039140 0.344212
0.522360 -0.787329 -0.455743
0.365227 -0.760410 -0.063127
-0.241661 -1.048904 -0.072481
0.323523 -0.658474 -0.248967
0.523738 0.179871 0.276893
-0.115578 0.606305 0.105163
0.525194 0.329233 0.241379
0.000483 -0.031404 0.748235
0.511740 -1.068027 -0.314289
0.505348 0.209869 0.397006
-0.555611 0.007407 -0.843573
0.495490 0.156909 0.471893
-0.483645 -0.612836 0.660652
0.498657 -0.870290 -0.459993
0.358789 0.242763 0.135649
0.519224 0.064963 0.298324
0.214809 0.095150 -0.013494
0.457706 0.164557 0.588704
-0.322546 0.493215 0.594525
-0.344058 -0.744732 -0.566077
-0.169573 0.222697 -0.646956
0.166946 -0.384487 -0.360019
-0.516923 -0.198957 -0.871192
0.514400 0.163891 0.658614
-0.430940 -0.403238 -1.098629
-0.352243 0.563788 0.472705
-1.083989 0.066637 -0.967271
-0.049803 -0.858185 0.295049
-0.697078 -0.455578 0.683018
0.411254 0.065951 0.320606
-0.036731 -1.082225 -0.351664
-0.777191 -0.243496 -0.933440
0.286986 -0.372341 0.140568
-0.031495 -1.045414 -0.492401
0.572567 0.158747 0.567791
0.337799 -0.706365 -0.563689
-0.425395 -0.938800 -0.260103
-0.448777 -0.313869 -0.805041
0.038325 -0.688684 -0.527165
0.254287 -0.460693 -0.350276
-0.434039 -0.907356 0.453424
0.168472 0.447432 0.418996
-0.444483 -0.503117 -0.652558
-0.440904 0.523791 -0.584608
0.078807 -0.158885 -0.475163
-0.499942 -0.723558 0.516648
0.257962 -0.941327 0.005459
0.520719 0.217305 0.379614
-0.658039 -0.659679 -0.669543
0.149093 0.165206 0.673369
-0.555198 0.215915 0.522436
0.528433 -0.577987 -0.294966
-0.025673 -0.483011 -0.401090
-0.788968 -0.818370 -0.290615
-0.294367 -0.831912 -1.012304
0.526733 -0.939462 -0.278312
-0.225319 -0.912228 -0.434868
-0.276472 0.816806 0.268479
-0.016398 0.324721 -0.089968
-0.027535 -0.795426 0.598773
-0.524407 -0.970787 0.084673
-0.576130 -0.909832 0.343977
-0.665417 -0.760078 -0.376531
-0.673988 -0.643793 0.642613
-0.796159 -0.548409 -0.583061
-0.827482 -0.409013 0.611747
-0.851450 -0.356614 -0.703533
-0.963521 -0.246837 0.636393
-1.113142 -0.287889 -0.736915
-1.235574 -0.084763 0.619843
-1.275300 -0.084025 -0.940495
-1.410489 0.128649 0.581848
-1.401704 -0.028558 -1.063793
-1.423616 0.164797 0.340948
-1.142077 -0.000768 -1.417228
-1.318354 0.283354 0.276565
-1.269593 0.122251 -1.371768
-1.460667 0.517878 0.041897
-1.241889 0.377174 -1.200068
-1.453350 0.705909 0.257504
-1.370883 0.600979 -0.891080
-1.611447 0.821160 0.163473
-1.444153 0.637322 -0.811613
-1.539007 0.767458 0.126496
-1.363520 0.673145 -0.721727
-1.326741 0.650632 -0.161907
-1.100946 0.547998 -0.780372
-1.149928 0.514240 -0.240970
-1.049697 0.520111 -0.700728
-1.129347 0.552625 -0.448317
-0.994766 0.620560 -0.936909
-0.908664 0.710995 -0.560437
-0.680583 -0.878875 -0.103258
-0.592460 -0.912946 0.134548
-0.674698 -0.855562 -0.034702
-0.722151 -0.713617 0.532755
-0.818578 -0.658764 -0.422541
-0.938108 -0.514564 0.522056
-0.958199 -0.531793 -0.483864
-1.093662 -0.398010 0.375943
-1.172263 -0.315948 -0.627465
-1.277740 -0.102074 0.374064
-1.352642 -0.112575 -0.623706
-1.472135 0.077520 0.152515
-1.449264 0.010611 -1.004901
-1.634612 0.207876 -0.054439
-1.584876 0.055156 -1.129117
-1.716537 0.236347 -0.225055
-1.601715 0.172528 -1.273337
-1.696990 0.493738 -0.129675
-1.630014 0.409794 -1.154876
-1.804030 0.797135 -0.105333
-1.721994 0.644199 -0.932331
-1.894225 0.810374 0.039168
-1.934078 0.782546 -0.732386
-2.011524 0.830380 -0.103529
-1.770350 0.746182 -0.786570
-1.785407 0.610402 -0.033423
-1.564590 0.639827 -0.723074
-1.522719 0.586155 -0.310317
-1.327793 0.571012 -0.935524
-1.325127 0.626738 -0.380778
-1.207744 0.698307 -0.705570
-1.118993 0.695639 -0.435231
-0.873217 -0.776730 0.207077
-0.784064 -0.781440 0.386172
-0.844407 -0.726169 -0.016319
-0.885756 -0.662334 0.398288
-1.001036 -0.633148 -0.162183
-1.060438 -0.596664 0.203840
-1.073744 -0.517029 -0.499687
-1.138409 -0.449937 0.097018
-1.255477 -0.377619 -0.578651
-1.214961 -0.201570 -0.185406
-1.459518 -0.263094 -0.755340
-1.502797 -0.007650 -0.321670
-1.712977 -0.134818 -0.824351
-1.741931 0.156910 -0.648669
-1.808210 0.062355 -0.981271
-1.832304 0.321976 -0.602171
-1.903691 0.272949 -0.855666
-1.846187 0.576684 -0.582396
-1.857552 0.565934 -0.624447
-1.994153 0.865027 -0.214054
-2.099347 0.844102 -0.262307
-2.226221 0.930316 -0.086147
-2.250430 0.905058 -0.432654
-2.274544 0.872439 -0.198559
-2.157641 0.836321 -0.514098
-2.049971 0.718902 -0.485970
-1.871939 0.692934 -0.821223
-1.688255 0.719260 -0.652396
-1.603372 0.746188 -0.936559
-1.466601 0.770369 -0.806753
-1.415681 0.880040 -1.070363
-1.218906 0.926206 -0.985382
-0.912792 -0.734155 -0.107033
-0.869642 -0.805448 0.169352
-0.967242 -0.840157 0.095649
-0.957912 -0.818709 0.329751
-0.981232 -0.794476 -0.155954
-1.127614 -0.727304 0.253798
-1.234204 -0.730800 -0.536713
-1.276766 -0.653096 -0.237566
-1.330153 -0.674174 -0.868951
-1.294952 -0.451537 -0.376091
-1.728028 -0.636520 -1.046339
-1.599644 -0.279942 -0.864834
-1.883941 -0.428912 -1.151269
-1.838969 -0.053124 -0.887325
-1.890742 -0.147318 -1.133283
-1.836913 0.173535 -0.872086
-1.812840 0.166233 -1.143421
-1.813384 0.431596 -0.476804
-1.870719 0.444858 -0.879326
-1.883224 0.654203 -0.228444
-1.957397 0.640797 -0.624069
-2.127607 0.768271 0.041807
-2.196002 0.759443 -0.408986
-2.216278 0.782552 -0.160319
-2.037629 0.715638 -0.676227
-2.000074 0.681716 -0.219123
-1.817017 0.659501 -0.753398
-1.613591 0.684195 -0.570860
-1.448953 0.710946 -1.110691
-1.352412 0.730223 -0.556777
-1.283965 0.803758 -0.993086
-1.105881 0.802053 -0.766034
-0.906323 -0.708688 0.205822
-0.849564 -0.749431 0.382795
-0.939871 -0.809828 0.089112
-0.972032 -0.783061 0.312163
-1.117650 -0.825458 -0.087753
-1.215834 -0.816062 -0.066962
-1.476696 -0.792308 -0.635516
-1.537760 -0.789217 -0.381446
-1.987905 -0.921822 -1.027010
-1.623353 -0.672250 -0.874873
-2.178696 -0.830915 -1.109703
-1.790524 -0.296315 -1.070728
-2.226458 -0.609748 -1.160526
-1.947587 -0.077702 -1.204441
-2.062863 -0.117204 -1.072227
-1.931555 0.302867 -0.907526
-1.926726 0.235442 -1.052788
-1.857341 0.622240 -0.434800
-1.899517 0.522100 -0.755987
-2.088382 1.004595 0.242529
-2.118531 0.869821 -0.264615
-2.276855 1.014247 0.264270
-2.198557 0.888931 -0.317107
-2.213651 0.833307 0.004232
-2.060034 0.778306 -0.440896
-1.924325 0.656542 -0.317315
-1.754201 0.734062 -0.810267
-1.579692 0.795589 -0.775790
-1.457211 0.889593 -1.016512
-1.346506 0.829400 -0.889847
-1.256123 0.953658 -1.051705
-1.107431 0.911445 -0.956108
-0.767115 -0.805865 0.181638
-0.747452 -0.832274 0.362043
-0.868354 -0.916809 0.234337
-0.894328 -0.918336 0.348747
-0.964874 -0.953238 0.035097
-1.108121 -0.882179 0.140826
-1.396133 -0.934450 -0.561023
-1.403476 -0.856794 -0.242649
-1.893017 -0.980836 -0.962885
-1.553731 -0.665176 -0.437116
-2.241292 -0.928621 -1.118973
-1.837432 -0.523007 -0.896829
-2.313925 -0.659172 -1.165917
-1.996454 -0.190230 -0.990601
-2.211833 -0.232975 -1.224616
-1.928950 0.221044 -0.817039
-1.944118 0.183470 -1.208467
-1.781932 0.533737 -0.365147
-1.849077 0.467543 -1.075242
-1.911692 0.803621 0.124310
-1.968977 0.632146 -0.812057
-2.131874 0.876195 0.224802
-2.068674 0.749642 -0.592591
-2.087151 0.773070 0.001488
-1.846396 0.706076 -0.801862
-1.764835 0.685311 -0.233243
-1.575502 0.736644 -0.897606
-1.402143 0.761174 -0.658705
-1.263814 0.806516 -1.172208
-1.182398 0.776718 -0.665643
-1.087547 0.857799 -1.020019
-1.001067 0.804693 -0.759785
-0.595428 -0.902693 0.556428
-0.630546 -0.931259 0.661121
-0.765088 -0.981956 0.355083
-0.786162 -0.929878 0.605713
-0.967202 -0.898855 -0.087512
-0.984887 -0.842855 0.213073
-1.306814 -0.810059 -0.687953
-1.173269 -0.705313 -0.089474
-1.791444 -0.780713 -0.966487
-1.383702 -0.575469 -0.483078
-2.087420 -0.672712 -1.068328
-1.657365 -0.278482 -0.716620
-2.170305 -0.389028 -1.148021
-1.830539 -0.038987 -0.779168
-2.070737 -0.038003 -1.202962
-1.837023 0.289915 -0.634025
-1.858201 0.312358 -1.278096
-1.761336 0.611263 -0.325741
-1.749545 0.498610 -1.192322
-1.958978 0.903751 0.245847
-1.920388 0.622074 -0.910559
-2.024465 0.896341 0.275605
-1.863846 0.743885 -0.918096
-1.873128 0.768773 0.064919
-1.687261 0.814175 -0.968155
-1.574767 0.746364 -0.417558
-1.419411 0.820151 -1.193433
-1.328114 0.849682 -0.751747
-1.290467 0.951183 -1.207824
-1.176616 0.853357 -0.946917
-1.108064 0.955308 -1.160657
-1.002024 0.840610 -1.000097
-0.472758 -1.002595 0.793256
-0.480072 -1.056201 0.919152
-0.604825 -1.045148 0.740391
-0.607442 -1.060130 0.799401
-0.733378 -0.954854 0.149524
-0.773389 -0.888409 0.640805
-1.088769 -0.813933 -0.376721
-0.985910 -0.727749 0.351495
-1.426076 -0.719869 -0.784140
-1.187878 -0.475166 -0.069972
-1.781786 -0.536740 -1.018700
-1.508308 -0.304381 -0.473616
-1.876858 -0.271233 -1.086916
-1.695654 -0.053530 -0.539985
-1.911707 0.011470 -1.219175
-1.740111 0.232819 -0.483327
-1.707006 0.285503 -1.287828
-1.638930 0.541661 -0.255373
-1.653478 0.527916 -1.350620
-1.754957 0.816390 0.050278
-1.684689 0.652822 -1.283636
-1.760555 0.795026 0.163437
-1.661905 0.669118 -1.124335
-1.623781 0.760907 -0.091735
-1.450548 0.733326 -1.289784
-1.409478 0.723797 -0.378746
-1.326078 0.807005 -1.296742
-1.219656 0.792386 -0.685539
-1.154145 0.856291 -1.350547
-1.083987 0.793751 -0.693063
-1.020964 0.875792 -1.179745
-0.966673 0.785709 -0.766829
-0.385289 -1.156183 0.991796
-0.419333 -1.224370 1.168809
-0.447514 -1.090742 0.674737
-0.441630 -1.099908 1.129026
-0.582694 -0.924451 0.109521
-0.639724 -0.853997 0.851244
-0.930440 -0.774801 -0.340180
-0.875711 -0.634331 0.468299
-1.232790 -0.543412 -0.730132
-1.045511 -0.427013 -0.004475
-1.529518 -0.432334 -0.944276
-1.361312 -0.197353 -0.280666
-1.692585 -0.159571 -1.036758
-1.497206 -0.007153 -0.363679
-1.701472 0.093764 -1.210014
-1.578169 0.250520 -0.348371
-1.558958 0.356829 -1.347550
-1.448884 0.520591 -0.330123
-1.464429 0.523575 -1.382643
-1.523522 0.692129 -0.069650
-1.478522 0.602817 -1.299394
-1.502788 0.747462 -0.137423
-1.450112 0.695468 -1.375837
-1.514293 0.721560 -0.303050
-1.397799 0.825712 -1.319924
-1.326421 0.778842 -0.638151
-1.257374 0.852198 -1.372815
-1.193850 0.845000 -0.852608
-1.149463 0.932515 -1.265373
-1.059383 0.803399 -0.930450
-1.004557 0.885081 -1.130169
-0.947803 0.784076 -0.941242
-0.344645 -1.221901 1.076537
-0.324943 -1.314471 1.261687
-0.389380 -1.231417 0.972853
-0.382213 -1.285177 1.259110
-0.422064 -1.000924 0.415736
-0.488373 -1.151188 1.206860
-0.653004 -0.826432 -0.029929
-0.626657 -0.871448 0.987662
-0.943359 -0.627627 -0.374744
-0.925567 -0.503299 0.402895
-1.311679 -0.362901 -0.800810
-1.184871 -0.311279 -0.014193
-1.428817 -0.226267 -0.981376
-1.322026 -0.090101 -0.069242
-1.462216 0.011578 -1.172033
-1.399675 0.171719 -0.139226
-1.404521 0.262295 -1.348994
-1.346157 0.407921 -0.226705
-1.360628 0.473344 -1.464910
-1.347597 0.603257 -0.253245
-1.318804 0.599467 -1.477561
-1.325897 0.654937 -0.301232
-1.308263 0.677396 -1.415909
-1.287213 0.736417 -0.490427
-1.225493 0.739057 -1.438374
-1.175908 0.738053 -0.640274
-1.108276 0.782048 -1.345934
-1.033858 0.792307 -0.768773
-1.008713 0.818908 -1.306298
-0.946430 0.741206 -0.754501
-0.869736 0.811756 -1.146712
-0.853237 0.751742 -0.806160
-0.221691 -1.168414 1.149614
-0.235403 -1.229085 1.381703
-0.268457 -1.062595 0.718792
-0.259385 -1.137699 1.373722
-0.305943 -0.983072 0.245965
-0.418442 -0.955131 1.158694
-0.573886 -0.852514 -0.164377
-0.595139 -0.784156 0.854896
-0.907405 -0.556600 -0.568732
-0.831547 -0.525272 0.500189
-1.168805 -0.385392 -0.850146
-1.081072 -0.293519 0.261037
-1.333482 -0.160072 -1.006251
-1.199127 -0.059525 0.162345
-1.314288 0.048953 -1.226200
-1.280619 0.183092 0.033388
-1.321846 0.316587 -1.365191
-1.268132 0.370280 -0.219792
-1.247180 0.445112 -1.461985
-1.250158 0.499383 -0.264130
-1.244886 0.636249 -1.433457
-1.202780 0.660266 -0.491833
-1.178383 0.708409 -1.571285
-1.175859 0.751185 -0.565969
-1.191059 0.885346 -1.486445
-1.089509 0.807314 -0.738410
-1.038823 0.811457 -1.454670
-0.969112 0.768702 -0.757847
-0.950237 0.805488 -1.253004
-0.877788 0.680915 -0.896890
-0.802977 0.740932 -1.057944
-0.747197 0.657625 -0.987036
-0.267200 -1.185688 1.018184
-0.267238 -1.230380 1.296488
-0.291843 -1.153474 0.863391
-0.291901 -1.243756 1.416220
-0.333773 -0.958540 0.337230
-0.398442 -1.071696 1.338099
-0.536846 -0.928841 -0.065697
-0.486848 -0.954594 1.161431
-0.695904 -0.725958 -0.314468
-0.680084 -0.697293 0.807559
-1.007707 -0.411158 -0.799135
-0.935270 -0.390292 0.379371
-1.100882 -0.255171 -1.045607
-1.060466 -0.124442 0.255709
-1.201610 -0.064194 -1.188204
-1.209950 0.092394 0.154670
-1.196593 0.136230 -1.332415
-1.189866 0.245919 -0.035005
-1.168411 0.302440 -1.457102
-1.180686 0.418640 -0.235681
-1.185182 0.495761 -1.503500
-1.115290 0.571710 -0.363876
-1.122686 0.623474 -1.501083
-1.009928 0.663935 -0.565058
-1.024719 0.705720 -1.518197
-0.934206 0.681388 -0.615814
-0.973707 0.653712 -1.370832
-0.823911 0.672558 -0.693015
-0.843130 0.647344 -1.319840
-0.820488 0.605667 -0.691725
-0.769546 0.639461 -1.133843
-0.726381 0.598406 -0.819176
-0.174023 -0.987914 0.987474
-0.192365 -1.001222 1.280526
-0.217859 -0.958266 0.561647
-0.209025 -1.036113 1.328223
-0.253754 -1.034470 0.126997
-0.277159 -0.956374 1.188264
-0.438579 -0.984446 -0.275706
-0.415446 -0.867022 1.068285
-0.702252 -0.616635 -0.631108
-0.653846 -0.651316 0.633677
-0.931178 -0.402291 -0.883261
-0.831091 -0.359556 0.453029
-1.056035 -0.206718 -1.023387
-0.980199 -0.134115 0.347812
-1.119846 0.008394 -1.162188
-1.122293 0.120697 0.202841
-1.164055 0.226470 -1.284964
-1.130959 0.277313 -0.008821
-1.103983 0.349708 -1.404757
-1.110848 0.449739 -0.127533
-1.157091 0.526955 -1.391698
-1.111094 0.587171 -0.307035
-1.141563 0.662270 -1.459165
-1.004129 0.677740 -0.481638
-1.043378 0.747792 -1.377768
-0.931499 0.667686 -0.509684
-0.929268 0.642006 -1.372326
-0.757700 0.632772 -0.562461
-0.716743 0.590556 -1.203797
-0.666811 0.540835 -0.666272
-0.647730 0.567104 -0.988827
-0.625102 0.507867 -0.772883
-0.199529 -1.047225 0.718803
-0.234641 -1.065830 1.049569
-0.250061 -1.075649 0.554554
-0.246362 -1.154820 1.269493
-0.243242 -1.039964 0.175138
-0.232895 -1.077888 1.278143
-0.371510 -1.052891 -0.225606
-0.288542 -1.020107 1.217696
-0.522844 -0.832178 -0.463822
-0.488822 -0.918420 1.139395
-0.779684 -0.489618 -0.800980
-0.679059 -0.483311 0.746285
-0.894305 -0.306977 -0.956219
-0.845246 -0.181244 0.488342
-1.019281 -0.100323 -1.095850
-1.017963 0.027882 0.375871
-1.079546 0.057648 -1.190258
-1.029944 0.157862 0.230511
-1.053865 0.176574 -1.284288
-1.012989 0.335062 0.059243
-1.058282 0.362234 -1.328199
-0.996515 0.478375 -0.137591
-1.101456 0.477692 -1.165711
-1.011608 0.576862 -0.428717
-1.031727 0.570350 -1.362893
-0.900677 0.590359 -0.484062
-0.920627 0.481538 -1.173236
-0.801816 0.535727 -0.551442
-0.734423 0.454786 -1.230117
-0.680001 0.459774 -0.528414
-0.629714 0.402953 -1.030568
-0.591249 0.420330 -0.620111
-0.088193 -0.961652 0.691862
-0.127945 -0.896760 1.024826
-0.185984 -1.033421 0.212192
-0.150788 -0.972267 1.197073
-0.193794 -1.081870 -0.097058
-0.195318 -0.932887 1.128330
-0.317864 -1.003420 -0.452838
-0.330276 -0.849815 1.130786
-0.556556 -0.717087 -0.610095
-0.533156 -0.751592 0.794519
-0.714265 -0.507958 -0.759461
-0.621363 -0.455574 0.641777
-0.802433 -0.311111 -0.871206
-0.768828 -0.207101 0.531409
-0.914126 -0.103797 -0.997425
-0.872876 0.023615 0.450288
-0.980292 0.086113 -1.102688
-0.911050 0.153411 0.322415
-0.970593 0.221157 -1.206468
-0.884501 0.321574 0.227816
-0.955754 0.426563 -1.260653
-0.885188 0.473789 -0.057615
-0.891810 0.540104 -1.447805
-0.844020 0.562159 -0.172631
-0.918045 0.663321 -1.354755
-0.822844 0.593889 -0.344831
-0.768993 0.517656 -1.377328
-0.688827 0.649797 -0.363954
-0.674434 0.458499 -1.077153
-0.605912 0.565215 -0.414795
-0.546171 0.422047 -0.856144
-0.545744 0.455379 -0.533248
-0.098857 -0.987651 0.419709
-0.150807 -0.966109 0.725790
-0.176373 -1.061310 0.251197
-0.156146 -1.015589 1.009851
-0.215838 -1.064853 -0.063440
-0.141955 -0.961734 1.118563
-0.265851 -0.954712 -0.350262
-0.184414 -0.939001 1.149360
-0.395162 -0.806816 -0.594708
-0.340525 -0.884744 1.200819
-0.538375 -0.622231 -0.748370
-0.464417 -0.610622 0.964365
-0.648213 -0.403376 -0.855538
-0.613468 -0.269249 0.724941
-0.771337 -0.240819 -0.926019
-0.714833 -0.064785 0.602162
-0.811979 -0.081305 -1.002109
-0.738477 0.085006 0.504646
-0.857188 0.079900 -1.112814
-0.776688 0.256882 0.387142
-0.849056 0.312271 -1.232881
-0.759319 0.389282 0.243141
-0.862866 0.420823 -1.209743
-0.778252 0.446410 0.062512
-0.816155 0.531349 -1.403648
-0.742386 0.575891 -0.129190
-0.776637 0.387842 -1.260887
-0.706876 0.536699 -0.156565
-0.687851 0.328849 -1.197962
-0.622624 0.502872 -0.194394
-0.562492 0.331138 -0.856436
-0.515784 0.423198 -0.309839
-0.027485 -0.967147 0.490768
-0.077739 -0.870166 0.821905
-0.104837 -0.998781 0.084906
-0.092462 -0.876030 0.948727
-0.151987 -1.016280 -0.227002
-0.101293 -0.777400 0.960830
-0.198021 -0.899780 -0.550966
-0.178758 -0.746302 1.002538
-0.319206 -0.708095 -0.657357
-0.272240 -0.611632 0.853719
-0.372172 -0.574206 -0.805443
-0.302230 -0.425071 0.798150
-0.440337 -0.408308 -0.841721
-0.398359 -0.225673 0.769324
-0.493791 -0.250080 -0.893697
-0.455554 -0.055535 0.679448
-0.598885 -0.092013 -0.904157
-0.515164 0.066589 0.552611
-0.675213 0.130345 -0.976974
-0.612715 0.285548 0.395184
-0.807621 0.355753 -0.885392
-0.755846 0.416388 0.151264
-0.847742 0.480226 -1.010492
-0.747221 0.483007 -0.085005
-0.817954 0.586988 -0.949067
-0.738597 0.622728 -0.079546
-0.786529 0.525370 -0.906898
-0.661807 0.652743 -0.061558
-0.677003 0.456031 -0.744914
-0.560004 0.641342 -0.051111
-0.525124 0.463044 -0.486569
-0.523246 0.538629 -0.221320
-0.004058 -0.955685 0.253319
-0.069750 -0.953826 0.542198
-0.066794 -0.976722 0.155506
-0.080789 -0.924700 0.729091
-0.099195 -0.952777 -0.105024
-0.059713 -0.816536 0.883418
-0.139858 -0.870908 -0.414629
-0.058336 -0.778647 0.939030
-0.190902 -0.873974 -0.667481
-0.121035 -0.733645 0.990205
-0.222101 -0.724505 -0.769559
-0.129848 -0.517755 0.882856
-0.220818 -0.515796 -0.816325
-0.179921 -0.287248 0.806092
-0.261242 -0.336732 -0.775286
-0.221005 -0.144038 0.703283
-0.316511 -0.180281 -0.760130
-0.285689 -0.011001 0.635993
-0.446460 0.068846 -0.798398
-0.379570 0.234327 0.556785
-0.559853 0.271314 -0.738506
-0.559572 0.339354 0.408877
-0.695382 0.362526 -0.601158
-0.631043 0.410557 0.214512
-0.679302 0.403821 -0.687241
-0.614151 0.428330 0.095632
-0.734004 0.377551 -0.543572
-0.649270 0.492079 0.095899
-0.659466 0.458533 -0.576090
-0.581528 0.574534 0.077420
-0.527811 0.478162 -0.338919
-0.505027 0.481001 -0.036436
0.033743 -0.910545 0.285397
-0.033509 -0.860809 0.561919
-0.042810 -0.911750 0.059315
-0.037351 -0.811248 0.629668
-0.011007 -0.845510 -0.114566
-0.011155 -0.689623 0.659603
-0.013265 -0.767823 -0.426863
-0.018110 -0.636607 0.696867
-0.075821 -0.652765 -0.546288
-0.040609 -0.505306 0.685066
-0.089083 -0.560386 -0.655768
-0.005926 -0.380634 0.668225
-0.053073 -0.426282 -0.664349
-0.010429 -0.234242 0.700990
-0.064426 -0.290188 -0.680754
-0.041558 -0.125629 0.643620
-0.117825 -0.164168 -0.672796
-0.118056 -0.009396 0.616740
-0.215337 0.077585 -0.719807
-0.212295 0.257788 0.557657
-0.359922 0.313954 -0.608494
-0.347079 0.384269 0.411466
-0.449945 0.390621 -0.595601
-0.460600 0.436231 0.277139
-0.587957 0.457827 -0.495239
-0.518558 0.509308 0.162613
-0.581141 0.491499 -0.388630
-0.510462 0.603301 0.152672
-0.565281 0.561401 -0.244338
-0.486599 0.667621 0.012498
-0.498890 0.547197 -0.138167
-0.511603 0.547716 -0.157973
0.012925 -0.938921 0.118768
-0.033842 -0.927791 0.363725
-0.009110 -0.920294 0.127443
0.019296 -0.839730 0.449012
0.069735 -0.805342 0.001448
0.074602 -0.735626 0.468764
0.080558 -0.712808 -0.179933
0.077448 -0.656988 0.480809
0.046443 -0.676761 -0.387099
0.079908 -0.585477 0.549475
0.062069 -0.589831 -0.465893
0.116584 -0.442549 0.537932
0.109809 -0.468538 -0.522868
0.125033 -0.312666 0.582816
0.138891 -0.342483 -0.513783
0.121941 -0.211138 0.563092
0.110441 -0.218789 -0.541925
0.100049 -0.041343 0.533667
0.098003 0.007361 -0.511795
0.031945 0.195786 0.465863
-0.100084 0.236845 -0.444360
-0.182409 0.344656 0.303495
-0.269060 0.348542 -0.388841
-0.305963 0.371490 0.229952
-0.418850 0.388445 -0.508885
-0.439561 0.439521 0.206242
-0.506740 0.400824 -0.376179
-0.507467 0.526076 0.202081
-0.515687 0.516732 -0.256730
-0.496110 0.591119 0.154614
-0.499319 0.558769 -0.067171
-0.478105 0.525902 0.046180
0.016745 -0.943812 0.159898
-0.017927 -0.875961 0.336502
0.038455 -0.900943 0.085061
0.085652 -0.770876 0.304769
0.145579 -0.721006 0.015606
0.182560 -0.657884 0.270182
0.190514 -0.613109 -0.184742
0.188200 -0.550518 0.265393
0.162621 -0.538983 -0.257642
0.178333 -0.462417 0.304603
0.193351 -0.488932 -0.349547
0.194580 -0.369356 0.361376
0.204677 -0.381613 -0.388512
0.188974 -0.250752 0.411255
0.205554 -0.284183 -0.412354
0.158519 -0.181527 0.413106
0.172028 -0.167574 -0.441502
0.142020 -0.011936 0.424912
0.166002 0.022578 -0.396863
0.109570 0.170924 0.293069
0.078275 0.231149 -0.245320
-0.004911 0.329290 0.154585
-0.091629 0.310865 -0.227860
-0.197190 0.355038 0.114000
-0.343106 0.382096 -0.178247
-0.382773 0.447499 0.126276
-0.461150 0.423703 -0.167551
-0.442691 0.518548 0.132745
-0.478290 0.523248 -0.062351
-0.462634 0.567961 0.070803
-0.458967 0.543299 -0.049436
-0.440989 0.531568 -0.065820
0.013999 -0.967661 0.035474
0.014048 -0.935308 0.185626
0.062602 -0.875780 0.068219
0.160158 -0.801197 0.156805
0.191649 -0.725336 0.044453
0.235491 -0.691821 0.150168
0.224264 -0.622658 -0.035423
0.252414 -0.588496 0.112973
0.228144 -0.573183 -0.176969
0.242176 -0.521493 0.211133
0.229119 -0.511568 -0.234669
0.237567 -0.410716 0.235935
0.225407 -0.429612 -0.312762
0.214476 -0.336445 0.342474
0.188846 -0.344887 -0.294924
0.207239 -0.220554 0.315547
0.168975 -0.211039 -0.331340
0.176093 -0.045122 0.352505
0.156289 0.008592 -0.320108
0.167715 0.159358 0.207191
0.110018 0.204831 -0.213741
0.080946 0.282686 0.106584
-0.021308 0.304341 -0.184724
-0.123636 0.337251 0.077941
-0.255102 0.361822 -0.224313
-0.344479 0.395100 0.127665
-0.413255 0.404344 -0.161609
-0.442206 0.455394 0.146622
-0.456766 0.495754 -0.157631
-0.486756 0.533067 0.212992
-0.521479 0.560723 0.068040
-0.481511 0.554108 0.161585
-0.015572 -0.930488 0.115075
0.065862 -0.872661 0.201861
0.106431 -0.848994 -0.017335
0.170646 -0.716625 0.170645
0.183188 -0.649931 0.065453
0.226082 -0.615651 0.076113
0.203329 -0.566422 -0.074172
0.264751 -0.538062 0.068872
0.233255 -0.476290 -0.082626
0.265664 -0.425426 0.066898
0.230650 -0.409829 -0.191301
0.258482 -0.351017 0.159683
0.229003 -0.336435 -0.154769
0.224776 -0.248322 0.188508
0.204435 -0.234511 -0.153121
0.217199 -0.155132 0.221374
0.194654 -0.103103 -0.183699
0.198163 0.010399 0.245646
0.197780 0.057851 -0.181622
0.183688 0.123513 0.161678
0.157035 0.215740 -0.043448
0.145864 0.258259 0.090242
0.099229 0.319474 -0.027193
0.015601 0.346087 0.131798
-0.148483 0.376957 -0.043302
-0.239955 0.435125 0.124266
-0.332209 0.426950 -0.043737
-0.345218 0.491655 0.105749
-0.391124 0.487230 0.028034
-0.408067 0.566097 0.091282
-0.426656 0.554469 0.003542
-0.363070 0.557640 -0.029621
0.068990 -0.785713 0.119413
0.037966 -0.775626 0.240134
0.132094 -0.804230 0.120972
0.170183 -0.639630 0.256517
0.217791 -0.604077 0.158774
0.245178 -0.522873 0.194299
0.236056 -0.538891 0.126762
0.281380 -0.511407 0.124183
0.274221 -0.501656 0.090931
0.290161 -0.455320 0.176057
0.274966 -0.431510 0.076911
0.284956 -0.348455 0.142888
0.269480 -0.336921 0.034678
0.254785 -0.319820 0.186875
0.250179 -0.275805 0.064826
0.238112 -0.220713 0.134253
0.250224 -0.129415 0.008458
0.235037 -0.075794 0.124458
0.251142 0.015502 -0.012096
0.210340 0.031403 0.060205
0.192848 0.155323 0.035214
0.154497 0.150931 0.033038
0.133367 0.255470 -0.003070
0.062507 0.270975 0.068172
0.003335 0.335181 -0.066981
-0.065057 0.348745 0.163096
-0.098765 0.378865 0.012298
-0.141347 0.420078 0.147355
-0.175969 0.464433 0.021073
-0.211838 0.501597 0.183147
-0.341634 0.555722 0.161484
-0.245443 0.539827 0.101722
