0.554314 -0.309953 0.041179
0.652821 -0.315148 0.114338
1.002239 -0.484796 0.194802
0.493702 0.412389 -0.529123
0.836824 -0.539245 0.414612
0.851189 0.633385 -0.299082
0.578076 -0.153570 0.348079
0.570067 0.499145 -0.136476
0.938297 0.539414 -0.297979
0.414105 0.509065 -0.076337
0.356523 0.287785 0.344448
0.678629 0.141295 0.106803
0.083391 0.300802 0.386966
0.658100 -0.418902 0.515374
0.181258 0.410046 0.299136
0.851659 -0.700061 0.241648
0.454885 -0.311300 -0.191605
0.879706 -0.784439 0.246529
0.156671 0.401704 -0.363411
-0.092969 0.311185 -0.423174
0.903133 -0.599191 -0.008428
0.807227 0.623252 -0.213758
0.871974 0.506433 -0.582974
0.084380 0.109804 -0.609290
0.336135 -0.189539 0.435294
0.834981 -0.521830 0.486224
0.033129 0.390626 -0.185935
0.878956 -0.732166 0.262479
-0.375175 0.198961 -0.198797
0.523357 -0.410700 0.059704
-0.288525 0.065631 -0.411056
0.471958 0.139867 -0.489725
0.893420 0.491104 -0.595467
0.670607 0.273771 -0.299835
0.904654 0.334489 -0.629358
0.924979 0.235016 -0.625329
0.917039 -0.563131 0.194246
0.684699 0.295121 -0.513706
0.728484 -0.256960 0.288514
0.232699 0.322377 -0.618534
0.351487 0.396276 0.204628
0.537555 0.346300 0.182521
0.553566 -0.467151 0.425889
0.053255 -0.182740 -0.392105
0.075837 0.136655 -0.575996
0.270128 -0.581642 -0.170282
-0.281642 -0.324705 0.198286
0.676201 0.069653 0.090989
-0.037208 0.210068 -0.539661
0.863895 -0.303373 0.457255
0.875650 -0.616653 0.375084
0.618158 0.291760 -0.181269
0.647704 0.383435 0.043574
0.171248 -0.089750 0.455344
0.221305 -0.241450 0.431656
0.952814 -0.501759 0.216256
0.551343 -0.005709 -0.183273
0.750143 0.465212 -0.081099
-0.383041 0.175569 -0.302140
0.909657 0.445517 -0.285790
-0.274260 0.039152 -0.411766
0.133184 0.400078 -0.518216
-0.075583 -0.505159 0.037067
0.433859 -0.567861 0.295771
0.025942 -0.586922 -0.113303
0.397027 0.153826 -0.463515
0.024233 0.389429 0.238094
0.562412 -0.266499 0.496210
0.292888 0.454523 0.165972
-0.053061 0.084636 0.382995
0.904328 0.481384 -0.208315
0.905231 0.315850 -0.429754
-0.143919 -0.008810 0.303016
0.980113 -0.315733 0.422599
0.882572 0.487362 -0.663038
0.617662 -0.056508 -0.210928
0.858572 -0.411378 0.363560
0.506310 -0.412066 -0.116475
0.765743 -0.296135 0.435223
0.649494 0.524027 -0.144239
0.422505 -0.610975 0.082135
-0.192987 -0.249915 0.275048
0.933965 0.265134 -0.535231
-0.385671 -0.101593 0.230736
0.585476 -0.591541 0.100212
0.237392 0.068367 -0.524505
0.743735 -0.501454 0.097180
0.602974 -0.038754 -0.064146
-0.120243 0.326460 -0.233445
0.621496 0.287916 -0.304572
-0.349799 -0.223829 0.221158
0.936941 -0.359565 0.498687
0.215058 0.161371 0.492011
-0.019423 -0.042731 0.377890
0.704614 -0.103607 0.125450
0.776482 -0.327228 0.319960
0.071894 -0.628839 0.152772
0.811745 0.444336 -0.616224
0.719730 -0.284532 0.212661
-0.054584 -0.145951 -0.452989
-0.171871 0.153744 0.270526
0.252541 0.484807 -0.088378
0.555157 0.013540 -0.225356
0.491452 -0.366198 0.444825
0.524683 0.141474 -0.452010
0.710345 0.444918 -0.501255
0.029383 0.421339 -0.003711
0.255243 0.394491 -0.511785
0.750648 -0.272310 0.217533
0.626819 0.366622 -0.552221
-0.268067 0.316705 -0.072551
0.454544 -0.147522 -0.349985
0.935473 -0.457903 0.448559
0.710993 0.287066 -0.069050
0.786761 -0.463124 0.157621
-0.399651 -0.095621 -0.384946
0.298048 -0.343540 0.387843
0.825690 0.356715 -0.338968
0.812919 0.443596 -0.712330
-0.232513 0.192476 -0.345328
0.960126 -0.537586 0.168031
0.735279 -0.531717 0.405037
0.340739 -0.127644 -0.352439
0.703154 0.269814 -0.210624
0.657922 0.258006 -0.281105
1.004141 0.429094 -0.260937
0.674084 0.216463 -0.430712
0.638901 0.371249 0.025447
0.854128 -0.744784 0.231251
-0.384026 0.069454 -0.404974
0.987799 0.337685 -0.419838
-0.012740 -0.439416 -0.210633
-0.028176 0.343338 -0.358718
0.825505 0.518273 -0.221843
-0.222232 -0.138935 -0.416501
0.859217 -0.441126 0.502106
0.856299 0.413452 -0.223562
0.095780 0.461586 0.186999
-0.151800 -0.250294 -0.399020
0.383306 0.441438 -0.425680
0.591778 0.164957 -0.236273
-0.026666 0.307973 -0.403198
-0.061610 -0.208957 0.376286
0.109931 0.245104 -0.631979
0.679985 -0.234644 0.406222
0.631286 -0.223698 0.199863
-0.228652 -0.052868 -0.443647
0.082190 -0.151393 0.432154
-0.067185 0.396774 -0.026734
0.580794 0.567273 -0.280466
0.583912 -0.151450 -0.102343
0.830676 0.607369 -0.489026
0.715371 0.233245 -0.362274
0.419007 0.315860 -0.510475
-0.069507 0.022267 -0.504076
0.478989 -0.000383 0.420964
0.636071 0.366771 -0.114748
-0.220737 0.306859 -0.250617
0.725322 -0.548894 0.300146
0.052570 0.093324 0.381511
-0.497818 -0.181190 -0.292299
0.773110 0.367858 -0.576601
0.846731 0.282064 -0.427451
0.674639 0.060169 0.272445
0.745894 0.390857 -0.582456
0.898853 0.453147 -0.463269
0.638467 -0.299760 -0.023669
0.621826 0.246516 -0.402480
0.802852 0.309314 -0.357162
-0.024132 -0.356200 -0.340096
0.795506 0.285280 -0.278202
-0.057971 0.289808 0.278612
0.295289 -0.141855 0.447867
0.908067 0.580981 -0.227177
0.921558 0.341050 -0.593112
0.570207 0.443218 0.085221
0.903641 0.483282 -0.119190
0.597421 0.191998 -0.321039
0.148358 -0.696782 0.031671
0.927884 -0.300998 0.365203
0.855204 0.637840 -0.103300
0.298264 0.522443 -0.270269
0.728454 0.530312 -0.197884
0.865947 0.344390 -0.622758
0.647396 -0.226543 0.221890
0.865590 -0.443366 0.200443
0.918474 0.453162 -0.534959
-0.318256 0.156138 -0.347582
0.904598 -0.210287 0.490446
0.253598 0.208235 -0.610041
0.077690 0.285628 -0.605859
0.759948 0.298509 -0.296321
0.617317 -0.477492 0.071238
0.383520 0.359702 -0.568234
-0.314874 0.089899 0.183040
0.745430 -0.219588 0.214729
0.746165 -0.451012 0.194327
0.724876 -0.653428 0.244356
-0.010612 -0.634480 0.056928
0.894503 0.341555 -0.757938
0.780294 0.329380 -0.202926
0.409012 0.518700 -0.249729
0.798659 0.519406 -0.334895
0.142678 0.082382 0.408311
0.848394 -0.686698 0.118519
0.716201 0.407056 -0.174325
-0.191237 0.157471 -0.446486
0.686755 0.086776 0.085950
0.041294 -0.284474 0.377887
0.684120 -0.456778 0.033678
0.711772 0.569398 -0.371413
0.819862 0.418956 -0.149937
0.837017 0.521328 -0.534497
0.673273 0.086866 0.120483
-0.233826 0.287496 0.132003
-0.126329 -0.438336 -0.247837
0.054082 0.317787 -0.519974
0.842807 0.283089 -0.497609
-0.027882 0.173786 -0.579673
0.837250 0.501225 -0.159863
-0.137661 0.079790 -0.499499
-0.060811 0.365128 0.118128
-0.488568 -0.004284 -0.383236
0.280110 -0.442704 0.367125
-0.220198 -0.100310 0.264760
0.912015 -0.448617 0.122380
0.074800 -0.626808 -0.009521
-0.286433 -0.097817 -0.396320
0.873986 -0.579012 0.395446
0.393063 -0.547108 0.022516
0.878067 0.425084 -0.113357
0.621351 0.364542 -0.476183
-0.368881 -0.457243 0.001999
-0.027844 -0.007826 -0.502088
0.116856 -0.318010 -0.337131
0.805749 0.300257 -0.456158
-0.083474 -0.470273 0.186530
0.376217 0.480475 0.050939
-0.100880 -0.298345 -0.355362
-0.134406 0.296689 -0.335759
0.549663 0.277074 -0.551308
-0.110571 -0.358890 0.283842
0.546910 -0.664061 0.163362
0.871255 0.527953 -0.138358
-0.364720 -0.294664 -0.305760
0.487199 0.117227 0.359232
-0.286118 0.167139 0.153671
0.883784 -0.358281 0.297972
0.069283 -0.099627 -0.520340
-0.421431 -0.352489 -0.121580
-0.265527 -0.340491 -0.176528
0.892794 -0.644460 0.092899
-0.170003 -0.523212 -0.084002
0.024862 0.414417 0.063775
0.626002 0.503566 -0.429332
0.005796 -0.432156 0.289502
-0.424428 -0.160884 0.135016
-0.405230 -0.107275 0.333741
-0.437996 0.006866 0.081485
-0.363692 0.000124 0.380791
-0.412366 0.103511 0.061293
-0.309850 0.159535 0.220266
-0.347051 0.110098 -0.220361
-0.463348 0.074958 0.083457
-0.693172 -0.232309 -0.533739
-0.741095 -0.368428 -0.267528
-0.818216 -0.651053 -0.932401
-0.808690 -0.495054 -0.518965
-0.856192 -0.615848 -0.969593
-0.884502 -0.488378 -0.674116
-0.854093 -0.542444 -0.938604
-0.900099 -0.491722 -0.571774
-0.939919 -0.476013 -0.728909
-0.956918 -0.441498 -0.393862
-0.877506 -0.398959 -0.528141
-0.810787 -0.329777 -0.197552
-0.742193 -0.339122 -0.350946
-0.673375 -0.260864 -0.092959
-0.589064 -0.263438 -0.381379
-0.507110 -0.218436 0.115802
-0.494251 -0.240404 -0.279510
-0.507651 -0.182637 0.116238
-0.476424 -0.160479 -0.298754
-0.467900 -0.093188 0.235237
-0.480553 -0.019804 -0.180363
-0.503112 0.025480 0.152281
-0.457788 0.121344 -0.236108
-0.419271 0.248901 0.123750
-0.478197 -0.044938 0.133698
-0.474386 -0.056327 0.394375
-0.557960 0.002209 0.347455
-0.460297 -0.063787 0.366708
-0.487158 -0.004255 0.187376
-0.486011 -0.072310 0.356757
-0.559239 -0.068708 0.021152
-0.570492 -0.135350 0.099150
-0.791096 -0.237169 -0.505532
-0.752395 -0.355334 -0.434216
-1.000269 -0.753507 -0.923347
-0.913519 -0.773277 -0.829435
-0.945120 -0.810794 -1.036795
-0.892351 -0.749850 -0.904264
-0.875932 -0.741883 -1.064221
-0.806972 -0.752310 -0.809425
-0.854478 -0.720057 -0.930362
-0.916320 -0.627907 -0.559524
-0.955324 -0.581546 -0.672474
-0.904492 -0.445405 -0.443793
-0.816497 -0.431189 -0.420407
-0.726863 -0.331994 -0.196591
-0.680108 -0.382513 -0.230469
-0.615777 -0.288040 -0.067695
-0.571012 -0.288687 -0.277000
-0.577524 -0.187026 0.128566
-0.566687 -0.235826 -0.182477
-0.596187 -0.147501 0.232465
-0.574909 -0.088782 -0.250512
-0.573834 -0.009087 0.259823
-0.568897 0.040623 0.003555
-0.409598 0.078144 0.288151
-0.418213 -0.057689 0.186080
-0.410419 -0.030449 0.342304
-0.484046 0.179778 0.158365
-0.424634 0.157366 0.351621
-0.403033 0.297576 0.056588
-0.375482 0.342923 0.071360
-0.374889 0.261647 -0.176335
-0.408619 0.166165 -0.094669
-0.755539 -0.184984 -0.436040
-0.751627 -0.337447 -0.568409
-1.035908 -0.702406 -0.867334
-0.868829 -0.679506 -0.840733
-0.971699 -0.778017 -0.986403
-0.898452 -0.676690 -0.923930
-0.871783 -0.693247 -0.978703
-0.802706 -0.655768 -0.859659
-0.850102 -0.668501 -0.859372
-0.938020 -0.571342 -0.696518
-1.017634 -0.487927 -0.646589
-1.043060 -0.332063 -0.474127
-1.028194 -0.284668 -0.369107
-0.924536 -0.162937 -0.340508
-0.866900 -0.097717 -0.224705
-0.748500 -0.047700 -0.127849
-0.703165 -0.012667 -0.126455
-0.644021 -0.013086 -0.051301
-0.575660 -0.013374 -0.212564
-0.573487 0.009098 0.061579
-0.520771 0.074045 -0.165766
-0.493662 0.094601 0.048301
-0.472625 0.116318 -0.218349
-0.413514 0.203356 -0.007797
-0.486304 -0.104711 0.192038
-0.456762 -0.151015 0.437931
-0.575117 -0.163431 0.356247
-0.614126 -0.253521 0.465046
-0.643059 -0.141966 0.154509
-0.724321 -0.148548 0.261989
-0.726938 -0.131957 -0.088405
-0.706414 -0.235021 -0.099623
-0.791154 -0.278757 -0.447254
-0.811768 -0.356888 -0.394374
-0.977606 -0.622323 -0.775970
-0.961294 -0.692363 -0.675587
-0.936193 -0.700451 -0.998652
-1.029139 -0.711201 -0.772351
-1.020827 -0.661279 -0.939431
-1.012855 -0.756936 -0.803060
-0.981650 -0.731136 -0.891557
-1.024591 -0.711689 -0.682360
-0.937341 -0.668755 -0.770191
-0.966216 -0.485830 -0.539483
-0.800844 -0.446490 -0.593029
-0.792257 -0.296645 -0.269814
-0.684561 -0.254032 -0.338637
-0.695646 -0.065995 -0.121837
-0.642737 -0.031777 -0.258760
-0.594789 0.047451 0.068994
-0.530334 -0.017422 -0.107757
-0.525459 0.020917 0.127197
-0.474033 0.031796 -0.233262
-0.473754 0.075358 0.142858
-0.508113 0.116245 -0.108803
-0.403227 0.128910 0.184554
-0.536840 -0.127039 0.287050
-0.469214 -0.097039 0.471445
-0.553317 -0.008586 0.343200
-0.560269 -0.033393 0.382788
-0.537967 0.127222 0.245187
-0.576936 0.167485 0.040211
-0.618272 0.121478 -0.169205
-0.775053 -0.086897 -0.241900
-0.960115 -0.292086 -0.340013
-1.079408 -0.503306 -0.458082
-1.232373 -0.513068 -0.568496
-1.204108 -0.520694 -0.489930
-1.204331 -0.436243 -0.669446
-1.164093 -0.507747 -0.674244
-1.172815 -0.480432 -0.776361
-1.052816 -0.514021 -0.750927
-1.163475 -0.529054 -0.754959
-1.211356 -0.510069 -0.685481
-1.228450 -0.370681 -0.664113
-1.315571 -0.225098 -0.545823
-1.307537 -0.023545 -0.503744
-1.184653 0.005202 -0.317178
-1.104582 0.439320 -0.281851
-0.885793 0.285900 -0.150629
-0.833134 0.440679 -0.188286
-0.679870 0.313803 -0.120024
-0.608721 0.250542 -0.137503
-0.557536 0.214030 -0.029578
-0.484936 0.207771 -0.079918
-0.461929 0.186954 -0.003191
-0.426832 0.180675 -0.146926
-0.399553 0.211793 -0.014967
-0.704710 -0.473358 0.410303
-0.755592 -0.682491 0.758114
-0.929260 -0.776165 0.908794
-1.057206 -0.926281 0.856843
-1.133546 -0.817865 0.625585
-1.397292 -0.886228 0.671435
-1.378689 -0.680118 0.448579
-1.545851 -0.810928 0.384311
-1.419928 -0.559853 -0.121218
-1.459645 -0.689627 0.289416
-1.363862 -0.546794 -0.282373
-1.377481 -0.592484 0.235623
-1.318820 -0.466685 -0.359357
-1.124719 -0.452903 -0.196059
-1.190414 -0.406420 -0.533531
-1.000837 -0.574692 -0.540073
-1.138435 -0.592258 -0.685472
-1.055128 -0.656894 -0.592626
-1.061433 -0.623544 -0.708274
-1.022401 -0.540533 -0.408388
-1.042561 -0.458698 -0.555517
-0.922222 -0.258218 -0.194538
-0.821156 -0.069171 -0.297358
-0.759064 0.214628 -0.209649
-0.738466 0.313635 -0.236761
-0.697531 0.348201 -0.100631
-0.622124 0.233600 -0.170324
-0.531512 0.133274 0.136533
-0.439013 0.088658 -0.180188
-0.410643 0.112316 0.155699
-0.409790 0.183839 -0.074395
-0.338401 0.180886 0.153159
-0.722482 -0.406060 0.647364
-0.738162 -0.549445 0.770632
-0.804620 -0.464733 0.718638
-0.851926 -0.573396 0.675974
-0.859116 -0.257942 0.379330
-1.065752 -0.409989 0.453422
-0.955094 -0.272150 -0.168008
-1.191328 -0.556277 0.387243
-1.086665 -0.562535 -0.442690
-1.228544 -0.643891 0.457826
-1.175426 -0.569268 -0.583442
-1.207735 -0.565472 0.358105
-1.183147 -0.408201 -0.636992
-0.938621 -0.349524 0.275647
-1.121323 -0.356763 -0.723680
-0.845098 -0.262974 -0.027110
-1.067650 -0.351460 -0.741729
-0.935024 -0.291951 -0.259177
-1.236387 -0.164152 -0.603325
-1.296565 0.107749 -0.614257
-1.449029 0.496588 -0.562335
-1.350907 0.695321 -0.533169
-1.318231 0.979449 -0.513308
-1.102663 1.019154 -0.487684
-1.011795 1.027384 -0.379822
-0.824816 0.868463 -0.309049
-0.684432 0.624729 -0.204044
-0.564975 0.424758 0.076285
-0.433718 0.269230 -0.140391
-0.394139 0.305573 0.046380
-0.360251 0.266109 -0.209852
-0.324847 0.276046 0.018732
-0.755051 -0.657356 0.883916
-0.787999 -0.935095 1.177243
-0.919696 -0.977317 1.167108
-0.922628 -1.155575 1.168513
-0.892479 -0.727473 0.759605
-1.038940 -1.058798 0.978071
-1.091526 -0.506546 0.154598
-1.239168 -0.813405 0.671577
-1.126382 -0.694488 -0.663447
-1.136852 -0.717859 0.629336
-1.147322 -0.696802 -0.803726
-1.124237 -0.627709 0.575140
-1.185142 -0.586376 -0.802381
-0.982248 -0.535541 0.503568
-1.141190 -0.514579 -0.859008
-0.912248 -0.458034 0.432266
-1.006334 -0.441357 -0.778495
-0.811331 -0.400176 0.274617
-1.025864 -0.300595 -0.580473
-0.932933 -0.297506 -0.061527
-1.060590 -0.171753 -0.374340
-0.984836 0.229831 -0.368842
-1.052124 0.558330 -0.361027
-0.875835 0.601647 -0.435708
-0.815370 0.774301 -0.355162
-0.686286 0.648414 -0.342455
-0.578671 0.667919 -0.262374
-0.487881 0.366504 -0.077914
-0.354326 0.311579 -0.235311
-0.339549 0.245997 0.090078
-0.299655 0.236620 -0.163652
-0.225340 0.217661 0.146145
-0.643402 -0.588882 0.965587
-0.658296 -0.772729 1.125999
-0.711366 -0.582590 0.875460
-0.723785 -0.847321 1.102361
-0.689598 -0.389705 0.205610
-0.800971 -0.627647 0.752718
-0.849100 -0.551547 -0.554374
-0.910253 -0.669309 0.882095
-1.013448 -0.580630 -0.943095
-1.001202 -0.620337 0.762359
-1.110685 -0.603429 -0.993970
-1.027020 -0.516960 0.573206
-1.028600 -0.511012 -0.901723
-0.874291 -0.404142 0.544422
-0.916054 -0.441585 -0.866847
-0.875094 -0.303614 0.430750
-0.935333 -0.320212 -0.701905
-0.839904 -0.321021 0.337229
-0.838833 -0.359624 -0.342521
-0.791978 0.201817 -0.034233
-0.870770 0.931924 -0.481093
-0.896618 1.010521 -0.416362
-0.948020 1.343272 -0.617404
-0.847978 1.288849 -0.532854
-0.674904 1.563354 -0.632981
-0.546464 1.303510 -0.348818
-0.409610 1.600435 -0.468388
-0.386504 1.168421 -0.024703
-0.376925 1.056554 -0.140490
-0.251403 0.611608 0.083910
-0.227793 0.433328 -0.154564
-0.160141 0.352595 -0.096084
-0.537153 -0.693124 1.073587
-0.522348 -0.912424 1.273285
-0.617038 -0.813927 1.224564
-0.581529 -1.139805 1.404272
-0.616830 -0.507137 0.802755
-0.608931 -1.049327 1.307649
-0.761663 -0.382707 -0.005558
-0.627310 -0.762641 1.059437
-0.870582 -0.641596 -0.717962
-0.767509 -0.724419 0.921481
-0.970795 -0.694074 -0.978016
-0.881554 -0.617884 0.770230
-0.982085 -0.671926 -1.006819
-0.871129 -0.494639 0.578788
-0.904605 -0.592846 -0.878025
-0.849661 -0.349276 0.466571
-0.948981 -0.495872 -0.781715
-0.857658 -0.298297 0.378566
-0.907763 -0.403207 -0.563921
-0.810300 -0.395707 0.445564
-0.750569 -0.459480 -0.154376
-0.691151 -0.178130 0.283328
-0.782632 0.368363 -0.186584
-0.654892 0.429038 -0.288466
-0.695981 0.876042 -0.439663
-0.570979 0.371261 -0.385018
-0.733649 0.730508 -0.224155
-0.586695 0.015982 -0.329967
-0.696819 0.389583 -0.186818
-0.409181 0.211218 -0.134198
-0.367479 0.313674 -0.135927
0.000821 0.278125 0.038595
-0.430917 -0.454559 1.028530
-0.413720 -0.549687 1.129465
-0.504021 -0.392021 0.938025
-0.435848 -0.758571 1.304385
-0.474317 -0.225025 0.351175
-0.510957 -0.627174 1.098182
-0.691078 -0.307640 -0.418556
-0.581404 -0.659469 1.071412
-0.958683 -0.374302 -0.811751
-0.817964 -0.583961 0.738683
-1.056191 -0.430952 -0.873745
-0.910220 -0.418652 0.477787
-0.980904 -0.403236 -0.755730
-0.845669 -0.330765 0.402247
-0.920035 -0.357845 -0.645914
-0.778535 -0.236574 0.311880
-0.905688 -0.241586 -0.490446
-0.758987 -0.128585 0.252810
-0.775844 -0.092457 -0.167528
-0.583991 0.304204 0.034403
-0.588023 1.073247 -0.248727
-0.541671 1.177953 -0.193819
-0.481954 1.705590 -0.614887
-0.401030 1.375132 -0.283724
-0.280754 1.816190 -0.500751
-0.202129 1.147361 -0.071899
-0.181257 1.810039 -0.333719
-0.081581 0.971062 -0.022551
-0.421831 1.224941 -0.290919
0.165833 0.565322 0.003798
0.169093 0.405861 -0.229938
0.457334 0.362530 0.051953
-0.382246 -0.408735 0.866774
-0.268888 -0.517593 1.178222
-0.406104 -0.432244 1.076156
-0.213986 -0.909777 1.461208
-0.327017 -0.312493 0.766580
-0.200058 -1.035253 1.550179
-0.513582 -0.156878 0.160381
-0.348912 -0.987531 1.478090
-0.671596 -0.379596 -0.415129
-0.567651 -0.797590 1.198011
-0.883667 -0.488178 -0.743101
-0.807941 -0.484418 0.701894
-0.875580 -0.436995 -0.784461
-0.811549 -0.256701 0.413038
-0.817881 -0.298577 -0.551074
-0.711497 -0.176404 0.340043
-0.746381 -0.222892 -0.414685
-0.632483 -0.070728 0.229211
-0.624383 0.001148 -0.145970
-0.517995 -0.006328 0.195612
-0.458259 0.144877 0.091054
-0.408565 0.286774 0.094867
-0.453605 0.540763 -0.030430
-0.378084 0.425280 -0.112740
-0.409623 0.924291 -0.105245
-0.279567 0.264385 -0.146996
-0.361506 0.620647 -0.049877
0.136739 -0.200041 -0.400054
0.125673 0.327931 -0.321783
0.688881 0.114580 -0.045920
0.806845 0.458016 -0.119939
0.773175 0.623895 0.550180
-0.332748 -0.187856 0.710604
-0.293528 -0.171331 0.876243
-0.404635 -0.124663 0.672876
-0.271892 -0.472679 1.014349
-0.456739 -0.020200 0.283341
-0.392240 -0.405023 0.745908
-0.617549 -0.024977 -0.110150
-0.554039 -0.445887 0.562134
-0.817673 -0.133654 -0.393742
-0.749161 -0.373712 0.302501
-0.951011 -0.225082 -0.477704
-0.828278 -0.239604 0.326619
-0.867594 -0.194150 -0.425689
-0.772723 -0.159368 0.297799
-0.742233 -0.116971 -0.357496
-0.640343 -0.056642 0.238224
-0.645835 -0.011600 -0.233244
-0.525039 0.081831 0.115699
-0.545033 0.232398 -0.066973
-0.373247 0.348973 0.110418
-0.353086 0.729662 0.048183
-0.290569 0.842822 -0.011782
-0.359435 1.241877 -0.079238
-0.387971 1.017829 -0.081485
-0.409840 0.809053 -0.118983
-0.075796 0.434490 0.088110
0.209920 0.430247 -0.293628
0.543382 0.789712 0.970468
0.824443 0.413454 0.337736
0.680089 1.518583 2.038216
0.834089 0.958403 1.362967
0.651353 1.207165 1.718881
-0.316124 -0.131961 0.429028
-0.245225 -0.146317 0.779172
-0.351743 -0.107444 0.675668
-0.176286 -0.445121 1.070498
-0.322493 -0.088498 0.475926
-0.233256 -0.541504 1.103759
-0.532314 -0.102620 0.087477
-0.455736 -0.599162 0.944463
-0.639535 -0.276744 -0.339039
-0.600909 -0.526647 0.708819
-0.794526 -0.283169 -0.443865
-0.710576 -0.254167 0.474004
-0.703784 -0.181852 -0.399072
-0.627566 -0.099041 0.348936
-0.593756 -0.104964 -0.359071
-0.516308 -0.015842 0.288443
-0.464384 -0.000723 -0.287300
-0.396078 0.097938 0.214166
-0.378096 0.199310 -0.233594
-0.269627 0.306648 0.061934
-0.322997 0.379786 -0.111180
-0.260914 0.377232 -0.023921
-0.286364 0.439209 0.038402
-0.102198 0.361731 -0.024625
0.009920 0.431309 0.086801
0.480940 0.406890 0.198839
0.583659 0.464613 -0.020957
0.583849 0.776935 0.835608
0.905233 0.568303 0.245833
0.635688 1.363578 1.911235
1.050011 0.916715 1.357238
0.619104 1.368843 2.005475
-0.323993 -0.098827 0.380805
-0.357221 -0.010525 0.459293
-0.368383 -0.016018 0.329266
-0.335917 -0.204293 0.342178
-0.439570 -0.070403 0.242898
-0.450685 -0.210769 0.127780
-0.532345 -0.187188 -0.006829
-0.509916 -0.279706 0.173219
-0.541289 -0.293614 -0.182458
-0.515363 -0.279105 0.317822
-0.560199 -0.298353 -0.298308
-0.507320 -0.209134 0.424192
-0.501974 -0.193142 -0.372701
-0.466051 -0.097440 0.350559
-0.427702 -0.069950 -0.376160
-0.365423 0.038927 0.312397
-0.313538 0.062589 -0.323344
-0.251936 0.148930 0.306551
-0.225073 0.215990 -0.227245
-0.176265 0.287057 0.137905
-0.137814 0.404344 -0.032687
0.036497 0.435024 0.070440
0.134129 0.403128 -0.054068
0.450669 0.739322 0.750763
0.647722 0.380783 0.130366
0.646913 1.397676 1.841546
0.710642 0.736455 0.755813
0.215289 1.916136 2.614863
0.525988 1.357721 2.181923
-0.026135 1.872839 2.577108
0.407446 1.754047 2.700705
0.325536 1.857649 2.467109
-0.393791 -0.157459 0.055211
-0.406076 -0.074373 0.289272
-0.367608 -0.108861 0.309757
-0.332548 -0.179539 0.315476
-0.359883 -0.042177 0.261150
-0.354606 -0.190107 0.304773
-0.430288 -0.141409 0.139746
-0.402947 -0.281802 0.198531
-0.384430 -0.309391 -0.073414
-0.313580 -0.342219 0.273447
-0.284789 -0.365442 -0.259408
-0.250994 -0.242991 0.368827
-0.236520 -0.249540 -0.379691
-0.229256 -0.119444 0.406894
-0.217603 -0.118056 -0.411125
-0.230177 0.014328 0.376797
-0.164906 0.024752 -0.387250
-0.099402 0.160497 0.367524
-0.014708 0.204948 -0.313222
0.116343 0.340025 0.299469
0.218413 0.396327 -0.058690
0.422272 0.630977 0.480480
0.489442 0.571420 0.170951
0.651952 0.956287 1.178097
0.560846 0.563075 0.322400
0.607229 1.402631 1.957063
0.600865 0.744926 0.735698
0.388985 1.679710 2.390709
0.582578 1.101533 1.713273
0.322127 1.873841 2.635575
0.718633 1.580914 2.491371
0.544924 1.730812 2.409026
-0.429472 -0.230996 0.173490
-0.450115 -0.160947 0.214120
-0.371511 -0.206204 0.167566
-0.291822 -0.227527 0.184083
-0.263678 -0.227169 0.191801
-0.234933 -0.289507 0.161496
-0.210598 -0.304542 0.043191
-0.156207 -0.339926 0.208484
-0.130597 -0.367194 -0.080194
-0.025571 -0.345578 0.270171
-0.002320 -0.364184 -0.240063
0.053276 -0.254620 0.398809
0.026918 -0.264412 -0.395250
0.030331 -0.126500 0.435189
0.023781 -0.101871 -0.459981
0.019383 0.054784 0.432817
0.047810 0.080296 -0.416753
0.091164 0.201434 0.444510
0.185915 0.232749 -0.414752
0.323112 0.394240 0.544894
0.394576 0.463143 -0.173056
0.668954 0.845998 1.049239
0.651052 0.651208 0.259465
0.681998 1.475607 1.787000
0.666417 0.906982 0.882180
0.585853 1.885776 2.450476
0.659450 1.368956 1.700748
0.384011 2.005361 2.814495
0.368485 1.772895 2.634131
0.448797 1.992025 2.739954
0.551996 1.876700 2.786303
0.562877 2.025339 2.694430
-0.463104 -0.277455 0.048367
-0.451413 -0.286518 0.089236
-0.349357 -0.311422 0.215017
-0.216604 -0.368457 0.161305
-0.117230 -0.368056 0.181820
-0.041873 -0.403157 0.205087
0.045034 -0.388259 0.079827
0.122912 -0.417351 0.244281
0.162723 -0.409226 -0.049202
0.206216 -0.407393 0.324293
0.188506 -0.411377 -0.226342
0.201463 -0.321007 0.438046
0.177347 -0.298591 -0.366565
0.175833 -0.160613 0.468309
0.179127 -0.114791 -0.453955
0.175508 0.037707 0.488988
0.194924 0.077277 -0.463263
0.196832 0.212611 0.497418
0.268376 0.210815 -0.464301
0.368288 0.411669 0.730863
0.404698 0.351811 -0.235929
0.586646 0.808006 1.246640
0.541744 0.415675 0.169184
0.675240 1.293566 1.942053
0.662645 0.703312 0.653904
0.587888 1.730550 2.399676
0.695461 1.060622 1.481406
0.423100 1.891885 2.721245
0.626380 1.585869 2.211308
0.524488 1.925681 2.660388
0.763867 1.755430 2.489244
0.670782 1.787193 2.343337
-0.413831 -0.315305 0.114342
-0.415629 -0.379774 0.125526
-0.253494 -0.431832 0.131830
-0.064356 -0.510779 0.224758
0.064432 -0.529580 0.150471
0.172119 -0.548737 0.284825
0.299905 -0.509689 0.054911
0.397142 -0.507501 0.333145
0.369570 -0.458070 -0.029886
0.392583 -0.437485 0.418462
0.331817 -0.382336 -0.232685
0.358372 -0.301133 0.439344
0.321491 -0.240735 -0.353993
0.338137 -0.136382 0.451760
0.357803 -0.068451 -0.448642
0.372938 0.045866 0.487500
0.363949 0.113657 -0.479348
0.399387 0.213828 0.589748
0.416337 0.230448 -0.496004
0.536861 0.488821 1.012548
0.557717 0.295416 -0.220964
0.704986 1.054641 1.637101
0.644588 0.535311 0.310656
0.779794 1.531893 2.229191
0.782022 0.942955 1.028033
0.733719 1.896371 2.670972
0.738256 1.394173 1.675389
0.590034 1.921137 2.870519
0.648995 1.771258 2.324924
0.611411 1.975498 2.652838
0.774467 1.862885 2.507891
0.697235 1.954186 2.497380
-0.317050 -0.377421 0.014013
-0.251731 -0.456778 0.076094
-0.099999 -0.527814 0.127149
0.151725 -0.611715 0.198778
0.319921 -0.643280 0.130097
0.500605 -0.658265 0.316263
0.567983 -0.631375 0.122441
0.651918 -0.613554 0.357952
0.583935 -0.539219 0.067346
0.603245 -0.512444 0.444843
0.513501 -0.439840 -0.095767
0.545673 -0.362311 0.454638
0.459615 -0.279325 -0.251002
0.476470 -0.174777 0.455758
0.503850 -0.108958 -0.325824
0.552088 0.013435 0.485708
0.559204 0.079498 -0.418188
0.545718 0.208101 0.591589
0.541765 0.188555 -0.361701
0.583569 0.418400 1.004716
0.556091 0.245254 -0.221893
0.665659 0.885746 1.483327
0.626401 0.430952 0.169199
0.729425 1.345764 1.980651
0.757292 0.792472 0.707047
0.689425 1.655402 2.407203
0.684499 1.097548 1.336352
0.586976 1.806007 2.616058
0.696178 1.562175 1.980233
0.651137 1.817887 2.496067
0.860105 1.688044 2.245981
0.706342 1.670703 2.165185
-0.298034 -0.407155 0.062257
-0.193235 -0.461350 0.131734
-0.002530 -0.571801 0.071455
0.248981 -0.640342 0.182655
0.435248 -0.697295 0.148912
0.593120 -0.720666 0.294992
0.655550 -0.711203 0.191220
0.741282 -0.685318 0.360954
0.680293 -0.643208 0.193521
0.719795 -0.568321 0.404471
0.631674 -0.474006 0.058938
0.666271 -0.365849 0.418859
0.597417 -0.265411 -0.125760
0.596559 -0.156025 0.407806
0.598925 -0.104171 -0.212988
0.618050 0.014775 0.434469
0.655266 0.074804 -0.237439
0.648665 0.207904 0.561344
0.648634 0.211480 -0.153968
0.683706 0.444444 0.979566
0.718693 0.355326 0.021399
0.808292 0.865505 1.445540
0.795581 0.582229 0.497672
0.868894 1.306700 1.886445
0.831767 0.966553 1.055294
0.858300 1.631327 2.409190
0.836643 1.231743 1.531300
0.720296 1.758997 2.597403
0.700398 1.706200 2.110425
0.776761 1.839227 2.560629
0.843398 1.701001 2.402348
0.735565 1.783832 2.444838
-0.091254 -0.487037 -0.000381
0.048645 -0.545471 0.078057
0.193833 -0.620475 0.133518
0.422149 -0.677873 0.142341
0.577532 -0.706294 0.202293
0.684126 -0.761466 0.256399
0.754791 -0.778706 0.226500
0.831905 -0.789229 0.297059
0.795725 -0.734133 0.259035
0.816982 -0.682816 0.387332
0.724306 -0.554593 0.160609
0.763256 -0.485357 0.371180
0.663185 -0.372390 0.054667
0.670692 -0.287690 0.376136
0.638797 -0.204322 -0.061982
0.661323 -0.080451 0.387486
0.688649 0.016815 -0.076151
0.690589 0.110896 0.463689
0.682209 0.163695 0.006740
0.700924 0.289775 0.787001
0.734935 0.317079 0.188956
0.774224 0.620578 1.196055
0.770625 0.506797 0.418386
0.841645 1.022940 1.596194
0.806021 0.850062 0.866310
0.822770 1.344075 2.099011
0.857258 1.138417 1.419085
0.799255 1.550136 2.266140
0.771813 1.535040 1.974952
0.792718 1.681717 2.383110
0.889831 1.557589 2.234646
0.754947 1.459448 2.120370
-0.227712 -0.435515 0.016957
-0.043714 -0.439803 0.141823
0.201507 -0.529117 -0.005167
0.474248 -0.604505 0.161377
0.624239 -0.616931 0.144047
0.746393 -0.710053 0.174207
0.793292 -0.713302 0.169522
0.880186 -0.736090 0.269142
0.827597 -0.665966 0.229389
0.897086 -0.624892 0.306607
0.797949 -0.480952 0.222695
0.819830 -0.414840 0.312030
0.706394 -0.290871 0.125443
0.712237 -0.243930 0.240429
0.689552 -0.117830 0.033356
0.728352 -0.028117 0.226098
0.742068 0.069486 0.117601
0.770729 0.124278 0.353044
0.744695 0.181566 0.275343
0.805997 0.306699 0.664500
0.824233 0.331214 0.534221
0.865044 0.600999 1.100740
0.821682 0.540395 0.757824
0.917592 1.001528 1.495271
0.895434 0.891915 1.172976
0.927133 1.327346 1.976303
0.914682 1.156897 1.600378
0.856497 1.520840 2.244281
0.813199 1.408485 1.984639
0.855688 1.686120 2.268049
0.872363 1.359115 2.205910
0.684429 1.352654 1.911846
-0.044213 -0.426607 0.087764
-0.024185 -0.415531 0.195544
0.155146 -0.514458 0.178051
0.400242 -0.524605 0.250414
0.630256 -0.533805 0.235561
0.731460 -0.584664 0.254197
0.826276 -0.661324 0.219083
0.836049 -0.650441 0.258403
0.851121 -0.614438 0.271434
0.834666 -0.535216 0.360827
0.819122 -0.422213 0.333034
0.786512 -0.385691 0.325875
0.716316 -0.297179 0.286684
0.687909 -0.267055 0.335044
0.685072 -0.181606 0.205858
0.692076 -0.107968 0.304097
0.759617 0.003199 0.222359
0.729601 0.049495 0.395061
0.770310 0.129521 0.387183
0.721073 0.158459 0.586386
0.836044 0.241918 0.573167
0.780122 0.393500 1.000635
0.865932 0.480602 0.781842
0.810696 0.726734 1.203793
0.862801 0.751105 0.993110
0.798824 0.992682 1.577901
0.964772 0.902687 1.424238
0.860425 1.217866 1.793106
0.872713 1.196820 1.662018
0.815351 1.413392 1.860758
0.838351 1.147533 1.799590
0.641368 1.102928 1.497622
