1.236889 -0.542461 -0.352832
1.139904 -0.208705 -0.166752
1.257826 -0.351945 0.064901
0.665010 0.344767 -0.454770
1.083610 -0.162766 0.438609
1.171749 0.217120 -0.123227
0.725246 -0.137319 0.373352
0.757005 0.420096 0.254366
1.251796 0.301477 -0.161875
0.602668 0.685943 0.081789
0.504261 0.110981 0.537174
0.830706 0.067933 0.175560
0.262028 0.247235 0.576866
1.194305 -0.103071 0.639272
0.407070 0.294495 0.421428
1.267405 -0.574932 -0.059036
0.814072 -0.349271 -0.228995
1.189351 -0.448790 0.025343
0.518399 0.565041 -0.310729
0.002866 0.298933 -0.445416
1.266985 -0.399668 0.221254
1.127972 0.299065 0.007119
1.240334 0.098507 -0.294513
0.438712 -0.180352 -0.505522
0.476432 -0.251006 0.623491
1.254806 -0.348514 0.628846
0.179447 0.717243 -0.143495
1.198654 -0.368585 0.421498
-0.221617 0.264030 -0.096534
0.815447 -0.300889 -0.046171
-0.169179 -0.112285 -0.360328
0.820171 -0.076984 -0.203347
1.170225 0.023913 -0.354185
0.983271 -0.106702 -0.222500
1.328010 -0.042022 -0.441533
1.259646 -0.105783 -0.244570
1.308100 -0.534444 0.085223
0.889113 0.022974 -0.364625
1.279137 -0.094721 0.474360
0.417298 0.337428 -0.579918
0.549898 0.321314 0.451800
0.696750 0.189811 0.416477
0.448958 -0.428696 0.599290
0.310588 -0.464507 -0.441974
0.235016 -0.152497 -0.546157
0.509382 -0.540752 -0.314966
-0.415833 -0.717484 0.731782
1.235290 -0.025679 0.519936
0.082821 0.075357 -0.528394
1.286464 -0.181119 0.678787
1.255583 -0.457016 0.200566
0.897207 0.065038 -0.081806
0.829655 0.174092 0.313373
0.201815 -0.262872 0.748431
0.254632 -0.395892 0.735312
1.293517 -0.407722 0.409509
1.255168 -0.453357 -0.408217
0.857902 0.325266 0.194424
-0.274412 0.044573 -0.206453
1.285478 -0.039892 -0.198864
-0.203111 -0.196877 -0.443399
0.263214 0.558424 -0.515766
0.088982 -1.106418 0.373211
0.589418 -0.637330 0.358448
0.123388 -0.843185 -0.333697
0.742532 -0.200961 -0.352899
0.283566 0.329490 0.489519
0.634570 -0.223230 0.483507
0.380451 0.530470 0.338811
-0.086495 0.016877 0.690014
1.259284 0.285213 0.196813
1.277987 -0.217755 -0.142508
-0.245012 -0.164197 0.739042
1.296187 -0.196837 0.617030
1.253800 0.056227 -0.390728
0.850880 -0.179187 -0.095030
1.300215 -0.278538 0.437005
0.737559 -0.424222 -0.195445
0.679157 -0.220811 0.442914
0.851473 0.328499 0.025743
0.564609 -0.641713 -0.216405
-0.339019 -0.537202 0.780940
1.294169 -0.349440 -0.346898
-0.486580 -0.099640 0.605663
0.706645 -0.462536 -0.149757
0.618808 -0.313707 -0.479849
1.084668 -0.354855 -0.125701
1.289366 -0.132911 -0.168831
0.055551 0.612952 -0.133224
1.290961 -0.225679 -0.330812
-0.513550 -0.356539 0.751432
1.220083 -0.262262 0.254341
0.535819 0.070667 0.509967
0.046162 -0.136872 0.826452
1.241652 -0.163763 0.302109
1.242126 -0.124023 0.613996
0.231842 -1.014152 0.154538
0.987674 -0.089780 -0.380370
0.882920 -0.162067 0.007542
0.093002 -0.526876 -0.420995
-0.174256 0.173555 0.654995
0.471518 0.640152 0.266333
1.191519 -0.401847 -0.326016
0.510241 -0.376250 0.605006
0.883696 -0.224892 -0.254613
0.932461 0.182162 -0.387144
0.298469 0.696804 0.121104
0.519112 0.474364 -0.493821
0.882953 -0.128732 0.231576
0.727819 -0.027142 -0.416721
0.019029 0.555668 0.042813
0.751903 -0.308837 -0.266980
1.297133 -0.369565 0.585555
0.918643 0.066347 0.126451
1.307027 -0.422793 0.037371
-0.440688 -0.298748 -0.350813
0.289531 -0.610175 0.713563
1.280257 0.050928 -0.201896
1.147247 -0.011593 -0.443316
-0.093924 0.295272 -0.332018
1.092281 -0.235483 0.211330
0.686203 -0.332508 0.423350
0.497166 -0.417066 -0.380414
0.971133 0.168545 -0.080157
0.905898 -0.030666 -0.170359
1.155476 0.155056 -0.000483
0.950317 -0.135379 -0.282385
1.064701 0.065748 0.296167
1.279135 -0.473100 -0.084873
-0.374800 -0.142447 -0.314433
1.115250 0.056321 -0.198634
0.248682 -0.741877 -0.363150
0.173740 0.584449 -0.307911
1.233339 0.397426 0.192864
-0.153706 -0.542143 -0.392506
1.204946 -0.129909 0.536793
1.166226 0.028592 0.157107
0.314681 0.437679 0.374152
-0.105025 -0.661294 -0.417834
0.588424 0.704038 -0.379727
1.154125 -0.202828 -0.289697
0.137222 0.347838 -0.501297
-0.269454 -0.416622 0.777261
0.466513 -0.060017 -0.513993
1.151964 -0.006297 0.387966
0.901611 -0.047207 0.176560
-0.238431 -0.403785 -0.473131
-0.013841 -0.350815 0.777010
0.013232 0.496716 0.307602
0.854447 0.329631 -0.100664
1.326689 -0.373066 -0.174880
1.178217 0.252499 -0.268575
0.880414 0.026738 -0.293635
0.629268 -0.120735 -0.422403
0.087811 -0.292142 -0.426735
0.616790 -0.116216 0.527869
0.922730 0.199545 0.212832
-0.005818 0.460946 -0.270192
1.238131 -0.608171 -0.207274
0.179582 0.042580 0.673466
-0.512861 -0.518456 -0.336980
1.235935 -0.327650 -0.354584
1.207486 -0.051861 -0.060414
0.870096 -0.067559 0.318599
0.818697 0.142641 -0.422713
1.282876 0.206139 -0.151344
1.271997 -0.352652 -0.092382
0.763838 0.273180 -0.415345
1.123268 0.036390 0.078789
0.105434 -0.673748 -0.405308
1.299913 0.137895 0.115230
0.042813 0.215607 0.576257
0.441311 -0.118371 0.575786
0.990693 0.245900 0.128780
1.175436 -0.125999 -0.346056
0.660808 0.330754 0.373907
1.214011 0.081622 -0.009925
1.275207 -0.379528 -0.338568
0.399761 -0.824321 -0.130324
1.143629 -0.084186 0.308316
1.199650 0.329409 0.017005
0.694674 0.512942 -0.161475
0.848005 0.281900 -0.173667
1.260749 0.022853 -0.383010
0.737513 -0.247314 0.311677
1.154033 -0.290401 0.047719
1.228472 0.190174 -0.321219
-0.181988 0.080565 -0.352725
1.272073 0.058731 0.283807
0.579707 -0.032169 -0.563513
0.338542 0.134891 -0.545783
0.937924 -0.020234 -0.181423
1.161665 -0.500275 -0.204936
0.597123 0.174714 -0.557915
-0.311402 0.019468 0.617285
1.100857 -0.173563 0.294506
1.372007 -0.441810 -0.113578
0.802016 -0.314795 0.089906
0.061283 -1.009077 -0.277423
1.269597 -0.094945 -0.444485
1.266652 0.210590 0.311755
0.552741 0.771455 -0.117040
1.316437 0.377018 0.141491
0.390537 0.021939 0.637532
1.298454 -0.604722 -0.127196
1.197517 0.188372 0.317583
-0.138313 0.042126 -0.504293
1.221566 -0.074438 0.298934
0.009770 -0.532512 0.823233
1.278922 -0.574368 -0.178381
1.008883 0.215957 -0.190824
1.110329 0.178387 0.115257
0.859845 0.172550 -0.296913
1.200402 0.043435 0.425852
-0.142707 0.292966 0.431445
-0.031383 -0.774426 -0.387770
0.588055 0.187584 -0.534434
1.072632 0.015010 -0.317746
0.152238 -0.023891 -0.599657
1.307077 0.206951 0.269357
-0.059137 -0.251556 -0.500929
0.126659 0.384176 0.399488
-0.400861 -0.118327 -0.188639
0.324206 -0.758816 0.561758
-0.430656 -0.280711 0.704469
1.324775 -0.295684 0.333157
0.280991 -0.838373 -0.234193
-0.274718 -0.390640 -0.388997
1.248720 -0.297156 0.650294
0.510947 -0.637208 -0.243165
1.271128 0.030358 0.211699
1.183104 -0.260493 -0.416883
-0.376223 -0.921558 -0.282532
0.014236 -0.345542 -0.511543
0.416401 -0.534794 -0.404852
1.165505 -0.068220 -0.171058
0.048444 -0.898337 0.673962
0.592249 0.429636 0.297675
-0.233338 -0.583178 -0.522422
0.014233 0.434114 -0.417231
0.751611 0.128455 -0.448090
-0.124963 -0.789490 0.771394
0.699299 -0.463314 -0.016522
1.207803 0.273224 0.225801
-0.356447 -0.595644 -0.406009
0.634548 -0.008590 0.486252
-0.332557 0.150561 0.528814
1.257495 -0.234429 0.023782
0.394832 -0.316410 -0.538715
-0.427048 -0.712869 -0.279763
-0.332485 -0.808565 -0.315298
1.322875 -0.475881 -0.037487
-0.102968 -0.959640 -0.290371
0.216430 0.539949 0.259716
0.796437 0.386783 -0.273328
0.264497 -0.720878 0.654596
-0.537914 -1.187428 0.196314
-0.530127 -1.129751 0.287635
-0.649638 -1.081980 0.027722
-0.556245 -1.071188 0.424156
-0.739397 -1.063426 0.116572
-0.641053 -1.027224 0.525694
-0.671186 -0.947240 -0.124079
-0.630697 -0.769776 0.654671
-0.939137 -0.996982 -0.025979
-0.833173 -0.880959 0.605525
-1.008856 -0.904035 -0.101577
-0.910485 -0.734084 0.709361
-1.160512 -0.768911 -0.080681
-1.076018 -0.755394 0.630506
-1.239703 -0.548349 -0.136032
-1.192451 -0.428970 0.602025
-1.330843 -0.368226 -0.316235
-1.311777 -0.167509 0.468673
-1.345486 -0.077197 -0.400887
-1.278217 0.036912 0.387203
-1.381875 0.069678 -0.237055
-1.280741 0.017347 0.156871
-1.244843 -0.170189 -0.267820
-1.067642 -0.385615 0.436987
-1.110003 -0.693379 -0.098934
-0.863489 -0.633796 0.461127
-0.727568 -0.734026 -0.250097
-0.521673 -0.477234 0.644402
-0.473162 -0.672747 -0.177350
-0.458804 -0.279926 0.582173
-0.379328 -0.184693 -0.201688
-0.366342 0.149697 0.351194
-0.768187 -1.171825 0.059012
-0.666650 -1.236911 0.245858
-0.779971 -1.232222 0.212991
-0.757360 -1.145608 0.473395
-0.935379 -1.154652 0.042753
-0.975808 -1.064030 0.521550
-1.071606 -1.230318 0.073873
-1.036137 -1.066726 0.577321
-1.109012 -1.115823 0.026336
-1.116026 -0.923708 0.626295
-1.264535 -1.027741 0.074864
-1.254221 -0.876742 0.632334
-1.329429 -0.901113 -0.020543
-1.311557 -0.751885 0.630271
-1.401081 -0.798866 -0.055564
-1.397768 -0.599838 0.528182
-1.415168 -0.633928 -0.192919
-1.418451 -0.386897 0.445760
-1.472683 -0.435780 -0.279214
-1.498515 -0.186918 0.303488
-1.508619 -0.292940 -0.287947
-1.439791 -0.170553 0.396234
-1.422215 -0.380971 0.138709
-1.251649 -0.492350 0.359722
-1.283301 -0.769557 -0.028698
-1.056000 -0.720948 0.522297
-1.117325 -0.855745 -0.068062
-0.942006 -0.648354 0.438042
-0.765073 -0.634687 -0.298946
-0.703888 -0.290979 0.543964
-0.650198 -0.243331 0.130881
-0.461464 -0.070448 0.634344
-0.806905 -1.070224 0.356861
-0.761492 -1.157708 0.503233
-0.912768 -1.196286 0.330445
-1.022121 -1.171527 0.516471
-1.203615 -1.214946 0.447923
-1.298327 -1.209808 0.393913
-1.326100 -1.169318 0.264347
-1.313255 -1.081316 0.462193
-1.408557 -1.089631 0.397083
-1.382457 -0.973036 0.390564
-1.446159 -0.906940 0.334504
-1.379127 -0.805722 0.470385
-1.517210 -0.748771 0.408882
-1.491760 -0.603191 0.372865
-1.537842 -0.513021 0.196836
-1.549426 -0.384864 0.242840
-1.625863 -0.253079 0.047608
-1.637961 -0.036230 0.077842
-1.618413 0.122830 -0.142793
-1.581125 0.381462 0.092983
-1.616915 0.476673 -0.033929
-1.635932 0.603259 0.045382
-1.651678 0.552031 -0.194834
-1.449705 0.192388 0.219647
-1.439304 -0.250262 0.152890
-1.206743 -0.493216 0.174715
-1.122082 -0.596645 -0.105204
-0.948158 -0.405914 0.351769
-0.782046 -0.393335 -0.042641
-0.655743 -0.139142 0.323692
-0.563933 -0.139032 -0.173541
-0.445992 0.081605 0.187521
-0.828002 -1.183587 0.162875
-0.870640 -1.279803 0.376102
-1.017786 -1.253263 0.345412
-1.041969 -1.229033 0.446783
-1.130822 -1.181457 0.267212
-1.183989 -1.134996 0.522950
-1.291981 -1.174100 0.247556
-1.273419 -1.089347 0.403691
-1.301992 -1.075266 0.136782
-1.281572 -0.925603 0.538041
-1.375468 -0.910654 0.250504
-1.350667 -0.814752 0.545143
-1.438158 -0.750697 0.085258
-1.427228 -0.632584 0.521856
-1.504073 -0.570922 0.044919
-1.499124 -0.433036 0.330457
-1.515867 -0.323038 -0.095984
-1.505210 -0.139284 0.288454
-1.533233 -0.051730 -0.174624
-1.547544 0.173601 0.157064
-1.507920 0.139274 -0.238834
-1.525074 0.237718 0.185137
-1.528453 0.110422 -0.106129
-1.460646 -0.094597 0.032112
-1.433596 -0.349301 -0.241296
-1.151811 -0.483462 0.331292
-0.945484 -0.619690 0.012366
-0.864555 -0.494409 0.436730
-0.685848 -0.469553 -0.294473
-0.580343 -0.167723 0.431328
-0.554281 -0.097683 -0.020069
-0.394550 0.070364 0.403200
-0.793973 -1.155538 0.402736
-0.783595 -1.245707 0.499090
-0.972531 -1.230614 0.325789
-1.020548 -1.192263 0.488089
-1.118726 -1.232980 0.314702
-1.138341 -1.163398 0.380845
-1.176007 -1.099418 0.176012
-1.254886 -1.024582 0.436572
-1.299843 -0.987379 0.239394
-1.318340 -0.864495 0.475939
-1.356454 -0.806784 0.175266
-1.355025 -0.663064 0.474304
-1.422729 -0.583247 0.138503
-1.421500 -0.443691 0.385023
-1.427674 -0.298874 -0.131230
-1.427763 -0.170925 0.315004
-1.435413 0.054841 -0.254029
-1.431480 0.263636 0.250340
-1.407397 0.521332 -0.319262
-1.420138 0.737640 0.113150
-1.424213 0.910882 -0.239604
-1.475539 1.057151 -0.132427
-1.504500 1.374350 -0.300505
-1.469844 1.025341 -0.324176
-1.563189 0.737357 -0.049137
-1.149079 -0.007123 -0.001897
-0.879047 -0.340571 0.044336
-0.798156 -0.254068 0.227731
-0.649604 -0.170974 0.211063
-0.610785 -0.013105 0.283937
-0.512683 0.057364 0.064004
-0.390900 0.162953 0.117274
-0.789188 -1.232839 0.380926
-0.793481 -1.296945 0.451132
-0.897978 -1.265289 0.407431
-0.913004 -1.194253 0.505776
-0.896455 -1.162240 0.227570
-0.924517 -1.144743 0.517501
-0.945171 -1.120278 0.087850
-1.101757 -1.084233 0.340068
-1.080333 -1.015865 -0.005753
-1.152832 -0.850089 0.424001
-1.156286 -0.791845 0.087310
-1.232780 -0.621207 0.533714
-1.259638 -0.580853 0.026731
-1.325115 -0.420314 0.389707
-1.354344 -0.329637 -0.123502
-1.427119 -0.243841 0.295857
-1.430529 -0.096437 -0.321836
-1.471323 0.079390 0.273869
-1.445612 0.233552 -0.442773
-1.501951 0.426704 0.150526
-1.486467 0.574117 -0.448360
-1.468628 0.570366 -0.081802
-1.515406 0.522547 -0.325881
-1.379686 0.056379 -0.447254
-1.589188 0.365420 -0.280770
-1.130852 -0.354923 -0.060292
-0.875634 -0.398400 -0.127734
-0.797442 -0.414486 0.444143
-0.676105 -0.404176 -0.130364
-0.556597 -0.131912 0.512160
-0.517553 0.015662 0.170132
-0.319018 0.182030 0.461197
-0.776321 -1.180764 0.492679
-0.786367 -1.262478 0.530138
-0.881223 -1.162961 0.288648
-0.869838 -1.103439 0.569650
-0.819784 -1.024809 -0.160186
-0.811526 -1.059699 0.433473
-0.778642 -1.132367 -0.583762
-0.831721 -0.849389 0.397075
-0.681791 -1.025617 -0.324390
-0.798483 -0.584737 0.535664
-0.785699 -0.682824 -0.095858
-0.992445 -0.452152 0.544240
-1.016623 -0.486353 0.028132
-1.109961 -0.244391 0.591633
-1.132357 -0.230072 -0.330486
-1.205750 -0.098927 0.476504
-1.235821 0.080561 -0.497375
-1.336694 0.236982 0.390522
-1.332573 0.496819 -0.564009
-1.367787 0.582427 0.126731
-1.428357 0.837370 -0.546994
-1.444083 0.892800 -0.074368
-1.542669 1.632901 -0.537142
-1.453315 1.303446 -0.259061
-1.462322 1.146742 -0.550778
-0.935026 0.416071 0.450756
-0.592432 -0.006968 -0.236303
-0.492899 -0.025068 0.719614
-0.491946 -0.250966 -0.090628
-0.375969 0.144134 0.877586
-0.323888 0.028975 0.003637
-0.200338 0.246441 0.486025
-0.812393 -1.289533 0.455683
-0.813988 -1.363143 0.526131
-0.876763 -1.324323 0.360510
-0.866003 -1.262335 0.568090
-0.811826 -1.120621 -0.263619
-0.821870 -1.189602 0.266794
-0.787013 -1.354097 -1.209326
-0.835021 -1.011024 0.103528
-0.707625 -1.491779 -1.454880
-0.770947 -0.684307 0.533040
-0.685652 -1.025442 -0.926744
-0.757728 -0.471562 0.727359
-0.532156 -0.772123 -0.434602
-0.654073 -0.303892 0.847072
-0.579814 -0.456306 -0.485297
-0.629910 -0.243536 0.764873
-0.377490 -0.500334 -0.746314
-0.511092 -0.130159 0.900941
-0.365926 -0.104621 -0.763473
-0.458537 0.025373 0.403260
-0.349120 -0.012339 -0.848636
-0.282879 0.049675 0.207117
-0.219164 0.088987 -0.521213
-0.121671 -0.019358 0.450678
-0.177935 0.255325 -0.239182
-0.218488 0.176184 0.885986
-0.430404 0.033364 -0.010494
-0.374906 0.141058 1.048572
-0.448602 -0.143162 0.132165
-0.315918 0.206673 1.034948
-0.287655 0.131380 0.159232
-0.185456 0.360137 0.813096
-0.827585 -1.303881 0.442700
-0.782297 -1.291016 0.520514
-0.823925 -1.185128 0.086625
-0.827041 -1.052806 0.425537
-0.798741 -1.076834 -0.805539
-0.747253 -1.018172 -0.020326
-0.764198 -1.542442 -1.809772
-0.743820 -0.809310 0.156753
-0.720918 -1.368536 -1.508854
-0.771663 -0.487057 0.570664
-0.552036 -0.861714 -0.968348
-0.667827 -0.397705 0.877135
-0.536949 -0.716108 -0.501981
-0.634809 -0.184681 1.219733
-0.466566 -0.598537 -0.499818
-0.483059 -0.268843 1.552821
-0.279092 -0.716792 -0.400124
-0.426764 -0.254954 1.393642
-0.248788 -0.414475 -0.501662
-0.333570 -0.035988 0.993872
-0.091976 -0.323329 -0.780005
-0.057628 0.411088 1.172459
0.099222 0.065935 -0.395391
-0.017686 0.560835 1.451379
-0.049862 0.205006 -0.412624
-0.208483 0.742042 1.936595
-0.203807 0.003062 0.390876
-0.246228 0.617519 1.626005
-0.243301 -0.040120 0.701501
-0.229076 0.479319 1.382893
-0.203313 0.265762 0.688571
-0.199915 0.487886 0.872524
-0.810622 -1.385750 0.399022
-0.779369 -1.422458 0.481299
-0.854274 -1.388046 0.217134
-0.871114 -1.301544 0.522221
-0.821068 -1.193691 -0.864750
-0.694981 -1.150288 -0.112348
-0.798609 -1.838694 -2.159229
-0.701791 -1.038732 -0.118313
-0.858794 -2.064010 -2.600404
-0.807255 -0.669118 0.397295
-0.615320 -1.665552 -2.230708
-0.708502 -0.399662 0.989990
-0.534053 -1.128252 -1.893992
-0.747500 -0.327761 1.724042
-0.582045 -1.024371 -1.259124
-0.781061 -0.344988 2.106960
-0.674858 -0.906012 -1.300774
-0.891653 -0.339864 2.523018
-0.627740 -0.756233 -0.525199
-0.732071 -0.000376 2.220350
-0.422265 -0.341411 -0.287794
-0.457213 0.382431 2.241530
-0.224682 -0.151564 -0.126220
-0.261116 0.605018 2.315561
-0.169173 0.163500 0.150566
-0.300679 0.686143 2.066286
-0.237587 0.166909 0.444797
-0.241879 0.581176 1.689906
-0.234916 0.113489 0.448503
-0.166696 0.467034 1.354034
-0.122843 0.280666 0.483687
-0.144349 0.376092 0.951599
-0.799336 -1.274078 0.403825
-0.763147 -1.250284 0.453325
-0.783228 -1.137462 -0.146357
-0.791902 -1.037162 0.497250
-0.761607 -1.152292 -1.371609
-0.570995 -1.121390 0.154396
-0.730066 -1.941383 -2.662954
-0.586563 -0.852983 0.201251
-0.717149 -1.790397 -2.735121
-0.804807 -0.429862 0.870119
-0.613681 -1.473911 -2.545939
-0.823330 -0.181091 2.012032
-0.540083 -1.221938 -1.967740
-0.816109 -0.065948 2.810773
-0.577828 -0.961240 -1.814474
-0.862001 -0.211149 3.492763
-0.655651 -0.856199 -1.065628
-0.823834 -0.252838 3.268169
-0.625057 -0.627782 -0.769547
-0.752842 0.146002 3.226887
-0.512617 -0.329064 -0.169714
-0.515824 0.509736 2.845145
-0.303566 0.112610 0.072412
-0.432992 0.765350 3.072513
-0.211233 0.286788 0.205520
-0.285260 0.881222 2.488917
-0.151395 0.252723 0.569339
-0.165657 0.831194 2.000978
-0.151176 0.306214 0.695304
-0.154135 0.617430 1.389856
-0.085979 0.244964 0.481170
-0.086474 0.371771 0.787240
-0.754848 -1.266882 0.307864
-0.739027 -1.285583 0.403834
-0.778460 -1.243919 0.044532
-0.828539 -1.177308 0.584489
-0.837854 -1.064965 -1.163709
-0.553018 -1.082532 0.216470
-0.673161 -1.762877 -2.308963
-0.587962 -0.951488 0.274336
-0.711483 -1.933572 -2.834511
-0.645185 -0.471439 0.818126
-0.534943 -1.632133 -2.835128
-0.669694 -0.123172 1.750359
-0.485207 -1.322021 -2.857281
-0.785920 -0.101459 2.819711
-0.434246 -1.003167 -2.040137
-0.769789 -0.208847 3.224874
-0.436351 -0.863648 -1.778041
-0.717559 -0.165694 3.643355
-0.533389 -0.577929 -0.997552
-0.638808 0.174277 3.473646
-0.493003 -0.287378 -0.544437
-0.487878 0.541435 3.225605
-0.330101 0.183231 -0.056159
-0.370177 0.720265 3.015272
-0.229271 0.216985 0.110333
-0.277719 0.727732 2.469111
-0.174446 0.337390 0.564095
-0.201040 0.662066 1.848746
-0.192464 0.383438 0.341880
-0.143580 0.496626 1.145340
-0.127708 0.328314 0.413368
-0.056529 0.301915 0.614777
-0.643281 -1.186506 0.325703
-0.656084 -1.135374 0.429021
-0.655388 -1.075770 -0.179396
-0.703268 -0.957191 0.496708
-0.725109 -0.919561 -1.012565
-0.646870 -1.065348 0.314503
-0.609422 -1.352206 -2.052444
-0.536478 -0.749848 0.489570
-0.591597 -1.228432 -2.149417
-0.639843 -0.316834 0.996754
-0.429283 -1.131495 -2.540767
-0.605481 0.011640 1.836801
-0.407270 -0.847958 -2.029008
-0.778917 0.212756 2.456494
-0.290408 -0.684054 -1.953421
-0.769127 0.072060 3.159137
-0.430975 -0.633093 -1.413600
-0.734158 0.089338 3.098517
-0.368561 -0.409164 -0.986376
-0.604681 0.318751 3.382508
-0.389147 -0.163459 -0.668078
-0.451360 0.598825 3.215580
-0.265382 0.206334 -0.282352
-0.343412 0.752714 2.831917
-0.179682 0.295995 -0.046961
-0.293042 0.800837 2.388198
-0.074345 0.415965 0.302502
-0.149185 0.718811 1.656205
-0.002053 0.444364 0.416967
-0.024976 0.568710 0.910025
0.038954 0.344466 0.434110
0.088606 0.321001 0.438093
-0.505047 -1.167102 0.202600
-0.513868 -1.153256 0.371566
-0.556598 -1.121994 -0.023202
-0.600577 -1.126571 0.589614
-0.626298 -0.825523 -0.717779
-0.546943 -0.993273 0.536588
-0.542659 -1.101967 -1.595700
-0.459487 -0.787223 0.680728
-0.409765 -1.205870 -2.180336
-0.418496 -0.322209 1.016867
-0.375185 -0.934705 -2.111209
-0.560698 -0.087364 1.540160
-0.262676 -1.074891 -2.611187
-0.680778 -0.010409 2.428079
-0.331945 -0.886458 -1.999362
-0.724052 0.027244 2.640494
-0.254635 -0.746945 -1.847705
-0.700522 0.082122 3.249737
-0.361501 -0.413041 -1.182582
-0.573023 0.198458 3.049024
-0.342575 -0.233432 -0.973903
-0.437360 0.421673 3.152508
-0.247912 0.150408 -0.537146
-0.385829 0.453243 2.498579
-0.229928 0.198571 -0.206233
-0.350308 0.433653 1.966897
-0.097831 0.327295 0.067787
-0.236790 0.431200 1.326144
-0.035626 0.507382 0.044143
0.017115 0.513545 0.657117
0.095919 0.460679 0.202098
0.199164 0.465399 0.359730
-0.302700 -1.185272 0.267988
-0.364066 -1.093086 0.456519
-0.398087 -1.059547 -0.214671
-0.463583 -0.971482 0.602366
-0.504427 -0.804878 -0.838100
-0.440337 -0.931314 0.694259
-0.454123 -0.748679 -1.455721
-0.334835 -0.574131 0.867700
-0.374447 -0.573994 -1.634890
-0.340139 -0.314266 1.041515
-0.280798 -0.514273 -2.151983
-0.447223 -0.017219 1.523177
-0.257895 -0.530897 -2.045334
-0.593944 0.232899 1.787298
-0.225172 -0.565530 -2.120875
-0.648268 0.219121 2.173101
-0.302271 -0.656512 -1.697690
-0.643826 0.163248 2.181110
-0.258992 -0.469897 -1.380788
-0.533235 0.193296 2.551991
-0.299379 -0.260956 -0.771576
-0.478416 0.256169 2.124365
-0.138719 0.004324 -0.605183
-0.339937 0.376484 1.734423
0.023570 0.121542 -0.471124
-0.217799 0.335508 0.993914
0.161539 0.480032 -0.532349
-0.012728 0.459523 0.588383
0.229219 0.514593 -0.175538
0.221781 0.625827 0.268848
0.276996 0.671554 -0.139991
0.342300 0.793714 -0.045833
-0.180096 -1.169097 0.136656
-0.202667 -1.128596 0.346922
-0.235589 -1.124840 -0.101812
-0.250755 -1.027273 0.567801
-0.313728 -0.815248 -0.523979
-0.277582 -0.806617 0.751860
-0.397574 -0.728875 -1.129795
-0.279907 -0.577287 0.886639
-0.385576 -0.733554 -1.567282
-0.290243 -0.380448 1.074282
-0.249399 -0.568442 -1.855288
-0.394947 -0.180886 1.194232
-0.191635 -0.638874 -2.317431
-0.506374 0.013959 1.580323
-0.190133 -0.582144 -2.029467
-0.523063 0.131050 1.630561
-0.186812 -0.592875 -1.904761
-0.560470 0.147149 2.075313
-0.298330 -0.351164 -1.102178
-0.522452 0.116258 1.790175
-0.348089 -0.138278 -0.601617
-0.526730 0.126736 1.780208
-0.307496 0.093786 -0.298084
-0.446502 0.145778 1.063363
-0.077485 0.327809 -0.338230
-0.164172 0.385655 0.646674
0.215098 0.659610 -0.451164
0.198674 0.579462 0.179504
0.467423 0.830608 -0.490826
0.403185 0.772184 -0.012405
0.449097 0.893015 -0.423797
0.462642 0.893892 -0.126584
0.013845 -1.160526 0.212237
-0.054727 -1.056168 0.485252
-0.082661 -1.104275 -0.201147
-0.109976 -0.894706 0.634626
-0.175116 -0.888669 -0.582564
-0.102716 -0.655165 0.856314
-0.222836 -0.624355 -1.012017
-0.087823 -0.424522 0.979922
-0.300341 -0.396502 -1.247041
-0.198890 -0.263327 0.981891
-0.168649 -0.320479 -1.712371
-0.247512 -0.080909 1.210951
-0.183364 -0.341234 -1.674207
-0.347518 0.120220 1.143551
-0.158643 -0.352445 -1.610718
-0.335936 0.241280 1.408554
-0.212465 -0.456859 -1.266491
-0.494178 0.137970 1.278050
-0.165969 -0.331897 -0.968127
-0.420671 0.050588 1.305779
-0.193620 -0.154619 -0.616368
-0.409287 0.154414 0.755495
0.021699 0.128420 -0.429073
0.013566 0.424606 0.426761
0.445755 0.651740 -0.632973
0.495518 0.772749 0.055786
0.719751 1.067727 -0.779391
0.690665 1.088987 -0.024985
0.733227 1.448082 -0.796131
0.578568 1.504621 -0.159813
0.607070 1.577504 -0.468512
0.548435 1.517105 -0.394590
0.080278 -1.115393 0.093307
0.057065 -1.062365 0.363759
0.065959 -1.090588 -0.148825
0.062156 -0.908526 0.611285
0.019328 -0.914194 -0.397933
0.083075 -0.625736 0.786595
-0.015318 -0.622832 -0.708116
0.151898 -0.385048 0.877639
-0.029242 -0.451066 -0.865376
0.062499 -0.223364 0.878256
-0.030538 -0.253737 -1.033658
-0.011560 -0.083313 0.798189
-0.044850 -0.267503 -1.268789
-0.167357 0.021903 0.891130
-0.156067 -0.176598 -1.064891
-0.348827 0.187197 0.712597
-0.159351 -0.216885 -0.981170
-0.426214 0.073245 1.019401
-0.094256 -0.170680 -0.862889
-0.320054 -0.016316 0.771161
0.060817 -0.035803 -0.686084
-0.173769 0.147665 0.640580
0.162991 0.246244 -0.545324
0.116082 0.384510 0.318288
0.556500 0.675112 -0.580040
0.581909 0.809616 -0.007346
0.660214 1.057801 -0.736948
0.618865 1.007932 -0.091178
0.655751 1.270391 -0.751072
0.596855 1.420445 -0.142230
0.627274 1.545978 -0.625734
0.611596 1.499103 -0.260582
0.187453 -1.092150 0.188050
0.167054 -0.997489 0.467102
0.209293 -1.043778 -0.178398
0.230689 -0.834718 0.631268
0.249215 -0.850561 -0.424672
0.330974 -0.560055 0.734509
0.333604 -0.560519 -0.546755
0.464133 -0.371180 0.694831
0.328103 -0.401079 -0.641155
0.340960 -0.202121 0.684400
0.198133 -0.214255 -0.689491
0.269220 -0.151984 0.589407
0.146891 -0.173856 -0.706495
0.080720 -0.018667 0.488760
0.024903 -0.111399 -0.680045
-0.160573 0.069651 0.484019
-0.029475 -0.137410 -0.587772
-0.207792 0.079300 0.614112
0.159011 -0.037013 -0.563612
0.025797 0.096618 0.582224
0.320963 0.180240 -0.545576
0.263012 0.328818 0.390381
0.469763 0.494765 -0.661485
0.570773 0.625427 0.238549
0.727382 0.955003 -0.847881
0.756484 1.068234 -0.011126
0.853004 1.467985 -1.104951
0.787476 1.464167 -0.115195
0.780553 1.655285 -0.874887
0.732367 1.673769 -0.125260
0.804618 1.905784 -0.698273
0.713672 1.829687 -0.407661
0.241212 -1.029762 0.077823
0.264940 -0.980122 0.339727
0.308495 -1.001436 -0.108730
0.339508 -0.837900 0.544529
0.385548 -0.823042 -0.289385
0.467070 -0.600070 0.594362
0.562371 -0.538717 -0.361777
0.705384 -0.379143 0.491816
0.691606 -0.334682 -0.400576
0.767460 -0.205317 0.427748
0.798613 -0.168835 -0.325073
0.882195 -0.126212 0.278046
0.765732 -0.119046 -0.199733
0.769316 -0.056660 0.204937
0.973092 -0.024213 -0.197284
0.963438 0.075827 0.180892
1.117479 0.008400 -0.211446
0.884843 0.054289 0.283411
0.998804 0.012990 -0.331928
0.731611 0.118246 0.336977
0.711048 0.178771 -0.451571
0.674373 0.356603 0.329325
0.746408 0.446704 -0.618252
0.809809 0.602124 0.256581
0.860361 0.800952 -0.773140
0.796619 0.916250 0.035428
0.740794 1.108855 -0.856539
0.705508 1.129092 -0.008830
0.651423 1.456085 -0.902038
0.651539 1.542700 -0.011659
0.647419 1.652622 -0.622845
0.677988 1.694734 -0.298316
0.349513 -0.970144 0.146398
0.376596 -0.900504 0.390927
0.425934 -0.904496 -0.128367
0.451369 -0.734491 0.451497
0.517234 -0.699612 -0.232114
0.615440 -0.501943 0.440487
0.745811 -0.410441 -0.247067
0.873349 -0.299141 0.279226
0.941236 -0.245834 -0.208667
1.070217 -0.176367 0.237064
1.113351 -0.181351 -0.154328
1.248120 -0.129157 0.223379
1.231534 -0.134874 -0.122119
1.320926 -0.039705 0.222445
1.253170 -0.061690 -0.157092
1.258717 0.097250 0.297302
1.220008 0.044785 -0.260087
1.086926 0.175802 0.292103
1.011626 0.125318 -0.276978
0.843614 0.234038 0.287769
0.786503 0.291104 -0.405034
0.713466 0.468088 0.211987
0.711779 0.601617 -0.582560
0.723522 0.749857 0.157280
0.783309 0.989982 -0.875050
0.792006 1.084459 -0.000280
0.822970 1.411026 -1.002872
0.831651 1.441371 0.019449
0.840655 1.712183 -0.906903
0.807783 1.799325 -0.079724
0.818285 1.925355 -0.562790
0.773925 1.890083 -0.246406
0.417237 -0.912983 0.081890
0.441543 -0.875498 0.252632
0.491489 -0.836755 -0.041892
0.548395 -0.674190 0.278190
0.649789 -0.608769 -0.115133
0.756493 -0.457623 0.234451
0.894497 -0.361308 -0.101775
1.015158 -0.296190 0.125968
1.107385 -0.226255 -0.062889
1.181549 -0.239345 0.142832
1.235487 -0.207157 -0.120269
1.291766 -0.233234 0.225778
1.289733 -0.197626 -0.068065
1.310932 -0.217408 0.342845
1.269656 -0.147809 -0.180139
1.249201 -0.055593 0.324969
1.139905 -0.018730 -0.178579
1.071829 0.037512 0.321132
0.983581 0.049036 -0.237897
0.879198 0.146158 0.261632
0.833241 0.239133 -0.301620
0.744671 0.387604 0.231897
0.729379 0.505475 -0.479731
0.704083 0.662720 0.127878
0.637704 0.776882 -0.580440
0.567558 0.860614 0.115513
0.495382 0.952292 -0.645336
0.445577 1.071070 0.015744
0.414081 1.065962 -0.507033
0.521536 1.328354 -0.032727
0.455034 1.296446 -0.404760
0.531218 1.425490 -0.266370
0.491082 -0.866439 0.063710
0.540044 -0.822885 0.230344
0.591356 -0.700926 -0.053084
0.652020 -0.574578 0.219705
0.776839 -0.452517 -0.019858
0.860798 -0.296773 0.169528
0.960268 -0.170971 -0.098553
1.033323 -0.114710 0.129562
1.119365 -0.091158 -0.111534
1.190922 -0.128266 0.078237
1.218372 -0.130161 -0.104985
1.290662 -0.149837 0.204449
1.255669 -0.102524 -0.018526
1.258830 -0.116386 0.193573
1.186479 -0.054421 -0.128604
1.197370 0.014525 0.199197
1.119061 0.075125 -0.074560
1.078265 0.119664 0.140752
0.962858 0.130216 -0.145710
0.896501 0.187026 0.075968
0.836865 0.268231 -0.177100
0.767380 0.414363 -0.014858
0.675635 0.572540 -0.336602
0.596720 0.693134 -0.060036
0.454390 0.877554 -0.344070
0.450970 0.946584 -0.008240
0.343318 1.101449 -0.380187
0.481263 1.172182 -0.044374
0.482682 1.176103 -0.335278
0.634144 1.392604 -0.094133
0.622326 1.701987 -0.399643
0.579606 1.552397 -0.310371
0.502678 -0.817407 0.120436
0.520212 -0.731034 0.357294
0.620601 -0.687867 0.131098
0.638598 -0.536815 0.318324
0.768681 -0.448442 0.158324
0.807006 -0.289974 0.265955
0.873514 -0.180499 0.086140
0.929970 -0.148396 0.188536
1.063410 -0.128171 -0.020127
1.119216 -0.148423 0.143400
1.220046 -0.150388 0.014184
1.243535 -0.173527 0.226421
1.280074 -0.148021 0.093403
1.233121 -0.138580 0.319503
1.225584 -0.103924 0.090072
1.156974 -0.033516 0.234440
1.119095 0.027825 0.074436
1.021058 0.099814 0.238286
0.927959 0.100264 0.052920
0.845120 0.128552 0.177409
0.832853 0.196309 -0.045172
0.765055 0.351368 0.149757
0.746760 0.521549 -0.145098
0.664135 0.650540 0.063232
0.567544 0.757367 -0.208232
0.348911 0.812533 0.098135
0.192184 0.780439 -0.069607
0.171921 0.782110 0.139836
0.190488 0.642677 -0.129966
0.279631 0.912096 0.078724
0.314430 0.880326 -0.144065
0.404934 0.920633 -0.238670
