1.182166 0.191929 -1.089319
0.873370 0.174678 -0.765967
0.946776 -0.173205 0.509887
0.533844 0.919506 -0.899902
0.955032 -0.498679 1.090813
1.028662 1.029566 -0.785539
0.693962 0.188821 0.726938
0.386621 0.825396 0.532179
0.902925 0.978926 -0.885355
0.393670 0.978591 0.054390
0.254640 0.278440 1.139687
0.607960 0.169919 0.719231
0.070596 0.364334 0.942186
1.159643 0.310402 1.284396
0.275381 0.495545 0.978051
0.839666 0.045540 -0.166459
0.828417 0.078285 -0.939223
0.898923 -0.346262 0.350021
0.135489 0.960985 -0.435506
-0.423614 0.673696 -0.626294
1.138474 -0.410778 0.635559
0.986253 0.896962 -0.764312
1.155405 1.002545 -0.718745
0.537678 0.387640 -1.143283
0.674243 -0.244504 1.279497
1.140984 -0.067992 1.342933
0.021768 1.027597 -0.268701
1.074454 -0.602069 0.956632
-1.076113 0.929187 -0.361226
0.820074 -0.359557 -0.423115
-0.720585 0.594537 -0.575354
0.716136 0.100489 -0.670677
1.076372 0.896403 -1.019853
0.998476 0.313052 -0.476337
1.180074 0.770565 -0.743012
1.147971 0.000498 -0.901547
0.787874 -0.123652 0.121788
1.175322 0.512429 -0.724079
1.159604 0.503377 1.039500
0.293525 0.827563 -0.903533
0.326553 0.330550 0.957233
0.452135 0.295561 0.851235
0.813952 -0.511187 0.941303
0.447286 0.172646 -1.047073
0.324832 0.434673 -1.086547
0.703331 -0.223280 -0.749123
-0.553759 -0.288732 0.726332
1.088101 0.358216 1.362791
0.054056 0.733153 -0.710452
1.117642 0.087618 1.473551
0.888736 -0.483672 0.701412
0.597663 0.467126 -0.277938
0.685995 0.288557 0.795897
0.368569 0.070338 1.219908
0.332985 -0.313763 1.181931
1.138386 -0.547846 0.739918
1.178215 0.332497 -1.275668
0.540104 0.539137 0.793787
-1.190879 0.716089 -0.348897
1.145417 0.975986 -0.501607
-0.407172 0.446087 -0.749512
-0.053425 0.883071 -0.579296
-0.073033 -0.855775 0.310739
0.686254 -0.672594 0.542503
0.196935 -0.580117 -0.685585
0.739879 0.302906 -1.214364
0.073632 0.625615 0.978810
0.956188 0.151810 1.303770
0.243968 0.687998 0.810726
-0.159907 0.301248 0.886661
0.625143 0.420003 0.291279
1.167258 0.448434 -0.466955
-0.307486 0.143330 1.005721
1.140897 -0.095250 1.006578
1.131495 1.105712 -1.017948
0.661972 0.124979 -0.556445
1.151606 0.422293 1.118437
0.739006 0.095630 -0.736614
1.072957 -0.277804 0.679764
0.604934 0.694229 -0.101253
0.729062 -0.502346 -0.336436
-0.308213 -0.164465 0.941411
1.141253 0.030106 -0.733017
-1.134891 0.377560 0.791025
0.756683 -0.224348 -0.632979
0.531447 0.120664 -1.063409
0.765488 -0.088723 -0.692134
1.190345 0.659694 -0.584485
-0.375478 1.042776 -0.300381
1.224085 0.596692 -1.047528
-1.017519 0.185446 0.757516
0.978591 0.059956 0.636554
0.514401 0.243207 1.002185
-0.064957 0.050746 1.082197
1.120622 0.159970 0.762930
1.113815 0.376796 1.528323
0.282843 -0.925957 0.043029
0.960422 0.697230 -1.165915
0.712472 -0.100443 0.267322
0.156433 0.108287 -0.990113
-0.563973 0.325311 1.098494
0.210338 0.941824 0.535562
1.155384 0.290619 -1.109902
0.980109 -0.079545 1.294055
0.893047 0.394882 -1.162397
0.790732 0.960026 -0.959933
0.112004 1.088557 0.156362
0.250424 0.894029 -0.713278
0.840374 0.045087 0.659592
0.907568 0.575095 -1.232646
-0.877669 1.136334 -0.120591
0.881180 0.209221 -1.045183
1.202782 -0.418707 0.815315
0.710781 -0.022081 0.601844
0.828079 0.027537 -0.196365
-0.915781 0.376997 -0.539223
0.620784 -0.421151 1.105403
1.174093 0.757570 -0.520583
1.074379 0.838476 -1.145827
-0.747421 0.755274 -0.497307
0.921429 -0.388496 0.593345
0.650612 -0.490980 0.567231
0.693990 0.202664 -1.085971
0.652172 0.459411 -0.330206
0.669473 0.246269 -0.357140
0.722521 0.592902 -0.326993
0.912938 0.286366 -0.477601
0.802906 0.231077 1.271180
0.812993 -0.212292 -0.277702
-1.029369 0.548311 -0.489178
1.105922 0.476169 -0.367611
0.265002 -0.288091 -0.824316
-0.214468 0.937981 -0.383001
0.613365 0.338865 0.798603
-0.155949 0.229755 -0.837380
1.128144 -0.266113 1.257536
0.728203 0.073010 0.422449
0.011405 0.730403 0.822199
0.007454 -0.151599 -0.851622
0.293241 0.908650 -0.620215
0.951152 0.392839 -1.162000
-0.141284 0.756933 -0.595709
-0.143157 -0.039406 0.992825
0.309349 0.695119 -1.003711
1.120963 0.159832 1.367175
0.696256 -0.154689 0.493515
-0.336552 0.155971 -0.773958
0.119778 -0.056877 1.167427
-0.407616 0.899668 0.781604
0.482734 0.817089 -0.349901
1.117532 0.160906 -0.634218
1.060823 1.027224 -0.946018
0.706372 0.230895 -0.204967
0.678618 0.508836 -1.228392
0.198639 0.391860 -1.019980
0.385317 -0.000695 1.189001
0.662339 0.372121 0.328081
-0.850226 0.931314 -0.305408
0.944542 0.082045 -0.769509
-0.069682 0.193495 1.068728
-1.051593 0.252706 -0.501876
1.201665 0.683508 -1.202352
1.098304 0.661362 -0.361096
0.782526 0.328671 0.816140
0.855600 0.731996 -0.547723
1.055554 0.794909 -0.520181
0.872151 0.122939 -0.596394
0.417203 0.731939 -0.348864
0.802312 0.397927 -0.434360
0.250974 -0.234187 -0.867710
0.728295 0.220799 0.667984
-0.297329 0.479128 0.988171
0.631867 0.019705 1.295281
0.640127 0.633987 -0.025952
1.225980 0.573499 -1.173823
0.478464 0.500743 0.967108
1.031457 0.710811 -0.430287
1.185477 0.213174 -0.937180
0.679677 -0.775278 -0.033095
1.085055 -0.054258 0.531211
1.000574 0.832968 -0.639377
0.341277 0.837404 -0.404564
0.596128 0.627207 -0.395597
1.111133 0.928789 -0.950256
0.610944 0.032625 0.526444
0.836393 -0.168228 -0.051713
1.099728 1.175290 -0.923717
-0.978015 0.725278 -0.471388
1.126608 0.385545 0.839488
0.609526 0.715750 -1.161605
0.094338 0.770696 -0.908142
0.827854 0.318175 -0.361205
1.054547 0.198488 -0.948323
0.875441 0.780701 -1.103706
-0.913980 0.398899 0.821127
1.053533 0.192861 0.591693
0.831202 0.065133 -0.684610
0.805689 -0.390506 0.209011
-0.111165 -0.842799 -0.276238
1.149668 0.877721 -1.214643
0.932112 0.203026 0.973995
0.289064 0.939351 -0.365433
0.810573 0.267110 0.803087
0.129373 0.237835 1.084431
0.874542 0.056812 -0.250286
0.850774 0.272573 1.069482
-0.192257 0.598295 -0.699609
0.948695 0.247002 1.119014
0.043108 -0.231958 1.019681
1.060870 0.101102 -0.856163
0.814191 0.850575 -0.642720
0.723217 0.318024 -0.221179
0.932911 0.701208 -0.509967
1.092786 0.296727 1.187297
-0.627243 0.642349 0.919483
-0.062980 -0.392719 -0.739651
0.209391 0.812986 -0.667352
1.194329 0.262142 -0.479922
0.116589 0.572058 -0.926533
0.599201 0.438765 0.126373
-0.119402 0.578772 -0.810655
-0.289103 0.658644 0.901005
-1.228742 0.475596 -0.421638
0.560927 -0.572325 0.878064
-0.729315 0.086543 0.859121
1.147728 -0.201718 0.612292
0.183448 -0.769991 -0.551183
-0.673105 0.303936 -0.615509
1.157066 -0.459427 1.174115
0.662012 -0.371390 -0.745153
0.796047 0.482538 -0.438676
1.056369 0.543632 -1.249908
-0.444370 -0.559640 -0.372023
-0.039978 0.372728 -0.917009
0.549658 -0.118306 -0.946445
1.046203 0.055293 -0.537017
0.284252 -0.749153 0.558329
0.324665 0.660321 0.829882
-0.180978 -0.046029 -0.904367
-0.430424 0.920300 -0.486835
0.582623 0.551919 -1.075701
-0.105060 -0.443277 0.809828
0.757277 -0.554241 -0.083806
0.750372 0.473742 -0.372694
-0.653893 0.010599 -0.591087
0.547041 0.241629 1.237693
-0.968815 0.604354 0.841011
0.784557 0.083380 0.169807
0.418925 -0.079470 -0.974490
-0.737063 -0.177635 -0.471408
-0.371234 -0.218466 -0.656843
0.813910 -0.251983 -0.003412
-0.169452 -0.599171 -0.578373
-0.059184 0.942925 0.666185
0.551906 0.945220 -0.688453
0.279863 -0.435387 0.899778
-0.842370 -0.508307 -0.117127
-0.933815 -0.478090 0.024999
-1.172250 -0.327382 -0.117604
-1.250432 -0.272900 0.022992
-1.311095 -0.212534 -0.132643
-1.320786 -0.100062 0.024601
-1.297649 -0.012254 -0.173127
-1.285802 0.172625 0.338270
-1.479697 0.258071 -0.347552
-1.465487 0.320793 0.391476
-1.595518 0.455808 -0.312075
-1.632634 0.536885 0.549649
-1.791033 0.638399 -0.151662
-1.667562 0.713976 0.554275
-1.594308 0.786449 -0.277853
-1.602885 0.918729 0.795788
-1.745166 1.133765 -0.061142
-1.655061 1.139228 0.704725
-1.416515 1.313134 -0.251680
-1.355826 1.205741 0.985390
-1.347045 1.402111 -0.000664
-1.279144 1.274799 0.815110
-1.144875 1.366179 -0.328773
-1.205240 1.290663 0.993862
-1.349011 1.437247 -0.042613
-1.205329 1.407498 0.784406
-1.131363 1.529861 0.008041
-1.153912 1.356416 0.913787
-1.233029 1.520412 0.190304
-1.183953 1.435579 0.540760
-1.105882 1.520312 0.168971
-1.162809 1.236315 0.370838
-1.125186 -0.507914 -0.220736
-1.227656 -0.502629 -0.133013
-1.443682 -0.403110 -0.129731
-1.451184 -0.286294 0.014499
-1.495610 -0.194207 -0.151540
-1.470306 -0.064671 0.049173
-1.529734 0.012873 -0.064473
-1.527005 0.147772 0.162567
-1.632991 0.198730 -0.107250
-1.617354 0.341616 0.296504
-1.764043 0.419406 0.076190
-1.755179 0.602831 0.297204
-1.877933 0.791894 0.016280
-1.756957 0.851160 0.433774
-1.800699 1.106738 0.102041
-1.737033 1.057246 0.369180
-1.751636 1.281170 -0.137205
-1.774882 1.123713 0.584766
-1.783412 1.388852 0.170424
-1.787712 1.171092 0.785426
-1.603302 1.468261 -0.122739
-1.666044 1.211959 1.018793
-1.599039 1.570650 0.092267
-1.682058 1.246049 0.864759
-1.463918 1.451973 -0.111074
-1.475227 1.248013 0.943162
-1.358362 1.458460 0.242188
-1.426574 1.160316 0.926076
-1.276324 1.405750 -0.065158
-1.289555 1.110420 0.903928
-1.027047 0.907653 0.639867
-0.990170 0.763969 0.813061
-1.215635 -0.646199 -0.115815
-1.289635 -0.579939 -0.093449
-1.518208 -0.410968 -0.059964
-1.556598 -0.264871 -0.041303
-1.624795 -0.189329 0.032493
-1.723062 -0.093543 0.013602
-1.809447 -0.008984 0.052048
-1.867856 0.138537 0.064161
-1.958013 0.237101 0.124006
-1.941648 0.298551 0.061523
-2.097338 0.318974 0.115201
-2.032818 0.459867 0.111991
-2.176488 0.540205 0.292161
-2.051525 0.712980 0.229350
-2.256873 0.826447 0.286306
-2.149333 0.875757 0.374373
-2.282141 1.214649 0.379685
-2.072981 1.147431 0.455620
-2.106553 1.383188 0.034348
-1.968347 1.251314 0.533772
-2.063679 1.479301 0.178904
-2.010864 1.373551 0.555930
-2.047667 1.574915 -0.387372
-1.870878 1.447657 0.328377
-1.908123 1.582322 0.034446
-1.753423 1.541049 0.380247
-1.779231 1.690519 0.157080
-1.738277 1.653857 0.552336
-1.778110 1.934651 0.366488
-1.517650 1.876524 0.502881
-1.446329 1.878168 0.275926
-1.254216 1.644207 0.260154
-0.991306 -0.705240 -0.278453
-1.065266 -0.642921 -0.261015
-1.249737 -0.482349 -0.111433
-1.296497 -0.328698 -0.092481
-1.339934 -0.223558 -0.043574
-1.459435 -0.122291 0.025378
-1.562750 -0.046415 0.026390
-1.671639 0.036895 0.057295
-1.756167 0.181268 0.026326
-1.792995 0.179674 0.187935
-1.861141 0.352868 0.077974
-1.824292 0.466667 0.231715
-1.867663 0.658914 0.186525
-1.863748 0.653077 0.581482
-1.916714 0.930843 0.456836
-1.895079 0.780868 0.813495
-1.900540 1.070173 0.346902
-1.881351 0.858165 0.944881
-1.883809 1.253692 0.302923
-1.801893 1.075897 1.014590
-1.789104 1.327204 -0.118340
-1.806013 1.214844 0.941089
-1.871711 1.404030 -0.060861
-1.788859 1.266204 0.829388
-1.712732 1.461882 -0.183485
-1.687791 1.347000 0.811130
-1.628095 1.480819 0.168384
-1.537483 1.463838 0.827025
-1.383970 1.612947 0.175710
-1.309594 1.481949 0.950623
-1.076698 1.406712 0.449483
-1.062260 1.226418 0.675513
-0.785032 -0.771100 -0.222609
-0.850878 -0.654174 -0.220662
-0.965735 -0.532380 -0.162608
-0.997960 -0.350965 -0.082187
-1.068508 -0.256142 -0.052473
-1.198973 -0.152623 0.018741
-1.327341 -0.061762 0.001242
-1.511803 0.057233 0.101124
-1.583817 0.218927 -0.035749
-1.600718 0.287690 0.217293
-1.658937 0.480941 -0.080957
-1.665840 0.540899 0.500539
-1.740292 0.695494 0.105404
-1.937309 0.704050 0.977085
-1.951309 0.945713 0.275947
-2.087489 0.820952 1.252099
-2.026214 1.262830 0.394619
-2.138386 0.981073 1.366362
-2.022557 1.424765 -0.222023
-2.032043 1.210724 1.026504
-2.089799 1.457070 -0.248584
-2.100895 1.298535 0.670929
-2.155121 1.529165 -0.551746
-1.992062 1.391321 0.320871
-1.968443 1.569372 -0.131187
-1.828294 1.608240 0.463618
-1.751985 1.811731 0.345274
-1.758871 2.005561 0.621039
-1.772336 2.246241 0.716050
-1.676808 2.255240 0.776616
-1.717589 2.236025 0.744781
-1.463655 2.017285 0.764121
-0.633801 -0.839167 -0.330567
-0.639986 -0.741756 -0.320853
-0.752609 -0.590871 -0.185495
-0.801296 -0.426397 -0.134227
-0.882212 -0.304624 -0.080679
-1.018434 -0.203179 0.039579
-1.160632 -0.112801 -0.058454
-1.292456 -0.026982 0.165481
-1.405823 0.139732 -0.122205
-1.398815 0.153983 0.419238
-1.541736 0.398134 -0.122077
-1.535584 0.313763 0.646624
-1.566912 0.629258 -0.138375
-1.773446 0.557215 1.181761
-1.842684 0.905473 0.058697
-2.096002 0.658699 1.365201
-1.873602 0.912711 -0.039139
-2.068852 0.577959 1.513121
-1.815799 1.355629 -0.308833
-1.995548 0.931820 1.182555
-1.976592 1.319067 -0.659109
-1.963776 1.142524 0.974989
-2.082208 1.451569 -0.601013
-1.991351 1.271379 0.702057
-1.891349 1.397970 -0.523292
-1.781769 1.407208 0.751630
-1.721646 1.546864 0.000647
-1.644810 1.706396 0.769263
-1.556776 1.782579 0.322954
-1.461816 1.841409 0.850521
-1.343736 1.647327 0.478776
-1.188031 1.640627 0.853148
-0.432272 -0.877023 -0.243450
-0.495176 -0.797585 -0.231615
-0.533505 -0.679901 -0.253960
-0.597583 -0.502765 -0.040295
-0.681290 -0.421137 -0.114897
-0.812128 -0.316995 0.121357
-0.963835 -0.201424 -0.145571
-1.050780 -0.039895 0.480076
-1.222620 0.146769 -0.181977
-1.147544 0.191548 0.963941
-1.346894 0.450223 -0.187552
-1.360097 0.367742 1.301353
-1.503931 0.763163 -0.139910
-1.670404 0.619925 1.339838
-1.696202 1.023806 -0.135781
-2.047609 0.780586 1.448575
-1.897643 1.265582 -0.061897
-2.247931 0.882126 1.382094
-1.968470 1.456315 -0.719855
-2.088179 1.077564 1.210192
-2.142899 1.475460 -0.823423
-2.016680 1.258659 0.913482
-2.065336 1.384261 -0.901252
-1.923122 1.347139 0.682942
-1.932549 1.470318 -0.401429
-1.772940 1.630024 0.678681
-1.667026 1.791371 0.148198
-1.678146 2.066498 0.778114
-1.653830 2.207872 0.649211
-1.560801 2.295533 0.701281
-1.480907 2.141139 0.688422
-1.243859 2.028293 0.515083
-0.308635 -1.036288 -0.368838
-0.318717 -1.009051 -0.366357
-0.374807 -0.850287 -0.242715
-0.437133 -0.660839 -0.153840
-0.531810 -0.528574 -0.164916
-0.667863 -0.416698 0.124779
-0.799838 -0.308426 -0.219788
-0.865057 -0.123357 0.546619
-1.018305 -0.058004 -0.307801
-0.991309 0.017384 1.269420
-1.172344 0.189571 -0.294890
-1.220508 0.085765 1.663728
-1.294130 0.482437 -0.319777
-1.449527 0.293538 1.790037
-1.468310 0.811859 -0.325328
-1.827544 0.489284 1.470535
-1.629733 0.885868 -0.226650
-1.984083 0.492896 1.433436
-1.729460 1.193906 -0.507183
-1.824429 0.819814 1.128655
-1.796179 1.212645 -0.849501
-1.819134 1.056732 1.015164
-1.898753 1.216110 -0.855187
-1.749521 1.248627 0.780745
-1.693218 1.283982 -0.653693
-1.569358 1.412589 0.821463
-1.472340 1.404554 -0.160857
-1.367923 1.705238 0.783953
-1.345837 1.732235 0.255709
-1.313551 1.828995 0.741579
-1.310260 1.809839 0.393887
-1.151971 1.754452 0.469842
-0.109501 -1.266851 -0.357467
-0.156100 -1.177118 -0.286845
-0.188962 -1.124072 -0.366639
-0.282128 -0.850691 -0.091844
-0.392380 -0.718426 -0.196549
-0.549153 -0.537327 0.171608
-0.661396 -0.415058 -0.302253
-0.769790 -0.071741 0.933234
-0.924277 -0.077844 -0.203420
-0.984828 0.064302 1.735187
-1.159454 0.098294 -0.217438
-1.183046 0.006845 2.138655
-1.249078 0.516812 -0.286107
-1.417813 0.292539 1.766963
-1.427747 0.698686 -0.404133
-1.562968 0.509521 1.438276
-1.503950 0.894561 -0.267560
-1.715976 0.714162 1.170813
-1.543953 1.134283 -0.760128
-1.614123 0.799719 1.075736
-1.582023 1.131603 -0.895801
-1.544716 1.000020 0.946755
-1.537619 1.239107 -1.062863
-1.511502 1.281780 0.787257
-1.492365 1.222364 -0.531031
-1.421106 1.598884 0.826574
-1.433151 1.627678 0.067626
-1.393827 1.876049 0.712843
-1.408602 1.908852 0.348676
-1.369378 1.966963 0.660597
-1.295745 2.003887 0.471418
-1.148673 1.902102 0.503140
-0.081945 -1.707922 -0.633069
-0.049431 -1.679009 -0.563246
-0.031290 -1.739726 -0.523483
-0.100866 -1.279577 -0.323188
-0.184457 -1.059396 -0.356546
-0.395557 -0.710307 0.008099
-0.512020 -0.570289 -0.292698
-0.665676 -0.216538 0.651385
-0.719940 -0.325518 -0.237688
-0.854961 -0.139924 1.729368
-0.883660 -0.082098 -0.150943
-1.042194 -0.221118 2.392245
-1.049118 0.236470 -0.329718
-1.196362 -0.068097 2.418545
-1.169828 0.534320 -0.572113
-1.169920 0.272174 1.868221
-1.147602 0.738206 -0.507561
-1.264745 0.454137 1.578002
-1.197974 1.023445 -0.509908
-1.265239 0.646963 1.265404
-1.199984 1.020841 -1.150603
-1.288666 0.827088 1.039323
-1.250851 1.053222 -0.950935
-1.287530 1.154425 0.659669
-1.246400 1.120366 -0.862951
-1.236607 1.288226 0.703899
-1.259942 1.080876 -0.302774
-1.223875 1.537540 0.672669
-1.207883 1.561007 0.055213
-1.191237 1.729038 0.609105
-1.132745 1.724158 0.226521
-1.064404 1.713797 0.480303
0.019034 -2.134149 -0.745596
0.046423 -1.972079 -0.630999
0.101737 -2.100241 -0.719019
0.037174 -1.542570 -0.393175
-0.098848 -1.320063 -0.416683
-0.285951 -0.941859 -0.054423
-0.412360 -0.725678 -0.340498
-0.641537 -0.259336 0.750456
-0.757928 -0.226879 0.031902
-1.023197 -0.052771 1.702689
-0.955346 -0.022347 -0.086243
-1.131040 -0.135475 2.576342
-1.086441 0.179481 -0.424077
-1.099195 -0.050785 2.481841
-1.073553 0.553903 -0.866161
-1.015727 0.204948 2.158454
-1.036679 0.984014 -1.210992
-1.098300 0.254047 1.695792
-1.100651 1.316631 -1.952718
-1.127213 0.403388 1.356619
-1.178445 1.399608 -2.098776
-1.171355 0.727216 0.952318
-1.053390 1.292536 -2.129674
-1.139204 1.149587 0.833667
-1.073276 1.056680 -1.368908
-1.179260 1.206826 0.819519
-1.137752 1.305367 -0.509473
-1.086315 1.595172 0.797517
-1.097439 1.617874 0.115797
-1.091787 1.775935 0.624472
-1.031657 1.769555 0.392606
-0.946242 1.768255 0.446270
0.034907 -2.699162 -1.009419
0.125515 -2.695598 -0.941267
0.152498 -2.733574 -0.986757
0.153844 -2.328844 -0.704718
0.090510 -2.216948 -0.822082
-0.119035 -1.374235 -0.389773
-0.266232 -1.282325 -0.498222
-0.541512 -0.492936 0.214741
-0.600671 -0.525201 -0.212849
-0.939852 -0.225672 1.344648
-0.789666 -0.230903 0.009503
-1.075537 -0.253998 2.138839
-0.917451 0.018088 -0.329309
-0.933470 -0.205518 2.651754
-0.791600 0.315913 -0.645812
-0.800838 -0.115885 2.478733
-0.676864 0.730331 -1.216531
-0.809838 0.087887 2.226034
-0.747314 1.272335 -1.725883
-0.789566 0.209174 1.793027
-0.748176 1.437657 -2.347091
-0.872282 0.683730 1.044953
-0.708396 1.171405 -2.072873
-0.891820 0.940134 0.974722
-0.845944 1.014216 -1.810381
-0.951964 1.101099 0.908221
-1.046980 0.892852 -0.902932
-0.983887 1.285600 0.818133
-0.990626 1.307330 -0.217593
-0.968058 1.533196 0.638838
-0.989339 1.542291 0.177368
-0.922595 1.542758 0.391925
0.175098 -2.957869 -1.058230
0.186412 -2.893692 -0.942125
0.259728 -3.034180 -1.033364
0.208513 -2.474500 -0.735377
0.101525 -2.421137 -0.799182
-0.066425 -1.724102 -0.350022
-0.264477 -1.223067 -0.545314
-0.518492 -0.623643 0.198877
-0.558348 -0.461133 -0.098597
-1.008524 -0.175247 0.891000
-0.888499 -0.143913 -0.098291
-1.226814 -0.032086 1.625750
-1.089335 0.009475 -0.031278
-1.169344 0.034407 1.777407
-0.922676 0.440502 -0.636549
-1.004355 0.153919 1.953508
-0.922806 0.957574 -1.052641
-0.945547 0.289083 1.619978
-0.894582 1.438730 -2.056837
-0.850456 0.276668 1.241313
-0.916506 1.443644 -2.009827
-0.939166 0.630776 0.963052
-0.775917 1.418024 -2.066853
-0.870739 0.984745 0.720689
-0.887379 1.153677 -1.427680
-0.934429 1.370958 0.821206
-0.921670 1.185254 -0.623471
-0.849612 1.467243 0.753246
-0.896237 1.409140 -0.031911
-0.867498 1.609069 0.635046
-0.896177 1.637622 0.318325
-0.879365 1.574294 0.469756
0.267230 -3.324988 -1.178415
0.346806 -3.377383 -1.013886
0.320552 -3.412215 -1.069662
0.300745 -2.979862 -0.841114
0.243715 -2.878101 -1.055315
0.057861 -2.100060 -0.657485
-0.024843 -2.098600 -0.741448
-0.264026 -0.891122 -0.267086
-0.296785 -0.861895 -0.379954
-0.694798 -0.325971 0.598858
-0.741550 -0.233229 -0.227938
-0.983774 -0.022428 1.173732
-0.861629 -0.039822 -0.426840
-0.908669 -0.088784 1.915522
-0.696565 0.268305 -0.419174
-0.835966 -0.230020 2.007487
-0.657760 0.706815 -1.100909
-0.798112 0.037234 2.197481
-0.838326 1.117484 -1.312009
-0.867899 0.284566 1.588833
-0.795478 1.145389 -1.906941
-0.888665 0.644788 1.166627
-0.880240 1.017430 -1.169170
-1.033679 0.856123 0.644731
-0.999838 0.945153 -1.444749
-0.975859 1.029589 0.668218
-1.041506 0.893345 -0.738099
-0.954195 1.075448 0.547668
-0.928714 1.051759 -0.376239
-0.869925 1.287466 0.535116
-0.886666 1.231124 0.096545
-0.864915 1.295097 0.426979
0.439642 -2.933655 -0.967753
0.392282 -3.024087 -0.791800
0.405954 -3.073821 -1.074434
0.339675 -2.626957 -0.706532
0.281948 -2.456666 -0.974912
0.122600 -1.788085 -0.455998
-0.016099 -1.431051 -0.577553
-0.206654 -0.911839 0.096604
-0.243009 -0.745177 -0.405391
-0.520137 -0.467680 0.473676
-0.574378 -0.402023 -0.437323
-0.844064 -0.138268 0.795264
-0.856565 -0.156185 -0.387752
-1.092713 0.015580 0.939636
-0.862298 0.273080 -0.542562
-1.045129 0.021318 1.393650
-0.951388 0.777762 -1.017979
-1.053144 0.162392 1.342519
-1.150588 1.291222 -1.742944
-1.019188 0.393035 1.362594
-1.214414 1.329433 -1.839220
-1.076872 0.567009 0.851510
-1.059898 1.316740 -1.896569
-1.011411 0.996496 0.707231
-1.081832 1.240339 -1.387545
-0.999689 1.111744 0.577158
-0.963222 1.151589 -1.040060
-0.862918 1.326321 0.657329
-0.867411 1.246839 -0.270950
-0.802691 1.505738 0.562492
-0.833467 1.448706 0.185044
-0.825103 1.438076 0.283119
0.497035 -3.074560 -1.050779
0.416632 -3.138633 -0.905211
0.418856 -3.201504 -1.012074
0.380642 -2.765115 -0.711544
0.336600 -2.676314 -1.044581
0.187830 -1.965477 -0.476750
0.153167 -1.854833 -0.856144
-0.016751 -1.082422 -0.043831
-0.013318 -1.128156 -0.497681
-0.233065 -0.644158 0.400298
-0.337332 -0.634920 -0.486192
-0.553920 -0.329339 0.642253
-0.659772 -0.297090 -0.527391
-0.763694 -0.074635 0.879845
-0.697810 0.094302 -0.425509
-0.899601 0.010657 1.052397
-0.789803 0.609219 -0.845694
-0.925008 0.075854 1.473808
-0.953846 0.888356 -1.045159
-1.095361 0.276430 1.440057
-1.039038 1.058886 -1.615432
-1.095209 0.603421 1.099008
-1.130049 1.067058 -1.362741
-1.102889 0.902840 0.955941
-1.018017 1.120168 -1.508816
-0.954729 1.067255 0.914636
-1.006740 0.973726 -1.135220
-0.905807 1.173451 0.741250
-0.843507 1.043020 -0.695467
-0.765209 1.219510 0.528639
-0.780898 1.183056 -0.118765
-0.741758 1.222231 0.286073
0.535049 -2.495954 -0.729470
0.419661 -2.531621 -0.550423
0.447353 -2.589597 -0.881006
0.388641 -2.230932 -0.503487
0.371460 -2.085858 -0.935917
0.247121 -1.586235 -0.174735
0.161240 -1.408433 -0.765999
0.091411 -0.912178 0.289665
0.076974 -0.901861 -0.682664
0.013441 -0.629017 0.585817
-0.061785 -0.655516 -0.714067
-0.203497 -0.405880 0.778670
-0.248032 -0.384156 -0.748101
-0.357108 -0.134048 0.810049
-0.364700 0.032134 -0.616073
-0.692225 0.113242 0.844338
-0.769912 0.344998 -0.552586
-1.099074 0.226316 1.028833
-1.088741 0.790313 -1.083543
-1.315630 0.521561 0.970697
-1.412446 0.928339 -0.996369
-1.301060 0.744997 0.840096
-1.196816 1.066478 -1.247497
-1.129742 0.925061 0.724741
-1.122515 1.176980 -1.077305
-0.990903 1.134692 0.768484
-0.956518 1.236254 -0.884333
-0.843666 1.295564 0.565893
-0.813908 1.213032 -0.479191
-0.704842 1.296317 0.375123
-0.693656 1.264267 -0.053208
-0.647568 1.277046 0.149012
0.569950 -2.600565 -0.774072
0.509378 -2.596879 -0.645889
0.495914 -2.643932 -0.897009
0.435545 -2.244627 -0.454221
0.406298 -2.246352 -0.952239
0.298439 -1.612141 -0.155972
0.283298 -1.625437 -0.912425
0.212262 -0.972515 0.249269
0.282040 -1.090907 -0.778462
0.227052 -0.690027 0.553768
0.275153 -0.783788 -0.820916
0.181177 -0.512618 0.788126
0.174941 -0.533971 -0.829680
0.056879 -0.220857 0.910039
0.056632 -0.036537 -0.719286
-0.266910 0.194011 0.798571
-0.372257 0.314454 -0.761533
-0.742548 0.341725 0.871792
-0.786307 0.632080 -0.850702
-1.102890 0.520402 0.755843
-1.153190 0.694327 -1.070511
-1.140079 0.655933 0.897515
-1.160752 0.934927 -0.972547
-1.045586 0.861225 0.847132
-0.945740 0.996152 -1.033314
-0.779594 0.991853 0.899396
-0.774072 1.058878 -0.758639
-0.740898 1.128569 0.675644
-0.690276 1.150858 -0.535260
-0.621192 1.209029 0.392365
-0.605158 1.198650 -0.114872
-0.512537 1.209044 0.249110
0.621633 -2.114735 -0.564393
0.537172 -2.085108 -0.398794
0.548825 -2.114989 -0.706564
0.481435 -1.788097 -0.276525
0.467051 -1.735913 -0.790666
0.371502 -1.291394 0.065055
0.396834 -1.325918 -0.820933
0.384399 -0.841911 0.381317
0.422281 -0.922869 -0.749598
0.433878 -0.651308 0.603283
0.478064 -0.752732 -0.712566
0.514516 -0.520450 0.729728
0.569674 -0.526918 -0.662243
0.550059 -0.283084 0.850174
0.639972 -0.093744 -0.641930
0.570821 0.096485 0.843765
0.566152 0.274379 -0.691305
0.215630 0.332489 0.857592
-0.050395 0.457372 -0.790905
-0.524978 0.446097 0.800443
-0.840993 0.652281 -0.949897
-0.918486 0.570981 0.771742
-0.948584 0.768300 -0.937987
-0.827915 0.771649 0.833895
-0.798844 0.909840 -0.839364
-0.644314 0.892699 0.693500
-0.636025 0.998264 -0.730461
-0.619659 1.071629 0.533040
-0.605948 1.127308 -0.413907
-0.513507 1.181805 0.271654
-0.479014 1.163844 -0.085810
-0.394747 1.169167 0.025945
0.657902 -2.192338 -0.631751
0.574455 -2.133942 -0.470231
0.595229 -2.158924 -0.737814
0.524783 -1.780358 -0.272744
0.509036 -1.834762 -0.823257
0.431447 -1.284110 -0.000271
0.469869 -1.435089 -0.862837
0.464765 -0.895511 0.297551
0.486892 -1.092241 -0.833832
0.501946 -0.703949 0.518089
0.531866 -0.842747 -0.646302
0.602503 -0.606339 0.604858
0.634756 -0.630352 -0.502139
0.689324 -0.365271 0.723006
0.789282 -0.176853 -0.360778
0.943509 0.044753 0.687594
0.993627 0.231572 -0.418442
1.142321 0.266509 0.764607
0.998984 0.392017 -0.564233
0.835408 0.421356 0.763604
0.459256 0.523668 -0.721112
0.177326 0.551893 0.850673
-0.055315 0.654999 -0.753512
-0.103801 0.722425 0.759706
-0.164280 0.761583 -0.725879
-0.252877 0.839155 0.662148
-0.273983 0.869924 -0.614865
-0.358727 0.990701 0.537505
-0.402840 1.033038 -0.430908
-0.381995 1.106271 0.388742
-0.356932 1.132357 -0.155465
-0.279206 1.133309 0.206266
0.670292 -1.754658 -0.453179
0.595612 -1.686790 -0.255257
0.612537 -1.699009 -0.616817
0.587102 -1.395142 -0.194963
0.567630 -1.328940 -0.649839
0.527713 -1.001047 0.146612
0.549004 -1.010675 -0.708402
0.597134 -0.686669 0.346011
0.593322 -0.786479 -0.686023
0.618172 -0.544545 0.484471
0.625089 -0.638055 -0.555555
0.675945 -0.462265 0.547529
0.691601 -0.476438 -0.399749
0.728655 -0.273967 0.595589
0.742459 -0.177598 -0.327302
0.823812 0.030337 0.648943
0.838692 0.146470 -0.419436
0.914799 0.185224 0.754751
0.819712 0.232796 -0.481625
0.825223 0.284695 0.772048
0.735873 0.350100 -0.660635
0.596006 0.430484 0.764117
0.466817 0.464190 -0.697324
0.415194 0.602479 0.768029
0.313738 0.639608 -0.725961
0.159654 0.741780 0.635780
0.060688 0.781763 -0.565806
-0.095832 0.934922 0.494421
-0.182704 0.996351 -0.348620
-0.194076 1.078351 0.294801
-0.194473 1.116216 -0.077300
-0.163427 1.127311 0.117991
0.683356 -1.725333 -0.490938
0.633829 -1.633742 -0.368201
0.705649 -1.670168 -0.618858
0.661910 -1.367303 -0.266759
0.641035 -1.348805 -0.638481
0.613969 -0.998311 0.038317
0.635636 -1.045524 -0.646393
0.659795 -0.742268 0.234639
0.682572 -0.830414 -0.611029
0.692915 -0.600356 0.388329
0.697059 -0.648578 -0.473433
0.746981 -0.492748 0.469246
0.743092 -0.475356 -0.256620
0.784656 -0.336460 0.509042
0.758008 -0.202193 -0.138322
0.826199 -0.029332 0.511892
0.817986 0.092195 -0.184343
0.844747 0.125431 0.552781
0.737536 0.176292 -0.242517
0.788851 0.205868 0.611840
0.749534 0.279825 -0.267550
0.641492 0.347177 0.626792
0.595276 0.376794 -0.489118
0.548635 0.562721 0.561590
0.539496 0.555178 -0.471471
0.453589 0.739695 0.547771
0.394597 0.793811 -0.458117
0.284755 0.944463 0.427327
0.158261 1.016361 -0.288697
0.040815 1.065384 0.408523
-0.044535 1.127497 -0.055029
-0.054693 1.117376 0.302601
0.689835 -1.368471 -0.364720
0.742542 -1.333052 -0.393956
0.745306 -1.229275 -0.528706
0.738097 -1.080759 -0.361556
0.742386 -0.938612 -0.392521
0.712308 -0.835598 -0.121323
0.758510 -0.683895 -0.321337
0.764260 -0.588076 0.060936
0.791473 -0.512098 -0.224888
0.769967 -0.435826 0.166643
0.791916 -0.374584 -0.104972
0.797789 -0.329469 0.228557
0.806148 -0.274709 0.038132
0.823003 -0.198043 0.219706
0.804432 -0.099051 0.032532
0.843679 0.032565 0.261128
0.821517 0.077372 0.006340
0.840190 0.113790 0.298816
0.781074 0.135183 -0.021845
0.790596 0.166934 0.386703
0.795080 0.221601 0.027492
0.707752 0.324918 0.433019
0.718050 0.379113 -0.216491
0.682807 0.555312 0.399956
0.661784 0.565297 -0.221894
0.611094 0.722081 0.379473
0.547978 0.750149 -0.258541
0.500301 0.903712 0.270955
0.393002 0.982580 -0.121914
0.291908 1.073938 0.255289
0.180382 1.122549 0.037187
0.073026 1.089336 -0.019990
0.701876 -1.219283 -0.171299
0.747919 -1.153565 -0.070133
0.842297 -1.163579 -0.295687
0.772226 -0.940179 -0.052309
0.761246 -0.922949 -0.224017
0.726406 -0.722181 0.112160
0.746077 -0.698742 -0.109754
0.724363 -0.537725 0.224061
0.758943 -0.531397 -0.058756
0.724507 -0.386476 0.298711
0.747566 -0.364822 0.046065
0.754112 -0.321799 0.324181
0.788011 -0.259823 0.173441
0.771856 -0.198277 0.339020
0.785043 -0.113320 0.217631
0.787748 -0.033289 0.307241
0.826718 0.019615 0.182772
0.806218 0.068135 0.351623
0.819004 0.097997 0.219842
0.787285 0.108985 0.388606
0.833062 0.128010 0.222072
0.743128 0.262620 0.531391
0.773635 0.316682 0.210904
0.710410 0.451961 0.380947
0.721158 0.502919 0.115437
0.623366 0.649279 0.410103
0.638098 0.727499 0.051895
0.559790 0.849032 0.278503
0.489745 0.943743 0.036723
0.381144 1.014962 0.313863
0.327357 1.059431 0.104793
0.289128 1.067737 0.123761
