1.699187 0.015299 -0.564434
0.757132 -0.156210 -0.489286
0.960388 -0.170459 -0.408315
0.087944 0.190077 -0.451426
0.437970 -0.305050 -0.222342
1.668131 0.088086 -0.518045
0.109819 0.030462 0.123071
0.004781 0.355166 -0.344035
1.835538 0.062829 -0.509606
-0.169261 0.420448 -0.196973
-0.107020 0.198437 0.167951
0.242733 0.231546 0.020727
-0.098032 0.226017 -0.023796
1.018258 -0.156388 -0.392049
-0.028622 0.290235 -0.130828
1.885853 -0.040115 -0.683808
0.506838 -0.185217 -0.444623
1.516168 -0.016381 -0.498157
-0.343051 0.321585 -0.259294
-0.407407 0.087401 -0.615398
1.215636 -0.029064 -0.213460
1.230203 0.131815 -0.506853
1.335891 -0.003675 -0.486682
-0.122873 0.117611 -0.604677
-0.084239 0.029761 0.103603
1.134222 0.176818 -0.269390
-0.127601 0.404500 -0.261037
1.136914 0.117007 -0.222024
-0.596960 0.377271 -0.311191
0.468205 -0.230625 -0.413378
-0.663172 -0.032409 -0.653037
0.188647 0.058884 -0.548051
0.955542 0.062918 -0.498114
0.640670 -0.117775 -0.506680
1.533074 0.006497 -0.461240
1.404637 0.138718 -0.425984
1.767668 -0.092667 -0.580143
0.560693 0.124942 -0.531822
1.064493 0.154720 -0.334490
0.016532 0.197141 -0.531756
-0.253846 0.237681 0.043462
-0.051833 0.224390 0.042069
0.010436 -0.295502 -0.097421
-0.214255 -0.063750 -0.544499
-0.317232 -0.144714 -0.637037
-0.214168 -0.204803 -0.477424
-0.551358 -0.320914 -0.139739
1.210381 0.009592 -0.405973
-0.215592 0.235884 -0.606930
1.438815 0.081499 -0.373552
1.921856 -0.081748 -0.603860
0.421432 0.244203 -0.444412
0.046222 0.265274 -0.102110
-0.132955 0.033668 0.153485
-0.004216 -0.205076 0.123260
1.446990 -0.019027 -0.284935
2.142903 -0.017698 -0.648296
0.171154 0.288495 -0.267361
-0.939136 0.139273 -0.537074
1.627981 0.008906 -0.558592
-0.664792 -0.041159 -0.624177
-0.097078 0.243172 -0.397654
-0.411975 -0.469289 -0.383285
0.018471 -0.357092 -0.326309
-0.448413 -0.314373 -0.515198
0.601482 -0.005009 -0.510480
-0.525120 0.153172 0.005926
0.053022 -0.037032 0.117931
-0.124487 0.305454 -0.300090
-0.445128 0.051009 0.185805
0.980874 0.210027 -0.283549
1.381325 0.059300 -0.534408
-0.572550 0.026536 0.161222
1.290740 -0.073636 -0.229654
1.705033 0.015243 -0.630814
0.284715 -0.128403 -0.489352
0.994095 0.133251 -0.164781
0.098565 -0.174635 -0.519575
0.263307 -0.188064 0.073239
0.052866 0.333999 -0.247712
0.068846 -0.295385 -0.427125
-0.527513 -0.246897 0.048267
2.191284 0.009102 -0.627244
-0.729250 -0.048236 0.242653
0.290656 -0.164656 -0.515567
0.069302 0.041071 -0.458477
0.609891 -0.170709 -0.456740
1.340493 -0.051995 -0.556802
-0.383564 0.349356 -0.301334
1.733548 -0.005653 -0.517657
-0.572040 -0.141334 0.153243
1.459683 -0.108984 -0.449969
-0.168560 0.059191 0.043652
-0.350303 0.101761 0.220425
1.320603 0.129218 -0.291988
1.457134 0.050826 -0.416375
-0.241252 -0.441008 -0.239937
0.870935 -0.038054 -0.517180
0.570374 -0.256641 -0.361096
-0.377541 -0.207027 -0.615047
-0.558717 0.115402 0.063727
-0.174292 0.400175 -0.236987
1.364839 -0.042704 -0.536222
-0.008768 -0.108890 0.011397
0.413513 -0.045023 -0.532705
0.762830 0.073713 -0.509338
-0.537267 0.309570 -0.226907
-0.000231 0.331160 -0.436607
0.388164 0.010428 0.080958
0.278579 0.013724 -0.553488
-0.678365 0.341836 -0.126840
0.067806 -0.074810 -0.495869
1.122481 0.005193 -0.188992
0.495770 0.172343 -0.071491
1.655245 -0.066664 -0.541508
-1.013961 -0.106988 -0.593926
-0.128866 -0.147994 0.059373
1.135253 -0.003270 -0.535029
1.482426 -0.015891 -0.534996
-0.563049 0.300526 -0.490127
0.622608 -0.295589 -0.258533
0.171035 -0.373362 -0.239288
-0.069025 0.059956 -0.541419
0.541831 0.254899 -0.244616
0.701691 -0.034073 -0.523946
0.754741 0.250213 -0.390799
0.555297 -0.019537 -0.505030
0.277074 0.242999 -0.284884
0.975764 -0.125335 -0.486347
-0.512932 -0.112326 -0.557639
1.042699 0.170189 -0.460667
-0.034746 -0.304208 -0.443337
-0.238747 0.291322 -0.486865
1.177618 0.105085 -0.419506
-0.458867 -0.045805 -0.650763
0.746319 -0.074287 -0.059677
0.742848 0.245323 -0.251912
-0.234732 0.323375 -0.013295
-0.560070 -0.284880 -0.582556
0.022652 0.278552 -0.369202
1.107844 -0.023973 -0.522820
-0.424503 0.301917 -0.559901
-0.277714 -0.141503 0.219209
-0.081394 0.028923 -0.653144
0.624035 0.070502 -0.034084
1.058775 -0.116403 -0.192164
-0.574905 -0.185203 -0.524814
-0.111953 -0.091763 0.236360
-0.628779 0.359319 -0.161395
0.085359 0.305684 -0.345957
1.707769 0.012640 -0.485064
1.539562 -0.012866 -0.437790
0.426518 0.088862 -0.505068
0.057447 0.072743 -0.506805
-0.261453 0.013510 -0.552103
0.025247 0.078936 0.140939
0.402852 0.280508 -0.158133
-0.534552 0.293066 -0.329633
2.087438 -0.003478 -0.773850
-0.199031 0.126554 0.230417
-1.041102 -0.238725 -0.503976
2.006341 -0.086266 -0.690213
1.622121 0.050337 -0.534330
0.231656 0.090357 0.078479
0.320070 0.104884 -0.510687
1.128743 0.094178 -0.494977
1.073208 -0.153777 -0.472428
-0.053694 0.225394 -0.564145
1.062728 0.206248 -0.275441
-0.241314 -0.311210 -0.575324
1.271251 0.128596 -0.306146
-0.280487 0.190328 0.207850
-0.250612 0.010475 0.205041
0.320358 0.323477 -0.240339
1.134563 0.050302 -0.506677
-0.014480 0.296167 -0.316573
1.381882 0.054324 -0.544850
1.547092 0.013105 -0.457506
-0.126885 -0.370216 -0.377102
0.569732 -0.025189 -0.008940
1.600764 0.037041 -0.518399
-0.138628 0.384254 -0.396245
0.302184 0.294911 -0.336393
1.739339 -0.000952 -0.530102
0.154716 -0.022877 -0.024018
0.691873 -0.238023 -0.399223
2.066467 0.079486 -0.685104
-0.624012 0.158832 -0.574917
0.949776 -0.048215 -0.105422
0.042183 0.082173 -0.572913
-0.140419 0.221077 -0.507754
0.580309 0.167249 -0.496319
1.291731 -0.031182 -0.539491
0.123050 0.178045 -0.518119
-0.661206 0.129999 0.210374
0.400635 0.147692 0.002212
1.455019 -0.052250 -0.500440
0.286427 -0.308069 -0.355122
-0.231059 -0.452807 -0.421204
1.789693 0.081331 -0.637709
1.576532 0.008785 -0.352857
-0.166228 0.369724 -0.361773
1.255372 0.065283 -0.207665
-0.119407 0.091426 0.263885
1.588181 -0.002721 -0.548396
1.260843 -0.047921 -0.310684
-0.492500 0.087661 -0.623840
0.737542 0.153223 -0.091476
-0.361055 -0.193606 0.122974
1.870548 -0.009959 -0.553311
0.851964 0.166100 -0.406310
0.537166 0.249760 -0.368222
0.689736 0.181240 -0.452811
0.829855 0.188264 -0.172751
-0.547549 0.250579 -0.082292
-0.420028 -0.354518 -0.491414
-0.301876 0.206279 -0.548960
0.881969 0.023594 -0.565444
-0.262980 0.056065 -0.707311
1.414949 0.085949 -0.484874
-0.551689 0.107059 -0.560201
-0.412211 0.293168 -0.050831
-0.800583 -0.011134 -0.683447
-0.121839 -0.389771 -0.124724
-0.627853 0.040285 0.194110
1.177912 0.062600 -0.186457
-0.144759 -0.367870 -0.479582
-0.949289 -0.103396 -0.621763
1.293226 0.203219 -0.397536
0.000276 -0.239647 -0.512594
1.223468 0.105286 -0.496859
1.644129 -0.032465 -0.583637
-0.767072 -0.399847 -0.373419
-0.516360 -0.060257 -0.627030
-0.072898 -0.152090 -0.586274
0.940138 -0.054889 -0.530035
-0.349335 -0.485783 -0.226516
-0.193584 0.342824 0.011367
-0.540367 -0.105198 -0.454318
-0.519447 0.142996 -0.320778
0.187414 0.107887 -0.570869
-0.370769 -0.420800 -0.006837
0.179226 -0.258582 -0.443184
1.893304 0.097781 -0.595611
-0.779305 -0.252488 -0.630786
0.106453 0.143730 0.060725
-0.587403 0.201584 0.101830
1.180502 -0.119757 -0.412137
-0.055282 -0.265606 -0.508925
-0.638122 -0.329365 -0.478182
-0.583332 -0.316872 -0.453538
1.216173 -0.113306 -0.463041
-0.490453 -0.438404 -0.351282
-0.307753 0.350763 -0.168359
0.317573 0.182209 -0.463376
-0.109244 -0.318667 0.077860
-1.230917 -0.154662 -0.232137
-1.276188 -0.111426 0.160604
-1.383885 -0.039545 -0.246008
-1.355409 -0.191123 0.342340
-1.446195 -0.260761 -0.141743
-1.354469 -0.249790 0.336954
-1.327010 -0.330913 -0.274374
-1.258901 -0.111015 0.688987
-1.458273 -0.301126 0.088526
-1.411497 -0.335877 0.483140
-1.538013 -0.467684 0.068217
-1.550481 -0.420788 0.643042
-1.674862 -0.524512 0.133934
-1.594269 -0.530796 0.562945
-1.722116 -0.224270 -0.286976
-1.658902 -0.178652 0.677748
-1.913214 -0.044500 -0.367083
-1.802693 -0.057800 0.610630
-1.874130 0.133861 -0.402325
-1.799786 0.159078 0.602638
-1.861165 0.331740 -0.253815
-1.675458 0.357764 0.371182
-1.546386 0.310694 -0.264245
-1.468917 0.363129 0.431836
-1.450563 0.364074 -0.131365
-1.422203 0.348696 0.136721
-1.379195 0.250351 -0.288462
-1.400310 0.127568 0.313082
-1.460647 0.132043 -0.078382
-1.468529 0.034155 0.092264
-1.357006 0.134407 -0.236081
-1.147386 0.297433 0.047413
-1.261681 -0.272615 -0.141778
-1.421422 -0.266428 0.280628
-1.577681 -0.389678 0.055929
-1.577047 -0.414820 0.405245
-1.680423 -0.452028 -0.074073
-1.667757 -0.453097 0.531453
-1.847441 -0.650764 0.081569
-1.874634 -0.587455 0.525262
-1.955924 -0.711588 0.037081
-2.025215 -0.609278 0.892556
-2.222053 -0.694187 0.494019
-2.269521 -0.639659 0.853476
-2.191898 -0.624467 0.220847
-2.150016 -0.484708 0.784158
-2.234552 -0.538508 0.005927
-2.117476 -0.249257 0.587117
-2.147484 -0.184154 -0.347774
-2.124614 0.022329 0.612857
-2.261831 0.157949 -0.341824
-2.199368 0.248664 0.546057
-2.134295 0.294479 -0.345016
-2.004080 0.383089 0.609712
-1.933258 0.473393 -0.220411
-1.848574 0.376722 0.576425
-1.637468 0.289355 -0.262596
-1.610108 0.344653 0.622862
-1.581490 0.207331 0.155099
-1.638234 0.075164 0.472273
-1.529511 -0.108501 -0.172592
-1.544321 -0.071282 0.443266
-1.462261 -0.200622 0.232736
-1.285034 -0.063242 0.302638
-1.286600 -0.067366 -0.021966
-1.400635 -0.024500 0.252454
-1.525108 -0.181373 0.030576
-1.590105 -0.283970 0.385665
-1.721905 -0.519548 0.157553
-1.841629 -0.492008 0.221115
-1.961214 -0.568594 0.072609
-2.010263 -0.444956 0.478624
-2.212824 -0.610163 0.431645
-2.271546 -0.541998 0.519872
-2.378672 -0.567158 0.346721
-2.358710 -0.444505 0.660658
-2.396936 -0.411693 0.420570
-2.331618 -0.233656 0.464033
-2.434700 -0.153518 0.110553
-2.301710 0.049860 0.405774
-2.427914 0.099222 0.133666
-2.359102 0.306569 0.363830
-2.456131 0.368925 0.044672
-2.304905 0.480507 0.409584
-2.340073 0.517437 0.164548
-2.158512 0.608211 0.292176
-2.128844 0.614529 -0.022553
-1.995034 0.694329 0.185829
-1.964485 0.642145 0.005478
-1.835409 0.694436 0.057506
-1.798994 0.543364 -0.360860
-1.726524 0.563306 0.082960
-1.646815 0.341531 -0.198478
-1.545494 0.299479 -0.024482
-1.461460 0.154160 -0.316757
-1.317298 0.274866 -0.065139
-1.319133 -0.354874 -0.071767
-1.505190 -0.460063 0.185420
-1.566835 -0.628007 0.136810
-1.645697 -0.686691 0.294870
-1.743703 -0.739182 0.119573
-1.831460 -0.708949 0.393461
-1.952210 -0.788703 0.171982
-1.978256 -0.701735 0.381465
-2.074170 -0.760197 0.118646
-2.136989 -0.688665 0.667006
-2.255533 -0.698359 0.381394
-2.328278 -0.622429 0.769847
-2.336277 -0.571187 0.192333
-2.361644 -0.457269 0.886592
-2.427781 -0.406880 0.038226
-2.365563 -0.186030 0.639377
-2.361310 -0.053628 0.019789
-2.335702 0.123196 0.658745
-2.411847 0.293742 0.144987
-2.363302 0.358927 0.576599
-2.287221 0.449368 0.081070
-2.232194 0.527409 0.541905
-2.126532 0.609186 0.066254
-2.057351 0.586292 0.435870
-1.933958 0.528386 -0.137856
-1.902088 0.603011 0.501516
-1.753397 0.444817 -0.054499
-1.758276 0.415187 0.324847
-1.637539 0.128313 -0.354194
-1.594406 0.182600 0.412259
-1.548120 -0.051170 -0.003543
-1.334610 0.065332 0.273625
-1.281477 -0.294465 0.109862
-1.463042 -0.270987 0.127130
-1.543821 -0.483946 0.052283
-1.629619 -0.542709 0.265879
-1.662219 -0.700969 0.014289
-1.749284 -0.688988 0.321081
-1.833865 -0.715896 -0.087221
-1.915704 -0.613530 0.526431
-2.003394 -0.667288 -0.122466
-2.109562 -0.539450 0.695626
-2.168152 -0.558557 -0.121633
-2.260081 -0.385373 0.908333
-2.283730 -0.362465 -0.179756
-2.311038 -0.235326 0.922876
-2.331877 -0.116120 -0.355049
-2.298132 0.082507 0.939745
-2.358983 0.185211 -0.184346
-2.351954 0.372927 0.846042
-2.330929 0.493026 0.020926
-2.299511 0.587407 0.789326
-2.250853 0.641159 0.260374
-2.187409 0.656726 0.568583
-2.076854 0.705566 0.197434
-2.020505 0.699155 0.381918
-1.903958 0.706001 0.156296
-1.854940 0.744277 0.234742
-1.744856 0.699028 0.059323
-1.698247 0.745781 0.075927
-1.585871 0.569960 0.019392
-1.526533 0.541905 0.068846
-1.500213 0.331152 -0.087076
-1.341853 0.357975 0.013494
-1.280925 -0.537455 -0.009972
-1.409932 -0.611640 0.125530
-1.505050 -0.656274 0.096885
-1.533070 -0.679604 0.225764
-1.573352 -0.699202 -0.002412
-1.625126 -0.665028 0.388651
-1.762431 -0.694733 -0.167385
-1.800652 -0.582885 0.523777
-1.876698 -0.633565 -0.289437
-1.944805 -0.476707 0.669885
-2.025836 -0.557084 -0.322356
-2.104594 -0.329186 0.809932
-2.091116 -0.397957 -0.366563
-2.137184 -0.213973 0.962732
-2.184083 -0.162487 -0.460862
-2.224981 -0.007478 0.960198
-2.235490 0.146454 -0.348069
-2.299938 0.286933 1.003787
-2.289883 0.460679 -0.185959
-2.290946 0.483738 0.861763
-2.191219 0.592697 -0.039735
-2.176996 0.579985 0.695462
-2.055946 0.680485 -0.035080
-1.998172 0.651754 0.563382
-1.820997 0.657538 -0.118819
-1.850603 0.656327 0.331648
-1.754110 0.657225 -0.090563
-1.683378 0.661658 0.264365
-1.573488 0.466796 -0.064417
-1.500430 0.395482 0.305694
-1.460003 0.180475 0.076239
-1.258534 0.230969 0.181219
-1.178140 -0.367433 0.080910
-1.348357 -0.405359 0.156038
-1.410820 -0.506475 -0.043921
-1.459722 -0.538851 0.273464
-1.489554 -0.611921 -0.149207
-1.540903 -0.590687 0.418005
-1.628919 -0.578602 -0.313936
-1.673390 -0.445787 0.621255
-1.745491 -0.492938 -0.435111
-1.840274 -0.323766 0.700417
-1.942973 -0.451273 -0.442458
-2.015918 -0.224716 0.729098
-2.061445 -0.312261 -0.433123
-2.084961 -0.086089 0.782929
-2.094238 -0.134890 -0.499090
-2.144601 0.141934 0.904127
-2.185772 0.170789 -0.406723
-2.189069 0.397634 0.897398
-2.123019 0.431283 -0.323816
-2.103363 0.530333 0.885937
-2.052072 0.590804 -0.211881
-1.983988 0.604789 0.715277
-1.862143 0.615840 -0.220457
-1.786378 0.615635 0.495091
-1.708995 0.625671 -0.218432
-1.686501 0.659921 0.301752
-1.582688 0.632845 -0.178138
-1.543443 0.702632 0.057266
-1.422139 0.608298 -0.099175
-1.375493 0.576112 -0.023348
-1.329721 0.438414 -0.176357
-1.184638 0.420588 -0.066758
-1.102553 -0.448295 0.021670
-1.239907 -0.526824 0.112217
-1.317739 -0.585029 0.040398
-1.325085 -0.586992 0.255853
-1.352753 -0.605356 -0.102130
-1.380864 -0.555317 0.422910
-1.477348 -0.537231 -0.271161
-1.495266 -0.437687 0.530711
-1.574485 -0.469966 -0.377303
-1.644732 -0.339951 0.597330
-1.737055 -0.424726 -0.458987
-1.828233 -0.235515 0.688050
-1.867300 -0.318104 -0.479733
-1.950185 -0.087895 0.785655
-2.016122 -0.147641 -0.538978
-2.052201 0.103158 0.806929
-2.033913 0.128562 -0.498014
-2.036135 0.346608 0.781694
-1.954510 0.347244 -0.468515
-1.888596 0.467391 0.752488
-1.778562 0.451224 -0.416687
-1.766193 0.529319 0.661644
-1.708849 0.507681 -0.346737
-1.656851 0.534182 0.524348
-1.562302 0.507015 -0.363773
-1.584916 0.560494 0.358424
-1.513927 0.535638 -0.304668
-1.499844 0.603105 0.210684
-1.349159 0.487028 -0.275635
-1.329033 0.460662 0.137913
-1.276182 0.293540 -0.178595
-1.114495 0.331730 0.015385
-0.964114 -0.351302 0.059015
-1.116647 -0.354730 0.110495
-1.130113 -0.448060 -0.074191
-1.169361 -0.454269 0.254816
-1.231139 -0.491935 -0.184022
-1.279285 -0.464102 0.314674
-1.350094 -0.427255 -0.281226
-1.370521 -0.315399 0.425848
-1.419532 -0.337605 -0.351901
-1.511008 -0.247685 0.537817
-1.597592 -0.297007 -0.410162
-1.679190 -0.200824 0.686501
-1.754566 -0.212591 -0.483309
-1.863066 -0.053664 0.696238
-1.899761 -0.093672 -0.579878
-1.931087 0.145161 0.735950
-1.930145 0.100203 -0.549152
-1.916075 0.329204 0.670063
-1.759708 0.271080 -0.532795
-1.720585 0.405457 0.659024
-1.674018 0.388389 -0.499042
-1.654012 0.480123 0.610610
-1.567282 0.442279 -0.499018
-1.529014 0.470859 0.506992
-1.493086 0.441434 -0.414459
-1.463166 0.517346 0.417434
-1.354521 0.511445 -0.323740
-1.341766 0.577401 0.155670
-1.240295 0.565531 -0.228533
-1.181468 0.580553 0.032451
-1.118423 0.511258 -0.200431
-1.028420 0.498192 -0.034435
-0.868618 -0.422979 -0.019982
-0.925461 -0.491740 0.054280
-0.952254 -0.536589 -0.019689
-0.977694 -0.526659 0.202077
-1.022365 -0.536506 -0.216039
-1.143551 -0.471001 0.374811
-1.241113 -0.463980 -0.363504
-1.271819 -0.349477 0.499411
-1.308954 -0.396334 -0.463322
-1.386654 -0.315225 0.640605
-1.475143 -0.363361 -0.513880
-1.571838 -0.277422 0.763864
-1.603646 -0.266453 -0.600556
-1.682145 -0.163732 0.819266
-1.771705 -0.175514 -0.652712
-1.765509 0.011560 0.806346
-1.775326 0.004407 -0.652504
-1.714598 0.191050 0.751706
-1.693209 0.148935 -0.580115
-1.631352 0.263606 0.670851
-1.534030 0.224405 -0.592407
-1.489882 0.327436 0.663289
-1.464659 0.288618 -0.504341
-1.431303 0.360767 0.534630
-1.353942 0.331256 -0.524933
-1.331790 0.423985 0.410755
-1.256599 0.386658 -0.403275
-1.216039 0.511181 0.207912
-1.107849 0.442795 -0.361322
-1.091973 0.475347 0.086424
-1.060089 0.405255 -0.241647
-0.963024 0.406632 -0.072819
-0.772441 -0.402220 0.031208
-0.851212 -0.410510 0.080955
-0.843700 -0.475412 -0.150915
-0.857168 -0.436830 0.185821
-0.943876 -0.468550 -0.275154
-1.061786 -0.400175 0.258757
-1.146581 -0.389391 -0.421381
-1.191555 -0.269492 0.426111
-1.231237 -0.291830 -0.461602
-1.293330 -0.205163 0.545896
-1.352017 -0.238595 -0.533749
-1.442590 -0.169656 0.727760
-1.508626 -0.122644 -0.537868
-1.531267 -0.072427 0.714896
-1.591608 -0.084354 -0.715648
-1.566546 0.070113 0.798396
-1.590631 0.059907 -0.655063
-1.522891 0.182612 0.676219
-1.521044 0.147084 -0.701042
-1.530967 0.256467 0.640031
-1.500264 0.246248 -0.632009
-1.441175 0.332050 0.528349
-1.365764 0.242505 -0.690651
-1.315563 0.344251 0.527297
-1.249681 0.298890 -0.600675
-1.191622 0.390058 0.354660
-1.110248 0.368602 -0.640946
-1.049886 0.527127 0.208183
-0.955015 0.492203 -0.399755
-0.830658 0.557001 -0.074484
-0.822790 0.512472 -0.260885
-0.825715 0.506124 -0.127212
-0.698324 -0.412009 -0.056300
-0.713369 -0.459836 -0.006050
-0.703668 -0.508945 -0.091957
-0.720695 -0.475772 0.111962
-0.803734 -0.529710 -0.289152
-0.932518 -0.405913 0.265287
-1.008692 -0.474961 -0.429952
-1.098417 -0.310040 0.352636
-1.115784 -0.398137 -0.549907
-1.226793 -0.257619 0.536003
-1.249627 -0.357865 -0.592041
-1.394157 -0.234820 0.679981
-1.395627 -0.200563 -0.768124
-1.436585 -0.133434 0.825625
-1.410005 -0.152062 -0.712700
-1.392032 -0.030296 0.727207
-1.394640 -0.000237 -0.704018
-1.423360 0.105525 0.772452
-1.429939 0.048406 -0.642053
-1.437847 0.141125 0.599087
-1.349094 0.144620 -0.747471
-1.347601 0.231500 0.638169
-1.277246 0.145572 -0.673432
-1.280164 0.245979 0.465924
-1.164599 0.249343 -0.789642
-1.120241 0.344414 0.443971
-1.038578 0.272039 -0.761784
-0.932200 0.438820 0.283540
-0.878634 0.368959 -0.567037
-0.825597 0.449270 0.100423
-0.777741 0.377020 -0.321862
-0.708563 0.374298 -0.057470
-0.659165 -0.359785 0.007392
-0.712215 -0.341852 0.044360
-0.649902 -0.418023 -0.116607
-0.639492 -0.358197 0.081401
-0.690602 -0.429599 -0.232165
-0.798470 -0.353488 0.122151
-0.848981 -0.398159 -0.434460
-0.940641 -0.279390 0.242387
-0.995990 -0.315975 -0.454790
-1.119063 -0.248665 0.318110
-1.186228 -0.247259 -0.509836
-1.284236 -0.153315 0.477469
-1.387302 -0.136734 -0.430850
-1.395776 -0.079756 0.467772
-1.394060 -0.062081 -0.536380
-1.354131 0.019842 0.552728
-1.396201 0.035996 -0.447076
-1.422416 0.088130 0.494775
-1.440102 0.115317 -0.626907
-1.444535 0.150755 0.518629
-1.433127 0.151717 -0.558385
-1.380916 0.211459 0.353610
-1.278311 0.180390 -0.670444
-1.257699 0.253482 0.307480
-1.204861 0.237656 -0.602016
-1.131037 0.307810 0.203640
-1.073644 0.307595 -0.555379
-0.891128 0.432906 0.051698
-0.796715 0.433276 -0.412214
-0.681077 0.468176 -0.087404
-0.649100 0.436913 -0.257163
-0.595133 0.416509 -0.104113
-0.611170 -0.353476 -0.133231
-0.582376 -0.362097 -0.029562
-0.505394 -0.427294 -0.085053
-0.494181 -0.389594 0.036051
-0.500950 -0.484691 -0.233031
-0.619756 -0.393354 0.121517
-0.656696 -0.482529 -0.411997
-0.765054 -0.367229 0.196929
-0.793176 -0.424512 -0.503855
-0.922400 -0.287194 0.334928
-0.992595 -0.322556 -0.506665
-1.124352 -0.205332 0.487988
-1.191100 -0.225536 -0.645786
-1.239869 -0.107477 0.627775
-1.228295 -0.122745 -0.595656
-1.240090 -0.037535 0.555947
-1.239145 -0.017605 -0.621942
-1.255309 0.072959 0.664257
-1.293054 0.077807 -0.474542
-1.298560 0.081444 0.480385
-1.266033 0.121828 -0.668196
-1.203998 0.192978 0.481274
-1.186520 0.149267 -0.595585
-1.176316 0.226085 0.270025
-1.062466 0.207220 -0.719561
-0.988953 0.296445 0.312282
-0.908657 0.246104 -0.550568
-0.784026 0.370239 0.186288
-0.692286 0.354052 -0.423176
-0.645456 0.387433 0.053658
-0.581147 0.380678 -0.203062
-0.475069 0.339250 -0.029599
-0.570952 -0.222518 -0.036548
-0.623073 -0.158040 0.108728
-0.495332 -0.278817 -0.126058
-0.445008 -0.239752 0.105367
-0.420345 -0.323037 -0.155233
-0.497765 -0.275311 0.083945
-0.511464 -0.319424 -0.319645
-0.561847 -0.266718 0.202004
-0.613975 -0.278737 -0.371267
-0.718482 -0.253792 0.274494
-0.812991 -0.261772 -0.485880
-0.901076 -0.159455 0.392599
-0.996388 -0.173877 -0.518466
-1.025293 -0.081775 0.427780
-1.050032 -0.072917 -0.584377
-1.047813 0.027115 0.494648
-1.090943 0.021822 -0.585457
-1.065067 0.109604 0.363305
-1.053162 0.131925 -0.725692
-1.024019 0.149188 0.385876
-1.008054 0.202404 -0.621898
-0.935198 0.215614 0.193559
-0.955587 0.191819 -0.774368
-0.991306 0.232342 0.244879
-1.006818 0.262192 -0.714677
-0.912941 0.313039 0.178550
-0.868299 0.310949 -0.655236
-0.734299 0.428939 0.125859
-0.635929 0.416733 -0.399638
-0.547921 0.442518 -0.087939
-0.493421 0.417045 -0.198793
-0.430992 0.398269 -0.160889
-0.513299 -0.254219 -0.164977
-0.480108 -0.218090 -0.019588
-0.372361 -0.325301 -0.080148
-0.317217 -0.321327 0.046634
-0.289268 -0.403032 -0.146355
-0.342380 -0.347924 0.112898
-0.334814 -0.398494 -0.298232
-0.377136 -0.335699 0.176246
-0.397747 -0.344477 -0.376744
-0.485074 -0.270073 0.257736
-0.548007 -0.306123 -0.429926
-0.656836 -0.202512 0.314596
-0.689038 -0.226397 -0.517470
-0.767125 -0.073925 0.359027
-0.770797 -0.101747 -0.498939
-0.835969 0.020839 0.347881
-0.842624 -0.001798 -0.654819
-0.871659 0.152626 0.417567
-0.871386 0.098222 -0.627619
-0.896078 0.180828 0.273237
-0.850965 0.203231 -0.801733
-0.841168 0.252093 0.381223
-0.909069 0.165346 -0.729035
-0.897833 0.207037 0.307458
-0.835347 0.227466 -0.831282
-0.756259 0.284276 0.309817
-0.725889 0.233075 -0.725686
-0.622017 0.377695 0.228295
-0.536669 0.334788 -0.464328
-0.501356 0.408404 0.065011
-0.430581 0.403263 -0.160517
-0.362413 0.383334 0.017658
-0.507087 -0.100352 -0.014234
-0.547627 -0.025255 0.121810
-0.385925 -0.175684 -0.037964
-0.279725 -0.209460 0.104469
-0.236554 -0.295325 -0.110951
-0.276539 -0.258203 0.078860
-0.259595 -0.291567 -0.249691
-0.263205 -0.241882 0.188560
-0.271420 -0.256037 -0.328252
-0.336484 -0.176253 0.216443
-0.356880 -0.219710 -0.417538
-0.444234 -0.123469 0.284757
-0.491622 -0.119150 -0.439678
-0.567687 -0.043386 0.236692
-0.577674 -0.028426 -0.432443
-0.639722 0.070253 0.250169
-0.661312 0.103255 -0.461329
-0.688793 0.186191 0.154470
-0.656036 0.189709 -0.613950
-0.701426 0.236585 0.153597
-0.724703 0.225512 -0.528284
-0.777600 0.264120 0.119108
-0.820197 0.196716 -0.649696
-0.812036 0.210036 0.254802
-0.844496 0.277486 -0.571823
-0.723556 0.309111 0.228208
-0.709462 0.295404 -0.570192
-0.562109 0.435575 0.176439
-0.494700 0.404140 -0.365252
-0.433500 0.441904 -0.030132
-0.364962 0.427869 -0.132025
-0.279987 0.416853 -0.080906
-0.464589 -0.158472 -0.154911
-0.442015 -0.107720 0.009438
-0.334366 -0.247377 -0.023490
-0.223705 -0.297607 0.075465
-0.172777 -0.390562 -0.077779
-0.189655 -0.335897 0.145645
-0.158375 -0.379028 -0.223295
-0.131819 -0.319145 0.163348
-0.116977 -0.345034 -0.265442
-0.161336 -0.240111 0.233766
-0.150165 -0.299135 -0.387117
-0.203087 -0.174946 0.239589
-0.217858 -0.201663 -0.454381
-0.275541 -0.052980 0.234690
-0.302701 -0.029954 -0.486186
-0.356236 0.073624 0.209756
-0.386813 0.082571 -0.559921
-0.455566 0.218567 0.206798
-0.488490 0.211083 -0.561919
-0.513127 0.296880 0.133427
-0.510620 0.207053 -0.490591
-0.530764 0.271837 0.230119
-0.578253 0.173645 -0.446808
-0.587708 0.199386 0.240151
-0.629146 0.217645 -0.504777
-0.535218 0.263262 0.264986
-0.516767 0.265515 -0.443865
-0.420349 0.370751 0.156140
-0.348193 0.356012 -0.388052
-0.308044 0.404428 0.027183
-0.227024 0.398035 -0.091522
-0.158184 0.379625 -0.002064
-0.538513 0.003971 -0.022855
-0.590179 0.083995 0.187733
-0.426967 -0.052824 -0.041721
-0.293170 -0.133508 0.199643
-0.196666 -0.250657 -0.071764
-0.180955 -0.245263 0.109464
-0.110992 -0.318000 -0.129956
-0.076923 -0.253545 0.118100
-0.027272 -0.286217 -0.208366
-0.019368 -0.179136 0.129117
0.045352 -0.254871 -0.336644
0.055528 -0.134515 0.147890
0.090642 -0.173361 -0.433084
0.057336 -0.037570 0.154558
0.074284 -0.002971 -0.501564
0.034030 0.098976 0.110340
-0.053392 0.135397 -0.518119
-0.190401 0.222047 0.094518
-0.275550 0.252471 -0.499784
-0.329078 0.298258 0.056835
-0.343553 0.242793 -0.330372
-0.367472 0.241124 0.003148
-0.316755 0.192930 -0.310449
-0.304282 0.188002 0.226573
-0.338707 0.224503 -0.492885
-0.271362 0.289490 0.222945
-0.268775 0.324119 -0.532785
-0.237329 0.420478 0.143016
-0.224298 0.414380 -0.325219
-0.170541 0.437709 -0.050593
-0.101047 0.392896 -0.074276
-0.061112 0.379978 -0.128387
-0.553875 -0.058892 -0.120347
-0.579249 0.015122 0.072550
-0.473017 -0.126951 -0.004440
-0.357543 -0.220037 0.159337
-0.257275 -0.327754 -0.006988
-0.204497 -0.322878 0.119258
-0.106086 -0.375690 -0.064098
-0.038330 -0.328370 0.051113
0.055270 -0.336245 -0.114429
0.121303 -0.246855 0.047348
0.228765 -0.287652 -0.257543
0.300355 -0.195356 -0.008780
0.395160 -0.200626 -0.454809
0.425045 -0.038211 0.019642
0.512670 0.005993 -0.530613
0.487214 0.112722 0.004331
0.421291 0.139864 -0.542721
0.233131 0.230692 -0.001948
0.028051 0.264265 -0.404695
-0.136314 0.285813 0.017849
-0.244847 0.212960 -0.233516
-0.292107 0.209526 0.042617
-0.291439 0.173957 -0.227085
-0.237456 0.156653 0.178780
-0.204477 0.183300 -0.474907
-0.161428 0.238026 0.300830
-0.164883 0.274730 -0.515835
-0.157673 0.349646 0.168921
-0.132397 0.347345 -0.380876
-0.095792 0.373711 -0.010516
-0.026697 0.336380 -0.127407
-0.003269 0.331921 -0.036447
-0.628318 0.022278 -0.073892
-0.705421 0.108985 0.177252
-0.567824 -0.022170 -0.003087
-0.429884 -0.108807 0.192208
-0.334159 -0.257708 0.022372
-0.261104 -0.288138 0.099264
-0.134778 -0.358978 -0.008412
0.011665 -0.317486 0.031825
0.234688 -0.335322 -0.118834
0.445183 -0.234329 -0.039960
0.659451 -0.257040 -0.279129
0.788387 -0.199624 -0.098516
0.897921 -0.181282 -0.447439
0.942253 -0.046243 -0.090781
1.032623 -0.018249 -0.486383
1.073161 0.065535 -0.205008
0.995489 0.137248 -0.457446
0.713614 0.238684 -0.138847
0.376217 0.233210 -0.318141
0.128769 0.251769 -0.093287
-0.109061 0.219739 -0.160650
-0.242148 0.177606 -0.066021
-0.287397 0.182387 -0.182197
-0.300072 0.169855 0.097934
-0.294866 0.246995 -0.320371
-0.253577 0.276498 0.119736
-0.184848 0.342957 -0.349056
-0.158280 0.381653 0.101071
-0.125913 0.386256 -0.234046
-0.078122 0.359000 -0.040028
-0.020083 0.301982 -0.035275
-0.009673 0.270892 -0.122345
-0.599700 -0.068544 -0.124006
-0.667506 0.007642 0.109699
-0.571082 -0.088405 0.029356
-0.467443 -0.162083 0.151683
-0.372050 -0.238852 0.061781
-0.312615 -0.278455 0.119385
-0.187772 -0.310366 -0.005847
0.051364 -0.295458 -0.018722
0.376803 -0.285180 -0.124258
0.663163 -0.240366 -0.123827
0.928218 -0.243362 -0.275089
1.111203 -0.200858 -0.236581
1.311344 -0.154699 -0.409377
1.353400 -0.059943 -0.240045
1.451073 -0.012880 -0.448755
1.377487 0.065810 -0.279034
1.369696 0.128157 -0.400269
1.106905 0.212298 -0.295469
0.818393 0.265978 -0.272421
0.301382 0.293885 -0.070381
-0.064872 0.234517 -0.108228
-0.330902 0.228614 -0.022673
-0.383802 0.193145 -0.063808
-0.410378 0.189010 0.109047
-0.396803 0.244089 -0.130732
-0.361394 0.272006 0.197399
-0.312649 0.298439 -0.132288
-0.272829 0.332953 0.165122
-0.202081 0.305281 -0.108635
-0.148586 0.298360 0.084239
-0.051249 0.272124 0.044387
0.007078 0.211689 0.054810
-0.556142 -0.015700 -0.029294
-0.656527 0.050986 0.221214
-0.564359 0.025898 0.054368
-0.470727 -0.025531 0.228420
-0.356684 -0.137182 0.068448
-0.267778 -0.174517 0.139068
-0.084213 -0.227002 -0.009234
0.185711 -0.217054 -0.031633
0.526346 -0.251410 -0.158609
0.805947 -0.218499 -0.144958
1.050247 -0.223621 -0.303083
1.200301 -0.191527 -0.214748
1.368392 -0.151299 -0.372687
1.443692 -0.090529 -0.287559
1.504107 -0.036834 -0.378338
1.485952 0.051188 -0.314329
1.412201 0.124078 -0.268814
1.177262 0.224766 -0.255665
0.799387 0.219744 -0.107605
0.329727 0.235465 -0.133584
-0.083775 0.182766 0.087553
-0.308440 0.164085 -0.068563
-0.401898 0.171937 0.083167
-0.442556 0.189490 0.004250
-0.473070 0.261930 0.046112
-0.449358 0.277443 0.020991
-0.415940 0.316577 -0.015266
-0.362763 0.347231 0.043685
-0.291879 0.298657 0.013091
-0.176158 0.271899 -0.073864
-0.079958 0.195009 0.074068
0.021133 0.162769 -0.153263
-0.234450 -0.095332 -0.007469
-0.334159 -0.000016 0.155519
-0.312658 -0.026635 0.102683
-0.256258 -0.050327 0.223570
-0.124808 -0.104217 0.102268
-0.012732 -0.102747 0.194721
0.131144 -0.173390 0.066077
0.281514 -0.134177 0.056040
0.515803 -0.186877 -0.109381
0.732095 -0.167479 -0.122949
0.951151 -0.194064 -0.246741
1.091694 -0.144410 -0.188181
1.268209 -0.093422 -0.307680
1.314479 -0.041850 -0.232054
1.444893 0.019609 -0.345831
1.383738 0.092100 -0.255604
1.273862 0.174435 -0.261225
0.896789 0.229463 -0.188059
0.552002 0.242986 -0.142956
0.025511 0.270808 -0.062651
-0.190967 0.209459 0.000820
-0.320609 0.215453 -0.009537
-0.306544 0.190867 0.037769
-0.314192 0.208791 0.024773
-0.317638 0.250396 0.045338
-0.332011 0.267984 0.092817
-0.310670 0.287735 0.056228
-0.292061 0.282662 0.103090
-0.232853 0.306205 0.108527
-0.151262 0.252867 0.154693
-0.076916 0.216238 0.208619
0.060834 0.168060 0.100833
