0.448728 -0.971196 -1.060501
0.136637 -0.542866 -0.336222
-0.092426 -0.677288 0.331316
0.263067 0.445086 -0.973436
0.213475 -0.833793 1.061831
0.416999 0.924323 -0.904320
0.127998 -0.387126 0.641616
0.163667 0.801406 0.046414
0.333934 0.287341 -0.323427
0.079835 0.797435 -0.070198
0.195167 0.279517 0.854668
0.403257 0.025319 0.302570
0.185448 0.486200 1.038809
0.466506 -0.330470 1.558074
0.228791 0.658254 0.753355
0.750530 -1.421823 -0.808983
0.231871 -1.055557 -0.886635
-0.011907 -0.770588 0.053442
0.170417 0.357098 -0.531550
-0.136914 0.367919 -0.802140
0.156892 -0.502801 0.581857
0.196581 1.012016 -0.629543
0.213452 0.170413 -0.712278
0.251252 -0.335823 -0.957857
0.100708 -0.523974 1.378286
0.281844 -0.680643 1.413293
0.167103 0.670948 -0.218484
0.199178 -0.685334 1.041826
-0.759714 0.634925 -0.570164
0.214600 -0.537512 -0.332670
-0.527366 0.165540 -0.864037
0.176874 -0.143370 -0.467259
0.192408 0.418890 -1.163836
0.059001 -0.315544 -0.505417
0.160122 0.133844 -0.773879
0.143515 0.314749 -0.611105
0.264789 -0.736358 -0.285267
0.274295 0.014669 -0.960865
0.167063 -0.064452 1.208665
0.127730 0.220713 -0.632687
0.210547 0.372433 0.498515
0.274437 0.233939 0.544633
0.164543 -0.623166 1.015530
0.142015 -1.083992 -1.006741
0.016576 -0.345225 -0.528253
0.014007 -0.567976 -0.377040
-0.600964 -0.761722 0.710115
0.198990 0.189880 0.989192
0.038326 0.098902 -0.532103
0.582841 -0.779092 1.565225
0.329044 -0.302855 0.357798
0.242508 0.178774 -0.579784
0.340183 0.388025 0.297374
-0.016108 -0.205079 1.402381
0.110315 -0.451728 0.913542
0.181972 -0.568108 0.979157
0.779136 -0.856034 -1.082056
0.255300 0.647672 0.257081
-0.529313 0.560118 -0.823008
0.198786 0.303906 -0.648954
0.002487 -0.262813 -0.664900
0.201095 0.588815 -0.736076
-0.207343 -0.457103 0.535616
0.161647 -0.638527 0.414457
0.025051 -0.632277 -0.228084
0.282656 -0.745067 -1.094173
0.056475 0.158902 0.534410
0.214532 -0.387017 1.130632
0.203106 0.951185 0.542830
-0.071162 0.173671 1.308308
0.156668 0.687430 0.028046
0.251992 0.070926 -0.525389
0.017410 -0.259163 0.681997
0.180906 -0.495110 1.226354
0.835819 0.535239 -1.160531
0.384151 -0.172319 -0.027815
0.106726 -0.380403 0.930624
0.148118 -0.416020 -0.408433
0.086443 -0.456540 0.831804
0.456249 0.260107 -0.122549
0.220363 -0.796335 -0.116289
-0.202618 -0.311628 0.630661
0.855080 0.225881 -1.221391
-0.200931 0.079637 1.200726
0.217436 -1.119588 -0.458062
0.195724 -0.370217 -0.763666
0.070699 -0.868612 -0.350390
-0.075365 -0.465314 -0.483522
-0.045868 0.698874 -0.278863
0.569169 -0.380163 -0.973196
-0.446614 -0.636617 0.907378
0.259601 -0.484890 0.250814
0.355798 0.240036 1.380017
0.059618 -0.266047 0.588235
0.099231 -0.241270 0.724942
0.301486 -0.288984 1.340994
-0.115183 -0.734825 0.225131
0.463223 0.147942 -1.279050
0.203372 -0.753713 0.254966
0.156072 -0.548871 -0.710715
-0.082661 -0.034427 0.556024
0.242277 0.774214 -0.062182
0.240368 -0.713989 -0.930048
0.275193 -0.594742 1.434999
0.214922 -0.553066 -0.865217
0.098364 0.547130 -1.173542
-0.087627 0.742039 -0.125154
0.247704 0.266908 -0.594325
0.140485 -0.144794 0.593623
0.283503 -0.033500 -0.951305
-0.146129 0.729861 0.197056
0.192645 -0.844477 -0.777853
0.197901 -0.474126 0.893061
0.397360 0.012991 0.060766
0.317064 -0.525313 -0.097558
-0.436966 -0.447801 -0.831655
-0.006164 -0.797523 1.257657
0.107869 0.014900 -0.599995
0.471482 0.389101 -1.206929
-0.063834 0.421490 -0.607906
-0.058907 -0.539187 0.532443
0.113273 -0.463439 0.578274
0.486522 -1.359446 -0.965205
-0.021458 0.578451 -0.336301
0.359249 0.007902 -0.024682
0.267324 0.638030 0.001072
-0.073638 0.033566 -0.589248
0.202656 0.443631 0.817669
-0.001179 -1.144569 -0.374305
-0.154642 -0.109558 -0.531572
0.043407 0.147281 -0.725252
0.039582 -1.249075 -0.753356
0.096263 0.449266 -0.590635
0.063986 0.750554 0.100868
-0.159194 -0.788234 -0.935950
0.240416 -0.621827 1.182202
0.422983 0.260291 0.054116
0.018543 0.380052 0.495161
0.069273 -0.586821 -0.391903
0.238303 0.783924 -0.641965
0.520261 -0.785567 -1.161667
-0.134760 0.223754 -0.570558
0.006834 -0.614076 1.152255
0.141955 -0.043124 -0.596775
0.153829 -0.311698 1.155091
0.286544 -0.365044 0.417053
-0.055623 -0.328255 -0.488036
0.059117 -0.328231 1.046906
-0.143137 0.538574 0.410244
0.106839 0.709795 -0.243601
0.273259 -0.291538 -0.185444
0.261392 0.654748 -0.959056
0.187913 0.098155 -0.581644
0.241571 -0.486220 -1.004391
-0.028306 -0.662365 -1.149535
0.149006 -0.338375 0.747706
0.362701 0.422529 -0.038428
-0.101701 0.581064 -0.511349
0.985936 -1.324099 -0.921827
0.083600 -0.079237 1.067992
-0.593444 -0.546387 -0.730157
0.707358 0.190323 -1.204783
0.376462 -0.003627 -0.288405
0.120323 -0.101355 0.754928
0.205173 0.115953 -0.675034
0.066363 0.418730 -0.549679
0.243483 -0.610103 -0.160881
0.460608 0.101117 -0.355173
-0.150553 -0.167971 -0.130222
0.253646 -0.900327 -0.499968
0.292644 0.367096 0.150335
0.002289 0.211177 0.682231
0.146840 -0.133304 1.388499
0.216738 0.735386 -0.067649
0.070611 -0.168670 -0.905462
0.273043 0.615771 0.322637
0.192003 0.410017 -0.395150
0.128943 -0.401485 -0.514077
0.193171 -0.775212 0.052454
0.156168 -0.299803 0.712477
0.168956 0.672911 -0.152387
0.164252 0.577597 -0.373979
0.266165 0.491664 -0.407937
0.297015 0.394184 -1.076961
0.374371 -0.288380 0.113840
0.332658 -0.602888 0.085065
0.743536 0.873769 -0.991062
-0.482191 0.315234 -0.893942
0.079640 -0.527901 0.709029
0.236788 0.064800 -0.862605
0.065912 -0.119630 -1.131795
0.322826 -0.076328 -0.426997
0.399966 -1.298692 -0.759170
0.141394 0.225292 -1.052880
-0.014191 0.459700 1.104652
0.327233 -0.162114 0.324451
0.076883 -0.766656 -0.436104
0.116776 -0.895488 0.253330
-0.054624 -0.765769 0.018625
0.473555 0.241778 -1.201050
0.162144 0.356129 0.408149
0.190416 1.039342 -0.382311
0.330744 0.223200 0.244615
0.024911 -0.093818 0.661084
0.162798 -1.108313 -0.646285
0.171704 0.716114 0.631254
-0.071367 -0.007665 -0.617843
0.234916 0.032391 0.485450
0.053184 -0.369470 0.641717
0.312166 -0.899787 -0.682476
0.174688 0.775902 -0.596549
0.356441 0.327961 -0.206604
0.125214 0.441429 -0.655613
0.140444 0.125366 0.570975
0.065840 0.571092 0.760814
0.046212 -0.683835 -0.313095
0.324091 0.031816 -0.568125
0.099782 0.066489 -0.720002
0.155561 -0.081927 -0.660091
0.162168 0.609725 0.160305
-0.333268 -0.096271 -0.990031
0.099479 0.683745 0.430254
-0.486886 -0.083704 -0.886761
0.071378 -0.561309 0.859031
-0.150836 -0.159645 1.238247
0.291030 -0.224885 0.576172
0.269059 -1.131421 -0.294871
-0.347166 -0.273217 -0.939212
0.601880 -0.849703 1.410591
0.360232 -1.301919 -0.649259
0.111800 0.535591 -0.228109
0.282638 -0.467537 -1.112603
-0.071730 -0.767559 -0.097133
0.101678 -0.288794 -0.476557
0.177955 -0.625618 -0.688069
-0.001746 0.146576 -0.590202
0.031661 -0.483509 0.543679
0.229718 0.576128 0.366294
-0.153745 -0.429798 -0.347587
-0.169111 0.398261 -0.499271
0.226558 0.163222 -0.924483
-0.085361 -0.447836 0.614174
0.232669 -0.953062 0.119804
0.205627 0.607728 0.044153
-0.387076 -0.843088 -0.698628
0.157250 0.080739 1.087763
-0.462211 0.617379 0.853289
0.330593 -0.326518 -0.001501
0.240290 -0.333023 -0.342833
-0.492779 -1.041494 -0.394647
-0.031662 -1.063667 -0.813068
0.036761 -0.853812 -0.102049
0.178808 -0.936957 -0.234722
0.082875 0.744821 0.100085
0.143579 0.780282 -0.946681
0.031270 -0.407435 0.634456
0.052104 -0.728895 -0.041543
0.072268 -0.725743 0.329595
0.050379 -0.615406 -0.371559
0.088883 -0.525798 0.532991
0.063148 -0.478262 -0.464116
0.093772 -0.381674 0.603368
0.079730 -0.467711 -0.509457
0.062510 -0.381146 0.583149
-0.126535 -0.584272 -0.381309
-0.213417 -0.510331 0.549868
-0.512329 -0.604411 -0.380654
-0.747554 -0.403367 0.550220
-1.126414 -0.443781 -0.459467
-1.174707 -0.258666 0.429601
-1.207978 -0.205463 -0.528355
-1.264352 0.000188 0.449718
-1.328424 0.007339 -0.565382
-1.338544 0.230823 0.430361
-1.216364 0.224196 -0.661796
-1.182487 0.452842 0.467014
-1.120188 0.519756 -0.606682
-1.009002 0.725480 0.356494
-0.778500 0.726949 -0.569312
-0.584577 0.810450 0.384451
-0.276768 0.692520 -0.476884
-0.022388 0.644888 0.290182
0.103083 0.417972 -0.618874
0.211425 0.316410 0.419005
0.196378 0.266668 -0.467837
0.321681 0.240458 0.231157
0.340095 0.292514 -0.418065
0.351720 0.370768 0.033992
0.005053 -0.758523 -0.124610
0.025027 -0.858657 0.120133
0.047607 -0.788854 -0.282977
0.098812 -0.684068 0.424138
0.118701 -0.675999 -0.433554
0.126898 -0.559404 0.555892
0.139070 -0.639335 -0.310328
0.093930 -0.591261 0.514983
-0.020495 -0.687741 -0.279845
-0.237973 -0.671028 0.407155
-0.518360 -0.717593 -0.198194
-0.822797 -0.538014 0.365206
-1.065973 -0.461482 -0.222734
-1.286297 -0.213157 0.327662
-1.428782 -0.267228 -0.290392
-1.513847 -0.041040 0.207405
-1.473058 -0.084366 -0.421114
-1.507430 0.186879 0.279886
-1.487912 0.213760 -0.471473
-1.479043 0.444011 0.268860
-1.358237 0.418881 -0.559016
-1.315526 0.639075 0.260342
-1.155428 0.691778 -0.505254
-0.966482 0.783568 0.303667
-0.493403 0.679163 -0.651277
-0.211291 0.580731 0.385349
-0.012296 0.468866 -0.489901
0.087513 0.278804 0.477406
0.065376 0.191225 -0.669854
0.115592 0.188524 0.636917
-0.092386 0.135407 -0.156440
0.256589 0.165450 0.345382
0.133629 -0.894509 0.052335
0.096243 -0.932983 0.280092
0.124460 -0.777817 -0.315096
0.123630 -0.734315 0.524053
0.090270 -0.730281 -0.286876
0.072224 -0.649339 0.471964
0.076857 -0.732910 -0.211929
-0.027516 -0.711848 0.473404
-0.199125 -0.770574 0.050822
-0.571919 -0.759598 0.308185
-0.897329 -0.625994 0.086595
-1.156033 -0.506692 0.153956
-1.373463 -0.339347 0.105325
-1.463602 -0.199005 0.003731
-1.538968 -0.076228 -0.080288
-1.607456 0.068003 0.002851
-1.667333 0.165343 -0.025920
-1.640097 0.290392 -0.063078
-1.615917 0.393491 -0.126460
-1.508815 0.564608 -0.079850
-1.502041 0.596976 -0.109362
-1.352785 0.776940 -0.099393
-1.183925 0.731947 -0.232010
-0.881612 0.905899 -0.099156
-0.505566 0.837469 -0.377803
-0.126629 0.717371 0.048081
0.087522 0.566402 -0.609034
0.199427 0.457701 0.338887
0.170483 0.394730 -0.532171
0.229181 0.380197 0.377700
0.243622 0.426194 -0.470389
0.356498 0.426711 0.050761
0.119298 -0.853535 -0.082624
0.114847 -0.890670 0.198477
0.124977 -0.894419 -0.124032
0.134618 -0.828605 0.401641
0.076442 -0.865443 -0.172876
0.032384 -0.777956 0.469553
-0.022342 -0.848928 -0.036603
-0.119498 -0.799588 0.333153
-0.300202 -0.765773 -0.073441
-0.585650 -0.744051 0.239264
-0.788338 -0.616989 -0.069038
-1.032842 -0.464235 0.154722
-1.221821 -0.358984 -0.077674
-1.394063 -0.203588 0.123340
-1.476213 -0.171903 -0.162501
-1.548534 -0.065164 0.046932
-1.557397 0.011593 -0.233341
-1.592488 0.210340 0.084885
-1.596830 0.278507 -0.244912
-1.545359 0.483036 0.018099
-1.473589 0.519476 -0.350181
-1.391829 0.711642 0.044167
-1.211270 0.735120 -0.323684
-1.027638 0.881196 -0.001205
-0.632760 0.780416 -0.488047
-0.225378 0.678851 0.091428
0.071071 0.562626 -0.521241
0.198506 0.456554 0.405456
0.208496 0.359321 -0.658959
0.227409 0.357685 0.503788
0.261955 0.449571 -0.372706
0.311846 0.489160 0.163368
0.201695 -1.025834 0.141216
0.189402 -0.967605 0.518283
0.204312 -0.977771 -0.062409
0.185637 -0.925407 0.478531
0.083436 -1.003011 0.046365
0.039365 -0.893875 0.358133
-0.107605 -0.969656 0.131919
-0.332992 -0.843815 0.232025
-0.598009 -0.833952 0.161784
-0.861795 -0.729493 0.069446
-1.081956 -0.565554 0.084363
-1.191371 -0.424248 0.016824
-1.370825 -0.229755 -0.071814
-1.422176 -0.157847 0.069922
-1.452703 -0.039557 -0.211354
-1.499961 0.053884 0.149123
-1.564260 0.184265 -0.258700
-1.558626 0.309665 0.142799
-1.579967 0.449680 -0.272805
-1.511937 0.571250 0.052864
-1.450991 0.630089 -0.203444
-1.293302 0.736810 -0.042188
-1.123503 0.814251 -0.124122
-0.905131 0.868921 -0.199401
-0.531715 0.848368 -0.187047
-0.079455 0.780059 -0.058498
0.188343 0.630478 -0.408466
0.298622 0.591239 0.121030
0.264817 0.498678 -0.391822
0.272608 0.497374 0.240712
0.271491 0.535655 -0.308111
0.357202 0.515174 0.106062
0.177089 -1.072159 0.086925
0.207950 -1.041472 0.326987
0.201913 -1.067616 0.128722
0.192373 -1.046242 0.356216
0.078166 -1.084391 0.143949
-0.038444 -1.087683 0.365499
-0.170650 -1.108911 0.174738
-0.408733 -0.982185 0.177540
-0.617981 -0.932060 0.108738
-0.886639 -0.694350 0.122843
-1.012778 -0.541588 -0.074120
-1.080157 -0.405208 0.230553
-1.251761 -0.308222 -0.193460
-1.301123 -0.211541 0.293839
-1.368047 -0.134081 -0.315741
-1.403907 -0.036818 0.336474
-1.468782 0.078146 -0.403745
-1.489948 0.230936 0.308950
-1.503199 0.356830 -0.418201
-1.478798 0.498768 0.189712
-1.371114 0.584471 -0.424270
-1.270342 0.723901 0.094813
-1.072027 0.757451 -0.341953
-0.915449 0.838798 0.049748
-0.519235 0.776910 -0.330512
-0.099465 0.741266 0.065001
0.224267 0.612289 -0.369106
0.254479 0.611153 0.185876
0.265114 0.503271 -0.401035
0.231738 0.526897 0.247738
0.252362 0.507297 -0.212820
0.264330 0.530287 0.071023
0.165870 -1.145494 0.294966
0.112134 -1.085717 0.513015
0.095326 -1.115777 0.124738
0.031353 -1.122412 0.484720
-0.115158 -1.183431 0.170828
-0.259560 -1.138739 0.369277
-0.428201 -1.134740 0.149559
-0.586971 -0.983627 0.290406
-0.716670 -0.869674 -0.083797
-0.799100 -0.695459 0.266311
-0.936921 -0.555394 -0.254659
-0.969262 -0.394835 0.365108
-1.126652 -0.314703 -0.408012
-1.167467 -0.174003 0.446386
-1.247321 -0.099778 -0.475873
-1.269151 0.030629 0.461582
-1.348711 0.141878 -0.541100
-1.352751 0.286395 0.436788
-1.371567 0.405936 -0.527495
-1.345397 0.531886 0.255381
-1.264052 0.605215 -0.482531
-1.105830 0.754641 0.096389
-0.959131 0.808081 -0.308579
-0.809932 0.889416 -0.042426
-0.523756 0.871499 -0.150867
-0.178586 0.890964 -0.124568
0.081180 0.768458 -0.178877
0.183836 0.769094 -0.098106
0.223295 0.645381 -0.163063
0.223825 0.628565 -0.005254
0.258597 0.569747 -0.195560
0.295554 0.566620 -0.108370
-0.050311 -1.198907 0.196809
-0.099405 -1.235524 0.339277
-0.131980 -1.227470 0.195682
-0.151720 -1.189032 0.404801
-0.260983 -1.187164 0.101432
-0.337845 -1.152244 0.404487
-0.414838 -1.154905 -0.031561
-0.497867 -1.039222 0.320991
-0.600991 -0.932867 -0.181595
-0.690518 -0.730127 0.368447
-0.796610 -0.643974 -0.383272
-0.835520 -0.448243 0.461880
-0.934270 -0.391055 -0.487697
-0.968083 -0.198400 0.541163
-1.034254 -0.160882 -0.576039
-1.085505 0.022298 0.569162
-1.171874 0.080316 -0.607641
-1.212463 0.259581 0.533960
-1.219478 0.323383 -0.587508
-1.214992 0.469217 0.415680
-1.187686 0.532896 -0.535168
-1.069690 0.680280 0.257248
-0.966398 0.709584 -0.445363
-0.831145 0.828221 0.135674
-0.566433 0.795318 -0.374739
-0.310337 0.883466 -0.031587
-0.051643 0.793620 -0.342090
0.040461 0.815289 -0.020691
0.164242 0.738119 -0.323703
0.192138 0.731982 0.060070
0.287345 0.657794 -0.233776
0.293221 0.696106 0.017744
-0.018749 -1.136646 0.317866
-0.104319 -1.117091 0.426356
-0.097572 -1.141332 0.073730
-0.154517 -1.101886 0.484116
-0.227992 -1.133214 -0.060291
-0.358988 -1.049396 0.482692
-0.421713 -1.081240 -0.207900
-0.497833 -0.933621 0.554413
-0.579837 -0.905487 -0.391410
-0.626773 -0.667543 0.552340
-0.698255 -0.672033 -0.540183
-0.751634 -0.467588 0.569143
-0.783150 -0.433336 -0.629856
-0.835829 -0.215962 0.644782
-0.862309 -0.151292 -0.675413
-0.914749 0.046857 0.639633
-0.937860 0.100824 -0.702845
-0.979792 0.262837 0.629126
-0.993597 0.309841 -0.706463
-1.001428 0.453222 0.518654
-0.959916 0.500911 -0.623294
-0.861821 0.659248 0.343112
-0.782307 0.724620 -0.409045
-0.710391 0.860834 0.093099
-0.604620 0.880412 -0.273914
-0.474777 0.971983 -0.096159
-0.302666 0.958142 -0.250099
-0.117965 1.003941 -0.153645
0.060492 0.967070 -0.195960
0.158940 0.986678 -0.143672
0.233935 0.961531 -0.194765
0.290233 1.010278 -0.325685
-0.075526 -1.193454 0.186261
-0.117249 -1.265349 0.268864
-0.105612 -1.268448 0.092866
-0.133212 -1.216753 0.461054
-0.177311 -1.211801 -0.083766
-0.260114 -1.117032 0.561334
-0.303669 -1.161200 -0.316028
-0.358544 -1.008597 0.627262
-0.453870 -1.014831 -0.479386
-0.509426 -0.818203 0.700026
-0.582670 -0.798252 -0.613451
-0.623074 -0.598082 0.705816
-0.641022 -0.546283 -0.672700
-0.728069 -0.318373 0.731242
-0.734214 -0.252223 -0.733336
-0.771858 -0.035429 0.726707
-0.793782 0.010649 -0.749926
-0.829638 0.186888 0.729184
-0.849097 0.220488 -0.799592
-0.864944 0.378146 0.649117
-0.848076 0.419472 -0.747161
-0.810480 0.577454 0.492888
-0.719593 0.631703 -0.605807
-0.685225 0.775594 0.345527
-0.575958 0.822890 -0.460631
-0.497669 0.950401 0.128787
-0.355333 0.972228 -0.361982
-0.221654 1.037637 0.061165
-0.004017 1.013263 -0.331537
0.095292 1.048884 0.007512
0.246195 0.984424 -0.238762
0.313133 1.045842 0.008440
-0.001836 -1.123456 0.281743
-0.064498 -1.103353 0.400871
-0.033729 -1.098975 0.015137
-0.124845 -1.024738 0.579653
-0.166775 -1.043496 -0.222301
-0.236252 -0.931912 0.696448
-0.283396 -1.019429 -0.465302
-0.303322 -0.860151 0.807790
-0.370481 -0.923940 -0.638154
-0.399864 -0.700805 0.801781
-0.458167 -0.744114 -0.800719
-0.513992 -0.546117 0.824872
-0.559088 -0.538831 -0.820701
-0.609784 -0.316068 0.870575
-0.623658 -0.265368 -0.846458
-0.608197 -0.048559 0.885901
-0.625465 -0.011247 -0.884205
-0.633664 0.164633 0.856130
-0.659100 0.205351 -0.894661
-0.650643 0.356712 0.789232
-0.647156 0.414798 -0.889594
-0.608099 0.566600 0.666243
-0.546268 0.630440 -0.749143
-0.536366 0.785329 0.482216
-0.489148 0.849193 -0.586790
-0.450565 0.985668 0.258279
-0.353692 1.054004 -0.422233
-0.245970 1.174108 0.089699
-0.070582 1.189426 -0.296762
0.036575 1.236554 -0.053973
0.176544 1.196318 -0.287260
0.260637 1.221038 -0.307552
-0.028246 -1.222298 0.114124
-0.049581 -1.294890 0.281612
-0.039768 -1.279480 0.005460
-0.055125 -1.185607 0.486146
-0.092344 -1.115927 -0.218747
-0.124921 -1.008417 0.689282
-0.181668 -1.068036 -0.445267
-0.137031 -0.932637 0.813481
-0.176455 -0.984122 -0.653371
-0.217659 -0.814494 0.944874
-0.277971 -0.863708 -0.850481
-0.337176 -0.641244 0.985810
-0.386886 -0.646957 -0.912095
-0.468548 -0.417250 1.023006
-0.474268 -0.402555 -0.959841
-0.488987 -0.171074 1.055437
-0.495774 -0.137509 -0.985971
-0.523759 0.052650 1.025685
-0.508416 0.081116 -1.052164
-0.515481 0.257978 0.983374
-0.470030 0.316170 -1.035363
-0.469160 0.490433 0.874975
-0.404597 0.527628 -0.968928
-0.444411 0.713841 0.730453
-0.358566 0.786038 -0.775905
-0.361656 0.950983 0.516975
-0.264730 1.035603 -0.612123
-0.212932 1.160240 0.360245
-0.044502 1.178713 -0.440648
0.021190 1.216710 0.123143
0.192718 1.187958 -0.401519
0.221481 1.260000 -0.049963
-0.002050 -1.052570 0.168149
-0.058353 -1.075813 0.264224
-0.011188 -1.046110 -0.119922
-0.032853 -0.952090 0.492655
-0.023118 -0.968921 -0.293739
-0.068659 -0.840066 0.655263
-0.066516 -0.939380 -0.510612
-0.063091 -0.777577 0.808327
-0.027716 -0.872108 -0.714813
-0.096340 -0.652915 0.920998
-0.095332 -0.770750 -0.929433
-0.145108 -0.527201 1.074268
-0.150125 -0.632699 -1.055131
-0.234256 -0.364205 1.209211
-0.236163 -0.437554 -1.104403
-0.262343 -0.145008 1.222421
-0.279564 -0.163925 -1.168625
-0.304432 0.058044 1.166075
-0.288877 0.068480 -1.176210
-0.301360 0.281519 1.094494
-0.260726 0.329607 -1.195777
-0.283858 0.535713 1.033711
-0.207732 0.555465 -1.079033
-0.243462 0.767224 0.816942
-0.176497 0.798275 -0.909580
-0.180741 0.983315 0.571494
-0.089407 1.068460 -0.643639
-0.040794 1.220650 0.309368
0.044868 1.230155 -0.403889
0.065245 1.265903 0.062213
0.110167 1.261688 -0.215766
0.157806 1.273518 -0.128916
0.005184 -1.073961 -0.068791
0.003450 -1.182351 0.084786
0.004507 -1.208492 -0.155608
0.031599 -1.128892 0.373172
0.065958 -1.103492 -0.348318
0.023730 -0.971178 0.645644
0.034973 -0.997124 -0.463092
0.050363 -0.865023 0.823963
0.089626 -0.959123 -0.649500
0.029464 -0.789132 0.962114
0.079671 -0.842830 -0.925198
0.016566 -0.622877 1.125809
0.048755 -0.699894 -1.030224
-0.037427 -0.431356 1.250974
-0.033900 -0.518093 -1.140881
-0.058063 -0.231697 1.316100
-0.085791 -0.250861 -1.165528
-0.121938 -0.033161 1.234870
-0.100901 -0.040593 -1.186451
-0.149515 0.165810 1.186406
-0.081288 0.202596 -1.189338
-0.096705 0.424627 1.078516
-0.017424 0.408336 -1.158470
-0.070328 0.669107 0.932401
0.022096 0.681949 -0.965876
0.016752 0.916277 0.721156
0.079320 0.965705 -0.800033
0.100894 1.103049 0.487039
0.147880 1.147581 -0.533865
0.126130 1.195403 0.328520
0.154591 1.190182 -0.327809
0.172767 1.221914 0.179314
0.019155 -0.940071 -0.097966
0.013835 -0.952604 0.062825
0.052434 -0.991841 -0.381912
0.065719 -0.876718 0.380986
0.095370 -0.939696 -0.427472
0.062955 -0.757885 0.629870
0.138829 -0.896214 -0.565279
0.128108 -0.699177 0.793231
0.158992 -0.824879 -0.701195
0.102746 -0.597908 0.895648
0.157530 -0.745328 -0.856179
0.092445 -0.500713 1.044068
0.125394 -0.588951 -0.939419
0.079401 -0.326083 1.153173
0.133405 -0.448666 -1.042129
0.148379 -0.167463 1.240331
0.140780 -0.211212 -1.100964
0.089841 -0.000430 1.193600
0.156437 -0.034726 -1.144469
0.089658 0.201268 1.141006
0.105378 0.221104 -1.156970
0.085533 0.457809 1.076010
0.127449 0.450745 -1.055631
0.113525 0.703404 0.885622
0.141421 0.690086 -0.917983
0.148478 0.912236 0.726686
0.178776 0.994270 -0.651917
0.190329 1.148510 0.473389
0.186341 1.163216 -0.397897
0.155480 1.188809 0.298009
0.163053 1.182442 -0.134209
0.166737 1.188040 0.098096
0.071770 -0.999984 -0.287910
0.078038 -1.050214 -0.005603
0.122489 -1.189417 -0.399454
0.125601 -1.018208 0.319384
0.216231 -1.137911 -0.516783
0.145607 -0.878992 0.622439
0.250450 -1.032157 -0.528065
0.215047 -0.760371 0.780747
0.224054 -0.994353 -0.667803
0.178717 -0.712039 0.910856
0.220640 -0.934531 -0.808428
0.182804 -0.598326 1.010529
0.185740 -0.802541 -0.968668
0.197810 -0.423422 1.156796
0.252127 -0.628706 -0.995251
0.249421 -0.229757 1.253232
0.200500 -0.354807 -1.011773
0.199714 -0.096701 1.179246
0.237420 -0.165890 -1.015446
0.183195 0.043433 1.114689
0.162222 0.046444 -1.091596
0.145609 0.272180 1.019754
0.178140 0.252946 -1.082073
0.147965 0.546063 0.925115
0.175427 0.520520 -0.912141
0.176164 0.790380 0.750942
0.205794 0.804511 -0.737077
0.211372 0.961233 0.573737
0.219775 0.974016 -0.473811
0.172917 1.045799 0.499718
0.225536 1.049962 -0.264114
0.195026 1.136521 0.275995
0.027093 -0.912247 -0.251942
0.029403 -0.839640 0.115348
0.147898 -0.992184 -0.512327
0.201535 -0.743640 0.422636
0.307568 -0.888266 -0.479398
0.251262 -0.678626 0.618417
0.368849 -0.904061 -0.547194
0.301245 -0.680051 0.739850
0.271866 -0.899233 -0.531753
0.179377 -0.647750 0.858001
0.208159 -0.823099 -0.695598
0.173535 -0.519232 0.983606
0.197851 -0.662266 -0.791799
0.185059 -0.304590 1.119039
0.258122 -0.499797 -0.877573
0.231014 -0.123801 1.120507
0.211192 -0.227140 -0.887731
0.178733 -0.061620 1.063307
0.241647 -0.031301 -1.008879
0.185585 0.039407 1.009885
0.173060 0.166675 -1.034905
0.179611 0.263263 0.952984
0.211438 0.344127 -0.985413
0.175376 0.571765 0.861747
0.189237 0.634337 -0.889577
0.208865 0.867176 0.723186
0.239013 0.810231 -0.624326
0.237159 1.043656 0.589345
0.238013 1.027296 -0.384925
0.194846 1.054108 0.459146
0.186395 1.060825 -0.018509
0.171083 1.107964 0.311800
0.165321 -1.060817 -0.319286
0.171978 -1.027706 -0.011567
0.339365 -1.282838 -0.456116
0.306506 -0.963454 0.272105
0.591606 -1.261005 -0.643619
0.427508 -0.810150 0.670022
0.665244 -1.117026 -0.526908
0.520354 -0.783541 0.795384
0.497561 -1.036102 -0.487915
0.348424 -0.762015 0.912167
0.405557 -0.939043 -0.637045
0.323600 -0.644094 1.002898
0.327995 -0.808618 -0.753718
0.246728 -0.443298 1.136896
0.280542 -0.623248 -0.863727
0.211855 -0.218287 1.160137
0.199442 -0.321581 -0.856871
0.157098 -0.115365 1.182409
0.254186 -0.174668 -0.932248
0.209532 -0.108121 1.028947
0.245379 -0.037374 -0.960910
0.183411 0.125697 1.028242
0.269160 0.172443 -1.050854
0.229156 0.465254 0.912152
0.274299 0.392183 -0.937173
0.289294 0.739528 0.785492
0.286678 0.641075 -0.731449
0.264810 0.878233 0.639271
0.235522 0.785748 -0.527350
0.186669 0.911148 0.580765
0.198914 0.868325 -0.200388
0.224903 0.977933 0.340884
0.004333 -0.865135 -0.321156
-0.060711 -0.650464 0.322709
0.292852 -0.952583 -0.744736
0.240157 -0.466995 0.819729
0.539570 -0.959631 -0.734167
0.460562 -0.504839 0.946815
0.797152 -0.951200 -0.625863
0.812606 -0.558306 1.049644
0.665687 -0.915712 -0.624828
0.530910 -0.571310 1.061141
0.620406 -0.859119 -0.928272
0.688503 -0.409950 1.245354
0.605016 -0.674079 -1.099447
0.495082 -0.247202 1.275673
0.507585 -0.451891 -1.208827
0.543068 -0.002245 1.425469
0.473343 -0.104224 -1.272461
0.413541 0.063982 1.337349
0.463249 0.013331 -1.464900
0.471285 0.097004 1.347597
0.446024 0.240622 -1.424713
0.342419 0.265978 1.172781
0.397464 0.431675 -1.283316
0.436524 0.644314 1.075513
0.392444 0.592312 -0.985056
0.452846 0.899405 0.912531
0.415532 0.711500 -0.670827
0.465664 0.997099 0.798427
0.307474 0.842165 -0.339981
0.269442 0.958760 0.635256
0.234940 0.946563 -0.041842
0.253310 0.978372 0.408938
0.130993 -1.028289 -0.289050
0.098253 -0.838566 0.204972
0.480815 -1.328641 -0.552832
0.395347 -0.772762 0.408318
0.875999 -1.333170 -0.863106
0.699055 -0.607406 0.930541
1.039840 -1.311707 -0.529340
1.423402 -0.696948 1.026062
1.364759 -1.188203 -0.492112
1.413424 -0.621140 1.175388
1.110649 -1.072961 -0.658489
1.398528 -0.547210 1.159467
1.034762 -0.906255 -0.962060
1.051715 -0.288402 1.345767
0.853435 -0.650349 -1.022461
1.016579 -0.117980 1.200686
0.868387 -0.287649 -1.053252
0.819394 0.005081 1.312817
0.853425 -0.107955 -1.262034
0.894298 0.099030 1.146386
1.026098 0.122978 -1.148464
0.673354 0.145018 1.243304
0.724604 0.141652 -1.326768
0.670479 0.667563 1.079662
0.555191 0.364164 -1.029437
0.671901 0.859715 0.977884
0.416263 0.548522 -0.633982
0.610341 0.919783 0.871342
0.296238 0.666595 -0.319728
0.280795 0.862705 0.840815
0.218796 0.818447 0.040000
0.229432 0.864757 0.463154
-0.111025 -0.852139 -0.031836
-0.112896 -0.538186 0.536194
0.184113 -0.959447 -0.247028
0.050951 -0.285098 0.927308
0.084819 -0.688156 0.178468
0.175391 -0.363678 0.855551
-0.054395 -0.769154 0.729761
0.751216 -0.570863 1.009499
0.222390 -0.865522 0.508283
0.985111 -0.491499 1.018994
0.111366 -0.806675 0.638044
1.019930 -0.428486 1.273642
0.326481 -0.779288 -0.151281
0.806723 -0.237415 1.202424
0.173497 -0.502394 -0.063510
0.477668 -0.010859 1.275903
0.139708 -0.331562 -0.686372
0.184861 -0.101424 0.928376
0.040345 -0.072617 -0.617088
0.066473 0.062148 0.977742
0.187599 -0.152734 -1.105033
0.131482 0.095703 0.801639
0.130158 0.423606 -0.348417
0.424711 0.720938 0.912642
0.395232 0.454622 -0.477178
0.803691 0.902099 0.932418
0.476504 0.687104 0.107247
0.845796 0.971526 0.882520
0.384630 0.785048 0.296290
0.438501 0.913100 0.820379
0.262664 0.768338 0.478412
0.235046 0.891061 0.645241
-0.114775 -1.024495 0.191677
-0.139130 -0.839352 0.512559
0.076005 -1.100686 0.020156
0.016704 -0.639799 0.562973
0.217478 -0.833360 0.164420
0.266403 -0.455200 1.022935
0.202841 -0.885714 0.790743
1.121562 -0.728728 1.064254
0.623639 -0.925012 1.188910
1.138618 -0.729802 1.325335
0.390194 -1.013734 0.967655
1.300386 -0.649764 1.153630
0.389542 -0.754273 0.878488
0.942979 -0.404274 1.456951
0.171791 -0.601630 0.571172
0.623361 -0.208107 1.221732
0.084853 -0.216049 0.516255
0.297845 -0.007465 1.096234
-0.137660 -0.051095 0.156605
0.104330 0.095897 0.607614
-0.122464 0.111898 0.097244
-0.013948 0.240262 0.718011
-0.161253 -0.000934 -0.097691
0.254294 0.688319 0.622989
0.077207 0.448421 0.295315
0.439925 0.879427 0.699414
0.078393 0.567822 0.415232
0.536611 0.822298 0.747853
0.250176 0.681881 0.480310
0.361802 0.828539 0.837527
0.207630 0.830425 0.563361
0.237430 0.784646 0.653318
-0.103484 -0.909295 0.303919
-0.024521 -0.640695 0.775850
0.211785 -0.708416 0.365687
0.209987 -0.371071 0.952934
0.304605 -0.333189 0.900776
0.559931 -0.315071 1.116360
0.449037 -0.596223 1.163572
0.825596 -0.691234 1.136417
0.464553 -0.724323 1.124386
1.020124 -0.673447 0.997363
0.418390 -0.794630 1.084869
0.931409 -0.618168 1.119557
0.250673 -0.653657 1.231765
0.701795 -0.475143 1.054247
0.225932 -0.439959 0.811668
0.341516 -0.195148 0.973511
0.034483 -0.170626 0.594145
0.090997 -0.038271 0.601864
-0.140582 -0.078533 0.213758
-0.175250 0.117394 0.491072
-0.185485 0.199252 0.416355
-0.087982 0.479021 0.457958
-0.113936 0.447991 0.545771
0.147574 0.807161 0.642322
0.155960 0.735562 0.889443
0.583222 0.928611 0.665433
0.303087 0.731239 0.848130
0.555613 0.861336 0.765349
0.327699 0.771202 0.752296
0.409455 0.820076 0.726893
0.259974 0.824848 0.635157
0.176763 0.761742 0.505581
-0.101904 -0.864001 0.400652
-0.257116 -0.740807 0.734177
-0.081752 -0.780367 0.524282
-0.148734 -0.529773 0.918176
-0.001772 -0.466792 0.653503
-0.048665 -0.234263 1.041366
0.072880 -0.438305 1.053107
0.165009 -0.523408 1.026096
0.211553 -0.623734 1.049503
0.243491 -0.604115 1.196126
0.271464 -0.672794 1.097843
0.220267 -0.553458 1.060471
0.159918 -0.537894 1.051688
0.199140 -0.414880 1.160001
0.226418 -0.373043 1.076001
0.179249 -0.201476 0.972076
0.157806 -0.163368 0.817747
0.094068 -0.089680 0.892788
-0.032385 -0.035923 0.565500
-0.118526 0.037599 0.512838
-0.090646 0.123809 0.403854
-0.122209 0.283599 0.478746
-0.062248 0.353016 0.421586
0.062555 0.590422 0.469737
0.141271 0.565359 0.524421
0.162562 0.705443 0.636953
0.100969 0.632080 0.683907
0.194112 0.699901 0.647594
0.242554 0.671316 0.642288
0.253926 0.704446 0.723038
0.178354 0.702335 0.639811
0.142917 0.680168 0.478763
