1.731339 -0.793846 -1.342227
1.233305 -0.519272 -0.514511
1.482476 -0.863570 0.166432
0.849509 1.024466 -1.078519
1.302109 -1.032804 0.738382
1.665958 1.451428 -0.559975
0.806369 -0.064146 0.927611
0.857264 1.440904 0.260323
1.606170 0.953734 -0.583219
0.883465 1.516270 0.038827
0.538322 0.748166 1.020805
0.863752 0.385397 0.331907
0.146958 0.862320 1.162673
1.342160 -0.006614 1.069397
0.557137 1.164140 0.938207
1.696620 -1.370198 -0.753449
1.008337 -0.736979 -1.109736
1.793854 -1.295303 -0.034529
0.376005 1.444289 -0.727156
-0.339237 0.686588 -1.323071
1.668726 -0.832407 0.137917
1.477241 1.382105 -0.132874
1.598610 0.532193 -0.738312
0.403418 -0.070898 -1.652509
0.564487 -0.250868 1.331620
1.524816 -0.508693 1.078778
0.066348 1.583389 -0.393621
1.786070 -1.328312 0.610223
-0.974004 0.972278 -0.442922
0.948882 -0.604646 -0.315213
-0.904490 0.156596 -1.351982
0.751331 -0.030311 -1.064414
1.334496 0.615179 -1.025987
1.151507 -0.328132 -0.815252
1.600627 0.118617 -0.908957
1.614848 0.505054 -0.733960
1.712632 -0.978385 -0.463371
1.110086 0.240294 -0.997564
1.597241 0.373192 0.716887
0.567233 0.802100 -1.349954
0.521281 0.703856 0.660591
0.900876 0.742335 0.630071
0.866594 -0.774094 0.945487
0.422988 -0.581766 -1.520427
0.384769 0.051234 -1.296061
0.679039 -0.770511 -0.909844
-0.700713 -0.946747 0.815282
1.729360 0.657991 1.010324
0.036928 0.603723 -1.250902
1.736946 -0.431192 1.379521
1.799470 -1.007885 0.312907
0.875868 0.430559 -0.158324
0.974352 0.857013 0.356271
0.215460 -0.047967 1.377914
0.466183 -0.426165 1.152797
1.878370 -0.698515 0.604263
1.658924 -0.416630 -1.418632
1.158620 1.212565 0.272844
-0.970109 0.662486 -0.925521
1.703549 0.493527 -0.471190
-0.553799 -0.002979 -1.297267
0.296879 1.026804 -1.199853
-0.355771 -1.295301 0.376085
0.725583 -1.150250 0.419049
0.186615 -1.058338 -0.942391
0.978352 -0.403987 -1.469640
-0.020608 0.910540 1.036444
0.836742 -0.076967 1.115679
0.667398 1.462911 0.715958
-0.495621 0.473500 1.262614
1.298553 1.091264 0.196070
1.536144 0.111358 -0.441011
-0.555939 -0.002897 1.108864
1.767517 -0.511862 0.965028
1.668668 0.884523 -1.571684
0.904034 -0.286597 -0.503233
1.423712 -0.171409 0.672631
1.002184 -0.515188 -0.633077
1.006377 -0.533304 0.717704
0.992789 0.960411 -0.163782
0.831665 -1.092323 -0.320871
-0.677880 -0.633448 1.024679
1.597362 0.226855 -0.946594
-1.148475 0.100905 0.940659
0.970717 -1.012956 -0.675744
0.534270 -0.189812 -1.287153
1.222757 -0.777029 -0.618586
1.429149 -0.368217 -0.735851
-0.212672 1.383242 -0.581660
1.542536 -0.051274 -1.121121
-1.014642 -0.434760 0.954242
1.754503 -0.470993 0.053340
0.555332 0.702676 1.158676
-0.123691 0.039552 1.189934
1.571191 0.304836 0.517233
1.564506 0.043383 0.929394
0.457839 -1.338016 0.099311
1.411151 0.255323 -1.530895
0.921801 -0.533327 0.023518
0.063679 -0.486973 -1.340008
-0.587455 0.367300 0.951064
0.511744 1.543213 0.215116
1.400833 -0.548401 -0.982095
0.894562 -0.620152 1.174272
1.111728 -0.098369 -1.172176
1.150474 0.938195 -1.121630
-0.128271 1.474832 0.007997
0.492624 1.153057 -1.068126
1.050831 -0.100442 0.628010
0.945245 0.076501 -1.334009
-0.634395 1.452996 0.043347
0.948784 -0.482948 -0.990087
1.560726 -0.785999 0.680921
1.220971 0.327264 0.238917
1.718048 -0.612525 -0.437157
-0.940192 -0.098833 -0.959425
0.643803 -0.967410 1.306093
1.400535 0.197695 -0.713367
1.589262 0.530205 -1.255007
-0.675834 0.818938 -1.017775
1.226991 -0.918398 0.224317
0.971219 -0.750949 0.544318
0.850041 -0.866429 -1.460852
1.099107 0.693837 -0.401632
1.342664 -0.040411 -0.180620
1.290203 1.093702 -0.200623
0.972886 0.221601 -0.883515
1.155216 0.984960 0.780210
1.342942 -1.065452 -0.551692
-0.932883 0.152486 -0.887812
1.266781 0.480781 -0.683471
0.393868 -1.027626 -1.192134
0.032731 1.231718 -0.871885
1.531178 1.416938 0.456513
-0.331941 -0.486518 -1.437850
1.313808 -0.646302 0.946150
1.347452 0.605984 0.205344
0.235136 1.205334 0.884101
-0.205264 -0.606616 -1.157834
0.754377 1.331370 -0.792579
1.538456 -0.531358 -1.905339
-0.224765 0.808096 -1.032847
-0.362411 -0.508689 1.234168
0.624388 0.313752 -1.209873
1.161114 0.158366 0.823181
1.054637 -0.510131 0.091324
-0.489742 -0.223444 -1.186065
-0.052658 -0.283588 1.186078
-0.624041 1.180619 0.479053
1.023891 1.200079 -0.403430
1.662310 -0.325149 -0.653127
1.746292 1.075588 -0.849707
0.930108 0.287647 -0.635816
0.927497 -0.140094 -1.746535
-0.023431 -0.261609 -1.537241
0.583770 0.208444 1.017457
1.136517 0.653430 0.048502
-0.580811 1.267621 -0.581587
1.637338 -1.092573 -1.228004
-0.055563 0.330206 1.230940
-1.157077 -0.384175 -1.017741
1.628582 0.080198 -1.912804
1.552658 0.409273 -0.451340
1.028700 0.348074 0.656766
1.084917 0.559997 -0.876602
1.470756 0.800308 -0.539156
1.312170 -0.505943 -0.406177
0.897372 0.601463 -0.568503
1.375779 0.404603 -0.081710
0.139329 -0.745945 -1.178951
1.675046 0.580743 0.109184
-0.300641 0.651930 1.055816
0.564517 0.235418 1.241806
1.207629 1.147977 -0.017133
1.380821 0.007985 -1.077355
1.009711 1.196139 0.647547
1.670235 0.850756 -0.373011
1.712210 -0.243591 -1.069576
0.668487 -1.399002 -0.366607
1.127226 -0.439337 0.537120
1.755822 1.324269 -0.305431
0.745883 1.304052 -0.576655
1.163671 0.849971 -0.345011
1.736971 0.612099 -0.924983
0.756051 -0.219897 0.476529
1.218980 -0.590371 -0.263748
1.528837 1.195586 -1.077793
-0.661175 0.425477 -1.165438
1.447302 -0.230889 0.522814
0.568755 0.240554 -1.421503
0.243108 0.531056 -1.568653
1.155125 0.275991 -0.512009
1.407238 -0.808259 -0.916577
0.843606 0.631117 -1.469856
-0.833628 0.406241 1.140526
1.214941 0.182034 0.345576
1.623916 -0.594754 -0.785443
1.182661 -0.869970 -0.171530
-0.248620 -1.323271 -0.394161
1.702633 0.241859 -1.308958
1.720729 0.824647 0.578238
0.687092 1.513612 -0.376554
1.585728 1.049205 0.204204
0.320330 0.396526 1.110976
1.643142 -1.099868 -0.837728
1.803667 1.371575 0.773088
-0.301742 0.251483 -1.247240
1.291627 0.478590 0.530978
0.026414 -0.663434 1.182875
1.715684 -0.708845 -0.905123
1.338594 1.220983 -0.675293
1.312823 0.753650 -0.193739
1.286697 0.853210 -0.850333
1.297062 0.667405 0.703768
-0.581927 0.904383 0.942044
-0.242696 -0.902857 -1.080282
0.320724 0.689732 -1.069391
1.242753 0.178761 -0.956401
0.130754 0.256349 -1.455913
1.845925 1.004962 0.494719
-0.268449 0.114778 -1.509587
-0.247591 1.195264 0.775988
-1.270766 0.279173 -0.938631
0.625488 -1.148016 0.850702
-0.846055 -0.155780 1.266011
1.536030 -0.349941 0.330733
0.455838 -1.274217 -0.695236
-0.842522 -0.265537 -1.435535
1.855799 -1.053081 1.178513
0.845221 -1.137606 -1.048712
1.556567 0.859358 0.098209
1.580610 -0.066541 -1.439767
-0.700564 -1.034729 -0.663305
-0.105200 -0.157677 -1.278427
0.599974 -0.630637 -1.189045
1.235273 -0.059313 -0.688686
0.010031 -1.251145 0.776957
0.704751 1.117397 0.530481
-0.557901 -0.553107 -0.950534
-0.372739 0.893040 -0.780005
0.919111 0.548110 -1.073341
-0.311979 -0.909193 0.942722
0.971928 -1.182817 -0.094218
1.754820 1.600368 0.184262
-0.787903 -0.566986 -1.143494
0.843869 0.609893 0.923821
-1.022601 0.741363 0.778530
1.500006 -0.416251 -0.137353
0.490381 -0.460101 -1.192474
-0.932447 -0.813335 -0.836221
-0.553746 -0.808491 -1.138803
1.696000 -1.014499 -0.476132
-0.442916 -1.138438 -0.877732
0.132390 1.549542 0.538581
0.971488 1.091505 -0.770175
0.407291 -0.852272 0.934668
-0.474453 -1.230759 0.024792
-0.565231 -1.173802 0.581726
-0.591167 -1.154114 -0.286702
-0.583561 -1.022334 0.933786
-0.786848 -1.169375 0.005399
-0.750348 -0.900909 0.859700
-0.707396 -0.932237 -0.377917
-0.736966 -0.598556 1.132532
-0.995491 -0.775695 -0.096159
-0.987734 -0.509300 0.865855
-0.971263 -0.593975 -0.325619
-0.957670 -0.277675 1.181537
-1.168699 -0.446833 0.036151
-1.164710 -0.236253 0.885482
-1.174063 -0.315057 0.150365
-1.165630 -0.059538 1.270962
-1.297089 -0.112293 0.515714
-1.306415 0.120560 0.996557
-1.238793 0.124957 0.182299
-1.210315 0.328112 1.311108
-1.323937 0.278609 0.390841
-1.297678 0.436077 0.917467
-1.209866 0.458003 -0.236948
-1.095546 0.577232 1.109465
-1.163312 0.612632 0.107522
-1.037518 0.675507 0.851799
-0.886347 0.795825 -0.346608
-0.737114 0.804435 1.016298
-0.785556 1.013477 0.066812
-0.636313 1.008680 0.681541
-0.437425 1.216813 -0.051878
-0.298790 1.152087 0.382053
-0.752914 -1.253701 0.036715
-0.571342 -1.248505 0.582219
-0.718958 -1.355921 0.389756
-0.748165 -1.239824 0.902114
-0.893653 -1.247627 -0.041231
-0.905538 -0.977371 1.084893
-1.054793 -1.191407 0.269403
-1.015751 -0.905362 0.910071
-1.056297 -1.032874 -0.118456
-1.094065 -0.589021 1.070703
-1.232083 -0.818726 0.290788
-1.201520 -0.507780 0.979302
-1.289192 -0.646817 0.281775
-1.369630 -0.327006 1.348859
-1.523334 -0.486022 0.874949
-1.505025 -0.294443 1.165999
-1.438492 -0.309641 0.669804
-1.510363 -0.005080 1.437764
-1.553713 -0.069836 1.019512
-1.494292 0.080864 1.171444
-1.446000 0.151651 0.407159
-1.452569 0.274087 1.405356
-1.408825 0.331242 0.725165
-1.363440 0.340324 1.029711
-1.232199 0.536139 0.104188
-1.162040 0.475579 1.126788
-1.079187 0.661474 0.544463
-0.957531 0.562228 0.944131
-0.810253 0.906768 0.047588
-0.762517 0.683631 1.060574
-0.569041 0.772243 0.924603
-0.327991 0.777180 1.067838
-0.820683 -0.999239 0.581322
-0.812843 -1.248747 0.471214
-1.127891 -1.286879 0.406374
-1.081394 -1.209387 0.779171
-1.352234 -1.184815 0.683768
-1.126415 -0.965404 0.581120
-1.321310 -0.969819 0.420325
-1.230881 -0.760440 0.724631
-1.471303 -0.829338 0.727514
-1.255476 -0.536649 0.474514
-1.405245 -0.611163 0.598177
-1.334630 -0.396338 0.904238
-1.653321 -0.434850 0.995557
-1.643880 -0.265517 0.864014
-1.926685 -0.242887 0.958954
-1.957901 -0.064659 1.245748
-2.160463 0.030382 1.259529
-1.958103 0.247880 1.083129
-2.041392 0.343379 0.873611
-1.829439 0.470386 1.207388
-1.920291 0.416409 0.966158
-1.702082 0.571450 0.681226
-1.651883 0.633608 0.130353
-1.402054 0.649298 0.762384
-1.386774 0.609402 0.491261
-1.200389 0.600153 0.420369
-1.113070 0.893566 0.030793
-0.966417 0.908187 0.619251
-0.987888 1.106557 0.387590
-0.781172 1.075672 0.597910
-0.730906 1.149148 0.241708
-0.507662 1.138920 0.244011
-1.142227 -1.151877 0.134167
-1.174083 -1.346205 0.545404
-1.328428 -1.411217 0.489502
-1.293825 -1.369740 0.780491
-1.400501 -1.371448 0.120855
-1.399071 -1.187624 1.047856
-1.555526 -1.282550 0.494858
-1.485442 -1.074906 0.749416
-1.374902 -1.064051 0.037866
-1.358574 -0.730939 0.999119
-1.467052 -0.778759 0.577199
-1.540595 -0.636890 0.917452
-1.606619 -0.628972 0.569612
-1.826020 -0.485602 1.371293
-1.863907 -0.421564 1.061665
-1.952724 -0.289823 1.278823
-1.823213 -0.127881 0.943418
-1.898260 0.000852 1.560189
-1.797509 0.145325 1.171552
-1.768728 0.207777 1.274222
-1.561837 0.373010 0.417231
-1.569731 0.437950 1.278992
-1.477246 0.555856 0.550138
-1.462862 0.548386 0.895917
-1.255747 0.693026 -0.013841
-1.188461 0.683194 0.960973
-1.095906 0.758254 0.299601
-0.975070 0.795107 0.759979
-0.822833 1.043323 0.042881
-0.724586 0.921176 0.974955
-0.606997 0.995187 0.452771
-0.469509 0.976631 0.868787
-0.921956 -1.133741 0.517265
-0.926039 -1.287813 0.616479
-1.115394 -1.389356 0.420920
-1.164653 -1.291307 0.969672
-1.382113 -1.420766 0.675579
-1.340988 -1.163887 0.719184
-1.352866 -1.105296 0.161356
-1.252451 -0.920122 1.028889
-1.234486 -0.998571 0.571672
-1.209524 -0.715738 0.746703
-1.174535 -0.627021 0.440315
-1.453833 -0.458866 1.282377
-1.619129 -0.419440 0.813048
-1.971993 -0.267421 1.365337
-1.957655 -0.113730 0.789673
-2.243231 0.043441 1.652574
-2.169217 0.149366 0.937923
-2.312282 0.258583 1.486229
-2.116490 0.484203 0.687415
-2.088539 0.508014 1.290051
-1.901188 0.654394 0.718517
-1.721418 0.630103 0.961516
-1.541639 0.823202 0.232158
-1.501391 0.872646 0.641273
-1.317122 0.894334 0.508648
-1.303473 1.002427 0.505081
-1.167125 1.158255 0.228197
-1.169764 1.193324 0.469675
-1.014153 1.282583 0.453671
-0.899994 1.262853 0.840134
-0.839673 1.307956 0.647298
-0.712590 1.270457 0.671748
-0.930997 -1.326838 0.336914
-0.972735 -1.525918 0.646060
-1.169841 -1.618912 0.557533
-1.262895 -1.582450 1.050634
-1.256519 -1.576153 0.049321
-1.288146 -1.320590 1.543884
-1.403129 -1.479725 0.307098
-1.395416 -1.277906 1.216317
-1.211133 -1.388840 -0.244265
-1.292100 -0.895484 1.562930
-1.291816 -0.946682 0.436599
-1.516954 -0.668961 1.303690
-1.475790 -0.694744 0.439686
-1.842559 -0.404053 1.756475
-1.745324 -0.404959 0.685777
-2.003091 -0.148602 1.672632
-1.789828 -0.035952 0.643489
-2.001282 0.178297 1.787715
-1.820083 0.350923 0.618779
-1.834010 0.408865 1.400051
-1.516915 0.588176 0.186276
-1.544079 0.602779 1.242804
-1.439209 0.792966 0.227021
-1.460778 0.827462 0.768193
-1.265254 0.927300 0.037354
-1.196236 0.976555 0.734865
-1.128496 1.057042 0.237949
-1.125607 1.085251 0.485600
-0.989642 1.138205 0.077236
-0.862036 1.033399 0.627567
-0.772414 0.951801 0.489534
-0.654893 1.021930 0.800870
-0.735933 -1.177470 0.520799
-0.818944 -1.326293 0.933965
-0.927278 -1.460053 0.166202
-0.979340 -1.324686 1.493521
-1.086558 -1.248604 0.091769
-1.146068 -1.114481 1.323189
-1.078850 -1.318775 -0.544800
-1.169583 -1.035062 1.980040
-1.149747 -1.062391 -0.122615
-1.202774 -0.747762 1.349483
-1.149838 -0.788846 -0.034565
-1.481558 -0.559784 1.689541
-1.599213 -0.523988 0.284441
-1.865140 -0.208759 1.560774
-1.778732 -0.217455 0.145616
-2.029955 0.017601 1.813746
-1.869134 0.014604 0.330229
-1.993970 0.297252 1.565359
-1.829846 0.398370 -0.094562
-1.843107 0.500210 1.513525
-1.715325 0.714981 -0.057097
-1.582395 0.797898 1.119740
-1.419412 1.004823 -0.482297
-1.382435 1.105481 1.005711
-1.360980 1.330785 -0.054979
-1.326170 1.496932 0.752949
-1.172422 1.675386 -0.297290
-1.164341 1.683561 0.891043
-1.179650 1.792063 0.376397
-1.066412 1.713760 0.802527
-0.976968 1.598477 0.511842
-0.813649 1.433510 0.528979
-0.659606 -1.263294 0.409891
-0.686886 -1.429806 0.890926
-0.857854 -1.584294 0.435625
-0.901649 -1.469276 1.395525
-0.866900 -1.589595 -0.455822
-0.916903 -1.272767 2.124132
-0.987288 -1.453466 -0.373363
-1.064732 -1.223100 1.877203
-0.975207 -1.533705 -0.991285
-1.089011 -0.949246 2.283178
-1.105125 -1.038512 -0.447564
-1.323739 -0.666895 1.633817
-1.386367 -0.757764 -0.436964
-1.593746 -0.267528 1.883983
-1.483422 -0.337399 -0.265998
-1.666762 -0.026290 1.717793
-1.482385 0.040910 -0.308834
-1.619268 0.342734 1.782469
-1.449135 0.486905 -0.404239
-1.524299 0.588898 1.594206
-1.281606 0.786975 -0.746418
-1.258889 0.836260 1.617952
-1.283718 1.019255 -0.554444
-1.259767 1.116872 1.282862
-1.073756 1.344837 -0.608618
-1.060676 1.403514 1.301131
-1.175615 1.309702 -0.290801
-1.091670 1.385288 0.882346
-0.922785 1.384293 -0.319558
-0.850370 1.267208 0.786037
-0.770812 1.070771 0.288561
-0.687722 1.072707 0.721568
-0.483924 -1.127700 0.642335
-0.524432 -1.190703 0.902592
-0.603534 -1.358388 0.260331
-0.664481 -1.182810 1.353915
-0.786570 -1.216168 0.105557
-0.825111 -1.006970 1.321956
-0.794315 -1.242440 -0.389700
-0.929475 -0.935932 1.866675
-1.031156 -1.033538 -0.237686
-1.037163 -0.721223 1.409112
-0.975931 -0.797529 -0.354141
-1.220990 -0.460643 1.555889
-1.380075 -0.518746 -0.242243
-1.575567 -0.193176 1.406189
-1.441699 -0.164227 -0.281879
-1.533324 0.161431 1.470418
-1.471490 0.239922 -0.252475
-1.571214 0.476800 1.452870
-1.429432 0.663671 -0.430550
-1.412376 0.676598 1.228574
-1.295538 0.966790 -0.275408
-1.223957 1.038539 1.355858
-1.076963 1.357063 -0.597474
-1.157320 1.415834 1.090463
-1.074850 1.620213 -0.260408
-1.071861 1.866232 1.704608
-1.050915 2.111559 -0.349922
-1.094615 2.085019 1.210146
-1.003949 2.122474 0.452538
-0.949917 1.965598 1.356406
-0.842240 1.897395 0.898946
-0.769757 1.655872 1.003851
-0.379656 -1.243670 0.504756
-0.325441 -1.330022 0.813588
-0.434406 -1.426950 0.490057
-0.478206 -1.371710 1.222976
-0.473084 -1.463120 -0.192459
-0.563237 -1.292163 1.887734
-0.682280 -1.342790 -0.354481
-0.766686 -1.164046 1.813946
-0.835395 -1.360148 -0.792868
-0.929784 -1.012134 2.230774
-0.967248 -1.000672 -0.662715
-1.094888 -0.683800 1.783260
-1.142105 -0.761428 -0.781870
-1.315359 -0.360971 1.957542
-1.264010 -0.348279 -0.739380
-1.330523 -0.017819 1.667595
-1.212673 0.098903 -0.700302
-1.238211 0.376560 1.879267
-1.121347 0.602763 -0.686155
-1.169303 0.674145 1.537748
-1.025015 0.878971 -0.848415
-0.982886 0.925910 1.620749
-1.038287 1.189905 -0.573403
-1.031495 1.286367 1.285507
-0.929119 1.452252 -0.626791
-0.900241 1.524768 1.473271
-0.935649 1.493434 -0.183371
-1.060770 1.483734 1.076481
-0.855571 1.495680 -0.023012
-0.825702 1.439342 0.913351
-0.634852 1.251192 0.461574
-0.567943 1.248074 0.965108
-0.218522 -1.205124 0.574118
-0.253265 -1.218857 0.898355
-0.367990 -1.334188 0.118690
-0.393735 -1.168230 1.410526
-0.499401 -1.217738 -0.174383
-0.550974 -0.978275 1.413058
-0.575161 -1.197642 -0.797351
-0.696903 -0.903712 2.028225
-0.796446 -1.025481 -0.919790
-0.846825 -0.715501 1.789329
-0.773565 -0.786190 -1.127799
-0.893910 -0.490258 2.073141
-0.927422 -0.494952 -1.183619
-1.073599 -0.153023 1.702734
-1.078606 -0.160307 -1.254470
-1.167316 0.171558 1.993674
-1.049658 0.324679 -1.172510
-1.076832 0.652791 1.787736
-1.072422 0.805908 -1.343802
-1.057710 0.961088 1.929312
-0.994763 1.152543 -1.185678
-0.905074 1.244852 1.702736
-0.884778 1.576845 -1.559083
-0.812501 1.619868 2.182322
-0.827617 1.764595 -1.153165
-0.812278 1.920209 1.970941
-0.769055 2.119330 -0.905739
-0.756112 2.044613 1.966203
-0.738945 2.108147 0.175335
-0.758226 1.946398 1.452449
-0.654526 1.802517 0.735622
-0.549125 1.608579 0.865039
-0.214915 -1.302549 0.423482
-0.163976 -1.348711 0.789143
-0.205884 -1.439751 0.299036
-0.261313 -1.310058 1.241041
-0.326636 -1.400588 -0.463915
-0.354190 -1.175732 1.850140
-0.420223 -1.257654 -0.727629
-0.486866 -1.018048 1.813520
-0.548605 -1.283299 -1.256124
-0.589678 -0.886841 2.407879
-0.530431 -0.928566 -1.321670
-0.613280 -0.631775 2.124523
-0.620542 -0.711126 -1.644995
-0.714017 -0.335890 2.415251
-0.601616 -0.297050 -1.628764
-0.691315 -0.013454 2.143323
-0.683736 0.174045 -1.685290
-0.742121 0.443043 2.351046
-0.633686 0.749785 -1.558031
-0.657070 0.777486 2.082510
-0.548013 1.148950 -1.687911
-0.564546 1.135786 2.303509
-0.651859 1.344696 -1.230922
-0.626066 1.362846 1.986936
-0.519880 1.622966 -1.336280
-0.466963 1.612456 1.971076
-0.547890 1.547546 -0.645803
-0.570559 1.561305 1.615119
-0.556434 1.631747 -0.283794
-0.579242 1.550263 1.291018
-0.506296 1.498053 0.304300
-0.525838 1.397438 0.840246
-0.090811 -1.253344 0.565688
-0.117050 -1.197272 0.778632
-0.163812 -1.343924 0.155948
-0.225509 -1.175242 1.105951
-0.286823 -1.220636 -0.167762
-0.369381 -0.973979 1.081399
-0.349966 -1.107512 -0.658900
-0.486145 -0.826359 1.632543
-0.531695 -0.934285 -0.952133
-0.575267 -0.657157 1.501705
-0.518262 -0.699610 -1.167658
-0.642784 -0.412147 1.728641
-0.658399 -0.393359 -1.247919
-0.743287 -0.151823 1.432134
-0.687259 -0.067009 -1.460264
-0.759174 0.191936 1.516363
-0.773052 0.390810 -1.290918
-0.867004 0.585185 1.483028
-0.779399 0.851250 -1.359396
-0.752582 0.903833 1.325095
-0.682806 1.196983 -0.993887
-0.642242 1.204043 1.664290
-0.551820 1.581918 -1.342044
-0.547061 1.538481 1.662787
-0.475820 1.702009 -0.901972
-0.417834 1.735306 2.212410
-0.378530 1.811880 -0.754902
-0.437233 1.769579 1.925030
-0.483297 1.912995 -0.166765
-0.505069 1.788329 1.414781
-0.455201 1.907619 0.585597
-0.433078 1.686979 0.930591
-0.064674 -1.349962 0.385562
0.012664 -1.332547 0.628335
0.006475 -1.394933 0.346492
-0.056691 -1.264660 0.935303
-0.069089 -1.368817 -0.251171
-0.202050 -1.187760 1.346828
-0.234660 -1.225028 -0.588900
-0.267930 -0.966546 1.328586
-0.274579 -1.192338 -0.984659
-0.345975 -0.867992 1.788483
-0.349723 -0.817497 -1.195948
-0.409034 -0.558134 1.674462
-0.388251 -0.616342 -1.470412
-0.457750 -0.356117 1.997910
-0.399028 -0.231862 -1.434042
-0.550053 -0.024600 1.574559
-0.536687 0.164910 -1.371820
-0.644606 0.339825 1.755707
-0.607909 0.598392 -1.105580
-0.711687 0.692630 1.205453
-0.593476 0.887859 -1.088797
-0.542365 0.935117 1.468222
-0.549936 1.205659 -0.773787
-0.594773 1.218568 1.107063
-0.453791 1.339126 -0.871474
-0.427509 1.236159 1.239989
-0.441199 1.324939 -0.361811
-0.499436 1.265054 1.234808
-0.440868 1.449285 -0.257962
-0.485445 1.350593 1.114854
-0.465889 1.439879 0.235191
-0.391570 1.357293 0.840678
0.041139 -1.272350 0.439357
0.063715 -1.214762 0.714953
0.061973 -1.317508 -0.060962
0.062087 -1.166981 0.933094
0.016438 -1.224834 -0.383386
-0.101066 -0.988757 0.945341
-0.064665 -1.086426 -0.862136
-0.132243 -0.836016 1.288556
-0.147095 -0.912030 -1.134756
-0.207386 -0.632011 1.350278
-0.177838 -0.696931 -1.395094
-0.242888 -0.396641 1.486485
-0.293002 -0.388673 -1.494380
-0.364922 -0.197087 1.320748
-0.306400 -0.113546 -1.525680
-0.414505 0.083493 1.406071
-0.446916 0.296899 -1.399116
-0.589329 0.445360 1.256614
-0.597936 0.671764 -1.438607
-0.601863 0.754115 1.390517
-0.571827 0.992150 -1.169746
-0.509074 1.053364 1.153083
-0.478065 1.326493 -1.428363
-0.369251 1.347057 1.594317
-0.367837 1.478748 -1.166647
-0.360678 1.453249 1.311292
-0.326905 1.644484 -1.011391
-0.277177 1.505397 1.355957
-0.303995 1.687309 -0.179351
-0.317947 1.579824 1.130784
-0.311977 1.658407 0.319862
-0.243211 1.492635 0.552774
0.109287 -1.311821 0.264313
0.187541 -1.278482 0.551000
0.253770 -1.347506 0.106825
0.249164 -1.189870 0.854676
0.255878 -1.263166 -0.498050
0.139519 -1.046081 1.112303
0.136453 -1.152544 -0.686523
0.069679 -0.886599 1.067437
0.043200 -1.115694 -1.121169
0.034359 -0.727121 1.343847
0.062080 -0.783630 -1.284678
-0.023591 -0.425638 1.369197
-0.096994 -0.555350 -1.547919
-0.154815 -0.264675 1.559326
-0.149692 -0.258307 -1.559319
-0.241287 -0.018073 1.440918
-0.297603 0.102643 -1.610438
-0.410065 0.261395 1.494904
-0.517954 0.432285 -1.392950
-0.509124 0.553227 1.299906
-0.478419 0.811098 -1.452396
-0.447510 0.901759 1.534812
-0.491710 0.989588 -1.238137
-0.384795 1.069231 1.204853
-0.291718 1.266822 -1.312725
-0.249218 1.227742 1.139380
-0.300339 1.189953 -0.851876
-0.289789 1.208100 0.974853
-0.268696 1.345020 -0.440521
-0.305051 1.269143 0.817461
-0.299717 1.421167 -0.047403
-0.231123 1.284584 0.513677
0.266641 -1.260856 0.402023
0.329354 -1.191393 0.612120
0.398467 -1.293498 -0.039467
0.440029 -1.128441 0.777648
0.434853 -1.230518 -0.386890
0.435926 -1.004428 0.837563
0.489879 -1.065233 -0.780654
0.446087 -0.844122 1.075819
0.415449 -0.954050 -1.066736
0.368334 -0.645809 1.181179
0.316143 -0.669731 -1.332986
0.266199 -0.335053 1.288733
0.138144 -0.362186 -1.488193
0.075416 -0.132795 1.294877
0.063844 -0.111042 -1.519739
0.004950 0.089791 1.248338
-0.037063 0.230294 -1.473626
-0.216490 0.347360 1.245694
-0.284579 0.468455 -1.402225
-0.393411 0.576934 1.150614
-0.380027 0.754218 -1.211468
-0.439550 0.871246 1.187514
-0.403392 1.099042 -1.178052
-0.404780 1.149720 1.024092
-0.277155 1.316868 -0.896774
-0.229062 1.340425 1.161387
-0.176866 1.411021 -0.810462
-0.216493 1.372703 0.896876
-0.193217 1.499234 -0.474599
-0.161783 1.455611 0.625805
-0.096071 1.563943 0.058635
-0.064470 1.472126 0.301060
0.353169 -1.273804 0.232671
0.473188 -1.235996 0.444168
0.571521 -1.325781 0.100809
0.645563 -1.207027 0.725336
0.731186 -1.310064 -0.284421
0.715454 -1.107168 0.947668
0.862805 -1.161042 -0.656468
0.840203 -0.972527 0.926658
0.803798 -1.095787 -0.916178
0.709527 -0.792723 1.071100
0.796370 -0.780510 -1.138110
0.780614 -0.477855 1.065676
0.664760 -0.580689 -1.165905
0.540209 -0.277180 1.212533
0.500842 -0.342944 -1.400193
0.497218 -0.065905 1.201916
0.477945 -0.060422 -1.360664
0.265375 0.204588 1.200612
0.197000 0.256321 -1.450859
0.163196 0.476045 1.168520
0.111740 0.531262 -1.316582
-0.071251 0.742978 1.207848
-0.183341 0.870239 -1.251063
-0.136793 1.052666 1.058113
-0.079235 1.095801 -0.946573
-0.045244 1.207708 0.847297
-0.076168 1.220241 -0.788239
-0.023262 1.283623 0.711471
-0.017380 1.355891 -0.461713
-0.020682 1.421669 0.576583
-0.011505 1.481130 -0.017017
0.050168 1.392881 0.358248
0.467134 -1.233093 0.296705
0.585119 -1.205912 0.667943
0.732810 -1.265088 -0.102531
0.824901 -1.152923 0.715463
0.955799 -1.267088 -0.312978
0.991511 -1.083756 0.808069
1.176377 -1.163702 -0.699896
1.222602 -0.949202 0.881897
1.337875 -1.054051 -0.812704
1.124264 -0.765094 1.006171
1.215575 -0.839232 -1.119004
1.212151 -0.491386 0.947412
1.177203 -0.525000 -1.038675
0.963145 -0.253866 1.047921
0.971198 -0.301079 -1.227749
1.056771 -0.028020 0.919659
1.034248 -0.033902 -1.162901
0.742543 0.229082 1.109674
0.741169 0.213243 -1.279999
0.777411 0.504115 1.070528
0.726473 0.504142 -1.159878
0.424604 0.738337 1.154433
0.330327 0.869723 -1.159989
0.329502 1.097440 0.964163
0.304073 1.180882 -0.842120
0.289328 1.320220 0.806532
0.337728 1.368623 -0.784430
0.331459 1.438480 0.667136
0.272901 1.454807 -0.443976
0.326902 1.503996 0.399028
0.392116 1.533658 -0.160698
0.365911 1.477582 0.046706
0.565310 -1.244629 0.205021
0.785432 -1.249169 0.395314
0.987517 -1.326624 0.025158
1.085863 -1.257562 0.646850
1.221161 -1.315972 -0.396192
1.303273 -1.242801 0.835906
1.617189 -1.309758 -0.426298
1.590682 -1.133905 0.776531
1.634096 -1.178144 -0.784691
1.533695 -0.978079 0.989243
1.721134 -0.910431 -0.804312
1.642705 -0.643118 0.812083
1.506584 -0.665258 -0.963682
1.365294 -0.431529 0.956833
1.465776 -0.396742 -0.809821
1.439794 -0.123147 0.690619
1.304454 -0.160017 -0.959799
1.264237 0.168795 0.815728
1.398743 0.178836 -0.739258
1.403915 0.518785 0.766623
1.328450 0.459740 -0.978748
1.220953 0.786746 0.915168
1.272573 0.808079 -0.840267
1.230372 1.119813 0.728089
1.008413 1.102519 -0.735781
0.893622 1.357425 0.658189
0.834635 1.307624 -0.543768
0.760477 1.453524 0.519706
0.601050 1.403600 -0.468602
0.520226 1.457963 0.375554
0.542222 1.521881 -0.113689
0.572947 1.430862 0.113984
0.730324 -1.222627 0.263162
1.021722 -1.276229 0.453510
1.184462 -1.329227 0.017713
1.380089 -1.190008 0.537382
1.521586 -1.283786 -0.096228
1.769258 -1.201708 0.403647
1.810672 -1.152788 -0.195747
1.920239 -0.994448 0.536179
1.880723 -0.956118 -0.457761
1.946358 -0.806468 0.358469
1.855438 -0.714124 -0.444490
1.909671 -0.542324 0.488743
1.810946 -0.496448 -0.605708
1.789547 -0.299829 0.338762
1.649372 -0.248511 -0.486659
1.652424 -0.005238 0.368713
1.619598 -0.000339 -0.497918
1.696269 0.330878 0.330875
1.681402 0.361553 -0.384199
1.709718 0.628378 0.553365
1.713356 0.565170 -0.584169
1.736099 0.848175 0.483564
1.711645 0.939815 -0.396437
1.664989 1.249957 0.622055
1.601051 1.292788 -0.575780
1.560440 1.559167 0.500174
1.489945 1.593154 -0.355473
1.332054 1.619329 0.383936
1.187307 1.522357 -0.382090
1.152840 1.553933 0.083524
1.023364 1.612569 -0.112758
0.829047 1.490689 -0.002148
0.896954 -1.270096 0.214893
1.123342 -1.283149 0.291000
1.391600 -1.298052 0.178476
1.549376 -1.289708 0.396237
1.768581 -1.359469 0.114974
1.805533 -1.412732 0.617197
2.007157 -1.347180 -0.073794
2.036901 -1.321321 0.517142
2.058063 -1.164404 0.008537
1.975234 -1.094812 0.736153
2.029041 -0.883260 -0.221206
2.024602 -0.809457 0.562123
1.945182 -0.616999 -0.043711
1.812916 -0.498016 0.651331
1.792246 -0.348070 -0.196914
1.762833 -0.167977 0.431319
1.722530 -0.011419 0.007616
1.607388 0.211132 0.479728
1.708296 0.291861 -0.140167
1.701520 0.477199 0.435798
1.754731 0.544292 -0.028971
1.588116 0.743753 0.576557
1.698978 0.811332 -0.124115
1.633437 1.084012 0.509106
1.586014 1.199823 0.009814
1.322337 1.427879 0.516790
1.366561 1.428999 -0.137318
1.239713 1.503861 0.365569
1.098423 1.437486 -0.075319
0.962772 1.429076 0.193501
0.883860 1.448026 0.070485
0.762758 1.391690 0.190731
0.744651 -1.356777 0.096901
1.093052 -1.341324 0.197846
1.197340 -1.223229 -0.164829
1.434110 -1.217819 0.264733
1.501970 -1.222485 -0.071070
1.840348 -1.205593 0.157137
1.801574 -1.085604 -0.301316
1.987342 -1.019334 0.224352
1.863824 -0.879384 -0.128436
1.974970 -0.779646 0.116609
1.811946 -0.633759 -0.336036
1.899504 -0.570951 0.164685
1.749519 -0.409629 -0.130898
1.829285 -0.274118 0.111353
1.665141 -0.151121 -0.258728
1.720867 0.067646 0.143980
1.626554 0.198311 -0.081868
1.724908 0.389003 0.072681
1.648899 0.460515 -0.230924
1.763178 0.644338 0.189239
1.737779 0.628425 -0.078967
1.916871 0.823346 0.100909
1.787825 0.916659 -0.252412
1.851499 1.205782 0.235899
1.757945 1.207231 -0.077719
1.876869 1.546051 0.096322
1.700888 1.484569 -0.222698
1.628645 1.613544 0.052751
1.442532 1.424349 -0.020299
1.364110 1.517590 -0.097256
1.132340 1.418361 -0.286442
0.877711 1.383071 -0.337708
0.897826 -1.273813 0.278145
0.961040 -1.361111 0.563696
1.334712 -1.296260 0.345557
1.367880 -1.247402 0.689343
1.685271 -1.251787 0.196432
1.693823 -1.237184 0.671326
1.958030 -1.104567 0.178305
1.862693 -1.006587 0.431707
1.870186 -0.852194 0.138565
1.754889 -0.797663 0.615311
1.864119 -0.615670 0.227114
1.762223 -0.516687 0.411162
1.707911 -0.382911 0.128467
1.626450 -0.302873 0.536315
1.679370 -0.151326 0.236052
1.602091 0.013521 0.358356
1.611172 0.150768 0.131535
1.516987 0.280091 0.398201
1.639824 0.380396 0.242401
1.598011 0.477808 0.290492
1.691989 0.568906 0.156161
1.629339 0.647415 0.402792
1.784615 0.813392 0.181775
1.682274 0.993947 0.295754
1.718309 1.155028 0.151401
1.603407 1.277168 0.363707
1.713625 1.364240 0.197607
1.531133 1.398980 0.203562
1.439346 1.440328 0.145099
1.202968 1.351192 0.253316
1.090394 1.373816 0.004061
0.803913 1.242203 -0.012968
