0.661114 -0.074302 -0.441254
0.580120 0.066923 -0.301436
0.542902 0.093923 0.019810
0.308724 0.261205 0.008497
0.329069 -0.255661 -0.153901
0.641213 0.555203 0.117482
0.239023 0.101348 0.074176
0.161006 0.296297 -0.297066
0.594583 0.397290 0.013228
0.319221 0.302101 0.153569
0.079344 0.263703 0.283265
0.350677 0.074021 0.124129
-0.219717 0.546766 0.663339
0.463867 0.001236 0.271783
-0.035127 0.450456 0.328574
0.480715 -0.090678 0.114634
0.058798 -0.208411 -0.418683
0.602765 -0.213200 0.323263
0.406830 0.107063 -0.098453
-0.445840 0.683403 -0.587453
0.565604 -0.280501 -0.239616
0.611540 0.379799 0.248332
0.561919 0.474313 -0.202362
-0.221038 0.251023 -0.673735
0.083404 -0.153619 0.481203
0.650558 0.111014 0.229496
-0.268900 0.779626 0.062624
0.651323 -0.355141 -0.190246
-0.654984 0.653859 -0.155450
0.426215 -0.165047 -0.149151
-0.796032 0.590794 -0.790614
0.233532 0.039052 -0.226850
0.380207 0.309901 -0.075467
0.416543 -0.011607 -0.269373
0.607341 0.287376 -0.282923
0.654205 0.320727 0.091562
0.681709 -0.205376 0.177513
0.049735 0.331460 -0.287913
0.717353 0.194604 0.198313
-0.009761 0.566599 -0.347571
0.279019 0.178846 -0.067322
0.227239 0.128834 0.123829
0.161476 -0.379221 0.244567
-0.227129 -0.121190 -0.737355
0.099125 -0.181082 -0.312505
0.310294 -0.094532 -0.270613
-0.340858 -0.615969 0.443531
0.717282 0.303720 0.340656
-0.143753 0.415589 -0.437507
0.649405 -0.209237 0.285066
0.394289 -0.021736 0.279577
0.285171 0.178837 0.127540
0.305579 0.151155 -0.016970
-0.126372 -0.106894 0.857475
0.119932 -0.259681 0.368454
0.717673 -0.299084 0.009102
0.467249 0.102588 -0.252602
0.496130 0.318872 0.112243
-0.702380 0.802036 -0.494501
0.602604 0.466110 -0.148264
-0.744652 0.342354 -0.636493
-0.275657 0.899611 -0.429380
-0.269154 -0.518389 0.004521
0.281924 -0.096143 -0.072249
0.166641 -0.242382 -0.336178
-0.046044 0.074776 -0.503819
0.151963 0.300344 0.195240
0.280231 -0.095985 0.266066
-0.320661 0.641534 0.357625
-0.294709 0.255242 0.735050
0.553020 0.304897 -0.069635
0.582115 0.191841 -0.347081
-0.429860 0.027189 0.402255
0.707236 -0.088036 0.155993
0.508547 0.347415 0.018221
0.318553 -0.038084 -0.224953
0.599392 0.162283 0.049556
0.386250 0.006034 -0.208078
0.187886 -0.085762 0.128984
0.220028 0.280373 0.034088
0.310589 -0.018398 -0.061558
-0.422449 -0.183783 0.397089
0.513039 0.131915 0.017996
-0.608670 0.319813 0.255564
0.175262 -0.241753 -0.261546
-0.093568 0.139576 -0.534838
0.421597 -0.181794 -0.147884
0.610841 -0.023410 -0.204177
-0.365197 0.828039 -0.208424
0.572950 0.317350 -0.266747
-0.530558 -0.065793 0.274836
0.601711 -0.117894 -0.034977
-0.129915 0.196849 0.580184
-0.106860 0.012888 0.458869
0.691431 0.328495 0.163033
0.660257 0.081892 0.369786
0.046838 -0.476867 0.048816
0.435261 0.178971 -0.241714
0.451291 0.197279 0.102097
-0.457018 -0.028083 -0.696363
-0.326813 0.204328 0.496263
0.120342 0.417717 0.083342
0.673201 0.074687 -0.313033
-0.107250 -0.343781 0.597801
-0.010265 0.071150 -0.418416
0.213825 0.331141 0.128553
0.151119 0.595278 -0.002380
0.086760 0.498809 -0.309435
0.239995 -0.037941 -0.201095
0.119327 0.054181 -0.338561
-0.438694 0.786039 0.184893
0.134478 -0.079482 -0.220521
0.515479 -0.210623 0.073677
0.463249 0.056022 0.199265
0.655226 -0.293532 -0.147125
-0.664914 0.203667 -0.577232
-0.098180 -0.665377 0.545589
0.514792 0.012534 -0.361957
0.540837 0.218946 -0.333271
-0.629171 0.696988 -0.412328
0.511302 -0.242719 -0.300044
0.293984 -0.049418 0.050174
-0.177161 -0.131226 -0.558798
0.433454 0.020160 0.239418
0.382501 -0.151622 -0.138698
0.550078 -0.003519 -0.013706
0.325851 0.020593 -0.287187
0.605955 0.255009 0.131406
0.379267 -0.108154 0.022783
-0.880268 0.276264 -0.326197
0.534650 0.210994 0.028696
-0.331728 -0.551963 -0.580031
-0.135721 0.688874 -0.220261
0.607626 0.498638 0.019567
-0.550901 0.083473 -0.733907
0.330536 -0.082715 0.010965
0.533024 0.196740 -0.017453
0.180380 0.404813 0.089745
-0.547757 -0.134381 -0.578501
-0.210323 0.753009 -0.054665
0.395706 0.044880 -0.432971
-0.239984 0.639801 -0.459840
-0.377139 -0.444001 0.693926
-0.062707 0.086138 -0.421737
0.470294 0.108229 0.194792
0.437356 -0.070291 -0.218897
-0.645917 0.143117 -0.498590
-0.252689 -0.196568 0.542690
0.000457 0.508278 0.033021
0.448893 0.082214 -0.312596
0.630876 -0.101022 -0.248363
0.647110 0.597386 -0.023552
0.332237 -0.141768 -0.130408
-0.099623 0.230399 -0.756361
-0.372304 -0.017204 -0.948769
0.184297 -0.022591 0.330664
0.336391 0.174663 -0.182648
-0.552150 0.843979 -0.294857
0.366573 -0.054146 0.050920
-0.256104 0.079337 0.507699
-0.798569 0.056930 -0.369483
0.376267 0.375552 -0.126318
0.566571 0.205017 0.185208
0.260739 0.089150 0.284037
0.366535 -0.036388 -0.116904
0.579230 0.449664 0.054572
0.599063 -0.130306 -0.172119
0.356950 -0.213862 0.048711
0.555052 0.338561 0.022002
-0.214638 -0.197457 -0.594662
0.636058 0.403934 -0.125582
-0.187716 0.321773 0.427255
0.061135 0.002643 0.422625
0.454154 0.126640 -0.180542
0.525070 -0.127203 -0.350784
0.437803 0.241625 0.173913
0.652839 0.359586 0.172555
0.690755 0.105175 -0.314770
0.244776 -0.248849 -0.162679
0.476476 0.086517 0.001061
0.702770 0.454576 0.206036
0.294975 0.242883 0.021045
0.205784 0.162164 0.053577
0.639943 0.236799 -0.167873
0.262840 -0.000194 -0.180728
0.500901 0.270017 -0.095278
0.295120 0.250901 0.285545
-0.745484 0.532496 -0.553389
0.467874 0.016339 -0.114386
-0.026788 0.327592 -0.457860
-0.433845 0.542316 -0.910798
0.560924 0.127940 -0.072608
0.517759 -0.013252 -0.181873
-0.108214 0.586451 -0.554938
-0.353377 0.187073 0.576834
0.433959 -0.160701 0.058949
0.642503 -0.159095 -0.284534
0.448364 0.195400 -0.278293
-0.158943 -0.493310 -0.123103
0.630433 0.070412 -0.242989
0.762781 0.523300 0.211492
-0.120217 0.619229 0.193219
0.695750 0.481380 -0.063817
0.127276 0.078136 0.361836
0.704401 -0.294064 -0.029307
0.652644 0.415982 0.034591
-0.549677 0.492497 -0.566479
0.576737 0.001514 0.227042
-0.137121 -0.331685 0.463195
0.615491 -0.194915 -0.248764
0.492212 0.350679 0.117336
0.514201 0.163084 -0.009251
0.421016 0.203303 0.069260
0.685124 0.237981 0.170222
-0.532002 0.439712 0.503444
-0.500712 -0.272242 -0.512707
0.440573 0.101944 -0.306272
0.339217 -0.011303 -0.210215
-0.310101 0.508926 -0.725773
0.740520 0.165503 0.464558
-0.487393 0.335464 -0.747797
-0.590431 0.487100 0.283182
-0.962215 0.591273 -0.366285
-0.080178 -0.495913 0.247325
-0.479879 -0.129877 0.712539
0.614541 0.050502 0.111652
-0.242422 -0.504564 -0.130473
-0.665436 0.319820 -0.837550
0.520586 -0.162068 0.024973
0.054783 -0.398241 -0.339307
0.591933 0.226206 0.252770
0.629040 0.267617 -0.460269
-0.329793 -0.383888 -0.231702
-0.323049 0.146001 -0.617607
0.080737 -0.042462 -0.397553
0.535906 0.274537 -0.277585
-0.312091 -0.481051 0.191096
0.324495 0.285108 -0.092029
-0.286499 0.120047 -0.521891
0.130653 0.482779 -0.138992
0.232198 0.067775 -0.106769
-0.406133 -0.356977 0.273594
0.318595 -0.157286 -0.123969
0.532131 0.437743 0.282042
-0.592813 -0.096967 -0.538690
0.065530 0.214738 0.356436
-0.460173 0.250291 0.429653
0.643259 -0.064713 -0.103072
0.449153 -0.024286 -0.274048
-0.629872 -0.229718 -0.321487
-0.403360 -0.282601 -0.744301
0.793720 -0.314608 -0.075773
-0.290501 -0.475106 -0.539321
-0.400294 0.808372 0.130529
0.049538 0.408120 -0.061806
0.174392 -0.297283 0.072929
-0.206050 -0.289461 -0.312781
-0.307119 -0.146601 0.092504
-0.358475 -0.103416 -0.580835
-0.346450 -0.011097 0.374854
-0.400186 -0.008180 -0.450981
-0.425175 -0.004157 0.344393
-0.412666 0.008160 -0.509066
-0.394796 0.056459 0.433150
-0.401973 0.060869 -0.441286
-0.422418 0.122648 0.298013
-0.411321 0.129276 -0.495451
-0.425917 0.239094 0.285990
-0.471481 0.165493 -0.523414
-0.486887 0.265949 0.213466
-0.519151 0.270207 -0.549214
-0.535838 0.417447 0.151653
-0.594688 0.384833 -0.534165
-0.655453 0.488369 -0.034139
-0.662903 0.481989 -0.617984
-0.698959 0.581825 -0.110892
-0.734667 0.631876 -0.580747
-0.742565 0.711302 -0.335535
-0.682464 0.717868 -0.621410
-0.623301 0.659323 -0.100702
-0.579481 0.671967 -0.273980
-0.504743 0.611540 -0.013362
-0.409673 0.552796 -0.169599
-0.369412 0.541743 0.274930
-0.382919 0.493724 0.057440
-0.386915 0.546261 0.086006
-0.302539 0.561716 0.086951
-0.169347 0.601835 0.153456
-0.379376 -0.282118 -0.506562
-0.428586 -0.230769 -0.158843
-0.490645 -0.354365 -0.491789
-0.483910 -0.250269 0.043211
-0.440621 -0.247092 -0.703449
-0.507241 -0.133892 0.301908
-0.514417 -0.133961 -0.434500
-0.497826 -0.073553 0.260090
-0.466925 -0.065797 -0.578296
-0.504231 0.045656 0.324606
-0.543174 0.041388 -0.362737
-0.535977 0.180408 0.199958
-0.603546 0.209994 -0.411491
-0.654350 0.315344 0.172261
-0.740870 0.270931 -0.429949
-0.793679 0.429241 0.033037
-0.831050 0.459790 -0.620236
-0.885063 0.601715 -0.146169
-0.911270 0.604508 -0.741081
-0.925300 0.737638 -0.415099
-0.859528 0.766630 -0.962248
-0.934133 0.812339 -0.334259
-0.960433 0.770770 -0.817834
-0.869983 0.738984 -0.334117
-0.711655 0.694480 -0.692727
-0.620604 0.642291 0.057655
-0.578793 0.617550 -0.181239
-0.524837 0.513881 0.106293
-0.456447 0.547496 -0.217478
-0.469437 0.514464 0.189916
-0.421025 0.524381 0.236592
-0.245230 0.440153 0.088818
-0.250853 -0.235002 -0.361530
-0.399537 -0.098250 -0.114941
-0.408418 -0.123902 -0.862509
-0.422993 -0.075280 0.195044
-0.443975 -0.037756 -0.609233
-0.465907 -0.029464 0.024635
-0.428507 0.030556 -0.762164
-0.448110 0.002546 0.205403
-0.468233 0.018976 -0.504449
-0.544405 0.054313 -0.020507
-0.522422 0.101255 -0.597833
-0.560557 0.189336 -0.002819
-0.595707 0.225979 -0.513155
-0.668690 0.296133 -0.153661
-0.742818 0.385750 -0.580808
-0.778515 0.530989 -0.263346
-0.866460 0.602787 -0.606350
-0.912774 0.704336 -0.462617
-1.064395 0.698491 -0.825663
-1.096410 0.846696 -0.562382
-1.164023 0.893302 -0.857550
-1.045581 0.970555 -0.750616
-0.961694 0.951949 -0.991450
-0.894558 0.914723 -0.439699
-0.825912 0.890724 -0.512228
-0.651893 0.791037 -0.192326
-0.504973 0.767353 -0.390376
-0.432337 0.747389 0.182017
-0.414547 0.762277 0.044603
-0.382978 0.806901 0.237207
-0.338691 0.746067 0.213840
-0.302094 0.702139 0.128683
-0.228414 -0.301432 -0.668425
-0.319848 -0.242939 -0.249462
-0.322200 -0.369298 -0.755910
-0.375523 -0.253935 -0.106268
-0.329690 -0.301198 -1.045537
-0.340358 -0.140903 0.239441
-0.293120 -0.230717 -0.688145
-0.399630 -0.175676 0.074299
-0.406176 -0.171549 -0.840074
-0.501336 -0.020763 0.142724
-0.520284 -0.062477 -0.505243
-0.610020 0.078074 -0.148581
-0.620863 0.115700 -0.660897
-0.698377 0.258020 -0.136983
-0.779167 0.265232 -0.515137
-0.817279 0.413301 -0.284667
-0.843549 0.541462 -0.654453
-0.839100 0.680738 -0.322454
-0.923450 0.709686 -0.689644
-0.897599 0.843138 -0.628538
-0.875388 0.823012 -0.932066
-0.890149 0.919602 -0.454538
-0.988758 0.836375 -0.864332
-0.860116 0.821627 -0.464045
-0.708865 0.756284 -0.892975
-0.613586 0.732642 0.021729
-0.558685 0.642389 -0.388463
-0.472836 0.619545 0.170742
-0.355247 0.651131 -0.262262
-0.364129 0.679909 0.317877
-0.360272 0.667834 0.107405
-0.291094 0.563215 0.246983
-0.106699 -0.384748 -0.455143
-0.258261 -0.265345 -0.262304
-0.305929 -0.295996 -0.938221
-0.309397 -0.228086 -0.110688
-0.321303 -0.231144 -0.690723
-0.353352 -0.168794 -0.235682
-0.379918 -0.123798 -0.880067
-0.408638 -0.125941 -0.113545
-0.499664 -0.083556 -0.604518
-0.571111 -0.076745 -0.474608
-0.601957 0.009585 -0.654868
-0.618948 0.075365 -0.391384
-0.688360 0.186977 -0.473011
-0.722979 0.223106 -0.662354
-0.820778 0.402285 -0.466616
-0.869529 0.532603 -0.605854
-1.022645 0.751651 -0.395000
-1.073261 0.829895 -0.778485
-1.201391 0.919838 -0.705022
-1.244533 1.022548 -0.724256
-1.274688 1.120191 -0.703711
-1.138926 1.045057 -0.827240
-1.050922 1.072720 -0.929059
-0.904672 0.962380 -0.588554
-0.795180 1.001718 -0.526979
-0.618307 0.850988 -0.151039
-0.535827 0.856524 -0.316894
-0.473472 0.914827 0.429771
-0.405348 0.947052 0.167930
-0.383697 0.993777 0.533526
-0.347652 0.763234 0.536361
-0.327377 0.852409 0.490446
-0.293639 -0.462884 -0.811108
-0.398560 -0.452556 -0.628498
-0.394432 -0.590707 -1.055016
-0.489424 -0.438224 -0.642115
-0.425304 -0.567256 -1.312262
-0.465116 -0.359043 -0.310269
-0.510044 -0.487189 -1.026295
-0.615546 -0.379135 -0.586693
-0.601795 -0.498988 -1.272958
-0.657429 -0.262406 -0.261992
-0.710243 -0.340410 -0.805086
-0.760077 -0.161873 -0.649749
-0.712993 -0.160337 -0.867345
-0.686135 0.091922 -0.361854
-0.728155 0.193593 -0.433214
-0.819139 0.380014 -0.609370
-0.893876 0.561686 -0.505178
-0.931745 0.736525 -0.479485
-1.041498 0.823724 -0.451842
-1.114288 0.887345 -0.742395
-1.119584 0.958706 -0.827976
-1.040504 1.012033 -0.613951
-0.992776 0.969810 -0.737559
-0.821018 0.898076 -0.626892
-0.717049 0.851160 -0.812652
-0.587152 0.773410 -0.139847
-0.580218 0.685716 -0.270056
-0.498516 0.751158 0.224422
-0.410531 0.748578 -0.086217
-0.387582 0.889648 0.567125
-0.376192 0.838440 0.379790
-0.360380 0.770694 0.519679
-0.224555 -0.526199 -0.649782
-0.333852 -0.481430 -0.750170
-0.449287 -0.580402 -1.393167
-0.413141 -0.406332 -0.484053
-0.498048 -0.434214 -1.111809
-0.538291 -0.338493 -0.685954
-0.590967 -0.453883 -1.685111
-0.556591 -0.265578 -0.376797
-0.705795 -0.275861 -1.254956
-0.717432 -0.119585 -0.884754
-0.731554 -0.147112 -1.453019
-0.690564 -0.009321 -0.550580
-0.733708 0.107968 -0.859243
-0.695255 0.329886 -0.782586
-0.704848 0.487042 -0.820345
-0.792654 0.614748 -0.467238
-0.973999 0.848821 -0.686714
-1.051451 1.122409 -0.707739
-1.084139 1.189204 -1.006049
-1.122499 1.300144 -0.496148
-1.146214 1.376828 -0.881175
-0.989614 1.391926 -0.673065
-0.807552 1.356068 -1.167513
-0.711646 1.271314 -0.127219
-0.652776 1.156477 -0.700995
-0.500856 1.355298 0.527948
-0.386714 1.281917 -0.088082
-0.417995 1.569564 1.443919
-0.430710 1.572758 0.771922
-0.441875 1.735665 1.336184
-0.356117 1.306404 1.055355
-0.420016 1.350846 0.986208
-0.346306 -0.719991 -1.113916
-0.429658 -0.856836 -1.024308
-0.500475 -1.028985 -1.578599
-0.575949 -0.866549 -0.880044
-0.613938 -1.082039 -1.990407
-0.582948 -0.755193 -0.466631
-0.657975 -0.938881 -1.786841
-0.663686 -0.669724 -0.673556
-0.722321 -0.920944 -2.216027
-0.599628 -0.557920 -0.185658
-0.595219 -0.667986 -1.655436
-0.578581 -0.365364 -0.472651
-0.585045 -0.426377 -1.820443
-0.496847 0.007834 0.057261
-0.563295 -0.007240 -1.101443
-0.606054 0.377839 -0.215968
-0.631706 0.624455 -1.098049
-0.691613 0.932382 0.172054
-0.892932 0.962563 -1.009184
-0.938166 1.167853 -0.301079
-0.899883 1.235606 -1.244339
-0.777841 1.322347 0.060233
-0.834487 1.226885 -1.044723
-0.694004 1.318944 0.039818
-0.571753 1.160464 -1.050318
-0.406587 1.200236 0.582910
-0.460695 0.947090 -0.206905
-0.545371 1.177043 0.770597
-0.418706 1.128977 0.274025
-0.437170 1.404353 1.089031
-0.280930 1.247969 0.613113
-0.373854 1.230013 1.005746
-0.209124 -0.812796 -0.903825
-0.299420 -0.804320 -1.002359
-0.408871 -1.000522 -1.727228
-0.372425 -0.677786 -0.818832
-0.504148 -0.860146 -1.411133
-0.499767 -0.640835 -0.758499
-0.608766 -0.791318 -1.969798
-0.535404 -0.439804 -0.620813
-0.709245 -0.602390 -1.530620
-0.643239 -0.390792 -0.792131
-0.672152 -0.512881 -1.614831
-0.599698 -0.239590 -0.527990
-0.612591 -0.181970 -0.962918
-0.544237 0.249234 -0.468453
-0.547258 0.471229 -0.716549
-0.590555 0.814045 -0.406684
-0.628521 1.063595 -0.656877
-0.720284 1.327151 -0.227635
-0.783968 1.440195 -0.972353
-0.762769 1.617990 -0.215164
-0.715367 1.573799 -0.956111
-0.723550 1.703681 0.272120
-0.662332 1.660781 -1.235517
-0.609467 1.775651 0.386863
-0.486913 1.428614 -0.452812
-0.450010 2.013861 2.165972
-0.443862 1.842210 0.521177
-0.600182 2.339452 2.271971
-0.521681 2.384139 1.507974
-0.458932 2.612822 2.250923
-0.373294 2.413140 1.749789
-0.453177 2.075257 1.751161
-0.256060 -1.108585 -1.362836
-0.251908 -1.243335 -1.295827
-0.255668 -1.618178 -1.886276
-0.213945 -1.312832 -1.051293
-0.349860 -1.814644 -2.475471
-0.336805 -1.102823 -0.368763
-0.424851 -1.554962 -2.348749
-0.408832 -1.025813 -0.594295
-0.568054 -1.652114 -2.753577
-0.511801 -0.872032 -0.063048
-0.562198 -1.175463 -2.014874
-0.567016 -0.707253 -0.486554
-0.576058 -1.010447 -2.143594
-0.520534 -0.329710 0.112265
-0.602306 -0.363742 -1.141146
-0.594095 0.212015 -0.241750
-0.543503 0.484380 -0.780158
-0.587318 0.880326 -0.082348
-0.661489 1.090288 -0.721117
-0.706056 1.333146 -0.101134
-0.730200 1.354490 -1.055439
-0.692528 1.505564 0.095309
-0.756729 1.433552 -0.868837
-0.705948 1.584723 0.331896
-0.607021 1.285836 -0.909540
-0.554691 1.358800 0.770014
-0.540233 1.237777 -0.083913
-0.741985 1.388377 0.935782
-0.498744 1.451964 0.695763
-0.520213 1.823619 1.263333
-0.280868 1.586000 1.146625
-0.396959 1.590683 1.479849
-0.041969 -1.106102 -1.198264
-0.186464 -0.945511 -0.820310
-0.290054 -1.532996 -2.403934
-0.261538 -0.833463 -0.188707
-0.409921 -1.484201 -2.220511
-0.358752 -0.875525 0.033623
-0.593574 -1.489548 -2.967776
-0.381369 -0.589457 0.475421
-0.613056 -1.267442 -2.686719
-0.461747 -0.627605 0.255753
-0.692520 -1.139106 -2.696002
-0.428583 -0.422017 0.627166
-0.612465 -0.671187 -2.043913
-0.493040 -0.001262 0.268289
-0.548372 0.181060 -1.614377
-0.513526 0.661885 0.503645
-0.534565 0.999909 -1.274458
-0.526610 1.271134 0.268718
-0.612863 1.525608 -1.447941
-0.628350 1.735685 0.699766
-0.675473 1.825889 -1.436406
-0.620236 2.006264 0.785302
-0.519419 1.977021 -1.592714
-0.487573 1.978004 1.749680
-0.521710 1.704707 -1.041016
-0.529429 2.280389 2.156816
-0.430380 2.061278 0.022718
-0.510715 2.695353 2.876118
-0.448249 2.684023 1.340821
-0.467940 2.966661 2.210747
-0.390150 2.703199 1.792031
-0.410945 2.365224 1.662250
-0.143669 -1.401729 -1.555481
-0.059568 -1.483741 -1.049267
-0.163143 -2.011658 -2.072427
-0.182501 -1.428691 -0.556893
-0.281527 -2.216469 -2.793326
-0.148911 -1.172812 0.342484
-0.349715 -1.897429 -2.619646
-0.375207 -1.043124 0.165838
-0.595530 -2.155781 -3.374569
-0.221950 -0.935391 1.086556
-0.421976 -1.641687 -2.695110
-0.352585 -0.883792 0.707580
-0.595047 -1.551378 -3.029818
-0.326598 -0.456210 1.570662
-0.314998 -0.597713 -2.003641
-0.304345 -0.004909 0.943837
-0.324661 0.440650 -1.723624
-0.336624 0.800382 0.938915
-0.432701 1.174913 -1.326419
-0.404015 1.339112 0.407371
-0.528649 1.503525 -1.808412
-0.444505 1.659737 0.933924
-0.596742 1.448367 -1.381531
-0.527009 1.666387 0.882452
-0.452367 1.473440 -1.068030
-0.323920 1.654108 1.321659
-0.342636 1.274125 -0.121436
-0.387422 1.635700 1.470487
-0.263740 1.558627 0.609905
-0.375724 2.022599 1.658265
-0.210792 1.815299 1.178938
-0.340973 1.745981 1.318154
-0.054935 -1.018555 -0.853366
-0.200904 -0.928188 -0.681687
-0.221780 -1.424183 -1.785263
-0.272080 -0.812251 -0.219212
-0.467185 -1.168351 -1.542954
-0.475669 -0.687680 0.042961
-0.554015 -1.210516 -2.088404
-0.412766 -0.507720 0.440131
-0.755332 -0.997271 -1.538860
-0.571546 -0.548432 0.315575
-0.636835 -0.967649 -1.834815
-0.381981 -0.416844 0.676519
-0.656063 -0.630938 -1.232459
-0.457793 -0.226762 0.465916
-0.518380 -0.101061 -1.239688
-0.421737 0.253868 0.364524
-0.462722 0.620526 -0.894754
-0.399727 0.823841 0.446486
-0.478221 1.166133 -1.251214
-0.433840 1.268189 0.449602
-0.538611 1.385599 -1.203498
-0.413643 1.624454 1.490313
-0.442638 1.587521 -1.480809
-0.370835 1.740967 1.362652
-0.358577 1.369702 -0.610286
-0.272483 1.996792 2.838182
-0.181228 1.085103 0.485397
-0.282021 2.324036 2.837785
-0.233781 2.187165 1.191798
-0.218513 2.471308 2.238625
-0.245688 2.358626 1.730714
-0.286193 2.141622 1.854778
-0.008298 -1.236039 -1.135277
-0.018806 -1.337674 -0.979269
-0.015732 -1.782785 -1.430572
-0.047915 -1.352155 -0.502596
-0.075869 -1.907966 -2.058509
-0.122110 -1.137052 0.142314
-0.247782 -1.480735 -1.563934
-0.242168 -0.878485 0.283212
-0.371727 -1.491027 -2.018185
-0.232336 -0.793529 0.874174
-0.358462 -1.090423 -1.101864
-0.231782 -0.699034 0.617945
-0.358532 -1.094051 -1.609352
-0.254492 -0.582045 1.362459
-0.378041 -0.452478 -0.786387
-0.365184 -0.220786 0.647059
-0.358094 0.024983 -0.898845
-0.283216 0.300839 0.494905
-0.408112 0.720003 -0.518554
-0.416352 0.757803 0.028333
-0.491965 0.822896 -1.076812
-0.410289 0.913559 0.306754
-0.527573 1.056208 -0.636434
-0.562313 1.064568 0.233133
-0.424822 1.041359 -0.623152
-0.424004 1.167034 0.913015
-0.353799 1.060360 0.019446
-0.474285 1.139994 1.033774
-0.233436 1.138908 0.742679
-0.397734 1.461894 1.385558
-0.328573 1.289435 1.155987
-0.306671 1.251788 1.180805
0.019365 -0.894079 -0.802297
-0.087981 -0.858525 -0.445397
-0.104666 -1.133635 -1.549594
-0.139180 -0.642955 0.007213
-0.203798 -0.786404 -1.264482
-0.183739 -0.469265 0.263333
-0.313465 -0.704233 -1.571043
-0.196710 -0.417087 0.581720
-0.407923 -0.587332 -1.027263
-0.293234 -0.394384 0.392307
-0.386072 -0.525542 -1.184170
-0.289917 -0.376564 0.701387
-0.412776 -0.447281 -0.853724
-0.288630 -0.303123 0.470921
-0.337569 -0.204503 -0.926741
-0.276591 -0.077788 0.534746
-0.299555 0.133717 -0.662319
-0.230331 0.205184 0.336157
-0.266011 0.566629 -0.888343
-0.179164 0.591192 0.626226
-0.267074 0.780451 -0.827333
-0.205832 0.834430 0.390648
-0.251382 0.905929 -0.873852
-0.149072 1.140354 1.705155
-0.168743 0.719149 -0.628510
-0.281658 1.390112 1.650396
-0.194619 0.802189 -0.225158
-0.234090 1.666526 2.470715
-0.190476 1.358742 0.961448
-0.225881 1.741875 1.999681
-0.273317 1.427701 1.358491
-0.226506 1.536061 1.478167
0.045997 -1.078528 -1.053140
0.088247 -1.056366 -0.542919
0.057477 -1.400504 -1.383824
0.006185 -1.019504 -0.258909
-0.024917 -1.426248 -1.897207
0.039680 -0.821429 0.388528
-0.027636 -0.903841 -1.212143
-0.126533 -0.621835 0.489831
-0.158593 -0.966417 -1.856668
-0.096295 -0.513713 1.132649
-0.086014 -0.610109 -0.900032
-0.176296 -0.443665 0.703340
-0.122643 -0.581024 -1.141387
-0.128013 -0.348390 1.033760
-0.139196 -0.264536 -0.685194
-0.188824 -0.168360 0.501200
-0.165145 -0.003766 -0.729147
-0.148075 0.107373 0.715143
-0.130139 0.269652 -0.485397
-0.139870 0.229224 0.364743
-0.187838 0.544368 -0.846860
-0.122315 0.582019 0.792079
-0.116783 0.604571 -0.630338
-0.136885 0.569390 0.432449
-0.179196 0.711092 -0.767184
-0.223265 0.871071 0.895611
-0.291734 0.720661 -0.307432
-0.337366 0.888354 0.959471
-0.265652 0.779737 0.150545
-0.412527 1.020087 1.082530
-0.356672 0.775046 0.580635
-0.366650 0.719283 0.733285
-0.108139 -0.770750 -0.313020
-0.223913 -0.696241 -0.206106
-0.174857 -0.924168 -0.801839
-0.140393 -0.516015 -0.090825
-0.251637 -0.587511 -0.487800
-0.229621 -0.426726 0.073120
-0.269637 -0.536936 -0.909911
-0.215795 -0.371155 0.393656
-0.273891 -0.414036 -0.550586
-0.211926 -0.246869 0.404638
-0.146540 -0.336523 -0.739147
-0.125321 -0.198100 0.585961
-0.074135 -0.288667 -0.600313
-0.041805 -0.163745 0.440037
0.065804 -0.181759 -0.600967
0.007784 -0.030458 0.493088
0.019630 -0.025725 -0.508026
-0.011907 0.059937 0.378430
0.007558 0.142020 -0.508624
-0.052450 0.297311 0.401793
-0.110170 0.380432 -0.479468
-0.111367 0.519629 0.366414
-0.086525 0.525410 -0.581514
-0.055390 0.662762 0.462014
-0.142230 0.476002 -0.378853
-0.148139 0.855551 1.274827
-0.155365 0.365905 -0.269422
-0.167924 1.051180 1.474985
-0.177466 0.843403 0.297836
-0.223043 1.049495 1.246958
-0.287092 0.686021 0.617874
-0.265785 0.952327 0.836195
-0.184513 -0.763485 -0.410562
-0.113422 -0.730922 -0.354345
-0.090083 -0.898300 -0.316377
-0.068559 -0.746927 -0.312598
-0.122679 -0.904919 -0.609982
-0.093723 -0.695428 0.050903
-0.184101 -0.643352 -0.247592
-0.177885 -0.547844 0.123009
-0.122579 -0.600078 -0.601512
-0.022913 -0.423605 0.455324
0.004870 -0.372946 -0.372112
0.042725 -0.217085 0.362236
0.160395 -0.235281 -0.481643
0.191892 -0.109019 0.437310
0.248136 -0.129526 -0.402679
0.213886 0.023275 0.327924
0.242965 -0.016232 -0.421444
0.195175 0.090502 0.261578
0.193115 0.128390 -0.427420
0.117207 0.266590 0.154681
0.048462 0.320746 -0.412935
0.010064 0.380378 0.251226
-0.047269 0.413046 -0.428256
-0.069009 0.422766 0.156173
-0.067343 0.453565 -0.546361
-0.084026 0.441641 0.366093
-0.195037 0.467668 -0.299936
-0.285979 0.453342 0.340423
-0.259029 0.465217 -0.269239
-0.400994 0.583397 0.485432
-0.394758 0.540030 0.321351
-0.374556 0.552534 0.360311
-0.249522 -0.585914 -0.099771
-0.296798 -0.598469 0.033287
-0.240386 -0.643799 -0.358671
-0.149591 -0.539220 0.144207
-0.157680 -0.559654 -0.145920
-0.160535 -0.498902 0.249601
-0.167693 -0.484029 -0.362443
-0.101429 -0.427055 0.325737
-0.025539 -0.345724 -0.235486
0.116793 -0.282408 0.347652
0.259253 -0.250923 -0.367149
0.380346 -0.181447 0.311013
0.434910 -0.149893 -0.293450
0.476572 -0.073169 0.349630
0.511761 -0.076498 -0.447469
0.509104 0.031004 0.282432
0.464719 0.024582 -0.323519
0.438466 0.105419 0.255571
0.405665 0.120164 -0.463395
0.359807 0.238282 0.121310
0.257257 0.277149 -0.318092
0.171758 0.368005 0.156656
0.070742 0.408682 -0.323397
0.082327 0.415592 0.212125
0.000531 0.387553 -0.349056
-0.059659 0.468584 0.323302
-0.101345 0.441716 -0.711921
-0.115864 0.543430 0.601475
-0.166074 0.477045 -0.161751
-0.227941 0.645944 0.502998
-0.221335 0.492984 0.062563
-0.197601 0.650078 0.247364
-0.261205 -0.529921 -0.220968
-0.270591 -0.559028 -0.122188
-0.192770 -0.607592 -0.179655
-0.137129 -0.554491 -0.005181
-0.098939 -0.613476 -0.385696
-0.087328 -0.502564 0.168371
-0.007501 -0.506141 -0.191094
0.039552 -0.440937 0.174299
0.155363 -0.410998 -0.385063
0.297641 -0.326763 0.251479
0.445227 -0.253781 -0.237822
0.581864 -0.211895 0.202276
0.588306 -0.188758 -0.387585
0.631378 -0.154906 0.322809
0.653061 -0.132247 -0.337324
0.702058 -0.032823 0.266496
0.651251 -0.031047 -0.553275
0.655215 0.066044 0.305078
0.621559 0.098341 -0.376532
0.612662 0.207788 0.126726
0.501873 0.244171 -0.345955
0.445380 0.331323 0.111359
0.364847 0.357409 -0.124344
0.312856 0.337898 0.016440
0.189684 0.374296 -0.338626
0.157001 0.370881 0.120388
0.036479 0.404640 -0.264356
-0.069990 0.378992 0.030860
-0.171588 0.453115 -0.367421
-0.265697 0.438516 0.122742
-0.306661 0.476143 -0.076050
-0.214364 0.455074 0.059088
-0.256887 -0.571416 -0.045793
-0.288951 -0.548303 -0.017868
-0.220566 -0.582119 -0.181425
-0.159177 -0.521319 0.140770
-0.123143 -0.568281 -0.026369
-0.103261 -0.533549 0.024712
0.004924 -0.521419 -0.196081
0.143594 -0.452939 0.102083
0.289304 -0.406721 -0.122231
0.417564 -0.336154 0.128514
0.541966 -0.257969 -0.191012
0.642819 -0.190367 0.157584
0.655759 -0.138554 -0.213414
0.701489 -0.080514 0.108922
0.676189 -0.031288 -0.286680
0.702574 0.052210 0.233880
0.715582 0.097593 -0.336673
0.715348 0.165706 0.141596
0.664769 0.220154 -0.271260
0.667019 0.307693 0.114499
0.629284 0.335486 -0.281544
0.557496 0.393902 0.026185
0.481321 0.389418 -0.114223
0.451021 0.410599 0.040237
0.340545 0.396685 -0.092506
0.235154 0.410824 0.093896
0.077537 0.389653 -0.272077
0.027055 0.464579 0.179384
-0.044199 0.501851 -0.292959
-0.073785 0.453271 -0.038433
-0.114342 0.475415 -0.074923
-0.080862 0.431725 -0.079624
-0.209771 -0.619754 -0.179968
-0.247159 -0.595604 0.016578
-0.181599 -0.609260 -0.057022
-0.116650 -0.486243 -0.055616
-0.021823 -0.558591 -0.248302
0.032700 -0.473051 0.067502
0.146838 -0.490297 0.005329
0.256894 -0.417351 0.043929
0.392434 -0.423124 -0.175469
0.478287 -0.346232 0.047872
0.590461 -0.290622 -0.050838
0.667054 -0.232125 0.112932
0.696240 -0.228867 -0.109617
0.665263 -0.200403 0.204790
0.680689 -0.180558 -0.104092
0.672173 -0.074400 0.225675
0.671954 -0.027486 -0.133273
0.657246 0.065151 0.229617
0.681676 0.083110 -0.215057
0.668244 0.204482 0.073112
0.620286 0.220618 -0.207059
0.550632 0.283551 0.029959
0.500748 0.269417 -0.168372
0.426292 0.325101 -0.039408
0.317156 0.334035 -0.193867
0.142000 0.343452 -0.000459
-0.020342 0.379635 -0.118662
-0.098937 0.400725 -0.039212
-0.148676 0.438112 -0.220293
-0.202904 0.399803 0.001436
-0.217159 0.472037 -0.026066
-0.155577 0.433782 0.038735
-0.193572 -0.601710 -0.130389
-0.211697 -0.511854 0.001941
-0.177018 -0.505056 -0.341972
-0.060071 -0.437323 0.191601
-0.004934 -0.528186 -0.139689
0.043816 -0.488350 0.112639
0.183646 -0.464145 -0.182066
0.339118 -0.399312 0.083033
0.477810 -0.346783 -0.072897
0.574465 -0.282563 0.095232
0.604033 -0.212969 -0.134070
0.641641 -0.154029 0.026289
0.638168 -0.114657 -0.150183
0.651845 -0.054890 0.131278
0.616147 -0.041052 -0.311930
0.632839 0.039590 0.158849
0.669369 0.084413 -0.216077
0.705693 0.183975 0.043767
0.694025 0.210508 -0.317254
0.697780 0.276620 0.009139
0.685863 0.278964 -0.241393
0.653395 0.346469 -0.049180
0.576520 0.332666 -0.193170
0.486478 0.338268 -0.066696
0.296387 0.319217 -0.005503
0.156802 0.331204 -0.103236
-0.015645 0.336093 -0.081467
-0.046100 0.376750 -0.093238
-0.118277 0.432783 -0.006625
-0.116781 0.401514 -0.226178
-0.134941 0.431149 -0.059593
-0.082224 0.374500 -0.289794
-0.008054 -0.500934 -0.089736
-0.015507 -0.475156 0.175186
-0.027501 -0.479383 -0.058334
0.040547 -0.362265 0.219297
0.115189 -0.377344 -0.187004
0.164836 -0.306081 0.193317
0.269939 -0.334245 -0.047445
0.333382 -0.299502 0.210270
0.434907 -0.262692 -0.036365
0.468608 -0.198932 0.192549
0.573244 -0.157742 0.046555
0.603545 -0.104411 0.182542
0.692171 -0.077192 0.025279
0.637215 -0.035909 0.263527
0.670754 -0.007610 0.025334
0.657516 0.052395 0.218866
0.724731 0.077152 -0.078808
0.707994 0.142853 0.207026
0.745881 0.141951 0.012565
0.726291 0.181452 0.067044
0.718836 0.184426 -0.101829
0.639863 0.248818 0.064127
0.600118 0.258443 -0.053592
0.475353 0.316692 -0.051382
0.352112 0.326361 -0.111333
0.181234 0.341345 -0.091071
0.054458 0.331637 -0.140472
0.014354 0.364828 -0.154236
-0.015126 0.384973 -0.141269
-0.032608 0.367524 -0.048860
-0.105723 0.425019 0.068991
0.006979 0.338033 -0.071597
