0.084245 -0.320362 -0.972798
-0.074604 -0.106532 -0.801456
-0.251168 -0.718046 0.095854
-0.123675 0.421660 -0.638041
-0.462427 -0.272594 0.845459
0.014972 1.072770 -0.665682
-0.527297 0.146448 1.094115
-0.150890 0.773621 -0.274465
-0.046004 0.887451 -0.821120
0.047677 1.015929 0.037683
-0.598853 0.442765 0.872406
-0.205405 0.272070 0.935712
-0.801798 0.670410 1.020962
0.147512 0.224052 0.862785
-0.686143 0.744192 0.550201
-0.526359 -0.922492 -0.558365
-0.452239 -0.541081 -1.035778
-0.615319 -0.682016 0.144768
-0.190346 0.627795 -0.496635
-1.043364 0.639386 -1.081541
-0.279809 -0.468536 0.579189
-0.200501 1.107813 -0.329411
-0.024821 0.432815 -0.915430
-0.451461 0.006067 -1.180797
-0.575387 -0.008553 1.243388
-0.200850 0.274147 1.068436
-0.801540 1.319262 -0.172571
-0.272840 -0.502687 0.586055
-1.273039 0.947591 -0.289924
-0.270231 -0.532167 -0.798967
-1.362991 0.384468 -1.199183
-0.094208 0.076573 -0.798936
-0.217087 0.508708 -1.077494
-0.196587 -0.215855 -1.032704
0.006038 0.221028 -0.997402
-0.098896 0.650952 -0.563350
-0.474938 -0.790731 -0.669014
-0.013586 0.196601 -0.978124
0.255451 0.341279 1.025933
-0.549069 0.727345 -0.997908
-0.270112 0.482490 0.445175
-0.304733 0.535903 0.642020
-0.513333 -0.351117 1.039769
-0.546754 -0.288942 -0.864347
-0.575300 -0.342036 -0.856854
-0.191761 -0.272600 -0.604688
-1.350988 -0.684535 1.316195
0.133970 0.422000 0.842508
-0.690174 0.483203 -0.912837
-0.359574 0.095808 1.221673
-0.507680 -0.520430 0.271878
-0.110472 0.776393 -0.578524
-0.121402 0.717165 0.341003
-0.768200 0.057716 1.289765
-0.714312 -0.165261 1.151033
-0.244424 -0.203504 0.798947
0.261700 -0.147113 -1.035847
0.012258 0.983431 0.339288
-1.434468 0.659492 -0.859217
0.054970 0.426851 -0.981364
-1.138869 0.061070 -0.928884
-0.687842 0.942257 -0.738029
-1.098247 -0.923983 0.695883
-0.329747 -0.517339 0.348538
-0.325390 -0.616320 -0.549160
-0.354934 -0.045142 -1.172058
-0.585925 0.384525 0.731787
-0.202061 0.019027 1.176793
-0.567318 0.920569 0.534489
-0.901797 0.268580 1.192074
-0.373048 1.016366 0.021536
0.228457 0.023381 -0.946318
-1.080542 -0.019166 0.817373
-0.095090 0.281305 1.099407
0.148113 0.756034 -0.928872
-0.151234 -0.003643 -0.903760
0.082033 -0.132775 0.877399
-0.062499 -0.291667 -0.664730
-0.245007 -0.123241 1.066994
-0.167317 0.663389 -0.577593
-0.109916 -0.562692 -0.266532
-1.320718 -0.234352 1.082821
0.252025 0.443148 -0.945911
-1.717544 0.201995 1.036028
-0.496140 -0.713658 -0.744966
-0.242061 0.063698 -0.893943
-0.263720 -0.560860 -0.633442
-0.040196 -0.355196 -0.826126
-0.894287 1.289957 -0.507608
0.210042 0.087109 -1.162086
-1.801978 -0.309183 0.893953
-0.121710 -0.616689 -0.532599
-0.543522 0.535685 0.990266
-0.766052 -0.050437 0.799222
0.035976 0.202508 0.869188
0.083608 0.107121 1.149218
-0.508731 -0.900959 0.285580
0.268714 0.383781 -1.152132
-0.230153 -0.826242 -0.159156
-0.983579 -0.244464 -0.853428
-0.967865 0.342519 0.982005
-0.223014 1.110532 -0.105268
-0.061785 -0.296956 -1.178932
-0.719484 -0.054433 1.144622
-0.348140 -0.045584 -0.957897
-0.280136 0.767697 -0.797321
-0.736334 1.283406 0.116282
-0.322339 0.762378 -0.877373
-0.238567 -0.139690 0.758957
-0.026624 -0.045448 -1.012966
-1.043361 1.216402 0.173936
-0.193455 -0.344716 -0.713511
-0.083438 -0.181185 0.884677
-0.169178 0.347742 0.651855
-0.245513 -0.717371 -0.599292
-1.602775 -0.044970 -0.894873
-0.618661 -0.431542 1.229764
-0.048273 0.151765 -1.032325
0.013183 0.293407 -1.082132
-1.128154 0.966889 -0.950338
-0.587170 -0.562958 0.492179
-0.438147 -0.231436 0.742415
-0.341285 -0.452037 -0.798674
-0.337692 1.081468 -0.290115
0.042382 0.034687 -0.788428
-0.007100 1.077051 -0.263344
-0.275470 0.146545 -1.155626
-0.217004 0.653888 0.750964
-0.278247 -0.727261 -0.526562
-1.512947 0.073402 -0.641904
-0.187291 0.487297 -0.941157
-0.829848 -0.878323 -0.570482
-0.650220 1.054014 -0.689122
-0.359841 1.133660 0.227488
-0.960336 -0.291885 -0.885636
-0.320394 0.021441 1.078206
0.045336 0.675990 -0.012282
-0.391891 0.761100 0.532021
-0.924663 -0.415253 -0.592889
-0.312918 1.071493 -0.466949
-0.118587 -0.049522 -1.162629
-0.958265 0.678323 -0.895822
-1.202385 -0.331272 1.369149
-0.599248 0.049452 -1.041045
0.045557 0.110866 1.015897
-0.198134 -0.108769 0.748245
-1.224540 -0.218539 -0.724163
-0.956901 -0.001321 1.081557
-0.747269 0.770194 0.599608
-0.306667 0.941100 -0.692777
0.052336 0.040773 -0.993427
0.186976 0.889040 -0.716458
-0.244908 0.521498 -0.904706
-0.060467 0.233438 -1.035326
-0.642079 -0.035747 -0.820060
-0.560760 -0.091478 0.926345
-0.074556 0.753903 -0.307092
-1.244504 1.181830 -0.615835
-0.185636 -0.846285 -0.684283
-0.985885 0.126024 0.893575
-1.613266 -0.392305 -0.670726
0.253261 0.536948 -0.892843
-0.018324 0.369739 -0.823173
-0.340141 0.118680 0.948707
-0.029763 0.300775 -0.717635
-0.125096 0.873958 -0.652718
-0.085871 -0.349504 -0.610211
-0.066519 0.026905 -0.406062
-0.065287 0.637288 -0.512062
-0.766947 -0.521844 -0.760218
-0.134364 0.791806 0.168235
-0.746054 0.317730 0.895489
-0.535540 0.069862 1.133532
-0.134725 0.750276 -0.203877
0.238798 -0.339397 -1.071412
-0.059545 0.796385 0.520968
-0.014757 0.816214 -0.388514
0.300074 0.042997 -1.058756
-0.283785 -0.699008 -0.335083
-0.458264 0.031933 0.903903
-0.051221 1.148949 -0.517908
-0.082108 0.806633 -0.443409
-0.184675 0.812173 -0.511804
0.101453 0.551805 -0.794225
-0.184240 0.270889 0.807780
-0.118022 -0.482266 -0.615236
0.190222 1.061887 -0.483905
-1.380994 0.365862 -1.018787
-0.011481 0.141357 0.897633
-0.360334 0.333658 -1.054257
-0.548603 0.419279 -1.023476
0.050530 0.266852 -0.782851
-0.120933 -0.415005 -0.819104
-0.270845 0.528411 -1.074967
-1.248633 0.269224 1.223453
-0.080238 0.120580 0.849189
-0.320567 -0.483603 -0.772377
-0.105728 -0.535736 -0.358283
-0.973532 -1.137877 -0.051669
0.038256 0.029837 -1.171271
-0.097102 0.681862 0.632202
-0.285613 1.146778 -0.163139
0.035582 0.571886 0.477852
-0.610863 0.090892 0.904804
-0.516341 -0.773234 -0.287868
0.065578 0.859312 0.391112
-1.071419 0.297560 -0.898259
-0.120731 0.171101 0.880521
-0.797680 -0.324393 0.922510
-0.302828 -0.612424 -0.840948
-0.012853 0.988286 -0.406353
0.010004 0.727038 -0.413237
-0.060910 0.553128 -0.612044
0.010258 0.205649 1.025979
-1.058529 0.549576 0.735623
-1.035380 -0.622061 -0.540193
-0.194204 0.324524 -0.962932
-0.193859 0.016668 -1.070421
-0.681328 0.356301 -1.075094
-0.041516 0.945255 0.437724
-0.734119 0.265674 -1.043215
-1.127264 0.477199 0.413905
-1.775182 0.389987 -0.996409
-0.615258 -0.578196 0.748399
-1.467390 -0.241756 1.384878
0.024059 0.320294 0.982290
-0.644453 -0.995026 -0.183867
-1.258222 0.109126 -1.220671
-0.112281 0.035337 0.925478
-0.404853 -0.841167 -0.681586
-0.060646 1.069494 -0.411291
0.132433 0.247142 -1.294822
-1.099334 -0.888287 -0.166643
-0.811097 -0.109357 -0.908898
-0.417226 -0.415871 -0.878406
0.008561 0.001046 -0.976596
-0.943776 -0.657694 0.781906
-0.214911 0.849710 0.157561
-0.882426 0.045412 -0.652661
-0.818290 0.792353 -0.475359
-0.024387 0.072527 -0.793042
-1.031760 -0.510476 0.927979
-0.073379 -0.869253 -0.145370
0.173604 1.326170 -0.426303
-1.273460 -0.437608 -0.834629
-0.462860 0.460945 0.973816
-1.458799 0.497840 0.868493
-0.132248 -0.408615 -0.407223
-0.244261 -0.247764 -0.733443
-1.516585 -0.590031 -0.630640
-0.973129 -0.616355 -0.785206
-0.254548 -0.834898 -0.223491
-1.009244 -0.868712 -0.549829
-0.930604 1.152566 0.150494
-0.343755 0.881252 -0.748417
-0.642677 -0.305199 0.957023
-0.469513 -1.209919 0.301860
-0.542977 -1.201815 0.812014
-0.766953 -1.218326 0.188598
-0.778531 -1.144246 1.101135
-1.101938 -1.165955 0.435836
-1.098060 -1.061096 0.794048
-1.154033 -0.930295 0.008705
-1.192350 -0.650540 0.982444
-1.442279 -0.668596 0.128540
-1.427386 -0.485901 0.543692
-1.437167 -0.364173 -0.132771
-1.410292 -0.126369 0.642334
-1.579195 -0.075415 -0.087250
-1.561272 -0.043827 0.103153
-1.571785 0.018098 -0.392566
-1.598966 0.109171 0.236332
-1.797865 0.170440 -0.481518
-1.828510 0.192114 0.136971
-1.794942 0.238861 -0.834981
-1.798511 0.350366 0.375030
-1.871556 0.335588 -0.750480
-1.783325 0.424532 -0.046509
-1.608549 0.311232 -0.769253
-1.488015 0.371205 0.193253
-1.509752 0.389279 -0.435243
-1.439673 0.451119 -0.265191
-1.264570 0.488346 -0.687466
-1.147242 0.504786 0.262835
-1.227959 0.536651 -0.364811
-1.193893 0.578885 0.099951
-1.057017 0.827278 -0.496030
-0.806830 0.825508 -0.029979
-0.826342 -1.375683 0.476437
-0.733732 -1.454885 1.023175
-0.978271 -1.590990 0.775165
-1.048363 -1.537110 1.154126
-1.309777 -1.489733 0.303820
-1.396636 -1.269387 1.248664
-1.692881 -1.388475 0.544792
-1.667578 -1.125620 0.894095
-1.755348 -1.129097 0.136757
-1.857013 -0.772542 1.043843
-1.946261 -0.841031 0.360965
-1.888131 -0.536093 0.703033
-1.815938 -0.408522 0.012459
-1.817857 -0.214997 0.580527
-1.897440 -0.226306 0.061600
-1.962255 -0.088886 0.151664
-2.074447 -0.126922 -0.399633
-2.247103 0.067690 0.351922
-2.327372 0.055995 -0.432351
-2.346457 0.183053 0.033136
-2.243713 0.051138 -0.801480
-2.198296 0.150427 0.399132
-2.056653 -0.118465 -0.414600
-1.957010 -0.058918 0.034526
-1.656909 -0.218923 -0.458340
-1.622761 -0.096088 0.596046
-1.490179 -0.227405 -0.092680
-1.395212 -0.162021 0.226044
-1.263194 -0.097593 -0.386416
-1.277956 -0.017296 0.819928
-1.260967 -0.109053 0.571717
-1.073163 0.157474 0.725587
-0.885457 -1.273086 0.746496
-0.953343 -1.485934 0.796665
-1.429788 -1.543607 0.712076
-1.436738 -1.486503 1.013095
-1.920765 -1.418625 0.900613
-1.743409 -1.240314 0.733261
-1.988907 -1.159371 0.498715
-1.887936 -0.974276 0.808299
-2.196194 -0.968706 0.746558
-2.012306 -0.612476 0.505100
-2.300490 -0.493418 0.385514
-2.186239 -0.202338 0.496910
-2.551337 -0.091714 0.224777
-2.493267 0.072395 -0.024473
-2.939173 0.220256 -0.379349
-2.826975 0.262850 -0.258289
-3.195848 0.403565 -0.295330
-3.071445 0.340586 -0.542278
-3.262385 0.458973 -0.610852
-3.075786 0.473526 -0.324274
-3.117437 0.576738 -0.402500
-2.850668 0.563378 -0.520645
-2.716837 0.625481 -0.691319
-2.440247 0.715292 -0.112229
-2.392422 0.821211 -0.383584
-2.172452 0.783078 -0.563713
-2.082775 0.854141 -0.750435
-1.891507 0.861362 -0.058386
-1.844552 0.887919 -0.350835
-1.648108 0.626741 -0.161044
-1.670797 0.779653 -0.619010
-1.366367 0.795218 -0.477388
-1.090494 -1.447575 0.392780
-1.208948 -1.649482 0.815655
-1.496016 -1.693916 0.657908
-1.554086 -1.650929 1.064888
-1.776135 -1.605901 0.340756
-1.799646 -1.494564 1.264824
-1.981979 -1.519872 0.601324
-2.005419 -1.343427 0.950582
-2.101261 -1.324358 0.254513
-2.173914 -1.073131 1.079938
-2.264534 -1.080526 0.598498
-2.305564 -0.758017 0.757544
-2.260642 -0.557049 0.104026
-2.350503 -0.284992 0.470607
-2.576836 -0.146259 -0.202637
-2.686002 0.035988 -0.266668
-2.814477 0.126054 -0.611841
-2.899681 0.186930 -0.155795
-3.050768 0.187058 -0.382747
-3.010433 0.237428 -0.417309
-2.917375 0.291206 -0.685324
-2.755122 0.378644 -0.082181
-2.574771 0.298694 -0.348565
-2.377092 0.371912 -0.172527
-2.056639 0.298855 -0.555557
-1.973582 0.443125 0.296023
-1.781809 0.253696 -0.201349
-1.719150 0.356622 0.077613
-1.527032 0.352154 -0.561417
-1.504797 0.454528 0.622310
-1.397587 0.343484 0.199757
-1.174220 0.532031 0.547084
-0.957105 -1.418788 0.659233
-1.003234 -1.517651 0.814248
-1.335857 -1.618448 0.667877
-1.442508 -1.520572 1.048876
-1.715199 -1.487733 0.726605
-1.706733 -1.365390 0.948538
-1.752785 -1.274466 0.320933
-1.843751 -1.067587 1.139631
-1.951802 -1.029926 0.430093
-2.033526 -0.800830 0.998271
-2.054906 -0.616923 0.012746
-2.147090 -0.360366 1.015553
-2.435671 -0.136116 -0.369538
-2.620859 0.052075 0.359079
-3.109215 0.331652 -0.997964
-3.090869 0.334324 0.119658
-3.282965 0.545740 -0.771643
-3.134893 0.363196 -0.247677
-3.208733 0.621702 -0.799989
-3.039742 0.526238 -0.097326
-3.001544 0.791776 -0.432451
-2.784305 0.709620 -0.210649
-2.688558 0.984417 -0.547155
-2.469628 1.023107 -0.075495
-2.323146 1.191356 -0.226345
-2.186129 1.128795 -0.172937
-2.110023 1.216577 -0.422736
-1.953387 1.133546 -0.288787
-1.764868 1.135412 -0.335032
-1.635525 0.930799 -0.149579
-1.589263 0.940686 -0.449390
-1.330065 0.932297 -0.369576
-0.908370 -1.463486 0.503758
-0.962795 -1.608658 0.693126
-1.174739 -1.667385 0.645235
-1.230306 -1.607401 1.063899
-1.363727 -1.593572 0.390267
-1.323050 -1.437678 1.376200
-1.545263 -1.493274 0.548172
-1.543585 -1.282702 1.229879
-1.665516 -1.353756 0.038247
-1.821558 -1.083907 1.547491
-1.964035 -1.161835 0.264417
-2.095186 -0.920939 1.426854
-2.197441 -0.720013 -0.347051
-2.250184 -0.683483 1.287042
-2.540423 -0.185566 -0.854413
-2.583875 -0.077902 0.495683
-2.781798 0.107048 -1.191188
-2.731690 0.170748 0.371272
-2.860333 0.300920 -0.911677
-2.755326 0.313738 0.096085
-2.685102 0.500739 -0.827488
-2.577435 0.557981 0.262867
-2.524199 0.651602 -0.515183
-2.301769 0.665455 0.057602
-2.097846 0.735255 -0.506930
-2.010951 0.824194 0.267463
-1.934928 0.753944 -0.225242
-1.771609 0.831784 -0.020315
-1.639201 0.824048 -0.390348
-1.536266 0.829692 0.242987
-1.456482 0.759064 0.149851
-1.130430 0.852061 0.349638
-0.775777 -1.373387 0.626658
-0.856110 -1.455777 0.878698
-1.047335 -1.572479 0.511377
-1.062536 -1.465489 1.208844
-1.252272 -1.439446 0.524804
-1.221349 -1.271807 1.113108
-1.332232 -1.348085 0.244815
-1.392293 -1.128544 1.457816
-1.585617 -1.136056 0.326237
-1.639001 -0.871931 1.224552
-1.733088 -0.870957 -0.226425
-1.829093 -0.636545 1.383048
-2.054331 -0.496300 -0.650967
-2.072176 -0.213585 1.010665
-2.398527 -0.090984 -1.393873
-2.334000 0.099698 0.932952
-2.600433 0.196025 -1.295357
-2.436377 0.245948 0.488448
-2.562148 0.324789 -1.301542
-2.460456 0.437351 0.671215
-2.514387 0.584294 -0.912634
-2.334210 0.685064 0.341678
-2.240257 0.921617 -0.875872
-2.117673 1.040885 0.505896
-2.111086 1.212373 -0.517453
-1.975760 1.217891 -0.026268
-1.883800 1.296849 -0.743846
-1.706500 1.231209 0.019315
-1.640780 1.228120 -0.400818
-1.507843 1.052864 -0.225125
-1.462039 1.058443 -0.598656
-1.136227 0.998617 -0.490117
-0.759113 -1.369300 0.485400
-0.799746 -1.481626 0.761774
-0.978907 -1.597222 0.602157
-1.009802 -1.506766 1.195980
-1.066709 -1.538538 0.262405
-0.977103 -1.336263 1.552822
-1.197419 -1.500541 0.410246
-1.183429 -1.276166 1.364956
-1.342225 -1.369634 -0.162679
-1.395459 -1.053006 1.697851
-1.616189 -1.177211 0.011322
-1.643065 -0.857289 1.510502
-1.814613 -0.758799 -0.709077
-1.753927 -0.463107 1.547756
-1.889263 -0.311600 -0.999020
-1.969117 -0.108432 1.127743
-2.035749 0.029486 -1.247970
-1.997006 0.177873 1.177523
-1.963342 0.144072 -1.132437
-1.987411 0.318241 0.808745
-1.955598 0.437440 -1.180030
-1.929319 0.618688 0.894248
-1.852898 0.609286 -0.879250
-1.838190 0.743791 0.418239
-1.660956 0.848569 -0.914564
-1.665713 0.950594 0.602025
-1.614513 0.837028 -0.514949
-1.505117 0.949154 0.114289
-1.304600 0.996770 -0.687824
-1.224256 1.014429 0.027313
-1.191834 0.936379 -0.278720
-0.948504 0.953695 -0.055028
-0.662345 -1.266542 0.660607
-0.735400 -1.311611 0.919026
-0.913170 -1.468604 0.584116
-0.938463 -1.353335 1.173744
-1.153593 -1.405482 0.679020
-1.051827 -1.189132 1.048473
-1.130606 -1.294927 0.459813
-1.199536 -1.094043 1.371576
-1.454894 -1.206286 0.534505
-1.427283 -0.980037 1.240295
-1.516880 -1.027727 0.187080
-1.601690 -0.687819 1.192573
-1.749198 -0.647680 -0.228023
-1.717481 -0.324846 1.006241
-1.791178 -0.213868 -0.734488
-1.824660 0.000646 1.038098
-1.893796 0.070051 -0.648996
-1.899974 0.161892 0.815410
-1.792301 0.194834 -0.933493
-1.700523 0.324604 0.914213
-1.669695 0.453160 -0.751818
-1.670491 0.595976 0.675986
-1.600161 0.751078 -0.809927
-1.587399 0.856934 0.451274
-1.549794 0.982781 -0.474476
-1.526197 1.109411 0.252450
-1.534558 1.205822 -0.748617
-1.465570 1.268230 -0.244611
-1.286806 1.291284 -0.475315
-1.196269 1.183740 -0.154776
-1.129941 1.207898 -0.547758
-0.912016 1.194905 -0.419157
-0.711107 -1.290519 0.502762
-0.706987 -1.384389 0.695690
-0.861620 -1.512709 0.596058
-0.888426 -1.446038 1.148015
-0.948905 -1.502613 0.338652
-0.888681 -1.361035 1.510074
-1.058774 -1.454736 0.625096
-1.062694 -1.287173 1.349258
-1.160903 -1.426208 0.186217
-1.165915 -1.218623 1.761170
-1.365525 -1.289547 0.123676
-1.364237 -0.995758 1.650347
-1.473408 -0.940872 -0.319699
-1.538970 -0.586260 1.553567
-1.572985 -0.477258 -0.628394
-1.609383 -0.197624 1.216287
-1.575474 -0.192572 -0.976249
-1.642973 0.034600 1.197973
-1.581757 0.032611 -0.812180
-1.573807 0.181940 0.829564
-1.407426 0.257759 -1.000440
-1.395749 0.435184 0.932084
-1.370348 0.521026 -0.771714
-1.371514 0.636210 0.445669
-1.230925 0.688587 -0.787463
-1.226244 0.817118 0.405361
-1.188841 0.824808 -0.504045
-1.160367 1.027736 -0.098085
-1.048146 1.060463 -0.637599
-0.991851 1.134294 -0.323998
-0.890009 1.154262 -0.487693
-0.670167 1.172516 -0.258263
-0.596298 -1.171289 0.577623
-0.666399 -1.192010 0.835235
-0.860271 -1.344092 0.450841
-0.876272 -1.233977 1.154414
-1.087206 -1.285843 0.534322
-0.997719 -1.126672 1.108003
-1.046229 -1.256628 0.366176
-1.024832 -1.111820 1.557686
-1.257085 -1.218985 0.336110
-1.240064 -0.982229 1.524387
-1.339704 -1.023865 -0.088167
-1.317147 -0.714010 1.709333
-1.331913 -0.700502 -0.619688
-1.310898 -0.431210 1.456533
-1.357219 -0.395830 -1.046907
-1.377795 -0.034490 1.552794
-1.334606 -0.031325 -1.022378
-1.390251 0.192077 1.211283
-1.369148 0.118016 -1.183267
-1.385672 0.325118 1.359655
-1.289741 0.350733 -0.839523
-1.229103 0.533608 0.841596
-1.188141 0.590241 -0.999359
-1.147940 0.727914 0.725910
-1.111856 0.799499 -0.751616
-1.032063 0.947672 0.238188
-1.046666 1.101767 -0.969296
-1.003133 1.213898 -0.112444
-1.044530 1.342490 -0.721129
-0.941625 1.247757 -0.522498
-0.894554 1.273000 -0.782354
-0.679700 1.201489 -0.770924
-0.599067 -1.229845 0.340395
-0.596500 -1.297891 0.617277
-0.729877 -1.423587 0.427771
-0.781622 -1.349770 1.053852
-0.885298 -1.417873 0.184195
-0.797189 -1.270730 1.461134
-0.956088 -1.381487 0.367371
-0.876900 -1.226574 1.404021
-0.961862 -1.336092 0.052342
-0.904204 -1.102615 1.855807
-1.053519 -1.121953 -0.114938
-0.981131 -0.846242 1.773248
-1.071440 -0.845754 -0.592523
-1.003940 -0.494565 1.903428
-1.025590 -0.516127 -1.078663
-1.054678 -0.188756 1.594506
-0.994675 -0.252860 -1.367089
-1.021229 0.042372 1.705439
-1.008452 -0.080142 -1.330074
-1.083910 0.185584 1.309069
-1.004390 0.181211 -1.343360
-0.976576 0.401823 1.313220
-0.928819 0.394062 -1.108118
-0.938350 0.551732 0.806384
-0.767466 0.675835 -1.097511
-0.724181 0.810692 0.486225
-0.734831 0.789559 -0.837269
-0.732831 1.009586 0.001078
-0.702060 1.086007 -0.820191
-0.753824 1.161896 -0.284956
-0.698171 1.174042 -0.747336
-0.511793 1.143931 -0.507887
-0.436796 -1.181067 0.467018
-0.512371 -1.136012 0.684345
-0.654044 -1.313872 0.342532
-0.678460 -1.180308 0.988304
-0.876890 -1.262262 0.449280
-0.811576 -1.090140 0.940470
-0.843452 -1.192838 0.293002
-0.891926 -1.026602 1.333845
-1.062803 -1.080455 0.139781
-0.974451 -0.802332 1.306019
-0.973847 -0.865249 -0.291577
-0.981354 -0.531382 1.511190
-0.960970 -0.600322 -0.706998
-0.927340 -0.274238 1.357382
-0.815056 -0.329431 -1.090606
-0.866760 0.021968 1.455992
-0.889494 -0.051262 -1.116584
-0.931442 0.166221 1.251681
-0.876407 0.078107 -1.255222
-0.912260 0.323915 1.190134
-0.871584 0.302649 -1.061063
-0.856996 0.515460 1.014609
-0.710108 0.593897 -1.019221
-0.746836 0.699193 0.658021
-0.646386 0.815582 -0.852552
-0.609581 0.958256 0.446951
-0.596928 1.065682 -0.949005
-0.677079 1.216246 0.042396
-0.707169 1.322446 -0.905257
-0.700058 1.314314 -0.329997
-0.617243 1.400573 -0.628713
-0.449933 1.299983 -0.538425
-0.339845 -1.222619 0.289234
-0.344043 -1.247420 0.485916
-0.403127 -1.362435 0.339523
-0.438186 -1.284944 0.812973
-0.510235 -1.343735 0.108817
-0.571476 -1.209770 1.186885
-0.745248 -1.240033 0.278764
-0.699456 -1.107404 1.162245
-0.728299 -1.165812 -0.126706
-0.651110 -0.907996 1.551731
-0.690549 -0.794133 -0.355821
-0.680981 -0.572728 1.399634
-0.712938 -0.616626 -0.685803
-0.737542 -0.371828 1.601258
-0.623046 -0.323633 -1.036072
-0.628243 -0.116746 1.405451
-0.599222 -0.223932 -1.323284
-0.651367 -0.012638 1.572989
-0.638221 -0.047321 -1.372352
-0.647641 0.172255 1.328636
-0.601908 0.123311 -1.370648
-0.612573 0.341886 1.322796
-0.621900 0.363290 -1.114105
-0.636074 0.548066 0.862992
-0.523986 0.585371 -1.020707
-0.471168 0.766510 0.515990
-0.492773 0.761414 -0.755730
-0.490976 0.956309 0.096870
-0.477983 1.003384 -0.730142
-0.474816 1.078999 -0.240103
-0.460762 1.109611 -0.536227
-0.287496 1.109326 -0.379308
-0.147204 -1.164874 0.323323
-0.232669 -1.104722 0.534572
-0.336530 -1.237595 0.119731
-0.366998 -1.083742 0.781375
-0.520788 -1.147679 0.201125
-0.570939 -1.008877 0.729556
-0.607733 -1.065890 -0.003680
-0.648953 -0.845972 1.085206
-0.722808 -0.817880 -0.111255
-0.651952 -0.566176 0.880121
-0.512278 -0.562930 -0.483100
-0.517689 -0.309290 1.124270
-0.390571 -0.335447 -0.851399
-0.443760 -0.127060 1.011498
-0.317391 -0.165807 -1.119838
-0.397741 0.021646 1.215105
-0.335425 -0.016671 -1.146511
-0.411180 0.120141 1.037885
-0.339118 0.081259 -1.256231
-0.396594 0.254589 1.122049
-0.360571 0.321494 -1.119122
-0.392245 0.456177 0.978416
-0.383400 0.586270 -1.118976
-0.436553 0.681061 0.856191
-0.460983 0.831060 -0.912746
-0.404264 0.923462 0.387251
-0.423620 1.081349 -0.952219
-0.424347 1.142278 0.047692
-0.421255 1.309420 -0.769207
-0.346645 1.218432 -0.238543
-0.250305 1.279174 -0.646262
-0.153868 1.134669 -0.543606
-0.079373 -1.194768 0.145625
-0.080025 -1.228950 0.326112
-0.091261 -1.301900 0.108413
-0.175897 -1.187339 0.604075
-0.187218 -1.217675 -0.097700
-0.300171 -1.057801 0.941109
-0.382636 -1.024418 0.062199
-0.431154 -0.898128 0.861318
-0.471636 -0.897565 -0.334513
-0.403681 -0.650780 1.163093
-0.357380 -0.525017 -0.480563
-0.347308 -0.367036 0.942811
-0.251708 -0.357288 -0.759069
-0.187989 -0.228235 1.184237
-0.049609 -0.190522 -1.014998
-0.091789 -0.114046 1.077949
-0.089392 -0.165419 -1.222091
-0.092743 -0.048078 1.276405
-0.032807 -0.036623 -1.074142
-0.104646 0.060992 1.037569
-0.120978 0.104261 -1.102916
-0.177089 0.272727 1.080541
-0.217849 0.314808 -0.937887
-0.283940 0.460605 0.770692
-0.287372 0.564796 -0.909844
-0.298992 0.732840 0.501691
-0.358688 0.752958 -0.709593
-0.331393 0.884727 0.079276
-0.340421 0.948127 -0.711120
-0.272107 0.972985 -0.168681
-0.222795 1.036953 -0.530043
-0.111118 1.019382 -0.391231
0.027757 -1.096418 0.227882
-0.060574 -1.027891 0.314331
-0.109003 -1.113327 0.050293
-0.154215 -0.960574 0.425368
-0.228198 -0.947459 0.137454
-0.320637 -0.848583 0.342800
-0.353295 -0.860078 -0.084854
-0.439924 -0.680975 0.585840
-0.481455 -0.553349 -0.170687
-0.458687 -0.371729 0.420847
-0.371198 -0.275978 -0.439429
-0.358915 -0.130017 0.494994
-0.291734 -0.028677 -0.534953
-0.253134 -0.008015 0.421278
-0.215307 0.034996 -0.736040
-0.187582 0.039684 0.538500
-0.187679 0.122039 -0.643926
-0.164007 0.103541 0.435011
-0.173749 0.174170 -0.658736
-0.163711 0.209918 0.553230
-0.188097 0.352662 -0.584869
-0.197306 0.383408 0.573471
-0.214103 0.551677 -0.754388
-0.232802 0.612203 0.444716
-0.232294 0.798253 -0.731477
-0.173591 0.853503 0.425253
-0.159051 1.006416 -0.899365
-0.130323 1.128629 0.182715
-0.112976 1.247761 -0.834958
-0.061439 1.187115 -0.163846
0.003448 1.255097 -0.551152
0.033076 1.107237 -0.389900
0.036994 -1.114398 0.038198
0.032638 -1.138851 0.139119
0.038137 -1.205392 0.101724
-0.028017 -1.137780 0.304546
-0.036686 -1.146840 -0.137588
-0.152923 -0.998987 0.562162
-0.194961 -0.879241 -0.011740
-0.279099 -0.781426 0.487360
-0.289300 -0.722406 -0.339786
-0.356384 -0.546062 0.676423
-0.362352 -0.366420 -0.406150
-0.363148 -0.283236 0.411239
-0.274067 -0.246070 -0.558575
-0.239396 -0.166847 0.708760
-0.197119 -0.100594 -0.548884
-0.169722 -0.127046 0.486168
-0.115341 -0.123375 -0.714413
-0.118299 -0.107285 0.766777
-0.139994 0.019045 -0.491740
-0.156601 0.018173 0.473757
-0.157924 0.125200 -0.579319
-0.176279 0.195409 0.783573
-0.238498 0.317770 -0.447061
-0.219392 0.383143 0.455146
-0.226699 0.511239 -0.643300
-0.200348 0.558852 0.450350
-0.298066 0.659751 -0.478398
-0.259252 0.676683 0.029545
-0.244373 0.758901 -0.564197
-0.194426 0.841931 -0.178777
-0.189373 0.849298 -0.405187
-0.082286 0.900251 -0.355493
-0.025248 -1.022692 0.090200
-0.073798 -0.992565 0.212891
-0.139998 -1.042011 -0.055994
-0.135219 -0.925967 0.281353
-0.206274 -0.889993 0.047879
-0.241719 -0.823849 0.179871
-0.328730 -0.778931 -0.268407
-0.346310 -0.606348 0.442063
-0.413726 -0.473979 -0.428602
-0.386585 -0.294304 0.242769
-0.374562 -0.223160 -0.757754
-0.302666 -0.073794 0.580644
-0.306155 -0.016889 -0.792893
-0.252046 0.029365 0.309293
-0.250691 0.039936 -1.020981
-0.167332 0.076399 0.709922
-0.178436 0.099178 -0.835762
-0.153945 0.103191 0.362468
-0.172238 0.154672 -0.950559
-0.111610 0.224823 0.767253
-0.158978 0.271287 -0.759152
-0.136301 0.339530 0.439949
-0.144464 0.461404 -0.894123
-0.082378 0.542412 0.701505
-0.096325 0.628999 -0.742943
-0.054456 0.702176 0.268048
-0.069575 0.922093 -0.891521
-0.028103 0.964737 0.087242
-0.043357 1.099153 -0.666717
0.009017 1.062116 -0.245296
0.061862 1.171581 -0.579821
0.044859 1.004464 -0.451972
-0.051429 -1.089220 -0.009626
-0.075298 -1.128385 0.074366
-0.056303 -1.186605 -0.015548
-0.101758 -1.053481 0.198201
-0.122840 -1.039470 -0.100468
-0.224162 -0.878198 0.376046
-0.247012 -0.822449 -0.186358
-0.295244 -0.674016 0.226922
-0.278432 -0.667627 -0.567866
-0.293974 -0.515641 0.572872
-0.281968 -0.404177 -0.701147
-0.261625 -0.256323 0.493774
-0.212937 -0.252514 -1.080503
-0.170992 -0.141699 0.841070
-0.175100 -0.186770 -1.004236
-0.146389 -0.112004 0.658379
-0.116144 -0.114104 -1.229141
-0.092285 -0.010716 0.991639
-0.114815 -0.000610 -1.084666
-0.101423 0.085852 0.736775
-0.090778 0.171165 -1.216176
-0.101702 0.269113 1.028218
-0.110060 0.274795 -0.890026
-0.113758 0.330035 0.611151
-0.152440 0.463604 -0.897305
-0.147979 0.479475 0.422989
-0.131517 0.595984 -0.452255
-0.131628 0.593039 -0.068524
-0.106755 0.715581 -0.431879
-0.054387 0.693129 -0.335316
-0.086502 0.825623 -0.312583
0.011590 0.835469 -0.474396
-0.141915 -1.113300 0.105719
-0.172452 -1.084147 0.160164
-0.253496 -1.182169 0.040338
-0.257821 -1.061172 0.200616
-0.389828 -1.043911 0.115905
-0.390765 -0.932921 -0.023018
-0.431814 -0.876279 -0.188093
-0.394886 -0.713228 0.140165
-0.442839 -0.577652 -0.166787
-0.395329 -0.455346 0.034270
-0.393177 -0.375445 -0.514370
-0.339428 -0.202214 0.257822
-0.370774 -0.097262 -0.430543
-0.292988 -0.042009 0.147543
-0.314490 -0.063014 -0.546094
-0.257254 0.008288 0.305154
-0.294839 0.059761 -0.455612
-0.247000 0.136573 0.203903
-0.272610 0.138075 -0.487871
-0.253968 0.238123 0.419401
-0.295038 0.300087 -0.352185
-0.261627 0.413775 0.347220
-0.265612 0.469092 -0.299804
-0.230457 0.522555 0.354932
-0.233094 0.604019 -0.392285
-0.168904 0.682753 0.070386
-0.139268 0.753233 -0.398308
-0.033831 0.818231 -0.132311
0.022669 0.945530 -0.596541
0.105861 0.931308 -0.301936
0.189242 1.079558 -0.515989
0.133431 0.909847 -0.419006
-0.234075 -1.271513 0.059537
-0.295920 -1.318692 0.135859
-0.369248 -1.387547 0.045727
-0.442723 -1.282780 0.212916
-0.446230 -1.303334 -0.189593
-0.467841 -1.149999 0.343414
-0.458140 -1.070724 -0.108963
-0.460926 -0.936159 0.137933
-0.427586 -0.947609 -0.371964
-0.399275 -0.725460 0.349498
-0.365689 -0.626970 -0.301084
-0.355513 -0.450257 0.282276
-0.310145 -0.526238 -0.686710
-0.320980 -0.334024 0.626272
-0.294728 -0.357760 -0.388938
-0.291081 -0.257958 0.424429
-0.245965 -0.293344 -0.541887
-0.264166 -0.168795 0.636658
-0.286307 -0.099235 -0.398692
-0.301256 0.056183 0.427342
-0.252312 0.086505 -0.528805
-0.278594 0.208099 0.619137
-0.296919 0.288748 -0.250288
-0.292621 0.373983 0.383473
-0.286441 0.514237 -0.274847
-0.278315 0.512193 0.287181
-0.248711 0.599886 -0.152488
-0.218239 0.544638 -0.203929
-0.161371 0.710031 -0.504260
-0.081986 0.782063 -0.373639
-0.093819 0.822970 -0.451387
-0.033016 0.816787 -0.445566
-0.307240 -1.246061 0.078479
-0.310917 -1.179372 0.177201
-0.442848 -1.218599 -0.048148
-0.500412 -1.102475 0.204754
-0.563568 -1.118519 0.043433
-0.500173 -1.045112 0.095819
-0.486598 -0.997210 -0.130840
-0.438035 -0.858293 0.169090
-0.428779 -0.773917 -0.064632
-0.395719 -0.643341 0.090971
-0.376357 -0.586181 -0.280039
-0.334320 -0.349231 0.406882
-0.335482 -0.296202 -0.059689
-0.337102 -0.188218 0.359275
-0.314789 -0.230129 -0.172812
-0.312952 -0.100822 0.513098
-0.301397 -0.103751 -0.031742
-0.310750 0.028118 0.361658
-0.322854 0.058362 -0.234113
-0.333597 0.194293 0.488731
-0.342087 0.242359 -0.072858
-0.344338 0.356876 0.422185
-0.340397 0.367455 -0.167182
-0.332972 0.442245 0.401619
-0.309573 0.519277 -0.074772
-0.247105 0.549886 -0.002758
-0.210512 0.670934 -0.337097
-0.078180 0.729029 -0.271058
-0.048699 0.822475 -0.494964
0.042198 0.811815 -0.438349
0.065083 0.898513 -0.567017
0.013273 0.758036 -0.578747
-0.090808 -0.975065 0.116552
-0.166324 -1.081945 0.191059
-0.197242 -1.050794 0.083746
-0.288990 -0.980600 0.259079
-0.314036 -0.945781 -0.047589
-0.316170 -0.883864 0.258901
-0.303387 -0.829791 -0.076051
-0.302440 -0.763247 0.158507
-0.277359 -0.701905 -0.186612
-0.252317 -0.576053 0.224313
-0.257652 -0.447359 -0.140800
-0.274544 -0.332827 0.165694
-0.244439 -0.283689 -0.248185
-0.247403 -0.180026 0.418892
-0.237689 -0.171277 -0.043953
-0.250562 -0.137081 0.257719
-0.213421 -0.107069 -0.152327
-0.224552 -0.044352 0.436515
-0.196303 -0.033434 -0.044267
-0.247690 0.055914 0.266120
-0.173400 0.139767 -0.210840
-0.202754 0.253930 0.348038
-0.173951 0.339400 -0.078166
-0.182959 0.399485 0.186973
-0.119857 0.515293 -0.104567
-0.115236 0.542712 0.073137
-0.156500 0.643107 -0.186797
-0.084521 0.696651 -0.269428
-0.037762 0.725388 -0.382723
0.000354 0.773490 -0.391898
-0.064099 0.827115 -0.463624
0.004217 0.727131 -0.457287
