0.681877 -0.403843 -0.539634
0.523179 -0.106529 -0.337561
0.499150 -0.081484 -0.102879
0.162759 0.136624 -0.160215
0.211596 -0.312212 -0.215891
0.722695 0.328739 -0.148750
0.094820 -0.018599 0.069069
0.070717 0.086434 -0.383029
0.641287 0.225320 -0.146696
0.188149 0.135233 -0.016075
-0.111151 0.169043 0.332479
0.184626 0.026691 0.046559
-0.303582 0.463630 0.780419
0.218574 -0.031423 0.418781
-0.076667 0.265910 0.417154
0.541906 -0.362904 -0.126803
-0.004452 -0.294028 -0.462746
0.637323 -0.345418 0.104511
0.172546 -0.045968 -0.232662
-0.383513 0.288979 -0.611563
0.506905 -0.362180 -0.302096
0.589909 0.111265 -0.003997
0.585100 0.282457 -0.302416
-0.261439 0.064168 -0.774872
-0.126382 -0.144000 0.467692
0.346721 -0.019561 0.151412
-0.231214 0.383234 -0.111432
0.618221 -0.444793 -0.234928
-0.530893 0.216016 -0.249063
0.364919 -0.239312 -0.212428
-0.869021 0.112636 -0.917847
0.125435 -0.082968 -0.396229
0.347896 0.120707 -0.177936
0.275815 -0.212177 -0.362069
0.559151 0.127791 -0.309877
0.642411 0.145907 -0.197748
0.756121 -0.356438 0.034750
-0.014766 0.134927 -0.433682
0.367668 0.158932 0.062297
-0.024989 0.244658 -0.453067
0.181645 -0.010494 -0.064995
0.070521 0.023752 0.186935
0.075401 -0.354248 0.129821
-0.153371 -0.190864 -0.828463
-0.051419 -0.303731 -0.500524
0.201305 -0.233867 -0.329529
-0.350802 -0.336789 0.233563
0.453159 0.260429 0.193727
-0.208319 0.119923 -0.525662
0.475223 -0.300697 0.066370
0.490916 -0.218473 0.196230
0.212852 0.040126 -0.094115
0.152445 -0.026252 -0.037027
-0.210391 -0.129145 0.927108
-0.033538 -0.228576 0.222766
0.634863 -0.334190 -0.164436
0.508185 -0.148890 -0.366917
0.312894 0.121362 0.039246
-0.713749 0.351996 -0.565142
0.565841 0.247403 -0.245144
-0.748226 0.051551 -0.768324
-0.177806 0.429868 -0.435011
-0.314490 -0.387911 -0.143654
0.158995 -0.179725 -0.176176
0.052776 -0.253574 -0.422785
0.050123 -0.044112 -0.574246
0.013302 0.050273 0.110212
-0.022820 -0.175947 0.236171
-0.305003 0.317987 0.342385
-0.382034 0.188639 0.913125
0.323303 0.048078 -0.088709
0.502835 0.043557 -0.340383
-0.439702 -0.059575 0.266382
0.596032 -0.199404 -0.093310
0.598641 0.152457 -0.204115
0.277294 -0.146507 -0.240934
0.332161 -0.062371 -0.090661
0.335666 -0.122442 -0.282216
0.075255 -0.172011 0.084684
0.171820 0.143166 -0.099123
0.206208 -0.097375 -0.201022
-0.475821 -0.127805 0.203110
0.561765 0.027119 -0.109165
-0.479397 0.067671 0.283874
0.059334 -0.314360 -0.374740
-0.076968 -0.045957 -0.643076
0.385106 -0.254101 -0.222296
0.590092 -0.218494 -0.256695
-0.309495 0.321445 -0.286849
0.505655 0.064127 -0.344134
-0.489930 -0.138178 0.135428
0.644001 -0.285425 -0.129727
-0.205579 0.219519 0.763338
-0.244428 -0.026223 0.312381
0.500301 0.288157 -0.005031
0.432250 0.043872 0.119462
-0.063970 -0.358440 -0.166652
0.448159 0.082152 -0.366791
0.391476 0.097167 0.010784
-0.378279 -0.143787 -0.756676
-0.337546 -0.050027 0.341745
0.018922 0.159338 -0.099404
0.594330 -0.167123 -0.384128
-0.253245 -0.300645 0.498957
-0.044022 -0.066253 -0.516395
0.237901 0.092468 -0.053223
0.017905 0.216419 -0.131703
0.001901 0.256621 -0.347938
0.046283 -0.109980 -0.184259
0.074024 -0.060314 -0.421537
-0.354588 0.258665 0.051084
0.103389 -0.252133 -0.321154
0.456678 -0.330884 -0.095338
0.255277 -0.022990 0.041808
0.601048 -0.415231 -0.238750
-0.821105 -0.110092 -0.843071
-0.143685 -0.423683 0.379360
0.438921 -0.046430 -0.407558
0.585994 0.070413 -0.387018
-0.581441 0.311071 -0.498036
0.405956 -0.333452 -0.230313
0.203887 -0.239217 -0.003696
-0.080453 -0.347391 -0.745710
0.289484 -0.085666 -0.008208
0.371706 -0.270173 -0.186301
0.368961 -0.103620 -0.181636
0.241909 -0.001094 -0.386118
0.282890 0.195347 0.068177
0.388855 -0.197115 -0.109145
-0.808968 -0.100220 -0.615167
0.510544 0.106080 -0.135132
-0.277344 -0.489359 -0.654563
-0.124907 0.262196 -0.298460
0.395348 0.145127 -0.025179
-0.582902 -0.075987 -0.876904
0.179157 -0.189925 -0.103666
0.352073 0.060788 -0.155999
0.053311 0.179885 0.057371
-0.619797 -0.232941 -0.649725
-0.238012 0.352536 -0.157288
0.523863 -0.175237 -0.647530
-0.217117 0.261282 -0.482173
-0.334594 -0.223532 0.529418
-0.162221 -0.047144 -0.577334
0.095335 0.077288 0.159369
0.341132 -0.172932 -0.184345
-0.625815 -0.102649 -0.664484
-0.259755 -0.094157 0.453187
-0.142329 0.153799 0.024040
0.317379 0.023738 -0.363040
0.612010 -0.347539 -0.211498
0.703342 0.347838 -0.216639
0.265406 -0.249866 -0.284993
-0.098779 0.026479 -0.915608
-0.384962 -0.127589 -1.017244
0.006815 -0.022597 0.318212
0.239840 -0.011531 -0.200069
-0.481553 0.280610 -0.326945
0.430768 -0.381209 -0.232394
-0.323977 -0.050061 0.568561
-1.047623 -0.261272 -0.653482
0.458566 0.260137 -0.395172
0.579725 0.138997 -0.027341
-0.010902 0.080880 0.384431
0.279471 -0.080216 -0.212622
0.550539 0.226484 -0.158411
0.559153 -0.216853 -0.198352
0.213246 -0.269760 -0.078022
0.473996 0.205615 -0.122065
-0.164645 -0.299887 -0.600681
0.492395 0.149098 -0.227115
-0.163024 0.087142 0.407305
-0.120695 0.011814 0.519326
0.274270 -0.018194 -0.231710
0.446192 -0.286085 -0.376798
0.246889 0.149485 0.135508
0.611041 0.176617 -0.037236
0.632529 -0.168743 -0.328701
0.130232 -0.212290 -0.255745
0.266904 -0.083161 -0.049409
0.709306 0.292484 0.041384
0.160412 0.086604 -0.214942
0.214434 0.114268 -0.094553
0.722618 0.063558 -0.281009
0.166986 -0.140256 -0.277279
0.464856 0.143605 -0.222415
0.438600 0.059347 0.048470
-0.720746 0.141684 -0.656160
0.264238 -0.141765 -0.203143
-0.055572 0.099619 -0.541882
-0.443856 0.200685 -0.901943
0.479954 0.060738 -0.154364
0.565476 -0.264403 -0.337947
-0.171723 0.277625 -0.610527
-0.304061 0.057645 0.618228
0.196936 -0.235848 -0.070495
0.659502 -0.275422 -0.384581
0.398354 0.057774 -0.356861
-0.208480 -0.328777 -0.214525
0.650653 -0.068398 -0.324874
0.670374 0.272007 0.073199
-0.153936 0.272377 -0.036081
0.528990 0.278223 -0.130629
-0.095596 0.002354 0.360532
0.727189 -0.468908 -0.226558
0.482935 0.197837 -0.052685
-0.541819 0.154391 -0.607835
0.305888 -0.042784 0.183356
-0.239669 -0.192091 0.278976
0.572529 -0.380739 -0.319599
0.421875 0.201681 -0.211340
0.360868 -0.000399 -0.229744
0.406458 0.107362 -0.109756
0.389103 0.154753 0.035247
-0.346621 0.119992 0.396286
-0.429171 -0.285387 -0.555988
0.122858 -0.049507 -0.428570
0.314588 -0.127084 -0.270456
-0.323790 0.210783 -0.754245
0.644423 0.017117 0.262828
-0.511888 0.043122 -0.843262
-0.505606 0.065140 0.217584
-0.914166 0.167867 -0.715760
-0.163582 -0.405884 0.081146
-0.394704 -0.134906 0.650500
0.409789 -0.145161 -0.047146
-0.288860 -0.385140 -0.298758
-0.884680 -0.024741 -1.043238
0.464772 -0.328191 -0.172239
0.064987 -0.385541 -0.508112
0.508160 0.040283 -0.002940
0.563558 0.131065 -0.507435
-0.476473 -0.300934 -0.416731
-0.361973 -0.037169 -0.707662
0.026757 -0.191950 -0.479016
0.429692 0.199740 -0.374817
-0.425910 -0.327591 -0.060035
0.153925 0.135068 -0.177981
-0.275641 -0.218898 -0.575570
0.020580 0.089958 -0.251486
0.122346 -0.054283 -0.210094
-0.434461 -0.185176 0.128178
0.232863 -0.185666 -0.173971
0.521415 0.187633 0.138067
-0.785858 -0.245628 -0.655759
-0.126190 0.173995 0.439715
-0.363072 -0.031206 0.418801
0.608395 -0.194738 -0.200092
0.239557 -0.245873 -0.366992
-0.760575 -0.392109 -0.569099
-0.444397 -0.264300 -0.801848
0.691768 -0.350129 -0.189729
-0.320314 -0.362128 -0.503939
-0.279246 0.316846 0.061429
0.045507 0.181962 -0.212648
0.023639 -0.264309 -0.027440
-0.239106 -0.733890 -0.163266
-0.338762 -0.662233 0.008163
-0.371815 -0.647574 -0.407249
-0.322253 -0.478349 0.280426
-0.349972 -0.465907 -0.248229
-0.388881 -0.387101 0.199621
-0.397554 -0.347543 -0.368781
-0.392349 -0.250314 0.327345
-0.420718 -0.333166 -0.182369
-0.468183 -0.239675 0.155204
-0.495870 -0.269442 -0.327224
-0.486424 -0.102297 0.204811
-0.559400 -0.144225 -0.446215
-0.535767 -0.002334 0.071322
-0.524972 -0.068245 -0.816329
-0.507449 0.045104 0.062386
-0.577608 -0.083443 -0.875140
-0.579692 0.064053 -0.182057
-0.504712 0.022789 -0.972333
-0.468322 0.182675 0.004830
-0.500381 0.084703 -0.628261
-0.491977 0.239190 -0.168693
-0.431762 0.181557 -0.661722
-0.375529 0.263827 0.108616
-0.423124 0.172546 -0.360096
-0.442683 0.196557 0.070224
-0.395939 0.171006 -0.416554
-0.364751 0.191684 0.197645
-0.422406 0.201901 -0.256388
-0.416250 0.244680 0.035516
-0.311589 0.334980 -0.211275
-0.158039 0.393173 0.063500
-0.433106 -0.826831 -0.267055
-0.443162 -0.809584 -0.178526
-0.475290 -0.884306 -0.201720
-0.484942 -0.724444 -0.102677
-0.428540 -0.697823 -0.487882
-0.492692 -0.470171 0.097916
-0.497990 -0.482138 -0.199320
-0.539225 -0.374766 0.014627
-0.540359 -0.423964 -0.359782
-0.538461 -0.315836 0.122834
-0.597836 -0.311943 -0.225352
-0.613040 -0.215366 0.106988
-0.682168 -0.179588 -0.538810
-0.735386 -0.050938 0.076526
-0.836615 -0.064567 -0.709815
-0.842597 0.050086 -0.384309
-0.818796 -0.030053 -1.271120
-0.844503 0.087491 -0.400319
-0.816458 -0.053031 -1.149912
-0.792422 0.106969 -0.517576
-0.670209 0.035889 -1.175102
-0.667587 0.218569 -0.201826
-0.612416 -0.045581 -0.663010
-0.528759 0.116045 -0.159637
-0.479549 0.071487 -0.621400
-0.508519 0.205875 0.150375
-0.516497 0.112354 -0.294083
-0.481892 0.144206 0.116685
-0.438505 0.155631 -0.480796
-0.453591 0.209746 0.238337
-0.432634 0.214955 -0.144771
-0.230213 0.245852 0.024456
-0.336253 -0.943481 -0.134382
-0.452183 -0.927120 -0.181650
-0.490098 -0.920871 -0.515576
-0.526636 -0.725728 0.052677
-0.544882 -0.612033 -0.249529
-0.599181 -0.492279 -0.161698
-0.521757 -0.380185 -0.382889
-0.512677 -0.305861 0.081145
-0.524681 -0.336969 -0.153284
-0.584688 -0.326809 -0.090973
-0.589602 -0.283425 -0.418732
-0.610173 -0.185912 -0.104611
-0.699908 -0.100196 -0.577637
-0.706589 -0.066165 -0.358334
-0.800566 -0.039004 -1.062718
-0.801763 0.028186 -0.484708
-0.929737 0.041165 -1.108518
-0.832247 0.108859 -0.898053
-0.845912 0.037277 -1.335280
-0.796743 0.188182 -0.670653
-0.837232 0.178097 -0.968183
-0.722700 0.282223 -0.812833
-0.636267 0.223482 -0.933285
-0.553682 0.290025 -0.284630
-0.548158 0.264898 -0.509584
-0.485230 0.309161 -0.198182
-0.421949 0.279083 -0.559608
-0.434845 0.301451 0.031634
-0.447946 0.252793 -0.249245
-0.399833 0.330483 -0.053635
-0.346872 0.364565 -0.319884
-0.268083 0.484639 -0.155730
-0.388488 -1.172251 -0.562065
-0.455660 -1.211200 -0.399828
-0.489561 -1.280026 -0.599289
-0.537141 -1.027132 -0.242219
-0.481867 -0.979079 -0.730014
-0.514575 -0.615701 -0.107180
-0.456657 -0.629569 -0.377265
-0.491371 -0.425246 -0.140041
-0.437693 -0.447286 -0.503876
-0.502684 -0.277802 -0.052178
-0.513844 -0.276415 -0.377698
-0.590841 -0.185878 -0.164353
-0.639890 -0.114272 -0.835773
-0.717093 -0.032032 -0.271933
-0.850155 -0.017885 -0.994181
-0.966771 0.015034 -0.686835
-1.000788 0.015652 -1.495189
-0.963090 0.074911 -0.620110
-1.055181 -0.055644 -1.376049
-0.996431 0.061609 -0.903726
-0.924300 0.050849 -1.485829
-0.821104 0.231936 -0.582517
-0.759759 0.136665 -1.030173
-0.632658 0.208670 -0.532683
-0.522410 0.172625 -0.982555
-0.477057 0.346200 -0.053391
-0.400441 0.193741 -0.568273
-0.393176 0.280806 0.032475
-0.345713 0.261850 -0.697088
-0.359965 0.377241 0.204387
-0.336519 0.401661 -0.340528
-0.267177 0.420683 -0.048568
-0.312326 -1.622733 -0.482837
-0.425046 -1.567135 -0.413654
-0.505641 -1.560488 -0.820107
-0.529232 -1.273660 -0.350529
-0.625174 -1.011453 -0.611552
-0.607329 -0.964116 -0.579843
-0.565937 -0.647647 -0.506379
-0.498716 -0.500801 -0.269478
-0.487220 -0.412750 -0.327024
-0.530922 -0.397152 -0.392679
-0.619000 -0.263853 -0.407442
-0.631502 -0.197012 -0.459454
-0.757022 -0.036512 -0.796945
-0.795711 -0.123746 -0.774000
-1.037723 0.006645 -1.126968
-1.053833 -0.013861 -0.889944
-1.222372 0.132251 -1.088484
-1.120492 0.091623 -1.219689
-1.190887 0.165888 -1.278235
-1.079991 0.145026 -1.088075
-1.169589 0.279561 -1.029620
-0.999487 0.250170 -1.305727
-0.900310 0.372053 -0.969338
-0.721422 0.424563 -0.796313
-0.653978 0.593235 -0.627270
-0.553879 0.531649 -0.614390
-0.535352 0.690233 -0.653089
-0.456482 0.710061 -0.255223
-0.469859 0.807704 -0.379410
-0.368149 0.612779 -0.130345
-0.373442 0.885271 -0.283404
-0.311382 0.814895 -0.167436
-0.464565 -2.103231 -0.831640
-0.519490 -2.162972 -0.838449
-0.553350 -2.347769 -1.076046
-0.700308 -1.937106 -0.745886
-0.679918 -1.861384 -1.243141
-0.749139 -1.354681 -0.752599
-0.722158 -1.268113 -0.883894
-0.708205 -0.937108 -0.773815
-0.642857 -0.855918 -0.764886
-0.639323 -0.496290 -0.423050
-0.667715 -0.322274 -0.490120
-0.780561 -0.252360 -0.510695
-0.855164 -0.091441 -0.813362
-0.951997 -0.162623 -0.545349
-1.081714 -0.049342 -1.141072
-1.159341 -0.092463 -0.906952
-1.205042 -0.086463 -1.602952
-1.129351 -0.005869 -0.632255
-1.175618 -0.055712 -1.328169
-1.131461 0.014516 -1.116768
-1.065768 0.080297 -1.427947
-0.978859 0.125000 -0.851218
-0.914165 0.170693 -0.993673
-0.784622 0.230183 -0.867998
-0.659631 0.335690 -0.873708
-0.636827 0.454983 -0.442146
-0.565101 0.460075 -0.447628
-0.510363 0.479367 -0.357631
-0.468249 0.461888 -0.507356
-0.439260 0.585874 -0.028568
-0.395478 0.571438 -0.282091
-0.315592 0.662878 -0.179838
-0.370731 -2.431647 -0.603462
-0.455489 -2.496844 -0.693679
-0.580474 -2.577295 -1.193560
-0.634313 -2.201195 -0.744567
-0.804978 -1.802752 -0.963976
-0.749544 -1.667823 -1.088229
-0.740128 -1.259229 -0.949505
-0.642561 -0.959369 -0.675156
-0.647175 -0.613068 -0.581528
-0.697559 -0.470775 -0.807441
-0.786255 -0.150645 -0.793273
-0.840691 -0.071194 -0.697392
-1.000624 0.171333 -1.204231
-1.025348 -0.047504 -1.005850
-1.231412 0.136266 -1.679970
-1.146367 -0.039168 -0.707922
-1.299775 0.156825 -1.577300
-1.099503 0.116009 -0.962563
-1.103945 0.141183 -1.803965
-0.979346 0.184918 -0.731580
-1.066884 0.302068 -1.270494
-0.899211 0.407894 -1.172584
-0.838389 0.641948 -1.267545
-0.754476 0.790081 -0.866512
-0.779341 1.223356 -0.923315
-0.685216 1.305604 -1.103366
-0.678627 1.580328 -1.154712
-0.608264 1.537162 -0.662652
-0.613659 1.732140 -0.763757
-0.421144 1.731342 -0.327708
-0.367876 1.670688 -0.531452
-0.352628 1.435335 -0.301625
-0.429544 -2.941028 -0.793824
-0.435932 -3.124547 -0.794008
-0.564757 -3.301975 -1.211166
-0.694251 -2.862487 -0.724329
-0.693187 -2.661305 -1.508544
-0.762416 -2.184206 -0.750171
-0.782235 -2.050405 -1.301042
-0.827640 -1.740782 -0.946574
-0.772839 -1.546135 -1.281787
-0.640256 -0.972074 -0.446032
-0.650893 -0.509604 -0.922349
-0.669323 -0.253918 -0.369005
-0.788685 0.037596 -1.276941
-0.759753 -0.135621 -0.260932
-1.070421 -0.047406 -1.586080
-1.021056 -0.179739 -0.239682
-1.066837 -0.076420 -2.185902
-0.772381 -0.142366 -0.005624
-0.877819 -0.203988 -1.880691
-0.803438 -0.072679 -0.407497
-0.845684 0.021513 -1.880408
-0.684945 0.172201 -0.339016
-0.704795 0.185166 -1.387300
-0.696235 0.443488 -0.446941
-0.737964 0.597431 -1.028063
-0.664505 0.760216 -0.322807
-0.705734 0.880657 -0.658656
-0.690430 0.946182 -0.358651
-0.653094 1.076730 -0.754982
-0.496458 1.192365 -0.158295
-0.352669 1.132593 -0.479936
-0.368143 1.195789 -0.181076
-0.275535 -2.978375 -0.416095
-0.347197 -3.104059 -0.614592
-0.494079 -3.159834 -1.039599
-0.522296 -2.717824 -0.704985
-0.692620 -2.368997 -0.927964
-0.715587 -2.227688 -0.917355
-0.816910 -1.697117 -1.057426
-0.712073 -1.414184 -0.816268
-0.657340 -0.812107 -0.672375
-0.654427 -0.534440 -0.635807
-0.699010 -0.133636 -0.816670
-0.662320 0.006195 -0.702519
-0.771645 0.315071 -1.075143
-0.734708 0.086120 -0.726747
-1.018411 0.222107 -1.585867
-0.883740 0.018566 -0.521083
-0.897299 0.122703 -1.318994
-0.754450 0.052981 -0.279827
-0.819750 0.105889 -1.649716
-0.731473 0.116363 -0.510288
-0.795345 0.228898 -1.401924
-0.708764 0.599952 -0.641843
-0.694046 0.938667 -1.238049
-0.647014 1.359649 -0.818570
-0.642856 1.904186 -1.023072
-0.663855 2.082899 -0.984507
-0.717927 2.501024 -1.234062
-0.653466 2.576894 -0.894337
-0.544182 2.778882 -0.832853
-0.342583 2.662447 -0.216201
-0.342066 2.640622 -0.427992
-0.394626 2.317370 -0.337204
-0.300401 -3.254429 -0.628174
-0.243071 -3.517500 -0.546533
-0.384042 -3.673641 -0.909442
-0.509725 -3.213687 -0.309461
-0.519791 -3.089432 -1.220555
-0.651177 -2.653221 -0.365111
-0.652990 -2.500321 -1.094049
-0.700464 -2.222955 -0.550042
-0.649248 -2.143567 -1.244399
-0.482485 -1.810895 -0.335925
-0.499623 -0.875095 -0.861439
-0.490307 -0.342733 -0.283186
-0.571674 -0.058254 -1.066854
-0.493907 -0.110545 -0.101362
-0.632105 0.048726 -1.361827
-0.507260 -0.112643 -0.222977
-0.642375 -0.155476 -1.849218
-0.637180 -0.136050 0.165405
-0.850300 -0.103711 -1.601882
-0.833434 -0.029806 -0.274298
-0.787654 -0.004577 -1.739763
-0.670899 0.228037 -0.196376
-0.675339 0.175108 -1.140365
-0.655036 0.456313 -0.374083
-0.658547 0.612027 -0.663964
-0.669744 0.954135 -0.406677
-0.708944 1.089975 -0.312011
-0.662358 1.434048 -0.416209
-0.646455 1.630717 -0.408194
-0.490169 2.005681 -0.007890
-0.388632 1.943204 -0.298814
-0.400644 1.987228 -0.072993
-0.114575 -2.891060 -0.223380
-0.150109 -2.999810 -0.147311
-0.292350 -2.979738 -0.770468
-0.303480 -2.484521 -0.158574
-0.461695 -2.121542 -0.653572
-0.508234 -1.787290 -0.170757
-0.603027 -1.544418 -0.977686
-0.576707 -1.127072 0.019259
-0.584976 -0.754973 -0.769860
-0.533589 -0.509941 0.074203
-0.577363 -0.272903 -1.232176
-0.471586 -0.084786 0.498971
-0.598896 0.198724 -1.731747
-0.541563 0.054373 0.361315
-0.714203 0.197104 -2.404908
-0.478128 0.050103 0.848513
-0.656583 0.236616 -2.110989
-0.599032 0.061589 0.240131
-0.669422 0.281332 -2.413720
-0.626839 0.218863 0.326748
-0.741924 0.357079 -1.882349
-0.672553 0.641033 -0.109693
-0.677719 1.001060 -1.542622
-0.610440 1.532358 -0.128286
-0.613098 2.086406 -1.122813
-0.638069 2.535952 -0.479114
-0.647397 3.040938 -1.331531
-0.619474 3.292835 -0.369441
-0.526143 3.597258 -0.785260
-0.439607 3.493099 -0.175053
-0.349253 3.319942 -0.407960
-0.393822 2.905333 -0.476181
-0.220692 -2.957214 -0.405979
-0.121210 -3.209976 -0.121417
-0.170584 -3.289336 -0.628690
-0.236382 -2.844027 0.293643
-0.253996 -2.748734 -0.970189
-0.382630 -2.312835 0.471003
-0.397136 -2.124769 -0.870657
-0.476787 -1.725136 0.231655
-0.480920 -1.548907 -1.193490
-0.329242 -0.870729 0.588098
-0.378223 -0.521298 -1.216651
-0.305966 -0.333335 0.896878
-0.425927 -0.047727 -1.914181
-0.167041 -0.179701 1.472862
-0.336372 0.015595 -2.202938
-0.249351 -0.081910 1.125028
-0.383331 0.066342 -2.840153
-0.175220 0.012466 1.669788
-0.394598 0.034022 -2.580498
-0.362327 0.109572 0.997573
-0.505560 0.181486 -2.439542
-0.398310 0.421830 0.757268
-0.515991 0.333443 -1.535642
-0.439575 0.564222 0.246738
-0.511736 0.742868 -1.092309
-0.493165 0.940035 0.181928
-0.621807 1.320921 -0.576725
-0.587191 1.876001 0.023671
-0.589975 2.312384 -0.316248
-0.426457 2.685440 0.276074
-0.276056 2.655558 -0.245582
-0.380188 2.503642 -0.062589
-0.111033 -2.246156 0.073989
-0.157594 -2.387301 0.015662
-0.166943 -2.397354 -0.329845
-0.211896 -1.918705 0.117298
-0.311244 -1.662580 -0.204888
-0.437677 -1.271485 -0.102556
-0.472366 -1.134947 -0.508303
-0.489632 -0.771540 0.117253
-0.543482 -0.575497 -0.390816
-0.446147 -0.443940 0.063852
-0.472090 -0.252307 -0.760420
-0.335760 -0.088342 0.567395
-0.440100 0.141058 -1.086742
-0.284385 -0.075152 0.828147
-0.426163 0.078116 -2.068080
-0.280071 -0.046377 1.019318
-0.468323 0.119355 -1.747746
-0.325378 -0.150665 0.762897
-0.492203 0.222550 -2.066189
-0.361074 0.093823 0.424543
-0.528891 0.239258 -1.351419
-0.374888 0.285405 0.476161
-0.511878 0.449766 -1.049905
-0.385332 0.856865 0.082138
-0.410758 1.543292 -0.766500
-0.353146 2.150351 0.642706
-0.377662 2.641068 -0.697588
-0.387367 2.999534 0.669094
-0.345469 3.559273 -0.648957
-0.282588 3.555399 0.346132
-0.261521 3.583698 -0.074552
-0.331926 3.121553 0.158102
-0.173091 -2.237534 -0.174705
-0.038084 -2.520221 -0.076490
-0.079487 -2.618074 -0.233429
-0.159492 -2.338683 0.317011
-0.149341 -2.365548 -0.517529
-0.191644 -2.069741 0.467626
-0.212675 -1.746589 -0.377460
-0.333592 -1.297836 0.108058
-0.325051 -1.111379 -0.525775
-0.274076 -0.811385 0.291632
-0.319565 -0.491439 -0.344378
-0.219270 -0.467276 0.504072
-0.219412 -0.202073 -0.823243
-0.153598 -0.328233 1.238864
-0.352750 0.022062 -0.802606
-0.220004 -0.078988 0.707030
-0.326079 -0.053582 -1.402768
-0.237629 -0.041957 1.413831
-0.454035 -0.035071 -1.066457
-0.306945 -0.068016 0.586440
-0.438453 -0.026370 -1.347003
-0.304548 0.105238 0.645214
-0.436228 0.146654 -0.872368
-0.376557 0.224816 0.166458
-0.389116 0.489333 -0.712432
-0.362230 0.657237 0.152569
-0.511897 1.037935 -0.375028
-0.469232 1.468533 0.208158
-0.439260 1.986450 -0.260864
-0.360132 2.252483 0.400434
-0.210780 2.278089 -0.064186
-0.228674 2.170444 0.312012
-0.104334 -1.554132 0.090643
-0.153313 -1.651174 0.197054
-0.242385 -1.644759 -0.264526
-0.262844 -1.351188 0.319192
-0.315087 -1.117388 -0.152828
-0.326409 -0.891206 0.231487
-0.340904 -0.763966 -0.463674
-0.313198 -0.587025 0.381748
-0.368239 -0.439694 -0.450735
-0.312588 -0.316685 0.423612
-0.305697 -0.196500 -0.813781
-0.206833 -0.120019 0.817579
-0.252679 -0.002580 -0.955350
-0.220128 -0.123261 0.740443
-0.347848 0.079098 -1.738723
-0.265433 0.072846 1.384901
-0.331875 0.164105 -1.305147
-0.215083 0.120387 0.675682
-0.274427 0.164375 -1.609342
-0.249838 0.174547 0.894564
-0.309573 0.219941 -1.038547
-0.285630 0.238387 0.398462
-0.298748 0.455088 -1.029923
-0.267611 0.755977 0.684018
-0.305575 0.937171 -0.640861
-0.274080 1.567769 0.434183
-0.236585 2.172805 -0.768940
-0.200778 2.414657 0.633245
-0.177784 3.016608 -0.256107
-0.116286 3.052293 0.664354
-0.175310 2.966123 0.088794
-0.199000 2.548159 0.045907
-0.160299 -1.594523 -0.129634
-0.087885 -1.812300 0.104262
-0.120720 -1.850526 -0.254688
-0.151403 -1.659158 0.396567
-0.121809 -1.522878 -0.512085
-0.135653 -1.280925 0.601154
-0.120518 -0.851315 -0.392672
-0.178604 -0.711421 0.396259
-0.185845 -0.650630 -0.697043
-0.163290 -0.485131 0.789055
-0.117116 -0.329890 -0.578183
-0.137498 -0.278117 0.712720
-0.156006 -0.035706 -1.006996
-0.181072 -0.042483 1.214890
-0.203665 -0.018618 -0.883228
-0.168447 -0.001806 0.950341
-0.196186 0.023952 -1.549828
-0.130609 0.131912 1.631669
-0.055906 0.034392 -0.943275
-0.069073 0.027023 0.926483
-0.157598 0.081927 -1.174456
-0.135996 0.244434 1.216408
-0.099399 0.157506 -0.721926
-0.112772 0.280202 0.579269
-0.140205 0.525668 -0.705883
-0.126244 0.710394 0.390559
-0.239753 0.844567 -0.451210
-0.244257 1.144535 0.209986
-0.240999 1.436298 -0.305710
-0.156214 1.725556 0.498263
-0.107567 1.844598 -0.121213
-0.186050 1.749641 0.291822
-0.259090 -1.068759 0.154243
-0.253820 -1.078349 0.058674
-0.251897 -1.073687 -0.108833
-0.193551 -0.856525 0.278608
-0.221668 -0.664193 -0.013192
-0.206818 -0.551162 0.102723
-0.242612 -0.546399 -0.369868
-0.213180 -0.399358 0.358561
-0.216140 -0.353581 -0.347330
-0.177624 -0.266258 0.331891
-0.106775 -0.227993 -0.571455
-0.091473 -0.132252 0.522105
-0.046693 -0.098519 -0.620071
-0.064697 -0.033084 0.495847
-0.036135 0.038350 -0.721128
-0.083669 0.066146 0.607761
-0.107366 -0.005669 -0.601487
-0.048711 0.107690 0.486368
-0.019626 -0.000480 -0.595573
-0.139153 0.088298 0.613948
-0.233676 0.025442 -0.671355
-0.245473 0.225273 0.454573
-0.187723 0.266603 -0.598767
-0.191862 0.458736 0.275244
-0.181581 0.739479 -0.319295
-0.125890 1.049446 0.697500
-0.140602 1.258754 -0.494326
-0.043585 1.754776 0.759770
-0.080198 2.192079 -0.306095
-0.077285 2.262915 0.528501
-0.161963 2.326336 0.074281
-0.144295 2.048791 0.176000
-0.172004 -1.059836 -0.041902
-0.115477 -1.146041 0.013095
-0.129770 -1.158713 -0.003153
-0.164169 -1.058278 0.134214
-0.163767 -1.003421 -0.297540
-0.128236 -0.846035 0.240757
-0.146730 -0.594793 -0.136664
-0.182343 -0.524975 0.108610
-0.128288 -0.492382 -0.379647
-0.055588 -0.380941 0.316646
0.050561 -0.296642 -0.286774
0.113721 -0.183159 0.329536
0.220588 -0.149591 -0.333617
0.271074 -0.072597 0.374446
0.320663 -0.028267 -0.241677
0.267098 0.072116 0.211920
0.274183 0.025111 -0.279654
0.209462 0.052219 0.399603
0.184061 -0.016116 -0.336673
0.101145 0.075017 0.323594
0.014844 0.053850 -0.485565
-0.070932 0.126035 0.571339
-0.123362 0.159756 -0.411516
-0.136138 0.180611 0.282330
-0.115728 0.422482 -0.375391
-0.076613 0.373419 0.200852
-0.213962 0.670824 -0.188481
-0.237597 0.699097 0.215217
-0.284607 0.835075 -0.271968
-0.290133 1.090515 0.236032
-0.277431 1.113155 -0.073127
-0.288490 1.213450 0.146693
-0.272107 -0.795963 0.052570
-0.293355 -0.773317 0.042118
-0.312810 -0.771418 -0.201516
-0.238430 -0.589544 0.282570
-0.264902 -0.510471 -0.104194
-0.227180 -0.421318 0.179261
-0.196274 -0.424512 -0.265193
-0.104662 -0.354645 0.271569
-0.022643 -0.332393 -0.161460
0.121028 -0.289093 0.229186
0.267537 -0.264490 -0.236636
0.403862 -0.203976 0.220885
0.473955 -0.124539 -0.173803
0.514601 -0.077469 0.264153
0.513515 -0.026838 -0.293681
0.494136 0.029397 0.188616
0.460871 0.026871 -0.171257
0.450407 0.106829 0.209722
0.438951 0.055333 -0.318265
0.376451 0.102894 0.206612
0.214696 0.097127 -0.287225
0.073712 0.174169 0.200582
-0.061423 0.201748 -0.389928
-0.056416 0.256516 0.120203
-0.128727 0.423694 -0.267924
-0.098474 0.491159 0.062401
-0.118539 0.629204 -0.535480
-0.093273 0.940237 0.313280
-0.168968 1.304447 -0.259522
-0.152167 1.487834 0.411127
-0.159023 1.521435 -0.031982
-0.186863 1.388734 0.001616
-0.272939 -0.708434 -0.106676
-0.272079 -0.718350 0.031787
-0.237149 -0.744479 -0.121442
-0.247331 -0.618032 0.112502
-0.219324 -0.591378 -0.259738
-0.205502 -0.445964 0.249586
-0.119917 -0.430762 -0.072562
0.009477 -0.382560 0.083660
0.156503 -0.385250 -0.218447
0.305310 -0.336338 0.198338
0.438471 -0.307381 -0.159849
0.590508 -0.264381 0.176676
0.603509 -0.233738 -0.223095
0.636550 -0.209364 0.299275
0.620484 -0.127488 -0.172995
0.669680 -0.087937 0.196377
0.616791 -0.043603 -0.349322
0.632966 0.011678 0.246019
0.615419 0.036355 -0.218539
0.584607 0.118982 0.159554
0.440588 0.144912 -0.301907
0.311316 0.206019 0.158888
0.180905 0.262097 -0.164970
0.072508 0.235229 0.093143
-0.095991 0.369427 -0.336381
-0.095578 0.358457 0.037298
-0.147242 0.464120 -0.264576
-0.154956 0.487875 0.026669
-0.222563 0.601996 -0.191895
-0.276690 0.705100 0.124983
-0.286800 0.757549 -0.154175
-0.221817 0.858227 0.038331
-0.360298 -0.651788 0.053087
-0.394820 -0.618922 0.037114
-0.363113 -0.643080 -0.087486
-0.317775 -0.527762 0.202288
-0.304692 -0.501613 -0.031391
-0.234836 -0.464336 0.053604
-0.075553 -0.426297 -0.111073
0.124152 -0.402079 0.113442
0.313913 -0.394466 -0.126393
0.450058 -0.384767 0.103893
0.545885 -0.345864 -0.178471
0.644302 -0.312512 0.186880
0.657654 -0.243142 -0.147225
0.675221 -0.213672 0.059364
0.619451 -0.125010 -0.119666
0.632742 -0.069235 0.213301
0.627937 0.006662 -0.167944
0.635151 0.099733 0.151237
0.587116 0.173355 -0.165943
0.591955 0.245370 0.132754
0.532630 0.260223 -0.190413
0.432099 0.302461 0.035299
0.272550 0.303224 -0.133970
0.180332 0.308600 -0.026453
0.037075 0.323646 -0.137339
-0.004964 0.369931 -0.012727
-0.088496 0.414599 -0.181347
-0.067661 0.584655 0.063104
-0.091675 0.801908 -0.212411
-0.044431 0.927993 0.199491
-0.107444 1.000618 0.123020
-0.101056 1.015594 0.096373
-0.338933 -0.697936 -0.081329
-0.351623 -0.666418 0.105144
-0.326752 -0.668364 -0.012042
-0.293901 -0.508167 0.037635
-0.200921 -0.513379 -0.211341
-0.121173 -0.434371 0.113342
0.047279 -0.446469 0.025999
0.232362 -0.401397 -0.007401
0.402019 -0.444206 -0.132413
0.500896 -0.442307 0.023754
0.586347 -0.411918 -0.093944
0.618229 -0.432619 0.049320
0.606789 -0.398155 -0.040795
0.589162 -0.390277 0.159183
0.598028 -0.327694 0.022791
0.615760 -0.251783 0.120458
0.598377 -0.168881 0.015091
0.575865 -0.053837 0.176800
0.594992 0.022516 -0.093802
0.606270 0.144368 0.093346
0.580130 0.176948 -0.171340
0.502396 0.252812 0.021996
0.427996 0.251876 -0.199283
0.327658 0.308834 -0.062863
0.204053 0.299718 -0.235313
0.075486 0.254013 -0.098964
-0.048789 0.325452 -0.134234
-0.118031 0.369968 -0.069428
-0.204145 0.493531 -0.127430
-0.272825 0.614339 0.029491
-0.260588 0.573547 -0.025866
-0.221915 0.646216 0.044910
-0.285175 -0.678910 -0.000611
-0.315564 -0.601222 0.100998
-0.284863 -0.584853 -0.199617
-0.199806 -0.471914 0.279368
-0.141915 -0.534998 -0.100524
-0.067574 -0.510439 0.050899
0.119094 -0.507924 -0.116674
0.320729 -0.480594 0.017993
0.479855 -0.444066 -0.081573
0.546843 -0.452924 0.037789
0.517932 -0.399580 -0.118217
0.556320 -0.440907 -0.033263
0.542800 -0.327414 -0.061098
0.583989 -0.302478 0.028529
0.550232 -0.216517 -0.267150
0.577965 -0.195344 0.098930
0.626464 -0.077351 -0.185666
0.640109 0.088064 0.099066
0.643710 0.181483 -0.248321
0.640023 0.239499 0.020010
0.625581 0.229089 -0.195440
0.598435 0.325517 -0.020477
0.513726 0.284700 -0.191703
0.460570 0.294941 -0.091960
0.289428 0.251382 -0.102406
0.203634 0.271709 -0.097362
0.048634 0.350101 -0.078570
-0.004296 0.514267 -0.070495
-0.096204 0.627392 -0.052179
-0.102469 0.925181 0.081146
-0.145859 0.792818 0.016075
-0.157470 0.845400 -0.178580
-0.124273 -0.528696 -0.033410
-0.111904 -0.531378 0.172152
-0.131424 -0.501428 -0.020176
-0.091216 -0.393185 0.247755
-0.047085 -0.382244 -0.149582
0.044181 -0.349859 0.198456
0.167640 -0.378241 -0.057668
0.272328 -0.379121 0.097734
0.408855 -0.364874 -0.045007
0.450692 -0.347167 0.092743
0.542612 -0.322981 0.017612
0.547922 -0.385632 0.165676
0.602848 -0.306503 0.148470
0.571290 -0.311104 0.350999
0.622376 -0.234598 0.197120
0.630399 -0.215883 0.244407
0.689168 -0.143881 -0.009579
0.654771 -0.031639 0.238274
0.692044 0.040902 0.052077
0.684036 0.117473 0.092714
0.686139 0.143094 -0.050095
0.601350 0.218487 0.048144
0.577335 0.189138 -0.109990
0.475421 0.259743 0.003136
0.413481 0.193589 -0.149241
0.294509 0.169941 -0.021295
0.206187 0.236403 -0.083902
0.126426 0.289235 -0.066139
0.068269 0.476526 -0.053881
0.028160 0.600902 0.034838
-0.099221 0.673224 0.009201
-0.053316 0.634050 -0.023664
