0.847267 -0.497490 -0.551968
0.675211 -0.398525 -0.243630
0.732197 -0.585620 -0.017250
0.290928 0.442630 -0.253389
0.435238 -0.427842 0.155593
0.771692 0.580294 0.065519
0.316208 0.117735 0.492648
0.398201 0.637761 0.250211
0.841487 0.404663 0.068455
0.353941 0.579449 0.284214
0.128383 0.322828 0.546651
0.450833 0.215709 0.397944
0.042126 0.346172 0.647151
0.589883 0.162335 0.434884
0.223798 0.507759 0.551619
0.895201 -0.713250 -0.239433
0.543688 -0.522793 -0.473559
0.797695 -0.674664 -0.036781
0.063027 0.463250 0.026062
-0.209674 0.264677 -0.306843
0.681140 -0.420182 -0.073589
0.674284 0.578126 0.229649
0.650841 0.268477 -0.135422
0.244508 -0.062700 -0.566543
0.141013 -0.067447 0.609392
0.707886 0.061311 0.381383
-0.015095 0.575668 0.140448
0.741111 -0.536245 0.050455
-0.504675 0.319930 0.075532
0.584895 -0.552896 -0.066357
-0.423331 0.067990 -0.367127
0.400119 -0.110649 -0.467924
0.520321 0.330195 -0.253743
0.625828 -0.297921 -0.366102
0.669998 -0.013043 -0.348061
0.773870 0.397353 0.097845
0.876727 -0.536701 -0.146141
0.407599 0.150822 -0.462949
0.840043 0.261394 0.482957
0.152053 0.350286 -0.420525
0.073483 0.339084 0.420240
0.378772 0.381223 0.449938
0.259830 -0.414796 0.385243
0.272451 -0.355319 -0.517030
-0.054141 -0.086705 -0.389419
0.297888 -0.549978 -0.338249
-0.541610 -0.409449 0.316202
0.878909 0.331070 0.628677
-0.131254 0.193816 -0.310065
0.760173 0.051799 0.434629
0.910377 -0.392136 0.027856
0.521710 0.348515 0.102627
0.482869 0.441298 0.413884
-0.028938 -0.040853 0.651378
-0.000223 -0.221759 0.491626
0.766252 -0.191501 0.113249
0.933192 -0.255957 -0.525275
0.615656 0.625338 0.445299
-0.441710 0.266711 -0.184449
0.676933 0.101658 -0.122989
-0.284089 -0.008377 -0.265943
0.123415 0.495450 -0.378857
-0.320628 -0.509208 0.134001
0.226558 -0.558083 0.095060
0.065017 -0.575078 -0.201421
0.507496 -0.256309 -0.551169
-0.146487 0.320671 0.401809
0.325895 0.093021 0.559972
0.309725 0.609413 0.458266
-0.189652 0.264559 0.609503
0.703005 0.555434 0.366718
0.637630 0.015352 -0.186659
-0.313723 0.042234 0.455649
0.754730 -0.073340 0.311154
0.703475 0.454653 -0.356363
0.554122 -0.286072 -0.204245
0.655704 0.079177 0.371216
0.517296 -0.526865 -0.283941
0.305041 -0.234448 0.444330
0.454655 0.572728 0.224619
0.337467 -0.667877 -0.039459
-0.451880 -0.224674 0.381454
0.739396 0.238712 -0.129952
-0.549358 0.068735 0.372694
0.505039 -0.702097 -0.259852
0.208214 -0.149534 -0.402676
0.621931 -0.564372 -0.290019
0.711099 -0.387123 -0.256541
-0.185106 0.443387 0.087213
0.833198 -0.134948 -0.391570
-0.591393 -0.226284 0.398114
0.779063 -0.408739 -0.032049
0.287020 0.380897 0.601844
-0.189051 0.088868 0.401040
0.829943 0.235162 0.354505
0.825447 0.095902 0.463112
0.064601 -0.647379 0.080954
0.582699 0.212581 -0.614137
0.535590 -0.478899 0.036536
-0.014888 -0.237692 -0.353438
-0.316685 0.157643 0.345456
0.127800 0.578271 0.296044
0.756454 -0.360061 -0.436700
0.181985 -0.139934 0.471670
0.505201 -0.153468 -0.439410
0.476268 0.480794 -0.290154
-0.131237 0.431854 0.236618
0.160901 0.515113 -0.185749
0.436678 0.021939 0.384598
0.448419 -0.050834 -0.595243
-0.404160 0.392717 0.257956
0.482493 -0.330619 -0.453670
0.606895 -0.234743 0.217231
0.686083 0.265128 0.437476
0.828955 -0.498987 -0.129711
-0.440563 -0.075959 -0.194987
0.084510 -0.465905 0.533870
0.636039 -0.237670 -0.318792
0.665812 0.196019 -0.345131
-0.321498 0.265151 -0.122328
0.550320 -0.555781 -0.038593
0.355103 -0.487996 0.202001
0.430122 -0.507019 -0.582576
0.589673 0.403602 0.162097
0.643559 -0.069913 0.021309
0.694498 0.569230 0.204084
0.504329 0.023224 -0.407496
0.652794 0.513941 0.547489
0.641789 -0.649868 -0.187584
-0.404625 0.074838 -0.168827
0.626867 0.352034 -0.032530
0.212483 -0.667041 -0.398813
-0.099403 0.449555 -0.108176
0.809292 0.653936 0.407693
-0.141680 -0.249400 -0.343915
0.444328 -0.130530 0.337334
0.784541 0.377394 0.389970
-0.027280 0.426160 0.459421
-0.164847 -0.321561 -0.226062
0.341041 0.580793 -0.048187
0.698388 -0.279243 -0.714202
-0.185512 0.304047 -0.216615
-0.366805 -0.176496 0.468390
0.088714 0.107024 -0.416936
0.515791 0.227822 0.503964
0.525669 -0.301816 0.052882
-0.276053 -0.151983 -0.266524
-0.198845 -0.084271 0.440062
-0.279046 0.329252 0.198621
0.433263 0.555086 0.028855
0.760618 -0.309882 -0.165526
0.719170 0.479429 -0.054952
0.488110 0.210633 -0.269204
0.459701 -0.056139 -0.719517
0.095635 -0.141322 -0.521404
0.148534 0.138595 0.545856
0.541973 0.411931 0.257105
-0.407922 0.386279 0.005510
0.945332 -0.646975 -0.444456
-0.117826 0.083412 0.544732
-0.488451 -0.250021 -0.217314
0.757496 0.060429 -0.573212
0.683503 0.290092 0.082655
0.481953 0.264903 0.545046
0.446643 0.384531 -0.262036
0.722471 0.463676 0.058609
0.694328 -0.379759 -0.103096
0.309269 0.367942 -0.060084
0.648773 0.312067 0.233502
0.058023 -0.431680 -0.314804
0.822098 0.397511 0.226564
-0.138613 0.191774 0.456666
0.162281 0.155599 0.683542
0.592995 0.612504 0.204685
0.608234 -0.192216 -0.438810
0.520076 0.575908 0.497193
0.805379 0.387657 0.200909
0.838033 -0.186504 -0.308527
0.163386 -0.722004 -0.086208
0.476949 -0.117427 0.288249
0.809200 0.530874 0.235789
0.236594 0.552287 0.035193
0.486507 0.568799 0.136937
0.742068 0.286277 -0.126597
0.317829 -0.057320 0.443727
0.601393 -0.503565 -0.151621
0.791448 0.449520 -0.098604
-0.330200 0.130444 -0.247485
0.609019 0.017285 0.294369
0.231411 0.077073 -0.517765
0.168415 0.278302 -0.625808
0.658682 0.193321 -0.175028
0.703472 -0.553921 -0.392002
0.377741 0.354745 -0.560711
-0.384876 0.156049 0.475918
0.568511 0.141403 0.397376
0.790076 -0.413707 -0.337254
0.530370 -0.627389 -0.119122
-0.131421 -0.582176 -0.084692
0.781028 0.121941 -0.378385
0.955904 0.400532 0.412731
0.251200 0.613544 0.130997
0.812076 0.587161 0.145008
-0.011371 0.139015 0.505330
0.827371 -0.665949 -0.328462
0.880630 0.657869 0.537210
-0.226290 0.060953 -0.283417
0.699411 0.295166 0.503136
-0.177533 -0.237867 0.439440
0.901388 -0.470736 -0.328103
0.592664 0.560535 0.046133
0.722701 0.478155 0.261513
0.602806 0.488667 -0.084750
0.729850 0.354633 0.588429
-0.242325 0.251866 0.378823
-0.085916 -0.493361 -0.261576
-0.016390 0.285795 -0.322116
0.576518 0.116588 -0.402672
-0.001307 0.140714 -0.431365
0.918469 0.450577 0.614227
-0.022807 0.031938 -0.413074
-0.143928 0.361907 0.320958
-0.568449 0.072096 -0.222506
0.049739 -0.487988 0.323444
-0.468648 -0.080812 0.518940
0.694856 0.083719 0.286079
0.174316 -0.733579 -0.155333
-0.351880 -0.123109 -0.296907
0.723635 -0.257281 0.217604
0.486450 -0.679419 -0.389414
0.820689 0.460801 0.392291
0.757184 -0.116842 -0.537775
-0.302726 -0.426858 -0.085075
-0.166236 -0.073707 -0.339414
0.251366 -0.369345 -0.388273
0.635258 -0.105183 -0.280105
-0.108974 -0.484275 0.228114
0.239638 0.473007 0.313586
-0.338734 -0.223655 -0.199240
-0.269791 0.262089 -0.028506
0.349582 0.294057 -0.398789
-0.322703 -0.342231 0.315631
0.413974 -0.721011 -0.041548
0.888144 0.607979 0.358850
-0.353453 -0.353231 -0.232978
0.354279 0.360049 0.622347
-0.369195 0.268420 0.332161
0.724216 -0.375742 -0.022492
0.128507 -0.287088 -0.340900
-0.470200 -0.392087 -0.057389
-0.143668 -0.456417 -0.269268
0.863704 -0.648608 -0.213715
-0.142440 -0.631975 -0.215445
-0.065005 0.519733 0.296066
0.426888 0.501132 -0.082902
-0.002015 -0.354647 0.392526
-0.177199 -0.289627 -0.242686
-0.141424 -0.189025 0.184590
-0.133578 -0.092359 -0.493076
-0.138759 -0.099643 0.450042
-0.252740 -0.097655 -0.422750
-0.325597 -0.057896 0.402706
-0.313675 -0.065258 -0.620545
-0.309305 0.028347 0.582688
-0.377389 -0.101577 -0.404957
-0.333413 -0.072867 0.378978
-0.275891 -0.154483 -0.512249
-0.262062 -0.017000 0.610029
-0.406828 -0.165521 -0.185523
-0.390848 -0.077604 0.393023
-0.426094 -0.193674 -0.119567
-0.405898 -0.060128 0.463703
-0.488105 -0.203188 0.012237
-0.466712 -0.130934 0.273108
-0.461620 -0.235295 0.020341
-0.394904 -0.097782 0.319387
-0.475771 -0.201497 0.013954
-0.419029 -0.116646 0.152365
-0.393627 -0.125519 -0.031884
-0.346807 -0.004426 0.281042
-0.367493 -0.059758 -0.055357
-0.306322 -0.031181 0.115776
-0.276804 -0.040580 -0.108629
-0.289320 0.037714 0.209811
-0.347155 0.042517 -0.013185
-0.387791 0.074720 -0.002017
-0.291166 0.095746 -0.075272
-0.178860 0.201067 0.092287
-0.366146 -0.199239 -0.160177
-0.304797 -0.137003 0.059214
-0.470317 -0.197529 0.018877
-0.355025 -0.239049 0.125760
-0.407968 -0.255957 -0.357018
-0.472194 -0.171746 0.514816
-0.538891 -0.207092 -0.171333
-0.510785 -0.146652 0.288866
-0.480581 -0.230594 -0.383246
-0.436838 -0.124983 0.542702
-0.478136 -0.284123 -0.064558
-0.417297 -0.189742 0.330414
-0.424480 -0.301449 -0.184766
-0.443215 -0.150014 0.577484
-0.532921 -0.304737 0.159731
-0.505066 -0.187110 0.422812
-0.466071 -0.288611 0.099891
-0.451585 -0.181340 0.402930
-0.477552 -0.321296 0.132399
-0.419765 -0.247613 0.270450
-0.452221 -0.333818 0.121266
-0.449071 -0.244384 0.315023
-0.505273 -0.301156 0.075470
-0.488416 -0.208319 0.153808
-0.469675 -0.216973 0.015104
-0.458315 -0.063850 0.169308
-0.423405 -0.079817 0.000720
-0.459069 0.007856 0.053081
-0.458748 0.021789 -0.083993
-0.497900 0.103800 0.023440
-0.446961 0.057140 0.143654
-0.256864 0.096165 -0.016540
-0.448184 -0.137486 -0.086399
-0.481357 -0.094563 0.092025
-0.501819 -0.026170 -0.340609
-0.474511 -0.040827 0.328707
-0.579264 -0.029565 -0.288824
-0.555542 -0.033652 0.110400
-0.640983 -0.035810 -0.456102
-0.618047 -0.056607 0.364212
-0.744257 -0.114784 -0.153067
-0.643771 -0.133705 0.051523
-0.706729 -0.201337 -0.276028
-0.633215 -0.122114 0.376122
-0.711431 -0.218137 0.185847
-0.537706 -0.125821 0.243612
-0.578838 -0.195651 0.288192
-0.487499 -0.122666 0.387414
-0.576435 -0.178448 0.409839
-0.537349 -0.004170 0.353801
-0.605438 -0.023627 0.358117
-0.594246 0.071307 0.326132
-0.698207 0.076418 0.252033
-0.635712 0.124632 0.217698
-0.632040 0.109101 0.067654
-0.584707 0.134129 0.128833
-0.560182 0.092312 -0.000126
-0.478588 0.099773 0.026318
-0.449966 0.057710 -0.110185
-0.444036 0.112495 0.015417
-0.464730 0.130078 -0.023910
-0.470923 0.115747 -0.138430
-0.452357 0.083185 -0.004464
-0.345858 0.149491 -0.113461
-0.511948 -0.123656 -0.158332
-0.590530 -0.121306 0.102544
-0.728878 -0.162170 -0.066091
-0.630631 -0.262146 0.189250
-0.631994 -0.323611 -0.412166
-0.699085 -0.313786 0.503865
-0.795722 -0.367781 -0.214078
-0.850022 -0.345147 0.249703
-0.773323 -0.399883 -0.545153
-0.891830 -0.316081 0.541171
-0.902953 -0.461976 -0.145295
-0.924943 -0.385574 0.230801
-0.806309 -0.485203 -0.308819
-0.806291 -0.322392 0.575992
-0.776194 -0.464258 0.249955
-0.674441 -0.388235 0.540082
-0.524024 -0.437251 0.334820
-0.514570 -0.316666 0.575631
-0.383909 -0.351537 0.271916
-0.369469 -0.151761 0.365550
-0.290232 -0.217144 0.130712
-0.349272 -0.066694 0.317851
-0.364646 -0.157114 -0.041327
-0.389531 -0.047465 0.216844
-0.383174 -0.086924 -0.031763
-0.383380 0.013287 0.193036
-0.363292 -0.038074 -0.074148
-0.401400 0.020540 0.093897
-0.402434 0.066507 -0.122117
-0.443494 0.114108 0.107882
-0.457681 0.091452 0.015753
-0.329481 0.109175 0.066525
-0.592636 -0.245125 -0.021008
-0.693689 -0.140066 0.135294
-0.744613 -0.074919 -0.269320
-0.712967 -0.107953 0.333049
-0.763243 -0.138750 -0.261077
-0.701739 -0.231823 0.160851
-0.810451 -0.267309 -0.470083
-0.888069 -0.311334 0.461955
-1.061130 -0.391415 -0.293291
-1.032295 -0.433815 0.106699
-1.123213 -0.509807 -0.419006
-1.150272 -0.358906 0.579803
-1.204616 -0.477558 0.136361
-0.999000 -0.370951 0.421786
-0.892718 -0.368055 0.386349
-0.800314 -0.315840 0.526097
-0.810299 -0.283908 0.517940
-0.846995 -0.014072 0.452947
-0.868618 0.101834 0.390116
-1.009756 0.404391 0.443381
-1.068527 0.521627 0.322018
-0.948716 0.606494 0.379343
-0.847891 0.623038 0.204213
-0.695625 0.579006 0.208973
-0.658984 0.503928 0.128550
-0.563503 0.412002 0.168574
-0.497707 0.320532 0.014923
-0.519032 0.326691 0.181494
-0.490662 0.163567 -0.004861
-0.473410 0.256488 -0.005408
-0.469510 0.186393 -0.011272
-0.368013 0.143212 -0.115838
-0.719573 -0.311730 -0.072017
-0.830246 -0.331819 0.202183
-0.969963 -0.480146 0.152480
-0.999077 -0.547020 0.423356
-0.966397 -0.700588 -0.391496
-0.980343 -0.631753 0.811401
-1.032059 -0.784319 -0.236667
-1.110817 -0.744152 0.503234
-1.053229 -0.927174 -0.790542
-1.207265 -0.665734 0.897293
-1.280361 -0.903025 -0.412089
-1.405089 -0.700345 0.526336
-1.413404 -0.916661 -0.616923
-1.321847 -0.590836 0.843595
-1.201247 -0.721312 0.261331
-1.029741 -0.571767 0.654310
-0.809058 -0.630271 0.423652
-0.795521 -0.421303 0.611978
-0.593956 -0.481145 0.450372
-0.563235 -0.168503 0.289116
-0.291611 -0.258406 0.301039
-0.400214 0.092134 0.059462
-0.352585 -0.095626 0.183715
-0.479466 0.107540 0.087500
-0.471244 -0.025648 -0.006484
-0.564333 0.091497 0.068281
-0.541567 -0.013931 0.010486
-0.572376 0.089054 0.046001
-0.545047 0.082429 -0.064186
-0.611208 0.153825 0.073314
-0.585078 0.096796 0.115316
-0.458238 0.078993 -0.032819
-0.701221 -0.227506 -0.018098
-0.814960 -0.105124 0.184276
-0.813741 -0.207566 -0.372393
-0.884880 -0.209953 0.624113
-0.930150 -0.356623 -0.292854
-0.994485 -0.387718 0.419460
-0.957244 -0.646593 -0.894626
-1.071997 -0.524430 0.953852
-1.150353 -0.710843 -0.558521
-1.235336 -0.592070 0.694355
-1.275561 -0.860808 -0.868159
-1.390961 -0.517362 1.125801
-1.347255 -0.681135 -0.192810
-1.228930 -0.385259 0.791558
-1.009633 -0.496621 0.064142
-1.009922 -0.370747 0.684294
-1.010959 -0.420626 0.454266
-1.204580 -0.263108 0.558231
-1.119116 -0.348149 0.394669
-1.410502 0.454026 0.453393
-1.486048 0.687767 0.426051
-1.507377 0.966686 0.356288
-1.290807 1.041520 0.291849
-1.156997 1.059501 0.259689
-1.062522 1.069716 0.308253
-0.905713 1.048689 0.246653
-0.807575 1.057176 0.147514
-0.759825 0.979430 0.211196
-0.676542 0.908796 0.116076
-0.592263 0.664429 0.073307
-0.571412 0.453526 0.025214
-0.461933 0.311779 -0.182240
-0.778455 -0.269532 -0.171245
-0.913073 -0.272116 0.287681
-0.981359 -0.475289 -0.182178
-1.063423 -0.483718 0.437486
-1.004186 -0.761024 -0.933779
-0.989622 -0.596384 0.893098
-1.002838 -0.830834 -0.635645
-1.118946 -0.722992 0.727011
-1.029346 -1.082285 -1.378002
-1.102766 -0.690321 1.242396
-1.189441 -1.029096 -1.021669
-1.383129 -0.681735 0.968622
-1.415830 -1.042790 -1.407597
-1.277622 -0.584848 1.239738
-1.117686 -0.807244 -0.337535
-1.035797 -0.624369 0.873149
-0.823585 -0.721826 0.018847
-0.929619 -0.463482 0.824749
-0.897458 -0.623969 0.258801
-1.010198 -0.313897 0.476901
-0.700040 -0.400719 0.168901
-0.701157 -0.089138 0.150156
-0.505048 -0.269033 0.157819
-0.562036 0.111055 0.032994
-0.495436 -0.094506 0.051497
-0.638342 0.090578 -0.021404
-0.766777 -0.105717 0.059507
-0.746984 0.189590 -0.024683
-0.589233 0.212694 -0.058568
-0.553318 0.354420 0.016749
-0.428440 0.254436 0.102833
-0.315261 0.203286 0.068984
-0.688031 -0.172393 -0.065012
-0.830369 -0.058199 0.083301
-0.814643 -0.212750 -0.402809
-0.878874 -0.159908 0.336097
-0.922913 -0.333354 -0.483657
-0.979573 -0.354835 0.256598
-0.886159 -0.624809 -0.970148
-1.015970 -0.493252 0.746390
-1.119626 -0.717606 -0.813693
-1.180787 -0.533762 0.590464
-1.155081 -0.754471 -0.997518
-1.269877 -0.471412 0.921724
-1.255290 -0.678408 -0.576581
-1.128890 -0.446781 0.637891
-0.886403 -0.556881 -0.215000
-0.856030 -0.351309 0.550657
-0.773243 -0.450682 0.147308
-0.871500 -0.292794 0.449428
-0.857626 -0.508911 0.466221
-1.218377 0.447465 0.278715
-1.141840 0.458494 0.303153
-1.241518 1.139087 0.544115
-1.082458 1.164499 0.407627
-1.084965 1.423412 0.360946
-0.948929 1.476953 0.342257
-0.903050 1.681876 0.631030
-0.925571 1.799917 0.277726
-0.982133 1.755672 0.314043
-0.866082 1.626947 0.142445
-0.692744 1.328453 0.132740
-0.417060 1.005463 0.046055
-0.298656 0.696174 -0.196083
-0.628418 -0.231634 -0.152904
-0.743532 -0.253698 0.059964
-0.732836 -0.362736 -0.237074
-0.788566 -0.430474 0.084595
-0.769415 -0.668369 -0.885218
-0.795656 -0.580356 0.534150
-0.752836 -0.729311 -0.860497
-0.887724 -0.629698 0.406416
-0.852280 -0.982571 -1.486592
-0.959183 -0.648159 1.041460
-0.995695 -0.930798 -1.145514
-1.136060 -0.584930 0.804512
-1.097070 -0.878420 -1.430779
-0.996634 -0.564217 1.017638
-0.892685 -0.744337 -0.679260
-0.812739 -0.573496 0.662268
-0.700196 -0.748730 -0.403624
-0.636883 -0.615697 0.631538
-0.670015 -0.718194 0.191679
-0.735808 -0.630103 0.380646
-0.726399 -0.554922 0.285877
-0.697256 -0.130433 0.090995
-0.409595 -0.401099 0.111620
-0.417679 0.127166 0.105745
-0.378603 -0.250862 0.141368
-0.600023 0.152406 0.015684
-0.827250 -0.235582 0.136903
-0.958652 0.293745 -0.039927
-0.821639 0.342701 -0.022300
-0.562653 0.642424 -0.142153
-0.133947 0.527910 0.026516
0.000096 0.547875 0.034812
-0.540736 -0.187067 -0.094415
-0.666807 -0.151020 0.044304
-0.581173 -0.244364 -0.515476
-0.549089 -0.211048 0.372247
-0.592371 -0.387825 -0.704100
-0.672200 -0.355258 0.318626
-0.597364 -0.677952 -1.382139
-0.637075 -0.388780 0.749985
-0.740363 -0.654380 -1.166595
-0.833723 -0.394127 0.534398
-0.812931 -0.717901 -1.320431
-0.884516 -0.419818 0.711710
-0.939157 -0.581975 -0.918517
-0.861966 -0.372762 0.391302
-0.767101 -0.426609 -0.636750
-0.706750 -0.263043 0.355054
-0.690061 -0.262735 -0.073596
-0.646542 -0.083466 0.170933
-0.540339 -0.338460 0.180425
-0.732745 0.451066 0.011461
-0.714282 0.341296 0.180822
-0.837388 1.158001 0.354901
-0.811715 1.097801 0.287260
-0.967686 1.578691 0.535829
-0.953537 1.552673 0.498773
-0.912961 1.980077 0.542027
-0.761514 1.917239 0.059026
-0.729922 1.917896 0.380550
-0.481033 1.740449 -0.168569
-0.044897 1.486180 -0.132801
0.314199 1.181685 -0.398468
0.319879 0.989588 -0.659480
-0.518314 -0.255745 -0.201889
-0.546825 -0.230825 0.140786
-0.452824 -0.404937 -0.310149
-0.439917 -0.428003 0.176539
-0.433055 -0.693468 -1.031551
-0.424006 -0.544644 0.662811
-0.489154 -0.749490 -1.068744
-0.507335 -0.581318 0.458012
-0.501990 -1.059497 -1.815854
-0.545324 -0.540409 1.010218
-0.558036 -0.778612 -1.335256
-0.723306 -0.473176 0.669862
-0.602222 -0.741340 -1.534747
-0.600198 -0.311424 0.725314
-0.494856 -0.431273 -0.816696
-0.520136 -0.184652 0.419737
-0.441615 -0.211341 -0.572502
-0.405703 -0.090094 0.365853
-0.437704 -0.138202 0.118065
-0.412930 -0.086861 0.099053
-0.350945 -0.045978 0.239580
-0.406517 0.276784 0.170987
-0.411296 0.148736 0.086859
-0.371673 0.515875 0.151101
-0.387743 0.305088 0.053160
-0.488843 0.586455 0.248541
-0.642977 0.174394 0.015465
-0.549772 0.775548 -0.046094
-0.130016 0.726025 -0.336095
0.224516 0.896740 -0.315362
0.451832 0.972153 -0.527800
0.480056 0.933547 -0.523291
-0.480067 -0.245101 -0.064550
-0.557810 -0.187689 0.109286
-0.425540 -0.289835 -0.333859
-0.363629 -0.244674 0.264250
-0.415910 -0.367292 -0.451318
-0.455408 -0.324433 0.180019
-0.440697 -0.462809 -0.977572
-0.417662 -0.289473 0.406215
-0.541020 -0.404515 -0.776730
-0.516030 -0.250454 0.355850
-0.509411 -0.429923 -1.010263
-0.556380 -0.253553 0.409478
-0.627638 -0.314956 -0.578806
-0.584591 -0.116366 0.296584
-0.529148 -0.144297 -0.431440
-0.492730 0.041601 0.143018
-0.464842 0.094753 -0.096775
-0.368456 0.220668 0.020980
-0.237051 0.143805 0.057901
-0.191532 0.289726 -0.197649
-0.161690 0.220562 0.073371
-0.246145 0.579164 0.149950
-0.279361 0.503955 0.051434
-0.543310 1.026567 0.208596
-0.389109 0.804795 -0.079137
-0.448986 1.805120 0.484834
-0.140910 1.293195 -0.837169
0.095313 1.613911 0.039729
0.292280 2.010764 -1.416387
0.479662 1.507912 -0.831911
0.583094 2.065312 -1.195058
0.517314 1.514622 -1.258853
-0.467271 -0.264011 -0.103267
-0.475362 -0.255027 0.058304
-0.360619 -0.389987 -0.106520
-0.288140 -0.419876 0.073311
-0.237487 -0.553307 -0.519327
-0.235870 -0.519633 0.331556
-0.299015 -0.509236 -0.411478
-0.314987 -0.452958 0.337276
-0.320062 -0.590791 -0.918770
-0.276019 -0.474844 0.482533
-0.315312 -0.489109 -0.659389
-0.361146 -0.359898 0.401541
-0.375308 -0.464231 -0.972529
-0.392200 -0.197265 0.418426
-0.387855 -0.164444 -0.552225
-0.375625 0.033479 0.220401
-0.306194 0.067485 -0.337131
-0.317258 0.091195 0.146128
-0.340263 0.132133 -0.142967
-0.218819 0.160557 0.025932
-0.149460 0.273619 -0.165316
0.059311 0.395782 -0.007802
0.281764 0.515593 -0.484618
0.353429 0.674072 -0.135415
0.346415 0.664696 -0.672646
0.294952 0.646151 -0.204704
0.272014 0.770107 -0.506017
0.307405 0.752106 -0.545918
0.388192 1.020078 -0.997779
0.501765 0.805776 -0.670720
0.589549 1.284391 -1.040214
0.578675 1.239877 -0.776336
-0.419149 -0.258287 0.003343
-0.485673 -0.240488 0.095359
-0.356459 -0.300516 -0.205120
-0.245559 -0.311380 0.161390
-0.220583 -0.357454 -0.215433
-0.230484 -0.349576 0.110526
-0.241476 -0.364786 -0.459730
-0.252415 -0.324992 0.207342
-0.231034 -0.303686 -0.455517
-0.177132 -0.286661 0.353201
-0.176778 -0.296756 -0.631323
-0.172520 -0.238346 0.308526
-0.249102 -0.189672 -0.563167
-0.222582 -0.081850 0.341419
-0.208984 -0.038462 -0.508810
-0.150853 0.112554 0.248195
-0.128819 0.187531 -0.311454
-0.087167 0.235784 0.228043
0.015178 0.225061 -0.349144
0.216103 0.360223 0.026691
0.353307 0.586811 -0.511633
0.375193 0.604448 -0.060154
0.353456 0.966043 -1.137462
0.239298 0.911654 -0.128617
0.247209 0.901044 -1.080720
0.060932 1.206501 -0.507765
-0.041903 2.347751 -2.933895
0.227388 1.805548 -1.400419
0.372977 2.443406 -2.284195
0.571395 1.263451 -1.495300
0.559305 2.594573 -2.204998
0.433551 1.977118 -2.423764
-0.417160 -0.280072 -0.045386
-0.419511 -0.261023 0.028879
-0.270063 -0.374400 -0.039271
-0.147212 -0.409359 0.062319
-0.067842 -0.454857 -0.314017
-0.053650 -0.415739 0.195128
-0.043006 -0.430580 -0.229891
-0.057783 -0.382558 0.194820
-0.008995 -0.415738 -0.471799
0.000718 -0.369071 0.255437
0.045929 -0.409532 -0.457686
0.047344 -0.295033 0.303001
0.080590 -0.347910 -0.712878
0.033852 -0.152667 0.355922
0.053410 -0.142982 -0.621931
0.046853 0.066120 0.358881
0.044907 0.109930 -0.587227
0.030857 0.190219 0.337999
0.098727 0.262849 -0.565654
0.236745 0.419985 0.142718
0.395899 0.462554 -0.675694
0.429127 0.619863 -0.015277
0.445395 0.733285 -0.988500
0.445454 0.842085 -0.485444
0.443402 1.045106 -1.476310
0.480411 0.701503 -0.463304
0.395227 1.236181 -1.463423
0.348953 1.063487 -0.701979
0.361130 1.744607 -2.254564
0.634375 1.168345 -1.240253
0.708518 1.846773 -2.119000
0.604765 1.652405 -1.438534
-0.413241 -0.330530 0.025962
-0.457633 -0.313316 0.040680
-0.293662 -0.379597 -0.028976
-0.120044 -0.377238 0.067712
-0.001395 -0.435012 -0.092021
0.057187 -0.406731 -0.001051
0.114454 -0.438889 -0.187574
0.120533 -0.373559 0.185608
0.146396 -0.417829 -0.296910
0.189163 -0.332550 0.310443
0.259703 -0.385758 -0.495881
0.287476 -0.218401 0.394079
0.307886 -0.253338 -0.603157
0.294532 -0.100641 0.457575
0.336028 -0.089930 -0.627772
0.327392 0.112079 0.434008
0.339604 0.246148 -0.635484
0.352706 0.361030 0.381776
0.429350 0.479699 -0.689979
0.506445 0.652840 0.129306
0.562589 0.795827 -1.008387
0.625244 0.799782 -0.196120
0.659247 1.273935 -1.565295
0.708460 1.115277 -0.573491
0.641595 1.739875 -2.085335
0.571065 1.388612 -0.858529
0.368786 2.466582 -2.989776
0.655332 1.785278 -1.447423
0.672907 3.044153 -3.325470
0.822566 2.307195 -2.374164
0.695181 2.961091 -2.333679
0.601839 2.142799 -2.360427
-0.408416 -0.336538 -0.031408
-0.391139 -0.356344 -0.043209
-0.205775 -0.440282 0.044925
-0.015401 -0.467774 -0.053051
0.158309 -0.522648 -0.091576
0.226888 -0.470790 0.010087
0.318945 -0.475129 -0.107178
0.309199 -0.435321 0.054453
0.357474 -0.457389 -0.333562
0.354710 -0.400750 0.180099
0.418293 -0.413687 -0.420900
0.417765 -0.274613 0.260335
0.442944 -0.292034 -0.596353
0.412335 -0.146044 0.235203
0.423673 -0.093836 -0.587914
0.425078 0.123834 0.377717
0.462389 0.168355 -0.599910
0.448508 0.340209 0.312980
0.461158 0.400210 -0.623025
0.499225 0.592278 0.152785
0.578727 0.631714 -0.824909
0.627426 0.773128 -0.208849
0.643211 0.827131 -1.226506
0.641075 0.781600 -0.626298
0.636994 1.190499 -1.502704
0.617293 1.086599 -0.787539
0.494733 1.314504 -1.728469
0.529816 1.122686 -1.121508
0.480571 1.732808 -2.161226
0.677491 1.298575 -1.672620
0.663582 1.951258 -2.271060
0.811953 1.677291 -1.843419
-0.399887 -0.360324 -0.006979
-0.415774 -0.396077 0.042221
-0.181146 -0.448080 -0.060581
0.099227 -0.463981 -0.030129
0.321867 -0.504352 -0.071101
0.464509 -0.524398 -0.080363
0.547720 -0.483482 -0.192872
0.586581 -0.465568 -0.012278
0.577578 -0.456035 -0.255602
0.556074 -0.411421 0.115226
0.555378 -0.392335 -0.506787
0.576914 -0.288248 0.130160
0.537046 -0.264649 -0.449057
0.499620 -0.156287 0.297703
0.473954 -0.075574 -0.654176
0.518168 0.144510 0.342304
0.536708 0.290286 -0.599729
0.558459 0.437432 0.320227
0.528380 0.632516 -1.122235
0.627855 0.708416 0.271424
0.666698 0.953060 -1.358871
0.805116 0.938215 -0.265344
0.803621 1.512051 -2.340953
0.858737 1.240009 -0.483148
0.775879 1.729512 -2.321559
0.928715 1.365556 -0.986233
0.821232 2.418360 -3.269402
0.879479 1.997236 -1.698032
0.720534 2.648637 -2.908375
1.015261 1.918036 -2.120770
1.018718 2.876850 -2.746648
0.856830 2.162732 -2.681435
-0.312689 -0.384331 -0.085941
-0.281804 -0.403484 -0.045633
-0.050779 -0.503927 -0.019152
0.235286 -0.547282 -0.062743
0.471427 -0.600539 -0.163681
0.622073 -0.605698 0.029874
0.779052 -0.602694 -0.225891
0.822861 -0.614823 -0.059435
0.825426 -0.586592 -0.453887
0.781675 -0.542094 0.149423
0.785174 -0.521273 -0.404200
0.756796 -0.438749 0.033923
0.674090 -0.409031 -0.636075
0.650767 -0.296760 0.208655
0.638427 -0.239517 -0.498272
0.673915 -0.050884 0.251593
0.644460 0.112784 -0.796564
0.676065 0.307964 0.408151
0.695188 0.453799 -0.914918
0.785931 0.489623 0.227385
0.784008 0.769561 -1.653714
0.876751 0.670828 0.175505
0.960967 0.878888 -1.689824
0.983932 0.725908 -0.430014
0.896952 1.205717 -2.269795
1.044321 0.988613 -0.547211
0.992284 1.321855 -2.036248
0.966030 1.175836 -1.224625
0.786941 1.716426 -2.498566
0.997706 1.270828 -1.516521
1.009370 2.026879 -2.522465
0.966957 1.891186 -1.733645
-0.385478 -0.424589 -0.065021
-0.342659 -0.416160 -0.026439
-0.056881 -0.486969 -0.089590
0.289150 -0.513001 -0.040159
0.569206 -0.580516 -0.212241
0.784005 -0.654860 -0.218261
0.853518 -0.595250 -0.239869
0.928939 -0.606494 -0.101892
0.967639 -0.561839 -0.375495
1.004198 -0.565727 -0.152427
0.942817 -0.483641 -0.480144
0.903125 -0.463502 -0.029776
0.795809 -0.423530 -0.563904
0.754856 -0.330918 0.023940
0.678779 -0.177736 -0.475870
0.701837 0.112654 0.143145
0.723097 0.300483 -0.650969
0.767049 0.492875 0.078264
0.752355 0.701390 -0.785242
0.809404 0.681401 -0.097081
0.837937 0.918052 -1.423104
0.862367 0.913984 -0.628025
0.927579 1.293863 -1.739062
1.072687 1.097468 -1.020040
1.075354 1.488560 -2.377394
1.091114 1.373265 -1.249369
1.028595 1.892950 -2.503946
1.078911 1.757447 -1.593351
0.994609 2.368122 -3.055619
1.076679 1.936630 -2.077762
0.959747 2.501373 -2.240129
0.835426 2.147544 -1.968573
-0.279374 -0.457743 -0.164802
-0.271162 -0.453379 -0.018403
-0.072026 -0.532730 -0.101188
0.291194 -0.532936 -0.113275
0.582289 -0.655153 -0.213627
0.744523 -0.698387 -0.071958
0.959586 -0.741827 -0.230371
1.078681 -0.741747 -0.145273
1.109337 -0.765509 -0.373328
1.093710 -0.762107 -0.086420
1.049071 -0.750624 -0.461132
1.016769 -0.703911 -0.167096
0.850145 -0.722707 -0.460723
0.768874 -0.613966 -0.044235
0.715006 -0.614122 -0.340946
0.695171 -0.293229 0.077065
0.721473 -0.257673 -0.255306
0.711183 0.218608 0.133842
0.761449 0.230751 -0.519407
0.785016 0.453806 -0.026093
0.778353 0.551041 -0.558539
0.760450 0.602064 -0.242374
0.848492 0.569919 -0.918572
0.876244 0.683302 -0.606785
0.862230 0.711063 -1.206420
0.909758 0.873137 -0.924905
0.954287 0.887672 -1.572013
0.943099 1.008190 -1.268679
0.821046 1.108268 -1.696149
0.852968 1.188195 -1.487949
0.845445 1.529238 -1.758863
0.785278 1.568514 -1.305281
-0.397680 -0.414173 -0.170464
-0.376509 -0.344146 0.000057
-0.205185 -0.378741 -0.233505
0.075521 -0.493587 -0.047203
0.321131 -0.595842 -0.233243
0.617568 -0.710610 -0.269001
0.737029 -0.679981 -0.329248
0.877694 -0.735958 -0.250285
0.864118 -0.701259 -0.353922
0.938184 -0.674518 -0.290994
0.812199 -0.680991 -0.522246
0.828498 -0.675899 -0.258867
0.691790 -0.637446 -0.424700
0.702767 -0.585662 -0.253430
0.642401 -0.456998 -0.276340
0.736580 -0.017676 -0.127155
0.743807 0.250144 -0.155586
0.858603 0.452033 -0.072844
0.785922 0.486503 -0.496546
0.822040 0.612197 -0.258294
0.793286 0.677127 -0.652205
0.874024 0.773149 -0.678740
0.783884 0.878249 -1.143089
0.878250 0.922379 -0.864954
0.912963 1.063641 -1.416535
1.064745 1.138643 -1.270446
0.976438 1.321326 -1.869727
0.958141 1.343916 -1.491670
0.888249 1.528054 -1.850899
1.007555 1.415907 -1.791533
0.858298 1.719787 -1.927961
0.636114 1.439401 -1.871976
-0.085907 -0.358820 -0.093422
-0.176242 -0.381151 0.079526
-0.051511 -0.382020 -0.030528
0.138107 -0.388636 0.034663
0.351708 -0.455196 -0.147079
0.503433 -0.546420 -0.048071
0.672125 -0.618047 -0.133377
0.760036 -0.648519 -0.087842
0.783243 -0.647472 -0.258815
0.764425 -0.656019 -0.073816
0.782599 -0.674317 -0.292027
0.691543 -0.652261 -0.145468
0.592654 -0.672880 -0.332263
0.542326 -0.634610 0.012084
0.599027 -0.595400 -0.103910
0.642513 -0.358224 0.087236
0.733063 -0.138110 -0.069722
0.712081 0.252697 0.175509
0.801876 0.313810 -0.055794
0.802099 0.469931 -0.074722
0.833217 0.547419 -0.362381
0.810613 0.648479 -0.248418
0.892314 0.621153 -0.602307
0.928531 0.726413 -0.447274
1.013897 0.705741 -0.833723
1.065298 0.813047 -0.579469
1.172231 0.811313 -0.961559
1.114451 0.920303 -0.829198
1.085263 0.938060 -1.054539
1.078321 0.914355 -0.877324
1.019071 1.140074 -1.178989
0.715744 1.065797 -0.938027
