0.817510 0.186946 -1.235581
0.629406 0.290243 -0.541411
0.635441 0.249718 -0.375486
0.686619 0.739898 -0.584289
0.359171 0.311078 -0.274115
0.945771 1.170290 -0.484189
0.404733 0.486861 -0.067937
0.619183 0.920584 -0.274113
0.902901 0.849106 -0.588912
0.554105 1.011689 -0.222002
0.264485 0.717803 0.129586
0.496408 0.464545 -0.122241
0.192739 1.127450 0.302508
0.555549 0.546187 -0.052704
0.251347 0.989549 0.158257
0.830134 0.296140 -0.617465
0.327798 -0.008190 -1.049542
0.785147 0.187693 -0.431572
0.527074 0.873295 -0.372130
-0.156919 0.919729 -1.020109
0.713559 0.359450 -0.540849
0.798657 1.149158 -0.225251
0.813463 0.861133 -0.696449
0.278854 0.325900 -1.268276
0.287668 0.434758 0.132330
0.764762 0.613184 -0.212403
0.155314 1.405388 -0.208385
0.767194 0.351893 -0.262479
-0.770961 1.227905 -0.421074
0.510784 0.172601 -0.316428
-0.551528 0.721967 -0.986798
0.412880 0.405538 -0.609435
0.712914 0.824583 -0.791818
0.695880 0.291328 -0.691284
0.829522 0.572742 -0.793402
0.816607 0.751310 -0.574219
0.915547 0.258455 -0.423004
0.457525 0.489260 -0.846837
0.768442 0.704931 -0.091161
0.304473 1.006440 -0.921663
0.285973 0.518904 -0.220920
0.498532 0.595466 -0.087379
0.332705 0.313208 -0.018398
0.206009 -0.201802 -1.330728
0.426779 0.296552 -0.554270
0.463520 0.176787 -0.454498
-0.413524 -0.038267 0.122123
1.000350 0.744013 0.072375
0.080150 0.739445 -0.757203
0.863928 0.401669 0.052844
0.801932 0.525104 -0.283535
0.511479 0.456626 -0.079782
0.569830 0.620936 -0.170530
0.070106 0.477436 0.479354
0.226711 0.463543 -0.056044
0.936275 0.421275 -0.163142
0.776550 0.380539 -1.006763
0.709071 0.969034 -0.094374
-0.667281 1.167354 -0.698138
0.818738 0.768914 -0.630428
-0.192154 0.326666 -0.896494
0.052246 1.313282 -0.938115
-0.116092 0.000476 -0.106399
0.398865 0.386102 -0.218422
0.216773 0.210323 -0.475882
0.413820 0.124615 -1.352738
0.200435 0.744561 0.150363
0.493693 0.538334 -0.065716
0.192782 1.314074 0.122243
-0.173220 0.797302 0.515678
0.700225 0.808074 -0.077765
0.756604 0.558885 -0.509557
-0.215896 0.553407 0.121766
0.873271 0.487901 -0.055620
0.866562 0.989060 -0.969520
0.500721 0.281708 -0.347743
0.567886 0.789527 -0.317360
0.588057 0.371221 -0.450414
0.414137 0.450298 -0.139778
0.524396 0.708745 -0.133905
0.489797 0.286133 -0.194941
-0.266440 0.377671 0.159379
0.762807 0.442624 -0.536888
-0.610694 0.679368 0.222648
0.368945 0.059781 -0.670293
0.109806 0.270056 -0.899767
0.507883 0.154504 -0.597438
0.697375 0.454741 -0.739413
-0.212847 1.424705 -0.439015
0.771187 0.475237 -0.795139
-0.350620 0.445127 0.166797
0.691779 0.509688 -0.559113
0.313495 0.878016 0.297890
0.079071 0.482824 0.090407
0.692505 0.831228 -0.353216
0.787280 0.596157 -0.130619
0.279381 0.093273 -0.237026
0.617202 0.616096 -1.286922
0.473506 0.466859 -0.213363
0.071870 0.093428 -1.002174
-0.281805 0.602781 0.193307
0.379849 1.019462 -0.076565
0.837080 0.368226 -0.822572
0.319743 0.257542 0.372907
0.465624 0.338789 -0.969962
0.489423 1.058879 -0.847419
0.232285 0.944630 -0.065716
0.423519 0.928372 -0.733251
0.430436 0.384601 -0.324730
0.563307 0.525496 -1.184265
-0.328269 1.548777 0.160203
0.572441 0.177448 -0.781523
0.640216 0.495683 -0.146821
0.546346 0.326674 -0.206247
0.809800 0.305285 -0.637634
-0.235607 0.394196 -0.611966
0.272549 0.103264 0.233187
0.739212 0.574694 -0.708033
0.816945 0.709553 -1.047298
-0.386604 1.072232 -0.849804
0.489708 0.323416 -0.460078
0.390943 0.384708 -0.156010
0.452840 -0.327599 -1.485779
0.760101 0.475915 -0.327742
0.599856 0.431929 -0.407535
0.706052 0.814428 -0.396945
0.615930 0.433252 -0.469615
0.639218 0.968813 0.150861
0.394224 0.129981 -0.765188
-0.625479 0.621001 -0.533956
0.754569 0.628234 -0.546602
0.170828 -0.371846 -1.173312
0.124883 1.252837 -0.662240
0.825981 1.306597 -0.178750
0.084609 0.061915 -1.162986
0.433508 0.468082 -0.100849
0.650080 0.657133 -0.193661
0.342911 0.821686 0.052454
-0.030059 0.106402 -0.730071
0.261042 1.426106 -0.641757
0.692252 -0.100683 -1.783159
-0.139997 0.990138 -0.807185
-0.242903 0.120129 0.262320
0.504017 0.481820 -0.543151
0.665489 0.590852 -0.122251
0.625834 0.433874 -0.542999
-0.231982 0.263075 -0.752156
-0.070577 0.394463 0.117737
-0.024220 0.816135 0.109630
0.753776 0.691122 -0.365214
0.793633 0.211053 -0.569000
0.883522 1.052490 -0.888364
0.449263 0.267634 -0.445423
0.445118 0.198216 -1.694361
0.179434 -0.038690 -1.441902
0.275480 0.432286 -0.029259
0.476980 0.547895 -0.349583
-0.419048 1.359008 -0.681092
0.639616 0.166116 -0.930603
0.016243 0.712319 0.158269
-0.510110 0.326297 -0.610091
0.642919 0.413786 -1.061535
0.743198 0.744814 -0.537403
0.456320 0.489712 -0.152285
0.616952 0.487433 -0.476435
0.733119 0.930263 -0.531541
0.665386 0.275825 -0.562296
0.566135 0.414263 -0.272920
0.759238 0.632659 -0.394452
0.194941 0.061589 -0.837079
0.777152 0.857115 -0.147763
-0.119584 0.818980 0.231393
0.350076 0.619686 0.085113
0.692733 0.874708 -0.312553
0.676310 0.393001 -0.994208
0.745252 0.805030 -0.037737
0.834264 0.874269 -0.601710
0.894860 0.506036 -0.743949
0.372962 0.122087 -0.352345
0.537344 0.545668 -0.200300
0.963771 0.963004 -0.352618
0.484771 0.821964 -0.331194
0.514514 0.606986 -0.364752
0.877387 0.706073 -0.725246
0.321161 0.511976 -0.116778
0.607601 0.315349 -0.373487
0.627453 0.884605 -0.714876
-0.521841 0.729335 -0.763359
0.584052 0.545348 -0.315625
0.242696 0.603547 -1.000130
-0.011009 0.759898 -1.486954
0.683715 0.535988 -0.513550
0.590520 0.201756 -0.932055
0.323716 0.909459 -1.205903
-0.348886 0.758086 0.367508
0.577373 0.486195 -0.159785
0.685481 0.271953 -0.749629
0.565966 0.435909 -0.543788
-0.066998 -0.057726 -0.284396
0.961773 0.574907 -0.781461
0.927160 0.988157 -0.186317
0.460463 1.304437 -0.302629
0.741408 0.891330 -0.294842
0.222817 0.497102 0.006231
0.828059 0.140148 -0.729821
0.882261 1.112178 -0.007416
-0.306064 0.530384 -0.787892
0.655667 0.543246 -0.111157
-0.011117 0.345890 0.117706
0.976831 0.252831 -0.855730
0.767670 1.152915 -0.570288
0.715969 0.663459 -0.384038
0.683619 0.660021 -0.715388
0.653433 0.835154 -0.155653
-0.380833 1.034189 0.384042
-0.017762 -0.000307 -0.699864
0.360625 0.681539 -0.484694
0.618417 0.531472 -0.730501
0.086453 0.600857 -1.069062
1.034859 0.788091 0.082380
-0.030157 0.454458 -1.164536
-0.015304 1.132131 0.192729
-0.825580 0.928994 -0.491493
0.101091 0.196103 -0.041332
-0.315369 0.472899 0.495343
0.695466 0.564490 -0.390636
0.137791 -0.154092 -0.639457
-0.343100 0.325190 -1.032027
0.763490 0.361755 -0.146904
0.413747 -0.166148 -1.014524
0.783038 0.850713 -0.120704
0.783040 0.296689 -1.300162
-0.020342 -0.079473 -0.329857
-0.036790 0.323812 -0.736085
0.427717 0.276391 -0.633181
0.678821 0.332554 -0.715200
-0.093027 0.027510 -0.008697
0.499977 0.635677 -0.157743
-0.281065 0.256236 -0.557948
0.002147 0.832833 -0.363356
0.597436 0.555458 -0.774790
-0.194449 0.141422 0.054839
0.538488 0.101209 -0.357962
0.947862 0.962517 -0.075315
-0.139145 0.129073 -0.683722
0.462818 0.684114 0.035672
-0.476777 0.778524 0.287398
0.689223 0.509075 -0.408459
0.649031 0.334376 -0.393442
-0.342173 0.121171 -0.366298
0.083038 -0.185687 -1.028741
0.864105 0.149487 -0.516947
-0.043912 -0.222326 -0.608299
0.095985 1.332495 0.017925
0.535569 1.014320 -0.674275
0.240506 0.444786 -0.069674
-0.226125 0.010777 -0.162534
-0.282931 0.218319 0.244892
-0.308300 0.320976 -0.366901
-0.298957 0.295948 0.416637
-0.322338 0.395223 -0.318669
-0.332136 0.398473 0.392743
-0.361661 0.510817 -0.319353
-0.397048 0.574645 0.388526
-0.439220 0.611640 -0.312715
-0.381643 0.586967 0.251818
-0.338391 0.592348 -0.404097
-0.319076 0.624151 0.213819
-0.417907 0.573189 -0.392371
-0.438931 0.544965 0.117695
-0.490910 0.524703 -0.449494
-0.567499 0.595920 0.225872
-0.722230 0.552929 -0.358403
-0.747767 0.575888 0.123583
-0.732494 0.557462 -0.453385
-0.796043 0.620489 0.444160
-0.905060 0.625637 -0.390374
-0.948530 0.735490 0.420947
-0.896971 0.753999 -0.471342
-0.882988 0.875669 0.573072
-0.863185 0.975907 -0.190046
-0.732507 1.067638 0.400939
-0.553527 1.125419 -0.363371
-0.420740 1.147274 0.272930
-0.349252 1.188782 -0.347149
-0.219286 1.235309 -0.033320
0.027202 1.296348 -0.462661
0.145116 1.199564 -0.182348
-0.151312 0.172659 -0.117049
-0.207458 0.381704 0.176304
-0.329738 0.385688 -0.053506
-0.318442 0.326023 0.228836
-0.319144 0.396493 -0.338075
-0.412323 0.368261 0.415822
-0.500841 0.457418 -0.126968
-0.536644 0.460965 0.281333
-0.541994 0.579800 -0.220768
-0.541446 0.579990 0.364153
-0.497764 0.639715 -0.130278
-0.428392 0.598600 0.172388
-0.401832 0.618424 -0.277906
-0.470977 0.607492 0.241063
-0.558874 0.565817 -0.183702
-0.634813 0.582549 0.115430
-0.727157 0.582024 -0.341279
-0.882486 0.633725 0.265543
-0.983050 0.624159 -0.234722
-1.061265 0.711440 0.184225
-1.055354 0.768887 -0.432719
-1.142121 0.888017 0.448006
-1.168128 0.900700 -0.209890
-1.181426 0.982998 0.368483
-1.022631 1.075798 -0.380472
-0.917544 1.053122 0.439979
-0.746315 1.153365 -0.006728
-0.518176 1.081669 0.255163
-0.321304 1.180763 -0.402810
-0.222043 1.108053 0.117943
-0.072915 1.116969 -0.021328
0.078616 1.138797 0.157156
-0.319964 0.252038 -0.050329
-0.423818 0.365487 0.148560
-0.366665 0.481478 -0.284182
-0.292392 0.360360 0.460722
-0.340544 0.488718 -0.316638
-0.372248 0.464808 0.361579
-0.413244 0.662714 -0.447286
-0.469808 0.667894 0.477785
-0.563478 0.762880 -0.239420
-0.534360 0.727328 0.229638
-0.540599 0.748368 -0.398829
-0.591842 0.713587 0.195201
-0.769749 0.680695 -0.347533
-0.792089 0.674483 -0.040510
-0.901802 0.633260 -0.395163
-0.962065 0.670945 -0.003227
-1.126885 0.649408 -0.259589
-1.093199 0.691756 -0.039860
-1.097154 0.706811 -0.358397
-1.151239 0.816041 0.169835
-1.275302 0.869827 -0.111222
-1.228841 0.983533 0.219933
-1.192798 1.046068 -0.227342
-1.148696 1.143786 0.314000
-1.099402 1.254604 -0.041875
-0.858216 1.303530 0.139817
-0.691052 1.327959 -0.349263
-0.617096 1.363513 0.001783
-0.602321 1.364580 -0.326815
-0.359560 1.368533 -0.165111
-0.239660 1.430534 -0.454228
0.004193 1.345677 -0.534395
-0.075828 0.338170 -0.037459
-0.135402 0.412313 0.267652
-0.185680 0.418870 -0.003661
-0.173915 0.188823 0.434837
-0.259132 0.272655 -0.310025
-0.295796 0.183689 0.775326
-0.468850 0.359114 -0.233607
-0.519860 0.317278 0.474524
-0.572215 0.500688 -0.406541
-0.574369 0.492304 0.613931
-0.600667 0.605847 -0.265884
-0.562793 0.556349 0.289700
-0.511573 0.578652 -0.501687
-0.644310 0.583640 0.245933
-0.717401 0.548929 -0.301786
-0.821951 0.595280 -0.002944
-0.850054 0.591997 -0.357696
-0.919001 0.631395 0.123354
-1.014672 0.615413 -0.223305
-1.022274 0.735680 0.118767
-0.981545 0.834645 -0.320644
-1.065350 0.982774 0.350020
-1.192984 1.039973 -0.169006
-1.155723 1.140255 0.301961
-1.019952 1.244579 -0.291205
-0.892651 1.228205 0.377201
-0.834810 1.285795 -0.198635
-0.635064 1.226829 0.127960
-0.461644 1.264751 -0.415811
-0.282057 1.188205 0.066685
-0.096536 1.183181 -0.372173
-0.007255 1.176787 -0.122242
-0.269980 0.086194 0.138006
-0.416097 0.135295 0.322093
-0.406368 0.267332 0.145824
-0.331646 0.047092 0.496352
-0.363052 0.247980 0.189177
-0.413672 0.118968 0.432602
-0.478722 0.415892 0.054425
-0.506533 0.351099 0.630080
-0.613757 0.585592 -0.025962
-0.675090 0.466510 0.314189
-0.723820 0.574339 -0.082161
-0.720736 0.438915 0.311205
-0.857376 0.535344 -0.076234
-0.903717 0.442969 -0.064266
-0.997591 0.502433 -0.168433
-1.099376 0.515339 -0.271831
-1.163378 0.627400 -0.136607
-1.131555 0.695627 -0.105554
-1.154628 0.809251 -0.202650
-1.197813 0.969387 0.148102
-1.273771 1.071084 -0.013791
-1.233179 1.164048 0.386245
-1.221168 1.267828 -0.060703
-1.179443 1.300004 0.193158
-1.084500 1.339163 0.006164
-0.936613 1.323051 0.072085
-0.804001 1.356556 -0.293509
-0.729392 1.347910 -0.165180
-0.606728 1.414284 -0.401578
-0.476209 1.339671 -0.231162
-0.403052 1.451044 -0.408394
-0.167119 1.402246 -0.429725
-0.138104 0.053783 0.409094
-0.316863 -0.084442 0.662840
-0.366536 -0.078086 0.871568
-0.393988 -0.482236 0.929720
-0.404760 -0.269774 0.673799
-0.491841 -0.497498 1.311756
-0.556707 -0.069594 0.783751
-0.574914 -0.282008 1.071036
-0.553860 0.041788 0.595567
-0.650274 -0.054140 1.523995
-0.665014 0.233780 0.626767
-0.649340 0.027011 1.106141
-0.569849 0.194707 0.255433
-0.732206 0.105117 0.968301
-0.686670 0.330084 0.130281
-0.843749 0.392772 0.095355
-0.842794 0.501837 -0.070288
-1.002490 0.571238 0.014475
-1.073689 0.686608 -0.013359
-1.105622 0.826575 0.122225
-1.067053 0.920425 -0.151428
-1.097923 1.106491 0.397896
-1.144987 1.199030 -0.178922
-1.139544 1.317475 0.309169
-1.028285 1.343049 -0.197936
-0.921507 1.327142 0.188217
-0.874407 1.313284 -0.062074
-0.751164 1.264005 -0.068952
-0.613037 1.244968 -0.367963
-0.455339 1.198321 -0.252722
-0.382362 1.200570 -0.365191
-0.211886 1.221108 -0.322745
-0.285724 -0.091539 0.444787
-0.403679 -0.185040 0.710071
-0.473158 -0.099102 0.664205
-0.485637 -0.386928 1.343570
-0.545458 -0.108950 0.625806
-0.557574 -0.290922 0.907757
-0.532387 0.002919 0.436680
-0.584073 -0.156497 1.608663
-0.593993 0.196573 0.476205
-0.658776 0.004190 1.091336
-0.649163 0.288950 0.183837
-0.719100 0.035715 1.415557
-0.575757 0.255228 0.138610
-0.631182 0.175278 0.590597
-0.618533 0.339481 -0.205094
-0.927826 0.385879 0.291632
-0.977372 0.586567 -0.149671
-1.032445 0.866308 0.196292
-0.960243 1.022314 -0.300534
-1.124687 1.211633 0.516250
-1.200955 1.300988 -0.147668
-1.166160 1.348493 0.548341
-1.015107 1.425719 -0.302316
-0.958664 1.451588 0.377571
-0.921718 1.492803 -0.254923
-0.819038 1.500312 -0.043186
-0.735545 1.591105 -0.621022
-0.707080 1.605975 -0.441463
-0.763214 1.809652 -0.634789
-0.612388 1.711004 -0.729855
-0.503656 1.763519 -0.790679
-0.326762 1.589675 -0.936240
-0.302619 -0.237070 0.582817
-0.442617 -0.503393 1.246452
-0.499209 -0.614596 0.935226
-0.524774 -0.951791 1.545518
-0.468997 -0.644542 0.551063
-0.517867 -0.866605 1.940912
-0.491043 -0.323380 0.701329
-0.524579 -0.654108 1.706272
-0.473516 -0.296826 0.458809
-0.631106 -0.556004 2.571976
-0.626921 -0.096706 0.871158
-0.719576 -0.593376 2.453727
-0.609693 -0.068828 0.036113
-0.818334 -0.425626 2.221328
-0.659633 0.194872 0.000393
-0.822820 0.137715 0.952314
-0.709892 0.546889 -0.497730
-0.819088 0.633228 0.547921
-0.777456 0.783997 -0.257318
-0.768403 0.963244 0.453764
-0.641554 1.137630 -0.375873
-0.724799 1.278959 0.676671
-0.819777 1.314009 -0.410086
-0.834937 1.368991 0.536386
-0.741918 1.416892 -0.549452
-0.750240 1.334844 0.337640
-0.763328 1.336913 -0.460371
-0.686057 1.305930 -0.186124
-0.720310 1.429396 -0.679868
-0.612218 1.365159 -0.441869
-0.491801 1.452964 -0.838349
-0.391229 1.413800 -0.736064
-0.349891 -0.183530 0.587533
-0.374191 -0.269257 0.895261
-0.462269 -0.346501 0.828309
-0.485778 -0.558477 1.314613
-0.474578 -0.402273 0.709424
-0.488270 -0.436571 0.977762
-0.408801 -0.267767 0.663658
-0.556914 -0.325557 1.530076
-0.525240 0.000243 0.655604
-0.635021 -0.086553 1.299545
-0.529126 0.129230 0.383512
-0.718334 0.009972 1.380200
-0.531129 0.228841 0.211849
-0.669118 0.187070 0.680299
-0.610354 0.364667 -0.226936
-0.782603 0.460441 0.276841
-0.836220 0.732552 -0.050549
-0.912524 1.003922 0.376964
-0.851427 1.155156 -0.093303
-0.931217 1.310389 0.472644
-0.799139 1.413916 -0.139440
-0.772244 1.466704 0.749903
-0.719620 1.587169 -0.442668
-0.768370 1.588382 0.379516
-0.668124 1.779777 -0.619501
-0.622275 1.807110 -0.100757
-0.670071 2.163202 -1.125924
-0.756165 2.197736 -0.711503
-0.834632 2.523610 -1.233634
-0.710085 2.352728 -0.919523
-0.636262 2.487708 -1.106588
-0.526045 2.175545 -1.088366
-0.308556 -0.303053 0.539113
-0.348597 -0.542826 0.940693
-0.378591 -0.685901 0.862739
-0.358846 -0.993728 1.296631
-0.303056 -0.789211 0.637711
-0.373806 -0.989324 1.557339
-0.303477 -0.497423 0.669657
-0.435547 -0.719048 1.446292
-0.400073 -0.472226 0.647899
-0.565773 -0.723997 2.115910
-0.520770 -0.190396 0.688100
-0.663942 -0.651338 1.879648
-0.599862 -0.037679 0.258819
-0.835865 -0.473174 1.722452
-0.782020 0.269729 0.253555
-0.910428 0.211623 0.617769
-0.867830 0.561184 -0.113468
-0.941546 0.675949 0.272280
-0.804875 0.972692 -0.101143
-0.659465 1.135397 0.341477
-0.540214 1.207575 -0.278303
-0.576475 1.324739 0.532896
-0.640623 1.389081 -0.355989
-0.616683 1.491079 0.352655
-0.515123 1.426671 -0.707223
-0.500556 1.434187 0.065073
-0.593350 1.419805 -0.399831
-0.618139 1.519892 -0.535191
-0.731886 1.733911 -0.660114
-0.638833 1.733868 -0.779446
-0.623564 1.853991 -0.860794
-0.521589 1.821111 -0.898102
-0.310411 -0.043731 0.386322
-0.320664 -0.062649 0.664689
-0.327351 -0.084275 0.456820
-0.313531 -0.303963 0.983234
-0.309721 -0.179583 0.325034
-0.388104 -0.211794 0.754441
-0.339358 -0.056627 0.282051
-0.531586 -0.118481 1.110583
-0.575206 0.129293 0.347219
-0.703506 0.022271 0.953972
-0.637557 0.107937 0.090829
-0.758778 0.048064 1.157342
-0.746899 0.210261 -0.089489
-0.845215 0.209642 0.804161
-0.878703 0.431551 -0.594502
-0.902167 0.491671 0.653548
-0.914651 0.810234 -0.431017
-0.795386 1.077096 0.463878
-0.695217 1.255039 -0.505644
-0.817506 1.375639 0.608588
-0.759492 1.511829 -0.512564
-0.689144 1.602851 0.609649
-0.587316 1.741698 -1.101575
-0.618346 1.746436 0.574190
-0.692134 1.967835 -1.197207
-0.695627 2.107452 -0.243113
-0.741207 2.608461 -1.894350
-0.781116 2.660570 -0.979471
-0.835412 3.167700 -1.747348
-0.732864 2.901407 -1.313862
-0.618650 2.991711 -1.550534
-0.557954 2.581726 -1.642721
-0.147005 -0.103626 0.100288
-0.213909 -0.231003 0.644669
-0.212436 -0.300374 0.373518
-0.219572 -0.586518 0.949239
-0.200494 -0.307861 0.129307
-0.293795 -0.516396 1.189067
-0.311871 -0.092583 0.259325
-0.463306 -0.334250 0.979945
-0.485418 0.036298 0.106068
-0.639441 -0.256034 1.195954
-0.638311 0.138134 0.087838
-0.766052 -0.185973 1.050608
-0.682913 0.169521 -0.381603
-0.780175 -0.095463 1.388371
-0.749544 0.437965 -0.421613
-0.803420 0.291830 1.006027
-0.649453 0.755272 -0.882934
-0.629647 0.765166 0.768588
-0.611587 0.992732 -0.553410
-0.501147 1.140480 0.506356
-0.418129 1.370321 -0.731876
-0.479248 1.455119 0.541067
-0.614208 1.492757 -0.765067
-0.507926 1.577676 0.291943
-0.448323 1.599552 -1.252099
-0.419892 1.547069 0.000459
-0.565998 1.668698 -1.075847
-0.547272 1.684736 -0.457177
-0.705380 2.082458 -1.160412
-0.565367 1.945835 -0.705049
-0.542307 2.272515 -1.402326
-0.472303 2.112113 -1.117947
-0.299915 0.094386 0.085485
-0.338630 0.182853 0.178315
-0.264432 0.127859 0.018107
-0.248649 -0.025097 0.316468
-0.296261 0.072712 0.018189
-0.385274 0.075637 0.175266
-0.440122 0.207824 -0.030699
-0.583922 0.229826 0.299005
-0.703577 0.289696 -0.029437
-0.790552 0.206770 0.225374
-0.797346 0.168477 -0.170728
-0.873355 0.108092 0.405715
-0.870711 0.141387 -0.180895
-0.889937 0.216830 0.339311
-0.738060 0.454916 -0.512435
-0.723378 0.539946 0.282339
-0.573672 0.775406 -0.428727
-0.541202 0.922479 0.431842
-0.511913 1.142440 -0.489258
-0.603585 1.299690 0.356924
-0.575327 1.484613 -0.533887
-0.572945 1.575985 0.506594
-0.636523 1.731781 -1.116492
-0.633279 1.788493 0.228597
-0.578627 2.021218 -1.357256
-0.502004 2.043561 -0.190397
-0.526409 2.449006 -1.861864
-0.563635 2.468504 -0.590712
-0.629912 3.090792 -2.014132
-0.536190 2.876217 -1.069301
-0.545922 3.118648 -1.492340
-0.445378 2.678490 -1.223809
-0.179221 0.049483 -0.081080
-0.215110 0.064182 0.178172
-0.176893 -0.003148 0.125069
-0.174478 -0.177120 0.201252
-0.148812 -0.076949 -0.164718
-0.242511 -0.117098 0.346742
-0.310795 0.111217 0.002577
-0.452891 0.125817 0.119558
-0.443027 0.233033 -0.150912
-0.500590 0.112968 0.172661
-0.475828 0.120489 -0.207352
-0.547281 0.041772 0.000414
-0.408550 0.059333 -0.420841
-0.472669 0.051399 0.305654
-0.344249 0.288403 -0.409425
-0.390157 0.367836 0.232700
-0.287858 0.513393 -0.636939
-0.310266 0.635316 0.350230
-0.348261 0.817163 -0.599005
-0.314588 1.021090 0.250317
-0.330601 1.149562 -0.718917
-0.385486 1.270626 0.230548
-0.617124 1.364361 -0.748751
-0.585490 1.502353 -0.151586
-0.567285 1.486730 -1.235981
-0.473282 1.482748 -0.301641
-0.593547 1.487348 -0.807483
-0.535314 1.487105 -0.648663
-0.620104 1.705023 -0.992200
-0.562521 1.618784 -0.696286
-0.603371 1.804560 -1.175851
-0.420575 1.674148 -0.811931
-0.298789 0.116358 -0.078576
-0.355199 0.170327 -0.029291
-0.245391 0.145368 -0.330885
-0.144653 -0.020941 -0.055423
-0.112643 0.004949 -0.241866
-0.155382 -0.014979 -0.096151
-0.153877 0.118597 -0.302569
-0.277791 0.154292 -0.089224
-0.352165 0.191307 -0.401714
-0.458852 0.149294 -0.174555
-0.331841 0.013368 -0.586453
-0.381030 0.020146 -0.018430
-0.303184 0.030260 -0.666858
-0.281039 0.142263 0.049613
-0.207437 0.334662 -0.840118
-0.176179 0.457255 0.254115
-0.141768 0.595845 -0.758886
-0.152718 0.720795 0.376063
-0.224518 0.908719 -0.880021
-0.351087 1.030730 0.486055
-0.442090 1.162963 -0.881707
-0.418188 1.258303 0.297106
-0.483291 1.508783 -1.613563
-0.506958 1.489840 0.358662
-0.512760 1.820598 -1.533244
-0.400695 1.675644 -0.414009
-0.354039 2.169973 -2.081784
-0.351371 2.018082 -0.838009
-0.368996 2.486796 -1.822029
-0.319037 2.214535 -1.002382
-0.383801 2.383860 -1.446970
-0.362974 1.991193 -1.269161
-0.119281 0.121709 -0.252037
-0.188823 0.203993 -0.087456
-0.117810 0.086592 -0.206026
-0.033497 -0.049789 -0.236557
0.080886 -0.054150 -0.511729
0.114083 -0.023710 -0.212133
0.145460 -0.011820 -0.419995
0.187857 0.047234 -0.346309
0.167041 0.004961 -0.545848
0.079931 -0.019674 -0.315325
-0.077282 -0.142191 -0.651920
-0.092300 -0.049102 -0.315696
-0.054296 -0.121635 -0.987796
-0.077749 0.038695 -0.023075
-0.026605 0.042070 -0.859455
-0.006343 0.292043 0.087325
0.039841 0.342254 -1.089010
0.023149 0.498155 0.365644
0.007239 0.554177 -0.899823
0.019989 0.758841 0.343296
0.013171 0.967348 -1.157850
-0.027021 0.986908 0.465308
-0.256804 1.021073 -1.034682
-0.238532 1.117496 0.028404
-0.271858 1.351946 -1.612484
-0.177543 1.339719 -0.361090
-0.400497 1.364347 -1.261955
-0.395987 1.330735 -0.637490
-0.446238 1.459687 -1.029389
-0.399741 1.299881 -0.523332
-0.436487 1.404639 -1.054020
-0.322861 1.332196 -0.639554
-0.224419 0.089020 -0.217609
-0.324252 0.194061 -0.181710
-0.153838 0.129459 -0.390226
0.016125 0.021702 -0.282350
0.206381 -0.082983 -0.480381
0.309857 -0.125824 -0.463368
0.414321 -0.131176 -0.493730
0.367167 -0.089875 -0.509277
0.320301 -0.096585 -0.573210
0.171388 -0.059197 -0.499902
0.169403 -0.067598 -0.782137
0.051904 -0.017749 -0.367710
0.016403 -0.001189 -0.839878
-0.001747 0.113038 -0.153617
0.054162 0.198635 -0.799820
0.096001 0.383215 -0.006764
0.104453 0.376406 -0.782478
0.066174 0.579381 0.283499
0.011136 0.620389 -0.685183
-0.068754 0.804401 0.224055
-0.141313 0.831169 -0.674993
-0.221858 0.987829 0.449024
-0.315678 1.114406 -1.145829
-0.300359 1.163290 0.179116
-0.277938 1.363916 -1.284096
-0.248162 1.369526 0.075198
-0.303270 1.578258 -1.632774
-0.273025 1.542346 -0.261522
-0.303057 1.806615 -1.588800
-0.228045 1.545569 -0.604479
-0.267311 1.717184 -1.017943
-0.211638 1.451163 -0.869050
-0.059984 0.084384 -0.313083
-0.104045 0.238396 -0.323778
-0.031734 0.110398 -0.339659
0.127838 0.071972 -0.619557
0.425808 -0.161511 -0.818730
0.600070 -0.155949 -0.775808
0.684476 -0.482581 -0.765509
0.673154 -0.388243 -0.786222
0.612267 -0.629612 -0.982413
0.531328 -0.343509 -0.586069
0.474934 -0.505504 -0.802692
0.335827 -0.206979 -0.435287
0.379606 -0.296281 -0.916812
0.330699 -0.027374 -0.308042
0.343226 -0.014498 -0.767249
0.339658 0.258355 -0.100027
0.424842 0.221961 -0.783518
0.389780 0.417922 0.021439
0.281208 0.439723 -0.740146
0.153464 0.670370 0.029717
0.017294 0.611034 -0.656738
-0.072830 0.752977 0.117537
-0.284904 0.804397 -0.712143
-0.265693 0.983364 -0.193073
-0.290969 1.001543 -1.032760
-0.199593 1.067591 -0.172263
-0.315223 1.082268 -0.866268
-0.261336 1.176761 -0.331564
-0.309925 1.155189 -0.976278
-0.288184 1.205316 -0.279254
-0.322716 1.166028 -0.758980
-0.223598 1.154438 -0.379036
-0.248214 0.148090 -0.264945
-0.284677 0.338924 -0.393548
-0.066555 0.255339 -0.567922
0.155164 0.167374 -0.550535
0.460248 -0.139253 -0.813007
0.581321 -0.137339 -0.858060
0.692540 -0.384478 -1.173788
0.741525 -0.220185 -0.480859
0.809425 -0.496773 -0.965625
0.776025 -0.256386 -0.372604
0.663007 -0.274964 -1.211213
0.607233 -0.134133 -0.204950
0.556868 -0.094465 -1.014425
0.510555 0.051595 -0.054303
0.507810 0.143262 -1.118342
0.539193 0.293669 0.064146
0.510038 0.330625 -0.891357
0.457685 0.405699 0.135923
0.370431 0.360243 -0.912380
0.357710 0.539340 0.043604
0.187180 0.563033 -0.649577
0.117356 0.674259 0.008687
-0.050365 0.732207 -0.949695
-0.048464 0.772066 0.227660
-0.112314 0.973002 -0.886559
0.019017 1.031965 0.075353
-0.006994 1.209465 -1.275067
0.010338 1.240440 0.058624
-0.080371 1.273877 -0.894561
-0.055636 1.194624 -0.222416
-0.074509 1.254581 -0.664151
-0.048890 1.170019 -0.528400
0.151789 0.168842 -0.469736
0.100579 0.324054 -0.321957
0.135984 0.174915 -0.516554
0.303744 0.132588 -0.671782
0.531099 -0.249725 -1.257066
0.632031 -0.293661 -0.666352
0.862335 -0.794009 -1.165140
0.861449 -0.631356 -0.621567
0.930086 -1.007092 -1.700580
0.814032 -0.520106 -0.335861
0.923960 -0.686522 -1.164378
0.836620 -0.371167 -0.251623
0.804156 -0.427431 -1.462280
0.712764 -0.080211 0.021428
0.806664 -0.045424 -1.113218
0.820970 0.154219 0.005769
0.824077 0.237349 -1.366491
0.815473 0.356414 0.205420
0.832585 0.346568 -0.906163
0.874811 0.462852 0.026489
0.792221 0.526377 -0.814326
0.612371 0.607253 0.116303
0.357017 0.617132 -0.515064
0.329457 0.753301 0.009146
0.238530 0.853640 -0.709686
0.266686 0.995442 0.110862
0.110580 0.942534 -0.599182
0.121069 1.087240 -0.080692
-0.016512 1.048747 -0.581043
-0.018845 1.100484 -0.153003
-0.097721 1.149494 -0.411177
0.005842 1.114970 -0.383610
-0.327299 0.178750 -0.295353
-0.368332 0.443350 -0.253449
-0.185635 0.369038 -0.495971
0.064004 0.268979 -0.517761
0.292382 -0.075598 -0.760397
0.434816 -0.067024 -0.789464
0.509390 -0.310312 -0.943435
0.562638 -0.202995 -0.648460
0.581437 -0.463236 -0.840504
0.621656 -0.240475 -0.477955
0.655675 -0.225813 -0.854578
0.732217 -0.103702 -0.356532
0.758227 -0.065401 -0.904140
0.778598 0.058158 -0.290649
0.803161 0.156393 -0.809760
0.875416 0.269630 -0.111603
0.939496 0.368511 -0.898184
0.966116 0.444045 -0.014008
0.975473 0.500404 -0.585614
0.983863 0.531647 0.020261
1.009177 0.593564 -0.602122
0.983894 0.662758 -0.084370
0.960823 0.807930 -0.408081
0.907262 0.910561 0.135392
0.845720 0.909833 -0.584186
0.737710 1.077787 0.316080
0.696661 1.059696 -0.510917
0.557370 1.162397 0.254464
0.536037 1.139125 -0.655768
0.465683 1.142801 -0.034414
0.418750 1.215860 -0.342777
0.293875 1.117112 -0.263551
0.070949 0.116569 -0.361670
0.034021 0.302497 -0.217349
0.082352 0.185788 -0.366651
0.192948 0.189305 -0.493879
0.320178 -0.091174 -0.768662
0.467103 -0.175941 -0.692105
0.568730 -0.498276 -0.648251
0.656190 -0.436302 -0.647874
0.607653 -0.582701 -0.754809
0.603296 -0.417879 -0.491835
0.615754 -0.500891 -0.576712
0.709061 -0.221260 -0.401217
0.750643 -0.194716 -0.450054
0.801196 0.011858 -0.208407
0.829948 -0.016178 -0.442869
0.861652 0.184979 -0.162336
0.873688 0.197004 -0.359274
0.859076 0.309772 0.003694
0.882066 0.265820 -0.448915
0.897309 0.410432 -0.062349
0.877209 0.438320 -0.306517
0.815556 0.532971 -0.082747
0.819357 0.557224 -0.361776
0.832697 0.749057 -0.026377
0.794816 0.747983 -0.333546
0.719310 0.907050 0.052783
0.649064 0.879642 -0.452849
0.589896 1.067253 0.021043
0.480716 1.005580 -0.390791
0.433611 1.074988 -0.068300
0.315264 1.056049 -0.187747
0.248698 1.049575 -0.112981
-0.354596 0.117568 -0.288097
-0.372916 0.327782 -0.175358
-0.250318 0.292828 -0.450105
-0.057869 0.198784 -0.414430
0.126457 0.029689 -0.493757
0.246637 -0.078499 -0.623470
0.227494 -0.147603 -0.642921
0.269414 -0.172825 -0.477934
0.265959 -0.156866 -0.528711
0.335672 -0.114794 -0.405254
0.416262 -0.013158 -0.505726
0.585681 0.032408 -0.293777
0.709040 0.086849 -0.402673
0.824386 0.150360 -0.319403
0.834976 0.206288 -0.455464
0.900568 0.299402 -0.232261
0.922482 0.326344 -0.332210
1.020120 0.394115 -0.193436
0.993526 0.370855 -0.438694
0.997763 0.450042 -0.185283
0.975720 0.500710 -0.342386
1.031995 0.619686 -0.227514
0.995781 0.691744 -0.459129
0.979024 0.831637 -0.083677
0.975673 0.863766 -0.393441
1.030162 0.988669 -0.075578
0.935480 0.969192 -0.469388
0.846200 1.081790 0.026730
0.722106 1.022344 -0.360298
0.669815 1.055455 -0.140774
0.497365 1.066651 -0.440077
0.356939 0.950668 -0.498283
0.107796 0.066993 -0.181828
0.059618 0.240446 -0.095600
0.082175 0.202334 -0.222505
0.127330 0.147784 -0.231489
0.215263 0.038295 -0.407601
0.324107 -0.053338 -0.343010
0.360378 -0.173995 -0.421578
0.331940 -0.147998 -0.338260
0.261170 -0.159991 -0.480189
0.285438 -0.104713 -0.277372
0.402514 -0.093900 -0.320656
0.540155 0.043261 -0.211419
0.624553 0.069350 -0.298864
0.682377 0.161526 -0.128853
0.753701 0.175502 -0.161450
0.817042 0.255538 -0.098921
0.820822 0.303109 -0.216861
0.830857 0.336640 -0.049242
0.886552 0.335613 -0.172008
0.889823 0.363563 -0.108383
0.879903 0.434677 -0.248141
0.859641 0.504961 -0.114370
0.891830 0.531350 -0.190575
0.920413 0.646150 -0.057220
0.909054 0.700726 -0.192488
0.839315 0.820031 0.040043
0.820761 0.804305 -0.151670
0.795608 0.934300 -0.026732
0.743343 0.941099 -0.180771
0.623939 1.031216 0.011686
0.494838 0.995734 -0.233763
0.367469 0.911117 -0.212320
