0.105194 -0.746596 -1.479529
-0.024758 -0.418174 -1.047802
-0.123344 -1.132075 0.067115
0.005191 0.576039 -0.787215
-0.308001 -0.796252 0.814997
-0.244166 1.402426 -0.721484
-0.501115 0.035159 1.218407
0.004314 1.061109 -0.173693
-0.425852 1.080241 -0.859660
0.187676 1.267873 -0.011078
-0.555178 0.764544 1.261540
-0.126150 0.366562 1.099824
-0.954463 1.098280 1.589270
0.180711 0.547315 1.125823
-0.703946 1.102528 1.036334
-0.630596 -1.407479 -0.907377
-0.493675 -1.068672 -1.630025
-0.577696 -1.192532 -0.015599
-0.098197 0.766241 -0.554569
-1.121420 0.747186 -1.366767
-0.157439 -0.887739 0.395474
-0.370557 1.394291 -0.319923
-0.180633 0.648859 -0.988555
-0.577295 -0.173795 -1.734243
-0.602302 0.055051 1.529453
-0.297077 0.423710 1.212040
-0.934757 1.542661 -0.196553
-0.127354 -1.157884 0.618974
-1.711850 1.144345 -0.379393
-0.313369 -0.858750 -1.112037
-1.561024 0.344015 -1.600649
-0.187422 -0.135476 -1.016311
-0.376299 0.695344 -1.181215
-0.244205 -0.567198 -1.342488
-0.271916 0.204725 -1.138620
-0.148588 0.792654 -0.603871
-0.614468 -1.143826 -0.912325
-0.077465 0.190341 -1.257480
0.315665 0.726494 1.285668
-0.653840 0.868022 -1.181452
-0.196072 0.512669 0.641228
-0.177293 0.647452 0.913034
-0.394419 -0.640432 1.051092
-0.557299 -0.802737 -1.631714
-0.620353 -0.360980 -1.031837
-0.147035 -0.456100 -0.874100
-1.678765 -0.929081 1.300362
0.181886 0.858477 1.270297
-0.775427 0.528846 -1.069144
-0.479034 -0.008888 1.374471
-0.566753 -0.882017 0.332786
-0.137796 0.831587 -0.477778
0.023923 0.855729 0.507580
-0.902590 0.106262 1.601299
-0.683729 -0.311793 1.227955
-0.220215 -0.683349 0.752886
0.116694 -0.480822 -1.318349
0.178206 1.243856 0.671607
-1.751095 0.834706 -0.959907
-0.181068 0.526921 -0.991740
-1.260009 -0.164447 -1.237562
-0.744113 1.210983 -0.953035
-1.214706 -1.243803 0.490860
-0.098428 -0.718478 0.246830
-0.256917 -0.806016 -0.858413
-0.372628 -0.461951 -1.864954
-0.622900 0.507369 1.075794
-0.145474 0.048891 1.387630
-0.490753 1.382046 0.991702
-1.216206 0.666613 1.621978
-0.449679 1.289806 0.268291
0.099665 0.038795 -0.907369
-1.309349 0.100303 1.073216
-0.030706 -0.001949 1.141133
-0.208171 1.028120 -1.195731
-0.194336 -0.224790 -1.021493
0.146726 -0.026415 0.984642
0.061810 -0.501579 -0.863073
-0.091183 -0.363437 1.063489
0.005119 0.716940 -0.643345
0.035914 -0.762514 -0.425975
-1.595256 -0.303659 1.029749
-0.133113 0.565480 -0.941894
-2.170494 0.311833 1.345314
-0.461267 -1.155492 -1.137771
-0.320141 -0.127351 -1.305697
-0.132101 -1.022019 -0.987267
-0.007136 -0.646017 -1.158668
-1.049936 1.485494 -0.537240
-0.003073 -0.237393 -1.342632
-2.146907 -0.473662 1.003670
-0.033498 -0.916871 -0.794482
-0.535235 1.045166 1.492536
-0.825914 0.035037 0.949870
-0.055786 0.552724 1.082637
-0.033270 0.419376 1.388919
-0.386032 -1.172733 0.176792
0.214776 0.379550 -1.603598
-0.252919 -1.021385 -0.247579
-1.073613 -0.560475 -1.374760
-1.275545 0.394304 1.158600
-0.127876 1.273822 -0.073699
-0.007753 -0.693949 -1.512581
-0.720470 -0.312829 1.201701
-0.525971 -0.352855 -1.391233
-0.486824 1.145230 -1.123978
-0.790664 1.472618 0.174264
-0.259837 0.876696 -0.991585
-0.156230 -0.037776 0.912277
-0.169642 -0.187324 -1.389687
-1.294902 1.518212 0.291146
-0.093849 -0.717678 -1.116415
0.011153 -0.536391 0.811806
-0.065851 0.315320 0.857517
-0.229038 -1.111660 -0.943622
-1.799726 -0.211031 -1.127247
-0.658913 -0.800926 1.353067
-0.155683 -0.056612 -1.130456
-0.200396 0.411114 -1.295144
-1.305987 1.069458 -1.121575
-0.454409 -0.980388 0.390613
-0.231013 -0.573966 0.630986
-0.176945 -1.096978 -1.558154
-0.359478 1.175537 -0.309410
0.090531 -0.101463 -0.691028
0.007344 1.247936 -0.318716
-0.369317 0.162129 -1.327473
-0.150339 1.063794 1.266424
-0.255299 -1.177605 -0.819449
-1.803441 0.001577 -0.700991
-0.238817 0.676238 -1.020329
-0.805057 -1.427082 -1.239956
-0.781001 1.202774 -0.771538
-0.382339 1.459754 0.616997
-1.123735 -0.699580 -1.558186
-0.281816 -0.304346 1.019545
0.095834 0.786566 0.156261
-0.311237 0.999471 0.920676
-1.086117 -0.638987 -0.911166
-0.384884 1.459001 -0.639152
-0.036249 -0.475417 -1.991963
-1.121378 0.736501 -0.926341
-1.472262 -0.519182 1.509760
-0.591630 0.057961 -1.164930
0.083908 0.325391 1.300931
-0.079189 -0.440981 0.548052
-1.449880 -0.377395 -0.864015
-1.103150 -0.057267 1.162161
-0.973171 0.915750 0.858669
-0.214383 1.143729 -0.766692
-0.012585 -0.306795 -1.134074
0.062011 1.128866 -0.867073
-0.287706 0.494813 -0.953100
0.008946 0.000827 -1.795654
-0.714212 -0.384293 -1.617417
-0.467281 0.021684 1.141154
0.005762 0.822244 -0.265962
-1.457015 1.443035 -0.704564
-0.271240 -1.223981 -1.117730
-1.169134 0.300270 1.301433
-2.026292 -0.633410 -1.067716
-0.062255 0.471641 -1.242080
-0.082990 0.448270 -0.736515
-0.296003 0.273085 1.225630
0.081427 0.411312 -0.760584
-0.227555 1.083087 -0.685790
-0.008033 -0.713297 -0.870395
0.078492 -0.004449 -0.415347
-0.117769 0.724270 -0.431941
-0.743613 -0.853531 -1.214952
-0.246269 0.959235 0.447513
-0.934962 0.487891 1.292823
-0.539784 0.315512 1.579280
-0.035461 0.984374 -0.141858
0.100182 -0.553025 -1.338208
0.170906 1.049166 0.927889
-0.175113 1.011728 -0.431994
0.236493 -0.297947 -1.222165
-0.141338 -0.986631 -0.546911
-0.331563 -0.186209 0.806187
-0.303884 1.379943 -0.462660
0.031747 0.919667 -0.500251
-0.082518 0.917015 -0.607681
-0.169683 0.769086 -0.841887
-0.129112 0.152908 0.722793
-0.078173 -0.748740 -0.863374
-0.334188 1.289295 -0.530319
-1.628592 0.299330 -1.192561
-0.029043 -0.011414 0.874066
-0.451304 0.361827 -1.337407
-0.602704 0.439943 -1.640134
0.088246 0.328711 -0.792377
-0.060578 -0.819897 -1.243900
-0.355185 0.706809 -1.487979
-1.648489 0.459944 1.601623
-0.011173 0.273570 0.855394
-0.333667 -0.771945 -1.235776
-0.017250 -0.751270 -0.640865
-1.080203 -1.439343 -0.269823
-0.265260 -0.065962 -1.290448
-0.269399 0.924384 1.097927
-0.308727 1.431205 -0.235507
0.020371 0.861738 0.748914
-0.632609 0.230205 1.109941
-0.507642 -1.224818 -0.691336
0.175132 1.305316 0.891924
-1.172648 0.194141 -0.995703
-0.034440 0.253327 1.267676
-0.892218 -0.446539 0.965705
-0.402083 -1.068803 -1.233816
0.002501 1.194119 -0.542129
0.073372 0.739984 -0.461419
0.015131 0.797570 -0.803992
0.054303 0.507716 1.271311
-1.378709 0.819482 1.177080
-1.122794 -0.964806 -0.963712
-0.329081 0.327480 -0.984664
-0.363351 0.019599 -1.188593
-0.700069 0.356034 -1.339871
-0.134181 1.141574 0.888297
-0.743625 0.104419 -1.608957
-1.302389 0.690928 0.711562
-2.209456 0.481270 -1.161393
-0.599422 -0.911852 0.700290
-1.845447 -0.195265 1.675948
-0.021454 0.241875 1.001909
-0.528651 -1.498912 -0.538470
-1.477520 -0.198812 -1.749121
0.012013 -0.514848 0.990349
-0.272342 -1.455104 -1.224608
-0.118659 1.246940 -0.324210
0.074144 -0.044129 -1.719142
-1.266343 -1.144668 -0.541277
-0.886865 -0.283419 -1.130078
-0.339959 -0.670195 -1.265926
-0.053166 -0.131461 -1.107498
-1.004567 -1.037457 0.722437
-0.121498 0.997396 0.310566
-1.202165 -0.097738 -0.672414
-1.034459 0.800318 -0.394577
0.005233 0.156029 -0.959481
-1.141539 -0.807538 0.983960
0.118166 -1.272729 -0.291363
-0.129635 1.560515 -0.187119
-1.495566 -0.754367 -1.256587
-0.398464 0.661949 1.402360
-1.951927 0.767391 1.206581
-0.005951 -0.649991 -0.658592
-0.189035 -0.370611 -0.903098
-1.882997 -0.971815 -0.857713
-1.169577 -1.042598 -1.501516
-0.214432 -1.184649 -0.534917
-1.152792 -1.249160 -0.878480
-0.976073 1.487252 0.401446
-0.346510 1.113535 -0.908185
-0.554690 -0.438586 0.892790
-1.248914 -0.878970 -0.165149
-1.503438 -0.839580 0.578371
-1.706052 -0.807657 -0.236558
-1.666843 -0.728604 0.938274
-1.862414 -0.731556 0.094672
-1.782246 -0.556572 0.498698
-1.679531 -0.512963 -0.305400
-1.666997 -0.334393 0.888574
-1.884567 -0.484777 -0.048570
-1.848788 -0.429756 0.292320
-1.791822 -0.439395 -0.479778
-1.659635 -0.195744 0.628325
-1.739613 -0.248709 -0.241421
-1.576948 -0.127283 0.084855
-1.519200 -0.150370 -0.574157
-1.464570 -0.024836 0.488179
-1.616417 -0.059070 -0.253973
-1.587086 0.055692 0.131046
-1.529602 0.076567 -0.458604
-1.504277 0.194627 0.442358
-1.677202 0.255973 -0.282012
-1.685470 0.303053 0.067649
-1.616522 0.324621 -0.680748
-1.545410 0.368213 0.374390
-1.660301 0.474138 -0.547050
-1.645801 0.471345 -0.054275
-1.489433 0.480251 -0.891699
-1.423836 0.542385 0.531118
-1.566004 0.614450 -0.442356
-1.507349 0.775320 0.345032
-1.384802 1.028011 -0.493533
-1.059863 0.998830 0.043658
-1.658604 -1.061465 0.063715
-1.923398 -1.133573 0.844884
-2.117579 -1.331404 0.484985
-2.221986 -1.202211 0.964273
-2.199002 -1.191645 -0.133817
-2.275125 -0.919270 1.267497
-2.343262 -1.114164 0.335419
-2.400155 -0.899061 0.710827
-2.343832 -0.956064 -0.279128
-2.506134 -0.682566 1.098540
-2.543232 -0.891454 0.177780
-2.520081 -0.612596 0.605039
-2.365702 -0.616928 -0.416455
-2.304040 -0.269874 0.790329
-2.315298 -0.505696 -0.157663
-2.171261 -0.262457 0.395541
-2.071427 -0.275258 -0.609547
-2.051945 0.001051 0.627086
-1.970449 -0.042634 -0.348441
-1.911358 0.164361 0.145474
-1.850579 0.133870 -0.696941
-2.028749 0.241649 0.776869
-1.992910 0.185679 -0.374593
-2.009131 0.203575 0.212921
-1.834073 0.114077 -0.791320
-1.949801 0.241395 0.659926
-1.859488 0.037728 -0.279830
-1.825929 0.146549 0.230042
-1.639706 0.219991 -0.513574
-1.679431 0.278227 0.849859
-1.594213 0.133675 0.715066
-1.332991 0.371979 0.883653
-1.666483 -0.842054 0.559012
-1.854537 -1.007681 0.540252
-2.317680 -1.115304 0.441182
-2.135422 -0.956824 0.926055
-2.484318 -0.933287 0.613135
-2.261426 -0.714304 0.449491
-2.627355 -0.754260 0.004546
-2.504131 -0.580466 0.786103
-2.892859 -0.715847 0.341763
-2.662978 -0.505476 0.194661
-3.022964 -0.512205 -0.167893
-2.703296 -0.256654 0.586379
-3.011563 -0.250262 0.223370
-2.724851 -0.065851 0.057899
-3.045649 -0.037014 -0.343688
-2.769947 0.060687 0.540625
-2.889071 0.057519 -0.013047
-2.725022 0.189291 0.243708
-2.865075 0.314305 -0.511970
-2.716614 0.365584 0.775097
-2.815573 0.487218 -0.090581
-2.687590 0.607586 0.102849
-2.771989 0.792920 -1.044818
-2.595340 0.854881 0.238765
-2.650632 0.980995 -0.579761
-2.453640 0.836034 -0.522953
-2.306714 0.928421 -1.028739
-2.126447 0.943291 -0.039381
-1.979949 1.040551 -0.406146
-1.776369 0.546235 -0.000673
-1.901362 0.964824 -0.552649
-1.638487 0.990820 -0.476480
-1.820643 -1.201580 0.098852
-2.010871 -1.560979 0.861934
-2.315244 -1.696325 0.590239
-2.376787 -1.607920 1.060538
-2.518517 -1.604122 0.068174
-2.500053 -1.343655 1.471218
-2.662719 -1.509602 0.334015
-2.786734 -1.284536 0.909428
-2.797976 -1.363771 -0.489619
-2.951571 -1.018502 1.324793
-2.976218 -1.128149 -0.135495
-3.091306 -0.802643 0.640625
-2.996397 -0.720125 -0.733902
-3.083603 -0.393435 1.052825
-3.053815 -0.419194 -0.231182
-3.014668 -0.197612 0.424051
-2.830644 -0.130783 -0.776269
-2.861867 0.017326 1.111298
-2.624320 0.011647 -0.313791
-2.609419 0.165238 0.624236
-2.360295 0.263616 -1.168473
-2.528294 0.446281 1.073537
-2.485877 0.387385 -0.459963
-2.575330 0.458781 0.250618
-2.294370 0.506975 -1.127900
-2.278854 0.600980 0.447236
-2.124085 0.439609 -0.441985
-2.115278 0.541398 0.121314
-1.841085 0.642319 -0.857575
-1.753967 0.711686 0.769784
-1.679777 0.603562 0.345775
-1.433224 0.774581 0.686702
-1.524384 -1.164060 0.501633
-1.729281 -1.369943 0.774256
-1.986540 -1.468567 0.378020
-2.107313 -1.373669 1.272149
-2.265021 -1.355317 0.349863
-2.388942 -1.181173 1.062086
-2.535918 -1.161920 -0.552615
-2.666429 -0.901779 1.657275
-2.796324 -0.866288 -0.496892
-2.828065 -0.642875 0.884248
-2.914631 -0.640752 -1.182277
-2.893241 -0.329558 1.530561
-2.954383 -0.289981 -0.772051
-2.911470 -0.091671 0.779095
-3.003972 -0.008598 -1.198629
-2.987131 0.184121 1.424717
-2.897144 0.227272 -0.753182
-2.898481 0.379306 1.091929
-2.845756 0.561787 -1.146311
-2.917845 0.636774 1.581091
-2.849714 0.859515 -0.470667
-2.804024 0.884147 1.015115
-2.763954 1.210984 -1.342348
-2.755626 1.230298 0.466085
-2.646258 1.445522 -0.630994
-2.452442 1.221889 -0.013297
-2.290867 1.406016 -0.996019
-2.141211 1.329812 -0.123377
-1.898623 1.455159 -0.407362
-1.762993 1.143839 0.187071
-1.778920 1.078210 -0.160087
-1.618819 1.150002 -0.081276
-1.452336 -1.342447 0.265691
-1.526712 -1.650132 0.823654
-1.810702 -1.731330 0.571287
-1.923728 -1.674489 1.251466
-2.085933 -1.724704 -0.112806
-2.072028 -1.488191 1.953848
-2.388543 -1.619097 -0.027502
-2.469130 -1.327332 1.799370
-2.580527 -1.443010 -1.236859
-2.582870 -0.963290 2.205928
-2.627083 -0.998369 -0.973751
-2.639532 -0.680037 1.234175
-2.693202 -0.646302 -1.541507
-2.688121 -0.269755 1.731490
-2.607896 -0.262437 -0.988748
-2.723408 0.006288 1.075979
-2.646800 0.063901 -1.594041
-2.635991 0.261687 1.755294
-2.561853 0.279074 -1.153476
-2.646302 0.396776 1.324960
-2.540476 0.568640 -1.575119
-2.553483 0.680257 1.748191
-2.502477 0.806646 -0.964317
-2.525445 0.875803 0.797373
-2.369133 0.956591 -1.219767
-2.243449 1.021989 0.799315
-2.163016 0.982773 -0.612830
-1.938200 1.046651 0.141513
-1.763414 1.110646 -0.715985
-1.690327 1.025172 0.656571
-1.650395 0.900548 0.162388
-1.323894 1.029737 0.584293
-1.283799 -1.199027 0.424993
-1.447218 -1.374404 0.813444
-1.667339 -1.449205 0.125511
-1.746576 -1.341924 1.420121
-1.935024 -1.214403 -0.009720
-2.084338 -1.103834 1.327375
-2.183315 -1.271610 -1.094292
-2.314973 -0.905429 2.246288
-2.394290 -0.790154 -1.116586
-2.444574 -0.503928 1.235367
-2.490532 -0.662352 -2.021634
-2.417275 -0.334094 2.019113
-2.341724 -0.261030 -1.601033
-2.458774 0.019961 1.181097
-2.516525 -0.066252 -2.139866
-2.529226 0.251378 2.162354
-2.449672 0.268393 -1.717235
-2.570494 0.659275 1.789421
-2.470035 0.590684 -2.230500
-2.528813 0.804816 2.430166
-2.453615 0.785367 -1.802138
-2.394950 1.084774 1.766343
-2.198057 1.211887 -2.325124
-2.143301 1.279968 1.798403
-2.191890 1.359232 -1.547716
-2.053127 1.459743 0.668369
-1.853880 1.616806 -1.704137
-1.723574 1.593863 0.547127
-1.752057 1.689540 -0.559783
-1.624404 1.468966 0.077883
-1.730701 1.415618 -0.560263
-1.407155 1.293048 -0.301200
-1.213636 -1.272488 0.109136
-1.246571 -1.464980 0.752890
-1.472356 -1.585057 0.208091
-1.597644 -1.455638 1.222838
-1.751792 -1.530777 -0.578155
-1.786798 -1.266802 1.868044
-2.026091 -1.327710 -0.694153
-2.120745 -0.993450 1.779010
-2.140563 -1.271132 -1.876604
-2.103292 -0.778147 2.560151
-2.108769 -0.749226 -1.679643
-2.172321 -0.407654 1.781268
-2.182929 -0.500435 -2.404973
-2.138014 -0.109070 2.390453
-2.141407 -0.135288 -1.855285
-2.308761 0.261513 1.837382
-2.287677 0.143933 -2.490104
-2.234988 0.429211 2.577399
-2.121418 0.282787 -1.993094
-2.194641 0.625753 2.193893
-2.159764 0.608510 -2.543708
-2.031789 0.840416 2.577764
-2.029059 0.740765 -1.925727
-1.981475 0.948586 1.855546
-1.805004 1.122531 -2.199020
-1.738398 1.281043 1.887668
-1.770650 1.116862 -1.281550
-1.638975 1.311832 0.965173
-1.444566 1.374358 -0.990926
-1.402790 1.259436 0.670001
-1.390868 1.092905 -0.119806
-1.218233 1.110767 0.265655
-1.056667 -1.155032 0.341486
-1.138060 -1.245371 0.580226
-1.299142 -1.429922 -0.019393
-1.372472 -1.202840 0.926922
-1.620032 -1.206647 -0.119364
-1.703645 -0.957813 0.794098
-1.855317 -1.154633 -0.789648
-2.014373 -0.750763 1.283405
-2.055461 -0.786612 -0.521023
-2.057433 -0.485539 0.784639
-2.058338 -0.529550 -1.111040
-2.098898 -0.255388 1.014452
-2.029190 -0.125617 -0.731535
-2.133685 0.085499 0.978360
-2.210301 0.102875 -1.444149
-2.302681 0.282062 1.328509
-2.237686 0.279627 -0.962283
-2.287751 0.545340 1.483110
-2.182021 0.565227 -1.432677
-2.255591 0.720057 1.554591
-2.094257 0.688320 -1.003184
-2.060244 0.949571 1.693010
-1.852690 1.070408 -1.406873
-1.942628 1.224046 1.375052
-1.778993 1.304624 -0.846245
-1.677468 1.559389 1.455503
-1.463124 1.742728 -1.123310
-1.523263 1.817197 0.572464
-1.367090 1.879243 -0.325068
-1.342121 1.777613 0.741445
-1.358372 1.762233 0.018816
-1.255778 1.593195 0.092817
-0.963799 -1.295499 0.058050
-0.941127 -1.388608 0.402009
-1.110693 -1.446985 0.133961
-1.211637 -1.355469 0.753259
-1.342524 -1.413049 -0.538296
-1.455399 -1.146037 1.250457
-1.596523 -1.134322 -0.491244
-1.794826 -0.883162 1.089597
-1.711843 -1.040931 -1.174160
-1.781039 -0.708773 1.598317
-1.747133 -0.672424 -0.894000
-1.879753 -0.425198 1.121479
-1.786580 -0.433044 -1.615874
-1.876112 -0.191178 1.534194
-1.935542 -0.037196 -1.139688
-2.112507 0.152936 1.198307
-2.014260 0.040236 -1.708016
-1.962813 0.252826 1.826155
-1.876828 0.248814 -1.050163
-1.960968 0.403313 1.212786
-1.763798 0.440958 -1.431230
-1.727281 0.637598 1.659259
-1.636082 0.724904 -0.862808
-1.688525 0.917216 1.192647
-1.500262 0.960116 -1.183573
-1.395467 1.183084 1.367945
-1.393539 1.263076 -0.727370
-1.413051 1.458574 0.749678
-1.281420 1.492656 -0.534980
-1.226528 1.520542 0.541225
-1.117625 1.420553 -0.122118
-0.975685 1.434808 0.434239
-0.768156 -1.280473 0.223086
-0.833683 -1.325351 0.494026
-0.935937 -1.456040 -0.255962
-0.987001 -1.249420 0.831244
-1.187920 -1.252570 -0.405194
-1.257860 -1.054513 0.789544
-1.302132 -1.130717 -0.970320
-1.424074 -0.853346 1.207021
-1.494449 -0.856739 -0.949229
-1.534655 -0.607799 0.977493
-1.494135 -0.656915 -1.368079
-1.542483 -0.365871 1.219087
-1.548271 -0.219961 -1.247782
-1.653419 0.008922 1.141718
-1.730934 -0.050171 -1.633491
-1.802696 0.221157 1.388931
-1.745908 0.114351 -1.360068
-1.770085 0.471737 1.369184
-1.705110 0.324288 -1.501449
-1.720540 0.649254 1.715300
-1.548816 0.608227 -1.035191
-1.513458 0.896156 1.482417
-1.438442 0.912151 -1.290446
-1.423711 1.206700 1.754581
-1.323203 1.273454 -1.015010
-1.221762 1.556945 1.478890
-1.119625 1.740595 -1.013461
-1.077884 1.858466 1.160559
-1.068664 2.012171 -0.354787
-1.064274 1.941703 0.543069
-0.999735 1.855682 -0.082114
-0.918290 1.701327 -0.028582
-0.704957 -1.378130 -0.008735
-0.649042 -1.434719 0.339177
-0.740527 -1.507861 -0.080863
-0.772669 -1.390338 0.724668
-0.855175 -1.433386 -0.713438
-0.893419 -1.191110 1.211385
-1.010904 -1.242527 -0.810241
-1.087940 -1.004270 1.055623
-1.042382 -1.103197 -1.304845
-1.092113 -0.742664 1.486031
-1.084451 -0.760962 -1.289755
-1.215889 -0.479274 1.285350
-1.109134 -0.573631 -1.688183
-1.231266 -0.255976 1.574923
-1.222420 -0.338663 -1.606447
-1.458474 0.021136 1.522110
-1.326360 -0.158060 -1.864299
-1.409650 0.209456 1.744309
-1.286933 0.005616 -1.539503
-1.363355 0.428050 1.523561
-1.153593 0.383962 -1.578061
-1.148651 0.710733 1.716687
-1.142739 0.681372 -1.250881
-1.107655 0.940464 1.517611
-0.990180 1.117656 -1.286666
-0.922261 1.232579 1.531190
-1.006455 1.261797 -0.977977
-0.924862 1.402555 1.163931
-0.880398 1.626488 -0.567459
-0.897719 1.594794 0.806774
-0.860737 1.645480 -0.188406
-0.782323 1.526757 0.332796
-0.467280 -1.326657 0.253280
-0.555786 -1.313333 0.476325
-0.603167 -1.460131 -0.300614
-0.632198 -1.253031 0.870114
-0.754183 -1.316471 -0.567744
-0.785046 -1.133324 0.876893
-0.756668 -1.174805 -1.053577
-0.809032 -0.929490 1.242966
-0.864947 -0.949180 -1.173276
-0.910447 -0.699326 1.095596
-0.841141 -0.693260 -1.437529
-0.929466 -0.401977 1.359973
-0.991896 -0.388073 -1.452973
-1.094338 -0.127485 1.342512
-1.081193 -0.163503 -1.588210
-1.224781 0.160019 1.375748
-1.213385 0.054763 -1.359032
-1.278584 0.366812 1.442142
-1.175318 0.281890 -1.378489
-1.239921 0.606330 1.373384
-1.118747 0.602919 -1.006610
-1.112380 0.884868 1.390967
-0.963370 1.055778 -1.049736
-0.997117 1.243655 1.253481
-0.870994 1.418729 -0.842417
-0.813742 1.553844 1.611487
-0.712378 1.783521 -0.883073
-0.731492 1.766210 1.283889
-0.768900 1.997178 -0.583942
-0.741306 1.855734 0.855335
-0.750405 2.028613 -0.031214
-0.715865 1.795155 0.293905
-0.413954 -1.351208 0.062280
-0.361831 -1.392002 0.303816
-0.392162 -1.453855 -0.074804
-0.427220 -1.360767 0.660827
-0.462206 -1.416854 -0.650693
-0.522683 -1.209660 1.167133
-0.595522 -1.263493 -0.920418
-0.591775 -1.034920 1.052025
-0.592789 -1.141531 -1.258271
-0.649356 -0.803232 1.413507
-0.681521 -0.750207 -1.436836
-0.710240 -0.499155 1.274805
-0.712498 -0.644265 -1.712978
-0.803884 -0.326661 1.523293
-0.834521 -0.385378 -1.648796
-0.910163 -0.053845 1.509807
-0.863985 -0.208123 -1.844972
-0.937206 0.118270 1.739932
-0.922598 0.034896 -1.603380
-0.925913 0.386553 1.480865
-0.810418 0.307798 -1.595789
-0.833015 0.602585 1.677742
-0.819827 0.624012 -1.172044
-0.833762 0.827039 1.224150
-0.749983 0.952692 -1.076548
-0.712842 1.001273 1.351674
-0.771452 1.143208 -0.663126
-0.772969 1.137150 1.075013
-0.712064 1.442316 -0.485754
-0.756863 1.355986 0.805278
-0.766854 1.557602 -0.205649
-0.656774 1.478243 0.489073
-0.185835 -1.252259 0.228585
-0.260612 -1.195094 0.539682
-0.329710 -1.280725 -0.330692
-0.328904 -1.094518 0.838238
-0.386517 -1.116313 -0.585921
-0.431636 -0.963540 0.793210
-0.392409 -0.968247 -1.026153
-0.419324 -0.752524 1.154945
-0.426966 -0.727798 -1.115360
-0.457969 -0.577260 0.996895
-0.419292 -0.513073 -1.403316
-0.461751 -0.289938 1.254728
-0.493743 -0.251655 -1.372820
-0.556052 -0.086356 1.141611
-0.533956 -0.125077 -1.613333
-0.603111 0.107863 1.389144
-0.592359 0.121436 -1.493832
-0.649859 0.336320 1.303316
-0.610500 0.321084 -1.638085
-0.659012 0.574039 1.585614
-0.631998 0.555750 -1.439997
-0.659250 0.873789 1.523911
-0.609474 1.028840 -1.389707
-0.636745 1.243917 1.715776
-0.608169 1.404207 -0.987447
-0.579896 1.429269 1.408861
-0.564620 1.675351 -1.027116
-0.508371 1.592543 1.189235
-0.542103 1.849658 -0.554080
-0.517615 1.695531 0.775652
-0.585653 1.757868 -0.145716
-0.528492 1.546741 0.196875
-0.179293 -1.242556 0.048970
-0.145420 -1.296210 0.340691
-0.151583 -1.319313 -0.160923
-0.176366 -1.215855 0.664064
-0.199924 -1.263242 -0.675865
-0.187203 -1.086185 1.107370
-0.202007 -1.016744 -0.843617
-0.202775 -0.892691 0.954835
-0.212931 -0.975223 -1.233626
-0.163051 -0.736343 1.385671
-0.123030 -0.636211 -1.259467
-0.166592 -0.516655 1.139454
-0.164205 -0.594325 -1.541020
-0.165675 -0.379607 1.450304
-0.114232 -0.364644 -1.477623
-0.224454 -0.181710 1.338458
-0.212860 -0.257442 -1.795666
-0.255396 0.025098 1.638677
-0.212946 0.023416 -1.596460
-0.320041 0.253132 1.481952
-0.324175 0.248843 -1.731057
-0.387842 0.543251 1.703346
-0.420287 0.468381 -1.424614
-0.445209 0.722541 1.504631
-0.433676 0.888383 -1.231238
-0.461770 0.937133 1.317630
-0.546764 1.040580 -0.820217
-0.516849 1.034806 1.012046
-0.498719 1.288274 -0.597169
-0.521833 1.204153 0.719416
-0.567656 1.329843 -0.302752
-0.462990 1.216261 0.311009
-0.043508 -1.122627 0.304687
-0.153256 -1.029547 0.407401
-0.186294 -1.103693 -0.067503
-0.177902 -0.918475 0.549975
-0.203990 -0.882566 -0.239724
-0.221400 -0.795110 0.340038
-0.223526 -0.727923 -0.569583
-0.224701 -0.586498 0.657157
-0.232776 -0.473180 -0.653253
-0.231681 -0.429745 0.363318
-0.260236 -0.337520 -0.881982
-0.252931 -0.263389 0.573719
-0.243543 -0.110466 -0.751949
-0.214024 -0.131167 0.426165
-0.242999 -0.011765 -0.988773
-0.233721 0.056862 0.734136
-0.242279 0.187314 -0.833525
-0.231585 0.252142 0.701921
-0.244603 0.386787 -0.908774
-0.257902 0.473821 0.951514
-0.293956 0.619666 -0.826626
-0.328988 0.722762 1.040344
-0.302231 0.951983 -0.841593
-0.352844 1.012076 1.069017
-0.339696 1.248309 -0.747414
-0.332276 1.180637 1.141323
-0.268616 1.417899 -0.856324
-0.297304 1.347764 0.922817
-0.312525 1.552109 -0.603704
-0.289452 1.485165 0.631507
-0.321776 1.553880 -0.094100
-0.259186 1.393796 0.261020
-0.092908 -1.127917 0.090390
-0.070986 -1.140964 0.310364
-0.084113 -1.203654 0.137368
-0.111411 -1.145552 0.472598
-0.078769 -1.148634 -0.283968
-0.043020 -1.130167 0.775767
-0.113949 -0.870517 -0.406230
-0.108550 -0.850867 0.647974
-0.093440 -0.830464 -0.759150
-0.105079 -0.722531 1.017753
-0.182719 -0.590984 -0.767301
-0.189379 -0.575303 0.699988
-0.125937 -0.558576 -0.931069
-0.131469 -0.453705 1.085798
-0.198212 -0.337767 -0.831500
-0.203338 -0.285883 0.779115
-0.141175 -0.286627 -1.195634
-0.130842 -0.110426 1.202139
-0.167703 0.002209 -0.884680
-0.211083 0.127151 0.875802
-0.255556 0.223593 -1.052451
-0.305256 0.373766 1.288999
-0.343196 0.494387 -0.768768
-0.384138 0.583236 1.008081
-0.385957 0.770723 -0.908443
-0.411837 0.758462 1.117875
-0.456579 0.990488 -0.573072
-0.444581 0.903830 0.693619
-0.387092 1.059119 -0.497961
-0.381424 1.067420 0.513255
-0.365082 1.104070 -0.221077
-0.294596 1.097641 0.192637
-0.095894 -1.051552 0.273731
-0.155362 -0.967373 0.405780
-0.236379 -1.032024 -0.090773
-0.199872 -0.887998 0.596823
-0.227391 -0.841685 -0.209684
-0.181087 -0.803422 0.458960
-0.225418 -0.693902 -0.740454
-0.192378 -0.564401 0.854337
-0.232484 -0.443380 -0.874441
-0.221658 -0.412715 0.623524
-0.256781 -0.364676 -1.212187
-0.185625 -0.206487 1.139651
-0.185975 -0.156265 -1.195968
-0.201951 -0.102539 0.891857
-0.203285 -0.031662 -1.465939
-0.121248 0.077606 1.333755
-0.108093 0.122968 -1.272278
-0.106803 0.173207 1.083831
-0.117836 0.295030 -1.373769
-0.108143 0.384343 1.480265
-0.145035 0.473644 -1.250820
-0.155435 0.575163 1.244071
-0.156478 0.795903 -1.367280
-0.157497 0.879377 1.597827
-0.170029 1.084414 -1.247393
-0.148177 1.084173 1.026443
-0.146489 1.357030 -1.134226
-0.098734 1.246659 0.975586
-0.119145 1.384645 -0.669854
-0.067251 1.350690 0.568372
-0.108258 1.412952 -0.235664
-0.116264 1.226608 0.030484
-0.117291 -1.062395 0.097990
-0.123553 -1.076037 0.313251
-0.133140 -1.090035 0.158722
-0.158517 -1.011779 0.481057
-0.127873 -0.946922 -0.186921
-0.104466 -0.842083 0.808469
-0.132106 -0.648621 -0.466722
-0.117256 -0.616932 0.691822
-0.101234 -0.590839 -1.129133
-0.061497 -0.553462 1.189099
-0.125196 -0.386740 -1.211745
-0.102726 -0.363657 1.064854
-0.092142 -0.376270 -1.666567
-0.066416 -0.317900 1.512268
-0.114972 -0.190045 -1.561040
-0.053405 -0.167298 1.361229
-0.059513 -0.136554 -1.891851
-0.062431 -0.010722 1.696828
-0.082630 0.104239 -1.608296
-0.065762 0.172343 1.410810
-0.086659 0.316159 -1.909008
-0.081495 0.450659 1.727787
-0.118843 0.500142 -1.613803
-0.101132 0.566825 1.407936
-0.167274 0.790567 -1.721753
-0.173695 0.808393 1.389013
-0.221352 0.861808 -1.180124
-0.228173 0.878871 0.741566
-0.232011 0.995940 -0.848249
-0.237106 0.989091 0.408029
-0.239062 0.989919 -0.498991
-0.199637 0.959038 -0.021880
-0.192984 -1.078970 0.326780
-0.225272 -1.006951 0.419816
-0.292682 -1.119299 0.175820
-0.274161 -0.965984 0.490191
-0.322637 -0.916758 0.221102
-0.287776 -0.839180 0.225937
-0.283920 -0.750430 -0.357935
-0.227000 -0.649793 0.443682
-0.271007 -0.443897 -0.405145
-0.229414 -0.459746 0.359132
-0.253036 -0.348802 -0.809558
-0.219310 -0.260363 0.671407
-0.252450 -0.055377 -0.731806
-0.177839 -0.075429 0.558523
-0.216254 0.023907 -0.935686
-0.165874 0.039006 0.866159
-0.195929 0.242942 -0.918127
-0.144678 0.247033 0.769278
-0.186368 0.358115 -0.971763
-0.197677 0.396991 1.117997
-0.228839 0.562438 -0.965419
-0.195063 0.637453 1.018674
-0.193369 0.845648 -0.818825
-0.225313 0.803342 1.092928
-0.244840 1.060447 -0.787371
-0.214765 1.069031 0.808444
-0.204822 1.226887 -0.588741
-0.214897 1.170841 0.561627
-0.234714 1.241658 -0.536832
-0.174676 1.255256 0.298156
-0.205909 1.331427 -0.244674
-0.186460 1.149276 -0.136999
-0.279958 -1.173626 0.213891
-0.265292 -1.161126 0.419686
-0.302917 -1.226244 0.312763
-0.331216 -1.166354 0.490317
-0.322292 -1.134150 0.071684
-0.262173 -1.060080 0.672379
-0.246059 -0.918516 0.155552
-0.229215 -0.892771 0.515930
-0.205714 -0.835365 -0.306831
-0.126232 -0.781732 0.817143
-0.165456 -0.469218 -0.300416
-0.157413 -0.463305 0.851449
-0.165679 -0.467332 -0.808665
-0.098913 -0.398871 1.204508
-0.137093 -0.175641 -0.486330
-0.135208 -0.206614 1.104260
-0.097269 -0.097605 -0.709296
-0.071961 -0.030947 1.399607
-0.120676 0.137782 -0.589105
-0.171664 0.167051 1.089169
-0.137805 0.313285 -0.705406
-0.190246 0.406663 1.284397
-0.195810 0.511231 -0.489596
-0.289197 0.577098 0.932811
-0.274785 0.787396 -0.361912
-0.354279 0.801548 0.917535
-0.369525 0.862471 -0.242071
-0.401007 0.958284 0.514925
-0.392646 0.979173 -0.382420
-0.414474 1.001981 0.395520
-0.428391 0.909388 -0.288895
-0.396189 1.016007 0.150625
-0.312550 -1.199491 0.246474
-0.273064 -1.085012 0.428651
-0.388732 -1.114779 0.088336
-0.363167 -1.020698 0.494179
-0.379195 -1.054909 0.244534
-0.365009 -1.035775 0.354188
-0.344263 -0.949962 -0.065850
-0.275506 -0.888229 0.463992
-0.215937 -0.735045 0.041871
-0.201016 -0.664794 0.510745
-0.178667 -0.465310 -0.337677
-0.138609 -0.370941 0.811910
-0.070710 -0.213504 -0.084578
-0.091627 -0.161077 0.834311
-0.073661 -0.025520 -0.284958
-0.082014 0.056337 1.006441
-0.045238 0.159692 -0.161139
-0.075429 0.206900 0.798322
-0.050117 0.299502 -0.350112
-0.132759 0.364147 0.971173
-0.129823 0.466529 -0.172694
-0.223879 0.575708 0.809234
-0.189546 0.630245 -0.148616
-0.296251 0.725078 0.773984
-0.286668 0.865628 0.017779
-0.327778 0.959755 0.591850
-0.266007 1.003090 -0.057608
-0.271165 1.066683 0.559442
-0.281098 1.056469 -0.065321
-0.261300 1.156698 0.244000
-0.328836 1.163945 -0.180559
-0.304636 1.066373 -0.332329
-0.106718 -0.932180 0.212620
-0.132411 -1.014469 0.347868
-0.194526 -0.979419 0.252373
-0.223686 -0.925182 0.447091
-0.222533 -0.850237 0.145063
-0.182576 -0.840462 0.510877
-0.187729 -0.763861 0.164018
-0.205713 -0.746818 0.467600
-0.163109 -0.634641 0.063891
-0.142518 -0.548453 0.629885
-0.089239 -0.353141 0.145667
-0.153800 -0.296941 0.601535
-0.046772 -0.176767 0.065690
-0.092426 -0.134344 0.839766
-0.030643 -0.022133 0.162438
-0.104964 0.000549 0.710791
-0.004962 0.169916 0.126526
-0.064035 0.165902 0.905765
-0.015553 0.267627 0.182223
-0.117251 0.274111 0.615472
-0.066202 0.406919 0.051288
-0.154671 0.449923 0.711322
-0.136008 0.570663 0.159920
-0.235978 0.621315 0.490070
-0.183240 0.757218 0.066727
-0.220597 0.794370 0.521326
-0.191124 0.870027 0.170209
-0.154267 0.891120 0.317949
-0.138494 0.965710 0.092225
-0.161064 0.969934 0.220284
-0.281211 1.024150 -0.030314
-0.197891 0.911817 -0.091978
