2.031373 0.033596 0.088375
1.096035 -0.067280 -0.103100
1.368094 0.061518 0.014641
0.255917 0.205127 0.033527
0.586132 0.036472 -0.173602
2.249850 0.076982 -0.182422
0.444124 0.020996 0.158235
0.061069 0.144205 -0.129392
2.411269 0.061029 0.026575
-0.058880 0.021898 0.079482
-0.056910 0.063468 0.116820
0.501276 0.029638 0.062693
0.258378 0.111035 -0.014849
1.082926 -0.060145 -0.170093
0.303003 0.215223 -0.031988
2.217648 0.026142 0.046458
0.817359 0.046534 0.088350
1.967835 0.084122 0.177558
-0.356286 0.169400 0.005848
-0.343717 -0.122069 -0.026696
1.660328 0.000841 -0.028994
1.397368 -0.064521 -0.043425
1.723338 -0.013356 0.079026
0.025221 0.170567 -0.191331
0.223588 -0.016865 0.306552
1.722199 -0.086467 0.060351
-0.038819 0.181546 -0.039389
1.687180 0.078100 -0.053310
-0.332975 0.009214 0.086951
0.753965 0.062951 0.082305
-0.660744 -0.179394 -0.005151
0.334597 0.127074 -0.163826
1.200936 0.248372 -0.029060
1.058268 -0.067409 -0.089472
1.999580 -0.000080 0.122599
2.050122 0.005928 -0.041975
2.465499 0.188646 -0.018398
0.719939 0.122333 -0.031703
1.571198 -0.004367 -0.204944
0.286596 0.114415 -0.143263
-0.281453 0.061501 0.204324
0.155116 0.143349 0.084274
0.473089 0.127733 0.053465
0.012203 0.090823 -0.110726
0.075804 -0.007264 -0.116126
-0.044490 -0.006884 -0.253032
-0.475425 -0.075298 -0.078202
2.027756 -0.020768 -0.080205
-0.106765 0.126818 -0.110450
2.191902 0.025640 0.131899
2.495811 0.217077 -0.129171
0.527298 0.113041 -0.013654
0.218865 -0.039702 0.030819
0.020393 0.178354 0.060562
0.295888 -0.143546 0.016030
2.203407 0.191997 0.057148
2.306813 0.016931 -0.089511
0.509460 0.108076 0.034449
-0.744536 0.099382 -0.034644
2.069417 0.128059 0.120804
-0.660033 0.053001 -0.132753
0.379571 0.060253 0.012144
-0.407099 -0.035282 0.056831
0.201050 -0.137934 0.064520
-0.175478 0.004662 -0.118858
0.815806 -0.085663 0.036174
-0.511171 0.000202 0.169047
0.338967 -0.188772 0.101273
0.014389 0.157666 -0.202006
-0.530062 0.043270 0.029677
1.111642 -0.051954 -0.066036
1.720234 0.040023 0.108525
-0.596032 0.078871 0.007510
1.907349 0.077782 0.011323
2.229409 0.153194 0.032377
0.472850 -0.029684 -0.171953
1.373539 0.154994 0.008225
0.298876 -0.104125 -0.147064
0.407540 -0.104895 0.072197
0.194587 0.161082 -0.072027
0.179604 -0.094430 -0.139859
-0.704418 0.013491 0.086231
2.610223 0.143385 0.072121
-0.860749 0.015933 0.102574
0.555310 -0.039438 -0.102179
0.239432 -0.022158 -0.143612
0.806541 -0.064933 0.016699
1.620780 -0.029768 0.044241
-0.291174 0.112258 -0.062697
1.996325 0.107557 -0.035698
-0.438671 0.032026 0.029202
1.932825 0.107619 0.000189
-0.000081 -0.101270 0.036231
-0.379653 -0.031829 0.204356
1.870164 0.026148 -0.019198
1.938487 0.002704 -0.086804
-0.142765 -0.011600 0.129683
1.091266 0.064121 -0.016066
0.905604 0.004525 0.147351
-0.334393 0.096208 -0.132209
-0.566386 -0.054247 0.093093
-0.272028 0.196314 -0.070895
1.610775 0.050829 0.041213
0.538763 0.071454 -0.224734
0.911079 0.196261 -0.041764
1.078673 0.068793 0.074465
-0.425186 0.043863 -0.055971
-0.037089 0.218652 0.022614
0.557474 -0.090375 0.069164
0.622672 -0.181879 0.097546
-0.615111 0.062664 -0.016518
0.132215 0.027346 -0.177711
1.336183 0.003992 -0.102634
0.805456 0.137986 0.019305
2.006185 0.023574 0.075391
-1.076825 0.109175 -0.182179
0.284032 -0.012908 0.244282
1.506994 0.164798 -0.003164
1.794736 0.003914 0.109413
-0.558854 0.105385 0.037641
0.866912 -0.144519 -0.095696
0.360244 -0.092016 0.189570
-0.055952 -0.042521 0.079445
1.061228 -0.007925 0.043965
1.109675 0.017436 0.131826
1.044653 -0.110378 0.143012
0.638464 0.092511 -0.203567
0.792664 0.127480 -0.177593
1.206631 0.107407 -0.065764
-0.539539 -0.007105 -0.172340
1.452831 -0.030067 0.058053
0.202034 -0.050321 0.092626
-0.136882 0.128720 -0.086673
1.735529 -0.034803 -0.065547
-0.396831 0.137964 -0.095786
1.143519 0.204409 -0.090491
1.413436 0.077011 0.025369
-0.271657 0.101927 0.114747
-0.579224 0.003109 -0.124600
0.284436 0.160536 0.077778
1.257734 0.063943 0.043031
-0.306080 0.154972 -0.043765
-0.212066 0.192522 0.046535
-0.122165 -0.024773 -0.175650
0.836567 0.072127 -0.092332
0.933282 -0.014989 0.021976
-0.596812 0.029288 -0.127393
-0.029045 0.024102 0.110201
-0.675843 0.060260 -0.202106
0.539525 -0.013728 -0.212706
2.081403 0.076897 0.149786
2.069826 0.027063 -0.061371
0.527164 0.143685 -0.064335
0.144451 -0.053738 -0.026782
-0.038022 0.034385 -0.028818
-0.038264 0.036918 0.204302
0.851330 0.105659 -0.102334
-0.542551 0.091459 0.176714
2.342845 0.031895 -0.037992
-0.337301 -0.051872 0.127834
-0.910257 -0.006077 -0.201565
2.039787 -0.003521 0.049964
1.827259 0.090550 0.127632
0.507068 0.068036 0.159765
0.458420 -0.062826 -0.086178
1.574512 -0.075070 -0.058085
1.410982 0.070707 0.255344
0.089958 -0.008575 -0.150694
1.549218 -0.015174 -0.045089
-0.231477 0.033365 -0.144350
1.722814 -0.149970 -0.103588
-0.193508 0.046751 0.167922
-0.236818 0.027499 0.212995
0.781258 -0.019210 -0.174025
1.241061 -0.008393 0.144306
0.321449 0.183785 0.024266
2.155046 -0.064401 0.048066
1.949545 0.117310 0.054319
0.138243 -0.137424 -0.036757
0.753813 0.025411 0.179362
2.177019 0.074341 -0.100137
0.084899 0.157463 -0.222847
0.435770 0.100683 0.086472
2.330077 0.028825 0.008718
0.265182 -0.089598 0.124881
0.942419 0.117242 -0.035794
2.783294 0.103320 0.040773
-0.500724 0.105509 -0.095783
1.484759 0.003789 -0.046750
0.264734 0.066082 -0.185528
0.102781 0.084880 0.151160
0.902679 0.132369 -0.044918
1.488345 0.128716 0.164752
0.356309 0.143334 0.040114
-0.668656 0.033577 0.063495
0.914228 -0.087722 0.093591
1.880243 0.105118 -0.033338
0.734412 -0.088382 -0.160413
0.012477 0.014765 0.022994
2.210026 0.099082 0.081317
2.332499 -0.168184 -0.184856
-0.022519 0.076647 0.046553
1.742471 -0.047590 -0.111875
-0.131819 -0.005373 0.169627
2.152015 0.106713 0.068031
1.774160 0.017297 -0.057173
-0.321364 0.041023 -0.093920
1.183155 0.018424 -0.005838
-0.137745 -0.083311 0.224174
2.195376 0.058842 0.087862
1.366620 0.035582 -0.064632
1.060409 0.128054 -0.121637
1.094440 0.091314 0.093597
1.429156 0.044572 -0.046179
-0.558161 0.032096 -0.061272
-0.303993 0.027679 -0.121860
-0.141682 0.008992 -0.178373
1.092468 0.170778 -0.110430
-0.098079 0.111649 -0.177037
2.078727 0.009630 0.053244
-0.379843 0.079095 0.055265
-0.376762 -0.033112 0.110257
-0.712236 0.114685 -0.163419
-0.116059 -0.131939 0.023886
-0.623492 0.119122 0.000844
1.599808 0.074765 -0.101310
0.006307 -0.020690 0.075758
-0.923323 0.116485 -0.180727
1.882332 0.154383 -0.144408
0.413372 0.121880 0.018942
1.676517 -0.019667 -0.080348
1.764943 0.190856 0.038101
-0.613908 0.031266 0.126276
-0.371025 0.116058 -0.191970
-0.135764 0.063366 -0.134067
1.259087 0.163869 -0.041325
-0.244546 -0.092038 -0.085987
-0.150593 0.137315 0.090017
-0.794993 -0.046789 -0.092610
-0.490803 0.054672 0.061073
0.339618 -0.047189 -0.086445
-0.509403 -0.000644 -0.110821
0.331545 0.052253 -0.140516
2.393854 0.125602 0.011535
-0.649168 0.024898 -0.138517
0.331880 0.049628 0.130482
-0.461133 0.028884 0.040794
1.656775 0.145844 0.095369
0.025365 -0.037908 -0.163303
-0.684961 -0.033484 -0.035816
-0.592972 -0.022973 0.170650
1.727909 0.010103 -0.017279
-0.353478 -0.008192 -0.149569
-0.260911 0.126639 0.018574
0.475262 -0.051417 -0.064416
-0.105117 -0.011318 0.115469
-0.623621 -0.128338 -0.139561
-0.742885 0.020126 0.006599
-0.810175 0.080733 -0.043467
-0.765679 0.082760 -0.015205
-0.806392 0.064778 -0.026824
-0.838164 0.035322 -0.045330
-0.876438 -0.016897 -0.026372
-0.875337 0.007779 -0.014163
-0.889558 0.003352 -0.038221
-0.877595 0.044611 0.046725
-0.896130 -0.037556 -0.022066
-0.912075 -0.028350 0.039833
-0.903861 -0.046001 -0.057115
-0.869187 0.021950 0.057256
-0.900861 -0.007566 -0.106043
-0.821952 0.046526 0.086562
-0.833762 0.014877 -0.015044
-0.807055 0.022682 0.045492
-0.799848 0.016226 -0.056494
-0.746440 0.052426 0.033730
-0.762292 0.020150 -0.046063
-0.726729 0.052954 -0.020670
-0.653810 -0.021808 -0.120050
-0.538780 0.045757 0.043579
-0.432603 -0.013693 -0.110336
-0.367373 0.068179 0.102966
-0.292471 0.005383 -0.122708
-0.296541 0.062164 0.059706
-0.319407 0.012761 -0.029688
-0.332289 0.047312 -0.019165
-0.276891 0.043793 -0.081650
-0.193419 0.171089 0.107431
-0.819064 -0.083682 -0.067406
-1.069731 -0.000075 0.014906
-1.228835 -0.030461 -0.034911
-1.183814 -0.001973 -0.033203
-1.158488 -0.020992 -0.046848
-1.153394 0.005189 0.042163
-1.171173 -0.037637 -0.028058
-1.193621 -0.038572 0.014206
-1.216053 -0.059844 -0.005101
-1.252371 -0.065039 0.036998
-1.252203 -0.126258 0.014976
-1.266308 -0.137728 0.071130
-1.229308 -0.179783 0.026871
-1.212754 -0.103076 0.178163
-1.216779 -0.063988 0.012402
-1.145200 -0.001931 0.157239
-1.114645 -0.039197 -0.031229
-1.154725 0.015600 0.148704
-1.160988 0.004152 0.003914
-1.169561 0.020722 0.068173
-1.148816 -0.023285 -0.034136
-1.101332 0.023299 -0.018196
-1.008821 -0.032099 0.005408
-0.855013 0.019730 -0.017280
-0.677154 -0.015251 0.016464
-0.584455 0.077223 -0.004592
-0.482060 0.059025 0.021845
-0.452103 0.100651 -0.072562
-0.453528 0.074328 -0.015614
-0.459817 0.086984 -0.099514
-0.466658 0.057874 0.090553
-0.277387 0.107250 -0.058267
-0.853476 -0.009613 -0.058318
-1.096892 0.059318 -0.011864
-1.203542 0.054844 -0.060748
-1.145380 0.070843 0.089250
-1.146564 0.037543 0.005255
-1.103775 0.030348 -0.006289
-1.085190 0.007987 -0.002622
-1.087940 0.017476 0.010588
-1.139131 0.007536 0.038985
-1.171821 0.004615 -0.028010
-1.133251 -0.015256 0.007831
-1.110524 -0.019510 -0.030602
-1.095781 0.001004 0.052182
-1.111727 0.011507 0.017556
-1.158576 0.039237 -0.049743
-1.103365 0.065196 0.064576
-1.131246 0.083923 0.005189
-1.121008 0.092422 -0.020878
-1.124916 0.101473 0.032149
-1.070195 0.097250 -0.075831
-1.058869 0.102775 -0.064755
-1.035836 0.097304 -0.041878
-1.007159 0.055372 -0.002189
-0.877713 0.055909 -0.066499
-0.744047 0.040853 0.033639
-0.629063 0.093026 -0.073673
-0.550913 0.091439 0.043102
-0.491942 0.095784 -0.126924
-0.480070 0.092180 0.001818
-0.454500 0.061665 -0.162874
-0.441728 0.042460 -0.029591
-0.338422 0.113573 -0.054211
-0.747000 -0.087910 -0.066797
-1.018239 -0.058179 0.023830
-1.120227 -0.032689 0.020492
-1.141244 -0.021463 0.040918
-1.099978 -0.006522 -0.024206
-1.104669 0.014877 0.093571
-1.070355 -0.026680 -0.012317
-1.085796 -0.025540 0.068713
-1.077678 -0.046533 -0.065213
-1.114761 -0.037157 0.076965
-1.145036 -0.070333 -0.005026
-1.170813 -0.063713 0.041765
-1.167096 -0.060931 -0.053916
-1.183547 -0.058131 0.086131
-1.210417 -0.036891 -0.051603
-1.191086 -0.006872 0.163227
-1.143440 0.031403 -0.070416
-1.148732 0.082999 0.147307
-1.144918 0.084797 -0.071784
-1.180585 0.104620 0.082423
-1.174480 0.055208 -0.017985
-1.124033 0.087592 0.058288
-1.021439 0.016164 -0.091281
-0.883194 0.063710 0.033951
-0.766064 0.020484 0.039545
-0.627676 0.082724 0.011894
-0.536691 0.091930 0.085621
-0.474686 0.108286 0.019058
-0.468060 0.145766 -0.004681
-0.451794 0.121025 0.051048
-0.479961 0.095281 0.010670
-0.327570 0.134471 0.021267
-0.713599 -0.077833 -0.002548
-0.923341 -0.009533 0.034634
-1.006625 -0.000199 0.020332
-1.009194 0.015477 0.044492
-1.036412 -0.017572 0.007717
-1.017904 -0.013027 0.026511
-1.033130 -0.062824 0.015977
-1.032944 -0.043147 0.017624
-1.064682 -0.094730 0.051532
-1.061806 -0.091814 0.005800
-1.073240 -0.114493 0.018513
-1.069975 -0.109164 0.002485
-1.114815 -0.092429 0.074413
-1.136873 -0.133439 0.043448
-1.229993 -0.068216 -0.011422
-1.208959 -0.019911 0.085805
-1.203313 0.103215 -0.048333
-1.139995 0.135308 0.032410
-1.126322 0.201586 -0.004151
-1.072579 0.179232 -0.003262
-1.091163 0.183447 -0.008716
-1.030509 0.177495 -0.022731
-0.981321 0.136295 0.043774
-0.873604 0.109529 -0.003531
-0.777737 0.040561 0.031364
-0.654637 0.079002 -0.038386
-0.579415 0.084674 0.065705
-0.535190 0.105248 -0.062351
-0.500375 0.117404 -0.007758
-0.474898 0.090456 -0.057585
-0.464572 0.080271 0.008606
-0.365199 0.128861 0.027372
-0.669082 -0.096202 -0.046743
-0.907247 -0.035905 0.012547
-0.979411 -0.021673 -0.001100
-0.989811 0.011809 0.036331
-1.010304 -0.017125 -0.009288
-1.020942 0.000511 0.064839
-1.043244 -0.049638 0.058081
-1.060100 -0.027268 0.022815
-1.089467 -0.065803 0.028849
-1.094637 -0.058774 0.051860
-1.119630 -0.113417 0.047057
-1.124052 -0.111262 0.055237
-1.137276 -0.129358 -0.035665
-1.175412 -0.086023 0.100258
-1.220483 -0.089610 -0.084548
-1.221796 0.027704 0.120090
-1.144460 0.077807 -0.110673
-1.114990 0.169352 0.105193
-1.063903 0.168777 -0.079452
-1.069592 0.180748 0.049170
-1.085513 0.146638 -0.017556
-1.058623 0.142553 0.045977
-1.010264 0.091284 -0.002975
-0.918844 0.076266 0.008430
-0.860604 0.044692 0.054903
-0.738399 0.044472 0.008064
-0.668452 0.037786 0.096817
-0.590174 0.055683 -0.030337
-0.566029 0.072481 0.057731
-0.549336 0.056967 0.001092
-0.552424 0.041067 0.052071
-0.397836 0.074487 0.000242
-0.695626 -0.064271 -0.059204
-0.882249 -0.002106 0.008499
-0.956272 -0.003213 -0.010676
-0.947369 -0.019218 0.007472
-0.960595 -0.033507 0.026710
-0.940057 -0.054984 -0.009636
-0.939306 -0.070323 0.007818
-0.973790 -0.067586 -0.040913
-1.035662 -0.064847 0.042748
-1.051341 -0.091630 -0.024032
-1.089846 -0.065915 -0.003279
-1.095556 -0.114473 -0.020459
-1.168242 -0.068886 -0.003509
-1.157310 -0.135440 0.014427
-1.235162 -0.053091 -0.092265
-1.213958 0.024763 0.026707
-1.166108 0.167040 -0.097471
-1.090670 0.221261 -0.012520
-1.039219 0.251125 -0.083593
-0.980003 0.206914 -0.045665
-0.994996 0.183217 -0.008443
-0.957998 0.149952 -0.053845
-0.959289 0.114381 0.028749
-0.853690 0.069019 -0.041152
-0.813771 0.016506 0.048908
-0.720238 0.010389 -0.028114
-0.656201 0.022367 0.020667
-0.589733 0.071156 -0.086997
-0.591370 0.071324 0.033796
-0.610779 0.063927 -0.044638
-0.620790 0.026542 0.022339
-0.481387 0.075304 -0.032509
-0.697329 -0.101391 -0.109758
-0.892004 -0.034517 0.023445
-0.928881 -0.024603 -0.057279
-0.964314 -0.002256 0.029058
-0.947834 -0.025199 -0.079685
-0.942649 0.010188 0.063241
-0.951112 -0.016853 -0.023270
-0.980572 0.000508 0.018573
-0.985427 0.008222 -0.099870
-1.017576 -0.010283 0.028123
-1.046888 -0.039365 -0.025927
-1.080401 -0.085083 0.058387
-1.068204 -0.036599 -0.110787
-1.109068 -0.027443 0.107383
-1.118018 0.010232 -0.231236
-1.161282 0.102941 0.131357
-1.082785 0.145961 -0.265623
-1.062765 0.237955 0.092958
-0.978610 0.181493 -0.180035
-0.973989 0.191007 -0.036732
-0.985778 0.134504 -0.103308
-0.994480 0.127178 -0.000134
-0.992125 0.070848 -0.083635
-0.917867 0.045207 -0.019547
-0.881416 0.024852 -0.029221
-0.787151 0.020084 0.012289
-0.721769 0.034355 0.044954
-0.666008 0.015874 0.081996
-0.688085 0.029509 -0.003666
-0.684358 -0.007313 0.069951
-0.707471 -0.048522 0.048266
-0.492894 0.031813 0.057842
-0.770010 -0.051999 -0.068098
-0.944806 0.015059 0.052693
-0.983115 0.003813 0.009987
-0.930884 -0.005547 0.013733
-0.911732 -0.031809 0.025852
-0.867475 -0.044294 0.000115
-0.888416 -0.045085 -0.016883
-0.900502 -0.040869 -0.066523
-0.960570 -0.020185 0.006380
-0.965460 -0.024901 -0.027809
-1.031641 -0.007691 -0.004417
-1.046629 -0.043233 0.037251
-1.150575 -0.006620 0.036360
-1.134678 -0.063404 0.024081
-1.260084 0.024571 -0.057278
-1.189111 0.067787 -0.025296
-1.183758 0.195995 0.000351
-1.060074 0.212164 -0.120313
-1.024799 0.212754 -0.043469
-0.953113 0.187973 -0.115720
-0.962944 0.140110 0.025349
-0.900293 0.098540 -0.142885
-0.911980 0.079959 0.043308
-0.818875 0.023303 -0.044363
-0.756088 -0.000771 0.077703
-0.668007 0.000370 0.020634
-0.590188 0.017721 0.008786
-0.580489 0.069786 0.033980
-0.633909 0.045112 -0.050105
-0.676925 0.058466 0.021277
-0.697039 -0.022285 -0.014104
-0.542528 0.073802 -0.022417
-0.764933 -0.101739 -0.094593
-0.985597 -0.035183 0.064541
-0.993890 -0.023894 -0.069963
-0.943658 0.012001 0.045205
-0.890765 -0.025684 -0.065221
-0.840884 0.008768 0.052923
-0.823926 -0.021454 -0.015560
-0.843685 0.006686 0.015343
-0.890296 -0.007832 -0.062369
-0.945597 -0.007119 0.078363
-0.996780 -0.041488 -0.029215
-1.043180 -0.042642 0.025725
-1.091677 -0.013049 -0.078225
-1.118874 -0.009801 0.092636
-1.154735 0.024430 -0.133648
-1.172754 0.076563 0.073487
-1.148280 0.121920 -0.137506
-1.112542 0.142347 0.126867
-1.029620 0.100593 -0.085628
-0.982018 0.118939 0.002434
-0.966786 0.078059 -0.061844
-0.938483 0.053490 -0.007829
-0.904853 0.042159 -0.028232
-0.783960 0.011913 -0.030271
-0.686872 0.038080 -0.003215
-0.664031 0.040155 -0.005640
-0.646447 0.041847 0.063568
-0.674513 0.054041 0.004697
-0.685471 0.032275 0.008473
-0.698676 0.012522 0.009343
-0.674773 -0.031943 0.083210
-0.472810 0.023509 0.032803
-0.840789 -0.035628 -0.104991
-1.029924 0.031813 0.044401
-1.060282 0.032958 -0.015588
-0.977928 0.004693 0.043572
-0.915147 -0.025956 0.015294
-0.848941 -0.036063 -0.018097
-0.816240 -0.048330 -0.056442
-0.780868 -0.016977 -0.030861
-0.844549 -0.010107 -0.007447
-0.877806 0.024342 -0.080659
-0.989474 0.018500 0.004932
-1.037499 -0.007473 -0.078205
-1.166560 -0.020093 0.085959
-1.211072 -0.050508 -0.010491
-1.349326 0.019581 0.030185
-1.270322 0.075451 0.009848
-1.269076 0.137858 0.023985
-1.111573 0.150571 -0.062453
-1.098119 0.148338 -0.027846
-0.954659 0.130851 -0.019958
-0.911275 0.074937 0.065895
-0.832701 0.039800 -0.047023
-0.835095 0.009026 0.018186
-0.723250 0.003370 0.011958
-0.678556 -0.008495 0.048814
-0.609212 0.017813 -0.025784
-0.541955 0.023556 0.012041
-0.550844 0.109624 -0.090247
-0.521877 0.079365 0.026604
-0.561393 0.092707 -0.090587
-0.513170 0.011266 0.056469
-0.398820 0.058943 -0.065946
-0.849523 -0.098524 -0.118939
-1.072240 -0.046152 0.067941
-1.066738 -0.037388 -0.105058
-1.034853 -0.010217 0.068940
-0.950379 -0.050164 -0.096182
-0.884326 -0.007954 0.070953
-0.812794 -0.030828 -0.060684
-0.779385 -0.003663 0.037178
-0.749173 0.009173 -0.077869
-0.823750 0.009131 0.079456
-0.918489 -0.006166 -0.032078
-1.020546 -0.002212 0.033047
-1.077515 0.002864 0.000802
-1.198201 -0.010773 0.007663
-1.312237 0.003438 -0.032288
-1.335676 0.043704 0.026054
-1.244463 0.062923 0.022908
-1.155365 0.098892 0.069730
-1.117553 0.066953 0.037750
-1.008871 0.073006 0.036617
-0.924028 0.056017 0.022562
-0.853262 0.029514 0.063028
-0.823269 0.002607 -0.026784
-0.730086 -0.000038 0.014205
-0.645745 0.013607 -0.021228
-0.568735 0.036099 0.021693
-0.494894 0.054093 0.084171
-0.492851 0.087509 -0.010099
-0.510282 0.090006 0.009949
-0.511720 0.063619 -0.064342
-0.503641 0.035667 0.092783
-0.326709 0.060679 -0.019174
-0.909298 -0.052093 -0.110265
-1.119565 -0.010784 0.107572
-1.156509 -0.008195 -0.005719
-1.063676 -0.038309 0.037885
-0.991304 -0.037481 0.026330
-0.910160 -0.027117 -0.010426
-0.842382 -0.024683 -0.016419
-0.782811 0.015872 -0.020117
-0.814061 0.003034 0.036595
-0.842580 0.025671 -0.063630
-0.907187 -0.004583 -0.008700
-0.932473 -0.026444 -0.030596
-1.025927 -0.044370 0.099166
-1.095693 -0.077194 0.026127
-1.234566 -0.047738 0.064406
-1.240887 -0.027589 0.044397
-1.229535 0.025691 0.024055
-1.090755 0.059452 -0.032744
-1.038526 0.116988 0.022058
-0.902645 0.107397 -0.025796
-0.855839 0.052639 0.053567
-0.770642 0.034230 -0.031605
-0.735678 0.013792 0.042840
-0.688031 0.020920 0.001014
-0.640951 0.002214 0.034239
-0.565907 0.065015 -0.032309
-0.489300 0.072280 0.009709
-0.454407 0.150828 -0.097835
-0.411046 0.141483 -0.009077
-0.413994 0.152362 -0.087835
-0.402616 0.101475 0.082227
-0.313585 0.140662 -0.004199
-0.863127 -0.109173 -0.081501
-1.124328 -0.079119 0.056636
-1.113845 -0.067947 -0.110235
-1.076555 -0.010303 0.077013
-0.989490 -0.055347 -0.089173
-0.929745 0.010632 0.075367
-0.854475 0.005400 -0.044562
-0.798242 0.041637 -0.006687
-0.757908 0.038398 -0.031441
-0.772179 0.032623 0.044613
-0.808654 -0.007858 -0.021764
-0.875914 0.002086 0.026221
-0.926727 -0.008937 -0.005662
-1.014182 -0.023483 0.006992
-1.098013 -0.029503 -0.069811
-1.160319 -0.017455 0.037974
-1.167593 0.012653 -0.055046
-1.119385 0.062457 0.103168
-1.104285 0.071335 -0.021956
-1.029665 0.059973 0.054730
-0.961149 0.037771 0.062174
-0.884377 0.021193 -0.010582
-0.816885 -0.026609 0.013187
-0.728720 0.000118 -0.003145
-0.642019 0.034723 0.028078
-0.563708 0.075451 -0.024786
-0.485198 0.109375 0.103910
-0.455157 0.120051 -0.064943
-0.445791 0.155079 0.026863
-0.432652 0.105970 -0.077572
-0.412175 0.106261 0.086951
-0.230354 0.113947 0.026153
-0.896845 -0.086990 -0.074401
-1.109517 -0.051862 0.120314
-1.159488 -0.025092 -0.019273
-1.073217 -0.031433 0.053463
-1.003912 -0.037718 -0.008918
-0.939517 -0.026736 -0.024176
-0.856469 -0.016919 -0.056280
-0.764539 0.025645 -0.008587
-0.729710 0.042094 -0.026761
-0.738722 0.053169 -0.044416
-0.767717 0.004897 -0.032478
-0.727601 0.008488 0.001950
-0.784497 -0.027538 0.030287
-0.834968 -0.021331 0.007706
-0.964484 -0.027227 -0.048749
-0.978361 0.000806 0.080537
-1.058140 0.044591 -0.004213
-1.037584 0.068412 0.047441
-1.070767 0.077344 -0.020528
-0.982762 0.095266 0.005945
-0.896088 0.040623 -0.004622
-0.790992 0.071498 -0.027170
-0.786075 0.018227 0.022179
-0.717527 0.056045 -0.099194
-0.651629 0.074786 0.085062
-0.546865 0.090247 -0.094829
-0.451500 0.082293 0.036586
-0.389197 0.159951 -0.089670
-0.374490 0.143057 0.034197
-0.377822 0.174195 -0.064016
-0.360284 0.120560 0.107458
-0.254907 0.157130 -0.008204
-0.846508 -0.148236 -0.101526
-1.072742 -0.106670 0.033517
-1.063593 -0.082492 -0.119907
-1.039911 -0.019818 0.065072
-0.959816 -0.047526 -0.069234
-0.907172 -0.002633 0.060348
-0.828813 -0.027857 -0.072056
-0.736028 0.025744 -0.001985
-0.640535 0.031696 -0.065398
-0.598353 0.042575 0.022318
-0.606951 0.001801 -0.052672
-0.605644 -0.005211 -0.006272
-0.624023 -0.033248 0.023243
-0.641930 -0.021512 -0.010285
-0.774328 -0.032548 0.010103
-0.869739 0.050096 0.108645
-0.884129 0.072217 -0.025928
-0.907265 0.153234 0.129553
-1.006678 0.115220 -0.004331
-0.950322 0.137708 0.062229
-0.865834 0.079470 0.099813
-0.791449 0.087891 0.011546
-0.723179 0.028355 0.071030
-0.626682 0.035146 -0.054742
-0.555413 0.067514 0.079685
-0.450746 0.087199 -0.060055
-0.369917 0.086513 0.086967
-0.358396 0.104270 -0.036501
-0.381601 0.109343 -0.033644
-0.399175 0.124544 -0.025382
-0.376953 0.096774 0.065069
-0.220054 0.128298 0.051491
-0.888952 -0.112913 -0.066802
-1.065679 -0.076004 0.116205
-1.092833 -0.028688 -0.008667
-0.993448 -0.009602 0.031019
-0.932939 -0.010435 0.005426
-0.889669 -0.003053 -0.018809
-0.813656 -0.021328 -0.048262
-0.722256 0.019250 -0.033391
-0.671633 0.020437 0.046847
-0.607879 0.046426 -0.088771
-0.539662 0.009658 0.038778
-0.452214 0.018478 -0.051988
-0.434836 -0.044004 0.011580
-0.463261 -0.001382 -0.038742
-0.579767 -0.009847 -0.014775
-0.663090 0.058499 -0.007593
-0.741234 0.050937 -0.016681
-0.796761 0.101281 0.055844
-0.788409 0.072363 -0.003186
-0.775615 0.118968 0.016771
-0.657827 0.065589 -0.011188
-0.563909 0.091126 -0.017253
-0.454717 0.039578 0.041182
-0.331766 0.049015 -0.093894
-0.263295 0.006165 -0.017951
-0.203368 0.033704 -0.099681
-0.205954 0.035284 -0.013688
-0.265247 0.139744 -0.101028
-0.334736 0.097076 -0.050507
-0.370672 0.167015 -0.065582
-0.361971 0.096601 0.120081
-0.238789 0.162909 0.026737
-0.778951 -0.140177 -0.073254
-1.007017 -0.125620 0.071105
-0.977768 -0.076893 -0.057102
-0.932804 -0.004453 0.043556
-0.878185 -0.026201 -0.026718
-0.857062 0.009986 0.041529
-0.809625 -0.016022 -0.006482
-0.715428 0.005106 0.031621
-0.620212 0.021674 -0.031176
-0.528918 0.006355 -0.040076
-0.467494 0.006465 0.086133
-0.354281 -0.043960 -0.073512
-0.295922 -0.024989 0.075374
-0.300160 -0.013563 -0.084770
-0.377556 0.008025 -0.013680
-0.498605 0.099118 0.073920
-0.497507 0.084793 -0.005377
-0.582956 0.122661 -0.000379
-0.606492 0.093873 -0.015139
-0.610785 0.142245 0.050198
-0.514673 0.090977 0.088144
-0.458539 0.081754 -0.080082
-0.324565 0.044792 0.001168
-0.152792 0.024340 -0.100995
-0.069876 0.024995 0.005204
0.013779 0.052776 -0.173708
-0.016421 0.050391 0.052399
-0.126986 0.076551 -0.151933
-0.294192 0.055654 -0.005453
-0.368573 0.064031 -0.077867
-0.375012 0.062555 0.081733
-0.169841 0.127016 0.018568
-0.776583 -0.103810 -0.031859
-0.956731 -0.087098 0.086571
-0.969060 -0.022314 -0.022356
-0.890429 0.022761 0.026720
-0.854085 0.022374 0.020612
-0.832799 0.001726 -0.048636
-0.791902 -0.013286 -0.020094
-0.690731 0.010599 -0.069625
-0.652020 0.043015 0.048851
-0.549395 0.034691 -0.086943
-0.404466 0.001664 0.000628
-0.209018 -0.003592 -0.045509
-0.089042 -0.037716 0.071164
-0.073854 -0.006536 0.005498
-0.102317 -0.022786 0.019489
-0.138279 0.040880 -0.074741
-0.220846 0.049114 0.057363
-0.293431 0.088606 0.004109
-0.178389 0.064015 -0.019956
-0.008203 0.076173 -0.172406
0.010943 0.019651 0.014412
0.028488 0.016384 -0.112965
0.163452 -0.011077 0.017306
0.355857 -0.030353 -0.092059
0.329518 -0.054017 -0.050689
0.290951 -0.006389 -0.097589
0.212947 0.019887 -0.040526
0.088962 0.070695 -0.140311
-0.146932 0.039936 -0.012397
-0.265818 0.073744 -0.098369
-0.251172 0.026261 0.099381
-0.126253 0.119557 -0.011563
-0.696292 -0.121837 -0.071961
-0.886184 -0.080315 0.047911
-0.879021 -0.040750 -0.023296
-0.884303 -0.005839 0.037468
-0.860550 -0.000446 0.016411
-0.837793 0.017277 0.030515
-0.788040 0.016036 -0.019696
-0.691689 -0.001869 -0.027814
-0.580814 0.024752 -0.027742
-0.388288 0.007910 0.030705
-0.257056 -0.016019 0.040872
-0.016888 -0.070491 -0.038691
0.087022 -0.070132 -0.000222
0.153515 -0.028585 -0.054265
0.101424 -0.008672 0.042662
0.057467 0.045423 -0.001113
0.022195 0.044213 -0.021934
-0.015122 0.045512 -0.015531
0.074064 0.030037 0.021746
0.222782 0.001122 -0.032204
0.358843 -0.003488 -0.038342
0.435313 -0.012638 -0.121550
0.482846 0.021755 -0.050204
0.493979 0.018477 -0.044553
0.421129 -0.007360 -0.080365
0.364819 0.023362 -0.032192
0.286583 0.038059 0.052017
0.118086 0.021253 -0.141064
-0.079741 0.004401 -0.022555
-0.196457 0.026923 0.010974
-0.226887 0.035406 0.066092
-0.090070 0.144049 0.063291
-0.713053 -0.104955 -0.024521
-0.871630 -0.074035 0.043182
-0.881669 -0.021354 0.003842
-0.846309 0.005751 0.027375
-0.859536 -0.007294 -0.011673
-0.824218 -0.020597 -0.036483
-0.795687 -0.049379 -0.001444
-0.658945 -0.041530 0.024826
-0.525663 -0.043487 0.016310
-0.212890 -0.049193 0.019176
0.102922 -0.061979 0.013331
0.458010 -0.067941 0.048241
0.639816 -0.080289 -0.068382
0.834330 -0.039211 -0.024998
0.760413 -0.020681 0.002486
0.791921 0.025933 -0.062420
0.745226 0.030238 0.020889
0.828968 -0.003912 -0.076132
0.850077 -0.003637 -0.068236
0.912262 0.001364 0.004652
0.890339 -0.023489 -0.132112
0.908119 0.018328 -0.033958
0.826239 0.020136 -0.021909
0.738392 0.026432 -0.016402
0.618743 0.016768 -0.057396
0.503481 0.036215 -0.079537
0.362430 0.052316 0.046573
0.194486 0.080371 -0.069546
0.021638 0.060127 0.000228
-0.105556 0.079309 -0.080250
-0.114497 0.044435 0.054264
-0.040873 0.138847 0.026816
-0.646769 -0.119497 -0.047073
-0.839121 -0.061950 0.025893
-0.846670 -0.059449 -0.009776
-0.826021 -0.010544 -0.002556
-0.818574 -0.047641 -0.034717
-0.825718 -0.020429 0.070960
-0.817668 -0.058379 -0.024983
-0.731490 -0.040460 -0.005976
-0.522694 -0.052241 -0.076823
-0.172125 -0.035791 0.002897
0.259881 -0.058290 0.013722
0.658350 -0.066755 -0.029072
0.914866 -0.063117 0.032668
1.031948 -0.061925 -0.031020
1.121506 -0.034187 -0.026963
1.094249 -0.021398 -0.060317
1.081978 -0.011630 0.025292
0.919839 -0.068927 -0.028301
0.979388 -0.087730 -0.041311
0.996754 -0.082720 0.000428
0.984495 -0.060917 -0.047846
0.900347 -0.011120 0.021599
0.888254 -0.020714 -0.037455
0.825921 0.007220 -0.078027
0.721420 0.018567 0.048807
0.555735 0.029017 -0.054856
0.409864 0.076875 0.070692
0.216126 0.090207 -0.082148
0.084110 0.087063 0.021449
-0.080833 0.084515 -0.033221
-0.029572 0.094040 0.118660
0.079845 0.154539 0.021560
-0.596235 -0.117740 -0.025230
-0.753482 -0.078871 0.007091
-0.746412 -0.057040 0.000633
-0.694169 -0.011154 0.017301
-0.699320 -0.051487 0.012496
-0.686338 -0.070298 -0.012128
-0.673345 -0.102950 -0.071613
-0.529886 -0.091103 0.064031
-0.260162 -0.117046 -0.100519
0.069695 -0.060169 -0.007352
0.436862 -0.045567 -0.051788
0.673800 -0.045492 -0.002038
0.921710 -0.058634 -0.034358
1.047153 -0.020141 -0.060660
0.970891 -0.005523 -0.044218
0.972222 -0.040332 -0.008220
0.982576 -0.053042 0.031695
0.957898 -0.086396 -0.066272
0.929008 -0.097627 -0.057547
0.986044 -0.073022 0.017237
1.026890 -0.029897 0.002393
1.016927 0.052753 -0.019990
0.931596 0.031639 -0.065281
0.864231 0.006852 -0.033344
0.763867 0.065673 0.066407
0.698396 0.091122 -0.062261
0.561186 0.127301 -0.019500
0.438631 0.135182 -0.059374
0.255807 0.126494 0.075253
0.175438 0.112023 -0.074954
0.194993 0.105642 0.061428
0.253895 0.154146 -0.117994
-0.239246 -0.104560 -0.055643
-0.434359 -0.038337 -0.014133
-0.473799 -0.048098 -0.054665
-0.462896 -0.033264 -0.014193
-0.422127 -0.045402 -0.039094
-0.405354 -0.041810 0.045331
-0.355934 -0.054633 -0.065537
-0.211106 -0.063529 0.019625
0.059281 -0.073581 -0.091242
0.362826 -0.058285 0.082744
0.594477 -0.028231 0.009773
0.725146 -0.045199 0.079846
0.906640 -0.002085 0.015832
0.948105 -0.034761 0.084392
1.075565 0.009268 0.051896
1.007087 -0.034553 0.099705
0.950690 -0.010542 0.036435
0.845000 -0.072270 0.105231
0.869609 -0.051042 0.074761
0.821242 -0.067983 0.087106
0.827841 -0.053926 0.023004
0.795560 -0.016332 0.144852
0.874938 0.010882 0.071834
0.850274 -0.008548 0.073048
0.823978 0.067045 0.084929
0.716384 0.078326 0.147807
0.623807 0.154908 0.115412
0.417001 0.139069 0.067549
0.352931 0.150003 0.008559
0.277582 0.104308 0.069050
0.321703 0.119231 0.081850
0.325263 0.155458 0.026541
