0.812782 -0.140130 -0.788103
0.401793 0.139877 -0.355409
0.345308 -0.107886 0.317625
0.497021 0.341433 -0.613953
0.610134 -0.601507 0.579661
0.724164 0.519807 -0.581047
0.400712 -0.117257 0.298926
0.443234 0.338520 -0.040851
0.751664 0.253241 -0.624468
0.414630 0.405223 -0.237249
0.316688 -0.039174 0.548987
0.349476 -0.199285 0.390951
0.052534 0.122934 0.597537
0.731180 -0.377062 0.696946
0.290826 0.131092 0.555849
0.606328 -0.199010 -0.354858
0.335861 -0.106998 -0.559083
0.470282 -0.302254 0.397765
0.397054 0.178630 -0.477960
-0.115245 0.516446 -0.875580
0.594582 -0.501165 0.465350
0.552229 0.386656 -0.347656
0.703143 0.241422 -0.699643
0.188432 0.169039 -0.828487
0.474443 -0.435711 0.748881
0.681568 -0.503641 0.707874
0.112148 0.556375 -0.425704
0.783004 -0.790928 0.679754
-0.448578 0.358049 -0.405019
0.339278 -0.112657 -0.107662
-0.539192 0.360541 -0.858213
0.343984 -0.083330 -0.372886
0.616394 0.290610 -0.846705
0.501815 0.076380 -0.357697
0.818764 0.070397 -0.722428
0.597921 0.163698 -0.697786
0.471082 -0.188304 -0.003004
0.522801 0.122927 -0.652552
0.772784 -0.116531 0.584249
0.306184 0.357189 -0.800482
0.328081 -0.059046 0.191944
0.378741 -0.037475 0.368554
0.512698 -0.560222 0.685364
0.118474 -0.050192 -0.815375
0.265311 -0.175746 -0.461708
0.283922 -0.147172 -0.295231
-0.180424 -0.580985 0.527560
0.780965 0.102701 0.704534
0.077326 0.175468 -0.610913
0.822837 -0.550210 0.854985
0.500543 -0.212615 0.532573
0.351412 0.168422 -0.350916
0.372482 0.091157 0.261285
0.261212 -0.456112 0.834539
0.290765 -0.439749 0.673869
0.857291 -0.716872 0.516302
0.882012 -0.046889 -0.888760
0.437194 0.245245 0.208279
-0.452515 0.409928 -0.604649
0.768953 0.293356 -0.553919
-0.361182 0.223006 -0.597591
0.073081 0.635112 -0.866965
-0.127122 -0.504305 0.391879
0.367600 -0.408441 0.288024
0.116117 -0.335325 -0.302435
0.486560 0.086992 -0.863144
0.332644 0.104009 0.296017
0.574832 -0.280052 0.648557
0.114509 0.404353 0.476837
-0.065245 -0.237764 0.612354
0.359939 0.143503 0.106096
0.710463 -0.030199 -0.604570
-0.117701 -0.257555 0.481594
0.842030 -0.520769 0.675124
0.789849 0.366211 -0.978689
0.376814 0.098313 -0.317459
0.707349 -0.338073 0.497993
0.355013 -0.005646 -0.362495
0.533954 -0.393682 0.426838
0.414781 0.262942 -0.259188
0.337298 -0.273893 -0.117840
-0.125225 -0.419115 0.401649
0.866373 -0.046498 -0.718701
-0.578590 -0.100680 0.374458
0.296237 -0.225974 -0.384252
0.269456 0.042636 -0.603150
0.335101 -0.036364 -0.281598
0.543412 0.119247 -0.440184
-0.108209 0.472472 -0.511388
0.780936 0.275526 -0.688052
-0.516425 -0.351783 0.324269
0.488672 -0.144551 0.439873
0.320662 -0.042260 0.592941
0.018741 -0.310977 0.511677
0.631293 -0.102544 0.497553
0.778053 -0.145196 0.762859
0.109700 -0.506675 0.167046
0.805604 0.213007 -1.053566
0.360982 -0.023878 0.219479
-0.034737 0.002034 -0.608616
-0.078900 -0.151779 0.496155
0.466019 0.365149 -0.040368
0.724920 0.065752 -0.605327
0.495104 -0.572548 0.820025
0.421072 0.002267 -0.668080
0.578123 0.363146 -0.774756
0.267117 0.401774 -0.270919
0.339477 0.354124 -0.705271
0.432971 -0.306899 0.315895
0.604770 0.065877 -0.798762
-0.275604 0.524293 -0.160010
0.441961 -0.022523 -0.432864
0.690092 -0.568233 0.499195
0.393990 -0.162137 0.298659
0.421705 -0.155711 -0.350381
-0.615844 0.116326 -0.509284
0.302472 -0.734643 0.770957
0.602197 0.223868 -0.568461
0.727495 0.230406 -0.971859
-0.262553 0.393509 -0.672571
0.458865 -0.367676 0.333932
0.449847 -0.390242 0.462626
0.312171 -0.029666 -0.918993
0.321215 0.135325 -0.387355
0.392793 0.036756 -0.335761
0.380490 0.217338 -0.332373
0.402996 0.018746 -0.466013
0.465248 0.084873 0.503092
0.393403 -0.053607 -0.121356
-0.611479 0.112661 -0.423700
0.489846 0.141950 -0.636899
-0.093454 -0.291573 -0.608933
0.138202 0.420030 -0.596943
0.419638 0.297080 0.299354
-0.233826 0.058329 -0.705956
0.642556 -0.434336 0.624709
0.394371 0.012658 0.007128
0.345824 0.203937 0.314647
-0.197276 -0.067344 -0.552307
0.303035 0.487797 -0.637812
0.832820 -0.092477 -1.161082
-0.025297 0.323223 -0.580031
-0.069950 -0.613334 0.645537
0.304793 0.044965 -0.640882
0.602581 -0.184847 0.673299
0.418012 -0.253411 0.265901
-0.290904 0.058747 -0.499175
0.060529 -0.391753 0.629669
0.038346 0.295691 0.206396
0.509821 0.269895 -0.475950
0.737875 0.081367 -0.505551
0.714229 0.455845 -0.734416
0.429228 0.007547 -0.412694
0.531182 0.153846 -1.001559
-0.084598 0.036273 -0.866262
0.381856 -0.279130 0.567087
0.361237 0.076448 0.011541
-0.294199 0.521141 -0.499245
0.816741 -0.186997 -0.649474
0.069570 -0.198580 0.639481
-0.771467 -0.009253 -0.468796
0.851061 0.179205 -1.073693
0.612243 0.082497 -0.501157
0.479597 -0.213550 0.442729
0.535839 0.171855 -0.696073
0.475375 0.331751 -0.467933
0.436636 0.056439 -0.325603
0.471151 -0.012046 -0.433546
0.331987 0.119667 -0.279444
0.042152 -0.155638 -0.508712
0.446779 0.024081 0.268048
-0.021873 -0.032539 0.525111
0.426578 -0.206902 0.696967
0.389296 0.207283 -0.121649
0.754984 -0.132185 -0.811952
0.455595 0.183483 0.435384
0.568092 0.262736 -0.483477
0.785027 0.090020 -0.753765
0.254504 -0.419090 -0.076686
0.498843 -0.272452 0.323856
0.650571 0.424268 -0.390391
0.433932 0.272501 -0.442029
0.390658 0.202945 -0.412415
0.815502 0.176302 -0.785223
0.349416 -0.257055 0.153992
0.345471 0.081097 -0.032696
0.731591 0.297846 -0.668036
-0.423358 0.276317 -0.595154
0.575072 -0.175119 0.404765
0.302370 0.224961 -0.818025
0.015372 0.430874 -1.022700
0.524965 0.084891 -0.463151
0.558559 0.039987 -0.542914
0.454980 0.390459 -0.943860
-0.230244 -0.182590 0.527630
0.514626 -0.388699 0.409603
0.432091 0.012301 -0.361641
0.420621 -0.199134 0.183821
-0.093788 -0.552994 0.017338
0.910551 0.034459 -0.935938
0.654733 0.114555 0.501084
0.387056 0.491857 -0.463356
0.514489 0.026904 0.461433
0.298377 -0.200713 0.530687
0.492757 -0.063148 -0.293185
0.649718 0.199288 0.470288
-0.155452 0.202954 -0.634515
0.437752 -0.044371 0.455753
0.108682 -0.511095 0.551175
0.758250 -0.043957 -0.587162
0.424987 0.405813 -0.472620
0.397533 0.120031 -0.286479
0.530306 0.339152 -0.653236
0.582082 -0.117059 0.531242
-0.181720 0.087492 0.463188
-0.236067 -0.215134 -0.479731
0.393369 0.051828 -0.522537
0.522427 -0.077327 -0.622499
0.029940 0.283590 -0.842783
0.553856 0.227097 0.085765
-0.222771 0.285161 -0.866390
-0.150656 0.309062 0.376140
-0.825400 0.241954 -0.489787
0.239577 -0.603306 0.505983
-0.369254 -0.507253 0.671295
0.650209 -0.397616 0.425954
0.013441 -0.440750 -0.130011
-0.624159 0.156988 -0.822879
0.836577 -0.811745 0.674149
0.242054 -0.261610 -0.506112
0.400603 0.256700 -0.295411
0.875349 0.155842 -0.940409
-0.343746 -0.440846 -0.168535
-0.052645 0.058658 -0.523762
0.272367 -0.071126 -0.480566
0.498884 0.039503 -0.461275
-0.071412 -0.573905 0.438315
0.497829 0.179330 0.095610
-0.137507 -0.016845 -0.385268
0.018247 0.162345 -0.491370
0.450256 0.126889 -0.657551
-0.178141 -0.461084 0.398569
0.344783 -0.350076 0.101343
0.658564 0.416645 -0.128272
-0.558194 -0.085082 -0.458045
0.440960 -0.052550 0.621381
-0.415230 -0.007395 0.420421
0.354905 -0.043082 -0.034154
0.276047 -0.097465 -0.379263
-0.626970 -0.290151 -0.388977
-0.325095 -0.152371 -0.566135
0.437954 -0.209116 0.098177
-0.192278 -0.402391 -0.399660
0.128546 0.518567 0.240854
0.425415 0.388178 -0.654234
0.197613 -0.422874 0.280307
-1.124691 -0.434931 -0.537303
-1.420142 -0.289873 -0.234733
-1.526707 -0.264102 -0.666720
-1.502272 -0.276850 -0.164104
-1.587262 -0.358066 -0.496399
-1.599162 -0.345149 -0.278294
-1.618821 -0.395138 -0.645544
-1.672224 -0.305875 0.091979
-1.836658 -0.421433 -0.563900
-1.876661 -0.394149 -0.014441
-1.841184 -0.450061 -0.826989
-1.839213 -0.265802 0.490830
-1.957218 -0.320752 -0.707625
-1.955767 -0.076660 0.456546
-2.000741 -0.078486 -0.746806
-2.068335 0.197894 0.572940
-2.177792 0.216779 -0.422917
-2.182648 0.363850 0.198094
-2.062676 0.215619 -0.555389
-1.935933 0.199811 0.116969
-1.880565 -0.056322 -0.536318
-1.724212 -0.120097 -0.203581
-1.559360 -0.264522 -0.643012
-1.323418 -0.280481 0.002143
-1.220498 -0.325080 -0.555708
-1.090497 -0.189535 0.038487
-0.943177 -0.095383 -0.450297
-0.745617 0.172088 0.215533
-0.489298 0.408520 -0.041438
-0.144283 0.829366 0.453851
0.101807 0.953556 0.213226
0.215403 0.931054 0.263295
-1.488852 -0.525745 -0.673257
-1.862010 -0.526857 -0.440350
-2.015232 -0.759104 -0.780618
-2.075073 -0.627940 -0.405860
-2.084260 -0.826877 -0.964121
-2.153982 -0.549343 -0.035249
-2.203074 -0.691578 -0.651408
-2.299179 -0.551514 -0.196864
-2.329249 -0.743570 -0.796073
-2.421338 -0.513218 0.198178
-2.431942 -0.711846 -0.419350
-2.463395 -0.480660 0.080314
-2.366876 -0.520121 -0.764687
-2.442676 -0.162815 0.458117
-2.517903 -0.298626 -0.427990
-2.696609 0.033014 0.256391
-2.576963 -0.008056 -0.553185
-2.728941 0.235488 0.321668
-2.618598 0.026476 -0.313837
-2.647514 0.027673 0.079412
-2.456389 -0.261089 -0.542714
-2.314661 -0.293553 0.022184
-2.074184 -0.505038 -0.453581
-1.836122 -0.376133 -0.131201
-1.587729 -0.338107 -0.450030
-1.498975 -0.187384 0.119602
-1.296479 -0.146587 -0.245527
-1.045655 0.089800 0.205525
-0.750817 0.197898 -0.084536
-0.320949 0.498968 0.241225
0.094599 0.530930 0.308878
0.372606 0.754957 0.546685
-1.682297 -0.349912 -0.255136
-1.979415 -0.365761 -0.518752
-2.194557 -0.451125 -0.539394
-2.102568 -0.459963 -0.530925
-2.247444 -0.570056 -0.361404
-2.168405 -0.578401 -0.672541
-2.373444 -0.617491 -0.488281
-2.362333 -0.538328 -0.350816
-2.612418 -0.573162 -0.213750
-2.548565 -0.568737 -0.494194
-2.751888 -0.575500 -0.355170
-2.642296 -0.378606 -0.105859
-2.828591 -0.264693 -0.009841
-2.756727 0.008805 -0.143921
-3.014242 0.123500 -0.164764
-3.059992 0.374723 0.042930
-3.288952 0.371732 0.047489
-3.248327 0.407273 -0.067648
-3.228425 0.318510 -0.169850
-2.983165 0.283390 -0.102724
-2.855120 0.149330 -0.260183
-2.579672 -0.034497 -0.506400
-2.340974 -0.086246 -0.575217
-2.016649 -0.178399 -0.286335
-1.829816 -0.228366 -0.520723
-1.678440 -0.171862 -0.236413
-1.352410 0.015872 -0.345998
-0.821343 0.218408 0.148185
-0.205777 0.555545 0.296502
0.231618 1.262756 0.519792
0.411636 1.297439 0.581935
0.476179 1.327531 0.367251
-1.512666 -0.510149 -0.510102
-1.865907 -0.625992 -0.526885
-1.997813 -0.667496 -0.549393
-2.042161 -0.710334 -0.523377
-2.064533 -0.764626 -0.753610
-2.124230 -0.706900 -0.158575
-2.246545 -0.752735 -0.474220
-2.408560 -0.794734 -0.359027
-2.473474 -0.769721 -0.677995
-2.572491 -0.745200 -0.022493
-2.628160 -0.761496 -0.453583
-2.722138 -0.687605 -0.084154
-2.740431 -0.560052 -0.584267
-2.758517 -0.258467 0.221946
-2.856512 -0.199657 -0.218389
-3.003558 0.084202 0.065694
-2.981338 0.086153 -0.189402
-3.096654 0.231802 0.107982
-2.972897 0.102861 -0.075594
-2.953932 0.057556 -0.063115
-2.701132 -0.079272 -0.324656
-2.536203 -0.083433 0.034366
-2.282830 -0.218046 -0.304621
-2.069596 -0.192794 0.026223
-1.798914 -0.151028 -0.254671
-1.604391 0.010634 0.196431
-1.417612 0.070649 -0.062733
-0.934846 0.279238 0.202206
-0.438885 0.465845 -0.054747
0.099399 0.849478 0.509701
0.403646 1.001539 0.394322
0.461026 1.116072 0.518798
-1.355299 -0.450375 -0.219923
-1.617487 -0.518321 -0.256846
-1.754370 -0.511850 -0.454812
-1.690393 -0.514829 -0.207405
-1.809790 -0.554231 -0.486931
-1.784326 -0.606473 -0.365506
-1.957262 -0.593219 -0.629958
-2.018100 -0.610471 -0.211223
-2.199616 -0.571970 -0.556424
-2.209877 -0.658113 -0.316165
-2.399575 -0.577142 -0.714900
-2.436654 -0.448698 0.054736
-2.621004 -0.323289 -0.721542
-2.636778 -0.025283 0.321566
-2.814201 0.138121 -0.629738
-2.885776 0.316854 0.355237
-2.960148 0.420838 -0.337615
-2.924629 0.372631 0.050529
-2.871418 0.455080 -0.230749
-2.703287 0.300456 -0.117470
-2.511495 0.298545 -0.255204
-2.300661 0.105717 -0.231954
-2.179737 0.105906 -0.376461
-1.910350 0.039589 -0.293528
-1.612751 0.049029 -0.325790
-1.201192 0.135078 -0.298969
-0.586585 0.318944 -0.057703
0.080334 0.923460 0.808129
0.215472 1.174074 0.756398
0.280603 1.962120 0.990502
0.419704 2.023511 0.860458
0.433608 1.816512 0.819699
-1.146698 -0.468226 -0.255846
-1.368959 -0.519174 -0.128632
-1.489238 -0.552059 -0.358313
-1.448181 -0.565354 -0.182024
-1.484573 -0.616901 -0.567152
-1.565419 -0.571835 -0.015770
-1.739873 -0.693620 -0.553641
-1.838866 -0.752209 -0.228479
-1.912670 -0.759559 -0.747066
-1.963647 -0.685994 0.024422
-2.144185 -0.767650 -0.720642
-2.164193 -0.632544 0.127369
-2.215145 -0.606385 -0.930435
-2.168988 -0.243980 0.495445
-2.202913 -0.281780 -0.836263
-2.365555 0.045079 0.476989
-2.373838 0.053785 -0.656498
-2.495135 0.196166 0.229762
-2.398367 0.129601 -0.428090
-2.380878 0.161267 0.049936
-2.244827 0.101009 -0.365658
-2.025170 0.101435 -0.089088
-1.962620 0.060882 -0.378432
-1.664494 0.092079 -0.100891
-1.447644 0.146722 -0.165518
-1.186730 0.280542 0.033127
-1.093322 0.276068 -0.116560
-0.493945 0.403635 -0.043042
0.026059 0.426103 -0.081142
0.269878 1.762980 0.774686
0.379894 1.500829 0.767055
0.341949 1.588905 0.981945
-0.897376 -0.446579 -0.039434
-1.056645 -0.451393 0.189969
-1.186894 -0.492739 -0.260974
-1.122071 -0.437821 0.174545
-1.244967 -0.481531 -0.434071
-1.285035 -0.491893 -0.090400
-1.493750 -0.489338 -0.685581
-1.560203 -0.473050 -0.092529
-1.742019 -0.510031 -0.631053
-1.726882 -0.579085 -0.145643
-1.871039 -0.646188 -0.756289
-1.840530 -0.518076 0.112172
-1.932827 -0.521913 -0.907912
-1.883595 -0.256048 0.417039
-1.972670 -0.196096 -0.822284
-1.972100 -0.002302 0.337178
-2.023091 0.108538 -0.664509
-1.987418 0.163602 0.183112
-1.965463 0.194622 -0.498375
-1.916585 0.155496 -0.058781
-1.800310 0.191400 -0.475265
-1.576989 0.123902 -0.311434
-1.377794 0.207785 -0.473684
-1.052735 0.178619 -0.422081
-0.642539 0.326926 -0.364459
-0.190474 0.439401 0.243669
0.052170 0.325231 0.537719
-0.308218 2.693907 1.446733
-0.705550 2.663506 1.114812
-0.684666 2.717343 1.316026
-0.454860 2.602358 1.267087
-0.089705 2.353918 1.087840
-0.706016 -0.510011 0.099484
-0.806535 -0.540269 0.471625
-0.863721 -0.611425 0.058242
-0.838634 -0.587340 0.479860
-0.866983 -0.588465 -0.218148
-0.951703 -0.557911 0.654695
-1.212309 -0.581286 -0.284548
-1.324183 -0.612874 0.369961
-1.501910 -0.635385 -0.540804
-1.523456 -0.623367 0.267512
-1.650493 -0.676373 -0.624046
-1.640745 -0.588604 0.220845
-1.648623 -0.557047 -0.699359
-1.643597 -0.308422 0.417767
-1.582814 -0.317056 -0.878797
-1.615042 -0.062330 0.475844
-1.412919 -0.047671 -0.922534
-1.370427 0.136729 0.229738
-1.231218 0.144701 -0.862513
-1.228635 0.221981 -0.085173
-1.171349 0.326666 -0.717307
-1.082500 0.282512 -0.321899
-1.071364 0.312978 -0.672769
-0.943587 0.338209 -0.342596
-0.823161 0.416270 -0.594765
-0.292349 0.292757 -0.499125
-0.048463 0.109310 -0.426437
0.049405 1.239972 0.352900
0.058165 1.201901 0.596524
0.034358 2.438302 1.063598
0.178083 2.150261 1.052028
0.053220 2.021878 1.133774
-0.474958 -0.579940 0.437262
-0.552000 -0.563944 0.762470
-0.672226 -0.637680 0.450449
-0.676178 -0.619071 0.874001
-0.765501 -0.535164 0.296966
-0.823000 -0.543102 0.474525
-0.986284 -0.456239 -0.112627
-1.084119 -0.432088 0.389991
-1.290855 -0.375776 -0.303775
-1.311839 -0.490258 0.055460
-1.379230 -0.517576 -0.504524
-1.367494 -0.518771 0.176418
-1.399508 -0.445773 -0.726865
-1.369803 -0.310227 0.232905
-1.338238 -0.134731 -0.698165
-1.247676 -0.005596 0.096377
-1.040462 0.159466 -0.800353
-0.842854 0.233772 0.020639
-0.788264 0.347474 -1.020002
-0.716417 0.384487 -0.354075
-0.633154 0.530055 -1.090388
-0.528953 0.464897 -0.475485
-0.553267 0.405811 -0.989813
-0.519798 0.424666 -0.599633
-0.287184 0.427517 -0.488313
-0.137172 2.407874 1.324786
-0.398396 2.379451 1.195273
-1.045135 2.676631 1.513682
-1.111266 2.862705 1.144566
-0.833590 2.907773 1.524858
-0.472063 2.951157 1.267859
-0.305248 2.710797 1.354101
-0.392777 -0.727011 0.546781
-0.400970 -0.824151 0.983635
-0.468275 -0.924823 0.731126
-0.470235 -0.972509 1.091745
-0.477936 -0.804976 0.409228
-0.530271 -0.841613 1.283111
-0.716258 -0.591291 0.275580
-0.771535 -0.680351 1.032171
-0.962730 -0.577081 -0.004389
-1.052908 -0.612163 0.799810
-1.140912 -0.472008 -0.370707
-1.118317 -0.501223 0.310999
-1.188926 -0.368034 -0.548235
-1.202016 -0.283353 0.297475
-1.096564 -0.148578 -0.793880
-1.044699 0.028763 0.178480
-0.966709 0.128955 -1.097710
-0.867651 0.210131 -0.044670
-0.812109 0.317218 -1.249660
-0.679809 0.368744 -0.511783
-0.578845 0.440326 -1.642209
-0.583168 0.535186 -0.497163
-0.618591 0.448030 -1.247873
-0.431484 0.572528 -0.703601
-0.310883 0.554182 -0.921657
0.012166 0.377938 -0.530267
0.441984 0.312062 -0.567005
0.302018 2.191498 0.842256
0.018345 2.297183 1.035618
-0.194732 2.661101 1.115568
-0.086260 2.529222 1.046886
-0.188647 2.328260 1.310449
-0.304104 -0.673156 0.610612
-0.313855 -0.672085 0.984801
-0.426923 -0.695770 0.505836
-0.453194 -0.724804 1.180108
-0.517141 -0.607400 0.398625
-0.571271 -0.587160 0.727129
-0.634911 -0.515402 0.159080
-0.747556 -0.494544 0.790716
-0.912806 -0.381585 -0.099546
-0.975722 -0.412849 0.216716
-1.047130 -0.372358 -0.451327
-0.997296 -0.382038 0.160117
-1.027889 -0.234656 -0.624202
-1.005599 -0.194812 0.175198
-0.994689 0.054753 -1.036684
-0.901687 0.120344 0.154402
-0.965650 0.430816 -1.437769
-0.906598 0.401507 -0.352584
-0.982638 0.669385 -2.318139
-0.785854 0.553005 -0.189732
-0.847342 0.822705 -2.116013
-0.779310 0.802347 -0.766542
-0.565629 0.894567 -2.378760
-0.442636 0.978020 -0.216070
-0.058446 0.555907 -1.004443
-0.119581 2.533953 1.484150
-0.210210 2.475733 0.901554
-0.559213 2.628790 1.476935
-0.492167 3.014703 0.891946
-0.428925 3.082597 1.558885
-0.239512 3.138570 1.204945
-0.270163 2.845153 1.163683
-0.263931 -0.767331 0.605246
-0.254845 -0.947648 1.145601
-0.314601 -0.963942 0.678812
-0.294638 -1.048180 1.305418
-0.330725 -0.735744 0.303724
-0.396631 -0.820690 1.540957
-0.501016 -0.570556 0.307336
-0.527605 -0.758087 1.236497
-0.616746 -0.577039 -0.067641
-0.614689 -0.720117 1.162786
-0.743764 -0.407489 -0.256302
-0.752857 -0.473201 0.527257
-0.787678 -0.284800 -0.634008
-0.760724 -0.161108 0.335514
-0.765036 0.053330 -0.958421
-0.717197 0.175066 0.331379
-0.678848 0.479574 -1.833675
-0.475734 0.321898 0.370625
-0.622893 0.536030 -2.045861
-0.595506 0.543423 0.023353
-0.683201 0.828206 -2.987311
-0.358999 0.886645 -0.077548
-0.447000 0.481725 -2.368155
-0.185595 0.838168 -0.146449
-0.130331 0.570496 -1.520767
0.099097 0.807184 -0.011288
0.320073 0.728024 -0.555871
0.143119 2.181957 1.081434
0.086960 2.457711 0.796072
0.018480 2.756221 1.193564
0.143806 2.780962 0.861450
-0.080732 2.435127 1.133052
-0.238040 -0.554787 0.540123
-0.256930 -0.547207 0.705562
-0.328577 -0.636556 0.475557
-0.361828 -0.645494 0.951026
-0.410292 -0.563876 0.347425
-0.453242 -0.529373 0.666434
-0.463998 -0.526382 0.111238
-0.571757 -0.486807 0.668994
-0.655256 -0.419376 -0.194887
-0.634250 -0.408522 0.322619
-0.659011 -0.386662 -0.515273
-0.664920 -0.372183 0.281798
-0.684254 -0.232549 -0.659150
-0.658418 -0.157110 0.232750
-0.711431 0.104546 -0.889400
-0.696445 0.186887 0.127497
-0.734924 0.455366 -0.988092
-0.667869 0.453923 0.022180
-0.765162 0.605205 -1.946951
-0.617424 0.589662 -0.310842
-0.584212 0.542524 -1.487144
-0.370765 0.864833 0.171329
-0.378599 0.541758 -1.297027
-0.220745 1.215980 0.024526
0.048921 0.695233 -0.530906
0.033186 2.300375 1.553969
-0.060763 2.247483 0.982660
-0.158382 2.474257 1.540900
-0.059290 2.950217 0.658748
0.040018 3.032851 1.784539
0.125621 3.271746 1.174626
-0.060723 2.906703 1.413837
-0.252328 -0.658193 0.376961
-0.251688 -0.751590 0.751128
-0.280767 -0.719515 0.508362
-0.284157 -0.851490 0.896141
-0.263840 -0.634547 0.224707
-0.326615 -0.751315 1.103535
-0.364687 -0.509126 0.234130
-0.388461 -0.649313 0.856518
-0.371351 -0.526088 -0.158331
-0.340737 -0.629268 0.916887
-0.357855 -0.515596 -0.417718
-0.368224 -0.517925 0.714715
-0.391786 -0.466056 -0.619757
-0.422019 -0.280834 0.591316
-0.486222 0.008820 -0.720669
-0.481123 0.190211 0.261691
-0.502665 0.312573 -0.957098
-0.471780 0.296511 0.225367
-0.660974 0.422486 -1.011911
-0.476911 0.526837 -0.274733
-0.473934 0.504619 -1.553483
-0.184099 0.762327 -0.215093
-0.242312 0.474033 -1.331226
-0.119174 0.892675 -0.101447
-0.017119 0.538494 -0.853577
0.134764 0.980205 0.136525
0.162132 1.098886 0.155761
0.170002 2.000533 0.952220
0.155622 2.401072 0.904655
0.169099 2.700364 1.320181
0.271987 2.769328 1.051716
0.044212 2.438127 1.449759
-0.246645 -0.492494 0.287783
-0.277106 -0.477531 0.467725
-0.295652 -0.566596 0.162729
-0.272345 -0.556822 0.673432
-0.276952 -0.551125 0.073083
-0.290417 -0.517233 0.520490
-0.283148 -0.563213 -0.098074
-0.299469 -0.529697 0.517519
-0.313895 -0.517133 -0.244399
-0.276947 -0.503852 0.444295
-0.242977 -0.446610 -0.528795
-0.231770 -0.380240 0.492501
-0.275858 -0.211428 -0.725985
-0.246898 -0.183209 0.539529
-0.282599 -0.029901 -0.888191
-0.246639 0.030658 0.569537
-0.288573 0.352185 -0.943689
-0.254996 0.202693 0.435125
-0.375696 0.575646 -1.583202
-0.217447 0.483001 0.378101
-0.195347 0.698653 -1.429197
-0.047182 0.644290 0.206469
0.009231 0.505493 -0.922241
0.094429 1.027454 0.499616
0.225767 0.967586 0.033799
0.188670 1.778309 1.102665
0.159513 2.057422 0.690735
0.065382 2.417454 1.454338
0.088060 2.894746 0.845210
0.157666 3.077111 1.783564
0.211328 3.197081 1.348222
0.053728 2.846143 1.466296
-0.222166 -0.564844 0.073819
-0.234312 -0.544483 0.386237
-0.191454 -0.575591 0.160050
-0.165406 -0.590836 0.520587
-0.097527 -0.559497 -0.062688
-0.133559 -0.534236 0.701385
-0.111925 -0.476798 -0.036437
-0.106925 -0.501019 0.487597
-0.046509 -0.473698 -0.248725
-0.038656 -0.504077 0.615651
-0.030591 -0.516478 -0.385165
-0.049955 -0.442042 0.599915
-0.040137 -0.446586 -0.667969
-0.073996 -0.291174 0.661914
-0.077015 -0.168130 -0.785527
-0.115812 -0.027871 0.609443
-0.158709 0.112247 -1.007913
-0.073211 0.111684 0.717093
-0.041722 0.315310 -0.995549
0.093274 0.349855 0.488215
0.051241 0.557838 -1.481036
0.136819 0.727790 0.472191
0.220151 0.560718 -0.977398
0.256097 0.882323 0.369803
0.247855 0.817619 -0.344491
0.222424 1.126012 0.627826
0.163652 1.209920 0.263585
0.171395 1.789627 0.985874
0.214614 2.133953 0.775733
0.218053 2.548750 1.268377
0.343679 2.678027 1.075842
0.150418 2.234818 1.241789
-0.120955 -0.565184 0.143934
-0.178794 -0.515975 0.283520
-0.134844 -0.598955 0.025688
-0.038200 -0.560757 0.379586
0.029982 -0.583306 0.039071
0.052666 -0.542323 0.365661
0.085152 -0.577743 -0.099249
0.086974 -0.519517 0.514969
0.094898 -0.561715 -0.207751
0.094018 -0.482225 0.542067
0.111514 -0.466911 -0.551295
0.078426 -0.332727 0.677038
0.075697 -0.282808 -0.705220
0.067902 -0.195663 0.648721
0.079387 -0.156041 -0.865603
0.031781 -0.024278 0.706821
0.022020 0.114446 -0.866250
0.058511 0.172560 0.575092
0.094619 0.331892 -0.912221
0.172904 0.428733 0.532227
0.196057 0.581918 -0.695141
0.277337 0.842704 0.625672
0.292199 0.919026 -0.127434
0.299279 1.108843 0.699566
0.293276 1.162169 0.334779
0.286330 1.488009 1.054271
0.170029 1.744870 0.622483
0.202000 2.184328 1.440405
0.151496 2.520059 0.582871
0.288875 2.675680 1.560147
0.317351 2.794262 1.161469
0.194277 2.493920 1.252144
-0.109380 -0.534775 -0.014059
-0.098429 -0.521043 0.129735
-0.008634 -0.553740 0.097211
0.109366 -0.561775 0.271626
0.212238 -0.595630 0.023043
0.224102 -0.569496 0.465023
0.277626 -0.533005 0.017060
0.305702 -0.537454 0.451136
0.325965 -0.532443 -0.143859
0.298487 -0.486845 0.662803
0.299679 -0.463335 -0.356578
0.266206 -0.360753 0.685709
0.249208 -0.321350 -0.637556
0.210118 -0.186708 0.683850
0.199918 -0.155188 -0.718673
0.162122 -0.014918 0.589098
0.141231 0.004848 -0.708288
0.171364 0.119590 0.545984
0.170650 0.182916 -0.717896
0.210514 0.362182 0.291975
0.210342 0.393642 -0.520278
0.255395 0.544383 0.317288
0.264178 0.582057 -0.140792
0.295136 0.742882 0.404561
0.302688 0.899480 0.179615
0.228859 1.011314 0.564980
0.172152 1.273781 0.496913
0.145610 1.434295 0.774424
0.188653 1.775665 0.661923
0.210292 2.028572 1.094789
0.350636 2.135662 0.858517
0.196660 1.762052 0.977147
0.054819 -0.543745 0.075586
0.033753 -0.542046 0.204031
0.151883 -0.541787 -0.013289
0.326212 -0.542555 0.314408
0.385317 -0.557816 0.153110
0.454573 -0.566740 0.367543
0.469749 -0.533454 0.090817
0.576682 -0.524080 0.498120
0.521596 -0.517497 0.078957
0.517995 -0.489058 0.458858
0.454830 -0.441020 -0.284578
0.451372 -0.334524 0.527266
0.390659 -0.260884 -0.442842
0.391020 -0.176399 0.574293
0.329555 -0.127227 -0.690848
0.343429 -0.033207 0.575119
0.279793 0.061609 -0.655141
0.303740 0.129822 0.554539
0.304131 0.221484 -0.723036
0.355560 0.313448 0.487425
0.350708 0.449655 -0.403069
0.371599 0.584743 0.477721
0.371504 0.806180 -0.123170
0.389883 0.855351 0.642406
0.363040 1.017714 0.153068
0.332989 1.108666 0.707130
0.282229 1.370936 0.233653
0.243525 1.552135 1.003465
0.227164 1.927328 0.481934
0.324293 2.052902 1.150109
0.299347 2.150703 0.905193
0.246299 1.953225 0.941114
0.179451 -0.498439 -0.063912
0.236927 -0.514199 0.144864
0.380067 -0.531463 0.070456
0.495182 -0.563712 0.293975
0.600251 -0.605412 0.079618
0.710203 -0.647548 0.543587
0.806757 -0.636419 0.226597
0.883182 -0.654686 0.505317
0.827244 -0.636228 0.121380
0.849433 -0.644562 0.760756
0.818704 -0.599554 -0.010389
0.817853 -0.504032 0.690515
0.689844 -0.446451 -0.405788
0.658141 -0.339929 0.757096
0.656061 -0.261328 -0.520660
0.659574 -0.110297 0.694635
0.549962 -0.065925 -0.746334
0.525352 0.079278 0.736041
0.474327 0.118378 -0.594109
0.501976 0.242246 0.495088
0.438702 0.348145 -0.501062
0.462239 0.512930 0.506818
0.430129 0.608169 -0.133153
0.441018 0.685490 0.460927
0.397274 0.829071 0.077509
0.394575 0.864115 0.596399
0.342674 1.070758 0.255309
0.295897 1.205377 0.661467
0.244070 1.397205 0.393880
0.139355 1.572030 0.724857
0.278132 1.597297 0.670533
0.196913 1.345357 0.512169
0.211885 -0.482372 0.042239
0.327971 -0.438110 0.193348
0.449072 -0.471640 0.106744
0.574553 -0.503805 0.316725
0.602400 -0.553273 0.312440
0.734000 -0.593589 0.382081
0.720411 -0.583135 0.389856
0.876079 -0.587784 0.537822
0.831755 -0.607157 0.325841
0.932762 -0.585871 0.438965
0.822046 -0.549079 0.168376
0.870629 -0.451102 0.587359
0.764570 -0.401095 -0.208374
0.739704 -0.307279 0.398028
0.646386 -0.218312 -0.353322
0.628134 -0.093508 0.531595
0.586320 0.014153 -0.545982
0.553791 0.139734 0.447711
0.483117 0.250472 -0.402893
0.500909 0.395034 0.482384
0.487193 0.483438 -0.273184
0.496476 0.606233 0.429834
0.465067 0.768293 0.002177
0.485064 0.835810 0.505625
0.486953 0.922590 0.058596
0.457049 0.943906 0.621019
0.396229 1.146156 0.206856
0.396630 1.324643 0.752019
0.350843 1.526098 0.294591
0.390095 1.609944 0.789533
0.331001 1.641651 0.608676
0.263842 1.490067 0.593389
0.352677 -0.444368 0.054625
0.452847 -0.449397 0.085161
0.565495 -0.481246 0.227718
0.671715 -0.528735 0.216655
0.730274 -0.609208 0.351788
0.773163 -0.695465 0.487936
0.889644 -0.725419 0.487919
1.017782 -0.784166 0.537267
1.028349 -0.767395 0.491399
1.013090 -0.816927 0.770772
0.963325 -0.767233 0.309984
0.968820 -0.738493 0.676115
0.811946 -0.651420 0.175513
0.743406 -0.550690 0.707403
0.650695 -0.498239 -0.047322
0.613090 -0.303067 0.533050
0.529399 -0.219610 -0.197192
0.476823 0.020120 0.466066
0.459837 0.049019 -0.326069
0.437712 0.284822 0.264031
0.423240 0.326750 -0.192726
0.392975 0.507757 0.276035
0.427749 0.577383 -0.041200
0.444399 0.711439 0.342048
0.432888 0.774993 0.118536
0.403728 0.849762 0.475915
0.414285 0.967581 0.191238
0.416323 1.080603 0.444790
0.358337 1.217073 0.341955
0.315099 1.327925 0.541242
0.322845 1.315027 0.540222
0.225540 1.168641 0.492806
0.239376 -0.425383 -0.011289
0.402093 -0.378780 0.157419
0.532383 -0.388801 0.046959
0.636180 -0.431824 0.329396
0.620371 -0.500189 0.280045
0.715033 -0.563584 0.347869
0.649108 -0.602341 0.317004
0.747243 -0.669203 0.529968
0.622894 -0.682501 0.368736
0.776302 -0.696238 0.440103
0.627515 -0.677732 0.215806
0.703732 -0.658341 0.531478
0.578467 -0.592719 0.053627
0.640849 -0.461863 0.363739
0.548461 -0.347241 -0.251146
0.542972 -0.184421 0.329956
0.509860 -0.089003 -0.231741
0.513253 0.163276 0.289976
0.471554 0.231147 -0.289718
0.484182 0.398268 0.338471
0.493605 0.478939 -0.084545
0.527481 0.640682 0.239688
0.522165 0.723252 -0.060474
0.529673 0.816475 0.335911
0.517836 0.845795 0.085467
0.568301 0.892591 0.332677
0.492903 0.954376 0.121324
0.495844 1.136694 0.605188
0.431420 1.282664 0.317647
0.511429 1.376145 0.562525
0.431143 1.224227 0.355324
0.324432 1.224435 0.099663
0.501570 -0.376332 0.089113
0.528964 -0.358983 0.283184
0.655879 -0.378002 0.283565
0.646015 -0.386232 0.454097
0.684529 -0.433173 0.356980
0.651759 -0.467996 0.596541
0.773944 -0.498562 0.512499
0.712191 -0.573087 0.549061
0.779391 -0.566505 0.470995
0.670921 -0.609411 0.729375
0.776108 -0.559002 0.538156
0.639666 -0.579347 0.656636
0.673794 -0.501073 0.354263
0.584843 -0.467506 0.729819
0.610116 -0.369645 0.292165
0.536152 -0.236795 0.515690
0.528605 -0.116202 0.036823
0.472581 0.088229 0.385280
0.473794 0.127011 0.057043
0.443326 0.276561 0.248412
0.508960 0.303686 0.004977
0.491248 0.455339 0.318008
0.548741 0.524824 0.134841
0.541799 0.643759 0.275510
0.581906 0.677535 0.134222
0.511405 0.758529 0.420713
0.542114 0.835039 0.344213
0.503716 0.910837 0.421498
0.514101 1.020894 0.335220
0.459887 1.160682 0.542377
0.421489 1.147151 0.350625
0.333218 1.030849 0.264349
