0.619296 -0.589285 -0.764367
0.571762 -0.465760 -0.434565
0.486307 -0.629059 -0.107268
0.283543 0.022085 -0.395838
0.445012 -0.602234 0.294146
0.472776 0.220360 -0.149345
0.402037 -0.122350 0.178424
0.345524 0.293838 -0.051118
0.386160 0.103736 -0.184659
0.328089 0.249639 0.000828
0.258305 0.215276 0.309056
0.439532 0.010950 0.103460
0.112262 0.371940 0.384510
0.398750 -0.082084 0.367846
0.258301 0.329728 0.315317
0.503915 -0.785208 -0.345098
0.438910 -0.598093 -0.600618
0.478299 -0.778145 -0.092745
0.231766 0.177684 -0.230944
-0.046243 0.083961 -0.561727
0.506153 -0.514145 0.049163
0.418763 0.217418 -0.092404
0.476359 -0.016126 -0.362870
0.152918 -0.168466 -0.645267
0.332823 -0.182287 0.391297
0.577299 -0.301123 0.365307
-0.018014 0.397526 -0.097594
0.481856 -0.696764 0.222800
-0.332370 0.343489 -0.276268
0.504979 -0.530026 -0.226237
-0.384987 -0.062131 -0.646891
0.353571 -0.214610 -0.394565
0.378188 0.003230 -0.482513
0.551823 -0.344540 -0.470452
0.425605 -0.107069 -0.441218
0.499530 -0.033729 -0.243555
0.482834 -0.659015 -0.244708
0.368150 -0.084693 -0.463015
0.594578 0.085685 0.235421
0.194255 0.074265 -0.495922
0.326267 0.123969 0.115081
0.421114 0.139232 0.178649
0.410485 -0.451759 0.397042
0.230095 -0.546918 -0.704422
0.177865 -0.224520 -0.483692
0.422791 -0.486059 -0.424132
-0.085820 -0.634713 0.369282
0.528104 0.193099 0.349959
0.032181 0.003938 -0.550847
0.506563 -0.360321 0.451467
0.391062 -0.636082 -0.004584
0.396517 0.039515 -0.165322
0.429012 0.163914 0.044022
0.257865 -0.209228 0.546448
0.241243 -0.351965 0.445278
0.482328 -0.432383 0.209400
0.604306 -0.414326 -0.644120
0.530249 0.304928 0.102193
-0.368197 0.184315 -0.537446
0.429572 -0.101115 -0.287536
-0.176807 -0.136716 -0.610094
0.098039 0.194074 -0.483292
0.135613 -0.819330 0.062873
0.428079 -0.530019 0.018147
0.239172 -0.590557 -0.527854
0.507544 -0.430574 -0.695475
0.093184 0.257073 0.297896
0.444928 -0.181489 0.360511
0.244518 0.501795 0.308182
0.032971 0.153816 0.449902
0.489201 0.234309 0.040125
0.484672 -0.115302 -0.311734
0.015366 -0.069916 0.369117
0.529965 -0.352406 0.343172
0.436328 0.017919 -0.423739
0.399182 -0.262375 -0.343363
0.518879 -0.184723 0.202427
0.528234 -0.386377 -0.335607
0.445485 -0.338335 0.295240
0.378731 0.112893 -0.097175
0.463682 -0.517723 -0.178115
-0.057382 -0.315080 0.431668
0.379866 -0.161357 -0.382868
-0.289051 0.046520 0.258785
0.447777 -0.774076 -0.370965
0.214522 -0.203228 -0.498118
0.543222 -0.651367 -0.408077
0.584126 -0.362503 -0.484259
-0.013556 0.356009 -0.242318
0.510958 -0.247448 -0.527936
-0.213316 -0.303288 0.347589
0.461526 -0.599801 -0.095885
0.308799 0.268887 0.405296
0.116307 -0.035128 0.304907
0.546947 0.094619 0.029378
0.515860 -0.086447 0.237307
0.312187 -0.778635 -0.144532
0.511948 -0.093721 -0.649529
0.462162 -0.445998 -0.101518
0.111458 -0.356631 -0.631761
0.003351 0.098534 0.250392
0.220674 0.347392 0.000529
0.610120 -0.408699 -0.624850
0.417734 -0.489049 0.513248
0.370049 -0.224512 -0.541898
0.368564 0.106560 -0.471207
0.010377 0.425370 0.028650
0.197659 0.154001 -0.444857
0.449075 -0.148643 0.117921
0.433493 -0.219591 -0.607327
-0.124688 0.425716 0.069793
0.466588 -0.414717 -0.424780
0.479923 -0.468486 0.263306
0.519392 -0.001488 0.109609
0.598776 -0.561056 -0.369481
-0.547266 -0.311128 -0.575256
0.294408 -0.612918 0.542850
0.504472 -0.125445 -0.447005
0.463282 -0.139037 -0.532784
-0.216958 0.177727 -0.502947
0.458344 -0.551093 0.023955
0.441556 -0.475200 0.175488
0.480532 -0.641578 -0.751533
0.404136 0.091067 -0.049695
0.497082 -0.203236 -0.179750
0.448845 0.056771 -0.084144
0.400676 -0.132429 -0.375027
0.501502 0.274890 0.322927
0.566588 -0.722405 -0.250553
-0.517134 -0.147350 -0.585346
0.501278 0.002331 -0.316223
0.181656 -0.736965 -0.626132
0.067722 0.252467 -0.356052
0.545070 0.357626 0.213283
-0.108827 -0.370640 -0.662265
0.498599 -0.427460 0.373476
0.510929 0.077144 0.022064
0.128347 0.368706 0.264243
-0.083646 -0.435807 -0.603393
0.150602 0.287500 -0.328158
0.524863 -0.515862 -0.787452
-0.020624 0.157521 -0.524707
0.082367 -0.373889 0.454845
0.186126 -0.107727 -0.542902
0.438640 -0.033055 0.380739
0.444821 -0.348893 0.031027
-0.060106 -0.235440 -0.611173
0.076810 -0.277905 0.427546
-0.121903 0.338829 0.145665
0.372426 0.180540 -0.208220
0.504260 -0.400773 -0.403931
0.503757 0.142366 -0.315786
0.400746 -0.176196 -0.339615
0.422041 -0.297301 -0.796721
0.041598 -0.328906 -0.693365
0.336604 -0.083573 0.307589
0.421330 0.088285 -0.016958
-0.139658 0.295634 -0.353539
0.511847 -0.672403 -0.525819
0.108575 0.035355 0.350822
-0.662310 -0.471203 -0.571454
0.467270 -0.183914 -0.557279
0.440415 -0.048257 -0.132563
0.474214 0.022218 0.268163
0.376647 0.002492 -0.347919
0.436497 0.064773 -0.209338
0.578436 -0.418278 -0.363300
0.344355 -0.012277 -0.207258
0.452235 -0.035405 -0.134531
0.145354 -0.493917 -0.592523
0.541237 0.191348 0.007970
0.056833 0.165064 0.282367
0.323840 0.043809 0.401845
0.394838 0.151630 -0.052764
0.513111 -0.348741 -0.581532
0.476751 0.324420 0.263572
0.462250 0.056140 -0.131932
0.604773 -0.330569 -0.517686
0.471861 -0.719741 -0.269211
0.431386 -0.208546 0.214517
0.496412 0.179013 0.015780
0.256166 0.159055 -0.181205
0.353338 0.072561 -0.164031
0.413487 -0.079016 -0.336753
0.400960 -0.141141 0.104978
0.534919 -0.547595 -0.269541
0.337467 0.010933 -0.238746
-0.255228 0.062697 -0.584366
0.492355 -0.204035 0.191942
0.210690 -0.095211 -0.519565
0.110650 0.011308 -0.697351
0.496857 -0.011622 -0.294757
0.592906 -0.679014 -0.599580
0.287157 0.017693 -0.633363
-0.057616 0.161083 0.369188
0.494764 -0.101522 0.068519
0.618275 -0.538354 -0.551963
0.484206 -0.518553 -0.251934
0.066926 -0.755868 -0.323078
0.519431 -0.187826 -0.523881
0.573315 0.261128 0.103721
0.171140 0.328196 -0.195482
0.560232 0.300617 0.005015
0.242775 0.058335 0.285394
0.546293 -0.777978 -0.487412
0.553667 0.420752 0.279246
-0.095448 -0.060027 -0.627251
0.556986 0.066119 0.251323
0.066044 -0.356960 0.439414
0.624756 -0.570077 -0.527937
0.379465 0.122301 -0.267985
0.449053 0.031317 -0.068887
0.449747 0.066098 -0.345179
0.566276 0.173779 0.293035
-0.020873 0.313686 0.277838
0.047648 -0.611777 -0.597765
0.184662 0.033803 -0.419348
0.475664 -0.176005 -0.419059
0.120060 -0.063207 -0.646857
0.522004 0.105472 0.334937
-0.012807 -0.190900 -0.631355
-0.024933 0.336718 0.173468
-0.699403 -0.034184 -0.588694
0.313135 -0.680934 0.360687
-0.063838 -0.143151 0.376456
0.494919 -0.260740 0.089696
0.243168 -0.847027 -0.348280
-0.385550 -0.301472 -0.685210
0.495646 -0.632157 0.405500
0.462410 -0.810413 -0.598275
0.471536 0.067412 0.022720
0.616954 -0.281602 -0.732684
-0.110990 -0.735842 -0.540631
0.051906 -0.172950 -0.571074
0.295693 -0.364523 -0.506204
0.531734 -0.181964 -0.354762
0.058928 -0.770495 0.366886
0.350509 0.238492 0.129261
-0.151797 -0.324332 -0.526353
-0.004422 0.159522 -0.298705
0.360803 -0.042671 -0.435305
-0.033997 -0.474665 0.454538
0.461957 -0.728748 -0.165628
0.378671 0.248201 0.231632
-0.294173 -0.497508 -0.602536
0.337430 0.150487 0.352518
-0.245223 0.233600 0.269918
0.506645 -0.466653 -0.201315
0.248635 -0.229327 -0.500780
-0.412715 -0.682462 -0.507496
-0.042494 -0.571238 -0.636507
0.661620 -0.786012 -0.274710
0.041269 -0.760646 -0.515850
0.065111 0.501146 0.115027
0.287985 0.123120 -0.356811
0.311001 -0.461525 0.290560
0.307893 -0.734127 -0.187014
0.371934 -0.620654 0.171812
0.377559 -0.609430 -0.409220
0.236008 -0.474642 0.297851
0.021482 -0.617056 -0.366269
-0.197829 -0.434306 0.245677
-0.261254 -0.534189 -0.533871
-0.379574 -0.403599 0.213770
-0.493827 -0.514777 -0.374608
-0.600941 -0.468149 -0.025099
-0.595735 -0.528012 -0.504030
-0.669562 -0.380231 0.078954
-0.854332 -0.388756 -0.385509
-0.921870 -0.220986 -0.140956
-0.987394 -0.202876 -0.561451
-0.991370 -0.028712 -0.074915
-1.128779 0.010163 -0.488202
-1.106719 0.093898 -0.309237
-1.098151 0.109789 -0.618968
-1.085650 0.154707 -0.127129
-1.121782 0.223163 -0.515855
-1.095884 0.292518 -0.218885
-1.008444 0.251231 -0.688744
-0.988247 0.255203 0.070003
-1.006335 0.181667 -0.568147
-1.025344 0.206795 -0.028729
-0.975804 0.086880 -0.654966
-0.938063 0.131930 0.159697
-0.968723 0.057812 -0.518538
-0.943441 0.107129 0.060646
-0.813616 0.138140 -0.493520
-0.558093 0.269227 -0.080625
0.183892 -0.755537 -0.331919
0.298153 -0.681754 -0.092148
0.153549 -0.728365 -0.126107
0.126205 -0.585725 0.075484
-0.107926 -0.677226 -0.471291
-0.255609 -0.502437 0.182001
-0.408589 -0.579063 -0.324515
-0.506707 -0.492929 -0.090514
-0.512011 -0.640193 -0.593691
-0.610411 -0.512221 -0.082899
-0.639864 -0.658424 -0.449517
-0.744761 -0.553249 -0.228083
-0.876827 -0.631399 -0.639074
-1.039610 -0.382869 -0.085346
-1.283213 -0.404406 -0.475051
-1.336997 -0.184589 -0.346791
-1.413207 -0.131024 -0.776704
-1.409375 0.051277 -0.230828
-1.422551 0.017605 -0.717880
-1.410606 0.145799 -0.390141
-1.344617 0.119276 -0.882222
-1.377875 0.206916 -0.031736
-1.307446 0.080370 -0.664382
-1.281472 0.127334 -0.196307
-1.172196 0.018639 -0.876060
-1.200963 0.100774 0.072302
-1.219049 -0.120159 -0.734203
-1.176653 -0.059774 -0.084596
-1.133821 -0.184628 -0.792780
-1.112360 -0.092794 0.101724
-1.064123 -0.290938 -0.319443
-0.779510 -0.018134 0.029463
0.013174 -0.652550 0.029531
-0.002728 -0.646052 0.095378
0.013133 -0.532808 -0.361768
-0.031410 -0.429003 0.169856
-0.275540 -0.445427 -0.333879
-0.496862 -0.350741 -0.148307
-0.618477 -0.441026 -0.451064
-0.696081 -0.399934 -0.119077
-0.775663 -0.538686 -0.305657
-0.862561 -0.496715 -0.251004
-0.944650 -0.586095 -0.368727
-1.042576 -0.510240 -0.251102
-1.365234 -0.477094 -0.168967
-1.386484 -0.382875 -0.507133
-1.646848 -0.247946 -0.444603
-1.574574 -0.085770 -0.436819
-1.841154 0.033028 -0.436927
-1.689058 0.109204 -0.591577
-1.777843 0.215687 -0.650589
-1.645516 0.311256 -0.404054
-1.731079 0.398993 -0.546441
-1.554159 0.418471 -0.542542
-1.488735 0.413582 -0.780106
-1.357400 0.464147 -0.263618
-1.431170 0.421502 -0.584707
-1.246260 0.394639 -0.387807
-1.262186 0.316947 -0.656204
-1.216900 0.334750 -0.101447
-1.237510 0.266201 -0.447306
-1.105264 0.214638 -0.263334
-1.086872 0.163710 -0.494448
-0.872961 0.261636 -0.337031
0.023573 -0.547102 -0.184181
0.054496 -0.551205 -0.060196
-0.017164 -0.543267 -0.109599
0.111533 -0.451152 -0.006466
-0.027072 -0.418901 -0.501458
-0.085446 -0.401711 -0.002877
-0.278064 -0.494192 -0.226660
-0.347446 -0.457942 -0.331595
-0.389690 -0.573940 -0.494938
-0.525813 -0.529385 -0.412607
-0.615732 -0.696444 -0.466358
-0.896181 -0.631011 -0.364866
-1.110300 -0.632512 -0.511812
-1.404567 -0.464120 -0.111152
-1.655512 -0.439021 -0.449336
-1.726581 -0.249159 -0.297539
-1.686507 -0.155301 -0.730910
-1.632069 0.053735 -0.193228
-1.588116 0.068131 -0.740522
-1.511311 0.227257 -0.445485
-1.413127 0.276375 -0.943576
-1.356535 0.389266 -0.229228
-1.323383 0.253466 -0.675322
-1.253114 0.319861 -0.311372
-1.158081 0.232993 -0.850207
-1.174268 0.335631 -0.016928
-1.179158 0.135333 -0.660796
-1.148130 0.213555 -0.098967
-1.135366 0.092545 -0.728882
-1.131001 0.167165 0.122601
-1.066068 0.007138 -0.283025
-0.823869 0.145526 -0.021688
-0.046986 -0.517707 0.108082
-0.015422 -0.487528 0.276558
0.003454 -0.345976 -0.252637
0.144191 -0.353149 0.215457
-0.019980 -0.186825 -0.385554
-0.182596 -0.296740 -0.318277
-0.408007 -0.341646 -0.520821
-0.466250 -0.455686 -0.345886
-0.510423 -0.529001 -0.469311
-0.590410 -0.579855 -0.466423
-0.815033 -0.633944 -0.377533
-1.064417 -0.647852 -0.400504
-1.433865 -0.517297 -0.339723
-1.556726 -0.453020 -0.383549
-1.856948 -0.198888 -0.494976
-1.842382 -0.101281 -0.276062
-2.002203 0.118604 -0.502569
-1.791705 0.173316 -0.404206
-1.837359 0.409208 -0.621611
-1.683759 0.478889 -0.341686
-1.708494 0.596396 -0.495439
-1.510524 0.513811 -0.475716
-1.510350 0.605601 -0.629514
-1.414348 0.605823 -0.320047
-1.414070 0.629456 -0.419515
-1.285132 0.552389 -0.312108
-1.293455 0.545902 -0.496846
-1.220260 0.552695 -0.210659
-1.198373 0.501198 -0.392139
-1.115490 0.432195 -0.145339
-1.036393 0.358001 -0.337975
-0.837578 0.397143 -0.193809
0.347428 -0.597896 0.202279
0.359181 -0.619326 0.550264
0.323270 -0.597063 0.351419
0.295804 -0.638042 0.843070
0.154948 -0.405178 0.317719
0.096685 -0.635055 0.673763
-0.117120 -0.567077 -0.245027
-0.156858 -0.542088 -0.245102
-0.288753 -0.727629 -0.523165
-0.427407 -0.694474 -0.606450
-0.567552 -0.883788 -0.640623
-0.941199 -0.801619 -0.589730
-1.190300 -0.783446 -0.531702
-1.540944 -0.530362 -0.219247
-1.748574 -0.412150 -0.537293
-1.844227 -0.202234 -0.211836
-1.830117 -0.073174 -0.676460
-1.729896 0.129901 -0.104850
-1.663023 0.191119 -0.678130
-1.563387 0.357359 -0.344041
-1.523871 0.419170 -0.718123
-1.476614 0.490810 -0.241737
-1.429919 0.455023 -0.581468
-1.312250 0.480886 -0.304895
-1.242226 0.442964 -0.581129
-1.231047 0.502187 -0.021224
-1.280425 0.419662 -0.305451
-1.219261 0.430815 -0.144903
-1.193291 0.363402 -0.439786
-1.130146 0.356318 0.032236
-1.089157 0.251694 -0.142556
-0.840169 0.292816 -0.047870
0.206805 -0.649456 0.507198
0.287267 -0.666789 0.740883
0.116225 -0.550910 0.400636
0.123955 -0.712070 0.832870
0.028800 -0.331840 -0.016505
0.032767 -0.704192 0.177470
-0.199099 -0.435973 -0.452859
-0.268461 -0.541126 -0.290198
-0.470266 -0.609448 -0.672916
-0.513859 -0.626529 -0.592900
-0.694501 -0.790476 -0.560988
-0.908544 -0.675609 -0.550078
-1.198891 -0.558667 -0.467056
-1.415520 -0.426299 -0.475174
-1.710562 -0.203307 -0.683561
-1.720380 -0.030945 -0.153898
-1.819660 0.144425 -0.684663
-1.684572 0.264532 -0.155887
-1.689539 0.389791 -0.738195
-1.582417 0.472478 -0.107359
-1.583703 0.579543 -0.605050
-1.446752 0.554694 -0.350055
-1.411985 0.596879 -0.683724
-1.364774 0.632025 -0.079923
-1.375659 0.648501 -0.436425
-1.281770 0.664308 -0.203840
-1.256635 0.635040 -0.606147
-1.212702 0.684892 0.004986
-1.209510 0.666091 -0.304558
-1.094709 0.548031 -0.168207
-1.053869 0.484827 -0.339028
-0.850274 0.442621 -0.200747
0.044838 -0.826183 0.911690
-0.109137 -1.022215 1.275774
-0.313041 -1.083893 1.226532
-0.500162 -1.283918 1.588551
-0.458203 -1.016909 1.177007
-0.591380 -1.181552 1.968085
-0.483699 -0.736552 0.690198
-0.203411 -0.852949 0.895319
-0.208666 -0.755454 -0.483091
-0.328196 -0.809000 -0.147689
-0.508908 -1.107744 -0.751007
-0.651459 -0.997744 -0.658048
-0.838629 -1.065496 -0.856691
-1.131108 -0.733118 -0.201976
-1.380622 -0.578628 -0.797881
-1.536439 -0.294723 -0.027144
-1.585853 -0.143865 -0.922121
-1.472311 0.084651 0.149694
-1.430698 0.123433 -0.883692
-1.374434 0.307826 0.000982
-1.358430 0.377734 -0.900027
-1.258611 0.497898 0.042427
-1.264062 0.416711 -0.694387
-1.208870 0.514041 -0.177421
-1.139904 0.518487 -0.815497
-1.136302 0.645251 0.164931
-1.184476 0.476707 -0.463724
-1.174003 0.535054 -0.001045
-1.100645 0.458364 -0.525353
-1.040517 0.470958 0.051677
-0.999081 0.318173 -0.149617
-0.784512 0.316560 0.007396
0.056412 -0.760042 0.886890
0.076917 -0.938405 1.059606
-0.033110 -0.863359 0.968936
-0.158177 -1.051212 1.300626
-0.102700 -0.653050 0.603016
-0.106670 -0.767824 0.685794
0.017268 -0.557171 0.022382
-0.224357 -0.543652 0.174975
-0.494427 -0.602834 -0.546065
-0.512287 -0.593523 -0.454461
-0.611694 -0.804224 -0.654600
-0.687106 -0.709335 -0.552935
-0.932337 -0.718983 -0.471959
-1.064358 -0.590798 -0.421071
-1.361027 -0.334398 -0.740767
-1.382133 -0.143913 -0.175470
-1.528724 0.109391 -0.711872
-1.398960 0.198246 -0.103301
-1.422506 0.313094 -0.825352
-1.305427 0.417470 0.086127
-1.317380 0.476747 -0.638719
-1.165827 0.549567 -0.018871
-1.163833 0.577200 -0.709023
-1.161281 0.655662 -0.028227
-1.176655 0.691137 -0.349236
-1.126875 0.767202 0.008862
-1.121307 0.743508 -0.471925
-1.105962 0.777975 -0.074174
-1.023604 0.735874 -0.279150
-0.952774 0.665130 0.027299
-0.894443 0.552242 -0.177795
-0.742015 0.452540 -0.167297
-0.080457 -1.021872 1.084737
-0.068113 -1.297511 1.346106
-0.197780 -1.366714 1.242164
-0.257514 -1.531127 1.644552
-0.184048 -1.210087 1.183231
-0.351055 -1.379092 2.052588
-0.264248 -0.882092 0.884494
-0.123094 -1.146689 1.499265
-0.148914 -0.662263 -0.061085
-0.298792 -0.867985 0.469216
-0.430955 -1.153155 -0.537082
-0.549646 -1.103239 -0.467806
-0.705204 -1.240625 -0.905660
-0.922670 -0.919572 -0.105782
-1.121958 -0.799260 -0.782775
-1.249980 -0.444916 0.035118
-1.285201 -0.304127 -0.955365
-1.275996 0.009076 0.199105
-1.250872 0.061539 -0.773931
-1.229953 0.267663 0.190849
-1.134646 0.255603 -0.924106
-1.074630 0.412528 0.339354
-1.053411 0.343816 -0.643894
-1.056101 0.491679 0.110831
-1.014840 0.458073 -0.754187
-1.043481 0.594141 0.230520
-1.090397 0.534715 -0.388252
-1.050300 0.596997 0.017689
-0.961367 0.491478 -0.460074
-0.940161 0.476380 0.002826
-0.922165 0.376944 -0.264118
-0.752772 0.418014 -0.020492
0.060370 -0.872091 0.997690
0.157334 -1.040147 1.192720
-0.028278 -0.956276 0.928578
-0.037631 -1.134581 1.604944
-0.009157 -0.736474 0.671371
0.018452 -0.893169 1.059950
0.088990 -0.622228 0.104242
-0.171596 -0.651345 0.542458
-0.390875 -0.529693 -0.440735
-0.484920 -0.594205 -0.144294
-0.550318 -0.721172 -0.714319
-0.615928 -0.710351 -0.238952
-0.841845 -0.699751 -0.524647
-0.987037 -0.663714 -0.276919
-1.179094 -0.502897 -0.837455
-1.227763 -0.300778 -0.053392
-1.290238 -0.043710 -0.734539
-1.220983 0.097106 0.061238
-1.279278 0.259117 -0.811966
-1.237006 0.356382 0.156644
-1.174984 0.441217 -0.683154
-1.062333 0.522003 0.255740
-1.023082 0.553219 -0.843641
-1.022836 0.704986 0.540590
-1.068012 0.733821 -0.632387
-1.017378 0.878484 0.244289
-0.956990 0.845235 -0.682973
-0.907341 0.922942 0.301945
-0.861201 0.851207 -0.342123
-0.782327 0.756757 0.047081
-0.732504 0.648015 -0.157707
-0.639567 0.579060 -0.028428
0.143876 -1.079763 1.090764
0.220870 -1.269936 1.502393
0.103953 -1.306763 1.163394
0.083403 -1.430309 1.727539
0.135692 -1.122980 0.719706
0.089585 -1.383193 2.149796
0.129189 -0.809965 0.639226
0.104320 -1.156320 1.770524
0.011219 -0.710558 -0.382563
-0.166722 -1.022269 1.337109
-0.459855 -0.973888 -0.630142
-0.526984 -1.038538 0.210821
-0.656415 -1.086475 -0.972883
-0.789141 -0.830350 0.117741
-0.989114 -0.812758 -0.835636
-1.118207 -0.505149 0.135665
-1.075013 -0.482491 -1.039653
-1.079252 -0.142485 0.230461
-1.135225 -0.049861 -0.777399
-1.184691 0.214299 0.234159
-1.109562 0.175398 -0.978345
-0.981354 0.337965 0.599349
-0.945969 0.194000 -0.904377
-0.946700 0.393675 0.576947
-0.906440 0.365566 -0.992411
-0.931879 0.548287 0.795228
-0.963209 0.361230 -0.744346
-0.930390 0.528236 0.402444
-0.848568 0.417919 -0.623049
-0.864511 0.421827 0.188922
-0.870345 0.282838 -0.354405
-0.662413 0.370385 0.086562
0.182556 -0.841451 0.962956
0.260962 -0.946195 1.085417
0.191004 -0.918906 0.988157
0.171571 -1.031906 1.331516
0.204388 -0.723420 0.764695
0.203441 -0.843194 0.763162
0.232006 -0.675038 0.164326
-0.018322 -0.768028 0.595765
-0.225220 -0.668324 -0.256424
-0.347598 -0.735337 -0.100508
-0.417554 -0.757427 -0.570000
-0.543774 -0.790945 -0.071190
-0.736813 -0.730031 -0.501809
-0.841634 -0.698965 -0.158801
-0.936933 -0.579325 -0.752629
-1.022847 -0.426561 -0.062484
-1.070097 -0.263044 -0.614389
-1.066085 -0.166189 0.095006
-1.063555 -0.036410 -0.788687
-1.096287 0.122599 0.123353
-1.067136 0.195794 -0.656075
-1.041874 0.339599 0.287934
-0.958521 0.347358 -0.816171
-0.980307 0.594524 0.537583
-1.004866 0.616557 -0.574240
-0.959313 0.847520 0.718930
-0.905771 0.843952 -0.519305
-0.856678 0.915264 0.496601
-0.796880 0.838726 -0.403045
-0.727898 0.761156 0.274196
-0.784326 0.550456 -0.126350
-0.675722 0.499218 -0.025406
0.279482 -1.033460 0.975346
0.327414 -1.188938 1.178605
0.262454 -1.189392 1.130542
0.321053 -1.380827 1.428390
0.319048 -1.094313 0.894079
0.317735 -1.408162 1.783341
0.235373 -0.797891 0.679936
0.235399 -1.174542 1.502263
0.186656 -0.735074 -0.062971
0.107543 -1.116349 1.359136
-0.148458 -0.862361 -0.219952
-0.287215 -0.991358 0.494959
-0.394483 -0.892941 -0.682121
-0.524551 -0.774700 0.156112
-0.653547 -0.772201 -0.700155
-0.773306 -0.615913 0.048709
-0.760746 -0.616716 -0.935066
-0.802562 -0.324212 0.184502
-0.832912 -0.187664 -0.687673
-0.913633 -0.032558 0.174429
-0.894252 -0.069701 -0.884747
-0.861140 0.093428 0.304603
-0.853283 0.058892 -0.796976
-0.893076 0.210963 0.277534
-0.828220 0.219907 -0.753899
-0.878494 0.349718 0.576070
-0.904115 0.338281 -0.441219
-0.915737 0.363403 0.406150
-0.858521 0.369848 -0.364405
-0.848367 0.304188 0.275435
-0.856007 0.265067 -0.131096
-0.681295 0.305920 0.210401
0.306915 -0.807893 0.826747
0.343704 -0.866381 1.009233
0.249803 -0.842074 0.769049
0.294203 -1.004162 1.354825
0.227942 -0.682862 0.526545
0.196746 -0.839749 0.881704
0.173327 -0.665276 -0.075451
0.095474 -0.781189 0.799769
0.063677 -0.653625 -0.313374
0.032570 -0.723972 0.280673
-0.073447 -0.688333 -0.561947
-0.232759 -0.735173 0.131848
-0.362781 -0.623104 -0.493035
-0.463921 -0.573004 0.068834
-0.500739 -0.490321 -0.634661
-0.528556 -0.384558 0.149065
-0.618397 -0.310037 -0.448235
-0.619528 -0.260011 0.236815
-0.648639 -0.150301 -0.615199
-0.648847 -0.035125 0.268323
-0.717052 0.061203 -0.568212
-0.717814 0.144035 0.283368
-0.740113 0.244880 -0.528546
-0.820759 0.406933 0.490223
-0.851829 0.472384 -0.332607
-0.856137 0.562104 0.410156
-0.820959 0.587353 -0.266718
-0.856217 0.634753 0.336961
-0.819780 0.588548 -0.074729
-0.800093 0.507166 0.250433
-0.769832 0.397682 -0.090291
-0.647517 0.386875 -0.020647
0.411028 -0.966798 0.827709
0.414250 -1.032046 1.250959
0.406391 -1.032810 0.961304
0.419488 -1.234775 1.486294
0.344924 -1.006845 0.534072
0.291513 -1.240316 1.815878
0.292813 -0.760715 0.238741
0.241351 -1.040513 1.602217
0.268385 -0.789911 -0.503468
0.181577 -0.960454 1.487471
0.134998 -0.749985 -0.549330
0.047125 -0.792815 0.713588
-0.011173 -0.691425 -0.795178
-0.079561 -0.556057 0.372423
-0.164996 -0.604000 -0.748230
-0.259263 -0.404412 0.220227
-0.302310 -0.425097 -0.864213
-0.316013 -0.264247 0.326082
-0.367334 -0.163383 -0.650023
-0.428701 -0.069595 0.238626
-0.441044 -0.036558 -0.678602
-0.470949 0.054169 0.326206
-0.510125 0.037077 -0.640655
-0.581903 0.171349 0.225928
-0.592533 0.245231 -0.469065
-0.685549 0.346150 0.271436
-0.732890 0.355596 -0.164468
-0.772262 0.345637 0.211321
-0.764352 0.411369 -0.108341
-0.799530 0.336256 0.179071
-0.816781 0.317766 0.008395
-0.607345 0.337954 0.241765
0.283605 -0.762056 0.714590
0.349501 -0.791839 0.912323
0.315883 -0.808474 0.667487
0.268167 -0.940555 1.053048
0.154569 -0.736158 0.356739
0.146272 -0.779601 0.764614
0.173411 -0.644142 -0.255139
0.134134 -0.676353 0.846408
0.169539 -0.629023 -0.528274
0.168894 -0.593553 0.508432
0.205913 -0.553510 -0.707725
0.129559 -0.496572 0.407957
0.071676 -0.457620 -0.669034
-0.005680 -0.376123 0.268136
-0.030073 -0.379579 -0.694478
-0.081982 -0.255213 0.289632
-0.120821 -0.299796 -0.602858
-0.122568 -0.167904 0.353004
-0.126153 -0.173277 -0.625071
-0.152869 -0.010197 0.442122
-0.173569 -0.010233 -0.641930
-0.195487 0.132431 0.355834
-0.268137 0.102367 -0.502427
-0.325126 0.264997 0.211066
-0.406039 0.277306 -0.340739
-0.476024 0.418681 0.128500
-0.538662 0.367416 -0.154235
-0.622212 0.424763 0.035708
-0.653716 0.384503 -0.085459
-0.716333 0.397094 0.055179
-0.672810 0.351121 0.014615
-0.521624 0.373979 0.013958
0.355803 -0.845324 0.616409
0.395667 -0.901899 0.908706
0.366938 -0.901241 0.790373
0.458877 -1.058075 1.062616
0.389462 -0.873405 0.522828
0.412926 -1.011425 1.258311
0.340330 -0.673059 0.082173
0.387543 -0.841777 1.110528
0.346774 -0.677451 -0.464254
0.330391 -0.709409 1.048901
0.325874 -0.572787 -0.543263
0.317937 -0.544146 0.575292
0.302301 -0.497506 -0.689957
0.294226 -0.382849 0.352656
0.267449 -0.338109 -0.752650
0.174213 -0.206153 0.191945
0.166367 -0.257156 -0.729350
0.176494 -0.137988 0.241590
0.167124 -0.134517 -0.666812
0.120758 0.013440 0.294143
0.126736 -0.003971 -0.560404
0.128130 0.119211 0.286430
0.060672 0.076468 -0.453720
0.008078 0.221057 0.217598
-0.067403 0.257294 -0.311306
-0.203694 0.344562 0.062064
-0.321220 0.380126 -0.099227
-0.415234 0.366902 0.023099
-0.532360 0.384466 -0.088415
-0.619825 0.357013 0.000892
-0.624452 0.375041 0.104869
-0.423907 0.385884 0.070869
0.283667 -0.764711 0.547292
0.382013 -0.767160 0.720543
0.360076 -0.755577 0.389462
0.442538 -0.832433 0.801288
0.359521 -0.680708 0.248872
0.395765 -0.687433 0.518751
0.369746 -0.612573 -0.241355
0.390649 -0.607508 0.533682
0.372444 -0.575259 -0.351501
0.390596 -0.497338 0.417830
0.387001 -0.461837 -0.537543
0.405518 -0.382875 0.345569
0.360434 -0.349257 -0.529155
0.373435 -0.249149 0.291132
0.329559 -0.227647 -0.582707
0.344142 -0.130537 0.166581
0.292519 -0.120090 -0.487040
0.315618 -0.019161 0.287138
0.341986 -0.042195 -0.565320
0.404033 0.084262 0.284339
0.373905 0.072229 -0.411482
0.388977 0.176510 0.229190
0.360768 0.153314 -0.370937
0.352617 0.278270 0.092145
0.212518 0.309512 -0.178105
0.116928 0.399006 0.008516
0.054129 0.416055 -0.091886
-0.011782 0.426073 -0.136077
-0.155038 0.416577 -0.100033
-0.213488 0.419086 -0.111859
-0.152062 0.410258 -0.054645
-0.075548 0.432852 -0.104858
0.339200 -0.802919 0.403422
0.336843 -0.821921 0.642098
0.392755 -0.827550 0.500855
0.413938 -0.849138 0.747171
0.401836 -0.741479 0.112436
0.392665 -0.765425 0.872540
0.427122 -0.608773 -0.026033
0.393790 -0.662597 0.648087
0.409898 -0.610757 -0.486927
0.404646 -0.567534 0.595197
0.442717 -0.488886 -0.442642
0.468165 -0.434868 0.371740
0.444773 -0.460710 -0.692036
0.462839 -0.324664 0.343850
0.468714 -0.345564 -0.619835
0.510774 -0.170577 0.151526
0.475259 -0.220014 -0.655596
0.492866 -0.078580 0.155119
0.517865 -0.102640 -0.475844
0.574017 0.066072 0.168433
0.560556 0.044473 -0.408932
0.585770 0.185326 0.218851
0.555038 0.149500 -0.195603
0.502780 0.268690 0.066433
0.387356 0.286446 -0.171360
0.343049 0.385642 -0.060408
0.322293 0.404260 -0.012112
0.251045 0.419636 -0.155981
0.136182 0.416249 -0.081989
0.043058 0.411478 -0.127298
0.002798 0.448744 0.013812
0.117907 0.480011 -0.116960
0.232657 -0.755459 0.363872
0.297527 -0.729083 0.415955
0.302494 -0.727317 0.172656
0.338209 -0.720394 0.362623
0.312277 -0.619668 0.024048
0.359495 -0.600918 0.068057
0.358040 -0.544419 -0.184280
0.382222 -0.526712 0.026246
0.371195 -0.508913 -0.262686
0.405241 -0.456709 0.007146
0.399968 -0.418897 -0.408704
0.434680 -0.358324 0.046256
0.391668 -0.329335 -0.443282
0.417532 -0.272175 0.070421
0.394997 -0.223325 -0.438013
0.444492 -0.077686 0.136219
0.439812 -0.043993 -0.412402
0.460084 0.109351 0.110245
0.481455 0.148323 -0.335438
0.550427 0.273177 0.143558
0.591759 0.280369 -0.295796
0.618793 0.407664 0.121380
0.624468 0.416103 -0.212503
0.635295 0.523003 0.047443
0.632187 0.527924 -0.274427
0.561395 0.547645 -0.072101
0.527290 0.562911 -0.111028
0.544544 0.554501 -0.165715
0.544924 0.569516 -0.210335
0.553153 0.536186 -0.207667
0.537428 0.540369 -0.042294
0.456834 0.503664 -0.144764
0.322552 -0.809845 0.277118
0.316111 -0.785279 0.336870
0.385212 -0.766117 0.408089
0.412534 -0.679744 0.274184
0.454046 -0.658183 0.188988
0.423264 -0.650890 0.218872
0.427663 -0.570431 0.140360
0.444769 -0.573793 0.017929
0.448688 -0.569499 -0.201597
0.437315 -0.557639 -0.017202
0.434264 -0.548737 -0.218542
0.446215 -0.458648 0.022040
0.419654 -0.513072 -0.498034
0.375187 -0.426480 -0.003030
0.362036 -0.455743 -0.343896
0.373338 -0.238369 -0.100802
0.360331 -0.258289 -0.417448
0.352884 -0.055402 -0.053666
0.400761 -0.062335 -0.280034
0.431320 0.135999 -0.066087
0.461229 0.056679 -0.254371
0.462430 0.231100 0.006166
0.492275 0.124627 -0.215420
0.538386 0.306160 -0.099779
0.528866 0.235421 -0.197266
0.516497 0.367993 -0.147836
0.504145 0.340754 -0.140560
0.528713 0.427492 -0.244675
0.514072 0.381649 -0.133774
0.541165 0.411186 -0.273887
0.523088 0.397869 -0.067166
0.470055 0.423503 -0.206716
0.211393 -0.782177 0.123168
0.340026 -0.696984 0.278386
0.371708 -0.626316 -0.160527
0.415202 -0.592190 0.263252
0.444091 -0.570931 -0.148700
0.474081 -0.549289 0.037807
0.477849 -0.504503 -0.273463
0.464213 -0.539768 -0.114023
0.401853 -0.488175 -0.269174
0.391201 -0.495368 -0.115122
0.328990 -0.448267 -0.460284
0.323777 -0.438019 -0.125159
0.287101 -0.376933 -0.407805
0.291114 -0.303525 0.006575
0.267720 -0.282145 -0.369088
0.274921 -0.149061 -0.002407
0.296669 -0.053212 -0.312663
0.329018 0.089481 0.010366
0.353325 0.127113 -0.238388
0.395690 0.259304 -0.022603
0.439949 0.240901 -0.171432
0.493555 0.399343 -0.010973
0.525469 0.330626 -0.210321
0.543837 0.492225 -0.022385
0.587596 0.401311 -0.159225
0.663783 0.510293 -0.139102
0.645808 0.457572 -0.210922
0.649525 0.493433 -0.215763
0.633761 0.440227 -0.187159
0.685090 0.449372 -0.306673
0.668579 0.455544 -0.247344
0.592116 0.441879 -0.323495
0.369644 -0.720112 0.192609
0.357550 -0.706331 0.555377
0.444061 -0.653966 0.279423
0.422037 -0.531828 0.544241
0.474774 -0.499866 -0.003092
0.458948 -0.468724 0.327878
0.480055 -0.438897 -0.014798
0.435346 -0.436772 0.175354
0.442629 -0.396996 -0.172352
0.370386 -0.372762 0.072667
0.377672 -0.361103 -0.247903
0.348959 -0.290687 -0.008894
0.352294 -0.316218 -0.300868
0.299583 -0.253467 0.010889
0.305803 -0.253624 -0.227761
0.318721 -0.096084 -0.058273
0.324497 -0.095677 -0.199732
0.333769 0.047741 -0.124328
0.342163 0.057681 -0.074837
0.369786 0.157456 -0.147082
0.409506 0.092798 -0.137187
0.397200 0.197556 -0.116844
0.437676 0.118163 -0.091529
0.486649 0.195237 -0.085760
0.524706 0.120231 -0.155979
0.511222 0.254153 -0.123578
0.570823 0.221607 -0.153877
0.616081 0.330347 -0.235495
0.654447 0.299476 -0.185348
0.662002 0.305469 -0.209599
0.617354 0.279780 -0.174127
0.539244 0.289900 -0.241537
