0.444146 -0.925835 -0.772273
0.164080 -0.695030 -0.608577
0.160211 -0.966193 0.254933
0.083470 0.651763 -0.762432
0.190823 -0.936466 0.940943
0.135585 1.057235 -0.736409
-0.244793 -0.278655 0.937530
-0.031820 1.042297 0.022644
-0.051540 0.802964 -0.975366
0.185859 1.104810 0.002002
-0.349151 0.893877 0.818546
-0.017434 0.634113 0.576060
-0.668805 1.070218 1.081326
0.017120 0.440881 0.690602
-0.443446 1.201203 0.700407
0.017014 -1.337932 -0.457570
-0.122454 -0.925614 -0.906707
0.068707 -1.152917 0.083245
-0.060096 0.801449 -0.552096
-0.607510 0.717163 -1.176955
0.271583 -0.834399 0.612858
-0.077646 1.041630 -0.437396
0.242544 0.726260 -0.873809
-0.404829 0.114507 -1.232324
-0.272110 -0.036839 1.065100
-0.043556 0.040094 0.868803
-0.545017 1.298872 -0.212149
0.408984 -1.057650 0.818310
-1.102865 1.007069 -0.402464
0.014950 -0.833858 -0.766823
-0.935060 0.406571 -1.262697
-0.025285 0.148833 -0.876413
-0.051084 0.709291 -1.007794
-0.029929 -0.504271 -0.871164
0.044867 0.810069 -0.800550
0.194459 0.654387 -0.748192
0.069112 -1.064694 -0.609142
0.108063 0.496998 -0.915408
0.289326 0.850733 0.721317
-0.374177 0.851781 -1.014609
-0.020826 0.776667 0.518063
-0.075227 0.818684 0.606372
-0.007926 -0.642415 0.950658
-0.273162 -0.674210 -1.021549
-0.242063 0.052704 -0.879276
-0.032841 -0.655303 -0.680111
-0.917109 -0.883379 1.003863
0.257729 1.040160 0.639025
-0.378009 0.610459 -0.993387
0.093108 -0.600875 1.089057
0.077466 -0.948558 0.606884
-0.048911 0.639227 -0.558958
0.069951 0.875328 0.396203
-0.508161 -0.164803 1.319334
-0.266049 -0.561182 1.065420
0.395667 -0.768220 0.898071
0.177056 -0.691890 -0.563550
0.291648 1.163569 0.463293
-1.189055 0.779478 -0.879084
0.272821 0.754095 -0.800728
-0.728518 0.144955 -0.987047
-0.466190 1.033731 -0.927041
-0.589608 -1.240327 0.395092
0.034848 -0.819691 0.260988
-0.081389 -0.982316 -0.740585
-0.044865 -0.486704 -1.017163
-0.461890 0.679025 0.802323
-0.030427 -0.229952 1.030458
-0.222378 1.274474 0.676660
-0.669793 0.624214 1.133628
-0.187708 1.156573 0.265017
0.257325 0.689007 -0.665379
-0.697209 0.126783 0.809274
0.265549 -0.591167 0.963520
0.329862 0.976713 -1.030141
0.039299 -0.357529 -0.658709
0.075996 -0.019199 0.629472
0.140949 -0.699182 -0.522923
0.203309 -0.623800 0.842470
0.118441 0.712615 -0.439687
0.177317 -0.891265 -0.474708
-0.847945 -0.474070 0.951202
0.255851 0.512100 -0.882365
-1.401819 0.272922 0.921580
-0.036450 -1.109040 -0.731047
-0.141049 -0.114228 -0.923804
0.195040 -1.090984 -0.669042
0.249617 -0.833328 -0.646153
-0.561373 1.310522 -0.556782
0.047710 -0.375966 -0.777736
-1.305018 -0.465777 0.775461
0.417900 -0.893622 -0.282522
-0.314088 0.994930 0.999946
-0.439681 0.159886 0.718213
0.110300 0.804672 0.561268
0.046261 0.473661 0.786405
-0.153695 -1.196552 -0.054875
0.192936 0.759403 -0.998628
-0.029459 -0.985247 -0.161819
-0.530659 -0.478118 -0.942967
-0.701380 0.534833 0.777430
-0.198835 1.198670 0.056911
0.061344 -0.774421 -0.830510
-0.203036 -0.592635 1.030765
-0.222360 -0.078271 -0.885605
-0.174940 0.904921 -1.026498
-0.499717 1.417538 0.065988
-0.057894 0.786836 -0.926254
-0.064415 0.135556 0.522025
-0.079001 0.210109 -0.981099
-0.770625 1.288834 0.181418
0.051934 -0.714639 -0.649960
0.359880 -0.842549 0.831720
0.127576 0.529022 0.492384
0.254258 -0.992195 -0.556244
-1.191099 -0.234619 -0.884959
-0.233402 -0.824974 1.178677
-0.093599 0.251106 -0.764755
0.281452 0.814121 -1.061164
-0.822667 0.948921 -0.994440
-0.024456 -0.914441 0.475433
0.094447 -0.657836 0.660035
0.085360 -0.971844 -0.896283
-0.259754 0.866598 -0.402018
0.113436 0.123619 -0.485115
0.098826 0.955761 -0.156656
-0.177457 0.455192 -1.040333
0.117538 1.077190 0.787451
0.160863 -1.062804 -0.518704
-1.215651 0.197349 -0.752856
0.013470 0.575588 -0.948640
-0.381965 -1.113936 -0.799926
-0.471047 1.084683 -0.762794
-0.030679 1.182837 0.568725
-0.561154 -0.499680 -0.960675
0.120568 -0.759665 0.974851
0.216580 0.715548 0.263593
-0.329570 1.011569 0.699385
-0.581997 -0.644387 -0.771211
-0.264180 1.082261 -0.718303
0.132421 -0.621399 -1.029434
-0.637144 0.742623 -0.917587
-0.735860 -0.539308 1.181601
-0.291626 0.337009 -1.014304
0.028684 0.382149 0.770597
0.078886 -0.675322 0.554808
-0.864760 -0.130165 -0.884356
-0.585048 -0.282018 1.002762
-0.719659 1.050398 0.640660
-0.129265 1.065614 -0.518484
0.157905 -0.674181 -0.657554
0.441871 0.962053 -0.952680
-0.068196 0.621927 -0.732876
0.059095 0.063577 -1.077040
-0.400494 -0.236760 -0.985326
-0.193454 0.270110 0.803032
0.072534 0.729940 -0.073796
-0.891745 1.241568 -0.666229
0.254823 -1.218306 -0.503320
-0.674502 0.375200 0.912302
-1.327838 -0.616157 -0.795276
0.064222 0.830037 -0.623223
0.353124 0.463025 -0.718744
-0.101918 0.583813 0.745962
0.163786 0.548257 -0.782182
0.058863 0.799319 -0.854549
0.127646 -0.820525 -0.432685
0.079272 0.119193 -0.449903
0.166726 0.562210 -0.583080
-0.372809 -0.791672 -0.858976
0.102432 0.874963 0.355157
-0.586218 0.680081 0.835342
-0.283038 0.342988 1.096253
0.038938 0.840601 0.041029
0.086104 0.125677 -0.820212
0.275053 1.191563 0.637860
0.112672 0.752951 -0.581000
0.275296 -0.437321 -0.694291
0.056013 -1.063732 -0.452030
0.032746 -0.526655 0.703531
0.072561 1.024460 -0.478629
0.077472 0.903371 -0.510517
0.095994 0.789792 -0.637084
0.362248 0.645993 -0.956582
0.041962 -0.229681 0.558421
0.135960 -0.828898 -0.571334
0.123555 0.881817 -0.704438
-0.994117 0.576654 -1.036939
0.140155 -0.532954 0.590931
-0.229838 0.504222 -1.098378
-0.407539 0.673272 -1.191388
0.135614 0.551564 -0.665396
0.309944 -1.029351 -0.663162
-0.199625 0.815414 -1.121568
-0.998794 0.602490 1.050754
0.018683 0.480753 0.324301
0.280207 -0.937902 -0.784523
0.224902 -0.871655 -0.476857
-0.659527 -1.304632 -0.322270
0.125218 0.558269 -0.995273
0.162104 0.923224 0.687375
-0.233558 1.108815 -0.370834
0.286273 0.955671 0.468075
-0.326580 0.471794 0.816189
0.227985 -1.206754 -0.458471
0.458923 1.317825 0.672333
-0.666371 0.392213 -0.990273
0.134687 0.657229 0.701708
-0.403146 -0.618611 0.920752
0.101922 -1.070193 -0.716789
0.185326 0.926917 -0.687573
0.112593 0.591340 -0.427978
0.193838 0.721146 -0.853494
0.214036 0.800041 0.593634
-0.938823 0.902568 0.809680
-0.680629 -0.968100 -0.765624
-0.131084 0.509764 -0.872738
-0.131689 0.433054 -0.955699
-0.335271 0.430139 -1.149715
0.091724 0.919398 0.531133
-0.374846 0.320136 -1.146488
-0.893072 0.899953 0.533775
-1.473233 0.530415 -1.017232
-0.111066 -1.015093 0.761349
-0.959757 -0.207988 1.168736
0.066856 -0.305287 0.657274
-0.298889 -1.254883 -0.431197
-0.805813 -0.077717 -1.193979
0.505058 -0.928980 1.080809
0.046257 -1.199988 -0.780532
0.093801 0.923663 -0.229353
0.091293 -0.106835 -0.952762
-0.889965 -1.096460 -0.618621
-0.440798 -0.069119 -0.924367
-0.131555 -0.675818 -0.862172
0.014617 0.367089 -0.791538
-0.487884 -1.030271 0.746194
-0.091790 1.008611 0.426433
-0.680975 0.074834 -0.860543
-0.633425 0.887410 -0.467508
0.025937 0.387290 -0.831853
-0.449979 -0.864277 0.943443
0.212335 -1.163878 -0.322817
0.022897 0.992026 -0.105520
-0.985769 -0.717893 -0.979947
-0.164565 0.743924 0.913845
-1.389464 0.960459 0.712858
0.273412 -0.782825 -0.323790
-0.107721 -0.523600 -0.776720
-1.237445 -0.951881 -0.753970
-0.782298 -0.862687 -0.937025
0.247117 -1.135332 -0.424918
-0.717959 -1.103467 -0.755220
-0.589644 1.339453 0.397147
-0.127465 0.917208 -0.896068
-0.109116 -0.700516 0.700682
-0.986564 -1.166500 -0.305589
-1.212869 -1.138948 0.340491
-1.369930 -1.051047 -0.372012
-1.363580 -1.027439 0.611985
-1.523725 -1.072013 -0.100447
-1.523682 -0.949374 0.388128
-1.503638 -0.916711 -0.384262
-1.548857 -0.773956 0.569936
-1.760695 -0.886867 -0.174157
-1.820637 -0.824509 0.184110
-1.828678 -0.768761 -0.368226
-1.802329 -0.596529 0.409900
-1.853120 -0.586617 -0.380558
-1.765001 -0.424117 0.179756
-1.733322 -0.342790 -0.559479
-1.676279 -0.029530 0.405206
-1.736645 -0.006402 -0.441837
-1.759215 0.242009 0.136387
-1.656737 0.175747 -0.656851
-1.606107 0.339255 0.435082
-1.687287 0.328222 -0.451050
-1.656460 0.440042 0.142600
-1.481885 0.538506 -0.840549
-1.446064 0.826569 0.634212
-1.474234 0.995623 -0.651862
-1.311841 1.124392 0.317311
-1.124476 1.247058 -0.678241
-1.023703 1.218002 0.443044
-1.089584 1.285792 -0.365146
-0.951510 1.229930 0.064446
-0.776738 1.322913 -0.306037
-0.580316 1.214748 -0.010619
-1.462932 -1.364273 -0.224760
-1.630764 -1.471099 0.248915
-1.779477 -1.713089 0.034033
-1.910598 -1.508724 0.576819
-1.934887 -1.519074 -0.333411
-2.054023 -1.299954 0.761138
-2.213461 -1.535703 0.070608
-2.318984 -1.303878 0.430531
-2.318474 -1.334883 -0.257497
-2.506396 -1.033964 0.617294
-2.651531 -1.150293 0.040426
-2.752599 -0.912490 0.328311
-2.667606 -0.951904 -0.187733
-2.760383 -0.661245 0.608962
-2.842161 -0.890763 -0.090503
-2.783850 -0.489209 0.426752
-2.568276 -0.442886 -0.419518
-2.431444 0.056675 0.410646
-2.218719 0.055790 -0.406908
-2.139255 0.314459 0.131030
-1.989001 0.332304 -0.777810
-2.027629 0.502692 0.496490
-1.953868 0.559229 -0.401546
-1.876782 0.700133 0.301655
-1.585745 0.871433 -0.809912
-1.509920 0.953128 0.647253
-1.116055 1.161403 -0.348176
-1.001672 1.131791 0.465218
-0.885495 1.327641 -0.453554
-0.979410 1.155189 0.657850
-0.842121 1.010703 0.390719
-0.656082 1.013381 0.490590
-1.552284 -1.083181 0.189380
-1.680135 -1.311161 0.118221
-1.978639 -1.446612 0.060263
-1.922376 -1.336864 0.441677
-2.278057 -1.398393 0.335516
-2.156035 -1.257456 0.163334
-2.398421 -1.300990 -0.039452
-2.389422 -1.118953 0.344049
-2.731827 -1.138242 0.223918
-2.697529 -1.001205 0.017354
-3.063131 -0.922424 0.016292
-2.924602 -0.761110 0.170624
-3.204143 -0.668858 0.268375
-2.923236 -0.507886 -0.034530
-3.164510 -0.396790 0.049996
-2.730567 -0.172947 0.220352
-2.739107 -0.102650 0.140145
-2.346589 0.200668 -0.019800
-2.343369 0.268533 -0.184874
-2.248957 0.446798 0.168627
-2.337260 0.541273 -0.122777
-2.274934 0.632131 -0.111760
-2.227115 0.815442 -0.723176
-2.161016 1.037854 0.051522
-2.121922 1.229258 -0.381304
-1.952179 1.299936 -0.094108
-1.913974 1.444016 -0.484581
-1.788265 1.467420 0.167236
-1.778579 1.586129 -0.175358
-1.455288 1.548499 0.029248
-1.358935 1.541659 -0.326707
-0.996591 1.432643 -0.225598
-1.654318 -1.401765 -0.167225
-1.840924 -1.714403 0.198201
-2.072915 -1.833426 0.061385
-2.187556 -1.720778 0.448494
-2.289951 -1.747149 -0.250977
-2.320440 -1.558703 0.849817
-2.445822 -1.688815 0.049955
-2.566788 -1.507938 0.462379
-2.593508 -1.465131 -0.316237
-2.769296 -1.137279 0.734405
-2.950674 -1.135831 -0.142444
-3.110134 -0.994471 0.331281
-3.183823 -0.909683 -0.248466
-3.227930 -0.760440 0.527007
-3.371344 -0.747180 -0.046940
-3.229899 -0.619904 0.309972
-3.082311 -0.448653 -0.226317
-2.740370 -0.155331 0.468336
-2.478616 0.012938 -0.211786
-2.264383 0.330170 0.109026
-2.086982 0.479909 -0.692746
-2.109989 0.676176 0.219129
-2.068063 0.780188 -0.367522
-2.016793 0.891858 0.024640
-1.765671 1.084414 -0.747516
-1.701512 1.217438 0.411034
-1.568837 1.327554 -0.336844
-1.423667 1.421731 0.353711
-1.229716 1.528131 -0.503227
-1.121976 1.450892 0.499116
-0.997948 1.374848 -0.037931
-0.840371 1.319744 0.337638
-1.432312 -1.281421 0.084083
-1.593641 -1.489466 0.105781
-1.834947 -1.648021 -0.102508
-1.929407 -1.558568 0.434047
-2.104758 -1.578779 -0.054264
-2.150280 -1.478390 0.395119
-2.225183 -1.501128 -0.453286
-2.315021 -1.240728 0.717677
-2.405144 -1.184443 -0.414862
-2.462778 -0.973499 0.501496
-2.628278 -0.861144 -0.598252
-2.754266 -0.657174 0.690654
-2.872275 -0.567786 -0.385100
-2.921198 -0.466541 0.317539
-2.999532 -0.269190 -0.451659
-2.878543 -0.190828 0.523434
-2.736901 0.003911 -0.253265
-2.525858 0.160513 0.373220
-2.370171 0.451784 -0.529437
-2.287211 0.631235 0.499396
-2.324945 0.818516 -0.300448
-2.271158 0.872983 0.217604
-2.268774 1.076953 -0.669940
-2.167025 1.207022 0.118101
-2.052416 1.416213 -0.221558
-1.929091 1.410334 0.184031
-1.848235 1.566491 -0.359846
-1.779667 1.618385 0.038651
-1.546795 1.722139 -0.141063
-1.393596 1.644026 0.295435
-1.293321 1.678847 -0.111105
-1.049663 1.587876 -0.040984
-1.308422 -1.435094 -0.101864
-1.406846 -1.646533 0.086226
-1.645230 -1.731908 -0.051469
-1.754414 -1.619790 0.427673
-1.844509 -1.721541 -0.491248
-1.862351 -1.453818 0.936387
-1.952499 -1.657003 -0.378811
-2.006146 -1.354217 0.845412
-2.025925 -1.462538 -0.892426
-2.112364 -1.016794 1.211953
-2.207510 -1.152924 -0.825505
-2.331034 -0.773054 0.866894
-2.487296 -0.750938 -0.902719
-2.572484 -0.461764 0.809381
-2.670741 -0.425352 -0.701353
-2.637702 -0.182758 0.600813
-2.613632 -0.043524 -0.744867
-2.471553 0.198333 0.740138
-2.220388 0.360279 -0.614634
-2.153301 0.557128 0.509713
-2.068047 0.713961 -0.895814
-2.116442 0.871244 0.565188
-2.087173 1.008316 -0.616794
-2.018353 1.120093 0.231470
-1.791752 1.288172 -0.672340
-1.696797 1.440043 0.437279
-1.626366 1.482100 -0.276141
-1.530954 1.610639 0.266349
-1.356894 1.637270 -0.338813
-1.269166 1.565936 0.277617
-1.150851 1.488024 -0.060540
-0.926243 1.472307 0.242362
-1.132817 -1.300212 0.042478
-1.287029 -1.431284 0.280540
-1.416547 -1.578684 -0.308757
-1.530093 -1.406030 0.646214
-1.674035 -1.459590 -0.344205
-1.720446 -1.302655 0.682127
-1.727748 -1.469661 -0.821515
-1.824555 -1.156769 1.106693
-1.904359 -1.205462 -0.830351
-1.874277 -0.849497 0.903174
-1.944547 -0.887466 -1.013308
-1.980017 -0.556882 1.051320
-2.078122 -0.511925 -0.990342
-2.138504 -0.224855 0.784332
-2.276422 -0.143422 -1.049178
-2.305173 0.094437 0.859027
-2.231977 0.226200 -0.883023
-2.283430 0.457910 0.691330
-2.162783 0.589935 -1.040882
-2.234148 0.757730 0.861085
-2.213701 0.854717 -0.895457
-2.160203 1.012691 0.625047
-2.022209 1.208115 -0.934205
-1.927124 1.359356 0.506008
-1.878624 1.503555 -0.570497
-1.693882 1.586921 0.241390
-1.560675 1.663908 -0.687286
-1.486586 1.738608 0.234215
-1.494854 1.809387 -0.362370
-1.314083 1.750470 -0.042049
-1.237231 1.656008 -0.355348
-0.979099 1.581769 -0.272684
-1.040204 -1.372613 -0.115435
-1.050948 -1.475910 0.201986
-1.226312 -1.545162 -0.112334
-1.302834 -1.409586 0.588908
-1.389587 -1.520667 -0.662442
-1.421386 -1.246089 1.138626
-1.535082 -1.500658 -0.600002
-1.579696 -1.203298 1.032560
-1.619020 -1.406333 -1.174155
-1.664229 -0.937239 1.410641
-1.728425 -1.121523 -1.042697
-1.793643 -0.665803 1.139067
-1.805675 -0.649918 -1.186205
-1.839112 -0.253799 1.124877
-1.844783 -0.147682 -1.076336
-1.940079 0.164372 0.779755
-1.907387 0.299111 -1.118713
-1.963626 0.505993 0.858565
-1.875775 0.546034 -0.947836
-1.974100 0.708754 0.720608
-1.801091 0.813154 -1.109716
-1.836193 0.977374 0.947581
-1.776951 1.092695 -1.036468
-1.702395 1.270390 0.542466
-1.387210 1.440412 -1.009614
-1.330056 1.555418 0.661393
-1.369929 1.488968 -0.783885
-1.276759 1.655080 0.295370
-1.140891 1.665154 -0.706742
-1.084547 1.589945 0.158858
-1.060904 1.415793 -0.379314
-0.902527 1.366957 -0.033527
-0.812921 -1.241721 0.104708
-0.931845 -1.310708 0.277835
-0.982953 -1.465915 -0.316463
-1.078593 -1.248130 0.617308
-1.279284 -1.322521 -0.380629
-1.347124 -1.148686 0.642694
-1.400571 -1.309951 -0.761208
-1.489976 -1.018123 0.945185
-1.638774 -1.088014 -0.682560
-1.599288 -0.775764 0.719107
-1.688446 -0.759796 -0.769212
-1.682580 -0.463809 0.725843
-1.774113 -0.372774 -0.736184
-1.802158 -0.150695 0.544983
-1.984305 0.039504 -0.864597
-2.048314 0.231525 0.538471
-2.050226 0.386797 -0.679859
-2.034307 0.524923 0.500523
-1.893401 0.634490 -0.960007
-1.873959 0.786872 0.595681
-1.683634 0.921871 -0.880117
-1.646194 1.112136 0.697045
-1.581867 1.349517 -1.013260
-1.633188 1.484671 0.535749
-1.478690 1.574788 -0.632759
-1.381223 1.702039 0.575046
-1.328074 1.808054 -0.663246
-1.340927 1.847568 0.096318
-1.242811 1.878757 -0.450293
-1.164838 1.777285 0.153731
-1.116492 1.809323 -0.231396
-0.956518 1.677640 -0.219354
-0.744490 -1.304490 -0.073116
-0.712830 -1.348616 0.141333
-0.817324 -1.387368 -0.044056
-0.873605 -1.307476 0.469376
-0.984897 -1.388492 -0.617729
-1.049414 -1.187531 0.935741
-1.210662 -1.321265 -0.573842
-1.316105 -1.111838 0.876884
-1.338844 -1.243341 -1.004374
-1.437981 -0.891681 1.207799
-1.536610 -0.977598 -0.857891
-1.603698 -0.632053 0.917465
-1.583476 -0.560109 -0.924085
-1.662825 -0.275911 0.835810
-1.749429 -0.077263 -0.754750
-1.817410 0.135377 0.570161
-1.838077 0.280094 -0.913903
-1.813222 0.456595 0.725744
-1.665309 0.581213 -0.832311
-1.604217 0.737900 0.650960
-1.439526 0.836086 -1.035476
-1.411175 1.034305 0.784428
-1.425447 1.132079 -0.972832
-1.395796 1.337245 0.546390
-1.238817 1.334056 -0.996553
-1.134140 1.514094 0.493551
-1.175735 1.454120 -0.740476
-1.197034 1.676425 0.213501
-1.147777 1.681309 -0.577379
-1.107387 1.704625 0.022778
-1.036813 1.580620 -0.427839
-0.853539 1.531844 -0.083277
-0.572299 -1.252969 0.087607
-0.632520 -1.232328 0.322265
-0.668874 -1.343897 -0.381813
-0.734260 -1.161632 0.659143
-0.899670 -1.233789 -0.419171
-0.968307 -1.091689 0.601664
-1.020020 -1.215220 -0.800764
-1.116802 -0.987605 0.974283
-1.293180 -1.032516 -0.766108
-1.341048 -0.765094 0.820845
-1.367512 -0.789201 -0.896776
-1.418075 -0.515402 0.953943
-1.390078 -0.405058 -0.812758
-1.429965 -0.200732 0.785349
-1.506443 -0.058817 -0.990430
-1.573233 0.200597 0.787194
-1.624058 0.371181 -0.867684
-1.578456 0.510580 0.633651
-1.505664 0.608057 -1.086776
-1.449739 0.809047 0.762790
-1.297896 0.975025 -0.998870
-1.207805 1.141237 0.707237
-1.177606 1.355341 -1.229592
-1.190824 1.489958 0.770076
-1.201104 1.590219 -0.986474
-1.111098 1.679219 0.458507
-1.041381 1.783590 -0.976848
-1.021559 1.866209 0.315901
-1.059788 2.015694 -0.651504
-0.970376 1.984460 -0.121485
-0.937264 1.891682 -0.476011
-0.794234 1.776347 -0.463577
-0.521178 -1.286863 -0.131247
-0.490119 -1.321347 0.124438
-0.530326 -1.342699 -0.157516
-0.559613 -1.257666 0.512234
-0.648559 -1.322821 -0.671992
-0.673670 -1.125013 0.963502
-0.805338 -1.240293 -0.611582
-0.845277 -1.064975 0.841869
-0.915092 -1.169284 -0.997976
-0.985381 -0.878148 1.218919
-1.056927 -0.953047 -0.922521
-1.103936 -0.655429 1.070100
-1.023785 -0.667811 -1.087293
-1.125512 -0.333681 1.216169
-1.148789 -0.243848 -1.062276
-1.230414 0.048254 0.993618
-1.182210 0.118964 -1.195766
-1.214941 0.381384 1.008922
-1.218393 0.548838 -1.086353
-1.200692 0.725426 0.811599
-1.043447 0.908931 -1.238426
-1.012025 1.022501 0.933832
-1.072684 1.093079 -1.256349
-1.015733 1.233309 0.737587
-0.884546 1.312805 -1.264412
-0.865122 1.405244 0.658188
-1.010361 1.351093 -0.987227
-0.946289 1.564128 0.310824
-0.928848 1.681973 -0.710911
-0.937614 1.739365 0.209511
-0.932932 1.652111 -0.536935
-0.802470 1.596565 -0.174508
-0.391386 -1.186569 0.080396
-0.470477 -1.175970 0.265006
-0.456655 -1.294420 -0.340209
-0.506338 -1.117900 0.616071
-0.620782 -1.202804 -0.420335
-0.641181 -1.054079 0.609975
-0.646863 -1.158897 -0.795732
-0.688923 -0.941856 1.029784
-0.796960 -0.994921 -0.861125
-0.825208 -0.746768 0.960595
-0.819618 -0.753451 -1.031994
-0.868567 -0.467964 1.141564
-0.895824 -0.394072 -0.982264
-0.937695 -0.132588 0.988365
-0.926563 0.000461 -1.090666
-0.978362 0.233622 0.979333
-0.977495 0.393759 -1.000341
-0.958685 0.542391 0.934130
-1.003129 0.749483 -1.061754
-1.064812 0.905173 0.711464
-1.021287 1.085223 -0.900370
-0.952978 1.182876 0.705020
-0.907985 1.374948 -1.103839
-0.964090 1.410286 0.622359
-0.913203 1.522354 -0.954482
-0.859445 1.586919 0.697009
-0.812559 1.737631 -0.924289
-0.891196 1.778468 0.503705
-0.890699 1.984339 -0.744862
-0.837843 1.953660 0.170130
-0.801267 2.033448 -0.322196
-0.730938 1.870204 -0.183110
-0.358898 -1.214430 -0.135295
-0.321025 -1.247485 0.062110
-0.312822 -1.278260 -0.142818
-0.332538 -1.201754 0.406746
-0.387384 -1.283240 -0.588763
-0.411990 -1.095255 0.857433
-0.482272 -1.195922 -0.630589
-0.452753 -1.018920 0.815287
-0.493216 -1.187883 -0.951393
-0.502481 -0.897291 1.232310
-0.541331 -0.933023 -1.040227
-0.548208 -0.654969 1.149325
-0.570595 -0.725443 -1.134025
-0.686128 -0.405662 1.313565
-0.677914 -0.260597 -1.092463
-0.727379 -0.011869 1.076659
-0.681034 0.033750 -1.150705
-0.746616 0.282508 1.133639
-0.784493 0.468476 -1.078662
-0.816227 0.682556 0.829136
-0.782598 0.769577 -1.123663
-0.822078 0.915846 0.791826
-0.943497 0.963750 -0.879052
-0.929193 1.105939 0.485558
-0.827936 1.067289 -1.014085
-0.799707 1.170090 0.569756
-0.938761 1.185521 -0.706680
-0.909624 1.359958 0.322247
-0.910646 1.497938 -0.656368
-0.895856 1.554630 0.172504
-0.933456 1.551671 -0.390396
-0.756379 1.511877 -0.038525
-0.232321 -1.110728 0.019679
-0.298564 -1.064288 0.279351
-0.307220 -1.150352 -0.384759
-0.311261 -0.984771 0.541227
-0.361467 -1.029295 -0.436122
-0.372533 -0.899370 0.516395
-0.321794 -0.957851 -0.773006
-0.339520 -0.766782 0.882894
-0.366763 -0.752123 -0.768476
-0.397020 -0.597971 0.782780
-0.373186 -0.550728 -0.951048
-0.411761 -0.365739 0.926946
-0.444153 -0.249001 -0.953952
-0.509063 -0.090245 0.763779
-0.484484 0.034991 -1.073415
-0.511712 0.192592 0.898289
-0.487309 0.336607 -1.024947
-0.561471 0.481256 0.860595
-0.604671 0.672148 -1.165809
-0.638273 0.835700 1.016583
-0.699344 0.977380 -1.076229
-0.661817 1.047795 0.769987
-0.689336 1.179739 -1.239800
-0.711426 1.219010 0.881747
-0.789902 1.317195 -0.902811
-0.721939 1.336044 0.572514
-0.707762 1.500111 -1.000221
-0.737413 1.565585 0.552491
-0.785346 1.767571 -0.663963
-0.731463 1.713753 0.207009
-0.746734 1.692423 -0.348965
-0.680798 1.532438 -0.140836
-0.200409 -1.110744 -0.183331
-0.185162 -1.174345 0.004953
-0.152579 -1.179819 -0.257657
-0.150981 -1.081679 0.370621
-0.133877 -1.170574 -0.609868
-0.097338 -0.993424 0.802750
-0.115443 -1.048259 -0.610752
-0.109748 -0.917520 0.703228
-0.105646 -1.070075 -0.884010
-0.080159 -0.874048 1.114746
-0.068923 -0.782599 -0.850474
-0.144548 -0.656494 0.936870
-0.181332 -0.616675 -0.979202
-0.224848 -0.447338 1.128932
-0.194275 -0.203065 -0.898229
-0.284273 -0.128465 0.822313
-0.302644 -0.003295 -1.024716
-0.343818 0.176902 0.985836
-0.375246 0.361197 -0.975672
-0.417792 0.527947 0.781605
-0.418852 0.682392 -1.146028
-0.446096 0.813303 0.933905
-0.599197 0.814733 -1.016904
-0.557279 0.918525 0.721270
-0.588112 0.972424 -1.069976
-0.596841 1.008244 0.598446
-0.739034 0.985243 -0.773669
-0.665164 1.097602 0.351710
-0.704811 1.236784 -0.647794
-0.731164 1.231382 0.274857
-0.806136 1.239775 -0.343444
-0.639891 1.181448 -0.016274
-0.157759 -0.997533 -0.009992
-0.240577 -0.959856 0.088853
-0.234837 -1.017278 -0.267058
-0.209751 -0.857215 0.290711
-0.238294 -0.877011 -0.266201
-0.221506 -0.766762 0.191878
-0.196566 -0.750074 -0.484575
-0.186492 -0.616895 0.509993
-0.187309 -0.531923 -0.435571
-0.198866 -0.492200 0.251855
-0.225288 -0.408939 -0.557938
-0.249595 -0.344647 0.375356
-0.254633 -0.146400 -0.540597
-0.270443 -0.128411 0.160615
-0.307699 0.070597 -0.693866
-0.295553 0.118237 0.285842
-0.300580 0.374013 -0.666804
-0.325697 0.413909 0.217533
-0.354465 0.625576 -0.754778
-0.360209 0.731499 0.419968
-0.366290 0.894520 -0.760716
-0.374190 0.917733 0.652151
-0.381117 1.039069 -0.896387
-0.424301 1.043689 0.608770
-0.443995 1.128582 -0.782989
-0.425693 1.134045 0.596038
-0.416486 1.210380 -0.846914
-0.445815 1.279238 0.525054
-0.490355 1.375119 -0.671607
-0.462344 1.339667 0.287956
-0.504328 1.374654 -0.248925
-0.478341 1.223112 0.021418
-0.162353 -1.016677 -0.209168
-0.155227 -1.048771 -0.094909
-0.112793 -1.103904 -0.191848
-0.096805 -1.008706 0.133623
-0.070642 -1.074125 -0.486653
-0.050036 -0.924491 0.528958
-0.066194 -0.927606 -0.400923
-0.054128 -0.846860 0.422461
-0.028141 -0.959666 -0.637757
-0.029247 -0.874586 0.754706
-0.111335 -0.689950 -0.477187
-0.136200 -0.703004 0.520950
-0.123963 -0.589605 -0.599229
-0.129973 -0.548977 0.724338
-0.194839 -0.255355 -0.494441
-0.215956 -0.341918 0.392726
-0.191468 -0.016813 -0.621727
-0.221775 0.072473 0.500979
-0.268295 0.348629 -0.515601
-0.299770 0.423703 0.182628
-0.296258 0.554969 -0.599445
-0.314202 0.622621 0.410961
-0.374652 0.697855 -0.525367
-0.397164 0.771793 0.252029
-0.389062 0.777842 -0.754316
-0.364482 0.836373 0.380519
-0.441805 0.840651 -0.531485
-0.422383 0.928375 0.208451
-0.445401 0.919767 -0.578716
-0.475428 0.980797 0.185254
-0.547008 0.892594 -0.319232
-0.476222 0.908589 0.051848
-0.202965 -0.959572 -0.092691
-0.231168 -0.922000 0.033725
-0.259566 -0.981829 -0.287921
-0.241004 -0.840568 0.240087
-0.291353 -0.829131 -0.249715
-0.261305 -0.756647 0.161336
-0.298293 -0.733742 -0.676010
-0.216491 -0.563055 0.555193
-0.237317 -0.516873 -0.480111
-0.194899 -0.491727 0.299377
-0.257161 -0.462596 -0.692993
-0.189835 -0.365675 0.609274
-0.230882 -0.261283 -0.676139
-0.219561 -0.220698 0.272367
-0.264203 -0.016938 -0.891209
-0.198755 0.062984 0.453190
-0.245698 0.291085 -0.848014
-0.196413 0.379508 0.235674
-0.215056 0.580008 -0.964701
-0.133645 0.697527 0.454231
-0.153649 0.769881 -0.890042
-0.096834 0.892557 0.300573
-0.120556 0.936843 -1.058283
-0.075088 0.971115 0.526515
-0.120683 0.970366 -0.770798
-0.059250 1.018697 0.328996
-0.092861 1.089283 -0.842746
-0.077359 1.108556 0.389007
-0.153802 1.153727 -0.541364
-0.146900 1.097095 0.184654
-0.261679 0.994114 -0.335330
-0.353585 0.948402 -0.118001
-0.272182 -1.010316 -0.246950
-0.293414 -1.025244 -0.084870
-0.241602 -1.108009 -0.235139
-0.243334 -0.939671 0.056892
-0.179458 -0.961934 -0.365936
-0.152588 -0.793746 0.468231
-0.117672 -0.769235 -0.406964
-0.114073 -0.668620 0.351892
-0.065291 -0.773704 -0.695063
-0.042562 -0.642191 0.870111
-0.051402 -0.594035 -0.593033
-0.064772 -0.527937 0.630148
-0.080948 -0.518816 -0.907987
-0.079341 -0.466416 0.873884
-0.127562 -0.249947 -0.829360
-0.139959 -0.198922 0.541693
-0.148617 0.018316 -1.063277
-0.138058 0.118314 0.582158
-0.169104 0.284475 -0.944049
-0.171991 0.413129 0.293659
-0.191468 0.496338 -1.125343
-0.171973 0.642199 0.343648
-0.178845 0.521371 -0.972923
-0.187973 0.689585 0.183852
-0.213818 0.637638 -1.105540
-0.227026 0.747002 0.219861
-0.287795 0.672190 -0.700493
-0.330622 0.757746 0.010029
-0.403752 0.766175 -0.591850
-0.491034 0.763415 -0.071437
-0.607294 0.679667 -0.412903
-0.546978 0.693918 -0.271920
-0.401913 -1.022756 -0.056870
-0.435582 -0.993709 0.015786
-0.460351 -1.097907 -0.186944
-0.409579 -0.927407 0.178897
-0.449845 -0.909455 -0.018182
-0.388059 -0.810413 -0.037955
-0.369910 -0.798810 -0.376844
-0.295400 -0.645534 0.325213
-0.321274 -0.615747 -0.137861
-0.256910 -0.596836 0.178712
-0.263993 -0.619914 -0.326374
-0.221831 -0.510757 0.337723
-0.260894 -0.386635 -0.233227
-0.218125 -0.339089 0.009623
-0.244478 -0.197415 -0.484599
-0.232035 -0.054546 -0.061510
-0.282838 0.207806 -0.410948
-0.232436 0.384021 -0.144785
-0.251471 0.517182 -0.490592
-0.202961 0.650013 -0.087660
-0.243665 0.657882 -0.512537
-0.194838 0.827448 0.104475
-0.248632 0.774986 -0.448458
-0.216371 0.835881 0.068590
-0.297033 0.799735 -0.434293
-0.259128 0.878866 0.170023
-0.371275 0.992877 -0.380029
-0.375606 1.009661 0.110421
-0.515854 1.015035 -0.446688
-0.515008 0.811770 -0.012552
-0.652644 0.803938 -0.295183
-0.669019 0.740540 -0.216855
-0.513689 -1.182083 -0.157608
-0.512539 -1.193450 0.013206
-0.523740 -1.308986 -0.211450
-0.509374 -1.133270 0.071738
-0.411737 -1.163995 -0.291727
-0.344777 -0.954829 0.401705
-0.275652 -0.914913 -0.061711
-0.282027 -0.844071 0.290347
-0.212286 -0.958652 -0.337735
-0.194082 -0.836156 0.651444
-0.175895 -0.810118 -0.008346
-0.236592 -0.748539 0.479735
-0.215742 -0.843747 -0.391359
-0.206841 -0.743761 0.564888
-0.240378 -0.546438 -0.210799
-0.273935 -0.425577 0.184539
-0.312574 -0.265461 -0.576684
-0.312054 -0.051704 -0.008667
-0.343352 0.116853 -0.375547
-0.338020 0.405714 -0.130436
-0.350060 0.367768 -0.505321
-0.361094 0.549804 -0.044952
-0.396382 0.442977 -0.396939
-0.435589 0.668816 0.020667
-0.460226 0.585573 -0.369540
-0.522589 0.719301 0.192284
-0.627326 0.630705 -0.305514
-0.723550 0.794231 0.154179
-0.824786 0.742672 -0.404296
-0.937655 0.773333 0.176077
-1.042723 0.625703 -0.299008
-0.939068 0.716415 -0.170405
-0.535842 -1.131751 -0.035918
-0.540713 -1.044959 0.162823
-0.571194 -1.077988 -0.240626
-0.519134 -0.919035 0.287779
-0.525177 -0.936081 -0.045579
-0.470455 -0.884798 0.154479
-0.409426 -0.889150 -0.267917
-0.352182 -0.788828 0.380134
-0.328782 -0.810340 -0.003937
-0.310125 -0.776169 0.324681
-0.276828 -0.800045 -0.165682
-0.268627 -0.688499 0.482195
-0.256412 -0.640828 -0.064004
-0.252206 -0.518850 0.222677
-0.258823 -0.421511 -0.291295
-0.255930 -0.245573 0.045490
-0.294969 -0.030382 -0.246831
-0.268337 0.248199 0.032375
-0.301451 0.393642 -0.281539
-0.290970 0.518640 0.061122
-0.359883 0.552381 -0.107979
-0.343759 0.647491 0.108407
-0.374579 0.640921 -0.124804
-0.363681 0.711089 0.236908
-0.448982 0.717909 -0.006396
-0.486545 0.837023 0.246229
-0.569018 0.866000 -0.053553
-0.627874 0.965802 0.351754
-0.788504 0.969222 -0.134570
-0.839522 0.943918 0.107704
-0.910795 0.890230 -0.323784
-0.859553 0.808188 -0.215184
-0.253977 -0.887115 0.009841
-0.270563 -0.988644 0.159098
-0.293596 -0.971588 -0.055574
-0.311970 -0.868035 0.251179
-0.258411 -0.833703 -0.124992
-0.211708 -0.742427 0.408206
-0.201266 -0.683347 -0.028454
-0.204577 -0.652433 0.336579
-0.183532 -0.678285 -0.109910
-0.182480 -0.623404 0.501140
-0.173514 -0.607200 0.060814
-0.215164 -0.583184 0.390133
-0.185115 -0.595300 -0.122110
-0.189922 -0.549662 0.394131
-0.190875 -0.416673 -0.082546
-0.211192 -0.352480 0.095421
-0.221404 -0.207544 -0.282605
-0.213529 -0.045355 0.006746
-0.263969 0.134783 -0.258064
-0.284273 0.315576 -0.086849
-0.339467 0.403308 -0.328399
-0.310145 0.505835 0.005767
-0.335553 0.505406 -0.228156
-0.325242 0.581819 -0.035622
-0.350121 0.607957 -0.164590
-0.342735 0.644749 0.100049
-0.398653 0.624300 -0.101570
-0.430306 0.648741 0.071376
-0.513494 0.660827 -0.122855
-0.579423 0.662689 0.079235
-0.805479 0.682891 -0.005169
-0.640239 0.680187 -0.024301
