0.879772 -0.095937 -1.220852
0.712902 -0.079869 -0.749886
0.635691 -0.226657 -0.646723
0.713710 0.513085 -0.816518
0.540626 -0.155036 -0.755559
0.860239 0.814876 -0.647717
0.529928 0.191340 -0.439486
0.547863 0.497579 -0.580586
0.796255 0.504347 -0.750871
0.494602 0.593033 -0.445331
0.320744 0.415965 -0.277530
0.645248 0.247892 -0.428739
0.188656 0.573235 -0.202966
0.473280 0.255523 -0.460013
0.258801 0.572819 -0.354648
0.850792 -0.206442 -0.727172
0.380046 -0.225361 -1.103973
0.807182 -0.382219 -0.597512
0.524485 0.554003 -0.701111
-0.130655 0.842371 -1.323387
0.786717 -0.118883 -0.917681
0.739614 0.657919 -0.429234
0.764941 0.618175 -0.854651
0.166563 0.349679 -1.362036
0.503286 0.113451 -0.257291
0.808364 0.282625 -0.584822
0.187246 0.974946 -0.458878
0.784345 -0.198778 -0.773996
-0.391201 1.098951 -0.723610
0.576757 -0.256225 -0.560826
-0.779511 0.620163 -1.504711
0.459205 0.088299 -0.906335
0.728015 0.496844 -0.921883
0.859618 0.062768 -0.840121
0.816467 0.370290 -0.900262
0.827483 0.450659 -0.781677
0.816740 -0.221141 -0.487810
0.435042 0.387482 -1.008457
0.816542 0.351019 -0.562104
0.342819 0.805667 -1.168843
0.341185 0.268868 -0.612483
0.535594 0.381860 -0.383140
0.613760 -0.091078 -0.461201
0.112154 -0.209117 -1.328965
0.482289 0.069426 -0.891100
0.606408 -0.234647 -0.761779
0.127626 -0.347309 -0.366560
0.844237 0.435179 -0.342210
0.165728 0.552444 -1.162468
0.818724 0.049214 -0.514623
0.804746 -0.177553 -0.526074
0.542757 0.235709 -0.286839
0.578349 0.316086 -0.442945
0.336644 0.168424 -0.002993
0.519932 0.068718 -0.419364
0.858245 -0.014723 -0.619304
0.830213 0.112034 -1.141500
0.708444 0.504998 -0.403478
-0.645294 1.008540 -1.124957
0.765319 0.540286 -0.733761
-0.489469 0.303436 -1.299502
0.017270 1.145534 -1.178139
0.210529 -0.531737 -0.680664
0.654129 -0.104274 -0.709535
0.288503 -0.285754 -0.958685
0.460778 0.098988 -1.219862
0.193683 0.468125 -0.260901
0.687394 0.189443 -0.464306
0.184509 0.763507 -0.291887
0.113813 0.345230 0.058662
0.705236 0.448205 -0.431819
0.802508 0.369383 -0.685336
0.082954 0.256795 -0.375336
0.817918 0.141656 -0.498546
0.872248 0.720214 -0.999745
0.583798 -0.078340 -0.555344
0.672725 0.503910 -0.544945
0.783106 -0.012830 -0.682366
0.566085 0.069588 -0.513391
0.514799 0.321421 -0.358712
0.641282 -0.159813 -0.583412
0.122619 0.164134 -0.318249
0.818494 0.093947 -0.807521
-0.185139 0.420924 -0.335636
0.457049 -0.387731 -0.828606
0.217240 0.198170 -1.177137
0.642853 -0.261908 -0.777672
0.710277 0.232815 -0.810746
-0.025221 1.091551 -0.772960
0.748961 0.324614 -0.928005
0.147601 0.298768 -0.284606
0.674647 -0.095227 -0.753073
0.233742 0.373591 -0.150283
0.234908 0.323041 -0.300680
0.768622 0.437328 -0.683205
0.796991 0.331527 -0.447742
0.488455 -0.496756 -0.567735
0.704022 0.439646 -1.080116
0.565416 -0.006948 -0.376995
-0.013652 -0.060759 -1.317742
0.014304 0.301249 -0.334051
0.339717 0.608501 -0.365643
0.808813 0.196101 -0.915411
0.420271 0.031216 0.024002
0.500412 0.121120 -1.117498
0.496786 0.688623 -0.927633
0.259900 0.653689 -0.319348
0.399329 0.655738 -0.996426
0.548516 0.091248 -0.553062
0.616942 0.416587 -1.151173
-0.036090 1.138438 -0.228616
0.634481 -0.026191 -0.786320
0.717801 -0.013372 -0.571572
0.619533 0.144607 -0.449506
0.801934 -0.215473 -0.775464
-0.426607 0.148012 -1.158496
0.618547 -0.213971 -0.263574
0.759840 0.330689 -0.862299
0.784277 0.476936 -1.114218
-0.379909 0.896585 -1.214433
0.662528 -0.210281 -0.879553
0.551495 -0.033761 -0.561178
0.469276 -0.279692 -1.296935
0.714255 0.151682 -0.417123
0.568968 -0.043219 -0.550287
0.703305 0.366306 -0.671825
0.714955 0.216711 -0.674832
0.681766 0.625750 -0.298544
0.540671 -0.356454 -0.865976
-0.653508 0.383989 -1.110167
0.784078 0.318337 -0.662366
0.130152 -0.580555 -1.136946
0.239543 0.974382 -0.985489
0.756820 0.846917 -0.494104
-0.277831 0.132345 -1.346822
0.536006 0.119407 -0.568933
0.555100 0.389712 -0.450386
0.253790 0.559045 -0.341182
-0.217777 -0.126783 -1.151086
0.259256 1.075050 -0.944545
0.606202 -0.013844 -1.122715
0.054743 0.803017 -1.205077
0.334287 -0.141040 -0.156188
0.441414 0.248401 -1.002663
0.691882 0.359554 -0.477577
0.698188 -0.038654 -1.061626
-0.220402 0.131809 -1.280536
0.267606 0.067055 -0.284702
0.036536 0.486329 -0.353065
0.792982 0.330011 -0.622607
0.694482 -0.091812 -0.604355
0.796972 0.730470 -0.908417
0.599326 -0.044064 -0.712353
0.237349 0.291927 -1.421954
-0.077072 0.181247 -1.385548
0.505110 0.195117 -0.310110
0.548351 0.155590 -0.526518
-0.162481 1.124457 -0.994519
0.833152 -0.150411 -1.002055
0.088684 0.298624 -0.285189
-0.646014 -0.014492 -1.227947
0.873554 0.441590 -1.020949
0.580745 0.411720 -0.621411
0.602397 0.227484 -0.419123
0.603516 0.230753 -0.709273
0.721256 0.516668 -0.672926
0.690665 -0.002690 -0.753646
0.581986 0.187108 -0.594267
0.663073 0.318916 -0.592817
0.146100 -0.204832 -1.109136
0.786030 0.545758 -0.551859
0.054007 0.418496 -0.268687
0.404463 0.252195 -0.364973
0.601362 0.352789 -0.544609
0.782031 0.222988 -1.070869
0.723059 0.586607 -0.380884
0.754566 0.441323 -0.714585
0.863332 0.286983 -0.916742
0.602969 -0.391205 -0.780067
0.583765 0.093556 -0.532318
0.835172 0.511471 -0.481857
0.534058 0.525365 -0.545594
0.564661 0.234274 -0.549658
0.756091 0.374074 -0.860403
0.539650 0.162961 -0.751088
0.679182 -0.080484 -0.644411
0.758374 0.621459 -0.883430
-0.557176 0.625458 -1.287976
0.710102 0.094052 -0.742912
0.235954 0.457543 -1.266604
-0.356383 0.781562 -1.616637
0.723412 0.297216 -0.688231
0.713506 -0.052633 -0.926899
0.287855 0.808087 -1.250568
0.038322 0.411271 -0.193769
0.633873 0.207971 -0.567264
0.722712 -0.141270 -0.959612
0.692177 -0.139707 -0.871923
0.074766 -0.403044 -0.748067
0.944982 0.397193 -0.968851
0.879624 0.671291 -0.513095
0.468979 0.820754 -0.674452
0.737855 0.595098 -0.636055
0.358176 0.313053 -0.356147
0.855878 -0.382909 -0.915964
0.823435 0.674184 -0.478446
-0.279708 0.515591 -1.309221
0.737258 0.322668 -0.379697
0.243357 -0.012539 -0.195386
0.901264 -0.097496 -1.015601
0.712842 0.702188 -0.789195
0.622094 0.365829 -0.618076
0.723151 0.331277 -0.802831
0.779984 0.527801 -0.425657
-0.235845 0.554076 -0.056568
-0.139398 -0.333471 -1.086195
0.382995 0.443938 -0.879675
0.717586 0.175535 -0.861670
0.050879 0.613097 -1.488175
0.926971 0.428523 -0.153145
-0.412186 0.475757 -1.468038
-0.103559 0.637082 -0.209938
-0.884718 0.657342 -1.196577
0.423130 -0.364512 -0.444331
0.251131 0.153596 -0.106176
0.690609 0.248239 -0.702547
0.129650 -0.623575 -0.829016
-0.613432 0.219131 -1.543231
0.672981 0.056099 -0.717964
0.514163 -0.551894 -1.061666
0.666670 0.382706 -0.361723
0.827224 0.229208 -1.177636
-0.004373 -0.423043 -0.884018
-0.044956 0.224275 -1.170200
0.397837 0.003414 -0.940102
0.804784 0.121385 -0.975819
0.139159 -0.406709 -0.475868
0.461877 0.445517 -0.365323
-0.157823 0.114665 -0.949710
0.216956 0.611638 -0.796472
0.592230 0.338873 -1.003687
0.207383 -0.140438 -0.305398
0.677515 -0.368447 -0.651670
0.893486 0.706136 -0.313517
-0.340916 -0.141505 -1.266786
0.478425 0.405673 -0.355699
-0.146727 0.409147 -0.165103
0.666169 0.024975 -0.695460
0.618698 0.015320 -0.808975
-0.351444 -0.182486 -0.868618
-0.101440 -0.299846 -1.291528
0.974787 -0.445017 -0.761627
-0.022220 -0.625544 -1.075271
0.074682 0.843211 -0.356814
0.579306 0.709254 -0.827147
0.511787 0.001456 -0.542038
-0.081208 -0.083629 -0.197583
-0.107316 0.086188 0.262100
-0.194512 0.122409 -0.382931
-0.261216 0.101646 0.376930
-0.402663 0.122516 -0.330622
-0.482782 0.128442 0.289531
-0.504150 0.160942 -0.440094
-0.481671 0.236505 0.256762
-0.525778 0.260403 -0.427439
-0.490159 0.330961 0.101043
-0.424215 0.310501 -0.528671
-0.409962 0.330061 0.169328
-0.489885 0.239700 -0.650512
-0.492521 0.244314 0.047155
-0.398819 0.239131 -0.932659
-0.441737 0.408005 0.120085
-0.554015 0.404095 -0.844204
-0.632828 0.595319 -0.247749
-0.542647 0.582014 -0.958861
-0.612455 0.762281 -0.082524
-0.669190 0.708466 -0.765928
-0.680078 0.825838 -0.343637
-0.609404 0.796597 -0.822212
-0.562035 0.845850 -0.167608
-0.586532 0.786672 -0.486171
-0.543496 0.759803 -0.182878
-0.438364 0.680751 -0.459678
-0.353774 0.655573 0.065640
-0.430282 0.570522 -0.237585
-0.454443 0.544137 -0.024850
-0.355419 0.563532 -0.311070
-0.205000 0.566189 0.010422
-0.188365 -0.062711 -0.203070
-0.283622 0.031122 0.196459
-0.402125 -0.035374 -0.156490
-0.415602 -0.070253 0.166329
-0.479404 -0.040099 -0.524751
-0.554469 0.024236 0.300722
-0.640509 0.112781 -0.388400
-0.627620 0.166477 0.171132
-0.633856 0.245373 -0.554328
-0.579531 0.314245 0.165715
-0.579786 0.297794 -0.509445
-0.590660 0.310407 -0.020838
-0.620010 0.222311 -0.780876
-0.676171 0.270842 0.036067
-0.695010 0.251321 -0.730559
-0.652645 0.372758 -0.329702
-0.603643 0.471390 -1.023833
-0.727951 0.552039 -0.146431
-0.724329 0.539374 -0.874441
-0.730909 0.728386 -0.498594
-0.593790 0.757395 -1.062423
-0.705880 0.819471 -0.238739
-0.754377 0.780322 -0.795348
-0.730565 0.805128 -0.405779
-0.624156 0.767114 -0.796231
-0.606904 0.751736 -0.124591
-0.618450 0.620596 -0.372145
-0.529197 0.536299 -0.031169
-0.457883 0.430015 -0.468378
-0.473624 0.385857 0.192645
-0.466143 0.318934 0.129161
-0.254373 0.333130 0.190639
-0.304759 0.054482 -0.096866
-0.415604 0.168170 0.021359
-0.412532 0.152113 -0.451240
-0.405400 0.100396 0.191484
-0.439044 0.105128 -0.338148
-0.507220 0.094065 0.023291
-0.527836 0.154704 -0.503234
-0.534855 0.224221 0.052150
-0.579083 0.239961 -0.441198
-0.655601 0.266653 -0.123110
-0.700535 0.268685 -0.632593
-0.759851 0.274804 -0.133474
-0.916223 0.232152 -0.652012
-0.959450 0.240778 -0.390202
-1.117213 0.257149 -0.828765
-1.170280 0.377636 -0.348390
-1.307194 0.459924 -0.721510
-1.196705 0.611717 -0.577408
-1.223864 0.631375 -0.950829
-1.273594 0.831863 -0.457906
-1.287485 0.847537 -0.752249
-1.133254 0.939557 -0.639882
-1.024829 0.933045 -1.010570
-0.943429 0.991272 -0.456586
-0.949798 0.956963 -0.697377
-0.761588 0.919167 -0.372175
-0.644019 0.840164 -0.697336
-0.542583 0.772175 -0.209359
-0.576681 0.700086 -0.268801
-0.501808 0.598118 -0.149322
-0.486342 0.445217 -0.293279
-0.361062 0.538150 -0.247167
-0.192509 0.019956 -0.217712
-0.322810 0.087083 0.123557
-0.307694 -0.021605 -0.230610
-0.329448 -0.060782 0.049291
-0.300622 -0.097594 -0.505029
-0.360703 -0.030961 0.186543
-0.410749 -0.015044 -0.337006
-0.489519 0.096183 0.024980
-0.514478 0.119969 -0.553429
-0.559976 0.215606 -0.075023
-0.661003 0.149773 -0.550571
-0.788415 0.209599 -0.252456
-0.918482 0.143174 -0.864500
-1.057345 0.206439 -0.200156
-1.198583 0.142867 -0.742950
-1.199682 0.318083 -0.426116
-1.077143 0.402640 -0.998308
-1.088246 0.574891 -0.204114
-1.167403 0.534460 -0.762342
-1.127423 0.744076 -0.490517
-0.978417 0.741121 -0.975332
-0.936210 0.917387 -0.358509
-0.965250 0.847394 -0.769037
-0.844493 0.930854 -0.475659
-0.708183 0.851726 -0.897289
-0.660854 0.875752 -0.176593
-0.708807 0.722164 -0.443630
-0.594948 0.684895 -0.110828
-0.489460 0.581978 -0.513641
-0.452425 0.546272 0.128959
-0.500124 0.495858 -0.093108
-0.391554 0.451871 0.116996
-0.157676 -0.046885 -0.145746
-0.284321 0.044369 -0.010921
-0.260674 0.042108 -0.396888
-0.246090 -0.001043 0.029398
-0.282038 -0.042671 -0.298306
-0.319714 -0.014953 -0.084442
-0.369540 0.011749 -0.432268
-0.447981 0.082283 -0.177403
-0.565751 0.121957 -0.506559
-0.648934 0.123275 -0.486246
-0.848958 0.209028 -0.673506
-0.957076 0.180559 -0.548075
-1.215451 0.242557 -0.697000
-1.254274 0.203505 -0.695888
-1.497819 0.319221 -0.785823
-1.533725 0.411690 -0.497119
-1.626266 0.572285 -0.531229
-1.493673 0.649929 -0.536607
-1.528872 0.774011 -0.693131
-1.554372 0.916641 -0.445303
-1.529466 1.045892 -0.533081
-1.357567 1.067267 -0.626135
-1.277981 1.127255 -0.713803
-1.172363 1.151584 -0.514930
-1.068146 1.144781 -0.507251
-0.867826 1.030811 -0.327616
-0.769002 0.992256 -0.511667
-0.683914 0.918496 -0.179369
-0.629150 0.871338 -0.287963
-0.597692 0.728221 -0.082898
-0.589647 0.531221 -0.251613
-0.490227 0.555002 -0.152502
-0.095162 -0.072351 -0.149644
-0.214341 -0.026976 -0.099121
-0.220844 -0.085703 -0.158757
-0.244590 -0.101114 -0.202192
-0.234217 -0.170139 -0.408158
-0.286154 -0.113859 -0.140095
-0.336766 -0.160308 -0.364522
-0.468161 -0.078577 -0.356905
-0.536589 -0.064956 -0.582906
-0.673604 -0.002665 -0.373293
-0.788815 0.035367 -0.650583
-1.013095 0.030487 -0.641009
-1.175989 0.046812 -0.983433
-1.313473 0.120296 -0.398102
-1.496800 0.143226 -0.834593
-1.448477 0.291033 -0.531565
-1.391978 0.413327 -0.879656
-1.391580 0.552761 -0.245469
-1.381113 0.621767 -0.612217
-1.338163 0.785200 -0.405818
-1.295045 0.839240 -0.727066
-1.220297 0.999852 -0.343223
-1.221919 1.023721 -0.566590
-1.084827 1.018877 -0.525185
-0.993036 0.969638 -0.679789
-0.861827 0.942049 -0.180008
-0.879938 0.867687 -0.376111
-0.731447 0.815417 -0.281929
-0.625110 0.736463 -0.446536
-0.581719 0.636191 0.030853
-0.565998 0.535943 -0.012257
-0.526568 0.531524 0.067585
-0.088162 -0.061962 -0.141485
-0.194167 0.005598 -0.217298
-0.175398 -0.003749 -0.494056
-0.161338 -0.065728 -0.108556
-0.181045 -0.102969 -0.475957
-0.190741 -0.085290 -0.290850
-0.263550 -0.088718 -0.828826
-0.421324 -0.039920 -0.482488
-0.588686 0.061286 -0.945206
-0.654436 0.108390 -0.821187
-0.796195 0.206587 -1.251918
-0.895898 0.189837 -0.715556
-1.156213 0.282537 -1.089334
-1.181617 0.273105 -0.784097
-1.389082 0.314315 -1.268157
-1.459187 0.452658 -0.219124
-1.564950 0.553510 -0.923984
-1.434101 0.692291 -0.208032
-1.328411 0.815525 -1.008098
-1.297313 0.956194 0.037431
-1.387903 1.126674 -0.668013
-1.279224 1.245363 -0.375150
-1.218074 1.345826 -0.811528
-1.187931 1.264661 -0.020131
-1.223663 1.354106 -0.543475
-1.054339 1.264316 -0.188285
-0.903928 1.349416 -0.836403
-0.806059 1.218290 0.219964
-0.834238 1.221294 -0.356428
-0.792169 1.046691 -0.100029
-0.783612 1.062957 -0.470893
-0.673486 0.902376 -0.304066
-0.084757 -0.121532 -0.311144
-0.153946 -0.073028 -0.141227
-0.146905 -0.145946 -0.367448
-0.150816 -0.148000 -0.253855
-0.139380 -0.216488 -0.806759
-0.164698 -0.185589 -0.248867
-0.215908 -0.259647 -0.895019
-0.274426 -0.150966 -0.679153
-0.304080 -0.113063 -1.384750
-0.323285 -0.031572 -0.527389
-0.447840 0.002083 -1.370074
-0.529072 0.064626 -0.685672
-0.661866 0.141803 -1.755661
-0.694881 0.183694 -0.348566
-0.948143 0.193907 -1.472578
-1.052835 0.354491 -0.262547
-1.153611 0.459124 -1.661566
-1.131847 0.609258 0.251437
-1.100560 0.575491 -1.181934
-1.000553 0.793103 0.226520
-0.986383 0.991541 -1.148675
-1.007516 1.135271 0.585289
-1.110841 1.111920 -0.691100
-1.007737 1.133077 0.284760
-0.875541 1.095866 -0.812066
-0.764559 1.040234 0.570405
-0.878119 0.840211 -0.533107
-0.835816 0.865859 0.100363
-0.644557 0.820685 -0.740597
-0.589769 0.695578 0.102847
-0.529277 0.549984 -0.265207
-0.585910 0.565921 0.037099
-0.000247 -0.219490 -0.193557
-0.062247 -0.136263 -0.194749
-0.032330 -0.154399 -0.465492
-0.031712 -0.184839 -0.204044
-0.079566 -0.224737 -0.647859
-0.109965 -0.166389 -0.445914
-0.255969 -0.155043 -1.067817
-0.342520 -0.111167 -0.746818
-0.554594 -0.062963 -1.145244
-0.566213 0.071120 -1.002053
-0.694740 0.178701 -1.475425
-0.638489 0.221663 -0.929242
-0.669450 0.272225 -1.291286
-0.626140 0.366454 -0.682147
-0.775696 0.429413 -1.364729
-0.917375 0.520999 -0.373679
-0.883872 0.560667 -1.044218
-0.879589 0.755342 0.237642
-0.881769 0.905648 -1.056594
-0.895958 1.030659 0.466682
-0.874264 1.174172 -0.708579
-0.906845 1.310055 0.778069
-0.930559 1.455287 -0.862314
-0.891562 1.328296 0.607242
-0.813944 1.333555 -0.604067
-0.806680 1.483698 1.257898
-0.933950 1.565787 -0.976153
-0.983128 1.465664 0.406252
-0.949606 1.455931 -0.517585
-0.961158 1.256882 0.358183
-1.028180 1.260109 -0.427845
-0.876782 1.057023 -0.149613
0.025626 -0.345143 -0.365071
-0.008708 -0.265604 -0.316194
0.024592 -0.386700 -0.381622
0.063150 -0.350593 -0.394538
0.025896 -0.453701 -0.828176
-0.004488 -0.364917 -0.370723
-0.109716 -0.384162 -1.005275
-0.217272 -0.209191 -0.860787
-0.291643 -0.216683 -1.579308
-0.307728 -0.025369 -0.715036
-0.375255 0.004147 -1.581953
-0.447323 0.125143 -1.017592
-0.482397 -0.021999 -2.215125
-0.591669 0.250430 -0.466045
-0.644994 0.127088 -1.742936
-0.690019 0.422153 -0.525269
-0.633334 0.328042 -1.998869
-0.810822 0.624395 0.282368
-0.855559 0.540493 -1.294951
-0.780965 0.781531 0.190679
-0.764906 0.878363 -1.250363
-0.917686 1.009463 0.870980
-0.987779 1.009178 -0.633477
-0.825734 1.093174 0.544043
-0.732752 0.922107 -0.892462
-0.747635 0.966462 0.886418
-0.850901 0.751619 -0.458841
-0.915103 0.905133 0.206105
-0.797480 0.820220 -0.738379
-0.829014 0.863546 0.074439
-0.739170 0.756308 -0.410772
-0.707984 0.806076 0.102235
0.186392 -0.433305 -0.283740
0.103573 -0.354355 -0.304119
0.103511 -0.414947 -0.662451
0.087179 -0.407175 -0.231825
-0.009300 -0.379868 -0.877575
-0.085826 -0.331304 -0.409819
-0.260863 -0.259948 -1.604507
-0.286248 -0.168087 -0.426149
-0.497855 -0.008913 -1.876599
-0.517165 0.083278 -0.591870
-0.677221 0.119454 -2.598126
-0.560693 0.197078 0.006937
-0.784638 0.244689 -2.660882
-0.842360 0.502761 -0.222405
-0.930734 0.384627 -3.247988
-0.959506 0.598041 0.712428
-1.048477 0.616206 -2.613147
-1.077968 0.807909 0.430208
-0.978086 0.916743 -2.916541
-0.969491 1.161924 1.784763
-1.058610 1.094503 -1.971528
-1.091778 1.379417 1.348495
-0.987532 1.406227 -2.280496
-0.915401 1.408114 1.995288
-0.943515 1.300033 -1.514151
-0.925156 1.400396 1.072039
-0.876373 1.477856 -1.851161
-0.866721 1.410970 0.767061
-0.999718 1.424798 -0.937126
-0.964543 1.276776 -0.015230
-0.955864 1.228298 -0.710820
-0.820494 1.120724 -0.425793
0.196483 -0.627126 -0.583189
0.155130 -0.640570 -0.434550
0.201829 -0.788415 -0.617583
0.227776 -0.728211 -0.334339
0.157946 -0.790753 -1.187507
0.101056 -0.632507 -0.165679
-0.104490 -0.471805 -1.409413
-0.123725 -0.281670 -0.294254
-0.319471 -0.305660 -2.293195
-0.091671 -0.062084 -0.102026
-0.318202 -0.113810 -2.351895
-0.350950 0.059470 -0.092059
-0.633455 -0.048926 -3.452207
-0.380110 0.273924 0.479278
-0.646156 0.056526 -3.210529
-0.766725 0.379032 0.505436
-0.960887 0.329139 -4.001538
-0.626152 0.812650 1.627111
-0.682430 0.488012 -3.131258
-0.723368 0.924980 1.566720
-0.775509 0.919687 -3.376039
-0.721623 1.342529 2.522613
-0.895791 0.855767 -2.113931
-0.858568 1.051573 1.676928
-0.758360 1.002786 -2.236295
-0.762526 1.087256 1.500278
-0.917180 0.732150 -1.225048
-0.896750 0.911231 0.682558
-0.851216 0.962430 -1.111030
-0.893636 1.057525 0.328139
-0.864142 0.955874 -0.661648
-0.740712 0.972785 -0.097417
0.301819 -0.714604 -0.399690
0.252113 -0.660535 -0.355730
0.283451 -0.773013 -0.629304
0.197605 -0.727988 -0.378911
0.079642 -0.639118 -0.672607
-0.007617 -0.589992 -0.257162
-0.221820 -0.368006 -1.111481
-0.170149 -0.258398 -0.275275
-0.386877 0.042537 -1.225893
-0.293157 0.044685 -0.240271
-0.535207 0.027111 -2.233366
-0.413448 0.177622 -0.069205
-0.676931 0.245629 -1.925090
-0.645039 0.430672 0.162617
-0.903779 0.254225 -3.137767
-0.720835 0.515332 0.185975
-0.871341 0.441241 -2.256629
-0.621205 0.616436 1.048576
-0.683602 0.718512 -2.675866
-0.640550 0.991203 1.250170
-0.773380 0.801476 -1.659422
-0.781481 1.289043 2.042012
-0.817019 1.137883 -2.177955
-0.799862 1.184286 1.539617
-0.784829 1.072432 -1.599343
-0.731043 1.281468 1.814902
-0.726561 1.215694 -1.607340
-0.781315 1.256393 1.030475
-0.844288 1.324304 -1.217343
-0.881176 1.276498 0.323292
-0.869263 1.341231 -0.550110
-0.772963 1.229319 -0.182815
0.388587 -0.940162 -0.632567
0.369050 -1.033442 -0.579925
0.455031 -1.185562 -0.601604
0.462908 -1.068631 -0.375588
0.419753 -1.102501 -0.905475
0.340990 -0.880299 -0.227063
0.141779 -0.703945 -0.892746
0.101772 -0.463356 -0.182768
-0.050542 -0.362526 -1.225681
0.035649 -0.099433 -0.177508
-0.174845 0.033596 -1.035775
-0.146850 0.071257 -0.353391
-0.313250 -0.090070 -2.006094
-0.417646 0.148199 0.148279
-0.686512 0.211806 -1.409172
-0.604213 0.287573 -0.028750
-0.690881 0.152710 -2.282723
-0.565149 0.443615 0.872232
-0.692703 0.291010 -1.433360
-0.644745 0.496596 0.288022
-0.555309 0.453226 -1.783481
-0.627941 0.736315 1.423542
-0.862714 0.591628 -1.108228
-0.926778 0.673241 0.485069
-0.749968 0.595641 -1.326240
-0.750103 0.729460 0.941100
-0.894212 0.644434 -0.905729
-0.920994 0.761446 0.421423
-0.785832 0.876066 -0.932644
-0.815876 0.986091 0.337649
-0.801178 0.992402 -0.533070
-0.641445 1.054416 0.090741
0.554665 -0.940975 -0.525180
0.498450 -1.001603 -0.343437
0.579026 -1.068746 -0.839171
0.567860 -0.984934 -0.276881
0.474840 -0.818788 -0.867985
0.386359 -0.685416 -0.108552
0.203296 -0.476580 -1.044782
0.129618 -0.301297 -0.072590
-0.061441 -0.030722 -0.963271
-0.057841 -0.017924 0.030493
-0.176209 0.013939 -1.518888
-0.099486 0.001129 0.159400
-0.287190 0.199218 -1.517123
-0.330032 0.145735 0.272207
-0.552319 0.311792 -2.324296
-0.395340 0.258897 0.715012
-0.536512 0.480524 -1.932927
-0.363106 0.437078 0.486145
-0.496916 0.540252 -2.339596
-0.402688 0.593525 1.392640
-0.531919 0.570575 -1.635671
-0.541313 0.582885 0.722626
-0.623537 0.772172 -2.036240
-0.600195 0.843750 1.548877
-0.659729 0.874111 -1.430445
-0.673540 0.887102 0.862526
-0.668271 1.054985 -1.574783
-0.715532 1.037190 0.714139
-0.738331 1.178225 -0.932720
-0.660421 1.152339 0.236728
-0.602811 1.209483 -0.569466
-0.518766 1.149171 -0.275903
0.671910 -1.216460 -0.702129
0.656479 -1.379000 -0.513220
0.775116 -1.499886 -0.764543
0.723646 -1.323614 -0.218783
0.665824 -1.314726 -1.114495
0.562178 -1.010552 -0.068390
0.447460 -0.900785 -1.008708
0.276985 -0.580891 -0.036679
0.081222 -0.433840 -1.091401
0.042452 -0.136882 -0.227606
-0.054107 -0.093039 -0.861445
-0.093494 -0.048306 -0.214378
-0.212148 -0.034706 -1.656714
-0.246604 0.083649 0.318003
-0.329986 0.038601 -1.286486
-0.311179 0.066511 0.418285
-0.357678 0.147601 -2.042561
-0.313977 0.321858 1.197361
-0.252938 0.174796 -1.404652
-0.289869 0.310140 0.841940
-0.351652 0.425578 -1.995513
-0.353925 0.625949 1.762566
-0.366190 0.311005 -1.303991
-0.458253 0.388475 0.884003
-0.543937 0.542210 -1.404518
-0.639124 0.620804 0.777041
-0.733126 0.596596 -0.837283
-0.659933 0.732079 0.356633
-0.580492 0.913055 -0.789234
-0.590067 0.992840 0.233670
-0.598436 1.026785 -0.549844
-0.381522 1.055611 -0.015916
0.643627 -1.186639 -0.471534
0.657452 -1.365141 -0.450145
0.790711 -1.406326 -0.703142
0.734541 -1.237521 -0.378565
0.686392 -1.097780 -0.737778
0.565723 -0.865579 -0.287173
0.422341 -0.632943 -0.754240
0.304778 -0.380817 -0.168850
0.205856 -0.186913 -0.736208
0.128586 -0.125507 -0.148087
0.102105 -0.067411 -0.842679
0.070429 -0.007221 -0.084041
0.005750 -0.002017 -0.819396
-0.104526 0.057216 -0.050817
-0.197732 0.116930 -0.969919
-0.217811 0.160889 0.168969
-0.211204 0.156212 -0.825549
-0.211502 0.256022 0.207471
-0.250917 0.208624 -0.875097
-0.350876 0.366790 0.377298
-0.388255 0.200090 -0.790425
-0.390841 0.443538 0.414429
-0.295818 0.348537 -0.919455
-0.372926 0.473730 0.637322
-0.423231 0.546999 -0.984247
-0.474409 0.645154 0.617506
-0.471814 0.751645 -1.041171
-0.501885 0.908453 0.447260
-0.424464 1.050759 -0.814190
-0.358799 1.103525 0.128880
-0.263059 1.189685 -0.495664
-0.170771 1.148467 -0.280617
0.791593 -1.419670 -0.575922
0.860105 -1.628031 -0.523196
0.952266 -1.766269 -0.541037
0.965437 -1.596600 -0.324029
0.924089 -1.578036 -0.815659
0.797455 -1.223897 -0.235690
0.709050 -1.089453 -0.675973
0.560294 -0.702170 -0.242697
0.454358 -0.518988 -0.599375
0.364945 -0.168809 -0.370597
0.318063 -0.157909 -0.571101
0.294876 -0.023582 -0.419047
0.364292 -0.097064 -0.725100
0.279750 0.022270 -0.338623
0.188316 0.020547 -0.663307
0.101067 0.203211 -0.297272
0.179109 0.153098 -0.597804
0.055438 0.175608 -0.068771
-0.112299 0.138721 -0.517313
-0.179891 0.313896 -0.118288
-0.204159 0.197936 -0.378327
-0.226556 0.267748 0.193604
-0.327507 0.231770 -0.499664
-0.286189 0.296707 0.214750
-0.309466 0.376242 -0.755246
-0.270866 0.507153 0.364964
-0.329486 0.620532 -0.704005
-0.313448 0.779346 0.192048
-0.327916 0.854062 -0.739602
-0.298010 0.992226 0.040399
-0.290756 0.987734 -0.510157
-0.138290 1.031682 -0.150723
0.658119 -1.297227 -0.332316
0.728907 -1.496154 -0.341728
0.854846 -1.441322 -0.682162
0.868476 -1.348899 -0.365907
0.821892 -1.195864 -0.701327
0.722902 -1.037916 -0.321178
0.568532 -0.725711 -0.761987
0.458524 -0.444397 -0.235990
0.391167 -0.232547 -0.601224
0.422018 -0.099491 -0.289475
0.559602 -0.041064 -0.734415
0.626557 0.003126 -0.318162
0.704926 0.034489 -0.795910
0.635947 0.106844 -0.386581
0.685659 0.115357 -0.909833
0.651802 0.173164 -0.295363
0.625266 0.166729 -0.623739
0.477180 0.254915 -0.192588
0.334867 0.223016 -0.642138
0.242116 0.334610 -0.225203
0.050740 0.268592 -0.400966
-0.054986 0.340505 -0.181509
-0.140950 0.276978 -0.435537
-0.061066 0.323406 0.107309
-0.135504 0.391117 -0.532205
-0.066313 0.496180 0.223497
-0.126959 0.634547 -0.806049
-0.110949 0.790404 0.246009
-0.129460 0.886229 -0.715818
-0.081565 0.967342 0.014527
-0.040970 1.034611 -0.512524
0.016439 1.018326 -0.339738
0.833514 -1.449335 -0.493859
0.924964 -1.623882 -0.266163
1.039426 -1.751707 -0.592796
0.991431 -1.594518 -0.048573
0.943086 -1.545805 -1.033249
0.816701 -1.191975 0.206248
0.880078 -0.977423 -0.857969
0.868980 -0.609900 -0.094003
0.893276 -0.389900 -0.989230
0.893248 -0.058543 -0.268341
0.928621 -0.081604 -0.773582
0.994555 -0.066540 -0.552259
1.018723 -0.153112 -0.977581
0.990681 -0.048419 -0.353752
1.019981 0.003498 -0.914620
1.046614 0.108984 -0.542764
0.989667 0.125636 -1.106460
0.977643 0.231304 -0.337999
0.967283 0.207417 -0.801158
0.991129 0.335819 -0.336153
0.846579 0.273708 -0.606337
0.799853 0.377132 -0.204334
0.606167 0.290722 -0.275261
0.543818 0.375625 -0.064042
0.357992 0.421788 -0.476674
0.229583 0.513552 0.059359
0.126994 0.614175 -0.553467
0.060859 0.735648 -0.029952
-0.027175 0.839400 -0.616715
0.003073 0.948309 -0.108735
-0.010464 0.970283 -0.507506
0.046371 0.974704 -0.336939
0.551722 -1.160892 -0.257195
0.669433 -1.299587 -0.265365
0.723210 -1.277898 -0.482356
0.690637 -1.152569 -0.270951
0.605220 -1.009951 -0.487909
0.567142 -0.779197 -0.339289
0.511995 -0.564291 -0.536397
0.566890 -0.342898 -0.253879
0.590252 -0.156477 -0.674097
0.676575 -0.018760 -0.509368
0.757805 0.023104 -0.750482
0.854667 0.059059 -0.575471
0.886720 0.022865 -0.896242
0.897110 0.057035 -0.730720
0.961649 0.095681 -0.891144
1.013511 0.112678 -0.554898
1.031135 0.216938 -0.959496
0.975273 0.257375 -0.347045
0.979517 0.345802 -0.611096
1.012161 0.433320 -0.149841
1.015877 0.469108 -0.549074
0.983412 0.465325 -0.305364
0.901390 0.516427 -0.267713
0.833534 0.510125 -0.092938
0.685833 0.518225 -0.515590
0.504040 0.547485 0.014732
0.370430 0.582010 -0.469831
0.297357 0.716097 -0.007963
0.274907 0.777684 -0.664072
0.250246 0.861787 -0.166337
0.212484 0.939412 -0.482978
0.166956 0.914356 -0.362396
0.795110 -1.231230 -0.262060
0.873055 -1.367880 -0.182872
0.959057 -1.491314 -0.268214
0.977404 -1.312540 -0.150444
0.883550 -1.257414 -0.497779
0.782473 -0.904230 -0.032619
0.729201 -0.717480 -0.400389
0.708540 -0.385035 -0.164334
0.654548 -0.267250 -0.407817
0.724803 -0.135169 -0.349186
0.761608 -0.194211 -0.540982
0.840078 -0.124391 -0.569116
0.877947 -0.215565 -0.680437
0.879852 -0.170126 -0.625387
0.961054 -0.187876 -0.842038
0.952885 0.016535 -0.678896
0.942861 0.061343 -0.797388
0.912515 0.227501 -0.470554
0.939203 0.235606 -0.732781
0.925737 0.354843 -0.378816
0.871872 0.348814 -0.477660
0.769670 0.370453 -0.314445
0.748074 0.262978 -0.355198
0.718886 0.337089 -0.212561
0.624884 0.287689 -0.309566
0.546174 0.461852 -0.130326
0.456895 0.497151 -0.509333
0.396184 0.697759 -0.221641
0.324704 0.739609 -0.562969
0.268205 0.845590 -0.294296
0.197463 0.863204 -0.418894
0.130193 0.861332 -0.278944
0.400387 -0.898784 -0.279175
0.589294 -1.031169 -0.352968
0.554712 -0.939587 -0.547286
0.627923 -0.941922 -0.262261
0.580253 -0.719974 -0.352846
0.615760 -0.547389 -0.168977
0.603246 -0.331180 -0.348644
0.693653 -0.170257 -0.254833
0.668920 -0.094816 -0.389416
0.749218 -0.032835 -0.457835
0.719784 -0.017078 -0.580019
0.780539 0.006883 -0.596973
0.772804 -0.032282 -0.719158
0.831829 -0.029029 -0.766771
0.808033 -0.017087 -0.903759
0.833005 0.038150 -0.635727
0.890635 0.141705 -0.748017
0.927766 0.295209 -0.517409
0.895070 0.341493 -0.683718
0.884762 0.433677 -0.346273
0.898680 0.419579 -0.469298
0.913979 0.430819 -0.383611
0.846456 0.354642 -0.485121
0.810117 0.380454 -0.245327
0.767646 0.370661 -0.384892
0.725232 0.469379 -0.175681
0.621968 0.505604 -0.470540
0.542946 0.623075 -0.181654
0.431276 0.645620 -0.467946
0.386474 0.735739 -0.268244
0.238101 0.783825 -0.531927
0.160374 0.713409 -0.514031
0.645071 -0.801687 -0.056028
0.676776 -0.927786 0.067021
0.860419 -0.973635 -0.105303
0.810668 -0.841776 -0.006990
0.735944 -0.620675 -0.281980
0.683353 -0.458784 0.003092
0.669164 -0.323267 -0.223969
0.647725 -0.162565 -0.087796
0.658824 -0.104166 -0.284336
0.680075 -0.049490 -0.224482
0.710989 -0.071508 -0.339790
0.689902 -0.048836 -0.353191
0.714806 -0.100305 -0.474916
0.697169 -0.081409 -0.405604
0.818257 -0.119937 -0.578519
0.842512 0.004293 -0.516279
0.856155 0.043447 -0.658153
0.838696 0.216793 -0.401172
0.914127 0.199101 -0.520228
0.927572 0.332810 -0.344638
0.900207 0.311698 -0.417730
0.840832 0.311090 -0.264326
0.884846 0.165831 -0.320936
0.837852 0.237128 -0.185173
0.774641 0.219650 -0.239575
0.657804 0.352890 -0.059924
0.597886 0.382073 -0.284534
0.546532 0.573166 -0.238213
0.479053 0.623810 -0.378972
0.399649 0.744191 -0.252759
0.275643 0.780414 -0.395866
0.219982 0.692002 -0.348440
