1.136992 -0.809358 -0.748618
0.862780 -0.476452 -0.385832
0.941121 -0.768773 -0.106314
0.357683 0.591712 -0.131841
0.752523 -0.764043 0.079570
0.968164 0.893312 0.066230
0.589239 -0.072318 0.311215
0.529981 0.778933 0.095354
0.974505 0.691944 -0.003247
0.493217 0.707004 0.066150
0.283939 0.389598 0.438045
0.678969 0.315728 0.136077
0.042090 0.404748 0.490763
0.634394 0.292120 0.450056
0.323089 0.573053 0.357175
0.961745 -0.898181 -0.364278
0.703728 -0.623874 -0.561311
1.054940 -0.858127 -0.060708
0.134809 0.544063 -0.111431
-0.157543 0.501449 -0.352546
0.927790 -0.696554 -0.161849
0.922554 0.813125 0.100249
0.703512 0.622485 0.137831
0.090766 -0.134946 -0.567846
0.234791 0.007610 0.555189
0.746271 0.154866 0.416189
0.061766 0.710878 -0.030342
0.916252 -0.852973 0.051420
-0.432728 0.426492 -0.073647
0.779333 -0.483281 -0.211388
-0.511762 0.107216 -0.525853
0.379559 -0.142957 -0.441611
0.443232 0.472060 0.005651
0.720224 -0.554456 -0.378549
0.534842 -0.012157 -0.113009
0.897946 0.642096 0.108499
1.030968 -0.699312 -0.283856
0.304813 0.225808 -0.286494
0.943964 0.486993 0.258836
0.129311 0.531686 -0.336634
0.271316 0.379261 0.336370
0.551885 0.439938 0.282852
0.587550 -0.617143 0.347685
0.198153 -0.551213 -0.663614
0.030770 0.025179 -0.399934
0.479391 -0.531295 -0.429598
-0.308115 -0.474402 0.149122
0.960962 0.516356 0.388875
-0.056966 0.361237 -0.369568
0.730031 -0.319210 0.323101
0.937452 -0.705258 -0.011053
0.662259 0.423951 0.109280
0.744436 0.468441 0.180801
0.162490 -0.186191 0.762233
0.139592 -0.348527 0.501528
0.801480 -0.605248 0.048463
1.013716 -0.630844 -0.661020
0.869794 0.715843 0.236388
-0.418022 0.404601 -0.351349
0.627368 0.476326 0.038073
-0.320632 -0.077565 -0.453052
0.068477 0.658399 -0.269017
-0.101428 -0.553549 0.046198
0.518618 -0.635784 0.040671
0.168210 -0.541821 -0.361365
0.573878 -0.603651 -0.511283
-0.070768 0.412777 0.343895
0.471169 -0.001599 0.562159
0.396112 0.664556 0.200964
-0.070730 0.271055 0.519818
0.981339 0.710907 0.168499
0.559030 0.254013 -0.056930
-0.241907 0.013347 0.318304
0.804704 -0.367234 0.170632
0.673357 0.640826 0.169970
0.646560 -0.377918 -0.247065
0.765270 0.305875 0.180843
0.669999 -0.530976 -0.358378
0.578122 -0.429445 0.259360
0.656005 0.559986 -0.006802
0.565893 -0.741710 -0.102418
-0.249462 -0.343152 0.229736
0.587386 0.571989 0.062213
-0.368727 0.063418 0.266899
0.814198 -0.812596 -0.351631
0.181993 -0.295014 -0.469395
0.885043 -0.657826 -0.486137
0.997334 -0.649920 -0.373344
-0.101208 0.627787 -0.081544
0.920715 -0.567969 -0.514598
-0.319920 -0.251239 0.191497
0.971989 -0.581095 -0.029128
0.347978 0.397660 0.456491
-0.111926 0.144234 0.402636
0.910502 0.496011 0.242915
0.793502 0.370029 0.372405
0.296589 -0.672399 0.032779
0.375114 0.015293 -0.138721
0.662558 -0.464178 -0.010122
0.040970 -0.370202 -0.533309
-0.282849 0.197895 0.279449
0.190155 0.734376 0.148287
0.931614 -0.753404 -0.548636
0.419833 -0.548168 0.659460
0.493845 -0.339994 -0.392783
0.416525 0.641993 0.087591
-0.058717 0.503420 0.061489
0.210369 0.607782 -0.270413
0.639572 0.245554 0.241566
0.303535 -0.206756 -0.412580
-0.223339 0.496503 0.151133
0.569079 -0.438606 -0.419657
0.787010 -0.633104 0.037733
0.817085 0.399108 0.239708
1.073511 -0.563556 -0.364743
-0.446534 -0.289783 -0.391714
0.331111 -0.722779 0.508392
0.554443 -0.394918 -0.301819
0.570790 0.399435 0.036612
-0.372055 0.496925 -0.233726
0.823655 -0.710278 -0.159147
0.646736 -0.600592 0.096896
0.522893 -0.773968 -0.599063
0.642051 0.398346 -0.014801
0.602512 0.027238 0.177108
0.911561 0.655973 -0.019468
0.515955 0.098762 -0.306812
0.855529 0.641040 0.355491
0.904178 -0.837811 -0.236411
-0.469674 0.078685 -0.364140
0.639314 0.552570 0.083865
0.239228 -0.708544 -0.504054
-0.020007 0.650382 -0.214738
0.979541 0.783059 0.212767
-0.160446 -0.372164 -0.599883
0.600247 -0.489950 0.272249
0.884341 0.453509 0.262561
0.019508 0.552557 0.373999
-0.112388 -0.444591 -0.400919
0.213773 0.738746 -0.055313
0.713191 -0.828042 -0.550176
-0.058137 0.523642 -0.269053
-0.144495 -0.319370 0.465430
0.137929 0.266949 -0.379093
0.651276 0.471595 0.348204
0.688403 -0.469347 -0.256709
-0.221903 -0.193185 -0.381547
-0.056398 -0.242106 0.515372
-0.221055 0.416434 0.132215
0.571290 0.607310 -0.056339
0.869089 -0.646647 -0.389026
0.897654 0.859427 0.088477
0.515614 0.295804 -0.127450
0.327917 -0.531049 -0.597225
-0.033837 -0.355404 -0.648134
0.387883 0.271539 0.457768
0.671332 0.393286 0.039286
-0.351368 0.591728 -0.057204
0.999457 -0.830263 -0.678313
-0.058095 0.059740 0.452493
-0.553031 -0.423333 -0.484968
0.498527 -0.285586 -0.087754
0.776862 0.591633 0.148551
0.688850 0.355846 0.273909
0.513592 0.511134 -0.127111
0.902882 0.597184 0.026053
0.865166 -0.537843 -0.301931
0.434483 0.462246 -0.063138
0.710617 0.462595 0.170864
0.114509 -0.551832 -0.524393
0.991303 0.552343 0.085718
-0.122512 0.239521 0.350557
0.281765 0.205390 0.566604
0.769191 0.695318 0.068235
0.554961 -0.349573 -0.246446
0.677118 0.695986 0.337188
1.046715 0.622985 0.107876
0.878728 -0.564975 -0.492370
0.464141 -0.751533 -0.092950
0.697996 -0.355612 0.029905
1.033216 0.751997 0.079761
0.288622 0.617666 -0.167803
0.697759 0.579347 -0.007893
0.800384 0.636715 0.068681
0.578365 -0.193562 0.155037
0.821878 -0.525577 -0.182163
0.787567 0.757165 0.095872
-0.359459 0.232271 -0.404427
0.624789 -0.245047 0.115011
0.184150 0.102817 -0.422120
-0.070293 0.205709 -0.519927
0.649355 0.337850 -0.069323
1.002794 -0.762729 -0.519086
0.227783 0.347286 -0.310141
-0.236019 0.202317 0.369207
0.622686 0.373115 0.082931
1.130292 -0.499352 -0.582243
0.832861 -0.658096 -0.190062
-0.035983 -0.550164 -0.131121
0.575742 0.183436 -0.081348
1.030751 0.483332 0.222430
0.325143 0.766524 -0.014677
1.046338 0.793957 -0.113628
0.129366 0.243244 0.472544
1.078251 -0.911701 -0.524016
1.084750 0.782517 0.310558
-0.187845 0.200495 -0.410808
0.894363 0.465132 0.296236
-0.068650 -0.382819 0.399823
1.120976 -0.592127 -0.662369
0.757496 0.827314 -0.054940
0.852118 0.549852 0.004053
0.722696 0.637552 0.005169
0.948315 0.660600 0.434263
-0.211509 0.336602 0.289202
-0.033161 -0.514129 -0.437395
0.036048 0.408129 -0.300394
0.494254 0.261094 -0.166230
-0.009267 0.196803 -0.518326
1.094521 0.598708 0.555353
-0.136021 -0.090588 -0.518248
-0.137811 0.487741 0.219815
-0.589968 -0.008771 -0.478996
0.409787 -0.675033 0.257331
-0.272279 -0.105681 0.384394
0.659885 -0.000073 0.080620
0.363811 -0.711778 -0.253162
-0.476648 -0.194467 -0.576758
0.804920 -0.725459 0.271967
0.718169 -0.761524 -0.435643
0.963942 0.555916 0.373392
0.852072 -0.608165 -0.448349
-0.153677 -0.412898 -0.261928
-0.122031 -0.196256 -0.458998
0.343009 -0.435615 -0.444379
0.558675 -0.068875 -0.156816
0.006077 -0.564205 0.234333
0.394207 0.574945 0.181307
-0.380269 -0.311789 -0.217372
-0.201865 0.413689 -0.081554
0.318049 0.480642 -0.291152
-0.117029 -0.478614 0.255925
0.721705 -0.833653 -0.041599
0.994331 0.868638 0.194606
-0.337137 -0.430210 -0.421846
0.523641 0.458182 0.415777
-0.322940 0.287994 0.179352
0.919810 -0.553068 -0.264384
0.151479 -0.313074 -0.420434
-0.402085 -0.453103 -0.256420
-0.144376 -0.500170 -0.496803
1.225264 -0.818878 -0.410575
-0.085346 -0.572963 -0.320767
0.041787 0.682174 0.163389
0.464865 0.736883 -0.051040
0.140143 -0.492337 0.338954
0.104467 -0.400504 -0.061245
0.162246 -0.239038 0.322764
0.090513 -0.230429 -0.143143
0.052630 -0.212207 0.239968
-0.119206 -0.308831 -0.098164
-0.164906 -0.232927 0.193070
-0.232577 -0.295092 -0.204363
-0.187660 -0.214797 0.249182
-0.319268 -0.364233 -0.089631
-0.270924 -0.292738 0.218426
-0.296406 -0.250786 -0.199462
-0.283508 -0.032011 0.207222
-0.316148 0.037430 -0.310206
-0.317215 0.241741 0.041219
-0.340817 0.316264 -0.479515
-0.475884 0.432873 -0.067111
-0.648116 0.404815 -0.595425
-0.732316 0.443468 -0.345208
-0.631351 0.370354 -0.810728
-0.663737 0.432454 -0.069520
-0.727549 0.336397 -0.625748
-0.745197 0.422594 -0.252406
-0.582684 0.285372 -0.738137
-0.489470 0.322984 0.103938
-0.542423 0.170108 -0.401688
-0.523267 0.112368 -0.025831
-0.434280 0.056673 -0.424578
-0.368396 0.080498 0.187533
-0.422782 0.078669 -0.213286
-0.414309 0.067878 -0.038393
-0.323101 0.141195 -0.233070
-0.165040 0.215819 -0.037087
-0.051959 -0.416722 -0.037002
0.012728 -0.365597 0.179954
-0.098172 -0.506746 0.169081
-0.063766 -0.448122 0.190526
-0.205234 -0.481892 -0.035025
-0.306111 -0.388047 0.211618
-0.471545 -0.517537 0.051026
-0.464645 -0.430595 0.130280
-0.492231 -0.508709 -0.067481
-0.463412 -0.365324 0.109711
-0.562574 -0.350906 0.043950
-0.521470 -0.129388 0.093683
-0.491366 0.016474 -0.158276
-0.371501 0.295486 -0.091900
-0.427768 0.355334 -0.335530
-0.531950 0.463652 -0.356638
-0.673979 0.382441 -0.672472
-0.859392 0.421159 -0.212025
-0.916904 0.292537 -0.765885
-0.935846 0.366158 -0.532149
-0.764072 0.345929 -1.023947
-0.790420 0.396299 -0.215493
-0.787542 0.160012 -0.574269
-0.743664 0.142254 -0.237954
-0.612998 0.010067 -0.563313
-0.622764 0.083367 0.099972
-0.657799 -0.056163 -0.237644
-0.544911 -0.037271 0.056671
-0.465111 -0.032142 -0.348018
-0.429689 -0.007665 0.110698
-0.424226 -0.040122 -0.074826
-0.189790 0.051012 0.001761
-0.156478 -0.330934 0.102614
-0.183379 -0.284549 0.154805
-0.164044 -0.314509 -0.021452
-0.167521 -0.300490 0.229807
-0.270617 -0.321136 0.028308
-0.371459 -0.272299 0.111547
-0.504468 -0.352928 -0.003821
-0.520069 -0.344304 0.080147
-0.667296 -0.413749 0.114992
-0.565133 -0.376232 0.002975
-0.635646 -0.342231 -0.109170
-0.505588 -0.119774 -0.012840
-0.680448 0.005591 -0.244251
-0.713322 0.230257 -0.229371
-0.882947 0.291756 -0.532140
-1.022948 0.433465 -0.402480
-1.266000 0.401947 -0.684958
-1.263300 0.464793 -0.670666
-1.284827 0.434276 -0.955989
-1.218158 0.560946 -0.530937
-1.297125 0.520761 -0.728350
-1.124169 0.550856 -0.642224
-1.066921 0.424055 -0.801500
-0.948161 0.432977 -0.307772
-0.960396 0.310150 -0.460265
-0.796794 0.217432 -0.253476
-0.711476 0.195007 -0.424453
-0.626939 0.143754 0.014165
-0.648860 0.182952 -0.215526
-0.512568 0.114340 -0.086712
-0.484724 0.093854 -0.268850
-0.337784 0.129551 -0.232199
-0.191676 -0.385526 -0.014097
-0.181316 -0.386158 0.064279
-0.211978 -0.502830 0.124919
-0.199218 -0.488958 0.082931
-0.294586 -0.559943 -0.170326
-0.440526 -0.555513 0.032991
-0.568046 -0.725857 -0.108807
-0.674746 -0.732069 -0.017431
-0.711535 -0.741511 -0.168181
-0.763223 -0.612027 0.022021
-0.830062 -0.561998 -0.177700
-0.861266 -0.313564 -0.047210
-0.796600 -0.149441 -0.389239
-0.745685 0.225895 -0.210807
-0.776980 0.297242 -0.549702
-0.873627 0.431003 -0.476065
-0.965129 0.397895 -0.878412
-1.043434 0.467921 -0.416746
-1.178367 0.371897 -0.903212
-1.146657 0.510862 -0.641392
-1.049548 0.451126 -1.135124
-0.998267 0.564418 -0.325025
-1.001731 0.353808 -0.754422
-0.941448 0.397160 -0.344184
-0.787966 0.237160 -0.754861
-0.726706 0.274632 0.041598
-0.600454 0.089955 -0.408219
-0.545623 0.111232 0.146258
-0.442962 0.079961 -0.529716
-0.412680 0.098628 0.247075
-0.403552 0.029513 -0.201661
-0.290946 0.092895 0.109066
-0.147535 -0.328274 0.033515
-0.208221 -0.275737 0.043511
-0.124948 -0.319757 -0.119337
-0.077617 -0.363479 0.025508
-0.154943 -0.525050 -0.157267
-0.250386 -0.582104 -0.139590
-0.428742 -0.778449 -0.100174
-0.604819 -0.781810 -0.086480
-0.888449 -0.807661 -0.095106
-0.966310 -0.782291 -0.200524
-1.130057 -0.626311 -0.259997
-1.015523 -0.490843 -0.309293
-1.076037 -0.168460 -0.368388
-1.022946 0.076260 -0.445529
-1.242398 0.235811 -0.565225
-1.289676 0.417685 -0.561994
-1.444034 0.472515 -0.731434
-1.439972 0.547720 -0.642795
-1.532557 0.609190 -0.918738
-1.552780 0.770495 -0.503042
-1.569121 0.749175 -0.720667
-1.436683 0.737757 -0.520123
-1.342669 0.659107 -0.743908
-1.278151 0.682511 -0.270380
-1.142889 0.559412 -0.458753
-0.951823 0.437503 -0.201112
-0.791045 0.327155 -0.312796
-0.648753 0.398525 0.125797
-0.565330 0.249117 -0.047256
-0.451671 0.277679 0.077232
-0.430021 0.176726 -0.053337
-0.353086 0.199211 -0.016833
0.048271 -0.411408 -0.108030
0.095704 -0.392417 -0.079047
0.053480 -0.601827 0.064560
0.005935 -0.684871 -0.211350
-0.176588 -1.021061 -0.234790
-0.405106 -1.126329 -0.250978
-0.575447 -1.512262 -0.228635
-0.841667 -1.469980 -0.242844
-0.979659 -1.517146 -0.226100
-1.190322 -1.232814 -0.171179
-1.321080 -1.102381 -0.333257
-1.397449 -0.839456 -0.266588
-1.354464 -0.615025 -0.538723
-1.197445 -0.067124 -0.355268
-1.202467 0.170653 -0.769394
-1.213505 0.352081 -0.548826
-1.308381 0.345493 -0.958064
-1.348243 0.488943 -0.409474
-1.419109 0.462036 -0.920872
-1.431210 0.644749 -0.599186
-1.401803 0.596383 -1.095098
-1.380796 0.747360 -0.190219
-1.386104 0.533079 -0.734146
-1.246754 0.593876 -0.337267
-1.084406 0.434833 -0.705253
-0.910063 0.470917 0.055522
-0.804413 0.195449 -0.348840
-0.678118 0.249403 -0.028936
-0.518525 0.100036 -0.470516
-0.499437 0.142446 0.229724
-0.478188 0.074950 -0.026745
-0.386039 0.103192 0.188407
0.163900 -0.193244 -0.019021
0.142024 -0.133903 -0.083082
0.105306 -0.333665 -0.306812
0.035898 -0.472984 -0.239733
-0.176069 -0.923812 -0.420061
-0.430745 -1.047313 -0.368357
-0.567394 -1.487448 -0.392176
-0.719300 -1.325894 -0.224228
-0.957257 -1.285273 -0.253669
-1.101722 -1.212327 -0.248752
-1.307729 -1.026484 -0.360930
-1.232887 -0.849286 -0.406842
-1.378394 -0.309398 -0.484120
-1.247088 0.036573 -0.433203
-1.419650 0.205092 -0.836383
-1.346059 0.475334 -0.339064
-1.420668 0.558738 -1.065559
-1.408004 0.744088 -0.484018
-1.416057 0.747479 -1.429591
-1.551509 0.915269 0.102872
-1.617853 0.811136 -1.146517
-1.522501 0.928704 -0.231091
-1.373783 0.820805 -1.197247
-1.372751 0.942432 0.303862
-1.297430 0.731119 -0.702205
-1.156711 0.836430 0.238818
-0.908061 0.675110 -0.521873
-0.797461 0.821617 0.695720
-0.746470 0.716636 0.353673
-0.652494 0.607543 0.444436
-0.610272 0.271279 0.181090
-0.506274 0.334015 0.142291
0.381927 -0.275102 -0.080084
0.452006 -0.341384 0.004460
0.318028 -0.691886 -0.016758
0.220414 -0.901885 -0.042625
0.059914 -1.368272 -0.415452
-0.153075 -1.427014 -0.211492
-0.436316 -1.868669 -0.443822
-0.600924 -1.839446 -0.228605
-0.737893 -1.946292 -0.489233
-0.917684 -1.610696 -0.106074
-1.167645 -1.398914 -0.493593
-1.217389 -1.165758 -0.143432
-1.267519 -0.748805 -0.696169
-1.034962 -0.228655 -0.042044
-1.142885 0.155705 -0.991966
-1.170302 0.393575 -0.304582
-1.305532 0.444265 -1.397666
-1.224409 0.605000 0.076226
-1.334178 0.528955 -1.421929
-1.271131 0.692464 0.055840
-1.282239 0.686900 -1.734383
-1.176885 0.869493 0.480988
-1.266953 0.591255 -1.238575
-1.187389 0.758738 0.270143
-1.069771 0.591083 -1.194025
-0.955257 0.722472 0.667629
-0.955053 0.306300 -0.781981
-0.840791 0.434335 0.185860
-0.565760 0.223055 -0.517908
-0.554239 0.346868 0.398978
-0.474685 0.202803 0.165516
-0.461464 0.237305 0.316237
0.431223 -0.114956 0.243135
0.471127 -0.038066 0.418909
0.355808 -0.208346 -0.099191
0.262146 -0.461454 0.129061
-0.046271 -0.838237 -0.452027
-0.278569 -0.965234 -0.325996
-0.409784 -1.281219 -0.494553
-0.541675 -1.180723 -0.372829
-0.735861 -1.229992 -0.315475
-0.871277 -1.169475 -0.204887
-1.078190 -1.015363 -0.326296
-1.010911 -0.804830 -0.313896
-1.126727 -0.376157 -0.292912
-0.987656 -0.040618 -0.228557
-1.194142 0.280654 -0.573831
-1.192859 0.467530 -0.481398
-1.258288 0.552833 -0.962040
-1.140056 0.702221 -0.382598
-1.288984 0.722128 -1.302996
-1.279871 0.828378 -0.231864
-1.247715 0.739805 -0.983616
-1.148346 0.950501 0.382490
-1.114484 0.872781 -1.028409
-1.126192 1.012344 0.411808
-1.051428 0.756616 -0.649194
-1.009763 1.168225 1.112265
-0.938139 0.987090 -0.127083
-0.900911 1.266628 1.182982
-0.780362 1.083650 0.770490
-0.681408 1.138352 1.114604
-0.642458 0.670563 0.857417
-0.589393 0.773670 0.667124
0.440263 -0.438384 0.569327
0.504002 -0.527708 0.963883
0.332715 -0.789122 0.582201
0.415019 -0.903910 1.157827
0.280437 -1.072793 0.041336
0.134200 -1.058361 0.429978
-0.102867 -1.407291 -0.304570
-0.270817 -1.311962 -0.306223
-0.509876 -1.454146 -0.498677
-0.617770 -1.308102 -0.312319
-0.809612 -1.274253 -0.608296
-0.771644 -1.012337 -0.156735
-0.872523 -0.700370 -0.643393
-0.757760 -0.242127 -0.128308
-0.878238 0.112340 -0.633651
-1.014787 0.311962 -0.346032
-1.068452 0.380216 -0.887589
-1.046212 0.484338 -0.091405
-1.173574 0.567569 -0.914613
-1.113116 0.669363 -0.154223
-1.132049 0.597630 -1.212139
-1.025988 0.715794 0.349181
-1.103183 0.620276 -1.004184
-1.015845 0.767070 0.406767
-0.967801 0.534738 -1.005292
-0.911973 0.718354 0.567735
-0.911106 0.405174 -0.655654
-0.899993 0.560510 0.393886
-0.780284 0.366599 -0.052108
-0.734614 0.595380 0.555626
-0.595736 0.425068 0.462471
-0.502497 0.510498 0.614321
0.390941 -0.325774 0.914985
0.532444 -0.328836 1.200565
0.392252 -0.281131 0.723558
0.388667 -0.570103 1.427612
0.232586 -0.423284 0.008741
0.154256 -0.511266 0.326904
-0.103549 -0.664958 -0.339135
-0.284029 -0.654065 -0.213444
-0.476095 -0.683521 -0.283653
-0.510098 -0.531544 -0.360311
-0.699488 -0.437690 -0.193183
-0.523052 -0.332698 -0.194130
-0.683467 -0.170313 -0.356172
-0.770154 -0.031212 0.052234
-0.971468 0.206701 -0.667930
-0.969661 0.345201 -0.120993
-1.041729 0.588020 -1.115443
-0.969532 0.594185 -0.217014
-1.099060 0.718570 -1.417455
-1.015908 0.728907 0.251950
-1.088437 0.739086 -1.258204
-0.981783 0.800035 0.475864
-0.931584 0.814047 -1.250186
-0.925690 0.977428 1.082704
-0.920584 0.772222 -0.898556
-0.881924 1.217779 1.257077
-0.731149 1.059288 -0.137467
-0.732085 1.539846 1.594380
-0.673572 1.407533 0.880817
-0.647864 1.554749 1.376784
-0.574136 1.296757 1.131075
-0.489741 1.116287 0.946500
0.299535 -0.672306 1.397654
0.418684 -0.865739 2.046754
0.299008 -0.973535 1.683336
0.323188 -1.227966 2.494250
0.351327 -0.942736 1.155466
0.251076 -1.057083 2.603523
0.298920 -0.700559 0.197285
0.340325 -0.610319 0.821012
0.270237 -0.746899 -0.455488
0.304178 -0.577555 -0.320222
0.185983 -0.698899 -0.370950
0.184498 -0.381168 -0.176812
0.034438 -0.248357 -0.440550
-0.216175 0.069767 -0.056190
-0.580517 0.193037 -0.687082
-0.776285 0.371860 0.005101
-0.898507 0.410483 -0.893125
-0.812025 0.471179 0.197886
-0.931369 0.479835 -1.034262
-0.872290 0.545544 0.178092
-0.898285 0.537911 -1.408818
-0.787309 0.704877 0.949102
-0.817662 0.417903 -1.210298
-0.781179 0.690185 0.878885
-0.680174 0.476953 -1.048221
-0.653955 0.775011 0.856223
-0.682625 0.422455 -0.558565
-0.680935 0.693614 0.775996
-0.609849 0.614107 0.223456
-0.630688 0.820285 0.866693
-0.536977 0.803477 0.619659
-0.481015 0.807311 0.701606
0.442782 -0.493297 1.534976
0.658737 -0.647151 1.802631
0.548932 -0.619444 1.691379
0.502258 -1.008762 2.268895
0.500860 -0.445306 0.871403
0.402617 -0.569377 1.195183
0.462812 -0.364539 0.138397
0.530482 -0.539790 0.556469
0.584941 -0.497556 -0.166599
0.541173 -0.473627 -0.005933
0.351861 -0.383228 -0.222780
0.114815 -0.202356 0.026375
-0.034871 -0.147492 -0.358293
-0.299954 0.048091 -0.011589
-0.627960 0.158946 -0.477271
-0.807438 0.305973 -0.166591
-0.871693 0.396697 -0.549782
-0.892851 0.462486 -0.022998
-0.970713 0.528172 -1.048847
-0.870644 0.543142 0.005496
-0.887039 0.443515 -0.920834
-0.886058 0.730752 0.687757
-0.774725 0.542805 -0.966342
-0.736610 0.845292 0.840993
-0.638436 0.515896 -0.639063
-0.612013 1.233644 1.781883
-0.419577 0.599296 0.209976
-0.494310 1.610046 1.889785
-0.395914 1.401291 0.863446
-0.351269 1.632581 1.702609
-0.418170 1.469421 1.241000
-0.341776 1.343086 1.360617
0.461761 -0.837239 1.813460
0.621468 -1.067473 2.237659
0.459353 -1.154728 2.102994
0.508918 -1.482691 2.666436
0.477765 -1.108309 2.074339
0.383061 -1.276181 3.155129
0.543651 -0.678451 1.359609
0.631338 -0.877486 2.353350
0.739206 -0.714792 0.372690
0.778425 -0.653388 1.107645
0.740317 -0.692761 -0.243206
0.524652 -0.471675 0.196111
0.282655 -0.445003 -0.394129
-0.059530 -0.092177 -0.033464
-0.316845 -0.073288 -0.518919
-0.537222 0.163023 -0.051786
-0.654194 0.207347 -0.514778
-0.744986 0.285780 -0.021916
-0.845381 0.320334 -0.683807
-0.749334 0.451430 0.118802
-0.777609 0.305858 -0.963449
-0.646355 0.488019 0.475801
-0.615707 0.352746 -0.645274
-0.609393 0.460333 0.500905
-0.517937 0.321140 -0.565255
-0.562465 0.543507 0.762826
-0.559889 0.356073 -0.272626
-0.633801 0.443863 0.620957
-0.482822 0.366393 0.416289
-0.534357 0.617491 0.923601
-0.470068 0.601454 0.760466
-0.336056 0.662420 0.862504
0.533838 -0.489559 1.812029
0.795756 -0.714339 2.155172
0.520263 -0.751184 2.122609
0.620758 -1.188388 2.950491
0.565078 -0.830228 1.663742
0.659106 -0.995627 2.087129
0.592652 -0.574408 0.992254
0.612668 -0.780252 1.644252
0.608400 -0.525080 -0.005881
0.637998 -0.832884 0.856567
0.642796 -0.507663 -0.039695
0.587789 -0.434301 0.580353
0.521734 -0.275010 -0.261962
0.314387 -0.019471 0.172384
0.025490 0.063932 -0.227605
-0.252207 0.151255 0.054115
-0.432502 0.238140 -0.486403
-0.557287 0.309626 0.407834
-0.661086 0.364782 -0.683712
-0.673414 0.417578 0.256940
-0.666663 0.371876 -0.552588
-0.635796 0.479210 0.266462
-0.518641 0.330798 -0.539168
-0.522344 0.553255 0.727325
-0.456639 0.447271 -0.337438
-0.481504 0.825208 1.046674
-0.388284 0.494778 -0.015165
-0.394315 1.213290 1.715262
-0.355203 1.025474 0.837109
-0.326255 1.237034 1.744999
-0.393455 1.030436 0.979383
-0.262472 1.040086 1.143332
0.544992 -0.679859 1.856202
0.710406 -1.016730 2.527438
0.541670 -0.972953 2.292278
0.739557 -1.337112 3.020154
0.555362 -1.047796 1.901237
0.490112 -1.224793 3.674600
0.496205 -0.747371 1.574481
0.642273 -1.253690 3.166804
0.640893 -0.791328 0.611727
0.572917 -1.073366 2.946525
0.673602 -0.676445 0.155692
0.612886 -0.822013 1.777857
0.573959 -0.527738 -0.106605
0.449928 -0.396389 1.069230
0.275191 -0.199012 -0.226536
0.042995 -0.059401 0.452890
-0.196356 0.046852 -0.429893
-0.356484 0.208390 0.307863
-0.459403 0.280053 -0.543494
-0.506038 0.414929 0.293781
-0.497029 0.358811 -0.537312
-0.523827 0.418941 0.254994
-0.434380 0.305770 -0.393699
-0.383598 0.324351 0.276642
-0.323911 0.333850 -0.315714
-0.382574 0.465357 0.536648
-0.327882 0.429008 0.151604
-0.418083 0.473321 0.668307
-0.395231 0.449922 0.320422
-0.464461 0.559178 0.746325
-0.456492 0.452432 0.514836
-0.337201 0.438517 0.674585
0.539772 -0.397704 1.773039
0.853658 -0.625485 2.157660
0.703488 -0.642317 2.168862
0.858482 -0.990497 2.839848
0.710919 -0.742755 1.839463
0.893655 -0.905708 2.278027
0.783520 -0.518928 1.281903
0.712630 -0.806681 2.252818
0.695544 -0.409050 0.458001
0.684099 -0.651958 1.185270
0.669964 -0.267398 0.015400
0.666584 -0.395048 1.171292
0.658401 -0.078938 -0.184374
0.589532 -0.147136 0.550645
0.532656 0.009461 -0.292324
0.401776 0.086552 0.290608
0.217515 0.178248 -0.513551
0.026941 0.261599 0.429252
-0.080057 0.270537 -0.526249
-0.163167 0.401864 0.253927
-0.216368 0.360855 -0.330937
-0.255300 0.408729 0.193335
-0.192289 0.329455 -0.326042
-0.201299 0.388046 0.268857
-0.204856 0.356390 -0.234263
-0.253151 0.474393 0.422341
-0.272660 0.423265 0.024746
-0.274735 0.529994 0.605859
-0.318701 0.477178 0.295222
-0.321123 0.578422 0.771948
-0.361576 0.414018 0.476166
-0.254222 0.588822 0.554923
0.590770 -0.617190 1.740786
0.824400 -0.921140 2.390271
0.696724 -0.879005 2.266903
0.911966 -1.330685 2.831066
0.777936 -0.993018 1.994081
0.844243 -1.281946 3.467225
0.788321 -0.823399 1.561220
0.937309 -1.267042 2.946781
0.876902 -0.679761 0.868467
0.690422 -1.202790 2.894502
0.680502 -0.521116 0.385727
0.722166 -0.967988 2.129385
0.768422 -0.394544 0.188955
0.569899 -0.530369 1.560252
0.530436 -0.124096 -0.052476
0.490813 -0.128223 0.738675
0.429462 0.076918 -0.238946
0.306575 0.191445 0.349321
0.251794 0.263065 -0.475831
0.181704 0.374837 0.302398
0.211749 0.346614 -0.378701
0.141289 0.355745 0.227515
0.123194 0.319811 -0.393501
0.085844 0.391744 0.288522
0.055525 0.383684 -0.305127
0.016935 0.472203 0.272668
-0.050607 0.449202 -0.082141
-0.150144 0.457974 0.314633
-0.310924 0.429343 -0.019802
-0.421180 0.417824 0.295688
-0.507860 0.393000 0.289555
-0.367696 0.378667 0.224664
0.592202 -0.367627 1.672981
0.916091 -0.507218 2.077518
0.773560 -0.480257 2.011865
0.978014 -0.849897 2.608712
0.751893 -0.666707 1.834032
1.004400 -0.909923 2.288111
0.831105 -0.649505 1.264565
0.948462 -0.832048 2.316258
0.868347 -0.543519 0.856689
0.832556 -0.710126 1.498811
0.759732 -0.431843 0.362375
0.800467 -0.486066 1.344138
0.756672 -0.236383 0.263352
0.695783 -0.280236 0.747072
0.668021 -0.133285 -0.096494
0.628889 -0.038863 0.474840
0.585188 0.110503 -0.390391
0.549801 0.198298 0.406453
0.592471 0.227398 -0.472318
0.632845 0.299344 0.236546
0.608274 0.290863 -0.401288
0.584101 0.389691 0.276787
0.557187 0.371682 -0.376377
0.617030 0.445666 0.236599
0.461109 0.436938 -0.227632
0.337483 0.528535 0.266209
0.270809 0.537063 -0.051904
0.223128 0.524923 0.271512
-0.044317 0.392374 0.046512
-0.173756 0.467735 0.259290
-0.227050 0.388389 0.180115
-0.134701 0.536074 0.194896
0.646700 -0.536039 1.570048
0.851396 -0.726565 2.097036
0.793641 -0.659077 1.934581
0.934319 -1.003563 2.366189
0.869676 -0.817097 1.547508
0.957632 -1.082025 2.896946
0.992548 -0.765700 1.302195
1.057793 -1.035591 2.466079
0.956815 -0.668759 0.642342
0.856046 -0.931979 2.583837
0.956759 -0.500352 0.657343
0.932263 -0.723946 1.866012
0.848366 -0.431489 0.185821
0.748584 -0.518074 1.683142
0.800018 -0.228996 0.085065
0.795787 -0.203441 0.894459
0.729473 -0.041924 -0.314771
0.707507 0.099744 0.454617
0.750277 0.135135 -0.354755
0.823002 0.273636 0.249157
0.843598 0.291382 -0.375876
0.827010 0.423845 0.249701
0.810520 0.398641 -0.150554
0.793941 0.520157 0.247271
0.738729 0.513149 -0.029966
0.669661 0.616334 0.186061
0.647998 0.618795 0.094362
0.450382 0.626316 0.117847
0.119745 0.505574 0.032546
-0.147911 0.456121 0.009415
-0.291038 0.476882 0.270156
-0.144459 0.457263 -0.023179
0.570674 -0.354472 1.405507
0.759016 -0.463409 1.744244
0.705979 -0.356246 1.669852
0.812239 -0.567829 2.114369
0.722269 -0.474333 1.601043
1.008411 -0.624993 1.890336
0.932612 -0.494781 1.244647
1.044984 -0.637683 2.025609
1.029334 -0.481065 0.980528
1.130952 -0.607932 1.417331
1.025211 -0.413337 0.652440
0.987000 -0.439652 1.305889
0.941579 -0.275811 0.304293
0.943014 -0.289544 0.656844
0.844430 -0.131200 0.072129
0.841178 -0.014224 0.441729
0.785116 0.130610 -0.295341
0.844431 0.243596 0.211994
0.874860 0.285817 -0.232162
0.929190 0.381205 0.227211
0.987094 0.408640 -0.226613
1.045905 0.556533 0.157485
1.046596 0.630609 -0.012524
1.081074 0.742875 0.276049
1.055248 0.737841 -0.115020
1.018660 0.783818 0.147965
0.892956 0.771184 0.113018
0.758956 0.768519 0.150513
0.525094 0.690622 0.004327
0.315823 0.619300 -0.012830
0.153634 0.575220 0.113268
0.096367 0.538359 -0.031053
0.588879 -0.521352 1.342071
0.704923 -0.639592 1.660215
0.679458 -0.482591 1.647740
0.785904 -0.714668 1.911304
0.835682 -0.584699 1.563065
0.922744 -0.921703 2.273256
0.904550 -0.708375 1.494178
1.136012 -0.897239 1.892070
1.072100 -0.682057 1.252945
0.989524 -0.915035 2.089972
0.946772 -0.637218 0.913158
1.095234 -0.745348 1.512290
0.991526 -0.533641 0.703722
0.870342 -0.520822 1.347527
0.871454 -0.333028 0.319453
0.893074 -0.216787 0.693197
0.840893 0.009246 0.125000
0.755576 0.144335 0.341157
0.778056 0.179936 -0.054231
0.801511 0.334012 0.184839
0.841121 0.402759 0.011428
0.794673 0.506712 0.208544
0.855470 0.465858 0.024164
0.889374 0.586672 0.197474
0.831557 0.589210 0.181219
0.711362 0.670634 0.191370
0.642156 0.602867 0.110373
0.509359 0.671315 0.040052
0.254664 0.566211 0.116753
0.049747 0.561824 -0.068767
-0.040053 0.550066 0.203667
-0.051351 0.531444 0.038710
0.606545 -0.407536 1.176061
0.805443 -0.419663 1.353842
0.756007 -0.205059 1.316552
0.883888 -0.339714 1.791451
0.750357 -0.371225 1.457210
0.947717 -0.480573 1.584426
0.845326 -0.427846 1.049828
0.983087 -0.583397 1.699737
0.874870 -0.527521 1.033010
1.080150 -0.556761 1.234888
0.896547 -0.512854 0.491451
0.942324 -0.529070 1.097910
0.762833 -0.415088 0.378121
0.897452 -0.322866 0.611676
0.797942 -0.185345 -0.049364
0.845844 -0.067602 0.416476
0.781806 0.136819 -0.047648
0.834261 0.259588 0.081228
0.785520 0.304569 -0.131230
0.823767 0.427181 0.091759
0.847179 0.450235 0.009388
0.976968 0.590326 0.034598
0.936826 0.615678 0.020890
0.957343 0.781440 0.211674
0.963990 0.761325 0.075738
1.056082 0.837178 -0.002768
0.870421 0.727146 0.039377
0.727789 0.737433 0.014784
0.449208 0.670247 0.130119
0.280399 0.625835 -0.131448
0.111771 0.617004 -0.017072
0.054695 0.527031 -0.284232
0.687460 -0.444257 0.907973
0.665241 -0.461476 1.255088
0.786698 -0.380916 1.289594
0.658340 -0.448461 1.580599
0.936218 -0.344566 1.437094
0.836634 -0.531059 1.909755
0.936015 -0.447419 1.712551
0.814771 -0.553296 1.598261
0.966266 -0.433823 1.276950
0.769181 -0.515604 1.753862
0.915136 -0.417556 1.272852
0.841350 -0.442898 1.273682
0.950940 -0.340787 0.708696
0.830322 -0.282346 1.132256
0.924111 -0.137097 0.568266
0.875272 -0.045580 0.597737
0.884354 0.151649 0.207325
0.787299 0.222416 0.376115
0.802201 0.285206 0.201962
0.779736 0.354689 0.136376
0.828944 0.409941 0.083153
0.771007 0.455187 0.169286
0.850921 0.476356 0.197386
0.862503 0.529481 0.208670
0.903458 0.578657 0.169205
0.760135 0.644815 0.266469
0.717457 0.632760 0.168259
0.524080 0.640045 0.028771
0.326461 0.639771 0.164648
0.146569 0.594876 0.033721
0.037320 0.573964 0.118298
0.116593 0.498945 -0.057162
