0.541916 0.140374 -1.042507
0.595375 0.152413 -0.776807
0.393691 -0.039016 -0.160643
0.592669 0.334915 -0.566552
0.265547 -0.345755 -0.297601
0.298100 0.708614 -0.428305
0.249764 0.062260 -0.067250
0.256953 0.368006 -0.827484
0.212119 0.559820 -0.584078
0.360721 0.484293 -0.296024
0.120739 0.323553 0.036554
0.397900 0.120886 0.027784
-0.213205 0.488085 0.235071
0.267103 0.064251 -0.173592
-0.151358 0.508839 -0.049524
0.066309 0.153833 -0.252883
0.015327 -0.150579 -0.984147
0.309789 -0.274191 0.129680
0.584480 0.279376 -0.655143
-0.495186 1.124736 -1.437748
0.435405 -0.343012 -0.415454
0.460058 0.564390 -0.229939
0.518077 0.711378 -0.852016
-0.201899 0.505520 -1.345594
0.216369 -0.081585 0.293868
0.427726 0.247351 -0.160327
-0.225649 1.126410 -0.409558
0.392344 -0.397384 -0.359630
-0.742649 1.231091 -0.848327
0.459697 -0.189393 -0.592551
-1.144962 0.993759 -1.648343
0.289456 0.124146 -0.781303
0.428309 0.499919 -0.816864
0.573011 0.138958 -0.765048
0.522926 0.497993 -0.867015
0.592638 0.484712 -0.653318
0.267630 -0.226774 -0.071753
0.073178 0.528281 -0.912297
0.612377 0.302091 -0.118557
0.022884 0.914267 -1.108691
0.358826 0.240182 -0.508336
0.292145 0.285748 -0.128833
0.308046 -0.354951 0.189387
-0.278524 0.029170 -1.218807
0.137343 -0.157475 -0.835644
0.533349 -0.093455 -0.674065
-0.187830 -0.976154 0.557690
0.501656 0.351608 -0.037103
-0.161483 0.675579 -1.207346
0.273022 -0.225530 -0.041674
-0.104518 -0.017702 0.079667
0.317383 0.330460 -0.377469
0.378170 0.309031 -0.372053
-0.042670 -0.127907 0.627320
0.296246 -0.266707 0.315178
0.433814 -0.390520 -0.186005
0.344128 0.246149 -0.835247
0.550693 0.408790 -0.276107
-0.954590 1.334575 -1.305765
0.502972 0.682755 -0.679712
-0.892048 0.579478 -1.323211
-0.311144 1.342583 -1.175961
-0.183005 -0.854721 -0.189002
0.449124 -0.141592 -0.272876
0.208194 -0.317647 -0.824003
-0.002346 0.292605 -1.191350
0.260250 0.467973 -0.132908
0.445841 -0.070457 0.042727
-0.319229 0.706775 -0.020631
-0.169502 0.143175 0.466990
0.481872 0.436753 -0.438102
0.654905 0.301018 -0.868524
-0.256788 0.030619 0.241395
0.445860 -0.044175 -0.021906
0.313173 0.597942 -0.606461
0.394299 0.039508 -0.694382
0.414737 0.338699 -0.181202
0.645904 0.074500 -0.648633
0.320022 -0.137513 0.073769
0.236105 0.260257 -0.407265
0.523649 -0.033166 -0.405446
-0.320026 -0.231996 0.413190
0.279461 0.098031 -0.600859
-0.665963 0.407058 0.090328
0.192375 -0.271652 -0.730574
-0.007433 0.357260 -1.106262
0.437654 -0.160396 -0.628850
0.531243 0.227754 -0.794445
-0.352683 1.301717 -0.859809
0.402235 0.488122 -0.822719
-0.428681 -0.029723 0.278185
0.395518 -0.176307 -0.448878
-0.142171 0.181098 0.152878
-0.000510 0.083884 0.233842
0.513646 0.504465 -0.210741
0.401606 0.269248 0.068407
0.188111 -0.662059 -0.195544
0.517654 0.457412 -0.981415
0.512043 0.056591 -0.123201
-0.478590 0.102949 -1.293419
-0.242341 0.227376 0.209539
0.203856 0.619521 -0.295058
0.608654 0.326977 -0.825419
-0.089977 -0.419058 0.565279
-0.007849 0.170378 -1.032234
0.160163 0.643301 -0.688297
0.177469 0.849505 -0.366646
0.194438 0.669345 -0.997934
0.248530 -0.055069 -0.407395
0.264748 0.308777 -1.024014
-0.290017 1.326603 -0.301882
0.332040 0.017126 -0.594321
0.448166 -0.272956 -0.082911
0.442361 0.141280 -0.115972
0.456796 -0.248632 -0.685795
-0.915898 0.329815 -1.238625
0.117695 -0.688880 0.515520
0.519701 0.275596 -0.922222
0.426970 0.373589 -1.033175
-0.778967 1.182688 -1.322846
0.434807 -0.331597 -0.491207
0.321066 0.004025 0.018048
0.032984 0.064058 -1.063719
0.443667 0.230505 -0.244947
0.398818 -0.138082 -0.631308
0.490069 0.220298 -0.668192
0.475178 0.101709 -0.795941
0.574851 0.392001 -0.068936
0.256738 -0.070248 -0.429556
-1.181308 0.445918 -1.060898
0.582627 0.320352 -0.699761
-0.319704 -0.440215 -0.963354
-0.088451 1.107431 -1.008182
0.376245 0.874568 -0.357727
-0.655300 0.341737 -1.244230
0.221191 -0.103309 -0.131797
0.397814 0.377030 -0.441460
0.220292 0.586838 -0.314774
-0.675390 -0.035199 -1.125853
-0.141556 1.106434 -0.839143
0.279040 0.213730 -1.034503
-0.218992 0.977436 -1.266024
-0.146607 -0.666430 0.748160
0.012132 0.149499 -1.050081
0.424974 0.252049 -0.054188
0.449159 -0.175677 -0.482792
-0.800770 0.285195 -1.211426
-0.190045 -0.200843 0.423566
0.021385 0.640257 -0.216187
0.553346 0.212034 -0.832217
0.448588 -0.036013 -0.688111
0.524034 0.796932 -0.719237
0.440707 -0.142470 -0.721230
0.021253 0.582255 -1.524050
-0.375518 0.405106 -1.381182
0.338958 -0.017849 0.176091
0.373790 0.240137 -0.582002
-0.597079 1.381073 -1.081373
-0.001526 0.275188 -0.419016
-0.243115 0.146770 0.228940
-1.068817 0.096405 -1.028765
0.350275 0.652379 -0.659725
0.388261 0.241222 -0.424937
0.360407 0.085209 0.036896
0.480318 0.008505 -0.674596
0.476353 0.671394 -0.587758
0.553501 0.019205 -0.685720
0.475935 -0.174411 -0.484553
0.531124 0.460435 -0.693680
-0.257318 -0.095377 -1.076316
0.493628 0.576718 -0.496167
-0.138020 0.374379 0.153225
0.124737 0.011253 0.084988
0.347910 0.167818 -0.640549
0.606163 -0.018425 -1.033541
0.579390 0.444530 -0.151614
0.453209 0.525687 -0.487389
0.626117 0.323306 -0.862347
0.366697 -0.357577 -0.507553
0.401078 0.017326 -0.059730
0.426779 0.593060 -0.281443
0.419587 0.416029 -0.381434
0.189396 0.162594 -0.555498
0.367778 0.333666 -0.757154
0.310946 0.046921 -0.422948
0.551787 0.285570 -0.489256
0.020517 0.408050 -0.301436
-0.981725 0.858068 -1.321502
0.399405 0.014102 -0.339424
-0.056156 0.585563 -1.208044
-0.625811 1.026587 -1.766713
0.645905 0.258694 -0.654299
0.463126 0.195106 -0.748730
-0.065446 1.003592 -1.335607
-0.255282 0.251396 0.419628
0.438821 -0.052461 -0.208616
0.398395 -0.078516 -0.821435
0.548039 0.113349 -0.672524
-0.218278 -0.746079 -0.436110
0.449005 0.193903 -0.836606
0.535537 0.662119 -0.153751
0.051854 0.864365 -0.460699
0.509893 0.577344 -0.305222
0.251158 0.100084 0.141578
0.390184 -0.257674 -0.437866
0.487726 0.546709 -0.377644
-0.671290 0.787743 -1.369605
0.555747 0.137116 0.038101
-0.050081 -0.402922 0.467381
0.394432 -0.038450 -0.823144
0.489872 0.617504 -0.514829
0.403054 0.297048 -0.572125
0.439359 0.255841 -0.603819
0.656387 0.331665 -0.051390
-0.533781 0.594765 0.299120
-0.642270 -0.273809 -0.975658
0.492735 0.300417 -0.963540
0.427022 -0.001656 -0.802950
-0.322938 0.796223 -1.515054
0.515748 0.437672 0.145947
-0.688383 0.691286 -1.470326
-0.677713 0.673063 0.013556
-1.402808 0.899398 -1.142764
0.030058 -0.766495 0.205114
-0.316889 -0.239988 0.647372
0.409025 0.106416 -0.208513
-0.258688 -0.618005 -0.495281
-0.920734 0.551319 -1.543712
0.231682 -0.077781 -0.296495
0.157348 -0.432387 -0.886571
0.437173 0.507015 -0.315793
0.586029 0.417986 -1.124526
-0.421902 -0.588039 -0.680786
-0.378846 0.346080 -1.179440
0.163111 0.033802 -0.878010
0.631767 0.265254 -0.948614
-0.283501 -0.745019 0.137411
0.353474 0.476080 -0.431501
-0.265382 0.385180 -1.094893
0.132885 0.772993 -0.730951
0.407392 0.137562 -0.762940
-0.242910 -0.546144 0.372847
0.464536 -0.211156 -0.431754
0.256037 0.583321 -0.076800
-0.776496 -0.014587 -1.195457
0.113360 0.263504 0.028374
-0.535502 0.302563 0.225087
0.492955 -0.009156 -0.518640
0.628659 -0.000075 -0.738518
-0.788667 -0.250136 -0.911710
-0.454312 -0.124815 -1.228025
0.672529 -0.442011 -0.409864
-0.341064 -0.611198 -1.039540
-0.344636 1.100521 -0.281970
0.140521 0.635598 -0.741555
0.384785 -0.403862 -0.088549
-0.228696 -0.389566 -0.276434
-0.332383 -0.308244 0.259954
-0.381155 -0.263609 -0.549274
-0.411158 -0.150237 0.481565
-0.494295 -0.148557 -0.489216
-0.547497 -0.082768 0.347440
-0.535834 -0.108431 -0.640380
-0.523890 -0.017556 0.477844
-0.541148 -0.049704 -0.670270
-0.552999 0.060582 0.394634
-0.527034 0.027151 -0.732634
-0.527977 0.185960 0.488069
-0.555674 0.116076 -0.652814
-0.587781 0.292374 0.334518
-0.557997 0.256200 -0.856703
-0.640126 0.440935 0.382834
-0.749871 0.382575 -0.729801
-0.844822 0.566523 -0.035606
-0.780603 0.557117 -0.852313
-0.863898 0.722606 -0.036663
-0.879674 0.735516 -0.821743
-0.892786 0.869988 -0.385980
-0.810661 0.876059 -0.866156
-0.757334 0.853647 -0.189980
-0.731630 0.833335 -0.467727
-0.649600 0.772250 -0.194486
-0.499551 0.726788 -0.366722
-0.410892 0.693487 0.091152
-0.434630 0.646581 -0.035599
-0.435306 0.637413 0.029274
-0.335493 0.619744 -0.026159
-0.207686 0.609155 0.099945
-0.400706 -0.341544 -0.316385
-0.501165 -0.279125 0.053379
-0.601159 -0.333497 -0.237501
-0.609911 -0.247561 0.138125
-0.600492 -0.252821 -0.467976
-0.659086 -0.158289 0.325927
-0.704903 -0.190671 -0.436297
-0.709978 -0.112407 0.178849
-0.654888 -0.132218 -0.677551
-0.680051 -0.011012 0.329449
-0.677068 -0.044871 -0.617494
-0.715118 0.120128 0.213041
-0.685575 0.114338 -0.748349
-0.790816 0.263987 0.294207
-0.818527 0.225220 -0.613878
-0.901584 0.419951 0.017008
-0.869342 0.489976 -0.863204
-1.031150 0.666563 -0.020260
-1.090911 0.649060 -0.842637
-1.183839 0.833641 -0.489163
-1.051830 0.892249 -1.150209
-1.108831 0.962039 -0.325183
-1.101339 0.942216 -0.969771
-0.999488 0.955750 -0.513767
-0.795709 0.920261 -0.878498
-0.709090 0.846062 -0.107653
-0.714336 0.751726 -0.315916
-0.617883 0.644223 -0.031089
-0.522983 0.584017 -0.312308
-0.502019 0.519087 0.137200
-0.470522 0.455754 0.261215
-0.251586 0.414161 0.165622
-0.430657 -0.322120 -0.072362
-0.594178 -0.329236 0.009268
-0.620402 -0.290860 -0.431435
-0.627177 -0.233164 0.203739
-0.655512 -0.158866 -0.345496
-0.726758 -0.148976 -0.017054
-0.677865 -0.094942 -0.664514
-0.686485 -0.068854 0.074590
-0.665216 -0.054584 -0.578252
-0.739619 0.001236 -0.115404
-0.717557 0.042898 -0.755813
-0.804759 0.166026 -0.104527
-0.820707 0.207783 -0.656502
-0.903386 0.330698 -0.318623
-0.957976 0.337923 -0.796792
-1.054305 0.499698 -0.256734
-1.168183 0.562951 -0.670251
-1.140960 0.750001 -0.511809
-1.259929 0.709540 -0.975821
-1.361774 0.945159 -0.478580
-1.433877 0.992776 -0.830684
-1.292311 1.092549 -0.758601
-1.245940 1.085086 -1.083936
-1.158500 1.076684 -0.555407
-1.086837 1.050307 -0.675834
-0.848261 0.986425 -0.376370
-0.666451 0.902296 -0.649441
-0.553332 0.876021 -0.049134
-0.569886 0.864830 -0.069295
-0.483044 0.809428 0.023944
-0.453921 0.701665 0.107546
-0.374602 0.640812 -0.049184
-0.388296 -0.255897 -0.243954
-0.527266 -0.256338 0.009460
-0.556085 -0.265191 -0.210918
-0.626315 -0.248162 0.018642
-0.556031 -0.249268 -0.544641
-0.591912 -0.182365 0.109890
-0.562802 -0.228296 -0.513094
-0.641117 -0.178010 -0.080224
-0.611222 -0.187486 -0.825801
-0.705041 -0.022877 -0.084487
-0.753135 -0.084550 -0.749962
-0.873150 0.083837 -0.298850
-0.928323 0.125680 -0.966028
-1.013925 0.289279 -0.278819
-1.162533 0.281509 -0.846903
-1.169939 0.476324 -0.367112
-1.134885 0.546887 -0.936619
-1.108993 0.739865 -0.265793
-1.249474 0.724064 -0.823289
-1.234480 0.908000 -0.627944
-1.180025 0.928022 -1.099861
-1.164732 1.067928 -0.437574
-1.228489 0.994469 -0.919698
-1.059895 1.023389 -0.547222
-0.890246 0.986620 -0.995122
-0.757176 0.968287 -0.126180
-0.800911 0.805473 -0.428240
-0.686456 0.772141 -0.026797
-0.531500 0.713413 -0.396693
-0.502612 0.674693 0.185857
-0.543211 0.602839 0.102251
-0.401696 0.514925 0.161135
-0.352324 -0.316543 -0.071841
-0.490934 -0.277959 -0.042669
-0.521134 -0.263529 -0.340144
-0.540645 -0.197258 0.043975
-0.557999 -0.188983 -0.365350
-0.580847 -0.196310 -0.263882
-0.597244 -0.145810 -0.742562
-0.618316 -0.144286 -0.263351
-0.693694 -0.072384 -0.729868
-0.740701 -0.065975 -0.581474
-0.848551 0.028521 -0.885972
-0.888516 0.102820 -0.755306
-1.007611 0.234288 -0.782311
-1.067878 0.250459 -0.946318
-1.230257 0.411790 -0.844809
-1.331228 0.544488 -0.768620
-1.477691 0.766309 -0.539906
-1.459546 0.803107 -0.729954
-1.550318 0.879045 -0.790223
-1.578738 1.118150 -0.644593
-1.577352 1.216279 -0.666872
-1.391962 1.199825 -0.757186
-1.338253 1.231959 -0.837320
-1.204947 1.223955 -0.545855
-1.093934 1.211711 -0.461348
-0.856984 1.113861 -0.217766
-0.752091 1.083279 -0.404543
-0.688560 1.104184 0.173175
-0.633692 1.107200 0.061638
-0.584690 1.040411 0.278219
-0.530846 0.747998 0.302062
-0.489081 0.740383 0.200010
-0.379699 -0.288716 -0.196240
-0.514261 -0.262335 -0.158232
-0.564405 -0.297473 -0.254830
-0.642911 -0.228457 -0.256220
-0.614142 -0.306491 -0.704947
-0.655583 -0.252571 -0.264760
-0.671765 -0.399665 -0.890759
-0.806503 -0.348095 -0.644244
-0.813685 -0.399328 -1.295204
-0.902421 -0.231253 -0.512188
-0.947233 -0.222735 -1.166235
-1.043188 -0.093448 -0.966151
-1.033058 -0.054315 -1.464769
-1.106331 0.176509 -0.685563
-1.259290 0.253805 -1.087140
-1.302852 0.387644 -0.858386
-1.304972 0.561579 -0.955891
-1.377188 0.711897 -0.475194
-1.467904 0.829568 -0.708700
-1.451760 0.957243 -0.712184
-1.405649 1.048183 -0.895131
-1.317249 1.139319 -0.457453
-1.308576 1.143766 -0.700457
-1.169075 1.115504 -0.497036
-1.039386 1.055541 -0.746964
-0.841260 1.034140 -0.130686
-0.891191 0.933888 -0.181403
-0.799943 0.939110 0.041809
-0.680882 0.819049 -0.174008
-0.624981 0.852172 0.270747
-0.641177 0.677316 0.213414
-0.587182 0.652474 0.284194
-0.340094 -0.250781 -0.161470
-0.438920 -0.185347 -0.242267
-0.486953 -0.215458 -0.531295
-0.508527 -0.188575 -0.072097
-0.601158 -0.237584 -0.773676
-0.626331 -0.206337 -0.572664
-0.741362 -0.256979 -1.460181
-0.780350 -0.164320 -0.760252
-0.973887 -0.085664 -1.447899
-0.936205 0.030913 -1.171948
-0.993430 0.047489 -1.869423
-0.953582 0.123105 -0.915059
-1.111034 0.209087 -1.428289
-1.030741 0.380252 -1.181072
-1.108839 0.427346 -1.573189
-1.209479 0.590800 -0.535861
-1.407876 0.780998 -1.056844
-1.360236 1.011048 -0.561595
-1.379140 1.090613 -1.108491
-1.377180 1.244410 -0.101511
-1.445138 1.380000 -0.767939
-1.249959 1.385889 -0.441234
-1.095937 1.459615 -0.898467
-1.063353 1.416332 0.122018
-1.089917 1.351653 -0.617319
-0.903059 1.602232 0.643009
-0.694130 1.569208 -0.257026
-0.709641 1.846443 1.457351
-0.729559 1.883728 0.786520
-0.685918 1.868374 1.134044
-0.633996 1.336408 0.970290
-0.727213 1.254837 0.709472
-0.340270 -0.356507 -0.379471
-0.424361 -0.425809 -0.240562
-0.486008 -0.543378 -0.561644
-0.531385 -0.517592 -0.299542
-0.568059 -0.593861 -1.190289
-0.560404 -0.552851 -0.401667
-0.747633 -0.670241 -1.639887
-0.747312 -0.546661 -0.975286
-0.838253 -0.584352 -2.143049
-0.697079 -0.420615 -0.618369
-0.798323 -0.413249 -2.078878
-0.814293 -0.177299 -0.875381
-0.907249 -0.114637 -2.463862
-0.807707 0.186676 -0.361217
-1.062918 0.176834 -1.903672
-1.041699 0.473416 -0.343414
-1.165802 0.599259 -1.794983
-1.048396 0.845010 0.296272
-1.173948 0.866563 -1.163326
-1.116069 1.064378 0.012511
-1.130245 1.226555 -1.147884
-1.039462 1.326187 0.381034
-1.144032 1.318322 -0.762978
-0.971976 1.446198 0.399335
-0.887975 1.376681 -0.744572
-0.774934 1.372449 0.821811
-0.945825 1.011686 -0.296934
-0.905263 1.226440 0.642021
-0.682078 1.076913 -0.022871
-0.748591 1.164087 0.865677
-0.653071 0.832206 0.372835
-0.798326 0.980910 0.628968
-0.270824 -0.389226 -0.199579
-0.342441 -0.311770 -0.264677
-0.357723 -0.451470 -0.519061
-0.396285 -0.407855 -0.249234
-0.560190 -0.395920 -0.888172
-0.570025 -0.447383 -0.854297
-0.804529 -0.499244 -1.682278
-0.698371 -0.308529 -1.179566
-0.919509 -0.214475 -1.701564
-0.839193 -0.106664 -1.350614
-0.966809 -0.031729 -2.002295
-0.861168 0.070873 -1.237986
-1.004909 0.130392 -1.536562
-0.877153 0.324095 -1.026755
-1.067882 0.394688 -1.412701
-1.083389 0.657580 -0.669259
-1.174597 0.708625 -0.788017
-1.111799 1.009939 -0.126257
-1.147983 1.100374 -0.875649
-1.124699 1.277928 0.137537
-1.116569 1.362399 -0.611053
-1.039796 1.495480 0.533603
-0.985285 1.589799 -0.808509
-0.938729 1.667777 0.606343
-0.828578 1.522486 -0.155779
-0.844900 2.131745 2.373585
-0.818064 2.085739 0.518023
-0.965978 2.526205 2.145457
-0.977516 2.506009 1.448635
-0.951770 2.607265 2.134184
-1.018259 2.304920 1.756294
-1.017005 1.858533 1.508934
-0.349818 -0.649366 -0.318779
-0.360369 -0.817530 -0.235350
-0.353525 -1.020318 -0.421131
-0.355898 -1.012623 -0.204826
-0.431064 -1.052318 -0.987042
-0.494667 -0.984674 -0.270170
-0.711217 -0.896097 -1.720763
-0.747130 -0.777425 -1.130289
-0.888320 -0.956853 -2.444875
-0.851389 -0.573804 -0.728872
-0.945428 -0.577187 -2.295472
-0.971041 -0.326262 -1.202679
-0.996045 -0.399106 -2.790153
-1.006345 0.025537 -0.602502
-1.226003 -0.031536 -1.971613
-1.149284 0.433480 -0.613905
-1.042577 0.373235 -1.703078
-1.072484 0.741533 0.154178
-1.161660 0.765279 -1.032880
-1.097282 1.030786 0.061404
-1.007673 1.141392 -0.946885
-1.010998 1.291076 0.489577
-1.062873 1.351339 -0.554753
-0.969672 1.455958 0.747472
-0.876778 1.289090 -0.567766
-0.846557 1.373823 1.007471
-0.952499 1.167562 -0.124378
-1.124346 1.239390 0.771038
-0.932226 1.086054 0.414029
-1.060963 1.336025 0.846846
-0.933415 0.942799 0.619976
-0.970684 1.154849 0.978840
-0.338818 -0.446270 -0.278422
-0.380500 -0.392770 0.057943
-0.371496 -0.583440 -0.849514
-0.352192 -0.527610 0.432658
-0.576866 -0.538716 -1.247266
-0.612093 -0.565428 -0.082103
-0.839759 -0.659047 -2.372055
-0.686722 -0.388722 -0.145703
-1.092798 -0.462681 -2.813104
-0.959684 -0.200314 -0.435955
-1.170274 -0.203817 -3.434628
-0.907232 0.011648 -0.189830
-1.178418 0.092309 -2.954835
-1.037591 0.359252 -0.412404
-1.033283 0.317915 -2.679713
-1.115497 0.613135 0.414855
-1.177292 0.541099 -1.736637
-1.105353 0.885931 0.415704
-1.117419 0.966750 -1.646381
-1.133112 1.298093 1.073270
-1.165847 1.317195 -1.171946
-1.084666 1.522729 1.062732
-0.968556 1.516340 -1.194092
-0.903750 1.688696 1.826303
-0.830940 1.317171 -0.715566
-0.925275 1.968984 1.852659
-0.860183 1.842065 -0.212836
-0.989132 2.422295 2.360215
-0.991452 2.295099 0.817158
-1.062600 2.451560 1.587797
-1.106465 2.118793 1.282818
-0.965229 1.813888 1.034873
-0.406499 -0.782095 -0.381052
-0.368121 -0.958511 0.068856
-0.324093 -1.209818 -0.648572
-0.353728 -1.076646 0.377707
-0.459919 -1.097911 -1.348704
-0.447866 -0.976416 0.830184
-0.774054 -0.879154 -1.998697
-0.669542 -0.731775 0.012520
-1.003399 -0.950481 -3.133494
-0.619685 -0.578862 0.317404
-0.992707 -0.782744 -3.225650
-0.835430 -0.491141 0.049509
-1.124876 -0.655496 -4.072706
-0.718167 -0.037097 0.334293
-0.919624 -0.377049 -3.030175
-0.907489 0.199992 0.379838
-0.995099 -0.014715 -2.877618
-0.876140 0.644002 1.020710
-0.960053 0.479068 -1.920450
-0.938304 0.922560 0.866251
-0.923982 1.030354 -1.639609
-0.853940 1.244112 1.461921
-1.006877 1.063965 -1.147038
-0.869997 1.265782 1.306207
-0.773568 1.123793 -1.007310
-0.729398 1.320327 1.393533
-0.780085 0.996939 -0.426158
-0.853238 1.267951 1.118343
-0.782737 1.201984 0.021970
-0.940542 1.416955 0.984478
-0.988204 1.266025 0.449940
-0.993014 1.254441 0.512320
-0.377728 -0.460124 -0.095342
-0.441519 -0.446432 -0.026479
-0.392213 -0.605828 -0.502976
-0.393140 -0.534597 0.307342
-0.580647 -0.494566 -0.771261
-0.660966 -0.500978 0.072917
-0.879607 -0.514160 -1.630878
-0.778405 -0.372426 -0.101174
-1.111204 -0.336196 -1.846003
-0.905144 -0.308174 -0.142486
-1.222892 -0.322572 -2.855254
-0.852655 -0.111742 -0.237345
-1.239058 -0.123032 -2.308733
-0.932073 0.237608 0.093824
-1.146042 0.082188 -2.443279
-0.926381 0.463366 0.265768
-1.038571 0.244613 -1.508044
-1.005561 0.663352 0.659032
-0.968095 0.646596 -1.478758
-1.002936 0.932994 0.829206
-1.010854 0.888058 -1.072684
-0.974946 1.222566 1.664372
-0.903663 1.224632 -1.301055
-0.829957 1.421380 1.344924
-0.794444 1.252647 -0.848369
-0.741157 1.707578 2.337029
-0.614546 1.457498 -0.343137
-0.736417 1.813150 1.965016
-0.801659 1.810455 0.121863
-0.871660 1.822620 1.286881
-0.907086 1.797092 0.635943
-0.866168 1.554916 0.835036
-0.349958 -0.702729 -0.217361
-0.318033 -0.856728 -0.075933
-0.291372 -0.968141 -0.248924
-0.301729 -0.913789 0.187464
-0.375774 -1.020459 -0.784075
-0.480580 -0.832676 0.540471
-0.732743 -0.557822 -0.877204
-0.705603 -0.547560 0.117068
-0.885776 -0.546550 -1.451037
-0.702364 -0.501771 0.250131
-1.040559 -0.313710 -1.391234
-0.797767 -0.390858 0.056947
-1.118188 -0.504465 -2.425066
-0.775692 -0.158350 0.395370
-1.033023 -0.197041 -1.644718
-0.931532 0.085832 0.246345
-0.954532 -0.072313 -1.828713
-0.868050 0.316044 0.697168
-0.916649 0.344965 -1.124996
-0.863273 0.554324 0.438142
-0.821758 0.534568 -1.177489
-0.843781 0.747514 0.975298
-0.899623 0.779818 -0.891468
-0.921093 0.884590 0.843031
-0.741628 0.828116 -0.841347
-0.766913 0.914432 1.036368
-0.794693 0.861062 -0.452687
-0.902625 0.917396 0.797927
-0.790956 0.969310 -0.289796
-0.878267 1.044561 0.638049
-0.918582 1.059019 0.028807
-0.800642 1.091667 0.405652
-0.310854 -0.496362 -0.034740
-0.387826 -0.502400 0.067217
-0.341962 -0.561838 -0.467605
-0.318188 -0.471332 0.308311
-0.448345 -0.409017 -0.525318
-0.527167 -0.386333 0.237573
-0.610437 -0.327118 -0.925539
-0.583258 -0.316135 0.324523
-0.722807 -0.152997 -0.903817
-0.649467 -0.258048 0.171234
-0.824607 -0.140884 -1.421981
-0.652253 -0.197503 0.257980
-0.878652 0.066306 -1.273908
-0.717234 0.072813 0.369654
-0.893696 0.185054 -1.443466
-0.785503 0.184319 0.457272
-0.897930 0.315860 -0.950343
-0.782640 0.333451 0.464608
-0.776423 0.410614 -1.230593
-0.747293 0.511312 0.829842
-0.793584 0.541502 -0.925008
-0.808525 0.705058 0.681199
-0.777224 0.698978 -1.352478
-0.736155 0.999145 1.404123
-0.703995 1.018774 -1.068126
-0.734592 1.122576 1.139616
-0.632370 1.183635 -1.059156
-0.678945 1.287124 1.228362
-0.645914 1.354682 -0.346045
-0.660046 1.356262 0.905204
-0.683792 1.312204 -0.005675
-0.631529 1.174459 0.231895
-0.264905 -0.576458 -0.208826
-0.238470 -0.617622 0.058534
-0.197157 -0.695287 -0.252104
-0.191560 -0.643435 0.178494
-0.225805 -0.699326 -0.659104
-0.293219 -0.559506 0.471626
-0.365608 -0.378415 -0.573564
-0.464942 -0.403595 0.339999
-0.446678 -0.313711 -1.053715
-0.403453 -0.316541 0.415555
-0.462670 -0.225788 -0.843619
-0.473448 -0.234963 0.481508
-0.510832 -0.181704 -1.221359
-0.534659 -0.052548 0.465611
-0.648820 -0.001823 -0.873358
-0.729942 0.082189 0.394870
-0.671578 0.095609 -1.137767
-0.668812 0.242781 0.553701
-0.654222 0.263176 -0.843725
-0.670534 0.338677 0.355173
-0.646112 0.410947 -1.161934
-0.596979 0.592478 0.965022
-0.669666 0.464188 -0.861341
-0.631610 0.613772 0.781768
-0.570122 0.708967 -1.122263
-0.636918 0.773419 0.702990
-0.691395 0.714844 -0.792682
-0.703941 0.799612 0.442650
-0.640739 0.850212 -0.680998
-0.684436 0.906097 0.306405
-0.681821 0.913877 -0.367066
-0.549380 0.903340 0.143450
-0.340729 -0.501250 0.059458
-0.377130 -0.464920 0.008544
-0.310776 -0.518006 -0.169775
-0.247384 -0.419480 0.159111
-0.272338 -0.448352 -0.180859
-0.350286 -0.412803 0.176695
-0.331803 -0.380914 -0.614102
-0.351352 -0.322596 0.446411
-0.398587 -0.253068 -0.647034
-0.384066 -0.214978 0.416073
-0.324737 -0.154685 -0.813927
-0.293446 -0.078922 0.371200
-0.323398 -0.085635 -0.798700
-0.356808 0.016984 0.429040
-0.390264 -0.002276 -0.863714
-0.439478 0.143367 0.391851
-0.433528 0.102722 -0.712263
-0.451173 0.187655 0.357341
-0.413497 0.145042 -0.825712
-0.428031 0.283403 0.397308
-0.436010 0.277128 -0.671948
-0.487088 0.487657 0.547945
-0.491024 0.506449 -1.036751
-0.476130 0.694145 0.584255
-0.414704 0.808904 -1.152998
-0.422757 0.892923 0.726150
-0.392066 0.912014 -1.239764
-0.435033 1.110146 0.604478
-0.398567 1.122377 -0.939096
-0.379614 1.153179 0.143871
-0.370761 1.136805 -0.522249
-0.279745 1.070185 -0.194311
-0.325664 -0.501098 -0.063791
-0.306804 -0.529600 -0.025562
-0.254885 -0.610053 0.007469
-0.194458 -0.572406 -0.001514
-0.159601 -0.634185 -0.274049
-0.174873 -0.521398 0.232030
-0.184023 -0.483841 -0.242370
-0.213258 -0.428148 0.210745
-0.180802 -0.422645 -0.662288
-0.132836 -0.307594 0.248016
-0.082941 -0.301818 -0.650869
-0.024925 -0.171780 0.211225
-0.004760 -0.220120 -0.850791
-0.030363 -0.053479 0.200189
-0.078003 -0.054682 -0.754960
-0.125712 0.108499 0.215961
-0.074829 0.068654 -0.782967
-0.116443 0.148302 0.134203
-0.152035 0.183679 -0.660625
-0.156836 0.293727 0.077449
-0.135173 0.263480 -0.833095
-0.167367 0.408417 0.307980
-0.280034 0.439552 -0.779850
-0.292580 0.612370 0.264564
-0.362330 0.640745 -0.977353
-0.307053 0.733589 0.278027
-0.423854 0.700792 -0.919222
-0.399456 0.850935 0.011004
-0.412213 0.805851 -0.959276
-0.392382 0.916868 -0.031842
-0.442353 0.844943 -0.649699
-0.303155 0.905470 -0.183342
-0.344800 -0.464330 0.004988
-0.397370 -0.463400 0.040926
-0.341465 -0.485873 -0.171241
-0.233313 -0.432846 0.232557
-0.205780 -0.462376 -0.130284
-0.163286 -0.424878 0.227739
-0.089762 -0.417086 -0.429537
-0.026069 -0.367887 0.371147
0.022943 -0.329025 -0.517312
0.094940 -0.277652 0.293362
0.179100 -0.230862 -0.623745
0.251142 -0.153576 0.142981
0.220382 -0.148024 -0.610685
0.221106 -0.056739 0.204634
0.201680 -0.061925 -0.737516
0.211586 0.097811 0.117892
0.153737 0.095992 -0.599671
0.162690 0.176576 0.103102
0.141410 0.178791 -0.639285
0.210471 0.250827 0.019858
0.170112 0.284583 -0.480877
0.120264 0.350690 0.162861
-0.030943 0.420877 -0.905914
-0.054607 0.495305 0.336471
-0.152692 0.694418 -1.074611
-0.133829 0.739168 0.272848
-0.175656 0.897242 -1.450421
-0.132119 0.960397 0.216781
-0.148804 0.970009 -1.056379
-0.090276 0.972998 0.018677
-0.081169 1.009616 -0.700856
-0.077243 0.954726 -0.409067
-0.324000 -0.485072 -0.102377
-0.333893 -0.498340 0.022342
-0.268598 -0.572918 -0.107535
-0.216660 -0.510324 0.083023
-0.140933 -0.539310 -0.293875
-0.088518 -0.459637 0.286338
0.031960 -0.486689 -0.257553
0.140992 -0.450562 0.201558
0.263557 -0.452139 -0.572088
0.351416 -0.373166 0.177476
0.427594 -0.370384 -0.546251
0.470946 -0.278829 0.013669
0.439757 -0.285321 -0.718008
0.443398 -0.164730 -0.008857
0.431482 -0.155370 -0.646887
0.479346 -0.004598 -0.032250
0.442656 -0.018840 -0.790363
0.453239 0.078021 -0.070706
0.463884 0.108806 -0.567344
0.486381 0.231196 -0.140092
0.422776 0.249705 -0.547258
0.393729 0.322355 -0.092476
0.275053 0.393282 -0.395183
0.163041 0.438333 -0.039360
-0.036124 0.539801 -0.813487
-0.068745 0.625484 -0.050434
-0.156926 0.672489 -0.699897
-0.131016 0.777285 -0.220455
-0.155068 0.829384 -0.833946
-0.120919 0.897744 -0.337407
-0.163523 0.911629 -0.675417
-0.067126 0.893596 -0.437774
-0.365943 -0.531547 -0.051474
-0.410860 -0.467005 0.046376
-0.360342 -0.534247 -0.154201
-0.297361 -0.457747 0.224535
-0.238166 -0.516484 -0.043711
-0.149186 -0.483958 0.078693
0.006223 -0.481476 -0.278515
0.177595 -0.465532 0.115245
0.301860 -0.440094 -0.342868
0.402926 -0.415996 -0.067672
0.431716 -0.339617 -0.498328
0.476250 -0.272035 -0.142442
0.413404 -0.199230 -0.495488
0.435644 -0.127704 -0.175864
0.410959 -0.060274 -0.612460
0.487380 0.052882 -0.142328
0.469575 0.106937 -0.600506
0.483811 0.194797 -0.115692
0.457688 0.227593 -0.466230
0.499388 0.309199 -0.087313
0.488192 0.299105 -0.423083
0.446999 0.373354 -0.215603
0.371503 0.424284 -0.392632
0.340767 0.482512 -0.085556
0.263307 0.610573 -0.776278
0.167660 0.635313 -0.020038
0.108806 0.709023 -0.820489
0.098766 0.768882 -0.160082
0.094451 0.877517 -0.971394
0.112104 0.863523 -0.273478
0.077148 0.892511 -0.617525
0.070510 0.810411 -0.445266
-0.359179 -0.641801 -0.174559
-0.375077 -0.593032 0.104730
-0.328297 -0.673169 -0.138695
-0.267325 -0.492622 0.004526
-0.138285 -0.564335 -0.261748
-0.045968 -0.479255 0.180176
0.112187 -0.522404 -0.025481
0.247704 -0.488696 0.055965
0.365658 -0.509214 -0.361303
0.403492 -0.489274 -0.091166
0.423584 -0.426035 -0.414533
0.415927 -0.319273 -0.236270
0.406817 -0.306045 -0.715356
0.390367 -0.208384 -0.291539
0.431103 -0.184806 -0.656475
0.450445 -0.015928 -0.339630
0.461663 -0.056976 -0.745762
0.422071 0.095290 -0.201152
0.453600 0.097605 -0.580471
0.461152 0.259489 -0.251883
0.440493 0.240515 -0.499739
0.413223 0.307141 -0.291715
0.378539 0.296379 -0.415392
0.349737 0.418629 -0.260723
0.283061 0.429388 -0.555878
0.225606 0.560142 -0.207703
0.155423 0.567785 -0.588098
0.148630 0.737893 -0.303101
0.057681 0.742572 -0.764088
0.058394 0.841021 -0.382258
0.006095 0.833649 -0.519570
-0.020990 0.781346 -0.299607
-0.383224 -0.611665 -0.156701
-0.422194 -0.469108 0.127691
-0.377073 -0.495623 -0.314117
-0.292625 -0.368973 0.313433
-0.211044 -0.477975 -0.164460
-0.118535 -0.467809 0.162121
0.041200 -0.509742 -0.311127
0.203010 -0.515162 0.007515
0.290621 -0.449284 -0.333919
0.315313 -0.456833 -0.179164
0.291319 -0.346904 -0.508773
0.275418 -0.314427 -0.365407
0.295008 -0.196709 -0.642408
0.293615 -0.095514 -0.232762
0.288665 -0.057213 -0.762989
0.323530 0.052817 -0.202036
0.416121 0.025947 -0.643976
0.453714 0.194399 -0.184751
0.495015 0.199087 -0.557629
0.493203 0.247841 -0.256460
0.501005 0.229691 -0.496207
0.495832 0.284592 -0.307662
0.457911 0.325126 -0.604332
0.390286 0.376759 -0.261474
0.318738 0.424906 -0.565316
0.331527 0.535642 -0.252269
0.308217 0.523214 -0.728720
0.246008 0.658941 -0.218007
0.139944 0.648618 -0.647969
0.114007 0.699225 -0.388215
0.069318 0.725214 -0.667074
0.034151 0.622670 -0.640390
-0.158893 -0.537696 -0.086135
-0.171972 -0.512764 0.203693
-0.182693 -0.492893 -0.134721
-0.118758 -0.380276 0.262463
-0.072242 -0.395935 -0.175618
0.027095 -0.332863 0.300652
0.138873 -0.394652 -0.096570
0.196667 -0.358212 0.181223
0.291465 -0.353034 -0.198425
0.309793 -0.292557 0.020015
0.364427 -0.229656 -0.315448
0.364358 -0.128191 -0.173170
0.366439 -0.106437 -0.473082
0.332011 -0.016049 -0.148160
0.340659 -0.007871 -0.507553
0.351287 0.153627 -0.250654
0.390670 0.066987 -0.584387
0.395661 0.224055 -0.167263
0.432791 0.179625 -0.379122
0.463451 0.302291 -0.242063
0.448820 0.248671 -0.402485
0.396744 0.312320 -0.241016
0.378799 0.290080 -0.368864
0.352034 0.415138 -0.240738
0.352958 0.403013 -0.480554
0.305030 0.549502 -0.206916
0.261290 0.530444 -0.484147
0.242949 0.685301 -0.370768
0.203558 0.644517 -0.577381
0.179260 0.694986 -0.396147
0.065365 0.723422 -0.523742
0.083780 0.610559 -0.464418
