-0.199105 2.438291 0.662573
-0.206982 2.450967 0.621457
-0.220458 2.386001 0.608536
-0.181229 2.483619 0.677009
-0.212139 2.373274 0.641232
-0.171522 2.461816 0.722921
-0.201396 2.360104 0.683703
-0.189515 2.417815 0.706517
-0.188086 2.500341 0.631271
-0.238667 2.332223 0.629990
-0.243686 2.340756 0.599522
-0.170812 2.394918 0.755764
-0.154982 2.435228 0.770857
-0.223417 2.323123 0.673706
-0.183672 2.344540 0.737998
-0.201730 2.313730 0.727042
-0.151052 2.370832 0.807015
-0.133737 2.409276 0.818707
-0.175045 2.300539 0.786295
-0.162088 2.328473 0.794955
-0.132483 2.354386 0.849708
-0.114406 2.388932 0.857845
-0.152754 2.290192 0.832914
-0.142658 2.317667 0.840758
0.199105 2.438292 0.662573
0.212139 2.373274 0.641232
0.220458 2.386001 0.608536
0.201396 2.360104 0.683703
0.206982 2.450968 0.621457
0.189515 2.417815 0.706517
0.181229 2.483619 0.677009
0.171522 2.461817 0.722921
0.238667 2.332223 0.629990
0.223417 2.323123 0.673706
0.188086 2.500342 0.631271
0.170812 2.394919 0.755764
0.183672 2.344540 0.737998
0.243686 2.340757 0.599522
0.201730 2.313730 0.727042
0.154982 2.435228 0.770857
0.175045 2.300539 0.786295
0.162088 2.328473 0.794955
0.151052 2.370832 0.807015
0.133737 2.409276 0.818707
0.152754 2.290192 0.832914
0.132483 2.354386 0.849708
0.114406 2.388932 0.857845
0.142658 2.317667 0.840758
0.000000 1.983153 0.940471
-0.008199 1.982209 0.942122
-0.000000 1.978288 0.934325
-0.010378 1.978042 0.937056
-0.015214 1.978896 0.947917
-0.017562 1.975050 0.943596
-0.000000 1.983156 0.924259
-0.020488 1.973809 0.956814
-0.023004 1.970284 0.953239
-0.015476 1.983741 0.927082
-0.024585 1.968472 0.966150
-0.026965 1.965577 0.963542
-0.023468 1.977495 0.938154
-0.010510 1.993864 0.908581
-0.000000 1.991934 0.907477
-0.027652 1.963784 0.974349
-0.028902 1.970516 0.951129
-0.008694 2.005954 0.887274
-0.000000 2.004003 0.886158
-0.017463 1.990638 0.927382
-0.032612 1.960334 0.980383
-0.029916 1.961445 0.972845
-0.032521 1.965513 0.962314
-0.033343 1.975455 0.953935
-0.026733 1.983548 0.939782
-0.007901 2.018042 0.865967
-0.000000 2.016072 0.864839
-0.014087 1.999534 0.911822
-0.011649 2.011693 0.890556
-0.033218 1.966817 0.975623
-0.036054 1.963951 0.974059
-0.033110 1.961201 0.972289
-0.036217 1.969407 0.964514
-0.032521 1.973280 0.966755
-0.015476 1.994391 0.933171
-0.006876 2.032593 0.840759
-0.000000 2.030662 0.839654
-0.010510 2.005203 0.915064
-0.010580 2.023852 0.869289
-0.028902 1.980381 0.956770
-0.029915 1.966268 0.975602
-0.000000 2.045332 0.814515
-0.000000 1.997126 0.932246
-0.008694 2.017433 0.893837
-0.009203 2.038296 0.844022
-0.026965 1.972188 0.967322
-0.023468 1.988019 0.944171
-0.006974 2.047202 0.815586
-0.000000 2.061007 0.786899
0.000000 2.007134 0.916168
-0.007901 2.029663 0.872611
-0.010378 1.988688 0.943143
-0.023004 1.978679 0.958040
-0.007948 2.062893 0.787980
-0.000000 2.019384 0.894953
-0.009331 2.052737 0.818755
-0.000000 1.990920 0.941545
-0.017562 1.984568 0.949040
-0.000000 2.076683 0.759283
-0.000000 2.031640 0.873738
-0.006974 2.058288 0.821926
-0.010627 2.068504 0.791188
-0.009779 2.078599 0.760375
-0.000000 2.093142 0.730309
-0.000000 2.045945 0.848391
-0.006876 2.043998 0.847286
-0.007948 2.074116 0.794397
-0.011918 2.095073 0.731411
-0.000000 2.060158 0.822998
-0.013071 2.084272 0.763620
-0.000000 2.076017 0.795478
-0.000000 2.109586 0.701333
-0.009779 2.089943 0.766865
-0.000000 2.091859 0.767958
-0.015921 2.100806 0.734694
-0.013950 2.111532 0.702447
-0.000000 2.126616 0.671355
-0.000000 2.108485 0.739081
-0.011918 2.106554 0.737977
-0.016101 2.128578 0.672480
-0.018631 2.117341 0.705768
-0.000000 2.125097 0.710203
-0.000000 2.143647 0.641379
-0.013950 2.123150 0.709088
-0.021492 2.134464 0.675838
-0.017847 2.145625 0.642514
-0.000000 2.161040 0.610755
-0.000000 2.142295 0.680321
-0.016100 2.140333 0.679196
-0.019866 2.163048 0.611901
-0.023814 2.151570 0.645909
-0.000000 2.159493 0.650440
-0.000000 2.178432 0.580131
-0.017847 2.157501 0.649305
-0.026498 2.169054 0.615335
-0.021837 2.180455 0.581289
-0.000000 2.177053 0.619912
-0.019866 2.175061 0.618768
-0.000000 2.198055 0.545832
-0.029115 2.186538 0.584759
-0.000000 2.194628 0.589386
-0.024383 2.200077 0.546988
-0.021837 2.192605 0.588230
-0.000000 2.219619 0.508098
-0.032510 2.206144 0.550459
-0.000000 2.214234 0.555087
-0.026933 2.221641 0.509255
-0.024383 2.212212 0.553930
-0.035910 2.227724 0.512726
-0.000000 2.235814 0.517354
-0.026933 2.233792 0.516197
0.008199 1.982209 0.942122
0.010378 1.978042 0.937056
0.017562 1.975050 0.943596
0.015476 1.983741 0.927082
0.015214 1.978896 0.947917
0.010510 1.993864 0.908581
0.023468 1.977495 0.938154
0.023004 1.970283 0.953239
0.008694 2.005954 0.887274
0.017463 1.990637 0.927382
0.026733 1.983547 0.939782
0.020488 1.973809 0.956814
0.028902 1.970516 0.951129
0.011649 2.011693 0.890556
0.014087 1.999534 0.911822
0.026965 1.965577 0.963542
0.015476 1.994390 0.933171
0.007901 2.018042 0.865967
0.010510 2.005203 0.915064
0.024585 1.968472 0.966150
0.033343 1.975455 0.953935
0.032521 1.965513 0.962314
0.010580 2.023852 0.869289
0.008694 2.017433 0.893837
0.027652 1.963784 0.974349
0.023468 1.988019 0.944171
0.028902 1.980381 0.956770
0.032521 1.973280 0.966755
0.036217 1.969407 0.964514
0.006876 2.032593 0.840759
0.009203 2.038296 0.844022
0.010378 1.988688 0.943143
0.033110 1.961201 0.972289
0.029915 1.961445 0.972845
0.032612 1.960334 0.980383
0.023004 1.978679 0.958040
0.026965 1.972188 0.967322
0.007901 2.029663 0.872611
0.017562 1.984568 0.949040
0.033218 1.966817 0.975623
0.036054 1.963951 0.974059
0.006974 2.047202 0.815586
0.006876 2.043998 0.847286
0.029915 1.966268 0.975602
0.009331 2.052737 0.818755
0.006974 2.058288 0.821926
0.007948 2.062893 0.787980
0.007948 2.074116 0.794397
0.010627 2.068504 0.791188
0.009779 2.078599 0.760375
0.009779 2.089943 0.766865
0.011918 2.095073 0.731411
0.013071 2.084271 0.763620
0.015921 2.100806 0.734694
0.011918 2.106554 0.737977
0.013950 2.111532 0.702447
0.013950 2.123150 0.709088
0.016101 2.128578 0.672480
0.018631 2.117341 0.705768
0.021492 2.134463 0.675838
0.016100 2.140333 0.679196
0.017847 2.145625 0.642514
0.017847 2.157501 0.649305
0.019866 2.163048 0.611901
0.023814 2.151570 0.645909
0.026498 2.169054 0.615335
0.019866 2.175061 0.618768
0.021837 2.180455 0.581289
0.021837 2.192605 0.588230
0.029115 2.186537 0.584759
0.024383 2.200077 0.546988
0.024383 2.212212 0.553930
0.032510 2.206145 0.550459
0.026933 2.221641 0.509255
0.026933 2.233791 0.516197
0.035910 2.227724 0.512726
0.000000 2.251206 0.869252
-0.031960 2.250395 0.867384
0.000000 2.268543 0.825587
-0.034284 2.266243 0.827012
-0.059027 2.246901 0.862785
0.000000 2.280224 0.792984
-0.078446 2.246904 0.852741
-0.069884 2.261009 0.830382
-0.039469 2.276897 0.795421
-0.094122 2.253333 0.833808
-0.045163 2.287807 0.756505
0.000000 2.292089 0.753790
-0.081379 2.271214 0.800492
0.000000 2.302601 0.706940
-0.106245 2.260224 0.802487
-0.095981 2.279970 0.761512
-0.054517 2.296460 0.707565
-0.120445 2.267268 0.764081
0.000000 2.309973 0.660010
-0.112020 2.288368 0.709702
-0.064559 2.303361 0.660342
-0.139704 2.275095 0.709832
0.000000 2.311652 0.619224
-0.129451 2.293021 0.658303
-0.069129 2.305435 0.623381
-0.156923 2.280859 0.655695
-0.070689 2.298863 0.586513
0.000000 2.306184 0.577852
-0.161414 2.281741 0.631002
-0.138016 2.293856 0.626012
-0.072643 2.282895 0.559001
0.000000 2.289079 0.543340
-0.163194 2.283473 0.602755
-0.073885 2.257288 0.548265
0.000000 2.260763 0.530561
-0.141021 2.290300 0.595681
-0.069343 2.222988 0.555355
0.000000 2.220006 0.542489
-0.141689 2.271589 0.586996
-0.138380 2.251301 0.585558
-0.062234 2.192258 0.574380
-0.000000 2.188492 0.566219
-0.158924 2.264446 0.605541
-0.132534 2.226728 0.589785
-0.055516 2.164314 0.595647
-0.000000 2.161013 0.589892
-0.155378 2.247447 0.610484
-0.124497 2.200855 0.598599
-0.048634 2.138022 0.616756
-0.000000 2.136065 0.613111
-0.150785 2.229100 0.616088
-0.143762 2.205798 0.623154
-0.113599 2.172147 0.611475
-0.041027 2.114476 0.637784
-0.000000 2.113101 0.635481
-0.134492 2.179510 0.630813
-0.101208 2.143664 0.627334
-0.032213 2.093600 0.659008
-0.000000 2.092337 0.658046
-0.123307 2.149229 0.644649
-0.088757 2.119363 0.645682
-0.023475 2.078416 0.680826
-0.110738 2.122869 0.660460
-0.068614 2.094915 0.665097
-0.000000 2.074602 0.683023
-0.094429 2.096720 0.679314
-0.040516 2.068759 0.700547
-0.000000 2.063541 0.703968
-0.073108 2.078320 0.690517
0.031960 2.250394 0.867384
0.034284 2.266244 0.827012
0.059027 2.246901 0.862785
0.039469 2.276897 0.795421
0.069884 2.261009 0.830382
0.078446 2.246904 0.852741
0.045163 2.287807 0.756505
0.094122 2.253333 0.833808
0.081379 2.271214 0.800492
0.054517 2.296460 0.707565
0.095981 2.279970 0.761512
0.106245 2.260224 0.802487
0.112020 2.288368 0.709702
0.120445 2.267268 0.764081
0.064559 2.303361 0.660342
0.139704 2.275095 0.709832
0.129452 2.293022 0.658303
0.069129 2.305435 0.623381
0.156923 2.280859 0.655695
0.070689 2.298863 0.586513
0.138016 2.293857 0.626012
0.161414 2.281742 0.631002
0.072642 2.282895 0.559001
0.141021 2.290300 0.595681
0.163194 2.283473 0.602755
0.141689 2.271589 0.586996
0.073885 2.257288 0.548265
0.158924 2.264446 0.605541
0.138380 2.251301 0.585558
0.069343 2.222988 0.555355
0.155378 2.247447 0.610484
0.132534 2.226729 0.589785
0.062234 2.192258 0.574380
0.150785 2.229100 0.616088
0.124497 2.200855 0.598599
0.143762 2.205798 0.623154
0.055516 2.164314 0.595647
0.113599 2.172147 0.611475
0.134492 2.179510 0.630813
0.123307 2.149229 0.644649
0.048634 2.138022 0.616756
0.101208 2.143664 0.627334
0.110738 2.122869 0.660460
0.041027 2.114476 0.637784
0.088757 2.119363 0.645682
0.068614 2.094915 0.665097
0.094429 2.096720 0.679314
0.032213 2.093601 0.659008
0.073108 2.078320 0.690517
0.040516 2.068760 0.700547
0.023475 2.078416 0.680826
-0.000000 -0.225603 0.228327
-0.086366 -0.225675 0.211147
-0.000000 -0.351926 0.218812
-0.159583 -0.225881 0.162225
-0.082522 -0.351995 0.202398
-0.208506 -0.226189 0.089008
-0.152481 -0.352192 0.155654
-0.078335 -0.478795 0.192826
-0.000000 -0.478729 0.208407
-0.225686 -0.226553 0.002643
-0.199225 -0.352487 0.085696
-0.074149 -0.605592 0.183252
-0.000000 -0.605530 0.198001
-0.144745 -0.478981 0.148452
-0.208506 -0.226916 -0.083722
-0.215640 -0.352834 0.003175
-0.070160 -0.733657 0.174159
-0.000000 -0.733598 0.188116
-0.137010 -0.605769 0.141250
-0.189119 -0.479261 0.082043
-0.159583 -0.227225 -0.156939
-0.199225 -0.353182 -0.079346
-0.066170 -0.861721 0.165067
-0.000000 -0.861665 0.178230
-0.129638 -0.733824 0.134418
-0.179011 -0.606033 0.078390
-0.204700 -0.479591 0.003708
-0.086366 -0.227431 -0.205861
-0.152481 -0.353476 -0.149305
-0.061828 -0.987999 0.155115
-0.000000 -0.987947 0.167413
-0.122267 -0.861878 0.127586
-0.169380 -0.734075 0.074940
-0.193761 -0.606346 0.004242
-0.189119 -0.479921 -0.074626
-0.000000 -0.227503 -0.223041
-0.082522 -0.353673 -0.196049
-0.057485 -1.114278 0.145162
-0.000000 -1.114230 0.156597
-0.114243 -0.988147 0.120093
-0.159749 -0.862114 0.071489
-0.183336 -0.734370 0.004781
-0.179011 -0.606658 -0.069907
-0.144745 -0.480200 -0.141036
-0.000000 -0.353742 -0.212464
0.000000 -1.242326 0.145385
-0.106218 -1.114415 0.112600
-0.149265 -0.988367 0.067678
-0.172912 -0.862393 0.005320
-0.169380 -0.734665 -0.065378
-0.137010 -0.606922 -0.132767
-0.078336 -0.480387 -0.185409
-0.000000 -0.480453 -0.200990
-0.052988 -1.242371 0.134845
-0.138781 -1.114620 0.063867
-0.161563 -0.988628 0.005851
-0.159749 -0.862672 -0.060850
-0.129638 -0.734916 -0.124857
-0.074149 -0.607099 -0.174768
-0.000000 -0.607161 -0.189517
-0.000000 -1.370439 0.134173
-0.097909 -1.242497 0.104830
-0.150215 -1.114862 0.006383
-0.149265 -0.988888 -0.055976
-0.122267 -0.862908 -0.116946
-0.070160 -0.735083 -0.164598
-0.000000 -0.735142 -0.178554
-0.048491 -1.370479 0.124528
-0.127924 -1.242686 0.059910
-0.138781 -1.115104 -0.051101
-0.114243 -0.989109 -0.108390
-0.066170 -0.863066 -0.154428
-0.000000 -0.863121 -0.167590
0.000000 -1.495778 0.125678
-0.089599 -1.370595 0.097060
-0.138464 -1.242909 0.006922
-0.106218 -1.115309 -0.099834
-0.061828 -0.989256 -0.143412
-0.000000 -0.989308 -0.155710
-0.045038 -1.495816 0.116719
0.000000 -1.621103 0.117183
-0.117067 -1.370768 0.055952
-0.127924 -1.243133 -0.046065
-0.057485 -1.115446 -0.132397
-0.000000 -1.115494 -0.143831
-0.041585 -1.621138 0.108911
-0.083219 -1.495924 0.091208
-0.126713 -1.370972 0.007462
-0.097909 -1.243322 -0.090986
-0.000000 -1.243492 -0.131540
-0.037988 -1.748994 0.100765
0.000000 -1.748962 0.108321
-0.076839 -1.621237 0.085355
-0.108731 -1.496084 0.053027
-0.117067 -1.371176 -0.041029
-0.052988 -1.243448 -0.121001
-0.034391 -1.876850 0.092619
0.000000 -1.876821 0.099460
-0.070193 -1.749084 0.079247
-0.100395 -1.621385 0.050102
-0.117690 -1.496274 0.007989
-0.089599 -1.371349 -0.082137
-0.000000 -1.371505 -0.119250
0.000000 -2.003667 0.089981
-0.063546 -1.876932 0.073138
-0.091711 -1.749220 0.047042
-0.108667 -1.621560 0.008517
-0.108731 -1.496464 -0.037048
-0.048491 -1.371465 -0.109605
-0.030559 -2.003693 0.083903
-0.083027 -1.877055 0.043983
-0.099267 -1.749380 0.009055
-0.100395 -1.621736 -0.033068
-0.083219 -1.496624 -0.075229
0.000000 -1.496769 -0.109700
0.000000 -2.130496 0.080814
-0.056466 -2.003766 0.066593
-0.089868 -1.877200 0.009593
-0.091711 -1.749540 -0.028933
-0.076839 -1.621884 -0.068322
-0.045038 -1.496732 -0.100741
-0.026847 -2.130518 0.075474
-0.073777 -2.003875 0.040686
-0.083027 -1.877345 -0.024798
-0.070193 -1.749676 -0.061137
-0.041585 -1.621983 -0.091877
0.000000 -1.622018 -0.100149
-0.022930 -2.257984 0.066555
-0.000000 -2.257964 0.071116
-0.079855 -2.004003 0.010127
-0.049607 -2.130582 0.060267
-0.063546 -1.877467 -0.053953
-0.037988 -1.749766 -0.082655
-0.000000 -1.749798 -0.090212
-0.018789 -2.385451 0.057093
0.000000 -2.385435 0.060831
-0.073777 -2.004132 -0.020432
-0.064814 -2.130678 0.037507
-0.042370 -2.258038 0.053566
-0.034391 -1.877549 -0.073433
0.000000 -1.877578 -0.080274
-0.015318 -2.501383 0.049201
-0.056466 -2.004241 -0.046339
-0.070154 -2.130791 0.010660
-0.034717 -2.385496 0.046450
-0.055358 -2.258120 0.034127
-0.030559 -2.004314 -0.063649
-0.000000 -2.501370 0.052248
-0.064814 -2.130904 -0.016186
-0.028303 -2.501420 0.040525
-0.045360 -2.385563 0.030522
-0.059920 -2.258217 0.011197
0.000000 -2.004339 -0.069728
-0.014658 -2.555601 0.045351
-0.049607 -2.131000 -0.038946
-0.036980 -2.501474 0.027539
-0.049098 -2.385642 0.011733
-0.055358 -2.258313 -0.011733
-0.026847 -2.131064 -0.054153
-0.000000 -2.557350 0.047845
-0.026211 -2.552627 0.038340
-0.040027 -2.501538 0.012222
-0.045360 -2.385721 -0.007055
-0.042370 -2.258395 -0.031172
0.000000 -2.131087 -0.059493
-0.014588 -2.598582 0.040882
-0.025302 -2.586474 0.037632
-0.036980 -2.501603 -0.003096
-0.033025 -2.555589 0.026508
-0.034717 -2.385788 -0.022984
-0.022930 -2.258450 -0.044161
-0.000000 -2.258469 -0.048722
0.000000 -2.603263 0.042368
-0.028303 -2.501658 -0.016081
-0.032708 -2.555240 -0.002178
-0.028261 -2.598382 0.026847
-0.018789 -2.385833 -0.033627
0.000000 -2.385849 -0.037364
-0.021323 -2.629905 0.034086
-0.015318 -2.501694 -0.024758
-0.035227 -2.557106 0.012113
-0.025713 -2.552224 -0.013697
-0.000000 -2.501707 -0.027805
-0.000000 -2.643749 0.035732
-0.029538 -2.602889 0.012316
-0.025075 -2.586048 -0.012525
-0.028004 -2.598080 -0.002167
-0.000000 -2.557132 -0.022799
-0.013992 -2.555393 -0.020479
-0.022911 -2.637959 0.012796
-0.014234 -2.598440 -0.015633
-0.021323 -2.630085 -0.008560
-0.000000 -2.649291 0.012844
-0.000000 -2.603285 -0.017025
-0.000000 -2.643942 -0.010090
0.086366 -0.225675 0.211147
0.078335 -0.478795 0.192826
0.082522 -0.351995 0.202398
0.159583 -0.225881 0.162225
0.074149 -0.605592 0.183252
0.152481 -0.352192 0.155654
0.208506 -0.226189 0.089008
0.070160 -0.733657 0.174159
0.137010 -0.605769 0.141250
0.199225 -0.352487 0.085696
0.225686 -0.226553 0.002643
0.144745 -0.478981 0.148452
0.066170 -0.861721 0.165067
0.129638 -0.733824 0.134418
0.215641 -0.352834 0.003175
0.208506 -0.226916 -0.083722
0.179011 -0.606033 0.078390
0.189119 -0.479261 0.082043
0.061828 -0.987999 0.155115
0.122267 -0.861878 0.127586
0.199225 -0.353182 -0.079346
0.159583 -0.227225 -0.156939
0.169380 -0.734075 0.074940
0.193761 -0.606345 0.004242
0.204700 -0.479591 0.003708
0.057485 -1.114278 0.145162
0.114243 -0.988147 0.120093
0.152481 -0.353476 -0.149305
0.086366 -0.227431 -0.205861
0.159749 -0.862115 0.071489
0.183336 -0.734370 0.004781
0.179011 -0.606658 -0.069907
0.189119 -0.479921 -0.074626
0.106218 -1.114415 0.112600
0.082522 -0.353673 -0.196049
0.149265 -0.988367 0.067678
0.172912 -0.862393 0.005320
0.169380 -0.734665 -0.065378
0.137010 -0.606922 -0.132767
0.144745 -0.480200 -0.141036
0.052988 -1.242371 0.134845
0.138781 -1.114620 0.063867
0.161563 -0.988628 0.005851
0.159749 -0.862672 -0.060850
0.129638 -0.734916 -0.124857
0.074149 -0.607099 -0.174768
0.078336 -0.480387 -0.185409
0.097909 -1.242497 0.104830
0.150215 -1.114862 0.006383
0.149265 -0.988888 -0.055976
0.122267 -0.862908 -0.116946
0.070160 -0.735083 -0.164598
0.048491 -1.370479 0.124528
0.127924 -1.242686 0.059910
0.138781 -1.115104 -0.051101
0.114243 -0.989109 -0.108390
0.066170 -0.863066 -0.154428
0.089599 -1.370595 0.097060
0.138464 -1.242909 0.006922
0.106218 -1.115309 -0.099834
0.061828 -0.989256 -0.143412
0.045038 -1.495816 0.116719
0.117067 -1.370768 0.055952
0.127924 -1.243133 -0.046065
0.057485 -1.115446 -0.132397
0.041585 -1.621138 0.108911
0.083219 -1.495924 0.091208
0.126713 -1.370972 0.007462
0.097909 -1.243322 -0.090986
0.037988 -1.748994 0.100765
0.076839 -1.621237 0.085355
0.108731 -1.496084 0.053027
0.117067 -1.371176 -0.041029
0.052988 -1.243448 -0.121001
0.034391 -1.876850 0.092619
0.070193 -1.749084 0.079247
0.100395 -1.621385 0.050102
0.117690 -1.496274 0.007989
0.089599 -1.371349 -0.082137
0.048491 -1.371465 -0.109605
0.063546 -1.876932 0.073138
0.091711 -1.749220 0.047042
0.108667 -1.621560 0.008517
0.108731 -1.496464 -0.037048
0.083219 -1.496624 -0.075229
0.045038 -1.496732 -0.100741
0.030559 -2.003693 0.083903
0.083027 -1.877055 0.043983
0.099267 -1.749380 0.009055
0.100395 -1.621736 -0.033068
0.076839 -1.621884 -0.068322
0.041585 -1.621983 -0.091877
0.056466 -2.003765 0.066593
0.089868 -1.877200 0.009593
0.091711 -1.749540 -0.028933
0.070193 -1.749676 -0.061137
0.037988 -1.749766 -0.082655
0.026847 -2.130518 0.075474
0.073777 -2.003875 0.040686
0.083027 -1.877345 -0.024798
0.063546 -1.877467 -0.053953
0.034391 -1.877549 -0.073433
0.022930 -2.257984 0.066555
0.049607 -2.130582 0.060267
0.079855 -2.004003 0.010127
0.030559 -2.004314 -0.063649
0.056466 -2.004241 -0.046339
0.018789 -2.385451 0.057093
0.042370 -2.258038 0.053566
0.073777 -2.004132 -0.020432
0.064814 -2.130678 0.037507
0.015318 -2.501383 0.049201
0.034717 -2.385496 0.046450
0.049607 -2.131000 -0.038946
0.064814 -2.130904 -0.016186
0.070154 -2.130791 0.010660
0.055358 -2.258120 0.034127
0.026847 -2.131064 -0.054153
0.028303 -2.501420 0.040525
0.055358 -2.258313 -0.011733
0.042370 -2.258395 -0.031172
0.045360 -2.385563 0.030522
0.059920 -2.258217 0.011197
0.014658 -2.555601 0.045351
0.036980 -2.501474 0.027539
0.034717 -2.385788 -0.022984
0.022930 -2.258450 -0.044161
0.049098 -2.385642 0.011733
0.026211 -2.552627 0.038340
0.045360 -2.385721 -0.007055
0.018789 -2.385833 -0.033627
0.040027 -2.501538 0.012222
0.014588 -2.598582 0.040882
0.025302 -2.586474 0.037632
0.028303 -2.501658 -0.016081
0.036980 -2.501603 -0.003096
0.033025 -2.555589 0.026508
0.015318 -2.501694 -0.024758
0.021323 -2.629905 0.034086
0.025713 -2.552225 -0.013697
0.032708 -2.555240 -0.002178
0.028261 -2.598383 0.026847
0.013992 -2.555393 -0.020479
0.035227 -2.557106 0.012113
0.014234 -2.598440 -0.015633
0.025075 -2.586048 -0.012525
0.022911 -2.637959 0.012796
0.029538 -2.602889 0.012316
0.021323 -2.630085 -0.008560
0.028004 -2.598080 -0.002167
-0.000000 -0.101262 -0.233618
-0.090211 -0.101187 -0.215675
-0.093672 0.024756 -0.224561
-0.166687 -0.100971 -0.164575
-0.000000 0.024678 -0.243193
-0.173083 0.024980 -0.171501
-0.097315 0.150699 -0.233885
-0.217787 -0.100649 -0.088099
-0.179814 0.150931 -0.178762
-0.000000 0.150618 -0.253243
-0.226143 0.025314 -0.092090
-0.186105 0.278241 -0.185589
-0.100719 0.278000 -0.242641
-0.235731 -0.100270 0.002111
-0.234938 0.151279 -0.096263
-0.000000 0.277916 -0.262675
-0.243157 0.278600 -0.100204
-0.244776 0.025709 0.001581
-0.102889 0.405315 -0.248451
-0.190114 0.405560 -0.190169
-0.254295 0.151688 0.001050
-0.263190 0.279024 0.000514
-0.217787 -0.099890 0.092321
-0.000000 0.405229 -0.268917
-0.248397 0.405928 -0.102945
-0.243157 0.279448 0.101232
-0.226143 0.026103 0.095251
-0.234938 0.152098 0.098364
-0.104847 0.530236 -0.253704
-0.268862 0.406361 -0.000057
-0.193732 0.530486 -0.194313
-0.186105 0.279808 0.186616
-0.173083 0.026437 0.174662
-0.179814 0.152445 0.180863
-0.166688 -0.099568 0.168797
-0.000000 0.530148 -0.274559
-0.248397 0.406794 0.102832
-0.253124 0.530860 -0.105429
-0.100719 0.280048 0.243669
-0.093672 0.026661 0.227721
-0.097315 0.152677 0.235986
-0.106807 0.655157 -0.258968
-0.190114 0.407161 0.190056
-0.273978 0.531302 -0.000583
-0.197353 0.655412 -0.198468
-0.090211 -0.099353 0.219896
-0.000000 0.152759 0.255343
-0.000000 0.655068 -0.280213
-0.102889 0.407407 0.248338
-0.253124 0.531743 0.104263
-0.257854 0.655793 -0.107922
-0.000000 0.026739 0.246354
-0.108003 0.782587 -0.262006
-0.000000 0.280132 0.263702
-0.193732 0.532117 0.193148
-0.279099 0.656243 -0.001117
0.000000 -0.099277 0.237841
-0.000000 0.782516 -0.283487
-0.199576 0.783116 -0.200859
-0.000000 0.407493 0.268803
-0.104847 0.532367 0.252537
-0.257854 0.656693 0.105688
-0.108716 0.910011 -0.263935
-0.260742 0.783250 -0.109267
-0.000000 0.532455 0.273392
-0.197352 0.657074 0.196234
-0.000000 0.909962 -0.285558
-0.200906 0.910834 -0.202419
-0.282225 0.783704 -0.001265
-0.000000 0.657418 0.277979
-0.106806 0.657329 0.256733
-0.000000 1.021893 -0.285431
-0.262462 0.910701 -0.110188
-0.260742 0.784159 0.106737
-0.000000 0.784885 0.278698
-0.107249 0.784795 0.257365
-0.109266 1.021927 -0.264414
-0.263789 1.022619 -0.113046
-0.284088 0.911158 -0.001473
-0.000000 0.912341 0.278691
-0.107407 0.912251 0.257326
-0.199564 0.784545 0.198296
-0.103332 1.126558 -0.257263
-0.000000 1.126459 -0.280740
-0.201932 1.022923 -0.203344
-0.285523 1.023089 -0.001412
-0.000000 1.024223 0.267244
-0.262462 0.911616 0.107241
-0.101374 1.145591 -0.255253
-0.252904 1.127114 -0.125333
-0.193392 1.126806 -0.198503
-0.263789 1.023519 0.100744
-0.000000 1.128647 0.238866
-0.107888 1.024135 0.246489
-0.200880 0.912004 0.199405
-0.000000 1.145495 -0.278094
-0.250226 1.146104 -0.133444
-0.190604 1.145824 -0.199946
-0.285805 1.127620 -0.005069
-0.201895 1.023896 0.190335
-0.000000 1.165777 0.226244
-0.111180 1.128557 0.217446
-0.099416 1.164985 -0.254128
-0.000000 1.164080 -0.277204
-0.188355 1.164503 -0.203833
-0.282782 1.146468 -0.047132
-0.263081 1.128007 0.086904
-0.114299 1.165685 0.204434
-0.204181 1.128344 0.166822
-0.096719 1.202894 -0.256036
-0.000000 1.203489 -0.272866
-0.247520 1.164420 -0.143379
-0.301028 1.202715 -0.008189
-0.000000 1.204206 0.213709
-0.241256 1.165325 0.118844
-0.276927 1.202097 0.065868
-0.183069 1.201384 -0.213057
-0.274771 1.164458 -0.087657
-0.121439 1.202702 0.189801
-0.203699 1.165486 0.157181
-0.295848 1.201363 -0.055843
-0.248831 1.202168 0.108284
-0.243797 1.200505 -0.159977
-0.208512 1.201863 0.148275
-0.280017 1.201073 -0.103344
0.093672 0.024756 -0.224561
0.090211 -0.101187 -0.215675
0.097315 0.150699 -0.233885
0.100719 0.278000 -0.242641
0.179814 0.150931 -0.178762
0.173083 0.024980 -0.171501
0.166688 -0.100971 -0.164575
0.186105 0.278241 -0.185589
0.234938 0.151279 -0.096263
0.226143 0.025314 -0.092090
0.102889 0.405315 -0.248451
0.243157 0.278600 -0.100204
0.217787 -0.100649 -0.088099
0.190114 0.405560 -0.190169
0.263190 0.279024 0.000514
0.254295 0.151688 0.001050
0.244776 0.025709 0.001581
0.104847 0.530236 -0.253704
0.248397 0.405928 -0.102945
0.235731 -0.100270 0.002111
0.243157 0.279448 0.101232
0.193732 0.530486 -0.194313
0.268862 0.406361 -0.000057
0.234938 0.152098 0.098364
0.226143 0.026103 0.095251
0.106807 0.655157 -0.258968
0.253124 0.530860 -0.105429
0.248397 0.406794 0.102832
0.217787 -0.099890 0.092321
0.186105 0.279808 0.186616
0.179814 0.152445 0.180863
0.197353 0.655412 -0.198468
0.273978 0.531302 -0.000583
0.190114 0.407161 0.190056
0.100719 0.280048 0.243669
0.097315 0.152677 0.235986
0.173083 0.026437 0.174662
0.108003 0.782587 -0.262006
0.257854 0.655793 -0.107922
0.253124 0.531743 0.104263
0.102889 0.407407 0.248338
0.166687 -0.099568 0.168797
0.279099 0.656243 -0.001117
0.199576 0.783116 -0.200859
0.193732 0.532117 0.193148
0.093672 0.026661 0.227721
0.108716 0.910011 -0.263935
0.257854 0.656693 0.105688
0.260742 0.783250 -0.109267
0.104847 0.532368 0.252537
0.090211 -0.099353 0.219896
0.197352 0.657074 0.196234
0.200906 0.910834 -0.202419
0.282225 0.783705 -0.001265
0.106806 0.657329 0.256733
0.262462 0.910701 -0.110188
0.260742 0.784159 0.106737
0.109266 1.021927 -0.264414
0.263790 1.022619 -0.113046
0.284088 0.911158 -0.001473
0.199564 0.784544 0.198296
0.103332 1.126558 -0.257263
0.107249 0.784795 0.257365
0.201932 1.022923 -0.203344
0.285523 1.023089 -0.001412
0.262462 0.911616 0.107241
0.101374 1.145591 -0.255253
0.193392 1.126806 -0.198503
0.252904 1.127114 -0.125333
0.263790 1.023519 0.100744
0.200880 0.912004 0.199405
0.099416 1.164985 -0.254128
0.107407 0.912251 0.257326
0.190604 1.145824 -0.199946
0.285806 1.127620 -0.005069
0.201895 1.023896 0.190335
0.096719 1.202894 -0.256036
0.107888 1.024135 0.246489
0.188355 1.164503 -0.203833
0.250226 1.146104 -0.133444
0.301028 1.202715 -0.008189
0.276927 1.202097 0.065868
0.263081 1.128007 0.086904
0.183069 1.201384 -0.213057
0.204181 1.128344 0.166822
0.111180 1.128557 0.217446
0.247520 1.164420 -0.143379
0.282782 1.146468 -0.047132
0.243797 1.200506 -0.159977
0.114299 1.165685 0.204434
0.203699 1.165486 0.157181
0.274771 1.164459 -0.087657
0.295848 1.201363 -0.055843
0.248831 1.202168 0.108284
0.241256 1.165325 0.118844
0.280017 1.201073 -0.103344
0.208512 1.201863 0.148275
0.121439 1.202702 0.189801
-0.144088 2.363677 0.343415
-0.143598 2.342863 0.379285
-0.186844 2.380156 0.351594
-0.189102 2.360011 0.391442
-0.147586 2.311976 0.407709
-0.216082 2.399199 0.356362
-0.197974 2.325800 0.423175
-0.222816 2.384339 0.404730
-0.226728 2.414999 0.405278
-0.223283 2.424171 0.356799
-0.244519 2.339931 0.446804
-0.239867 2.389013 0.448479
-0.197111 2.288846 0.448556
-0.147289 2.278206 0.432574
-0.242256 2.298653 0.468077
-0.218166 2.448008 0.401223
-0.217869 2.454396 0.351119
-0.226106 2.433956 0.447232
-0.248465 2.372172 0.494705
-0.231315 2.422675 0.491557
-0.255584 2.329072 0.497792
-0.189251 2.257311 0.474555
-0.143142 2.248480 0.459648
-0.135464 2.223746 0.490260
-0.221393 2.270547 0.483539
-0.252587 2.294803 0.504983
-0.229538 2.262868 0.511579
-0.195871 2.232089 0.515473
-0.205378 2.483051 0.397842
-0.206857 2.486919 0.343660
-0.210754 2.476747 0.446145
-0.217236 2.472130 0.488196
-0.244313 2.361433 0.538284
-0.231212 2.410703 0.534297
-0.217494 2.470817 0.529489
-0.201671 2.503007 0.486174
-0.194174 2.511004 0.447007
-0.187572 2.518146 0.395785
-0.170624 2.546485 0.457596
-0.186822 2.532978 0.520934
-0.188377 2.520684 0.339094
-0.160779 2.554631 0.400011
-0.159502 2.557644 0.336994
-0.250299 2.319689 0.542784
-0.246103 2.290359 0.544894
-0.228923 2.262322 0.547702
-0.226535 2.399179 0.575069
-0.238113 2.348385 0.581150
-0.236159 2.306226 0.580644
-0.231593 2.283348 0.576696
-0.213485 2.462150 0.574984
-0.191622 2.516316 0.581039
-0.136841 2.573981 0.527843
-0.125527 2.584662 0.466993
-0.139510 2.557600 0.589866
-0.119633 2.591616 0.403543
-0.116278 2.594640 0.336233
-0.059672 2.621668 0.338669
-0.136383 2.539841 0.641411
-0.070796 2.583284 0.597403
-0.067723 2.599623 0.536268
-0.062984 2.611333 0.474647
-0.061143 2.619778 0.408585
0.000000 2.631508 0.341041
0.000000 2.628987 0.412518
0.000000 2.620196 0.479193
0.000000 2.607653 0.540980
0.000000 2.591936 0.602044
-0.071500 2.564951 0.649591
0.000000 2.573936 0.654102
-0.132382 2.518750 0.690617
-0.069745 2.543679 0.698972
0.000000 2.552595 0.701706
-0.126709 2.496794 0.736336
-0.066430 2.519756 0.745813
-0.115133 2.469221 0.784576
0.000000 2.528007 0.748991
-0.060650 2.491228 0.794103
0.000000 2.498856 0.797202
-0.100471 2.440022 0.828622
-0.052762 2.460078 0.836083
0.000000 2.467445 0.838411
-0.085689 2.415915 0.864071
-0.045883 2.432694 0.867952
0.000000 2.439027 0.869585
0.000000 2.413973 0.892905
-0.096811 2.371463 0.892053
-0.073247 2.395722 0.892426
-0.039986 2.407678 0.893043
-0.061337 2.377563 0.913945
0.000000 2.391735 0.911015
-0.035446 2.386866 0.911230
-0.112619 2.339365 0.888881
-0.079179 2.355182 0.919861
-0.051203 2.363273 0.924926
-0.030437 2.365493 0.925921
0.000000 2.367710 0.926623
-0.030129 2.342937 0.937105
0.000000 2.341577 0.938603
-0.060179 2.346523 0.935162
-0.032242 2.319206 0.943133
0.000000 2.318030 0.944859
0.000000 2.295390 0.947012
-0.091891 2.328264 0.921792
-0.067004 2.322227 0.940064
-0.035137 2.296369 0.945406
-0.072574 2.297900 0.941369
-0.101000 2.302133 0.919924
-0.122773 2.309035 0.883934
0.000000 2.273276 0.940601
-0.035970 2.272840 0.938189
0.000000 2.256457 0.927278
-0.076698 2.273463 0.934605
-0.108191 2.277243 0.913857
-0.074268 2.256237 0.922009
-0.035294 2.255690 0.925409
0.000000 2.243770 0.911747
-0.034692 2.242516 0.909315
-0.069425 2.237921 0.902532
-0.106926 2.258400 0.902380
-0.099682 2.239101 0.883726
-0.131515 2.282099 0.877959
-0.129832 2.262851 0.867782
-0.117398 2.244519 0.848367
-0.151280 2.269547 0.822363
-0.132475 2.254809 0.809862
-0.148967 2.262765 0.768171
-0.173889 2.278197 0.776398
-0.169875 2.270965 0.712451
-0.199950 2.287417 0.717954
-0.187787 2.276522 0.659694
-0.221887 2.292548 0.664679
-0.190167 2.278635 0.635418
-0.237371 2.298091 0.619444
-0.240819 2.307484 0.594770
-0.221960 2.292606 0.602895
-0.190128 2.279587 0.609200
-0.215063 2.273283 0.596591
-0.184747 2.264458 0.611799
-0.220777 2.264798 0.573732
-0.202957 2.248198 0.594341
-0.204956 2.236441 0.558315
-0.179665 2.248582 0.616992
-0.167900 2.202804 0.539022
-0.121415 2.198261 0.515545
-0.188291 2.211068 0.570566
-0.190964 2.222302 0.601384
-0.173974 2.229343 0.623565
-0.182889 2.195865 0.609608
-0.165632 2.205359 0.630581
-0.174552 2.186240 0.582688
-0.173807 2.170915 0.617766
-0.156160 2.180358 0.637651
-0.150827 2.178044 0.556379
-0.163582 2.162184 0.594223
-0.107917 2.173013 0.536055
-0.139300 2.154585 0.572961
-0.095412 2.148121 0.554601
-0.153387 2.144324 0.603918
-0.133080 2.133399 0.588753
-0.161223 2.138846 0.632323
-0.131188 2.116203 0.608416
-0.090197 2.124389 0.574618
-0.145339 2.150541 0.650006
-0.145282 2.106014 0.653094
-0.131853 2.120625 0.667996
-0.045849 2.120010 0.565043
-0.047714 2.145405 0.539975
-0.000000 2.139506 0.540540
-0.000000 2.117558 0.562923
-0.087959 2.103889 0.595013
-0.044283 2.098047 0.587430
-0.000000 2.096293 0.585162
-0.125678 2.091745 0.629203
-0.083573 2.082495 0.615596
-0.042296 2.077201 0.608381
-0.000000 2.075584 0.606179
-0.124162 2.076493 0.674560
-0.112169 2.067414 0.651098
-0.076666 2.062202 0.634762
-0.087545 2.048007 0.668156
-0.039767 2.058022 0.629279
-0.068159 2.047297 0.650814
-0.000000 2.056014 0.627672
-0.039167 2.041633 0.653021
-0.000000 2.037018 0.655806
-0.000000 2.027490 0.686203
-0.047625 2.032498 0.681166
-0.095519 2.050903 0.692861
-0.049802 2.034700 0.703451
-0.000000 2.029224 0.707060
-0.114681 2.092602 0.688529
-0.089134 2.066765 0.705966
-0.047594 2.052926 0.715838
-0.000000 2.047421 0.719747
0.144088 2.363677 0.343415
0.186844 2.380156 0.351594
0.143598 2.342863 0.379285
0.189102 2.360011 0.391442
0.216082 2.399199 0.356362
0.147586 2.311975 0.407709
0.222816 2.384339 0.404730
0.197974 2.325800 0.423175
0.197111 2.288846 0.448556
0.147289 2.278205 0.432574
0.244519 2.339931 0.446804
0.242256 2.298653 0.468077
0.226728 2.414999 0.405278
0.223283 2.424171 0.356799
0.239867 2.389014 0.448479
0.189251 2.257311 0.474555
0.143142 2.248480 0.459648
0.135464 2.223746 0.490260
0.221393 2.270547 0.483539
0.248465 2.372172 0.494705
0.255584 2.329072 0.497792
0.252587 2.294803 0.504983
0.229538 2.262868 0.511579
0.195871 2.232089 0.515473
0.218166 2.448008 0.401223
0.217869 2.454396 0.351119
0.226106 2.433957 0.447232
0.231315 2.422675 0.491557
0.244313 2.361433 0.538284
0.231212 2.410704 0.534297
0.250299 2.319689 0.542784
0.246103 2.290359 0.544894
0.228923 2.262322 0.547702
0.205378 2.483051 0.397842
0.206857 2.486919 0.343660
0.210754 2.476747 0.446145
0.217236 2.472130 0.488196
0.217494 2.470817 0.529489
0.201671 2.503007 0.486174
0.194174 2.511004 0.447007
0.187572 2.518146 0.395785
0.170624 2.546486 0.457596
0.186822 2.532978 0.520934
0.188377 2.520684 0.339094
0.160779 2.554632 0.400011
0.159502 2.557643 0.336994
0.238113 2.348386 0.581150
0.236159 2.306226 0.580644
0.231593 2.283348 0.576696
0.226535 2.399179 0.575069
0.213485 2.462149 0.574984
0.191622 2.516316 0.581039
0.136841 2.573981 0.527843
0.139510 2.557600 0.589866
0.125527 2.584662 0.466993
0.119633 2.591616 0.403543
0.116278 2.594640 0.336233
0.059672 2.621668 0.338669
0.136383 2.539841 0.641411
0.070796 2.583284 0.597403
0.067723 2.599623 0.536268
0.062984 2.611333 0.474647
0.061143 2.619778 0.408585
0.071500 2.564951 0.649591
0.132382 2.518750 0.690617
0.069745 2.543679 0.698972
0.126709 2.496794 0.736336
0.066430 2.519756 0.745813
0.115133 2.469221 0.784576
0.060650 2.491228 0.794103
0.100471 2.440022 0.828622
0.052762 2.460078 0.836083
0.085689 2.415915 0.864071
0.045883 2.432694 0.867952
0.096811 2.371464 0.892053
0.073247 2.395721 0.892426
0.039986 2.407678 0.893043
0.061337 2.377563 0.913945
0.035446 2.386866 0.911230
0.112619 2.339365 0.888881
0.079179 2.355182 0.919861
0.051203 2.363274 0.924926
0.030437 2.365492 0.925921
0.030129 2.342936 0.937105
0.060179 2.346524 0.935162
0.032242 2.319206 0.943133
0.091891 2.328263 0.921792
0.067004 2.322227 0.940064
0.035137 2.296369 0.945406
0.072574 2.297899 0.941369
0.101000 2.302133 0.919924
0.122773 2.309035 0.883934
0.035970 2.272841 0.938189
0.076698 2.273463 0.934605
0.108191 2.277244 0.913857
0.074268 2.256237 0.922009
0.035294 2.255690 0.925409
0.034692 2.242516 0.909315
0.069425 2.237921 0.902532
0.106926 2.258400 0.902380
0.099682 2.239101 0.883726
0.131515 2.282099 0.877959
0.129832 2.262851 0.867782
0.117398 2.244519 0.848367
0.151280 2.269547 0.822363
0.132475 2.254809 0.809862
0.148967 2.262765 0.768171
0.173889 2.278197 0.776398
0.169875 2.270965 0.712451
0.199950 2.287417 0.717954
0.187787 2.276522 0.659694
0.221887 2.292548 0.664679
0.190167 2.278635 0.635418
0.237371 2.298091 0.619444
0.240819 2.307484 0.594770
0.221960 2.292606 0.602895
0.190128 2.279587 0.609200
0.215063 2.273283 0.596591
0.184747 2.264458 0.611799
0.220777 2.264798 0.573732
0.202957 2.248198 0.594341
0.204956 2.236441 0.558315
0.179665 2.248582 0.616992
0.188291 2.211068 0.570566
0.167900 2.202804 0.539022
0.190964 2.222302 0.601384
0.173974 2.229343 0.623565
0.182889 2.195865 0.609608
0.165632 2.205359 0.630581
0.174552 2.186240 0.582688
0.173807 2.170915 0.617766
0.156160 2.180358 0.637651
0.121415 2.198261 0.515545
0.150827 2.178044 0.556379
0.107917 2.173013 0.536055
0.163582 2.162184 0.594223
0.139300 2.154585 0.572961
0.153387 2.144324 0.603918
0.161223 2.138846 0.632323
0.145339 2.150541 0.650006
0.095412 2.148121 0.554601
0.133080 2.133399 0.588753
0.131188 2.116203 0.608416
0.090197 2.124389 0.574618
0.145282 2.106014 0.653094
0.131853 2.120625 0.667996
0.045849 2.120010 0.565043
0.047714 2.145405 0.539975
0.087959 2.103889 0.595013
0.044283 2.098047 0.587430
0.125678 2.091745 0.629203
0.083573 2.082495 0.615596
0.042296 2.077201 0.608381
0.124162 2.076493 0.674560
0.112169 2.067414 0.651098
0.076666 2.062202 0.634762
0.087545 2.048007 0.668156
0.039767 2.058023 0.629279
0.068159 2.047297 0.650814
0.039167 2.041633 0.653021
0.047625 2.032498 0.681166
0.095519 2.050903 0.692861
0.049802 2.034700 0.703451
0.114681 2.092602 0.688529
0.089134 2.066765 0.705966
0.047594 2.052926 0.715838
0.000000 2.628238 0.259754
-0.063282 2.618258 0.260110
0.000000 2.617347 0.177217
-0.070291 2.608175 0.182100
-0.000000 2.599883 0.097185
-0.120326 2.592664 0.263279
-0.080097 2.591384 0.103459
-0.000000 2.569912 0.015252
-0.132971 2.584224 0.189836
-0.167039 2.556226 0.270574
-0.091764 2.562389 0.022813
-0.000000 2.525451 -0.063415
-0.155333 2.569559 0.115382
-0.187966 2.550841 0.202073
-0.200941 2.519425 0.278155
-0.106152 2.519631 -0.054810
-0.000000 2.469847 -0.136946
-0.181217 2.543950 0.039048
-0.223908 2.540217 0.132612
-0.231667 2.514793 0.215686
-0.221164 2.486750 0.289124
-0.120252 2.465120 -0.128200
0.000000 2.404203 -0.202573
-0.209900 2.505883 -0.037776
-0.262884 2.517848 0.062016
-0.279249 2.506138 0.152443
-0.261855 2.480953 0.230978
-0.132580 2.400275 -0.195239
-0.000000 2.329143 -0.260026
-0.237233 2.453286 -0.110639
-0.305937 2.483667 -0.010687
-0.332809 2.486627 0.090432
-0.325060 2.469844 0.175841
-0.272508 2.447582 0.246106
-0.230467 2.453995 0.299139
-0.342632 2.436034 0.194656
-0.387713 2.453349 0.124030
-0.413792 2.418148 0.147727
-0.393278 2.457377 0.021605
-0.468191 2.425221 0.065817
-0.495458 2.390392 0.098606
-0.348460 2.434146 -0.080739
-0.455183 2.409540 -0.044668
-0.562869 2.373828 -0.001874
-0.589922 2.338904 0.040492
-0.261737 2.388500 -0.174411
-0.385515 2.370812 -0.141919
-0.508127 2.346846 -0.101670
-0.621479 2.317697 -0.053010
-0.647565 2.284832 -0.007661
-0.141772 2.325001 -0.252912
-0.280771 2.313247 -0.230765
-0.415518 2.295676 -0.195810
-0.544826 2.275001 -0.152208
-0.670805 2.248031 -0.097561
-0.694943 2.219353 -0.045098
-0.000000 2.243132 -0.309974
-0.147263 2.239883 -0.303255
-0.000000 2.148480 -0.351182
-0.292341 2.229699 -0.279262
-0.150779 2.145994 -0.343599
-0.000000 2.049372 -0.380644
-0.434159 2.213974 -0.241803
-0.299895 2.137556 -0.319044
-0.152752 2.047039 -0.372733
-0.000000 1.946972 -0.398767
-0.572222 2.195001 -0.193842
-0.446190 2.124072 -0.278961
-0.304237 2.040591 -0.347437
-0.152633 1.945003 -0.390533
-0.710817 2.171771 -0.133587
-0.589548 2.107430 -0.228654
-0.453619 2.028904 -0.305724
-0.304240 1.939629 -0.365087
-0.734077 2.147408 -0.076217
-0.742344 2.085092 -0.162039
-0.763292 2.064483 -0.102766
-0.601271 2.015004 -0.252819
-0.763816 1.997938 -0.184176
-0.784064 1.978791 -0.123621
-0.454066 1.930310 -0.322361
-0.602080 1.918582 -0.268365
-0.766810 1.904211 -0.197183
-0.787267 1.893059 -0.135594
-0.759524 1.813089 -0.201673
-0.780906 1.805266 -0.139909
-0.594299 1.822447 -0.273771
-0.731076 1.718706 -0.193791
-0.753609 1.715325 -0.129322
-0.447538 1.831292 -0.328612
-0.574654 1.726881 -0.268993
-0.684485 1.630742 -0.179125
-0.706471 1.628226 -0.111318
-0.299663 1.838871 -0.371876
-0.433161 1.734092 -0.325246
-0.543582 1.636050 -0.254399
-0.619946 1.546917 -0.159383
-0.638642 1.546077 -0.088282
-0.150208 1.843434 -0.397146
-0.000000 1.845015 -0.405003
-0.290150 1.740672 -0.368893
-0.145434 1.744777 -0.393636
-0.000000 1.746241 -0.401576
-0.411248 1.641257 -0.314033
-0.276132 1.646936 -0.357875
-0.138562 1.651121 -0.382479
0.000000 1.652344 -0.390151
-0.501526 1.549933 -0.234719
-0.382798 1.554147 -0.296727
-0.258183 1.559286 -0.339719
-0.129824 1.563449 -0.363810
-0.000000 1.564930 -0.371300
-0.549806 1.472343 -0.137894
-0.453793 1.472362 -0.213352
-0.350311 1.474785 -0.274416
-0.237949 1.479524 -0.316914
-0.120156 1.483597 -0.340451
0.000000 1.485069 -0.348181
-0.563234 1.471113 -0.067807
-0.476800 1.401043 -0.115892
-0.485703 1.402146 -0.049598
-0.403898 1.400991 -0.189458
-0.400583 1.333351 -0.095793
-0.408845 1.333708 -0.034357
-0.316938 1.403020 -0.249694
-0.357055 1.336004 -0.165743
-0.344596 1.279797 -0.080031
-0.351344 1.276448 -0.023811
-0.217361 1.407974 -0.291742
-0.285998 1.339618 -0.225115
-0.317512 1.282513 -0.143404
-0.110232 1.412436 -0.315647
-0.198775 1.344855 -0.267823
-0.261097 1.285929 -0.200702
0.000000 1.414038 -0.323622
-0.101620 1.349239 -0.293083
-0.000000 1.350750 -0.301705
-0.000000 1.294972 -0.283898
-0.097383 1.293771 -0.273865
-0.000000 1.246541 -0.275182
-0.186420 1.290055 -0.245142
-0.095066 1.245527 -0.261966
-0.181457 1.242916 -0.227835
-0.248064 1.240162 -0.179924
-0.292558 1.238308 -0.122400
-0.313747 1.237398 -0.066089
-0.319281 1.236981 -0.016514
0.063282 2.618258 0.260110
0.120326 2.592664 0.263279
0.070291 2.608175 0.182100
0.167039 2.556226 0.270574
0.132971 2.584224 0.189836
0.080097 2.591384 0.103459
0.200941 2.519426 0.278155
0.187966 2.550841 0.202073
0.155333 2.569559 0.115382
0.091764 2.562389 0.022813
0.221164 2.486750 0.289124
0.231667 2.514794 0.215686
0.223908 2.540217 0.132612
0.181217 2.543950 0.039048
0.106152 2.519632 -0.054810
0.261855 2.480953 0.230978
0.279249 2.506138 0.152443
0.262884 2.517848 0.062016
0.209900 2.505883 -0.037776
0.120252 2.465120 -0.128200
0.230467 2.453995 0.299139
0.272508 2.447582 0.246106
0.325060 2.469844 0.175841
0.342632 2.436034 0.194656
0.332809 2.486627 0.090432
0.387713 2.453349 0.124030
0.413792 2.418148 0.147727
0.305937 2.483667 -0.010687
0.393278 2.457377 0.021605
0.468191 2.425221 0.065817
0.495458 2.390393 0.098606
0.237233 2.453286 -0.110639
0.348460 2.434146 -0.080739
0.455183 2.409540 -0.044668
0.562869 2.373829 -0.001874
0.589922 2.338904 0.040492
0.132580 2.400275 -0.195239
0.261737 2.388500 -0.174411
0.385515 2.370812 -0.141919
0.508127 2.346846 -0.101670
0.621479 2.317697 -0.053010
0.647565 2.284832 -0.007661
0.141772 2.325001 -0.252912
0.280771 2.313247 -0.230765
0.147263 2.239883 -0.303255
0.415518 2.295676 -0.195810
0.292341 2.229699 -0.279262
0.150779 2.145993 -0.343599
0.544826 2.275001 -0.152208
0.434159 2.213974 -0.241803
0.299895 2.137556 -0.319044
0.152753 2.047038 -0.372733
0.670805 2.248031 -0.097561
0.572222 2.195001 -0.193842
0.446190 2.124072 -0.278961
0.304237 2.040591 -0.347437
0.152633 1.945003 -0.390533
0.694943 2.219353 -0.045098
0.710817 2.171771 -0.133587
0.734077 2.147407 -0.076217
0.589548 2.107430 -0.228654
0.742344 2.085092 -0.162039
0.763292 2.064483 -0.102766
0.453619 2.028904 -0.305724
0.601271 2.015004 -0.252819
0.763816 1.997938 -0.184176
0.784064 1.978791 -0.123621
0.304240 1.939629 -0.365087
0.454066 1.930310 -0.322361
0.602080 1.918582 -0.268365
0.766810 1.904211 -0.197183
0.787267 1.893059 -0.135594
0.759524 1.813089 -0.201673
0.780906 1.805266 -0.139909
0.594299 1.822447 -0.273771
0.731076 1.718706 -0.193791
0.753609 1.715325 -0.129322
0.447538 1.831292 -0.328612
0.574654 1.726881 -0.268993
0.684485 1.630742 -0.179125
0.706471 1.628226 -0.111318
0.299663 1.838871 -0.371876
0.433161 1.734093 -0.325246
0.543582 1.636050 -0.254399
0.619947 1.546917 -0.159383
0.638642 1.546077 -0.088282
0.150208 1.843434 -0.397146
0.290150 1.740672 -0.368893
0.145434 1.744777 -0.393636
0.411248 1.641257 -0.314033
0.276132 1.646936 -0.357875
0.138562 1.651121 -0.382479
0.501526 1.549933 -0.234719
0.382798 1.554147 -0.296727
0.258183 1.559286 -0.339719
0.129824 1.563449 -0.363810
0.549806 1.472343 -0.137894
0.453793 1.472362 -0.213352
0.350311 1.474785 -0.274416
0.237949 1.479524 -0.316914
0.120156 1.483597 -0.340451
0.563234 1.471113 -0.067807
0.476800 1.401043 -0.115892
0.485703 1.402146 -0.049598
0.403898 1.400991 -0.189458
0.400583 1.333351 -0.095793
0.408845 1.333708 -0.034357
0.316938 1.403020 -0.249694
0.357055 1.336004 -0.165743
0.344596 1.279797 -0.080031
0.351344 1.276448 -0.023811
0.217361 1.407974 -0.291742
0.285998 1.339618 -0.225115
0.317512 1.282513 -0.143404
0.110232 1.412436 -0.315647
0.198775 1.344855 -0.267823
0.261097 1.285929 -0.200702
0.101620 1.349239 -0.293083
0.097383 1.293770 -0.273865
0.186420 1.290055 -0.245142
0.095066 1.245527 -0.261966
0.181457 1.242916 -0.227835
0.248064 1.240162 -0.179924
0.292558 1.238308 -0.122400
0.313747 1.237398 -0.066089
0.319281 1.236981 -0.016514
-0.682000 2.192425 -0.009435
-0.719406 2.124198 -0.036565
-0.636582 2.254698 0.026609
-0.680433 2.112335 -0.021979
-0.644607 2.179965 0.003619
-0.747605 2.045404 -0.061831
-0.709301 2.035218 -0.045604
-0.578222 2.308646 0.070840
-0.599105 2.241776 0.038263
-0.550255 2.026002 -0.050974
-0.532339 2.099619 -0.030173
-0.506441 2.168023 -0.004363
-0.765731 1.962876 -0.079330
-0.728892 1.956151 -0.063193
-0.769521 1.882577 -0.090025
-0.563927 1.949069 -0.066797
-0.731662 1.876630 -0.073627
-0.762564 1.797655 -0.093242
-0.493570 2.358475 0.123867
-0.541233 2.291555 0.086399
-0.471658 2.229481 0.029177
-0.403349 2.015708 -0.041959
-0.391515 2.086934 -0.023734
-0.373564 2.153450 0.000534
-0.411674 1.941304 -0.056267
-0.565337 1.869849 -0.076540
-0.726190 1.793632 -0.077079
-0.733024 1.711629 -0.084528
-0.412463 2.384341 0.167430
-0.465392 2.331946 0.135481
-0.430785 2.280934 0.071716
-0.349713 2.212310 0.033186
-0.264390 2.005691 -0.022543
-0.257452 2.073800 -0.004798
-0.246308 2.137561 0.017187
-0.269096 1.933983 -0.035184
-0.411791 1.864126 -0.065219
-0.558310 1.788169 -0.077946
-0.697357 1.708719 -0.067637
-0.687194 1.628060 -0.064648
-0.339558 2.402139 0.211548
-0.389330 2.356781 0.179090
-0.373551 2.320603 0.118472
-0.320775 2.264681 0.070221
-0.231147 2.195310 0.045385
-0.131129 1.998242 -0.003291
-0.128012 2.064245 0.013781
-0.122687 2.125860 0.034096
-0.133116 1.928505 -0.015281
-0.268518 1.859569 -0.043241
-0.405923 1.784795 -0.065553
-0.537310 1.705482 -0.067747
-0.650603 1.626622 -0.047182
-0.622654 1.546509 -0.041046
-0.269377 2.416368 0.258364
-0.317547 2.372973 0.220077
-0.313886 2.348076 0.165284
-0.279522 2.305535 0.113803
-0.212382 2.246013 0.079003
-0.115299 2.181687 0.059559
-0.000000 1.994329 0.009592
-0.000000 2.060026 0.024234
0.000000 2.120966 0.042615
-0.000000 1.925319 -0.001568
-0.132363 1.856069 -0.021784
-0.264489 1.783304 -0.041737
-0.391224 1.704609 -0.054833
-0.503617 1.625133 -0.045317
-0.584687 1.546645 -0.020027
-0.549556 1.472749 -0.019479
-0.251616 2.389426 0.265406
-0.261302 2.366318 0.210275
-0.235554 2.334795 0.160066
-0.185512 2.286534 0.119065
-0.106050 2.230152 0.091265
-0.000000 2.175982 0.066610
0.128012 2.064245 0.013781
0.131129 1.998242 -0.003291
0.122687 2.125860 0.034096
0.115299 2.181687 0.059559
-0.000000 1.853863 -0.006629
-0.130268 1.782232 -0.020740
-0.255296 1.705834 -0.031910
-0.368610 1.626300 -0.031875
-0.460017 1.549574 -0.013019
-0.513815 1.474752 0.006466
-0.213315 2.380680 0.256206
-0.196129 2.354850 0.206843
-0.156824 2.316984 0.163349
-0.093001 2.268605 0.130152
-0.000000 2.222658 0.098554
0.106050 2.230152 0.091265
0.257452 2.073800 -0.004798
0.246308 2.137561 0.017187
0.231147 2.195310 0.045385
0.212382 2.246013 0.079003
-0.000000 1.782071 -0.004472
-0.126334 1.707411 -0.009015
-0.241582 1.629757 -0.010201
-0.340179 1.552403 0.002368
-0.411565 1.478667 0.022516
-0.160805 2.367772 0.253170
-0.130994 2.338307 0.208590
-0.078845 2.298663 0.171271
-0.000000 2.259878 0.136399
0.093001 2.268604 0.130152
0.185512 2.286534 0.119065
0.373564 2.153450 0.000534
0.349713 2.212310 0.033186
0.320775 2.264681 0.070221
0.279522 2.305535 0.113803
-0.000000 1.709173 0.005297
-0.119631 1.632338 0.008508
-0.224539 1.555803 0.022306
-0.309050 1.481508 0.041063
-0.107795 2.352310 0.252249
-0.065892 2.321321 0.213181
-0.000000 2.289747 0.176028
0.078845 2.298662 0.171271
0.156824 2.316984 0.163349
0.235554 2.334795 0.160066
0.471659 2.229481 0.029177
0.430785 2.280934 0.071716
0.373551 2.320603 0.118472
0.313886 2.348076 0.165284
-0.000000 1.634994 0.022910
-0.111663 1.559039 0.039277
-0.206203 1.484310 0.062284
-0.054461 2.337129 0.253053
-0.000000 2.314228 0.214813
0.065892 2.321321 0.213181
0.130994 2.338307 0.208590
0.196129 2.354850 0.206843
0.261302 2.366318 0.210275
0.541233 2.291555 0.086399
0.465392 2.331946 0.135481
0.389330 2.356781 0.179090
0.317547 2.372973 0.220077
0.000000 1.561968 0.051665
-0.103312 1.487748 0.078327
0.000000 2.331152 0.253209
0.054461 2.337129 0.253053
0.107795 2.352311 0.252249
0.160805 2.367773 0.253170
0.213315 2.380680 0.256206
0.251616 2.389426 0.265406
0.493570 2.358475 0.123867
0.412463 2.384341 0.167430
0.339558 2.402139 0.211548
0.269377 2.416368 0.258364
0.050282 2.343397 0.293473
0.099394 2.356618 0.295405
0.147047 2.372125 0.299669
0.097321 2.348795 0.336163
0.192499 2.386910 0.305581
0.224453 2.398036 0.310596
0.234151 2.423190 0.307465
0.578222 2.308646 0.070840
0.000000 2.338190 0.292473
0.048918 2.337625 0.331319
0.096902 2.330508 0.370406
0.599105 2.241776 0.038263
0.636582 2.254698 0.026609
0.506441 2.168023 -0.004363
0.644607 2.179965 0.003619
0.682000 2.192425 -0.009435
0.391515 2.086933 -0.023734
0.532339 2.099619 -0.030173
0.680433 2.112335 -0.021979
0.719406 2.124197 -0.036565
0.264390 2.005691 -0.022543
0.403349 2.015708 -0.041959
0.550255 2.026003 -0.050974
0.709301 2.035218 -0.045604
0.747605 2.045404 -0.061831
0.133116 1.928505 -0.015281
0.269096 1.933983 -0.035184
0.411674 1.941304 -0.056267
0.563927 1.949069 -0.066797
0.728892 1.956151 -0.063193
0.765731 1.962876 -0.079330
0.769521 1.882577 -0.090025
0.731662 1.876630 -0.073627
0.762564 1.797655 -0.093242
0.565337 1.869849 -0.076540
0.726190 1.793632 -0.077079
0.733024 1.711629 -0.084528
0.411791 1.864126 -0.065219
0.558310 1.788169 -0.077946
0.697357 1.708719 -0.067637
0.687194 1.628060 -0.064648
0.268518 1.859569 -0.043241
0.405923 1.784795 -0.065553
0.537310 1.705482 -0.067747
0.650603 1.626622 -0.047182
0.622654 1.546509 -0.041046
0.132363 1.856069 -0.021784
0.264489 1.783304 -0.041737
0.130268 1.782232 -0.020740
0.391224 1.704609 -0.054833
0.255296 1.705834 -0.031910
0.126334 1.707411 -0.009015
0.503617 1.625133 -0.045317
0.368610 1.626300 -0.031875
0.241582 1.629758 -0.010201
0.119631 1.632338 0.008508
0.584687 1.546645 -0.020027
0.460017 1.549574 -0.013019
0.340179 1.552403 0.002368
0.224539 1.555803 0.022306
0.111663 1.559038 0.039277
0.549555 1.472749 -0.019479
0.513815 1.474753 0.006466
0.411565 1.478667 0.022516
0.309050 1.481508 0.041063
0.206203 1.484310 0.062284
0.103312 1.487748 0.078327
0.476536 1.403765 -0.001925
0.444277 1.405823 0.027960
0.403258 1.334244 0.011367
0.363402 1.408333 0.052297
0.376070 1.336010 0.042870
0.339684 1.273341 0.019506
0.278660 1.410982 0.076458
0.317342 1.338934 0.072614
0.318820 1.272294 0.053126
0.309449 1.237191 0.024053
0.279528 1.272648 0.088913
0.251977 1.342309 0.101619
0.227832 1.273020 0.122649
0.187804 1.414035 0.099143
0.167636 1.345195 0.128272
0.094137 1.416473 0.114222
0.143077 1.274274 0.159462
0.083698 1.348036 0.145728
-0.000000 1.489249 0.084581
-0.000000 1.417581 0.120070
-0.094137 1.416473 0.114222
0.072911 1.277615 0.178518
-0.000000 1.349029 0.151481
-0.083698 1.348036 0.145728
0.066298 1.240891 0.192023
-0.000000 1.278022 0.181826
-0.072911 1.277615 0.178518
-0.000000 1.241724 0.198423
-0.066298 1.240891 0.192023
-0.143077 1.274274 0.159462
-0.167636 1.345195 0.128272
-0.227832 1.273020 0.122649
-0.187804 1.414035 0.099143
-0.251977 1.342308 0.101619
-0.279528 1.272648 0.088913
-0.278660 1.410982 0.076458
-0.317342 1.338934 0.072614
-0.363402 1.408333 0.052297
-0.318820 1.272294 0.053126
-0.376070 1.336010 0.042870
-0.444277 1.405823 0.027960
-0.309449 1.237191 0.024053
-0.339684 1.273341 0.019506
-0.403258 1.334243 0.011367
-0.476536 1.403764 -0.001925
-0.234151 2.423189 0.307465
-0.224453 2.398036 0.310596
-0.192499 2.386910 0.305581
-0.147047 2.372125 0.299669
-0.097321 2.348795 0.336163
-0.099394 2.356618 0.295405
-0.050282 2.343397 0.293473
-0.048918 2.337625 0.331319
-0.096902 2.330508 0.370406
-0.098896 2.303061 0.398163
-0.048372 2.321927 0.364443
-0.048970 2.296996 0.391783
0.000000 2.333371 0.329784
0.000000 2.319520 0.362091
0.000000 2.294599 0.387918
0.048372 2.321927 0.364443
0.048970 2.296996 0.391783
0.000000 2.264724 0.412062
-0.049673 2.267088 0.415092
-0.099484 2.271257 0.421625
-0.096479 2.242240 0.447506
-0.048357 2.239100 0.440307
-0.089289 2.218025 0.475487
0.098896 2.303061 0.398163
0.049673 2.267089 0.415092
0.099484 2.271257 0.421625
0.096479 2.242240 0.447506
0.048357 2.239100 0.440307
0.089289 2.218025 0.475487
0.000000 2.237541 0.437479
0.044347 2.215838 0.467576
0.079672 2.194678 0.500589
-0.044347 2.215838 0.467576
-0.000000 2.215387 0.464946
0.039554 2.193306 0.491765
0.068049 2.170221 0.521368
0.034199 2.171741 0.511327
-0.000000 2.192341 0.489426
-0.039554 2.193306 0.491765
-0.079672 2.194678 0.500589
-0.068049 2.170221 0.521368
-0.034199 2.171741 0.511327
-0.000000 2.171365 0.508648
-0.027528 2.156291 0.524135
-0.000000 2.154680 0.523490
0.027528 2.156291 0.524135
0.014874 2.082220 0.712544
0.019461 2.105854 0.715938
0.008136 2.087332 0.705327
0.026095 2.083124 0.711014
-0.002978 2.053643 0.684366
0.032716 2.045076 0.695945
0.009872 2.043253 0.699056
0.011816 2.093318 0.696581
0.023037 2.094207 0.695053
0.030176 2.089110 0.702269
0.041025 2.057273 0.678142
0.026491 2.067663 0.663448
0.003647 2.065840 0.666561
-0.057249 2.244499 0.829142
-0.050511 2.239980 0.836734
-0.061807 2.220691 0.827613
-0.038582 2.275191 0.854988
-0.068470 2.243748 0.830743
-0.052300 2.284395 0.839531
-0.075145 2.282845 0.842790
-0.054192 2.234694 0.845928
-0.083455 2.272093 0.861506
-0.072552 2.238461 0.839935
-0.046076 2.264438 0.873705
-0.065413 2.233942 0.847529
-0.068920 2.262889 0.876964
0.057249 2.244499 0.829142
0.061807 2.220691 0.827613
0.050511 2.239980 0.836734
0.068470 2.243747 0.830743
0.038582 2.275191 0.854988
0.075145 2.282845 0.842790
0.052300 2.284395 0.839531
0.054192 2.234694 0.845928
0.072552 2.238461 0.839935
0.065413 2.233942 0.847529
0.083455 2.272093 0.861506
0.068920 2.262889 0.876964
0.046076 2.264438 0.873705
-0.105712 2.137533 0.659316
-0.098974 2.142646 0.652103
-0.110270 2.161152 0.662713
-0.087045 2.108972 0.631137
-0.116933 2.138422 0.657780
-0.100763 2.098581 0.645823
-0.123608 2.100388 0.642695
-0.102654 2.148632 0.643353
-0.131918 2.112570 0.624882
-0.121015 2.144408 0.649031
-0.094539 2.121169 0.613323
-0.113876 2.149505 0.641817
-0.117383 2.122961 0.610195
-0.088772 2.112198 0.680480
-0.082034 2.117310 0.673267
-0.093331 2.135832 0.683877
-0.070106 2.083651 0.652301
-0.099994 2.113086 0.678945
-0.083824 2.073261 0.666987
-0.106668 2.075052 0.663860
-0.085715 2.123296 0.664517
-0.114978 2.087235 0.646047
-0.104075 2.119072 0.670195
-0.077599 2.095833 0.634487
-0.096936 2.124184 0.662981
-0.100444 2.097625 0.631361
-0.056420 2.090235 0.702965
-0.049682 2.095332 0.695752
-0.060979 2.113854 0.706361
-0.037754 2.061673 0.674784
-0.067642 2.091109 0.701429
-0.051472 2.051283 0.689470
-0.074316 2.053075 0.686344
-0.053363 2.101318 0.687001
-0.082626 2.065273 0.668530
-0.071723 2.097110 0.692678
-0.045247 2.073855 0.656972
-0.064584 2.102207 0.685465
-0.068092 2.075663 0.653844
-0.011816 2.093318 0.696581
-0.023037 2.094207 0.695053
-0.019461 2.105855 0.715938
-0.026491 2.067663 0.663448
-0.008136 2.087332 0.705327
-0.003647 2.065841 0.666561
0.002978 2.053643 0.684366
-0.030176 2.089110 0.702269
-0.041025 2.057273 0.678142
-0.014874 2.082220 0.712544
-0.026095 2.083124 0.711014
-0.032716 2.045075 0.695945
-0.009872 2.043253 0.699056
0.105712 2.137534 0.659316
0.110270 2.161152 0.662713
0.098974 2.142646 0.652103
0.116933 2.138422 0.657780
0.087045 2.108971 0.631137
0.123608 2.100388 0.642695
0.100763 2.098581 0.645823
0.102654 2.148632 0.643353
0.121015 2.144408 0.649031
0.113876 2.149505 0.641817
0.131918 2.112570 0.624882
0.117383 2.122961 0.610195
0.094539 2.121169 0.613323
0.088772 2.112197 0.680480
0.093331 2.135832 0.683877
0.082034 2.117310 0.673267
0.099994 2.113086 0.678945
0.070106 2.083651 0.652301
0.106668 2.075053 0.663860
0.083824 2.073261 0.666987
0.085715 2.123296 0.664517
0.104075 2.119072 0.670195
0.096936 2.124185 0.662981
0.114978 2.087235 0.646047
0.100444 2.097625 0.631361
0.077599 2.095833 0.634487
0.056420 2.090235 0.702965
0.060979 2.113854 0.706361
0.049682 2.095332 0.695752
0.067642 2.091109 0.701429
0.037754 2.061673 0.674784
0.074316 2.053075 0.686344
0.051472 2.051283 0.689470
0.053363 2.101318 0.687001
0.071723 2.097110 0.692678
0.064584 2.102207 0.685465
0.082626 2.065273 0.668530
0.068092 2.075663 0.653844
0.045247 2.073856 0.656972
