0.840052 -0.005022 -0.443972
0.913182 0.008677 -0.166825
0.876521 -0.210829 0.385450
0.544598 0.387539 -0.526586
0.997625 -0.367904 0.675456
1.053312 0.603026 -0.542617
0.844019 0.031394 0.472131
0.434581 0.366691 0.140219
1.111242 0.417497 -0.500463
0.449000 0.485168 -0.135303
0.382904 0.127782 0.505255
0.792195 0.067937 0.250999
0.333758 0.111375 0.526254
1.083194 -0.151209 0.846889
0.227679 0.248246 0.439359
0.969380 -0.405690 0.080876
0.816048 -0.040387 -0.368833
0.882595 -0.428372 0.283429
0.282266 0.400846 -0.311472
0.145566 0.379620 -0.601495
1.003511 -0.252070 0.404028
0.805864 0.505175 -0.326545
0.945911 0.311519 -0.566652
0.442387 0.242547 -0.593836
0.632357 -0.201620 0.690719
1.063257 -0.388923 0.637622
0.270314 0.490744 -0.284283
1.076302 -0.479314 0.494823
-0.317946 0.196157 -0.135465
0.848773 -0.103653 -0.083696
-0.200741 0.262141 -0.544153
0.744392 0.077315 -0.371729
0.969772 0.379889 -0.676883
0.966231 0.287661 -0.341990
1.023356 0.261526 -0.537849
0.875983 0.168522 -0.438257
0.967468 -0.253622 0.203926
0.874372 0.184286 -0.484663
0.975716 -0.100825 0.618761
0.516509 0.391649 -0.659101
0.280028 0.183166 0.416226
0.576147 0.157075 0.350663
0.873175 -0.273847 0.665759
0.482623 0.012222 -0.548295
0.405298 0.145792 -0.484317
0.614283 -0.220543 -0.378226
-0.019313 -0.142203 0.294319
1.027982 0.061901 0.577164
0.274497 0.295098 -0.529187
1.126100 -0.160306 0.815065
0.929697 -0.356887 0.438031
0.797118 0.195879 -0.201340
0.672356 0.209620 0.135178
0.505086 -0.105210 0.778655
0.544596 -0.101262 0.605480
1.119561 -0.386344 0.463589
1.008158 0.110470 -0.563998
0.647226 0.238855 0.057064
-0.252835 0.290744 -0.388784
0.931767 0.396828 -0.374091
0.032850 0.262739 -0.427161
0.373744 0.577382 -0.654181
0.282754 -0.422253 0.299899
0.704275 -0.448012 0.341984
0.396829 -0.306790 -0.359150
0.746894 0.115586 -0.592157
0.093923 0.225777 0.461016
0.808436 -0.033782 0.683349
0.351028 0.266305 0.285960
0.117164 0.078906 0.580162
0.794930 0.120856 -0.083486
0.900281 0.322514 -0.394378
0.064444 0.020666 0.571877
1.189999 -0.120530 0.699762
1.071732 0.705806 -0.777958
0.807315 0.062096 -0.231049
0.926155 -0.021838 0.643648
0.763604 -0.078964 -0.274113
0.882077 -0.120381 0.544211
0.670064 0.454797 -0.262410
0.671659 -0.316554 -0.086529
0.033380 -0.052356 0.409851
1.119835 0.125161 -0.643258
-0.399809 0.196811 0.353788
0.787156 -0.299112 -0.168568
0.507096 0.113069 -0.585075
0.833339 -0.072412 -0.152558
0.872821 0.114165 -0.347239
0.104682 0.403124 -0.287316
0.965597 0.378102 -0.559576
-0.201634 0.077988 0.309509
0.814304 -0.192925 0.254071
0.559527 0.073506 0.646612
0.037449 -0.046988 0.512954
0.908692 -0.047464 0.400497
1.079289 -0.099027 0.626393
0.460115 -0.487604 0.009025
0.832306 0.536178 -0.856350
0.908702 -0.098566 0.215111
0.355389 0.088689 -0.541588
-0.144314 0.049662 0.419502
0.283041 0.430996 0.130277
0.844932 0.093440 -0.466318
0.827757 -0.143526 0.813631
0.888932 0.172647 -0.488658
0.774173 0.602480 -0.702805
0.121175 0.391250 -0.071381
0.296787 0.419588 -0.467868
0.899385 -0.008010 0.468665
0.783065 0.326650 -0.702589
-0.221009 0.360628 0.022827
0.780198 0.017399 -0.476680
1.011820 -0.283648 0.596638
0.804737 0.023384 0.039213
0.847166 -0.140630 0.020258
-0.319161 0.099383 -0.310106
0.646514 -0.319867 0.671433
0.936445 0.313537 -0.373129
0.914431 0.416963 -0.768728
-0.045479 0.254282 -0.383548
0.993494 -0.215030 0.348434
0.971271 -0.394516 0.458140
0.636557 -0.015762 -0.498087
0.855171 0.232856 -0.341956
0.864072 0.060859 -0.279278
0.789901 0.265471 -0.081063
0.848947 0.112115 -0.390938
0.671090 0.142075 0.394163
0.872676 -0.339071 0.117851
-0.341465 0.077697 -0.283674
0.898955 0.210656 -0.438167
0.565379 -0.163566 -0.377514
0.184777 0.375259 -0.393985
0.678977 0.234233 0.066421
0.056182 0.078526 -0.506539
1.092872 -0.179997 0.778689
0.717505 0.048648 0.095489
0.214290 0.265525 0.350202
0.097697 -0.050184 -0.455712
0.528829 0.527135 -0.567040
0.902975 0.197344 -0.573401
0.118677 0.309278 -0.391387
0.188624 -0.077733 0.608307
0.494149 0.285247 -0.552586
0.941682 -0.051684 0.673887
0.935967 -0.037917 0.280131
0.028698 0.004800 -0.441081
0.393048 -0.003447 0.650983
-0.017424 0.352482 0.241380
0.595875 0.431017 -0.084846
0.932864 0.110424 -0.314368
0.894125 0.565770 -0.578955
0.816394 0.175428 -0.333055
0.602883 0.290005 -0.752541
0.342502 0.153228 -0.563376
0.564276 -0.080758 0.506152
0.767549 0.182116 0.008238
-0.124898 0.339538 -0.157469
0.982683 -0.302976 -0.231180
0.230967 0.019374 0.585123
-0.428579 -0.034234 -0.346037
1.080297 0.384397 -0.745464
0.821459 0.244464 -0.388421
0.875487 -0.053775 0.326489
0.761065 0.282175 -0.506089
0.848070 0.324723 -0.421888
0.795946 0.079283 -0.220184
0.626949 0.305896 -0.383243
0.768407 0.108918 -0.226921
0.373059 -0.067896 -0.480217
0.812525 0.107528 0.095340
0.142443 0.110003 0.496797
0.540893 -0.014262 0.626031
0.671729 0.343807 -0.037206
0.981508 0.273850 -0.601683
0.592132 0.253927 0.272652
0.883218 0.291670 -0.320422
0.902250 0.181389 -0.489681
0.556606 -0.466770 -0.000745
1.011255 -0.057863 0.444244
0.863409 0.363513 -0.410998
0.413572 0.396874 -0.238760
0.770152 0.371587 -0.282740
1.043555 0.433159 -0.670858
0.681866 0.086667 0.391655
0.885779 -0.251622 0.026099
1.145854 0.575221 -0.713534
-0.047153 0.210606 -0.345048
1.008245 -0.010501 0.544841
0.576894 0.227471 -0.622653
0.373452 0.433047 -0.797379
0.808413 0.161325 -0.379825
0.843321 -0.165527 -0.317350
0.662360 0.462337 -0.710392
-0.161759 0.031481 0.357109
0.974450 -0.160306 0.264108
0.799761 -0.217125 -0.136903
0.845589 -0.430968 0.218928
0.087903 -0.353890 -0.101615
1.086412 0.395921 -0.786368
0.925703 0.176868 0.155997
0.501073 0.594348 -0.348782
0.809213 0.194862 0.104960
0.300241 -0.008622 0.519056
0.856391 -0.337296 0.006263
0.875970 0.231352 0.351808
0.117466 0.191444 -0.488915
0.830762 0.077271 0.173940
0.366254 -0.106973 0.612694
0.969148 -0.099440 -0.292544
0.753384 0.465347 -0.420697
0.793291 0.270551 -0.245588
0.806213 0.347150 -0.486777
0.830576 0.062923 0.493263
-0.124574 0.137758 0.344273
0.223761 -0.185578 -0.373902
0.233575 0.316265 -0.382402
0.828150 0.093610 -0.386268
0.301052 0.265606 -0.587057
0.824053 0.271422 -0.193302
0.074903 0.258989 -0.583548
0.093877 0.298146 0.301519
-0.493919 0.179232 -0.377082
0.679049 -0.324774 0.589622
-0.096390 -0.086421 0.491838
1.027436 -0.168235 0.352183
0.467560 -0.415358 -0.209039
-0.161219 0.135837 -0.468641
1.130546 -0.423576 0.654011
0.653424 -0.262112 -0.221998
0.719878 0.251503 -0.153561
0.909794 0.336582 -0.691334
-0.055962 -0.303261 -0.074041
0.128103 0.095869 -0.535369
0.523628 0.005703 -0.515918
0.862377 0.081125 -0.297314
0.464807 -0.409330 0.514401
0.484188 0.309838 0.237031
-0.263212 -0.032062 -0.235646
-0.122561 0.230181 -0.230861
0.618257 0.296583 -0.651662
0.205608 -0.202479 0.561075
0.660748 -0.444732 0.083120
0.956205 0.356518 -0.265460
-0.176645 -0.051790 -0.348838
0.589436 0.046377 0.518383
-0.337521 0.081400 0.259586
0.806501 -0.056797 0.267082
0.151075 0.008957 -0.509662
-0.273925 -0.115811 -0.189494
0.053395 -0.086235 -0.358988
0.901757 -0.211318 0.104146
0.144317 -0.319669 -0.286409
0.197110 0.383462 0.150824
0.662965 0.509040 -0.518202
0.359481 -0.148497 0.444022
0.649166 -0.513552 -0.110274
0.777111 -0.541723 0.185284
0.787245 -0.519106 -0.109367
0.668482 -0.469738 0.276450
0.557600 -0.481748 0.038878
0.487122 -0.386112 0.309152
0.421393 -0.339762 -0.118663
0.363141 -0.238343 0.280716
0.214219 -0.235055 0.024704
0.200455 -0.166839 0.218171
0.141045 -0.113219 -0.077874
0.104326 -0.052173 0.348935
-0.070494 -0.062209 0.041100
-0.083616 -0.048616 0.180885
-0.111101 -0.028833 -0.259890
-0.073061 0.073297 0.287629
-0.145339 0.103785 -0.160285
-0.113669 0.136712 0.093298
-0.002979 0.134136 -0.395528
0.060409 0.199921 0.328679
0.011311 0.177013 -0.178719
0.034787 0.211034 0.148505
0.059335 0.176509 -0.272123
0.014219 0.220904 0.295922
-0.112543 0.170069 -0.071491
-0.148168 0.178554 0.076378
-0.091687 0.103241 -0.189654
-0.050420 0.141310 0.236810
-0.097560 0.089886 -0.000367
-0.099670 0.153882 0.119598
-0.053131 0.181802 -0.037939
0.023347 0.285746 0.042932
0.592858 -0.491344 -0.096996
0.809569 -0.480919 -0.060898
0.763394 -0.524661 0.167428
0.744349 -0.556772 0.134799
0.611223 -0.508948 0.019438
0.579678 -0.470860 0.271586
0.469020 -0.416426 0.250471
0.393519 -0.313982 0.273450
0.167592 -0.261185 0.154870
0.102437 -0.196058 0.317543
-0.054979 -0.171364 0.396646
-0.065062 -0.118098 0.302205
-0.183823 -0.095484 0.106114
-0.236707 -0.023083 0.392938
-0.400783 -0.034481 0.224823
-0.333604 0.015819 0.204787
-0.232747 0.051484 -0.196522
-0.106815 0.109512 0.341373
-0.045687 0.055607 -0.007157
0.083989 0.046408 0.226035
0.204258 0.076872 -0.270267
0.268551 0.097355 0.338324
0.146761 0.055053 0.013177
0.081911 0.078644 0.192886
0.031711 0.071691 -0.102239
0.047753 0.075639 0.291195
-0.098100 -0.043289 0.157398
-0.089582 -0.017098 0.221832
-0.078121 -0.045708 -0.047534
-0.031769 -0.019345 0.198044
-0.009197 -0.021840 0.275805
0.014954 0.111501 0.235648
0.619038 -0.524342 0.141727
0.719296 -0.605857 0.254490
0.703373 -0.544263 0.054036
0.565567 -0.566097 0.274489
0.448209 -0.546045 0.246171
0.327462 -0.494037 0.191603
0.181998 -0.463054 0.211880
0.142823 -0.339519 0.243565
-0.071508 -0.301611 0.345324
0.040419 -0.162668 0.115956
-0.171699 -0.164102 0.185397
-0.169292 -0.104806 0.308273
-0.474213 -0.094505 0.273649
-0.446656 0.040215 -0.010235
-0.617567 0.052057 -0.178381
-0.523883 0.153902 0.089773
-0.633973 0.166481 -0.080239
-0.505549 0.228621 -0.064550
-0.513288 0.219618 -0.305607
-0.433232 0.264680 0.114221
-0.502274 0.241009 -0.086149
-0.339383 0.302463 0.013021
-0.427976 0.290090 -0.139500
-0.433056 0.331400 0.099624
-0.625449 0.263880 0.038843
-0.547783 0.258192 0.029469
-0.617698 0.195684 -0.003120
-0.535895 0.241885 0.090531
-0.588655 0.194297 0.180258
-0.534574 0.209540 0.147176
-0.532571 0.160320 0.131509
-0.290773 0.232254 -0.047070
0.597390 -0.407861 -0.025321
0.759516 -0.426288 0.079208
0.663256 -0.477116 0.203933
0.621233 -0.524248 0.193807
0.406865 -0.531800 0.166700
0.312306 -0.528037 0.233095
0.099054 -0.536674 0.403744
-0.019868 -0.508280 0.348570
-0.252755 -0.472716 0.264677
-0.386373 -0.405477 0.563989
-0.564697 -0.380354 0.414411
-0.589394 -0.240706 0.336043
-0.653875 -0.173649 -0.007108
-0.745130 -0.028747 0.411046
-0.902640 -0.012874 0.087205
-0.816144 0.105120 0.105207
-0.524048 0.199539 -0.399401
-0.388104 0.228665 0.276840
-0.213183 0.230430 -0.152725
-0.135369 0.219160 0.119393
0.005831 0.207008 -0.340106
-0.108002 0.228951 0.162626
-0.194121 0.203375 -0.140450
-0.258175 0.217326 0.051290
-0.181286 0.177483 -0.164267
-0.266698 0.163246 0.157054
-0.318344 0.073739 -0.059032
-0.307712 0.089653 0.134386
-0.235375 0.068671 -0.085972
-0.237225 0.099079 0.158111
-0.109734 0.074151 0.168276
-0.078142 0.156773 0.217465
0.598719 -0.475830 0.169266
0.735497 -0.506319 0.201196
0.670286 -0.507876 0.111924
0.536316 -0.495580 0.205580
0.327269 -0.525249 0.355260
0.109620 -0.577295 0.190062
-0.106498 -0.679109 0.467366
-0.296115 -0.598858 0.483075
-0.586192 -0.498794 0.569273
-0.667266 -0.388924 0.325824
-0.903805 -0.307416 0.355948
-0.951409 -0.185592 0.415847
-1.208024 -0.111317 0.500086
-1.196932 0.028365 0.169072
-1.318187 0.121383 0.007553
-1.223342 0.225525 0.111522
-1.180207 0.318154 0.006014
-1.047249 0.333887 -0.063897
-0.956167 0.385744 -0.209322
-0.864696 0.422559 -0.033043
-0.861684 0.483532 0.002370
-0.851519 0.493533 0.064838
-0.867118 0.533671 -0.066938
-0.819443 0.522324 0.063077
-0.820230 0.512123 0.002339
-0.742477 0.473884 0.177851
-0.686862 0.454559 0.044033
-0.606363 0.452424 0.205841
-0.553034 0.411605 0.065954
-0.519361 0.355647 0.235835
-0.525415 0.253781 0.138346
-0.338693 0.286263 0.015033
0.740185 -0.416665 0.054687
0.874062 -0.469762 0.018060
0.857688 -0.573740 0.175591
0.724171 -0.646271 0.108076
0.410932 -0.692769 0.374190
0.019806 -0.759015 0.329758
-0.223687 -0.935714 0.821945
-0.497327 -0.992698 0.615227
-0.651354 -0.974904 0.583642
-0.843592 -0.921349 0.722495
-0.984038 -0.800564 0.774980
-1.185601 -0.575220 0.483518
-1.241211 -0.428357 0.184661
-1.280223 -0.282608 0.648043
-1.277660 -0.113708 0.160153
-1.183541 0.111665 0.199570
-0.961258 0.202598 -0.199470
-0.862587 0.253060 0.206051
-0.663254 0.259174 -0.032139
-0.593080 0.273506 0.004307
-0.421383 0.264998 -0.147694
-0.495485 0.351860 0.036812
-0.470473 0.306642 -0.004630
-0.557751 0.349703 -0.024698
-0.446987 0.284198 -0.116573
-0.521142 0.303091 0.068769
-0.439746 0.185197 -0.057888
-0.359815 0.214949 0.078134
-0.259830 0.150455 -0.141021
-0.287546 0.169727 0.137559
-0.117073 0.115995 0.171695
-0.137144 0.202564 0.176822
0.791675 -0.503713 0.089872
0.873253 -0.550330 0.026800
0.783812 -0.579227 0.060102
0.532338 -0.560416 0.113896
0.291380 -0.627827 0.368463
-0.103498 -0.751881 0.353282
-0.310506 -0.975909 0.610971
-0.430300 -0.915744 0.798311
-0.570433 -0.765947 0.575652
-0.768663 -0.619460 0.558928
-0.825802 -0.479623 0.193843
-1.024387 -0.313591 0.638278
-1.168694 -0.163714 0.204262
-1.280423 0.049405 0.329627
-1.246247 0.097626 -0.603640
-1.286579 0.229007 0.518332
-1.276440 0.304399 -0.256883
-1.280692 0.400355 0.056935
-1.162529 0.378064 -0.688863
-1.094335 0.454417 0.299677
-1.124596 0.541543 -0.244323
-1.120079 0.645769 -0.013230
-1.108010 0.686608 -0.506035
-1.019373 0.711594 0.171873
-1.045878 0.757487 -0.040980
-0.953603 0.755999 0.064049
-0.956054 0.770761 -0.094604
-0.849424 0.800144 0.291688
-0.860638 0.743143 0.216641
-0.779434 0.581604 0.227977
-0.776948 0.451801 0.145538
-0.505563 0.392151 -0.029950
0.770666 -0.681721 -0.062394
0.906790 -0.773454 0.010421
0.941388 -0.978858 0.083993
0.875580 -0.973546 0.038520
0.564948 -1.013157 0.201676
0.141712 -0.979486 0.608832
-0.231985 -1.153723 0.860935
-0.408935 -1.191298 0.853045
-0.463880 -1.087292 0.486761
-0.573132 -1.002965 1.198829
-0.742365 -0.822480 0.599991
-1.009639 -0.615059 0.817876
-1.010625 -0.282711 -0.255503
-1.053600 -0.149435 0.925575
-1.039425 -0.002024 -0.322342
-1.018695 0.024404 0.568088
-0.891239 0.166988 -0.802014
-0.873888 0.212087 0.421666
-0.784235 0.150441 -0.455276
-0.793390 0.257516 0.174526
-0.672969 0.303054 -0.728093
-0.635451 0.479959 0.291453
-0.608902 0.338773 -0.326614
-0.676390 0.466782 0.088700
-0.615177 0.453945 -0.479719
-0.595843 0.510701 0.178047
-0.591895 0.375734 -0.035893
-0.533578 0.392836 -0.017111
-0.417964 0.317305 -0.191722
-0.405022 0.262488 0.011520
-0.229832 0.189235 0.111423
-0.201506 0.226842 0.077797
0.773417 -0.854974 -0.070518
0.909780 -0.923621 -0.144239
0.880574 -0.978419 -0.114558
0.756837 -0.850480 -0.049227
0.576248 -0.807003 0.269383
0.301561 -0.816920 0.307234
-0.004812 -0.927174 0.492770
-0.175186 -0.926975 0.728790
-0.353638 -0.796438 0.531145
-0.488560 -0.634564 0.496951
-0.519194 -0.491858 0.192150
-0.716509 -0.378430 0.569566
-0.822152 -0.139987 0.174793
-0.900430 0.001992 0.277397
-0.917047 0.073560 -0.357757
-0.981198 0.097126 0.177674
-0.900035 0.221308 -0.188118
-0.933040 0.259679 0.148465
-0.944456 0.323520 -0.475518
-0.910543 0.398185 -0.058878
-0.841664 0.505830 -0.131401
-0.878326 0.645941 0.127531
-0.941580 0.752040 -0.284017
-0.891678 0.806151 0.004384
-0.799726 0.874314 0.048981
-0.794197 0.975132 0.433167
-0.897936 1.021630 0.002556
-0.944100 1.048559 0.230272
-0.837146 0.959599 0.193114
-0.795810 0.801720 0.381156
-0.785399 0.630428 0.210114
-0.557387 0.476079 0.094223
0.753526 -1.353871 -0.472688
0.790147 -1.612880 -0.465959
0.773343 -1.909431 -0.399438
0.759994 -1.708533 -0.371523
0.700478 -1.854434 -0.396390
0.601493 -1.129639 0.112466
0.419660 -1.127142 0.355302
0.178574 -1.035459 0.569967
-0.069700 -1.070432 0.360194
-0.273637 -1.010835 1.185338
-0.332541 -0.723769 0.310118
-0.530389 -0.629455 0.758108
-0.535193 -0.361232 -0.159612
-0.667500 -0.327016 0.884988
-0.578657 -0.072608 -0.127945
-0.670609 -0.145069 0.155039
-0.585750 -0.046198 -0.572439
-0.649457 -0.032769 0.457600
-0.649838 0.017950 -0.312960
-0.667460 0.006834 -0.010489
-0.592442 0.124746 -0.389352
-0.589252 0.152879 0.256256
-0.550023 0.176516 -0.162285
-0.551883 0.179923 -0.081212
-0.449792 0.310328 -0.289330
-0.482556 0.380640 0.112311
-0.513553 0.329567 0.033486
-0.564860 0.337583 -0.052796
-0.547662 0.320492 -0.054881
-0.585410 0.319546 -0.100195
-0.424909 0.224986 0.129124
-0.370724 0.240302 0.045842
0.750342 -1.709631 -0.490123
0.840499 -1.859969 -0.629833
0.819540 -2.032787 -0.880549
0.759781 -1.471882 -0.255127
0.627637 -1.199164 -0.070902
0.517221 -0.795022 0.068866
0.216985 -0.724276 0.294585
0.002200 -0.659087 0.395791
-0.154718 -0.566298 0.217139
-0.270111 -0.470168 0.434639
-0.284614 -0.424714 -0.305130
-0.403870 -0.326870 0.986688
-0.456303 -0.222147 -0.454560
-0.628759 -0.057843 0.350908
-0.607003 -0.032595 -1.323848
-0.588711 -0.041981 0.873995
-0.706692 0.058928 -0.841717
-0.732619 0.114772 0.142751
-0.688425 0.237705 -1.450405
-0.559698 0.230133 0.675291
-0.564048 0.311562 -0.829755
-0.598916 0.415476 0.081528
-0.572777 0.580960 -1.242075
-0.541188 0.667590 0.524203
-0.631010 0.749932 -0.438906
-0.669594 0.941982 0.249459
-0.697026 1.070886 -0.508121
-0.669660 1.071067 0.291008
-0.692575 1.023837 -0.019399
-0.663574 0.802252 0.100516
-0.641169 0.624580 0.086941
-0.494691 0.481705 -0.081382
0.619599 -2.242123 -0.833728
0.553437 -2.658191 -0.847200
0.479135 -3.031885 -0.878839
0.494838 -2.652836 -0.584347
0.581767 -2.823983 -1.102591
0.672938 -1.498692 -0.193703
0.591946 -1.395283 -0.124748
0.404228 -0.730737 0.288622
0.095951 -0.634436 0.246055
-0.102418 -0.624606 0.846501
-0.210396 -0.462813 -0.015326
-0.290710 -0.433936 0.820794
-0.283972 -0.381961 -1.211174
-0.259965 -0.268702 1.411584
-0.347945 -0.242590 -0.858625
-0.346958 -0.168403 0.817424
-0.415804 -0.063317 -1.874396
-0.212335 0.011609 1.232533
-0.240036 -0.022981 -1.128121
-0.192879 0.046844 0.761244
-0.280235 0.191489 -1.723012
-0.145937 0.289122 0.951622
-0.201257 0.199492 -0.820270
-0.171750 0.284376 0.546220
-0.241360 0.348816 -1.044558
-0.287030 0.515927 0.500292
-0.374012 0.404520 -0.191966
-0.444396 0.412671 0.128529
-0.424300 0.382330 -0.160101
-0.552509 0.333635 -0.009617
-0.571614 0.208919 0.013106
-0.396631 0.218874 -0.058162
0.704046 -2.284683 -0.686634
0.772221 -2.453563 -0.896372
0.894175 -2.688532 -1.039674
0.847026 -2.088087 -0.824187
0.785165 -1.696168 -0.424429
0.766437 -0.901497 -0.286766
0.602845 -0.829593 -0.037503
0.243786 -0.643139 0.159450
0.000664 -0.559017 0.085543
-0.109902 -0.505255 0.333747
-0.183669 -0.457828 -0.049273
-0.254851 -0.378152 0.313280
-0.343577 -0.288388 0.047973
-0.370220 -0.237221 0.272068
-0.443505 -0.268332 -0.631603
-0.364398 -0.197696 0.265315
-0.414300 -0.184270 -0.169263
-0.375221 -0.076451 0.466906
-0.400581 -0.111554 -0.836234
-0.302259 0.008034 0.242575
-0.290773 0.042693 -0.302595
-0.271466 0.208210 0.408549
-0.360920 0.237376 -0.504835
-0.351841 0.387126 0.103904
-0.428647 0.474990 -0.056196
-0.502988 0.694037 0.520672
-0.542890 0.710143 -0.127202
-0.545965 0.781701 0.244420
-0.530912 0.741642 -0.172264
-0.507755 0.684321 0.069437
-0.526321 0.563401 0.048077
-0.413310 0.436225 -0.030358
0.761981 -2.560613 -0.916618
0.774584 -3.028831 -1.034374
0.798742 -3.404620 -0.910309
0.822441 -2.988391 -0.723722
0.865269 -2.957337 -1.159049
0.847020 -2.112661 -0.494684
0.815918 -1.952578 -0.576917
0.767991 -0.847597 0.009708
0.626416 -0.717280 0.030423
0.458345 -0.603073 0.193220
0.378554 -0.550240 0.137416
0.225713 -0.527404 0.081383
0.127332 -0.489862 -0.125164
-0.005494 -0.497342 0.242846
-0.093624 -0.415208 0.081250
-0.237887 -0.350285 0.054471
-0.237277 -0.318195 -0.521504
-0.221654 -0.280939 0.401622
-0.254733 -0.190979 -0.141959
-0.238804 -0.136739 0.247199
-0.203665 -0.053905 -0.455361
-0.169390 -0.032135 0.315171
-0.233400 0.103941 -0.291452
-0.267410 0.123575 0.027176
-0.296844 0.297554 -0.272836
-0.380688 0.285459 0.096224
-0.443272 0.392625 0.070155
-0.471817 0.376594 0.043088
-0.434171 0.402666 -0.037240
-0.505396 0.284771 0.116129
-0.488804 0.249912 0.023418
-0.355688 0.217490 0.031093
0.856362 -2.348966 -0.674285
0.995677 -2.470129 -0.830959
1.161759 -2.738773 -1.046843
1.189855 -2.303604 -0.878743
1.144944 -2.023449 -0.540081
1.022273 -1.293164 -0.415535
0.875079 -1.136659 -0.299766
0.644762 -0.888284 -0.098319
0.449460 -0.802002 -0.172018
0.327374 -0.684578 0.229811
0.285653 -0.592105 -0.131848
0.242200 -0.535077 0.377930
0.180894 -0.432677 -0.208263
0.003640 -0.439887 0.374649
-0.053602 -0.374683 -0.518611
-0.045008 -0.361982 0.474639
-0.165057 -0.291205 -0.257155
-0.130853 -0.274868 0.448339
-0.125851 -0.180900 -0.724204
-0.030308 -0.128996 0.369472
-0.131643 0.052906 -0.397515
-0.147237 0.057246 0.103115
-0.184412 0.206917 -0.611894
-0.257330 0.245461 0.236991
-0.357098 0.380618 -0.201365
-0.438176 0.406869 0.154641
-0.464214 0.486084 -0.326970
-0.464242 0.495535 0.106617
-0.421451 0.499358 0.005280
-0.455311 0.472392 0.091755
-0.395490 0.372889 -0.011516
-0.314958 0.362423 -0.014516
0.987588 -2.549064 -0.825048
1.125636 -3.004951 -0.721373
1.269807 -3.398903 -1.021119
1.280883 -2.927253 -0.439417
1.227961 -2.831626 -1.114049
1.080578 -2.138834 -0.420515
0.999653 -2.022543 -0.747965
0.895143 -1.266463 -0.195783
0.814618 -1.138499 -0.199745
0.732316 -0.811922 0.136362
0.675062 -0.706154 -0.164939
0.521036 -0.568524 0.187881
0.534035 -0.488892 -0.390918
0.413295 -0.441286 0.453052
0.372870 -0.431039 -0.393894
0.196127 -0.340369 0.246879
0.130334 -0.280384 -0.750884
0.120271 -0.210794 0.649968
0.163178 -0.172124 -0.361937
0.177359 -0.126257 0.475053
0.144125 -0.033786 -0.678838
0.123488 0.025415 0.579775
0.136045 0.158707 -0.385867
0.021848 0.200159 0.237162
-0.115400 0.329455 -0.509326
-0.251652 0.360952 0.174503
-0.320622 0.411421 -0.107320
-0.354455 0.371445 0.113283
-0.372540 0.419710 -0.083668
-0.405817 0.358503 0.042155
-0.369325 0.361535 0.081106
-0.230787 0.324858 -0.005359
1.038723 -2.188240 -0.580359
1.210965 -2.345693 -0.579442
1.389959 -2.561921 -0.848235
1.381273 -2.187799 -0.595524
1.436903 -2.008131 -0.562987
1.306475 -1.533316 -0.505824
1.176965 -1.362205 -0.393248
0.983272 -1.086176 -0.288492
0.881632 -0.962940 -0.150581
0.751342 -0.774851 -0.031475
0.688949 -0.681008 -0.102258
0.591075 -0.538758 0.290927
0.603125 -0.507609 -0.214126
0.515257 -0.406171 0.375727
0.485555 -0.409437 -0.370834
0.401064 -0.292390 0.466417
0.440098 -0.294703 -0.320745
0.359215 -0.212243 0.494779
0.329708 -0.223342 -0.485128
0.341150 -0.088904 0.447959
0.300742 0.008674 -0.426294
0.198497 0.079659 0.350300
0.123002 0.166421 -0.497730
0.037816 0.264430 0.265471
-0.025757 0.349041 -0.360020
-0.068226 0.397102 0.314632
-0.166079 0.410882 -0.285310
-0.235196 0.439646 0.057838
-0.228387 0.455354 -0.191311
-0.248650 0.458198 0.004164
-0.233836 0.405822 -0.010249
-0.141566 0.414725 0.033299
1.138951 -2.380006 -0.669458
1.324690 -2.856589 -0.524070
1.464265 -3.238264 -0.832529
1.536187 -2.836022 -0.341630
1.514067 -2.764639 -0.969767
1.325429 -2.153752 -0.301083
1.275214 -2.045746 -0.655238
1.148802 -1.469212 -0.348904
1.023338 -1.364542 -0.361275
0.949985 -0.926136 -0.269398
0.859280 -0.756872 -0.108338
0.770223 -0.516491 -0.086356
0.771398 -0.465218 -0.136775
0.723216 -0.369421 0.169150
0.778671 -0.360987 -0.338269
0.635010 -0.208177 0.254792
0.627077 -0.182264 -0.397943
0.495116 -0.096178 0.308158
0.506993 -0.104499 -0.420839
0.458908 -0.030048 0.259350
0.447439 0.002064 -0.410773
0.436108 0.105004 0.332253
0.416219 0.163220 -0.416482
0.370627 0.271540 0.149572
0.291468 0.308450 -0.395310
0.213289 0.378060 0.197472
0.124630 0.397195 -0.280695
0.042470 0.431625 0.052746
-0.045967 0.430880 -0.244417
-0.107050 0.418461 0.038391
-0.157325 0.404648 0.049646
-0.094589 0.404897 0.015804
1.001704 -1.881017 -0.342314
1.196408 -2.058975 -0.478916
1.406882 -2.215751 -0.646641
1.459896 -1.950981 -0.528868
1.464664 -1.830433 -0.417448
1.427179 -1.610736 -0.583648
1.345433 -1.370100 -0.458759
1.196093 -1.026545 -0.308419
1.086715 -0.850039 -0.074448
0.998823 -0.660528 -0.118932
0.864959 -0.458185 -0.081140
0.877521 -0.383621 0.092258
0.839492 -0.306898 -0.037854
0.773812 -0.243975 0.252257
0.740144 -0.209969 -0.345768
0.794666 -0.111172 0.325076
0.775710 -0.111839 -0.231083
0.683914 -0.056877 0.329658
0.635325 -0.034677 -0.431482
0.710596 0.031016 0.342279
0.618703 0.052800 -0.282402
0.566280 0.128633 0.213570
0.490616 0.229051 -0.470865
0.547327 0.289598 0.313850
0.432016 0.320664 -0.153812
0.401685 0.377357 0.179917
0.336298 0.410416 -0.483038
0.305657 0.461327 0.093118
0.076839 0.451012 -0.106442
0.042706 0.487696 0.054783
0.045188 0.460865 -0.088522
0.039512 0.469282 -0.058385
1.104561 -2.013163 -0.547385
1.242431 -2.423096 -0.489479
1.462612 -2.708473 -0.668797
1.497213 -2.433851 -0.371913
1.522995 -2.344337 -0.863385
1.440735 -1.893966 -0.117604
1.414209 -1.839785 -0.548481
1.289719 -1.449222 -0.384384
1.136671 -1.387060 -0.509147
1.066399 -1.010667 -0.216702
1.021710 -0.934488 -0.194001
1.012350 -0.542330 -0.082427
0.946075 -0.512097 -0.332540
0.952996 -0.354860 0.367954
0.996085 -0.377752 -0.279818
1.008081 -0.202752 0.328674
0.951732 -0.203295 -0.534210
0.913649 -0.088281 0.454863
0.962039 -0.118782 -0.383856
0.930818 -0.000916 0.270262
0.893297 0.027864 -0.465220
0.820571 0.127566 0.406110
0.818429 0.138398 -0.172877
0.770333 0.240284 0.153075
0.664966 0.279128 -0.313203
0.531289 0.367908 0.159448
0.464818 0.351142 -0.106881
0.358842 0.409458 0.003888
0.223641 0.434607 -0.134039
0.050890 0.433994 -0.115372
0.033941 0.438783 0.058064
0.079734 0.439496 -0.081302
0.838601 -1.433586 -0.253364
0.983151 -1.614828 -0.431290
1.256048 -1.705398 -0.431095
1.387385 -1.605243 -0.327747
1.415799 -1.527810 -0.442473
1.418342 -1.484367 -0.556976
1.389168 -1.209013 -0.279804
1.295171 -1.000697 -0.360644
1.186365 -0.801053 -0.223005
1.143442 -0.621227 -0.208059
1.047006 -0.460732 0.025185
1.051859 -0.383492 0.025767
0.999701 -0.337964 -0.102948
0.984027 -0.253013 0.051918
0.926039 -0.174993 -0.151384
0.931966 -0.074187 0.255339
0.949704 -0.090243 -0.282681
0.961402 0.014764 0.212120
0.932903 0.009546 -0.156661
0.943661 0.089486 0.316872
0.966578 0.079797 -0.275408
0.942105 0.166837 0.161417
0.896055 0.256891 -0.101818
0.884444 0.337942 0.279160
0.843589 0.357920 -0.262607
0.800033 0.400170 0.218671
0.690644 0.427349 -0.082696
0.612489 0.478275 0.087835
0.471958 0.491718 -0.216971
0.345834 0.498875 -0.032430
0.168110 0.471153 0.029788
0.140543 0.446360 -0.052514
1.051831 -1.512058 -0.453130
1.167336 -1.795150 -0.440836
1.337169 -2.023467 -0.527412
1.370408 -1.875871 -0.542533
1.414983 -1.882427 -0.641359
1.385584 -1.688998 -0.290924
1.384713 -1.660426 -0.593908
1.318694 -1.379975 -0.436081
1.214995 -1.247671 -0.399860
1.160372 -0.961004 -0.230288
1.123021 -0.849132 -0.233420
1.121734 -0.642567 -0.052124
1.088615 -0.576838 -0.067396
1.025142 -0.431933 0.254635
1.009931 -0.409119 -0.050738
1.027761 -0.244327 0.255189
0.977962 -0.223277 -0.015436
0.952875 -0.118033 0.410001
0.955217 -0.164790 -0.138026
0.964209 -0.065005 0.260547
0.875436 -0.051824 0.016053
0.829167 0.019341 0.345106
0.798981 0.004272 -0.003948
0.796855 0.149764 0.141003
0.733881 0.182843 0.091942
0.693790 0.273343 0.126262
0.616972 0.305604 0.019708
0.494074 0.388925 -0.034169
0.393419 0.441652 -0.025451
0.238617 0.429134 -0.140128
0.217810 0.453752 0.141983
0.129783 0.446835 -0.008825
0.650842 -1.039848 -0.268104
0.899423 -1.190278 -0.468905
1.051869 -1.229358 -0.665185
1.192405 -1.234288 -0.457888
1.178844 -1.278765 -0.445859
1.247721 -1.299289 -0.541504
1.212942 -1.241662 -0.431837
1.190021 -0.987198 -0.307065
1.144297 -0.859513 -0.182728
1.163761 -0.749871 -0.199053
1.095094 -0.641176 -0.098094
1.063969 -0.528933 0.074944
1.031393 -0.430153 -0.040222
1.008646 -0.345371 0.087343
0.951596 -0.253807 -0.197235
0.954435 -0.128213 0.243943
0.953071 -0.100441 -0.019305
0.975182 -0.029645 0.139553
0.923904 -0.054707 -0.151447
0.918831 0.008944 0.213860
0.890770 -0.007692 0.050116
0.904761 0.069704 0.042411
0.844959 0.113029 -0.089839
0.847643 0.248323 0.142244
0.813846 0.250800 0.050538
0.899337 0.305669 -0.003713
0.795108 0.330762 -0.134290
0.771876 0.396702 -0.009384
0.605307 0.396039 0.027373
0.505481 0.395078 -0.115555
0.344030 0.372169 -0.141415
0.255712 0.444780 -0.173380
0.956654 -0.865090 -0.258419
0.993630 -1.042110 -0.174493
1.192626 -1.205606 -0.381252
1.110431 -1.170336 -0.295172
1.141247 -1.148129 -0.533325
1.046565 -1.118379 -0.350673
1.150327 -1.133911 -0.417208
1.090051 -0.954750 -0.358893
1.035190 -0.816392 -0.349221
0.952124 -0.657162 -0.125360
0.975836 -0.563307 -0.118391
0.957607 -0.459914 0.041540
0.958652 -0.356146 -0.045812
0.886522 -0.239835 0.314172
0.922205 -0.173389 0.102494
0.886380 -0.062926 0.258435
0.877108 -0.030826 0.061966
0.836185 0.040406 0.379735
0.873150 -0.002957 0.169527
0.853802 0.020611 0.186976
0.840320 0.042250 0.087206
0.767681 0.098159 0.265746
0.775470 0.106132 0.186368
0.743243 0.183357 0.137508
0.759658 0.232188 0.094088
0.689668 0.308130 0.161326
0.712087 0.318420 0.123978
0.624961 0.389016 -0.033400
0.590941 0.444343 -0.008176
0.520291 0.474429 -0.023559
0.494775 0.437567 -0.026092
0.407201 0.429117 -0.064593
