0.254363 -0.402112 -0.677078
0.579266 -0.337095 -0.410451
0.462438 0.028552 -0.139774
0.334385 -0.071192 -0.244711
0.130658 -0.378741 -0.330903
0.076143 -0.222548 0.126747
0.273232 -0.182571 0.007205
-0.038246 -0.059559 -0.466460
0.088105 -0.165438 0.295970
0.280049 -0.150000 0.030112
0.126345 -0.010842 -0.061391
0.403275 -0.165418 -0.049198
-0.145254 0.091683 0.251570
0.167458 -0.226138 0.233179
-0.277988 -0.113189 -0.126539
0.155308 -0.262536 0.053480
0.160942 -0.500265 -0.585193
0.255939 -0.315843 -0.007799
0.294363 -0.207089 -0.007974
-0.142705 0.260803 -0.830528
0.387213 -0.475300 -0.437438
0.018066 -0.098311 0.026241
0.466989 0.153153 -0.302129
0.055812 -0.149188 -0.913483
-0.005410 -0.242797 0.352282
0.140856 -0.150674 -0.210454
-0.195514 0.126940 -0.061254
0.312883 -0.386879 -0.379608
-0.248146 0.182759 -0.150459
0.425652 -0.332072 -0.578308
-0.468631 0.250345 -1.168191
0.332543 -0.147073 -0.541553
0.288022 -0.147058 -0.358236
0.359299 -0.223503 -0.586535
0.317981 0.040829 -0.239370
0.518500 -0.087696 0.008927
0.449934 -0.276225 0.078486
0.069992 0.114418 -0.656773
0.147574 -0.212525 -0.106440
-0.080152 0.171993 -0.388561
0.270320 -0.156183 -0.207080
0.326754 -0.067140 -0.067111
0.031203 -0.319873 -0.002545
0.052792 -0.324313 -1.130494
0.204908 -0.253499 -0.459470
0.519654 -0.278572 -0.562547
-0.147256 -0.428550 0.366983
0.143032 -0.149450 -0.141067
-0.033421 0.027904 -0.610808
0.072121 -0.180027 -0.447604
-0.194887 -0.106290 0.136514
0.449353 0.133140 -0.256085
0.279363 -0.010059 -0.319863
-0.140219 -0.257154 0.750512
0.076427 -0.136845 0.114758
0.218469 -0.326586 -0.688799
0.018077 -0.321254 -0.152878
0.228562 -0.127945 -0.092634
-0.475530 0.461447 -0.736327
0.316198 0.099342 0.020921
-0.396061 0.018364 -1.038803
0.033932 0.255599 -0.522275
-0.083836 -0.226057 -0.137994
0.303743 -0.198183 -0.260729
0.438467 -0.210934 -0.318556
-0.001312 -0.246831 -0.708401
0.220620 -0.126553 -0.010717
0.056594 -0.351643 0.125334
-0.299170 0.017394 -0.087815
-0.183503 0.064672 0.787870
0.180488 -0.182832 -0.377338
0.420114 -0.246230 -0.637193
-0.225204 -0.305432 0.282755
0.193258 -0.062298 -0.295883
0.006760 -0.311524 0.282916
0.574198 -0.167060 -0.448472
0.183996 -0.151519 -0.041958
0.634071 -0.272002 -0.477138
0.215776 -0.260456 -0.071578
0.282904 -0.071933 -0.131816
0.525828 -0.226360 -0.277893
-0.280785 -0.260726 0.052199
-0.011376 -0.155466 0.174582
-0.383884 0.066622 0.264594
0.231043 -0.402992 -0.434873
-0.083441 0.011398 -0.837104
0.561144 -0.391854 -0.317549
0.561838 -0.281565 -0.578701
-0.078794 -0.008211 -0.165879
0.140136 -0.132496 -0.251271
-0.340691 -0.291855 0.093409
0.350190 -0.428188 -0.519941
-0.253900 -0.185586 0.344421
-0.039693 -0.170946 0.299741
0.239092 -0.065664 -0.230515
0.163249 -0.063937 -0.203045
0.215751 -0.303516 -0.079862
0.134291 -0.122622 -0.511758
0.601587 -0.063856 -0.084396
-0.159995 -0.269934 -1.013219
-0.188698 -0.136213 0.253119
0.034333 -0.123872 0.020386
0.375493 -0.259251 -0.541915
-0.276994 -0.241667 0.232718
0.025228 -0.233794 -0.791959
-0.012401 -0.012009 -0.094794
0.121103 0.008947 0.067763
0.048843 0.047152 -0.008535
0.349430 -0.200828 -0.214126
0.150244 -0.194446 -0.657546
-0.164041 0.147912 -0.043931
0.394667 -0.426608 -0.512554
0.328300 -0.419049 -0.192865
0.410621 -0.152062 -0.176185
0.446309 -0.467423 -0.287496
-0.494139 -0.020328 -0.854751
-0.147256 -0.484276 0.141231
0.458312 -0.214036 -0.509919
0.291052 -0.321112 -0.349509
-0.256445 0.206241 -0.494859
0.348354 -0.279308 -0.234826
0.455227 -0.186121 -0.131481
0.128190 -0.521257 -0.919141
0.468361 -0.123787 -0.028860
0.533244 -0.441735 -0.401045
0.400295 -0.267929 -0.176554
0.406770 -0.098882 -0.613812
0.143688 -0.176928 -0.214414
0.351314 -0.325797 -0.147808
-0.485962 -0.068613 -0.702228
0.455705 -0.218425 -0.087728
-0.168930 -0.575820 -0.801757
-0.098139 0.048832 -0.218536
0.155305 -0.150113 -0.123648
-0.393460 -0.217786 -1.153103
0.083541 -0.167162 -0.297907
0.153142 -0.095079 -0.230439
0.278922 -0.048613 -0.328374
-0.382034 -0.147820 -0.832832
-0.360250 0.153904 -0.043781
0.410792 -0.277713 -0.726890
-0.154280 0.094713 -0.547789
-0.179617 -0.277067 0.563318
-0.010439 -0.098381 -0.679028
0.073793 -0.205138 0.042327
0.493650 -0.275550 -0.139462
-0.147141 -0.139137 -0.793281
-0.028882 -0.216735 0.335907
0.140865 0.051800 -0.104031
0.267661 -0.130254 -0.401125
0.365642 -0.510631 -0.312484
0.229085 0.019381 -0.090738
0.454476 -0.280846 -0.491119
0.057315 -0.198235 -1.308328
-0.092847 -0.425872 -1.486773
0.316428 -0.108596 0.069576
0.314371 -0.094265 -0.476623
-0.046889 0.143983 -0.321458
-0.263389 -0.315356 0.068894
-0.097478 -0.324238 0.312830
-0.619927 -0.197687 -0.867035
-0.125790 -0.066435 -0.148486
0.320701 -0.259546 0.154981
0.213183 -0.073347 0.177127
0.505475 -0.312067 -0.230181
0.387692 -0.096759 -0.103835
0.503443 -0.311465 -0.260397
0.540862 -0.394869 -0.214953
0.489678 0.059007 -0.275595
0.041432 -0.218476 -0.774596
0.195331 -0.024252 -0.410937
-0.048971 -0.184612 0.102830
-0.039255 -0.193984 0.142661
0.284849 -0.170024 -0.216918
0.394481 -0.397928 -0.665392
0.368926 -0.165808 -0.051626
0.394516 -0.145377 0.223923
0.503991 -0.564087 -0.260539
0.259128 -0.242021 -0.261689
0.395255 -0.239125 -0.077848
0.172903 -0.275796 0.134995
0.250324 -0.177139 0.184733
0.327276 -0.120692 0.037655
0.286272 -0.256307 -0.006243
0.303187 -0.338434 -0.429119
0.631326 -0.062803 -0.394098
-0.283194 -0.379293 0.531191
-0.387134 0.131601 -0.785127
0.337774 -0.170173 -0.330990
-0.036743 -0.037912 -0.764593
-0.165349 0.108692 -1.292187
0.549992 -0.179984 -0.302163
0.466044 -0.386063 -0.452023
-0.135245 0.209739 -0.898792
-0.045269 -0.277660 0.344784
0.413939 -0.320394 -0.335687
0.444336 -0.522374 -0.515383
0.584441 0.123929 -0.406336
0.053947 -0.357567 -0.056233
0.154687 -0.403100 -0.231877
0.203771 0.020502 -0.294115
-0.112833 -0.049880 -0.023990
0.342257 0.051365 -0.289160
0.079467 -0.145063 0.246031
0.477418 -0.491412 -0.188421
0.062305 -0.186002 -0.386923
-0.349248 0.031445 -0.661642
0.403703 -0.364097 0.092136
-0.078681 -0.406531 0.275238
0.182790 -0.400521 -0.269783
0.288755 -0.141768 -0.052348
0.391122 -0.207438 -0.153065
0.360603 -0.044607 -0.082844
0.228312 -0.032368 -0.107275
-0.193425 -0.016315 0.216249
-0.109145 -0.386968 -0.736318
0.342944 -0.078088 -0.423582
0.349632 -0.441256 -0.474956
-0.229775 0.067129 -0.797772
0.213847 -0.389144 0.135976
-0.089532 -0.035754 -1.162776
-0.563899 -0.098097 -0.065007
-0.578416 0.282978 -0.829759
-0.181999 -0.311154 -0.030009
-0.273057 -0.193708 0.500288
0.321755 -0.304808 0.007943
0.028158 -0.553969 -0.526959
-0.539519 0.046388 -1.322425
0.142498 -0.114695 -0.583898
0.205593 -0.578110 -0.630531
0.319102 -0.117893 0.036434
0.394239 -0.176861 -0.592060
-0.114106 -0.427331 -0.318418
-0.151983 0.085144 -0.778621
0.144686 -0.239614 -0.613532
0.603846 0.078263 -0.724231
-0.242918 -0.417533 -0.118662
0.235504 0.033537 -0.321323
0.144602 -0.221233 -0.453407
0.326031 0.103073 -0.103964
0.394422 -0.283599 -0.370838
-0.260952 -0.239206 0.048677
0.364882 -0.283967 -0.358697
-0.241670 -0.370316 0.248130
-0.288740 -0.403095 -0.803470
-0.103207 -0.188775 0.197889
-0.059303 -0.200120 0.321453
0.479435 -0.332787 -0.393461
0.506103 -0.185549 -0.401591
-0.458678 -0.330619 -0.479726
-0.140228 -0.301875 -1.167542
0.534916 -0.416906 -0.369858
-0.072103 -0.451284 -0.510421
-0.397772 0.012972 -0.214215
0.001700 -0.010918 -0.235202
0.096415 -0.279490 -0.073199
0.186623 -0.287174 -0.211414
0.166134 -0.188888 0.165767
0.175150 -0.150517 -0.422842
0.189917 -0.114461 0.343810
0.149496 -0.142331 -0.235494
0.166243 -0.118714 0.392304
0.113556 -0.088403 -0.206197
0.099219 -0.022639 0.417095
0.109144 0.045672 -0.062787
0.184180 0.078723 0.321455
0.224864 0.168737 -0.144908
0.285496 0.223583 0.321673
0.298219 0.274923 -0.085920
0.342126 0.275910 0.184590
0.358085 0.260003 -0.302761
0.400490 0.264282 0.202564
0.410971 0.235147 -0.230042
0.446195 0.186412 -0.029242
0.522232 0.134938 -0.414442
0.515595 0.095582 -0.059463
0.435444 0.036388 -0.253673
0.420526 -0.023990 -0.199846
0.403568 -0.056086 -0.197036
0.327102 -0.094710 -0.043651
0.200891 -0.130455 0.071808
0.149441 -0.167697 0.017420
0.059262 -0.139848 0.060152
0.045764 -0.044557 0.220599
-0.030662 -0.000949 0.140628
-0.025477 0.071450 0.035826
0.027345 0.103700 0.126960
0.085719 0.213053 0.148999
0.231187 -0.225275 -0.311026
0.277569 -0.155786 -0.125080
0.215406 -0.256912 -0.176663
0.241115 -0.244753 0.114147
0.193525 -0.244536 -0.325320
0.153477 -0.224386 0.235933
0.151021 -0.153672 -0.115373
0.192354 -0.138622 0.302296
0.226903 -0.019526 -0.164267
0.276552 0.028315 0.357200
0.276357 0.201499 0.101259
0.275195 0.225392 0.366301
0.299335 0.389881 -0.134915
0.365843 0.384142 0.292521
0.346744 0.460711 -0.246521
0.394048 0.399084 0.088582
0.432189 0.435229 -0.390521
0.463819 0.401788 0.109746
0.454874 0.409878 -0.078231
0.456784 0.246111 0.124207
0.426141 0.201967 -0.062348
0.451123 0.079826 -0.010867
0.443499 0.064119 0.121641
0.416310 -0.099475 -0.078017
0.323592 -0.146166 -0.072618
0.211620 -0.154939 0.144548
0.103689 -0.122297 0.145958
0.071136 -0.089325 0.188320
-0.013370 0.023319 0.007136
-0.029466 0.019693 0.285896
-0.038745 0.052016 0.332670
0.083634 0.075039 0.099188
0.113759 -0.218389 -0.121557
0.065181 -0.156852 0.023844
0.090004 -0.107443 -0.417254
0.150490 -0.119420 0.336017
0.149588 -0.110212 -0.237564
0.152469 -0.125790 0.217961
0.132487 -0.044001 -0.373473
0.153769 -0.037383 0.415711
0.189483 0.072461 0.009094
0.257806 0.100312 0.401419
0.262953 0.231315 -0.037704
0.366290 0.283205 0.373577
0.355785 0.395052 -0.101219
0.449483 0.374924 0.239241
0.414910 0.381141 -0.412234
0.411290 0.370819 0.238786
0.387554 0.330786 -0.365544
0.432695 0.348820 -0.080582
0.395995 0.333359 -0.566397
0.391074 0.259945 -0.219774
0.332940 0.157546 -0.516516
0.357595 0.099257 -0.388768
0.324465 -0.040591 -0.416039
0.276381 -0.121390 -0.148481
0.157203 -0.224147 0.072935
0.155760 -0.190262 -0.151608
0.078047 -0.160595 0.047425
0.060045 -0.043656 0.117069
-0.101701 -0.051192 0.333473
-0.144728 0.097082 0.203819
-0.175147 0.068059 0.174130
-0.025553 0.149099 0.065708
0.270152 -0.184339 -0.333427
0.243485 -0.148839 -0.104934
0.206114 -0.214642 -0.258808
0.171760 -0.220041 -0.033664
0.175035 -0.218848 -0.472571
0.145343 -0.184841 0.293085
0.132393 -0.178363 -0.209760
0.104988 -0.164265 0.333634
0.087852 -0.089599 -0.279154
0.051077 -0.052937 0.525438
0.063478 0.102534 0.017792
0.110556 0.087222 0.456569
0.215542 0.303498 -0.191555
0.264221 0.268775 0.358618
0.242047 0.464139 -0.306488
0.265308 0.382848 0.110162
0.301828 0.430984 -0.617688
0.291871 0.375332 0.079688
0.277502 0.417020 -0.440386
0.247825 0.255678 -0.118578
0.226654 0.259630 -0.649352
0.213876 0.112379 -0.208199
0.182839 0.073637 -0.437415
0.111952 -0.081627 -0.357328
0.051603 -0.083667 -0.439306
-0.031420 -0.085319 0.026156
-0.023361 -0.054529 -0.084622
-0.047260 -0.065737 0.219350
-0.061320 0.107553 -0.125979
-0.147543 0.103486 0.311412
-0.188332 0.153228 0.188650
-0.062486 0.134724 0.136732
0.102550 -0.251115 -0.202232
0.056563 -0.135821 -0.077826
0.104734 -0.113666 -0.400777
0.192309 -0.109338 0.038254
0.154954 -0.137478 -0.236779
0.174432 -0.121528 0.144993
0.128256 -0.108159 -0.161314
0.122637 -0.075499 0.367371
0.042498 -0.008270 -0.072573
0.033048 0.041023 0.378890
-0.068900 0.130992 -0.043283
-0.057808 0.180766 0.302316
-0.051682 0.284583 0.001571
0.018139 0.256983 0.161601
-0.061341 0.327094 -0.366019
-0.147036 0.334671 0.116750
-0.155490 0.449245 -0.193398
-0.054381 0.450724 -0.074651
-0.069459 0.515409 -0.624550
-0.006221 0.417859 -0.486913
-0.063373 0.394408 -0.617255
0.039233 0.197844 -0.690023
0.005248 0.171403 -0.607179
0.044097 0.051787 -0.294317
-0.051075 -0.042808 -0.230122
-0.039229 -0.001424 -0.089952
-0.074847 -0.018698 -0.001631
-0.047374 0.185280 0.165832
-0.099906 0.187435 0.136814
-0.105089 0.268252 0.086793
-0.117209 0.142619 0.192800
-0.096603 0.255514 0.081727
0.213613 -0.313958 -0.420147
0.085169 -0.324071 -0.361753
0.047354 -0.471414 -0.366950
0.015156 -0.450480 -0.284578
0.004299 -0.526546 -0.423769
-0.024412 -0.394363 0.089334
-0.065241 -0.430939 -0.219593
-0.082199 -0.352379 0.148510
-0.123474 -0.363232 -0.229249
-0.137285 -0.240656 0.440449
-0.116370 -0.128181 -0.001331
-0.168375 -0.160364 0.345007
-0.236609 -0.007303 -0.098174
-0.289249 0.001219 0.322229
-0.253466 0.170298 -0.179351
-0.211373 0.099897 0.029444
-0.164098 0.187794 -0.508677
-0.181232 0.050534 0.094540
-0.154561 0.242584 -0.444074
-0.155583 0.110105 -0.523663
-0.100654 0.164018 -0.721360
-0.080220 0.037026 -0.541113
-0.140371 0.084865 -0.636211
-0.125907 -0.035484 -0.552381
-0.146858 0.037680 -0.641793
-0.142669 0.015476 -0.170748
-0.138012 0.085929 -0.297797
-0.127349 0.109662 0.027990
-0.085513 0.240985 -0.160399
-0.140798 0.300235 0.311083
-0.158381 0.303395 0.272343
-0.133094 0.278151 0.203909
0.084994 -0.342805 -0.396179
-0.021343 -0.261223 -0.411871
-0.059128 -0.351841 -0.693177
-0.022785 -0.247681 0.014184
-0.105569 -0.329423 -0.442861
-0.082187 -0.219008 0.023106
-0.122553 -0.243650 -0.525684
-0.114608 -0.063050 0.563475
-0.216039 -0.074852 -0.248045
-0.220510 -0.019964 0.349698
-0.296492 0.001207 -0.477089
-0.317067 0.041617 0.554367
-0.459943 0.157053 -0.513589
-0.538780 0.190829 0.329200
-0.653105 0.204267 -1.230120
-0.668673 0.180097 0.780324
-0.751359 0.284238 -1.082620
-0.674999 0.431895 -0.007120
-0.615918 0.462267 -1.527524
-0.481506 0.364266 -0.315069
-0.449517 0.400819 -1.177022
-0.250567 0.277261 -0.857269
-0.237861 0.368081 -1.138540
-0.128400 0.308559 -0.428094
-0.190496 0.415743 -0.676462
-0.148461 0.535838 -0.068707
-0.192436 0.663830 -0.345114
-0.198189 0.792021 0.277479
-0.217403 0.880951 0.087147
-0.105487 0.710010 0.302256
-0.140898 0.367359 0.232894
-0.175594 0.593796 0.201016
0.088944 -0.712711 -0.627495
-0.068599 -0.901994 -0.546026
-0.181455 -1.198326 -0.794410
-0.209686 -1.074085 -0.330645
-0.258479 -1.209420 -1.075624
-0.218296 -0.775184 0.279211
-0.246633 -0.861851 -0.696104
-0.242172 -0.586835 0.285574
-0.275796 -0.686140 -0.974876
-0.237737 -0.315085 0.921961
-0.223221 -0.240882 -0.530416
-0.240018 -0.138360 0.628251
-0.298548 -0.043909 -1.138459
-0.321917 0.071539 1.000338
-0.455584 0.054086 -1.062574
-0.539577 0.122318 0.630280
-0.529100 0.191402 -1.730626
-0.438571 0.257391 0.952220
-0.439338 0.116977 -1.466926
-0.387203 0.154042 0.091000
-0.395284 0.208798 -1.668512
-0.244270 0.190260 -0.125805
-0.279107 0.133459 -1.267775
-0.194295 0.103555 -0.178396
-0.245399 0.086532 -1.111712
-0.183630 -0.005923 0.008167
-0.232819 0.051540 -0.633311
-0.258789 0.356101 0.123814
-0.226722 0.443693 -0.341989
-0.200145 0.597181 0.285947
-0.122432 0.556465 0.095974
-0.167240 0.533246 0.110647
0.046569 -0.699638 -0.395492
-0.035185 -0.606248 -0.471454
-0.126777 -0.812057 -0.631059
-0.155670 -0.570599 -0.200420
-0.196898 -0.627772 -0.307292
-0.190547 -0.370841 -0.070664
-0.140598 -0.336054 -0.216925
-0.138119 -0.116527 0.325018
-0.131709 -0.088064 -0.094896
-0.169711 -0.016491 0.334784
-0.194031 -0.062142 -0.334707
-0.276548 0.017366 0.427769
-0.339195 0.104311 -0.273371
-0.418771 0.137730 0.411060
-0.518644 0.199250 -0.652781
-0.593690 0.231026 0.306037
-0.581774 0.292930 -0.618355
-0.639464 0.349747 0.281981
-0.649801 0.432320 -1.009977
-0.553262 0.449044 -0.379504
-0.436702 0.546267 -0.951173
-0.325385 0.513148 -0.562954
-0.440221 0.620485 -0.908908
-0.361174 0.680297 -0.430862
-0.325946 0.869290 -0.482431
-0.250284 1.205304 0.266963
-0.315551 1.457579 -0.205895
-0.381287 1.732583 0.337450
-0.338704 1.926369 0.023669
-0.164943 1.845573 0.577219
-0.204489 1.682640 0.376597
-0.251356 1.342349 0.448450
0.144318 -1.153022 -0.468279
0.027556 -1.449316 -0.656404
-0.108147 -1.805670 -0.560254
-0.156147 -1.583305 -0.448028
-0.165336 -1.822375 -1.104650
-0.052318 -1.263887 0.101561
-0.027564 -1.317032 -0.510069
-0.043558 -0.872133 0.099253
-0.051412 -0.841811 -0.604977
-0.049408 -0.497823 0.818128
-0.043683 -0.359530 -0.332629
-0.071695 -0.227346 0.512057
-0.071076 -0.214563 -0.577896
-0.162916 -0.118154 0.844124
-0.201575 -0.001934 -0.593210
-0.281826 0.041649 0.340546
-0.247429 0.076059 -0.859076
-0.334146 0.154498 0.718977
-0.385915 0.205486 -0.802310
-0.340002 0.229656 -0.147201
-0.338409 0.203815 -1.052765
-0.201103 0.189459 -0.347659
-0.295608 0.124893 -0.838893
-0.220060 0.066999 -0.474663
-0.301078 0.019368 -0.749265
-0.290994 -0.119070 -0.212152
-0.335456 -0.001340 -0.320347
-0.315017 0.122076 0.059933
-0.263920 0.543100 -0.090540
-0.267112 0.937873 0.096462
-0.183916 0.694330 0.211573
-0.248635 0.743181 0.201915
0.105639 -0.755301 -0.423048
-0.018249 -0.540595 -0.211484
-0.062532 -0.840880 -0.833799
-0.065728 -0.422723 0.094010
-0.073568 -0.583568 -0.418204
-0.046757 -0.205326 0.216902
0.012860 -0.246915 -0.549818
0.034840 -0.011594 0.706833
0.058273 0.011697 -0.429334
0.024322 0.075354 0.661761
0.034478 0.033392 -0.905266
-0.012990 0.078606 1.135934
-0.037795 0.085289 -0.916930
-0.145716 0.122447 0.833100
-0.160448 0.168463 -1.358779
-0.181287 0.209587 1.175831
-0.185758 0.240852 -1.143327
-0.258345 0.287313 0.486531
-0.287182 0.431662 -1.583832
-0.241048 0.455861 0.499372
-0.312744 0.523296 -1.242344
-0.279881 0.584775 -0.235246
-0.269827 0.667582 -1.391211
-0.224940 0.831138 0.224791
-0.326184 0.786825 -0.560349
-0.337903 1.484522 0.404505
-0.377363 1.904341 -0.495797
-0.401625 2.210474 0.562028
-0.391602 2.429023 0.088657
-0.286458 2.271010 0.380863
-0.237450 2.067090 0.161277
-0.329309 1.653778 0.087734
0.123667 -1.020072 -0.486522
0.095044 -1.132947 -0.214767
-0.034570 -1.588022 -0.757690
-0.051953 -1.249092 -0.151745
-0.066051 -1.605644 -1.321988
0.025697 -0.798419 0.477854
0.112555 -0.854983 -0.689223
0.073628 -0.380495 0.490469
0.084714 -0.500947 -0.963082
0.061950 -0.214579 1.376873
0.181870 -0.265396 -0.680583
0.096640 -0.152885 1.207531
0.083452 -0.216362 -1.222279
0.023193 -0.052877 1.683738
0.105189 -0.085346 -1.097730
-0.007955 0.042065 1.165433
-0.030143 0.090492 -1.562204
-0.009869 0.213007 1.609373
-0.030531 0.200078 -1.164858
-0.050906 0.278810 0.680466
-0.170233 0.360750 -1.648018
-0.053545 0.462308 0.744899
-0.083096 0.275581 -0.855812
-0.029519 0.338799 0.145684
-0.103928 0.266743 -0.838985
-0.065448 0.292932 0.278058
-0.177929 0.201945 -0.197641
-0.223818 0.431623 0.220078
-0.210863 0.800393 -0.058600
-0.330438 1.091926 0.264583
-0.339925 0.959805 0.177285
-0.358166 0.959299 0.050115
0.003744 -0.489895 -0.066476
-0.065619 -0.283438 -0.201230
-0.106110 -0.525880 -0.378729
-0.070142 -0.259709 -0.154715
-0.105370 -0.344240 0.003482
-0.006717 -0.181171 -0.000879
0.071786 -0.206390 -0.131668
0.107681 -0.035585 0.536525
0.133267 -0.040431 -0.095530
0.114408 0.012098 0.689020
0.132233 -0.020922 -0.376361
0.077363 0.016151 1.002622
0.047330 0.046749 -0.457603
-0.023547 0.048498 0.843366
-0.064637 0.074541 -0.701975
-0.079296 0.105132 0.926585
-0.098062 0.161074 -0.584185
-0.058182 0.211718 0.668791
-0.103696 0.257297 -0.761803
-0.073340 0.317456 0.321920
-0.107122 0.355165 -0.291198
-0.093697 0.461605 0.397690
-0.178542 0.330405 -0.440715
-0.124920 0.577077 -0.055471
-0.164769 0.560173 0.019689
-0.195467 1.183300 0.902767
-0.244784 1.337540 -0.037800
-0.276178 1.806642 0.961414
-0.269623 2.056453 -0.216812
-0.253823 2.005645 0.463131
-0.281486 1.892870 0.425040
-0.368034 1.495012 0.400244
0.157830 -0.500454 -0.204985
0.097999 -0.481547 -0.250295
0.002082 -0.768173 -0.163062
0.041594 -0.652636 -0.279085
0.050255 -0.803624 -0.475136
0.099027 -0.474002 0.098102
0.160576 -0.359344 -0.024048
0.140300 -0.233852 0.261406
0.176199 -0.258740 -0.053073
0.164066 -0.227600 0.950132
0.216986 -0.213524 0.030817
0.201524 -0.243682 1.071670
0.202436 -0.228462 -0.171791
0.151224 -0.189875 1.647197
0.169536 -0.050613 -0.291052
0.166108 -0.048175 1.162056
0.170949 0.011483 -0.473410
0.162320 0.060673 1.291986
0.114786 0.109219 -0.328277
0.143195 0.171083 0.396917
0.116972 0.212339 -0.382002
0.101790 0.241011 0.426745
0.060042 0.231284 -0.167429
0.020409 0.240088 -0.020711
-0.005563 0.300001 -0.104658
-0.089869 0.277656 -0.116827
-0.161319 0.403407 0.101966
-0.253787 0.429270 0.109861
-0.243147 0.497155 0.090188
-0.402556 0.664896 0.267596
-0.411035 0.602540 0.134546
-0.380882 0.672313 0.336820
-0.046828 -0.272908 -0.032032
-0.105986 -0.212903 -0.017236
-0.069044 -0.293264 -0.341741
0.038556 -0.289055 0.135172
0.073323 -0.248600 -0.096092
0.136387 -0.247071 0.283487
0.184991 -0.167332 -0.277910
0.198907 -0.086109 0.859689
0.224687 -0.046162 -0.167145
0.165555 -0.035283 0.933175
0.211304 -0.017894 -0.611645
0.146068 -0.004649 1.683779
0.221059 0.038415 -0.530791
0.118525 0.044750 1.159137
0.232908 0.083342 -0.887332
0.151406 0.142461 1.663206
0.231782 0.186443 -0.594794
0.207604 0.232991 0.737101
0.245773 0.306225 -0.868636
0.211763 0.304965 1.096592
0.134884 0.295632 -0.336453
0.109202 0.302979 0.201866
0.107930 0.358035 -0.417589
0.063260 0.356365 0.393682
0.003212 0.257590 0.039012
-0.139276 0.484798 0.135499
-0.146595 0.625120 -0.293867
-0.251032 1.039455 0.534792
-0.260197 1.248299 0.110429
-0.274342 1.206189 0.610919
-0.274104 1.069451 0.213569
-0.344705 0.874052 0.218184
0.112621 -0.244772 -0.154681
0.092802 -0.243751 0.001948
0.095920 -0.350819 -0.129867
0.150074 -0.378948 0.085600
0.175602 -0.404909 -0.364298
0.212580 -0.364712 0.518313
0.284931 -0.262828 -0.138262
0.267225 -0.216966 0.736748
0.275294 -0.241750 -0.596545
0.222981 -0.182239 1.777889
0.362326 -0.187584 -0.375891
0.238419 -0.222701 1.628010
0.277530 -0.212938 -1.062577
0.188281 -0.154147 2.531142
0.416535 0.017939 -0.759743
0.255920 -0.019913 1.859604
0.233800 0.058062 -1.326733
0.178010 0.184953 2.326065
0.347117 0.196666 -0.581642
0.321379 0.194450 1.224331
0.272899 0.309018 -1.044911
0.213039 0.298618 1.429239
0.275928 0.243563 -0.186165
0.202646 0.175932 0.329577
0.136474 0.317298 -0.316580
0.052390 0.296731 0.247961
-0.052720 0.389343 0.092365
-0.200973 0.375148 0.219192
-0.257933 0.490358 0.184154
-0.400946 0.483493 0.256776
-0.424940 0.422561 0.231313
-0.320415 0.395196 0.199201
-0.015763 -0.311125 0.068705
-0.047966 -0.320543 0.132391
0.038785 -0.332755 -0.024425
0.164000 -0.385500 0.251901
0.211097 -0.343455 -0.013517
0.251021 -0.352025 0.374920
0.287742 -0.260136 -0.049110
0.287548 -0.180837 0.875512
0.333398 -0.159732 0.075159
0.257213 -0.096580 0.915328
0.331902 -0.080848 -0.189445
0.203318 -0.011629 1.193386
0.299121 -0.010346 -0.176675
0.213290 0.070912 0.969004
0.346468 0.106304 -0.344039
0.208828 0.189017 1.139075
0.329276 0.151577 -0.218594
0.331196 0.252740 0.837204
0.480251 0.179790 -0.184071
0.330280 0.266864 0.841053
0.324542 0.183669 -0.227385
0.255546 0.283843 0.678909
0.293463 0.246875 -0.209504
0.255049 0.242267 0.251910
0.190660 0.263115 -0.184313
0.089303 0.294924 0.307284
-0.016568 0.319927 -0.066104
-0.095520 0.393069 0.176713
-0.171751 0.449069 0.005187
-0.218990 0.424929 0.141440
-0.258458 0.355285 0.171767
-0.228736 0.405842 0.077049
0.116688 -0.308294 0.066218
0.175147 -0.321111 0.118995
0.199521 -0.375619 0.223095
0.295683 -0.429579 0.184814
0.303742 -0.411364 0.127529
0.355808 -0.415236 0.406237
0.350413 -0.329134 0.240454
0.383580 -0.308854 0.552714
0.405884 -0.255031 0.187826
0.360525 -0.262460 1.060428
0.424002 -0.155602 0.249677
0.372391 -0.177936 1.025766
0.419187 -0.114922 0.176350
0.304913 -0.112684 1.595742
0.405727 0.069476 0.082345
0.379393 0.051454 1.074730
0.415479 0.120320 0.138616
0.349270 0.149270 1.290798
0.438923 0.193734 -0.048459
0.418365 0.223522 0.586103
0.436168 0.238070 -0.023861
0.390503 0.223646 0.677305
0.426903 0.202122 -0.066728
0.407355 0.153921 0.228910
0.411702 0.228718 -0.087364
0.337405 0.159346 0.012933
0.202110 0.238372 -0.072619
-0.005938 0.192131 0.060152
-0.168464 0.318484 -0.035824
-0.328044 0.219360 0.084812
-0.431956 0.256628 0.282615
-0.284680 0.216862 0.063568
0.218138 -0.364920 0.137741
0.233810 -0.386297 0.258945
0.275978 -0.369358 0.036861
0.411302 -0.414352 0.315352
0.451063 -0.313359 0.169854
0.445689 -0.368887 0.323403
0.416097 -0.251360 0.113262
0.496366 -0.251093 0.560050
0.511452 -0.142937 0.238089
0.485581 -0.171279 0.580630
0.494145 -0.117943 0.093269
0.519519 -0.086555 0.855464
0.519419 -0.025772 0.209944
0.482195 0.008429 0.635240
0.490114 -0.003895 -0.033475
0.522193 0.105627 0.888290
0.565212 0.123068 0.111647
0.579498 0.182297 0.524019
0.570231 0.122302 -0.051949
0.611443 0.218544 0.627104
0.574376 0.192837 0.079739
0.570167 0.260438 0.314797
0.484699 0.192788 -0.266644
0.513184 0.194801 0.311787
0.452232 0.165996 -0.088388
0.436115 0.146869 0.110533
0.337595 0.158809 -0.287904
0.227270 0.125769 0.004655
-0.009246 0.139840 0.009583
-0.129404 0.080206 0.046260
-0.184571 0.104649 0.073531
-0.118352 0.181449 0.047958
0.450289 -0.363590 0.114270
0.507729 -0.402574 0.330953
0.552922 -0.448721 0.207102
0.522790 -0.500443 0.422504
0.530796 -0.404739 0.098340
0.517374 -0.430190 0.512465
0.566998 -0.305495 0.255026
0.570230 -0.352853 0.367423
0.548438 -0.273426 0.158893
0.484032 -0.286224 0.687288
0.552544 -0.187300 0.330569
0.603735 -0.197559 0.606305
0.602512 -0.139514 0.027011
0.526336 -0.070885 1.053231
0.593374 0.036218 0.260320
0.629545 0.028653 0.725853
0.590686 0.087632 -0.116724
0.513717 0.159568 1.025938
0.600868 0.127175 0.085686
0.667481 0.148492 0.488095
0.599236 0.188654 -0.078411
0.534298 0.263251 0.590304
0.575897 0.195523 0.043966
0.576934 0.186696 0.108681
0.505127 0.206997 -0.094140
0.459939 0.188888 0.023048
0.401278 0.174782 0.040784
0.303500 0.162250 -0.075699
0.130180 0.224035 0.055191
-0.060299 0.167497 -0.067713
-0.144682 0.218071 0.216316
-0.050117 0.221583 -0.006869
0.372455 -0.398676 0.164283
0.485014 -0.368622 0.328679
0.555476 -0.385661 0.139289
0.617920 -0.411533 0.290862
0.630263 -0.339605 0.208007
0.649132 -0.386808 0.154105
0.655132 -0.284448 0.225955
0.667837 -0.297620 0.261010
0.708984 -0.241165 0.200847
0.722578 -0.251299 0.197279
0.741861 -0.177209 0.146523
0.781905 -0.113490 0.370492
0.832239 -0.058928 0.080628
0.848926 -0.014130 0.203193
0.810457 0.022389 0.069718
0.800912 0.109058 0.374720
0.836717 0.148392 -0.067484
0.827971 0.171176 0.232151
0.835673 0.169773 0.051178
0.831416 0.231620 0.340094
0.835832 0.234136 -0.129548
0.817387 0.248609 0.105125
0.727026 0.239162 0.072564
0.719393 0.239965 0.058045
0.658398 0.206996 -0.072345
0.665641 0.197289 0.105986
0.560087 0.193039 0.038783
0.547633 0.239818 -0.025832
0.444465 0.243810 -0.009629
0.380357 0.220321 -0.099228
0.239585 0.207679 0.160440
0.195227 0.243212 -0.050649
0.550853 -0.428171 0.272694
0.584118 -0.435566 0.464145
0.612682 -0.418054 0.473677
0.632808 -0.452228 0.222841
0.664039 -0.426949 0.321224
0.629222 -0.414317 0.295668
0.646528 -0.346782 0.345454
0.694013 -0.361333 0.168946
0.742688 -0.358918 0.244187
0.694547 -0.355528 0.307189
0.770852 -0.318429 0.338224
0.818659 -0.258027 0.269759
0.835533 -0.234601 0.245963
0.761564 -0.181997 0.476029
0.807189 -0.123318 0.254377
0.815785 -0.028649 0.321125
0.812632 0.023119 0.184863
0.751122 0.059937 0.519875
0.802861 0.069780 0.076415
0.819603 0.106643 0.284379
0.780964 0.126648 0.153768
0.711159 0.160984 0.307944
0.695075 0.150438 0.083632
0.670301 0.175987 0.066348
0.624328 0.165217 0.163427
0.581382 0.150354 -0.047911
0.545468 0.175037 0.080937
0.423264 0.200739 -0.046273
0.355110 0.227387 0.033487
0.217366 0.206605 -0.060079
0.200674 0.236174 0.267315
0.180563 0.246264 0.105899
0.388173 -0.412451 0.252406
0.571793 -0.380570 0.277389
0.625865 -0.326649 -0.023926
0.703969 -0.358676 0.278101
0.684755 -0.359656 0.210728
0.724850 -0.380273 0.164186
0.675737 -0.338293 0.127311
0.709642 -0.322562 0.227818
0.657358 -0.317147 0.195987
0.741963 -0.303375 0.220972
0.722244 -0.253223 0.081985
0.804228 -0.183336 0.303870
0.760485 -0.146231 0.137094
0.840191 -0.102836 0.211950
0.812428 -0.034975 -0.059109
0.831620 0.028763 0.277513
0.822136 0.059932 0.004570
0.905781 0.094552 0.169151
0.876311 0.109422 -0.112856
0.872406 0.150495 0.197718
0.819514 0.150700 0.015492
0.850758 0.160156 -0.003390
0.750131 0.142739 -0.109203
0.728121 0.160813 0.053155
0.646073 0.120836 0.071016
0.726196 0.128320 -0.102147
0.666546 0.120070 -0.124310
0.666115 0.202076 -0.033692
0.507302 0.167125 0.118715
0.401835 0.173639 -0.048306
0.251974 0.151305 0.043523
0.193892 0.171489 -0.155711
0.473880 -0.324104 0.238172
0.467524 -0.284830 0.596695
0.567838 -0.268255 0.421351
0.565869 -0.272760 0.443445
0.607224 -0.228667 0.176868
0.585026 -0.202302 0.305126
0.600183 -0.174472 0.270958
0.580363 -0.194038 0.286254
0.605051 -0.201824 0.176014
0.581438 -0.224513 0.353062
0.666298 -0.190912 0.296244
0.648042 -0.145146 0.364331
0.716873 -0.087670 0.229076
0.681670 -0.064211 0.427058
0.741737 -0.013338 0.271049
0.724837 0.051984 0.382708
0.782765 0.088997 0.154057
0.721710 0.129237 0.431699
0.788840 0.138633 0.228340
0.758093 0.156141 0.267564
0.797721 0.191828 0.076543
0.681776 0.233953 0.306515
0.690294 0.207207 0.147397
0.619839 0.192802 0.101240
0.626046 0.188110 -0.010773
0.577680 0.178836 0.084586
0.600036 0.154728 0.083915
0.543568 0.178559 -0.029571
0.476591 0.241330 0.047036
0.382321 0.260577 0.109667
0.345825 0.266602 0.219477
0.331372 0.237273 0.114194
