0.592778 -0.401424 0.279438
0.565204 -0.259465 0.500555
0.532640 0.054183 0.593921
0.101700 0.054652 0.045385
0.472657 -0.441268 0.593009
0.502540 0.184141 0.231513
0.242676 -0.193472 0.353755
-0.065479 0.066193 0.227251
0.672952 0.082016 0.346846
0.155447 0.112649 0.444088
0.010720 -0.046705 0.403689
0.350314 -0.187397 0.407064
-0.127581 0.102714 0.632568
0.737738 -0.286733 0.658110
-0.165734 0.001985 0.433719
0.674081 -0.469711 0.594160
0.246447 -0.253338 0.372577
0.592313 -0.339812 0.587175
0.087935 -0.236941 0.287207
-0.294586 0.220387 -0.274983
0.639835 -0.494484 0.473818
0.271429 0.205546 0.362343
0.554375 -0.013361 0.003726
-0.130432 -0.104333 0.095830
-0.009262 -0.429444 0.669118
0.708442 -0.483895 0.562687
-0.272152 0.270403 0.209329
0.831445 -0.614281 0.563072
-0.524851 -0.013227 0.281169
0.379006 -0.236601 0.322900
-0.399975 0.185546 -0.343765
0.130688 -0.179392 0.226453
0.444724 0.021156 0.020234
0.352284 -0.190351 0.377219
0.564118 -0.045603 0.132510
0.457961 -0.115000 0.421918
0.717440 -0.245827 0.536744
0.232178 -0.014945 0.100781
0.603024 -0.290558 0.732676
-0.082881 0.109264 -0.057630
-0.024686 -0.225562 0.339698
0.260965 -0.190860 0.390607
0.144751 -0.278712 0.532839
-0.179838 -0.216831 0.070287
-0.009244 -0.264573 0.033459
0.180579 -0.309738 0.254640
-0.385764 -0.618175 0.611901
0.693295 -0.032217 0.775695
-0.155598 0.047302 -0.063771
0.722159 -0.452381 0.688717
0.349854 -0.283210 0.768506
0.265438 -0.083369 0.298683
0.209372 -0.012745 0.244364
-0.097278 -0.379473 0.810193
-0.080717 -0.265026 0.618649
0.743764 -0.585570 0.414734
0.440474 -0.272121 0.558432
0.250859 0.093742 0.376193
-0.381925 0.208608 -0.057888
0.516743 0.039393 0.229910
-0.433885 0.022443 0.055780
-0.192881 0.545803 -0.244422
-0.250342 -0.434284 0.447059
0.185790 -0.240638 0.338333
0.034858 -0.264753 0.217147
0.233483 -0.189228 0.286619
-0.150928 -0.080282 0.503028
0.164436 -0.330461 0.572373
-0.241502 0.145829 0.395268
-0.253464 -0.060445 0.743634
0.277232 -0.059544 0.213336
0.465210 -0.085371 -0.034659
-0.390522 -0.320694 0.768280
0.766779 -0.406146 0.718330
0.581464 0.137411 0.158788
0.341472 -0.195054 0.386516
0.458648 -0.274976 0.642859
0.290887 -0.204229 0.372769
0.282473 -0.303805 0.434514
0.204443 0.145089 0.238615
0.308836 -0.202680 0.455238
-0.232981 -0.365571 0.544792
0.466802 -0.155346 0.334646
-0.578692 -0.000527 0.600662
0.258241 -0.299269 0.401283
-0.169827 -0.085705 0.085206
0.496855 -0.244037 0.400497
0.552829 -0.336640 0.400538
-0.279731 0.220376 0.113278
0.484938 -0.015524 0.410112
-0.585643 -0.444173 0.601579
0.588530 -0.259960 0.630606
0.062992 -0.196336 0.626611
-0.141730 -0.271812 0.548828
0.628883 -0.145350 0.608672
0.717673 -0.250341 0.730163
-0.027811 -0.419082 0.460961
0.312853 0.031540 0.013921
0.504901 -0.071229 0.566386
-0.233108 -0.141965 0.131853
-0.256156 -0.256375 0.502550
-0.150102 0.018410 0.410099
0.523584 -0.208898 0.247247
0.061860 -0.499948 0.681674
0.159243 -0.135504 0.153276
0.233782 0.183322 0.113483
-0.117839 0.045540 0.266670
-0.172957 0.193365 0.141493
0.340963 -0.131172 0.339401
0.152283 -0.131167 0.075764
-0.461476 0.108970 0.449824
0.188365 -0.205856 0.362844
0.655668 -0.551062 0.576220
0.357024 -0.143104 0.364271
0.559617 -0.371584 0.527886
-0.536509 -0.194064 0.004651
-0.039367 -0.647871 0.617848
0.459397 -0.128493 0.252632
0.471301 -0.136935 -0.053646
-0.352969 0.269639 0.018241
0.560020 -0.191439 0.382485
0.561734 -0.195232 0.447335
-0.003505 -0.255267 0.248007
0.395730 -0.199897 0.353362
0.442720 -0.289844 0.132717
0.371581 -0.186639 0.356255
0.317980 -0.220131 0.066056
0.313705 -0.029956 0.484997
0.488762 -0.243828 0.568004
-0.487301 -0.130342 0.010403
0.444362 -0.158188 0.250325
-0.244226 -0.420315 0.269681
-0.274365 0.115865 0.040113
0.504246 -0.027389 0.474776
-0.457811 -0.188717 0.043309
0.573197 -0.264438 0.466008
0.266899 -0.113667 0.417533
-0.056988 -0.042541 0.417939
-0.454728 -0.384190 0.028692
-0.188586 0.298511 0.079683
0.617328 -0.159798 0.279544
-0.305556 0.131482 -0.048246
-0.367501 -0.478345 0.796151
-0.078478 -0.155984 -0.104465
0.422632 -0.327528 0.599743
0.597473 -0.262715 0.433828
-0.366288 -0.208489 -0.053978
-0.175165 -0.332957 0.615682
-0.155263 0.049780 0.250676
0.076370 -0.039101 0.142333
0.602408 -0.267127 0.383121
0.457928 0.133443 0.167427
0.278774 -0.267960 0.154756
0.080704 -0.077633 0.071188
-0.268983 -0.212353 -0.127188
0.134669 -0.209576 0.454298
0.231363 -0.111702 0.168742
-0.289981 0.172319 0.125485
0.366355 -0.523637 0.536811
-0.243200 -0.278368 0.697597
-0.708064 -0.419405 0.191757
0.394081 0.024642 0.435204
0.433207 -0.187436 0.263964
0.255782 -0.130085 0.519557
0.362137 -0.194547 0.088673
0.460168 0.108137 0.118547
0.505845 -0.193341 0.487504
0.223131 -0.329160 0.098631
0.392219 -0.044727 0.259336
-0.155965 -0.273028 0.133325
0.468242 0.020639 0.280726
-0.224292 -0.103128 0.568335
-0.031654 -0.259733 0.618706
0.315007 0.000378 0.237795
0.495637 -0.180000 0.132396
0.320431 -0.072941 0.490653
0.542748 -0.033759 0.451538
0.492336 -0.251055 0.342024
0.066226 -0.275239 0.296899
0.542293 -0.238239 0.490415
0.456940 0.029195 0.382366
0.046162 -0.097581 0.429440
0.266260 -0.046412 0.332999
0.644698 -0.054022 0.089854
0.156985 -0.268560 0.339525
0.504263 -0.082198 0.462393
0.250946 -0.069230 0.347004
-0.461923 0.121398 -0.048991
0.516319 -0.271371 0.393507
-0.041575 -0.015614 -0.027457
-0.226952 0.098556 -0.286726
0.433664 -0.172244 0.104910
0.578674 -0.509546 0.337158
0.054390 0.151553 -0.122074
-0.304217 -0.116829 0.680686
0.510776 -0.327318 0.342422
0.607466 -0.487120 0.368876
0.435816 -0.044815 0.484935
-0.137756 -0.352344 0.188119
0.650066 -0.067955 -0.012830
0.653439 0.042722 0.516062
-0.145186 0.237538 0.327268
0.432110 0.007216 0.440116
-0.134116 -0.167539 0.570608
0.686239 -0.537697 0.472773
0.543112 0.017044 0.586792
-0.423677 0.029550 -0.058960
0.503136 -0.286079 0.527254
-0.203667 -0.449692 0.677266
0.605373 -0.468639 0.510624
0.285913 -0.030898 0.305465
0.375980 -0.105829 0.301051
0.320589 0.061809 0.184659
0.424083 -0.086077 0.609105
-0.413320 0.075770 0.578285
-0.308795 -0.352633 0.105740
0.137958 -0.249912 0.104046
0.348373 -0.273281 0.116109
-0.273686 0.026433 -0.092871
0.478055 -0.226282 0.499526
-0.319295 -0.015248 -0.112136
-0.531587 0.075655 0.473845
-0.536410 0.070814 0.109046
-0.022775 -0.413813 0.542477
-0.590802 -0.291411 0.802989
0.620840 -0.433065 0.622367
-0.064719 -0.544293 0.403301
-0.496255 -0.045006 -0.140979
0.742344 -0.569072 0.570640
0.087046 -0.349381 0.369269
0.331505 -0.118130 0.424739
0.640099 -0.073039 0.149157
-0.438296 -0.550551 0.177742
-0.329942 -0.084909 -0.054332
-0.064435 -0.240045 0.188481
0.454590 -0.039778 0.076925
-0.133795 -0.573389 0.555066
0.139024 -0.093316 0.207662
-0.236799 -0.188567 0.073486
0.033482 -0.114748 0.172222
0.204762 -0.202467 0.029361
-0.387581 -0.547373 0.597148
0.199329 -0.227284 0.400813
0.257411 0.042895 0.542259
-0.579722 -0.446578 0.009458
-0.006970 -0.105325 0.623398
-0.342141 -0.017683 0.524798
0.494435 -0.215710 0.480656
-0.017486 -0.191912 0.193625
-0.627357 -0.470647 0.249075
-0.361510 -0.442958 -0.036158
0.568325 -0.294700 0.501161
-0.331080 -0.555198 0.122940
-0.436453 0.244908 0.329690
-0.019672 0.198762 0.030707
-0.104660 -0.358083 0.360859
-0.261467 -0.690001 0.039647
-0.418907 -0.639309 0.638373
-0.459440 -0.644918 -0.065571
-0.447613 -0.596573 0.909513
-0.639635 -0.715519 0.362307
-0.632848 -0.697058 0.830564
-0.625509 -0.726667 0.065500
-0.650968 -0.682856 1.079147
-0.848704 -0.800615 0.491909
-0.845485 -0.803758 0.853190
-0.821435 -0.728276 0.093787
-0.795036 -0.635582 1.156535
-0.939934 -0.700411 0.397269
-0.837438 -0.582681 0.744074
-0.744766 -0.576093 0.176499
-0.598000 -0.524165 1.124600
-0.710363 -0.624538 0.366097
-0.671151 -0.428200 0.741915
-0.618268 -0.451547 0.077097
-0.519249 -0.275348 1.021973
-0.635318 -0.296921 0.308540
-0.574984 -0.205721 0.660259
-0.491672 -0.188202 0.140227
-0.419709 -0.044415 0.794960
-0.489481 -0.084220 0.339620
-0.464891 0.002063 0.501160
-0.400166 -0.018713 0.072565
-0.353575 0.068540 0.703705
-0.429106 0.116663 0.230480
-0.390491 0.204539 0.515027
-0.301093 0.269125 0.228235
-0.173522 0.373975 0.353885
-0.657623 -0.750702 0.064499
-0.702180 -0.823499 0.630243
-0.708098 -1.019349 0.493393
-0.756577 -0.966979 0.972558
-0.802902 -1.036046 0.282292
-0.874268 -0.935927 1.282437
-1.059833 -1.073629 0.920763
-1.114997 -0.986447 1.064490
-1.152600 -0.974816 0.530882
-1.183527 -0.903180 1.311121
-1.324383 -1.006490 1.081742
-1.288312 -0.904945 1.117801
-1.253442 -0.909146 0.598376
-1.189431 -0.744293 1.438109
-1.127425 -0.858872 1.032900
-0.920234 -0.795917 1.077711
-0.672011 -0.814730 0.617179
-0.706950 -0.634399 1.298775
-0.695577 -0.762621 0.832604
-0.629911 -0.570682 0.917672
-0.518844 -0.492054 0.424574
-0.519294 -0.353940 1.107348
-0.554480 -0.398282 0.856590
-0.451369 -0.348353 0.858914
-0.402747 -0.176137 0.412883
-0.375923 -0.169365 0.971188
-0.439183 -0.155746 0.683235
-0.395100 -0.124304 0.773790
-0.399180 0.007265 0.276786
-0.373044 -0.009505 0.888854
-0.341262 -0.046200 0.773210
-0.173070 0.102969 0.807034
-0.703430 -0.629862 0.416322
-0.760779 -0.736157 0.525039
-0.902221 -0.866309 0.325202
-0.805881 -0.769075 0.843293
-1.008184 -0.802682 0.839278
-0.959622 -0.789044 0.630714
-1.183661 -0.872579 0.553498
-1.190517 -0.833735 0.935268
-1.527148 -0.921486 1.048185
-1.437853 -0.815447 0.746202
-1.632633 -0.875923 0.674894
-1.524366 -0.759752 1.044806
-1.739186 -0.755033 1.190642
-1.485724 -0.614025 0.889910
-1.435455 -0.672738 0.845900
-1.203551 -0.567782 1.207369
-1.222036 -0.670557 1.201077
-0.970379 -0.367244 0.857569
-0.913762 -0.377964 0.684584
-0.784317 -0.207341 1.034499
-0.855193 -0.354464 1.102911
-0.678452 -0.044351 0.798247
-0.639978 -0.118763 0.566196
-0.596874 0.070266 0.912659
-0.673633 -0.101467 0.740350
-0.552813 0.121775 0.750720
-0.533995 0.079022 0.242435
-0.510116 0.187844 0.808316
-0.621548 0.184064 0.660177
-0.544048 0.298199 0.735414
-0.581479 0.231225 0.472694
-0.420415 0.320079 0.332907
-0.815329 -0.873020 0.058472
-0.937301 -1.079364 0.659849
-0.971121 -1.274121 0.532010
-1.057187 -1.242760 0.915127
-1.111534 -1.239251 0.225041
-1.095064 -1.126559 1.252378
-1.280733 -1.200340 0.872928
-1.325365 -1.169140 1.049172
-1.431743 -1.186953 0.350114
-1.495236 -1.042922 1.394977
-1.583295 -1.138358 0.964904
-1.661758 -1.054064 1.258257
-1.611121 -0.981360 0.428357
-1.592844 -0.834997 1.495931
-1.463987 -0.879068 0.997360
-1.294707 -0.770726 1.292800
-1.064550 -0.743560 0.688247
-0.991231 -0.577752 1.527592
-0.950388 -0.619502 1.036872
-0.858068 -0.448378 1.129492
-0.680857 -0.366526 0.735737
-0.618648 -0.211417 1.276024
-0.610302 -0.202639 0.935084
-0.588527 -0.150362 1.041644
-0.444003 -0.062322 0.499699
-0.467357 -0.021356 1.170184
-0.449766 -0.019213 0.492119
-0.482063 -0.008643 0.942997
-0.463358 0.118806 0.176902
-0.518709 0.096495 0.863862
-0.497389 0.065863 0.584199
-0.339429 0.176974 0.689977
-0.741524 -0.753074 0.215277
-0.804492 -0.866982 0.346451
-0.819328 -1.086088 0.083944
-0.891899 -1.012969 0.762208
-1.009191 -0.996403 0.617441
-1.008957 -0.980664 0.691474
-0.992311 -1.062577 0.341856
-1.127753 -1.019283 1.167811
-1.217220 -1.199059 0.839451
-1.374102 -0.933884 0.951352
-1.403740 -0.963353 0.408114
-1.554253 -0.799195 1.499008
-1.530155 -0.774011 0.928493
-1.519096 -0.599216 1.386298
-1.339920 -0.622168 0.802996
-1.340421 -0.407929 1.608887
-1.195237 -0.505883 1.128780
-1.080813 -0.035475 1.434255
-0.842474 -0.069776 0.874154
-0.865208 0.115007 1.431562
-0.712002 -0.130073 1.170996
-0.693303 0.333895 1.533882
-0.579755 0.050567 1.031902
-0.629530 0.418529 1.294589
-0.507523 0.139435 1.102346
-0.475238 0.464466 1.307683
-0.417788 0.029302 0.811726
-0.525522 0.482230 1.108590
-0.481610 0.439487 0.816688
-0.455949 0.504395 0.975019
-0.485602 0.216781 0.701969
-0.406739 0.414488 0.621809
-0.803339 -0.973543 -0.163635
-0.887470 -1.176348 0.275336
-0.835813 -1.433239 0.074241
-0.919746 -1.378812 0.590160
-0.860089 -1.448803 -0.210083
-0.856606 -1.253189 1.148164
-0.920533 -1.306756 0.649247
-1.032328 -1.295122 1.076094
-0.984222 -1.306401 0.142173
-1.109532 -1.095152 1.640372
-1.147730 -1.141769 0.711891
-1.379020 -1.036430 1.428546
-1.294078 -1.045642 0.239781
-1.430971 -0.729480 1.787300
-1.212710 -0.757648 0.937732
-1.207033 -0.528761 1.542021
-0.995112 -0.537805 0.764714
-1.067392 -0.306224 1.752852
-0.861719 -0.360342 1.027748
-0.830379 -0.168797 1.592007
-0.608308 -0.071763 0.873061
-0.645181 0.067546 1.536734
-0.635886 0.018198 0.940682
-0.627909 0.156367 1.264720
-0.419203 0.182663 0.774652
-0.391709 0.289387 1.212563
-0.434843 0.230893 0.780032
-0.440266 0.238681 1.068188
-0.439606 0.223592 0.386929
-0.458662 0.298913 0.939554
-0.423086 0.187152 0.592982
-0.348835 0.299969 0.766712
-0.683610 -0.848362 -0.115601
-0.782810 -0.935774 0.079966
-0.691550 -1.218889 -0.576904
-0.699532 -1.023632 0.778706
-0.776583 -1.091919 -0.098830
-0.838295 -0.998967 0.702448
-0.710805 -1.176878 -0.479511
-0.817798 -1.051128 1.497493
-0.895029 -1.100665 0.228673
-1.025961 -0.891977 1.232380
-0.948914 -0.998295 -0.096046
-1.120418 -0.825148 1.808357
-1.154386 -0.913649 0.576284
-1.242810 -0.519683 1.602275
-1.033123 -0.744834 0.346624
-1.140957 -0.209845 1.895627
-0.956591 -0.423697 0.790544
-1.013650 0.239372 1.775175
-0.741415 0.041087 0.364723
-0.888145 0.423580 2.468358
-0.694064 0.009714 0.998222
-0.799148 0.750663 2.059965
-0.518502 0.549412 0.449249
-0.735131 0.963604 2.851077
-0.595373 0.356089 1.246109
-0.584640 0.939113 2.170020
-0.276064 0.279826 0.837201
-0.476917 0.911410 2.213023
-0.498086 0.672147 1.512605
-0.526703 0.920442 1.500344
-0.460204 0.444557 1.025288
-0.427488 0.643610 0.852249
-0.737614 -1.044427 -0.466480
-0.737695 -1.274862 -0.111608
-0.743795 -1.598847 -0.564059
-0.708098 -1.385015 0.307458
-0.683746 -1.599451 -1.202524
-0.638938 -1.142875 1.249124
-0.630310 -1.338609 -0.334685
-0.737383 -1.140189 1.087990
-0.638770 -1.302604 -0.921742
-0.730628 -0.979604 1.918666
-0.769176 -1.086057 -0.017077
-0.984063 -0.906718 1.610780
-0.951023 -0.964472 -0.426929
-1.042907 -0.557510 2.039007
-0.910113 -0.601345 0.402886
-0.952738 -0.330226 1.760523
-0.789146 -0.355393 0.281069
-0.873291 0.036304 2.216566
-0.714213 -0.007545 0.686058
-0.699738 0.295406 2.037643
-0.442164 0.129546 0.408778
-0.549307 0.560020 2.570621
-0.453057 0.413441 0.900448
-0.576163 0.651658 1.945710
-0.329593 0.499457 0.557515
-0.388252 0.706808 2.076625
-0.356224 0.519414 0.841904
-0.470860 0.558509 1.361634
-0.347614 0.539148 0.488744
-0.443569 0.505762 1.152213
-0.366732 0.426609 0.666683
-0.297001 0.484020 0.820390
-0.543528 -0.885322 -0.263658
-0.638392 -1.009088 -0.292012
-0.548797 -1.242787 -0.727347
-0.534867 -1.062526 0.284076
-0.585747 -1.123170 -0.383610
-0.617294 -0.991509 0.363670
-0.529988 -1.130830 -0.492515
-0.641140 -0.962457 1.121043
-0.707389 -1.021374 0.087848
-0.792203 -0.863171 1.003611
-0.656171 -0.964050 0.058701
-0.859851 -0.745173 1.505681
-0.855388 -0.762178 0.452942
-0.972570 -0.484904 1.321012
-0.735150 -0.518450 0.587705
-0.887396 -0.111107 1.414017
-0.710102 -0.286209 0.851203
-0.789680 0.306061 1.927230
-0.493030 -0.015363 1.034647
-0.741126 0.565923 1.869371
-0.477043 0.181419 1.213354
-0.617512 0.917205 2.912474
-0.324362 0.346751 1.218213
-0.655209 1.153397 2.599052
-0.327972 0.559777 1.394757
-0.458494 1.199074 3.266566
-0.229173 0.425545 1.491017
-0.522884 1.279466 2.608025
-0.397171 1.179510 1.782184
-0.391783 1.214005 2.202977
-0.385216 0.732134 1.675447
-0.426906 0.919793 1.323498
-0.510485 -1.084435 -0.516811
-0.477408 -1.374462 -0.525399
-0.404395 -1.573663 -0.639946
-0.447088 -1.451820 -0.110920
-0.438175 -1.618072 -1.146820
-0.431837 -1.233718 0.847530
-0.443255 -1.282856 -0.553651
-0.576031 -1.113535 0.650006
-0.428346 -1.300524 -0.855868
-0.559342 -1.041359 1.575208
-0.527294 -1.109486 -0.084739
-0.755598 -0.963226 1.274274
-0.618833 -0.977843 -0.216577
-0.770163 -0.705056 1.682171
-0.594791 -0.611981 0.391227
-0.760372 -0.482768 1.382007
-0.613486 -0.236271 0.665735
-0.748219 0.013766 1.731518
-0.489582 0.136433 0.806949
-0.580342 0.241440 1.588548
-0.311493 0.420622 0.917806
-0.595739 0.543743 2.032175
-0.356270 0.433682 0.929716
-0.536860 0.523277 1.672370
-0.202364 0.558322 1.001547
-0.460830 0.713133 1.965155
-0.343536 0.545191 0.667711
-0.496425 0.530580 1.327357
-0.326677 0.489230 0.811129
-0.449650 0.430642 0.960635
-0.418600 0.378327 0.957181
-0.367265 0.410422 0.831572
-0.423935 -0.883219 -0.412558
-0.503868 -0.975762 -0.018343
-0.405612 -1.253083 -1.109466
-0.384082 -0.954127 0.651045
-0.491434 -1.093640 -0.866408
-0.481317 -0.877010 0.591401
-0.427054 -1.125640 -1.310019
-0.467637 -0.789556 1.520654
-0.566509 -0.845035 -0.603955
-0.680811 -0.665754 1.201608
-0.468826 -0.856674 -0.722929
-0.586671 -0.638120 1.637603
-0.563152 -0.752890 -0.155665
-0.765218 -0.393448 1.252638
-0.619349 -0.372642 -0.283886
-0.802201 -0.093375 1.910927
-0.615934 -0.145166 0.155868
-0.768117 0.369514 1.426510
-0.449740 0.454594 -0.322966
-0.628219 0.653265 2.926045
-0.343214 0.240965 0.450630
-0.618301 0.897642 2.133435
-0.253738 0.786014 -0.378446
-0.506557 1.093805 3.571596
-0.159801 0.364810 0.526143
-0.514801 1.148973 2.589864
-0.218529 0.601903 0.105645
-0.507805 1.269591 2.942981
-0.392253 0.998416 1.177888
-0.462377 1.165696 1.916279
-0.409147 0.954621 1.140273
-0.404268 0.895140 1.025316
-0.444409 -1.018649 -0.595117
-0.365379 -1.228711 -0.133070
-0.334112 -1.556931 -0.978976
-0.318614 -1.299636 0.188071
-0.394880 -1.618693 -1.754759
-0.355389 -0.940827 1.187831
-0.399774 -1.118959 -1.089693
-0.507981 -0.821512 0.877731
-0.432328 -1.132421 -1.690076
-0.491629 -0.696296 1.809284
-0.401636 -0.874888 -0.748793
-0.547176 -0.761223 1.439732
-0.420574 -0.891306 -1.260523
-0.568908 -0.520261 2.124823
-0.406831 -0.439549 -0.267485
-0.607515 -0.283428 1.669312
-0.522797 -0.048056 -0.816663
-0.640668 0.258128 2.714512
-0.269046 0.327007 0.345491
-0.429760 0.368471 2.159099
-0.201750 0.518401 -0.411833
-0.410276 0.752124 3.013520
-0.177615 0.521073 0.665178
-0.442480 0.638530 2.203127
-0.188753 0.536573 -0.125034
-0.364434 0.798801 2.474561
-0.261702 0.523296 0.520288
-0.443213 0.593957 1.491042
-0.263576 0.568048 0.283958
-0.502444 0.427433 1.074648
-0.443529 0.413096 0.381949
-0.400149 0.366171 0.573773
-0.529996 -0.661015 -0.181248
-0.573592 -0.697849 -0.040292
-0.504127 -0.919364 -0.606266
-0.400800 -0.741089 0.248937
-0.567329 -0.877281 -0.440499
-0.528579 -0.703475 0.190058
-0.503414 -0.837462 -0.657572
-0.528671 -0.597892 0.819849
-0.601504 -0.673087 -0.214840
-0.622319 -0.508659 0.684208
-0.518617 -0.654421 -0.418771
-0.595665 -0.452440 1.089079
-0.529949 -0.463680 0.087983
-0.613542 -0.304128 0.962027
-0.565858 -0.281026 -0.015098
-0.739422 -0.039376 1.232395
-0.629096 0.078394 0.509929
-0.682849 0.204110 1.435922
-0.444877 0.244016 0.353075
-0.553413 0.447240 1.480176
-0.373572 0.350594 0.769327
-0.431236 0.670812 2.425964
-0.112780 0.528618 0.498622
-0.328222 0.842048 2.046193
-0.208174 0.169725 0.356733
-0.381320 0.977467 2.974885
-0.064315 0.244171 0.471718
-0.306227 0.977288 2.378207
-0.220700 0.796508 0.048334
-0.354530 0.850266 1.623210
-0.250871 0.713799 0.747541
-0.327746 0.647101 0.877658
-0.508910 -0.687217 -0.248840
-0.457125 -0.772564 -0.108327
-0.437294 -0.998181 -0.182413
-0.361057 -0.921036 0.034270
-0.404445 -1.112211 -0.696306
-0.315984 -0.823698 0.594601
-0.431764 -0.851755 -0.238815
-0.504763 -0.685534 0.374836
-0.422862 -0.818024 -0.753857
-0.438229 -0.606972 1.155736
-0.379548 -0.668960 0.011891
-0.547853 -0.580499 0.825785
-0.477939 -0.593146 -0.311611
-0.497468 -0.486701 1.429970
-0.478518 -0.369838 0.461419
-0.666289 -0.281111 1.031492
-0.526270 -0.103448 0.173971
-0.557493 -0.052985 1.618236
-0.303981 0.188889 0.714449
-0.509836 0.217147 1.027082
-0.228613 0.290221 0.452128
-0.384377 0.263863 1.479847
-0.168877 0.305297 0.448583
-0.494305 0.376522 1.095932
-0.247597 0.391821 0.471805
-0.422240 0.427975 1.340232
-0.268118 0.351614 -0.040828
-0.483783 0.352022 0.895479
-0.289578 0.339542 0.098303
-0.475343 0.309317 0.840548
-0.381506 0.323209 0.203906
-0.348105 0.286688 0.616206
-0.459823 -0.526160 0.040398
-0.543548 -0.575181 0.151140
-0.502019 -0.716716 -0.276145
-0.401315 -0.644128 0.317263
-0.461357 -0.684771 -0.100933
-0.424889 -0.646579 0.285101
-0.382047 -0.649138 -0.339182
-0.339006 -0.532947 0.620315
-0.404629 -0.466009 -0.001516
-0.409899 -0.413148 0.509005
-0.368238 -0.422750 -0.082924
-0.378518 -0.362942 0.863802
-0.469158 -0.304559 0.249659
-0.498704 -0.256274 0.775405
-0.544812 -0.177075 -0.069630
-0.601906 -0.076092 1.019313
-0.635830 0.035451 0.250470
-0.539296 0.090756 0.773970
-0.400499 0.167171 -0.251484
-0.448644 0.241676 1.342279
-0.325242 0.251424 0.206979
-0.351946 0.407444 0.937842
-0.270192 0.356367 -0.308836
-0.309459 0.570857 1.731644
-0.127927 0.120894 0.153358
-0.313025 0.560853 1.149250
-0.177062 0.468319 -0.752612
-0.299142 0.626885 1.452560
-0.246917 0.511838 0.214412
-0.295927 0.513319 1.086980
-0.188063 0.305629 0.196881
-0.215110 0.379088 0.448900
-0.352843 -0.488788 -0.033466
-0.387534 -0.578582 0.132902
-0.344923 -0.674066 0.118730
-0.274550 -0.694073 0.279776
-0.211962 -0.768539 -0.219040
-0.142705 -0.673813 0.565113
-0.211144 -0.631937 0.034859
-0.177315 -0.574688 0.416577
-0.148417 -0.572449 -0.383377
-0.123889 -0.458060 0.929647
-0.108796 -0.353815 0.093940
-0.148365 -0.370917 0.595447
-0.194800 -0.293872 -0.088456
-0.266720 -0.220759 1.024795
-0.279720 -0.132791 0.237859
-0.362627 -0.125904 0.749778
-0.401836 -0.034911 -0.198167
-0.402074 0.042781 1.233347
-0.338005 0.137714 0.269085
-0.335737 0.097938 0.852067
-0.261490 0.186115 -0.461325
-0.379675 0.331392 1.416517
-0.247977 0.336489 0.267768
-0.344531 0.249193 0.760896
-0.237696 0.310063 -0.224299
-0.375063 0.400970 1.140961
-0.246953 0.301049 0.182559
-0.343436 0.245338 0.537077
-0.221004 0.349477 0.009669
-0.369459 0.283801 0.400841
-0.287828 0.310278 0.246278
-0.211071 0.231939 0.394342
-0.214002 -0.525273 0.124923
-0.297896 -0.558120 0.205409
-0.256899 -0.659560 0.031546
-0.218096 -0.648258 0.364463
-0.236988 -0.654466 0.122265
-0.194054 -0.626902 0.354012
-0.133640 -0.583189 0.016343
-0.037220 -0.499176 0.518603
0.032029 -0.409126 0.123260
0.099062 -0.336406 0.476947
0.178592 -0.319857 0.022814
0.178590 -0.245850 0.646367
0.218911 -0.222879 0.088706
0.180291 -0.152603 0.523317
0.161337 -0.162889 -0.037288
0.057956 -0.047336 0.657836
-0.087992 -0.028598 0.029108
-0.109124 0.035889 0.624257
-0.054116 0.016010 -0.023056
-0.140203 0.110099 0.611454
-0.231401 0.123778 0.134146
-0.296656 0.235306 0.702245
-0.175737 0.231193 0.055793
-0.191097 0.315388 0.532642
-0.143640 0.242858 0.024148
-0.157283 0.350212 0.794310
-0.112787 0.201574 -0.287158
-0.108919 0.385401 0.674289
-0.099622 0.350189 -0.313455
-0.126405 0.300348 0.373893
-0.112924 0.185135 0.034356
-0.100961 0.207237 0.164338
-0.111524 -0.526766 0.041221
-0.121566 -0.566614 0.193937
-0.060012 -0.674042 0.217515
-0.000011 -0.676874 0.294645
-0.011044 -0.701854 0.082722
0.024769 -0.639036 0.421409
0.060566 -0.580096 0.243689
0.201126 -0.532053 0.304516
0.284943 -0.471952 0.171516
0.373012 -0.378288 0.478750
0.471868 -0.328222 0.183720
0.518613 -0.256282 0.352097
0.483211 -0.240121 0.121430
0.448719 -0.178563 0.567248
0.485385 -0.170211 0.222692
0.415151 -0.085443 0.470585
0.312266 -0.077465 0.023705
0.155621 0.020142 0.668305
0.151092 0.025609 0.051314
0.033927 0.093164 0.449298
-0.026353 0.134440 -0.047112
-0.153747 0.180798 0.562064
-0.148698 0.245192 0.055378
-0.248315 0.245485 0.320018
-0.144169 0.325801 0.056212
-0.136599 0.232668 0.305074
-0.111784 0.301976 0.035148
-0.161270 0.244640 0.229269
-0.119960 0.301546 -0.122335
-0.208856 0.191890 0.128027
-0.224882 0.248917 0.256200
-0.142682 0.187373 0.137742
-0.053761 -0.514583 0.133904
-0.096182 -0.520224 0.232053
-0.063591 -0.612507 0.122044
0.071373 -0.598041 0.321804
0.107303 -0.587819 0.213241
0.157997 -0.583804 0.266805
0.193330 -0.515757 0.149233
0.340990 -0.455958 0.269190
0.404451 -0.353125 0.240659
0.473968 -0.309157 0.240874
0.498363 -0.246328 0.190598
0.556654 -0.217048 0.290347
0.519989 -0.166224 0.342057
0.500740 -0.149114 0.313205
0.476499 -0.122460 0.164959
0.527282 -0.059163 0.434339
0.460626 -0.048873 0.231599
0.469620 0.045507 0.410915
0.376803 0.025114 0.067296
0.380173 0.124239 0.378015
0.142269 0.119085 0.170896
-0.001165 0.201013 0.270189
-0.066705 0.196454 0.059386
-0.053845 0.226169 0.297904
-0.019837 0.242746 0.087291
0.010315 0.274745 0.194380
0.049170 0.233210 -0.268861
0.058623 0.291521 0.237886
-0.031831 0.198502 -0.031779
-0.062207 0.176185 0.055143
-0.084411 0.133721 0.024446
-0.064470 0.161771 -0.011819
0.035068 -0.533832 0.088154
0.050245 -0.566441 0.193357
0.148028 -0.666815 0.207395
0.261518 -0.637011 0.307205
0.317866 -0.616717 0.152552
0.420348 -0.571827 0.445380
0.491518 -0.521343 0.270164
0.658362 -0.497114 0.304697
0.701941 -0.445227 0.193586
0.727297 -0.423520 0.427180
0.727427 -0.355259 0.271966
0.727847 -0.365260 0.350947
0.635598 -0.270334 0.240953
0.622636 -0.272445 0.569125
0.637716 -0.186119 0.418611
0.676588 -0.157558 0.464006
0.590544 -0.075495 0.179058
0.583113 -0.021341 0.585073
0.587337 -0.013682 0.242922
0.556193 0.064466 0.377300
0.381763 0.128915 0.076428
0.157015 0.198835 0.299570
0.070017 0.247464 0.272468
0.010420 0.233914 0.108720
-0.023776 0.311228 0.099076
-0.037851 0.302663 0.166308
-0.036821 0.318237 0.205026
-0.060667 0.259236 -0.006365
-0.072883 0.318672 0.068553
-0.165922 0.196118 -0.008377
-0.211981 0.230083 0.293881
-0.114246 0.187042 0.057844
-0.037360 -0.520429 0.138739
-0.000316 -0.476616 0.258180
0.039954 -0.551378 0.179247
0.214921 -0.514842 0.274391
0.369376 -0.514012 0.221537
0.526780 -0.506084 0.266112
0.598028 -0.467207 0.184995
0.675248 -0.433920 0.299577
0.695901 -0.379072 0.172634
0.740822 -0.344560 0.222270
0.726512 -0.262896 0.206598
0.746299 -0.229926 0.435608
0.711707 -0.185751 0.227357
0.720021 -0.180922 0.395079
0.681134 -0.094746 0.277823
0.736695 -0.064188 0.468088
0.773424 0.021754 0.189891
0.802564 0.063960 0.406650
0.773214 0.087418 0.242671
0.774945 0.164045 0.327692
0.719616 0.160662 0.050450
0.607240 0.217053 0.143926
0.414653 0.227804 0.169996
0.365071 0.269074 0.075546
0.247657 0.256186 0.048733
0.218608 0.294809 0.063874
0.116676 0.272830 0.025140
0.117649 0.353892 -0.029008
0.052332 0.371371 -0.025138
0.019084 0.275645 -0.073952
-0.075715 0.200459 0.113084
-0.078665 0.200751 -0.120707
0.042141 -0.599232 0.070366
0.072955 -0.604601 0.199522
0.227788 -0.658227 0.264339
0.392317 -0.566507 0.207538
0.515937 -0.596605 0.204650
0.610204 -0.518968 0.314520
0.724760 -0.514666 0.261682
0.852244 -0.491101 0.222588
0.874538 -0.511218 0.248744
0.829349 -0.480035 0.347080
0.845288 -0.455771 0.285589
0.846745 -0.409988 0.379467
0.815219 -0.358298 0.299778
0.735331 -0.343740 0.557997
0.742464 -0.279462 0.462894
0.748143 -0.243772 0.481223
0.724944 -0.119632 0.419782
0.696448 -0.067755 0.499258
0.718353 -0.021245 0.389768
0.710660 0.009383 0.341841
0.615675 0.055387 0.377514
0.470990 0.087745 0.245855
0.362783 0.148916 0.336631
0.169276 0.180697 0.094271
0.095076 0.173108 0.123613
-0.010436 0.261903 0.059017
-0.070669 0.267441 0.113230
-0.132431 0.261839 0.009109
-0.119929 0.317238 -0.030210
-0.142611 0.267809 -0.028467
-0.119682 0.276688 0.258048
-0.099770 0.216711 0.073543
-0.100254 -0.512114 0.047282
-0.053402 -0.432321 0.233664
0.068212 -0.446331 -0.010798
0.240829 -0.415535 0.304727
0.367200 -0.448164 0.247879
0.538486 -0.439616 0.268889
0.556789 -0.417880 0.190318
0.660257 -0.397360 0.271149
0.685071 -0.390508 0.235441
0.797189 -0.352387 0.341830
0.723570 -0.309241 0.185315
0.745059 -0.275991 0.451702
0.687155 -0.261754 0.334878
0.722261 -0.241488 0.418502
0.670897 -0.174395 0.290697
0.722308 -0.108311 0.437999
0.685674 -0.027950 0.415505
0.749380 0.019460 0.329965
0.675022 0.060108 0.285475
0.682294 0.060142 0.260458
0.545946 0.060044 0.340413
0.535449 0.081500 0.022405
0.381473 0.066249 0.097916
0.349521 0.073728 0.010684
0.214200 0.123261 0.116141
0.240741 0.132085 -0.106457
0.178281 0.175146 -0.090213
0.168286 0.247954 -0.120129
0.060689 0.274025 0.072852
-0.018513 0.192091 -0.088169
-0.143727 0.176127 -0.027096
-0.128101 0.189673 -0.168033
0.095452 -0.443856 0.060545
0.042770 -0.428794 0.318178
0.238900 -0.398525 0.195551
0.344741 -0.295542 0.290392
0.414049 -0.269446 0.157782
0.468281 -0.257091 0.262222
0.609741 -0.255878 0.260997
0.644025 -0.290834 0.261648
0.686258 -0.288157 0.246829
0.617993 -0.289282 0.409158
0.693341 -0.264150 0.339380
0.605841 -0.261800 0.445521
0.648117 -0.227801 0.419008
0.566618 -0.234756 0.582717
0.621019 -0.155128 0.495359
0.559494 -0.119022 0.474827
0.577837 0.011008 0.477792
0.502894 0.051968 0.498262
0.541712 0.112678 0.518646
0.497095 0.065609 0.373048
0.486460 0.126128 0.404013
0.373053 0.157185 0.335995
0.350839 0.196876 0.288377
0.196363 0.188077 0.085103
0.147565 0.224349 0.030878
0.093725 0.214834 0.027982
0.115476 0.191805 0.003297
0.133338 0.202936 -0.049710
0.163659 0.296253 0.000759
0.106793 0.260499 0.025135
0.079391 0.259311 0.176297
0.082167 0.185538 -0.010578
