1.110305 -0.346933 -0.609941
1.107707 -0.135866 -0.022075
1.150073 -0.006376 0.233192
0.659871 0.353914 -0.114926
0.900368 -0.289386 0.224033
1.247699 0.546235 0.018293
0.963854 -0.029291 0.284421
0.597422 0.584264 0.237642
1.438598 0.310118 0.205995
0.692301 0.618268 0.209365
0.613204 0.309417 0.451496
1.033798 0.133765 0.028382
0.512525 0.474108 0.632397
1.019657 -0.154202 0.922707
0.398268 0.529720 0.483243
1.352868 -0.423895 -0.117120
0.939136 -0.282015 -0.371227
1.117848 -0.365144 0.060888
0.583890 0.547536 0.027237
0.257644 0.409357 -0.567149
1.127021 -0.250470 -0.164339
1.054129 0.537140 0.243052
1.070350 0.161750 -0.176169
0.415474 -0.034907 -0.801827
0.547660 -0.130638 0.603314
1.084436 -0.182994 0.366599
0.295370 0.762677 0.049395
1.245232 -0.378441 0.208509
-0.229135 0.462869 -0.065780
1.068107 -0.144034 0.028107
0.020086 0.221721 -0.537664
0.940202 -0.032540 -0.250890
1.049832 0.150413 -0.188470
1.148392 -0.031763 -0.220620
1.147549 0.103735 -0.251984
1.221219 0.076894 0.224219
1.387911 -0.304872 0.193371
0.941452 0.059853 -0.364802
1.141484 0.066910 0.425431
0.556509 0.345952 -0.386598
0.647493 0.345373 0.330781
0.872821 0.204833 0.270684
0.747610 -0.227285 0.393328
0.575993 -0.353289 -0.942406
0.725281 0.076025 -0.406345
0.869053 -0.289174 -0.226093
-0.056118 -0.436712 0.320397
1.302553 0.300100 0.528657
0.450174 0.333252 -0.376617
1.261777 -0.204632 0.536379
1.240473 -0.236642 0.376033
1.093455 0.119517 0.211889
0.944684 0.288983 0.145047
0.451207 -0.121866 1.029339
0.563871 -0.174556 0.508119
1.350339 -0.269841 -0.032911
1.315013 -0.241860 -0.654600
0.948826 0.432077 0.196347
-0.023970 0.413145 -0.232340
1.136971 0.252614 0.088092
0.239841 0.022274 -0.660401
0.572923 0.579546 -0.509697
0.463952 -0.495700 0.243907
0.740916 -0.439327 0.309882
0.723234 -0.342537 -0.175604
0.707453 -0.259893 -0.817477
0.458240 0.492518 0.501910
0.761150 -0.116527 0.481351
0.473961 0.753514 0.421634
0.087748 0.349270 0.911869
1.187277 0.245746 0.011310
1.019925 0.057758 -0.058819
0.166921 -0.036534 0.715836
1.265566 -0.097925 0.318336
1.109964 0.381875 -0.538782
1.096983 -0.080901 0.098886
0.978207 0.120134 0.281730
1.023381 -0.151140 -0.117695
0.855405 -0.139224 0.316599
0.900399 0.465677 0.142285
0.892189 -0.307331 0.019908
0.062212 -0.281570 0.450766
1.435953 -0.008859 -0.134271
-0.390634 0.228264 0.403628
0.940428 -0.354984 -0.230924
0.612955 -0.114733 -0.601618
1.076450 -0.175492 -0.168279
1.185269 -0.096568 -0.213706
0.170820 0.692533 -0.112909
1.310935 -0.057345 -0.348150
-0.238348 -0.199950 0.389197
1.101065 -0.090114 -0.063448
0.624020 0.337173 0.815283
0.393746 0.028458 0.558050
1.201562 0.144776 0.072193
1.326684 0.016718 0.335303
0.675729 -0.463045 0.135471
0.675696 0.226367 -0.905576
1.186667 0.056603 0.108904
0.419517 -0.201541 -0.716942
0.148984 0.334261 0.573183
0.551349 0.647933 0.322339
1.127794 -0.205377 -0.348404
0.731082 -0.188572 0.755970
0.933931 -0.126766 -0.444344
0.666431 0.472092 -0.374549
0.377166 0.656600 0.140274
0.555875 0.573143 -0.102269
1.006249 0.189697 0.143404
0.709835 -0.012316 -0.723608
-0.198851 0.694880 0.260689
0.902517 -0.300633 -0.473409
1.080156 -0.247888 0.275893
1.067350 0.059289 0.014633
1.211044 -0.094526 -0.079146
-0.014293 0.009497 -0.228759
0.434904 -0.436501 0.589150
1.120248 -0.063951 -0.084661
0.997294 -0.015614 -0.372917
0.064177 0.445250 -0.324509
1.131670 -0.136298 0.022023
0.994339 -0.199044 0.218099
0.642290 -0.604505 -1.028657
1.205000 0.057392 0.149834
1.135165 -0.294398 -0.003849
1.136481 0.227999 0.281626
0.994542 -0.038293 -0.204363
0.952433 0.351436 0.359835
1.137463 -0.353704 -0.043098
-0.208518 0.060252 -0.179080
1.106515 0.046939 0.136491
0.624717 -0.555877 -0.730062
0.401794 0.535529 -0.136393
1.139169 0.565955 0.291516
0.368744 -0.251339 -0.859397
1.030497 -0.066313 0.360822
1.057690 0.083376 0.180990
0.541326 0.500581 0.329885
0.386654 -0.290655 -0.497916
0.529140 0.699189 -0.158518
1.042259 -0.500364 -1.328060
0.236122 0.505829 -0.308872
0.090786 -0.272376 0.738961
0.716183 0.175672 -0.275726
0.919889 0.052001 0.391307
1.113544 -0.030882 -0.045574
0.175253 -0.164120 -0.390905
0.472714 -0.148855 0.712086
0.285294 0.652763 0.180733
0.861646 0.475562 0.160845
1.319043 -0.244824 -0.076684
1.017693 0.370238 -0.110936
1.076363 -0.029647 -0.002983
0.653192 -0.047070 -1.542350
0.531988 -0.378242 -1.266681
0.732769 -0.029533 0.346715
1.054270 0.203800 0.140706
0.011943 0.613367 -0.039588
1.175381 -0.539018 -0.533157
0.378056 0.046793 0.703046
-0.214954 -0.117362 -0.297089
1.077879 0.000016 -1.023185
1.029954 0.043463 0.132141
1.056515 0.037593 0.185905
0.988340 0.166288 -0.051112
1.134280 0.189525 0.026423
1.053458 -0.055678 -0.040391
0.908680 0.265174 0.013392
1.072155 0.015370 0.148763
0.621918 -0.308255 -0.495760
1.213879 0.224482 0.139092
0.394009 0.380532 0.583098
0.547026 0.113447 0.592042
1.017185 0.415392 0.221459
1.062501 -0.098231 -0.501360
0.827062 0.366731 0.299871
1.158644 0.257628 0.250339
1.243689 -0.286205 -0.217535
0.686480 -0.488648 0.094367
1.150472 -0.090757 0.158530
1.263107 0.324888 0.115373
0.727317 0.450805 0.132237
1.072513 0.302307 0.216015
1.256345 0.248834 -0.138584
0.974804 -0.117062 0.145473
1.141294 -0.083840 -0.047437
1.306238 0.404198 -0.186434
0.150838 0.216200 -0.346786
1.082453 -0.009583 0.118735
0.587637 0.096518 -0.479741
0.415997 0.344033 -1.190055
1.017436 -0.018271 0.062684
1.084268 -0.435388 -0.483438
0.524196 0.268033 -0.734258
-0.105317 0.142715 0.543710
1.145254 -0.178812 -0.124335
1.087868 -0.289437 -0.237710
1.093711 -0.160616 0.158705
0.383179 -0.500285 -0.090047
1.354924 0.144608 -0.553865
1.408199 0.488222 0.285944
0.603024 0.581921 0.166050
1.227089 0.453826 0.048599
0.527211 0.149336 0.546092
1.208304 -0.396026 -0.199667
1.182230 0.587066 0.432968
0.288673 0.144132 -0.386498
1.134072 0.097252 0.125375
0.436583 -0.250385 0.626834
1.404050 -0.346569 -0.302929
0.969844 0.362731 0.115335
1.121345 0.237696 0.194618
1.051934 0.186171 0.084361
1.007358 0.227045 0.261240
-0.049329 0.602385 0.580482
0.415464 -0.392071 -0.433837
0.628990 0.425577 -0.186720
0.954464 -0.125964 -0.136685
0.365479 0.209540 -0.640059
1.291859 0.280889 0.328135
0.375817 0.034816 -0.867242
0.256126 0.700785 0.448957
-0.297018 0.226219 -0.183266
0.580318 -0.370733 0.434837
-0.139788 -0.112563 0.679036
1.211146 -0.030477 0.105021
0.674602 -0.534366 -0.316583
0.122725 -0.063260 -0.574160
1.155616 -0.367469 0.305155
0.782069 -0.533579 -0.494241
1.129545 0.162085 0.377020
1.045461 -0.155079 -0.740881
0.220333 -0.336136 -0.147948
0.361948 -0.002470 -0.501340
0.741444 -0.176095 -0.393877
1.050564 -0.150958 -0.134381
0.426841 -0.523550 0.484889
0.740298 0.473406 0.263355
-0.011084 -0.272536 -0.293445
0.276928 0.532263 -0.210748
0.784783 0.208780 -0.285283
0.191563 -0.422020 0.564493
0.864901 -0.372486 -0.006721
1.342707 0.610415 0.376617
0.118329 -0.247973 -0.405039
0.825396 0.199153 0.403877
-0.247288 0.314877 0.302152
1.156106 -0.047789 0.169891
0.622899 -0.165514 -0.317702
-0.023312 -0.250728 -0.090310
0.329885 -0.499079 -0.746369
1.235034 -0.215593 -0.045298
0.381111 -0.546907 -0.316556
0.309663 0.752963 0.234612
0.814756 0.426068 -0.066911
0.517945 -0.328778 0.424640
0.205879 -0.259389 -0.045384
0.258493 -0.192287 0.282127
0.262951 -0.154520 -0.236798
0.276585 -0.116659 0.324312
0.202215 -0.144776 -0.139323
0.219960 -0.075438 0.322081
0.223829 -0.004494 -0.311597
0.222301 0.102766 0.338036
0.135832 0.117796 -0.103963
0.089759 0.128854 0.294559
0.064942 0.078285 -0.240282
0.017100 0.144890 0.377272
-0.112253 0.062845 -0.041148
-0.123718 0.021620 0.209815
-0.205681 -0.013440 -0.086375
-0.291284 0.086937 0.389632
-0.447407 0.082409 0.015671
-0.476481 0.118871 0.249458
-0.394792 0.120290 -0.145475
-0.343959 0.212823 0.542887
-0.359233 0.137709 0.102516
-0.245496 0.168517 0.369366
-0.114185 0.106935 -0.035974
-0.048941 0.230292 0.490365
-0.130651 0.133135 0.112147
-0.057909 0.196524 0.364368
-0.002963 0.175964 -0.080281
-0.008467 0.336483 0.437930
-0.048041 0.428892 0.025620
0.023440 0.602287 0.171173
0.176680 0.665911 0.053375
0.218914 0.676231 0.111596
0.127289 -0.292764 0.047304
0.253917 -0.278127 0.221339
0.171333 -0.447583 0.275725
0.277827 -0.471573 0.361500
0.246828 -0.398276 0.025182
0.207698 -0.271250 0.414440
0.137887 -0.109045 0.172222
0.129217 0.000960 0.318022
0.170870 0.080783 0.015560
0.252037 0.170564 0.240368
0.229114 0.113003 0.229627
0.242782 0.129248 0.303247
0.070733 0.058798 0.135003
-0.095609 0.081187 0.383124
-0.290080 0.021699 0.269533
-0.340450 0.019734 0.282996
-0.435034 0.043417 0.079911
-0.523206 0.095296 0.671189
-0.520280 0.077188 0.341798
-0.459667 0.107268 0.529408
-0.395537 0.153485 0.105010
-0.404419 0.173361 0.729147
-0.430635 0.114583 0.478827
-0.411450 0.109520 0.478382
-0.335095 0.112699 0.187447
-0.288739 0.160426 0.427202
-0.204771 0.211002 0.337920
-0.121963 0.313434 0.292342
-0.047392 0.460243 0.121548
0.051556 0.509340 0.179295
0.206671 0.567583 0.373072
0.280501 0.604476 0.215972
0.003229 -0.207616 0.174912
0.008088 -0.178987 0.217044
-0.026298 -0.157551 0.090568
0.028047 -0.119940 0.372890
0.030973 -0.028942 0.094191
0.103474 0.082196 0.130174
0.122852 0.169666 -0.085881
0.244637 0.286344 0.201460
0.151077 0.260120 0.092564
0.179766 0.282159 0.200322
0.058767 0.172118 0.191061
-0.062877 0.141814 0.243300
-0.300088 0.029840 0.249782
-0.484739 0.056257 0.136357
-0.829458 0.009078 0.038544
-0.928507 0.109717 0.415632
-1.183778 0.132861 0.318091
-1.094811 0.260597 0.345035
-1.131840 0.276833 0.136813
-0.959196 0.363084 0.650846
-0.898538 0.257204 0.436750
-0.646569 0.345419 0.302115
-0.530848 0.294346 0.154135
-0.379635 0.352688 0.404604
-0.369354 0.264497 0.423904
-0.164430 0.348697 0.220097
-0.118031 0.233071 0.181965
-0.073760 0.418529 0.215564
-0.080038 0.404068 0.301288
0.067881 0.644767 0.209920
0.105563 0.597301 0.229485
0.148142 0.791703 0.082325
0.069680 -0.395397 0.202236
0.034805 -0.514869 0.389664
0.025381 -0.732317 0.547431
0.089666 -0.758706 0.593070
0.037255 -0.624881 0.272727
-0.081997 -0.412968 0.620034
-0.201416 -0.181232 0.268907
-0.054857 -0.056633 0.291369
0.027518 0.053001 0.043441
0.099377 0.103617 0.299742
0.036877 0.049092 0.176033
-0.076715 0.055766 0.283210
-0.318485 -0.028321 -0.030132
-0.666842 0.026166 0.575463
-0.898102 -0.054034 0.180909
-0.994732 0.001808 0.333918
-0.975353 0.115169 -0.080010
-0.975344 0.231375 0.778324
-0.897660 0.238374 0.293527
-0.834953 0.300782 0.549413
-0.658698 0.353314 0.045283
-0.616257 0.347221 0.824953
-0.577860 0.296690 0.359449
-0.569845 0.260624 0.533591
-0.504596 0.254334 0.177777
-0.436912 0.281012 0.368903
-0.362173 0.327960 0.228206
-0.260328 0.332598 0.275813
-0.141805 0.461087 0.132670
-0.068063 0.552549 0.296455
0.128044 0.666647 0.142295
0.144565 0.741809 0.189503
-0.137172 -0.444490 0.434109
-0.114644 -0.398944 0.432258
-0.124913 -0.334084 0.387076
-0.020855 -0.280273 0.479090
0.048632 -0.102754 0.280848
0.155570 0.016012 0.305060
0.170176 0.162193 0.273997
0.224784 0.165264 0.412531
0.130549 0.216833 0.136254
0.067745 0.138670 0.366303
-0.239902 0.028461 0.232035
-0.582031 -0.075281 0.543117
-0.898719 -0.136344 0.502597
-1.110794 -0.092591 0.499890
-1.311888 -0.113789 0.209346
-1.374708 0.050780 0.865770
-1.447763 0.156204 0.509164
-1.398261 0.376131 0.888945
-1.377514 0.479145 0.434136
-1.285198 0.509124 0.915203
-0.991448 0.530917 0.663792
-0.760385 0.480181 0.710093
-0.527782 0.465728 0.316994
-0.443865 0.471867 0.426158
-0.384614 0.512678 0.310910
-0.322028 0.590607 0.226474
-0.218124 0.463907 0.147324
-0.272986 0.868981 0.265822
-0.273328 1.289697 0.021679
-0.213013 1.340675 0.219064
-0.112977 1.359764 0.059191
-0.008305 1.191226 0.166648
-0.213304 -1.018792 0.552890
-0.315181 -1.313167 0.946415
-0.442826 -1.647912 1.084279
-0.514024 -1.800123 1.295038
-0.447925 -1.694930 0.938202
-0.618479 -1.558687 1.549329
-0.635161 -1.033676 0.964442
-0.557597 -0.965312 1.074401
-0.452631 -0.547409 0.544847
-0.504164 -0.429510 1.116933
-0.571445 -0.321406 0.368985
-0.827083 -0.351511 0.662849
-0.930987 -0.405969 -0.336781
-1.209693 -0.321012 1.179759
-1.117225 -0.268005 -0.261078
-1.326616 -0.192487 0.839697
-1.230415 0.069388 -0.463552
-1.288200 0.190759 1.185756
-1.030101 0.314487 0.126320
-1.079382 0.350251 0.766301
-0.748106 0.433296 0.044884
-0.692189 0.398646 0.904834
-0.547810 0.386365 0.405642
-0.528047 0.352025 0.497943
-0.388159 0.378238 0.258132
-0.387058 0.379824 0.264881
-0.285231 0.501226 0.256989
-0.222767 0.656191 0.171143
-0.066106 0.855096 0.045014
-0.054734 1.047535 0.214704
0.041326 0.876937 0.151540
0.019082 0.985627 0.162606
-0.231942 -0.960949 0.825494
-0.228984 -0.947057 0.915160
-0.339055 -0.875306 0.657530
-0.353369 -0.774825 1.169315
-0.301382 -0.480923 0.535425
-0.271059 -0.372037 0.746426
-0.112776 -0.181154 0.353503
-0.336143 -0.158559 1.175689
-0.427578 -0.039442 0.288796
-0.509336 -0.096964 0.709050
-0.552509 -0.244106 -0.483656
-0.859378 -0.257574 1.483399
-1.031091 -0.388521 -0.415312
-1.219612 -0.191998 1.342928
-1.233762 -0.360539 -1.252547
-1.340338 0.028032 2.150851
-1.256214 -0.074884 -0.460060
-1.435729 0.440672 1.476774
-1.226005 0.424317 -0.750847
-1.238848 0.514521 1.805046
-0.978439 0.315012 0.407750
-0.792331 0.505360 0.903955
-0.560106 0.458629 -0.034327
-0.445391 0.513766 0.726017
-0.381530 0.403671 0.399456
-0.353133 1.230737 0.205997
-0.344961 1.533050 -0.138816
-0.405956 1.741790 0.298175
-0.450440 2.006685 -0.078191
-0.325236 2.039672 0.129468
-0.234843 1.966331 -0.074610
-0.190420 1.742595 0.008233
-0.280281 -1.556981 0.896204
-0.340505 -2.048666 1.513309
-0.494546 -2.441798 1.270027
-0.618036 -2.370577 1.957915
-0.454253 -2.127814 0.837873
-0.673370 -1.878444 2.385446
-0.743209 -1.113739 1.046128
-0.841904 -1.294940 1.784969
-0.796633 -0.804916 0.125712
-0.887103 -0.754271 2.178078
-0.751514 -0.507486 0.069552
-0.876870 -0.548570 1.353941
-0.929394 -0.594398 -1.560939
-1.077465 -0.188690 2.211993
-1.001065 -0.352925 -1.244039
-1.264638 0.015930 1.715922
-1.108700 -0.032892 -1.823358
-1.166555 0.365684 2.260716
-0.890137 0.284005 -0.764076
-0.939504 0.355710 1.432252
-0.604979 0.425063 -0.693212
-0.575259 0.456971 1.486928
-0.517124 0.389095 0.072355
-0.443183 0.407535 0.819995
-0.396493 0.421537 0.096293
-0.285775 0.289740 0.509798
-0.282062 0.416443 0.217721
-0.320457 1.208288 0.165893
-0.211017 1.393310 -0.167655
-0.154042 1.610193 0.232368
-0.008177 1.450049 0.028456
-0.140564 1.522074 0.201222
-0.211719 -1.161048 1.053359
-0.128577 -1.223868 0.972913
-0.303939 -1.267146 0.932397
-0.341594 -1.089953 1.176857
-0.322244 -0.790423 0.776146
-0.377239 -0.635304 0.780963
-0.253573 -0.461527 0.483095
-0.504718 -0.406433 1.054759
-0.556445 -0.309368 0.554103
-0.678304 -0.276167 0.586650
-0.609690 -0.419181 -0.065906
-0.739638 -0.325169 1.078268
-0.875071 -0.331560 -0.048538
-1.062482 -0.132598 1.160676
-1.124636 -0.196460 -0.576387
-1.195917 0.128835 1.548943
-1.120725 0.038294 -0.064257
-1.242386 0.361658 1.687026
-0.907409 0.243567 -0.205234
-0.943690 0.474818 1.448881
-0.684434 0.401984 0.422579
-0.630225 0.525111 1.179947
-0.407011 0.341706 0.365403
-0.466587 0.547659 0.636080
-0.308609 0.622946 0.504417
-0.380804 1.878692 0.334204
-0.453011 2.271114 -0.078165
-0.534403 2.593309 0.194197
-0.473325 2.904176 -0.087862
-0.345552 2.904731 0.436963
-0.248886 2.798719 0.025900
-0.302004 2.434698 0.257363
-0.048443 -1.633963 1.008580
-0.067552 -2.131237 1.444925
-0.178617 -2.498209 1.407023
-0.299929 -2.459029 1.767993
-0.146926 -2.233526 1.058174
-0.333900 -2.166483 2.008541
-0.306329 -1.405682 1.158109
-0.443065 -1.428291 1.477603
-0.444500 -0.830265 0.691619
-0.519144 -0.895617 1.612638
-0.436458 -0.555962 0.655718
-0.568408 -0.645602 0.947002
-0.568307 -0.537102 -0.359095
-0.745847 -0.332330 1.604267
-0.719996 -0.189400 -0.146541
-1.006876 -0.012024 1.183909
-0.885633 0.041676 -0.835885
-1.014279 0.164401 1.755609
-0.699681 0.209647 -0.275103
-0.802116 0.258784 1.126273
-0.445363 0.367476 -0.264337
-0.532066 0.347679 1.270422
-0.414940 0.460534 0.046197
-0.371658 0.445776 0.554806
-0.277169 0.501444 0.175952
-0.243880 0.343776 0.331299
-0.294156 0.631827 0.371111
-0.340012 1.470676 -0.023595
-0.258218 1.789067 0.111614
-0.273599 2.193459 0.267686
-0.156747 1.994896 0.228772
-0.249701 1.989141 0.220143
-0.083464 -0.939886 1.012992
-0.026865 -0.951093 0.903907
-0.123032 -0.985126 0.740472
-0.130115 -0.942536 1.196314
-0.045955 -0.665893 0.482922
-0.123772 -0.507253 0.888228
-0.019602 -0.355686 0.243114
-0.220965 -0.348767 1.073037
-0.266176 -0.239818 0.216899
-0.464416 -0.330081 0.530834
-0.394476 -0.373659 -0.117267
-0.480531 -0.397780 1.072383
-0.545022 -0.311714 -0.032331
-0.650360 -0.186819 0.863916
-0.625191 -0.141309 -0.631183
-0.723275 0.090675 1.670435
-0.670204 0.073732 -0.419345
-0.847869 0.348332 1.422838
-0.642028 0.304034 -0.652742
-0.670826 0.508561 1.889610
-0.465542 0.162372 0.145758
-0.415163 0.548617 0.895346
-0.194880 0.339489 -0.090768
-0.304786 0.691903 0.864920
-0.274037 0.491080 0.249584
-0.393831 2.178491 0.117267
-0.420612 2.701927 -0.521562
-0.536359 3.140965 0.379799
-0.510085 3.552805 -0.288116
-0.345669 3.423940 0.071120
-0.173973 3.182107 -0.159060
-0.229337 2.751141 0.067907
0.011179 -1.243260 0.778120
0.004704 -1.625660 1.410693
-0.062771 -1.947867 1.163728
-0.111350 -1.987203 1.688773
-0.013433 -1.775415 0.692573
-0.115699 -1.753620 1.988022
-0.011533 -0.905667 0.715678
-0.117347 -1.179319 1.500817
-0.094907 -0.579343 0.047918
-0.220947 -0.724804 1.665160
-0.243890 -0.401333 0.324029
-0.349297 -0.584271 1.007720
-0.280920 -0.495893 -0.454261
-0.370172 -0.303008 1.659131
-0.341374 -0.149167 -0.281441
-0.475400 -0.012561 1.316988
-0.474178 0.056633 -1.049174
-0.565503 0.315467 2.131553
-0.347729 0.308005 -0.477684
-0.408264 0.400980 1.558983
-0.248949 0.573576 -0.867400
-0.287986 0.632462 1.824980
-0.149705 0.677290 -0.063292
-0.095322 0.692943 0.724434
-0.008912 0.815837 -0.282838
-0.013507 0.768467 0.432516
-0.165018 0.911964 0.034636
-0.211022 1.756783 0.112414
-0.218490 2.121657 -0.113172
-0.180011 2.448684 0.250018
-0.084562 2.335311 -0.013624
-0.121245 2.163713 0.014797
-0.158188 -0.475579 0.726132
-0.155073 -0.418226 0.552379
-0.144803 -0.512166 0.504293
-0.111951 -0.558782 0.645536
-0.060134 -0.369872 0.396121
-0.071403 -0.304911 0.434646
0.020132 -0.207853 0.071325
-0.040215 -0.256772 0.681148
-0.053217 -0.159547 0.028402
-0.200409 -0.261460 0.447416
-0.162716 -0.318311 -0.150276
-0.266266 -0.345873 0.868574
-0.239593 -0.313378 -0.012667
-0.353079 -0.168636 0.745523
-0.261514 -0.136527 -0.241547
-0.340331 0.098073 1.155480
-0.343155 0.143201 -0.030058
-0.470442 0.316682 1.425476
-0.267788 0.387375 -0.064035
-0.386224 0.596289 1.353108
-0.198108 0.625499 0.251664
-0.197801 0.771316 1.174873
-0.009132 0.617140 0.194226
-0.151938 0.941428 0.475655
-0.069938 0.938871 0.188374
-0.102683 2.029537 0.436191
-0.184446 2.514786 -0.290068
-0.266634 2.917441 0.413319
-0.266356 3.300719 -0.620768
-0.126862 3.171950 0.008093
-0.057693 3.012044 -0.122735
-0.135436 2.579875 0.247779
-0.023996 -0.606822 0.484995
-0.044507 -0.794934 0.736543
-0.077802 -1.067529 0.844846
-0.060829 -1.183159 0.972487
0.045743 -0.973321 0.435281
0.015454 -1.041721 1.106305
0.096006 -0.371549 0.530790
0.062262 -0.508717 0.769711
0.150174 -0.332578 0.077640
0.108991 -0.492086 0.911781
0.148557 -0.305948 0.195536
0.020756 -0.437420 0.672044
0.056883 -0.411565 -0.213780
-0.057376 -0.352623 1.320716
-0.031163 -0.148390 -0.052954
-0.190496 -0.010411 1.032018
-0.115158 0.124301 -0.347829
-0.238639 0.218296 1.541597
-0.061181 0.385071 -0.028493
-0.162091 0.414278 1.123986
0.038578 0.572252 -0.036371
0.014722 0.548099 1.348288
0.159266 0.670645 -0.058751
0.152170 0.627196 0.441147
0.150880 0.745652 -0.115266
0.069253 0.785090 0.137393
-0.045437 0.933641 0.007866
-0.109160 1.289019 -0.132750
-0.122278 1.688694 -0.131811
-0.138342 2.033310 0.108597
-0.065890 1.936252 -0.010975
-0.103189 1.787899 0.135368
-0.105305 -0.188306 0.319565
-0.143842 -0.135754 0.341233
-0.078621 -0.241895 0.094132
0.001793 -0.332752 0.487489
0.008011 -0.237346 -0.031891
0.054566 -0.278814 0.383408
0.141715 -0.215086 -0.413478
0.249009 -0.238345 0.630497
0.305623 -0.178548 -0.267374
0.275299 -0.237177 0.427792
0.333917 -0.260756 -0.559200
0.255733 -0.242946 0.869608
0.210188 -0.197735 -0.227512
0.055087 -0.121685 0.712125
0.153895 -0.054596 -0.405774
0.068345 0.087401 1.356655
0.115940 0.190369 -0.256690
-0.014530 0.326343 1.063876
0.095668 0.442694 -0.417008
0.055932 0.560535 1.614089
0.199773 0.603031 0.072133
0.238689 0.698043 0.759778
0.295070 0.592098 -0.204514
0.179357 0.722662 0.580836
0.149854 0.600523 0.022789
0.024454 1.588736 -0.008345
-0.057030 2.237583 -0.818104
-0.252037 2.394361 0.020375
-0.244861 2.757285 -0.577217
-0.106369 2.571291 -0.007744
-0.080587 2.464657 -0.250611
-0.146341 2.157930 -0.094661
0.121121 -0.186742 0.120283
0.101648 -0.194358 0.185248
0.052627 -0.391586 0.237385
0.104035 -0.443299 0.423015
0.170463 -0.388545 -0.328257
0.201479 -0.336757 0.670281
0.283462 -0.210543 -0.206253
0.414166 -0.270599 0.571287
0.518062 -0.403022 -0.993114
0.533140 -0.348432 1.168832
0.653752 -0.426644 -0.448061
0.537357 -0.359914 0.825318
0.520465 -0.425225 -0.880218
0.299391 -0.238892 1.551018
0.373440 -0.097406 -0.443529
0.205968 0.029273 1.131098
0.234683 0.204370 -0.920112
0.152585 0.326769 1.755726
0.402953 0.406809 -0.238600
0.373352 0.413115 1.201940
0.498626 0.546079 -0.613747
0.358228 0.575952 1.583882
0.491404 0.610502 -0.044541
0.457312 0.575171 0.547393
0.438969 0.684673 -0.219574
0.273029 0.695304 0.207966
0.051821 0.758731 -0.036030
-0.037853 1.012485 -0.129264
-0.113305 1.325662 -0.125341
-0.144683 1.591212 -0.061383
-0.165359 1.588089 -0.252794
-0.201448 1.546713 -0.045721
0.115089 -0.149529 0.134595
0.096023 -0.137469 0.082232
0.172521 -0.233757 -0.068464
0.303047 -0.294441 0.216390
0.381552 -0.268306 -0.218404
0.433441 -0.266131 0.248079
0.537374 -0.225218 -0.495638
0.584691 -0.211086 0.533115
0.701288 -0.323101 -0.458293
0.690139 -0.252797 0.469957
0.792004 -0.319311 -0.499404
0.661323 -0.203359 0.777237
0.711526 -0.263718 -0.382803
0.520333 -0.102265 0.756872
0.589787 -0.116960 -0.387598
0.466427 0.066156 1.007328
0.540393 0.111947 -0.312816
0.425348 0.250982 1.082204
0.604335 0.327855 -0.210786
0.514892 0.463470 1.022566
0.565706 0.502124 -0.220479
0.482288 0.629657 0.881752
0.525246 0.604450 -0.071540
0.405979 0.683520 0.375514
0.298199 0.747660 -0.317569
0.155350 1.088863 0.265803
0.003512 1.621067 -0.614841
-0.090032 1.771390 0.188144
-0.150300 2.059955 -0.776979
-0.150766 1.922720 -0.156584
-0.137324 1.908418 -0.333639
-0.203295 1.676775 -0.096712
0.366573 -0.164519 -0.064346
0.524884 -0.122820 -0.046875
0.493104 -0.384039 -0.095530
0.578986 -0.395415 -0.038474
0.617607 -0.488923 -0.465721
0.652563 -0.314697 0.281919
0.685004 -0.417130 -0.496954
0.710814 -0.345266 0.174678
0.769359 -0.509591 -0.715892
0.760839 -0.376879 0.727862
0.834784 -0.502290 -0.457409
0.852645 -0.341913 0.614268
0.847897 -0.368982 -0.437128
0.758646 -0.180301 1.112073
0.855206 -0.144535 -0.474045
0.741549 0.036640 0.796208
0.744624 0.093559 -0.254980
0.635642 0.199575 1.099370
0.772885 0.266751 -0.422335
0.737177 0.385865 0.786594
0.776680 0.392748 -0.182489
0.667740 0.495295 0.883204
0.698882 0.464817 -0.096647
0.683937 0.508932 0.385317
0.572399 0.538410 -0.042341
0.409255 0.615004 0.199401
0.228675 0.646552 0.010998
0.093656 0.762086 -0.066129
-0.050901 0.832042 -0.222757
-0.203809 1.082283 -0.186702
-0.243116 1.025110 -0.107159
-0.203196 1.141122 -0.073703
0.551275 -0.247113 0.028629
0.593253 -0.176568 0.056621
0.668455 -0.329096 -0.459538
0.724790 -0.289528 0.321734
0.810439 -0.474411 -0.657224
0.768600 -0.260396 0.191452
0.774844 -0.436318 -1.266116
0.819896 -0.207839 0.708073
0.912919 -0.425773 -0.794543
0.934883 -0.253861 0.536178
0.938211 -0.331945 -0.842676
1.012495 -0.196011 0.654373
1.044462 -0.229154 -0.226164
0.938200 -0.097195 0.627634
1.005004 -0.098245 -0.360608
1.059925 0.064984 0.666687
1.072309 0.043496 -0.060094
0.932046 0.168216 0.683105
0.889411 0.148976 -0.273019
0.910057 0.340327 0.616226
0.855359 0.300780 0.000240
0.795180 0.459743 0.442533
0.656832 0.395672 -0.166790
0.663606 0.488858 0.320507
0.534042 0.490237 -0.041736
0.468655 0.714582 0.105334
0.308034 1.026927 -0.806609
0.156093 1.176463 -0.127346
-0.005978 1.496036 -0.551123
0.034598 1.372890 -0.140854
0.015900 1.380811 -0.320276
-0.071779 1.204896 -0.177059
0.732500 -0.298294 -0.155312
0.880159 -0.282914 0.166936
0.914700 -0.581350 -0.357759
0.962001 -0.568105 0.139729
0.941511 -0.784590 -1.330260
0.914179 -0.425589 0.631089
1.034029 -0.685540 -1.044373
0.957753 -0.420581 0.379386
0.974545 -0.751933 -1.800865
0.963484 -0.329568 0.946618
1.243389 -0.544163 -0.733229
1.251763 -0.282555 0.567597
1.223358 -0.337832 -0.819596
1.214672 -0.108830 0.987375
1.382016 -0.136650 -0.137152
1.390604 -0.007223 0.550597
1.324902 0.021251 -0.290483
1.219277 0.134358 0.756897
1.273984 0.109308 -0.070396
1.309434 0.262344 0.478753
1.126968 0.286576 -0.236018
0.960652 0.398026 0.534141
0.898889 0.401313 0.050520
0.898648 0.477737 0.253733
0.747172 0.543731 -0.168353
0.619633 0.597168 0.117082
0.479517 0.620669 0.050838
0.280781 0.694223 0.060746
0.089225 0.706115 0.048547
-0.055293 0.784813 -0.013465
-0.088645 0.844539 0.000221
-0.031219 0.836875 -0.065858
0.592151 -0.381504 -0.011000
0.775777 -0.242418 0.129052
0.786097 -0.339086 -0.188564
0.841707 -0.333583 0.138728
0.812519 -0.449313 -0.453585
0.861661 -0.255702 -0.093544
0.803588 -0.260781 -0.464250
0.898463 -0.096243 0.179956
0.956648 -0.249043 -0.496872
1.091689 -0.050921 0.181470
1.141836 -0.095161 -0.151960
1.299435 0.009502 0.432342
1.413936 -0.040286 -0.169561
1.518611 0.066006 0.217240
1.524793 0.070586 -0.070441
1.530194 0.154446 0.446482
1.606950 0.135902 -0.209222
1.610232 0.198808 0.190142
1.573689 0.253304 -0.067610
1.514920 0.363908 0.433959
1.494396 0.373283 -0.251057
1.429442 0.432839 0.144836
1.266917 0.496596 0.014203
1.103594 0.529064 0.228270
0.868776 0.540141 -0.137561
0.691831 0.591956 0.197026
0.509968 0.700488 -0.054355
0.407625 0.744766 0.142648
0.291077 0.916712 -0.334550
0.251335 0.886760 0.002031
0.151542 0.818513 0.011829
0.054117 0.781635 -0.078845
0.755665 -0.405908 0.195799
0.849136 -0.396285 0.368478
0.894921 -0.510472 0.295136
0.941557 -0.451275 0.041116
0.910074 -0.509851 0.022362
0.887745 -0.364787 0.215694
0.949106 -0.347635 -0.042417
0.994759 -0.163404 0.029862
1.021866 -0.217376 -0.060295
1.117552 -0.146236 0.275733
1.266568 -0.198813 -0.156622
1.444125 -0.136279 0.290389
1.452064 -0.134501 0.099349
1.471417 -0.115092 0.632308
1.575954 -0.104967 -0.026642
1.650768 -0.047057 0.402522
1.588281 0.015530 0.164757
1.516107 0.043832 0.594300
1.573600 0.048819 -0.029603
1.566611 0.157957 0.355802
1.481453 0.247802 0.108511
1.343989 0.322449 0.418126
1.321760 0.341371 0.002926
1.199877 0.429110 0.198958
1.114571 0.432224 0.048864
0.861915 0.481807 0.162370
0.722600 0.496684 0.026989
0.514144 0.588450 0.105751
0.344467 0.636432 0.017468
0.150841 0.720925 0.126762
0.126978 0.675268 0.194018
0.064221 0.648654 0.158904
0.619982 -0.393364 0.204751
0.831232 -0.354548 0.127589
0.876652 -0.310711 -0.187156
0.931306 -0.286944 0.113774
0.891785 -0.266920 0.023808
0.886050 -0.186871 0.016003
0.823533 -0.115869 -0.183865
0.882122 -0.027070 0.095197
0.923841 0.009428 -0.041570
1.059352 0.022331 0.110318
1.096646 0.003664 -0.096409
1.252985 0.043825 0.347681
1.305460 0.024116 0.060029
1.429461 0.032738 0.235955
1.391304 0.014217 -0.117026
1.471229 0.108398 0.302574
1.479911 0.097528 0.020622
1.584177 0.133046 0.143378
1.500453 0.138123 -0.180877
1.523049 0.261597 0.232057
1.459525 0.262048 -0.011979
1.506251 0.360469 0.083108
1.335848 0.377042 -0.108705
1.266462 0.476374 0.144741
1.064584 0.454014 0.120747
1.002747 0.524705 0.089160
0.742141 0.521152 -0.082339
0.617394 0.589607 0.118134
0.393208 0.633487 0.061732
0.327282 0.693081 0.137341
0.186920 0.627346 0.064044
0.113892 0.645290 -0.108755
0.711823 -0.315768 0.233545
0.752000 -0.308346 0.525485
0.884180 -0.300480 0.356875
0.870556 -0.248754 0.333985
0.882089 -0.155249 0.040484
0.869099 -0.064614 0.198962
0.876907 0.001847 0.063236
0.881892 0.080135 0.089239
0.921027 0.134099 -0.044654
0.955405 0.130181 0.173247
1.096363 0.079358 0.097466
1.158570 0.072051 0.286448
1.225561 0.066181 0.155537
1.205007 0.055787 0.490469
1.362092 0.075218 0.262469
1.355162 0.086432 0.354861
1.391943 0.138436 0.179666
1.279076 0.130396 0.476356
1.406899 0.174960 0.237999
1.352531 0.207975 0.289002
1.359404 0.313375 0.116797
1.199866 0.367216 0.363475
1.260408 0.419340 0.195189
1.092592 0.460959 0.190839
1.050619 0.514013 0.146528
0.794420 0.545157 0.268660
0.785201 0.545080 0.147202
0.544143 0.612121 0.084024
0.413583 0.640149 0.138199
0.275816 0.641985 0.180100
0.205548 0.647114 0.254003
0.207237 0.568130 0.135461
