0.461432 -0.555917 -0.442016
0.508737 -0.451214 -0.093651
0.419895 -0.394664 0.106029
0.237054 0.084107 -0.249013
0.405310 -0.541149 0.174381
0.499651 0.291811 -0.189540
0.266171 -0.230313 0.152685
0.188956 0.138276 -0.099851
0.533607 0.112717 0.015365
0.256944 0.169613 -0.007326
0.103236 0.056149 0.115736
0.334962 -0.038662 0.014245
-0.082406 0.195716 0.313159
0.380726 -0.237475 0.627993
-0.073945 0.089966 0.130209
0.499896 -0.792169 -0.071273
0.272251 -0.553049 -0.326146
0.478608 -0.700682 0.015964
0.115198 0.081339 -0.165185
-0.126769 0.144067 -0.436599
0.544541 -0.532330 -0.072659
0.347036 0.258776 -0.118936
0.485218 0.075684 -0.278312
0.084796 -0.133785 -0.429481
0.087669 -0.210405 0.395932
0.414840 -0.395978 0.323313
-0.087066 0.262664 -0.127302
0.620090 -0.663156 0.069107
-0.418163 0.136881 -0.104804
0.333228 -0.421716 -0.110137
-0.419717 0.082406 -0.558982
0.247899 -0.084122 -0.256494
0.394337 0.092998 -0.348145
0.381972 -0.204544 -0.292387
0.453255 -0.031224 -0.198578
0.476107 0.008974 -0.149997
0.518809 -0.567948 -0.009114
0.261412 0.005804 -0.308234
0.401698 -0.177969 0.231523
0.045117 0.114730 -0.330023
0.098734 -0.021271 0.050500
0.305865 0.027955 0.056297
0.239509 -0.318118 0.247125
0.141872 -0.459555 -0.523205
0.066432 -0.105375 -0.323044
0.322589 -0.467912 -0.291518
-0.295763 -0.495737 0.258425
0.488179 -0.055542 0.204937
-0.036977 0.070718 -0.336935
0.511108 -0.451521 0.345633
0.398844 -0.596268 0.188396
0.289456 0.069415 -0.101921
0.317911 0.053482 -0.123053
0.041745 -0.241195 0.662741
0.032694 -0.214943 0.280255
0.514422 -0.507701 -0.045745
0.428426 -0.443692 -0.232865
0.290214 0.141437 -0.044456
-0.452893 0.294276 -0.371714
0.467238 0.045903 -0.048140
-0.273935 -0.081120 -0.456127
0.065949 0.335106 -0.367325
-0.102934 -0.477344 0.152679
0.329824 -0.414706 0.048630
0.154317 -0.390283 -0.224319
0.284775 -0.394996 -0.428078
-0.030906 0.009106 0.181307
0.203258 -0.277032 0.347777
0.026306 0.312183 0.111509
-0.220891 0.097809 0.634415
0.361570 0.061527 -0.251100
0.434412 -0.004782 -0.301967
-0.207002 -0.183529 0.320772
0.524689 -0.339977 0.212086
0.456017 0.226111 -0.283534
0.351872 -0.188279 -0.201017
0.306214 -0.224445 0.278314
0.415802 -0.348699 -0.172067
0.309670 -0.291722 0.219298
0.355926 0.125547 -0.165715
0.391514 -0.481910 -0.013890
-0.253014 -0.286137 0.126875
0.421460 -0.090461 -0.081830
-0.473539 -0.063304 0.265039
0.310554 -0.585880 -0.196533
0.021518 -0.132320 -0.358173
0.451235 -0.496350 -0.175864
0.482141 -0.406792 -0.249650
-0.140899 0.176324 -0.159664
0.389347 -0.297819 -0.227707
-0.448062 -0.348561 0.161211
0.431859 -0.581003 -0.089851
0.119079 0.063812 0.472072
-0.152303 -0.126850 0.217498
0.465093 -0.136562 0.001724
0.478711 -0.262605 0.202972
0.163207 -0.612429 0.074758
0.324021 0.075590 -0.474956
0.396438 -0.408390 0.051052
-0.044955 -0.280713 -0.434442
-0.255988 -0.088302 0.198977
0.079704 0.132761 0.009305
0.436542 -0.347814 -0.390072
0.119101 -0.429162 0.557159
0.257199 -0.191697 -0.386787
0.297839 0.366152 -0.368681
-0.088247 0.241132 -0.036527
0.046084 0.138640 -0.207227
0.341891 -0.133253 0.073528
0.263421 -0.124745 -0.391938
-0.268640 0.215676 0.027626
0.337726 -0.361785 -0.233850
0.481188 -0.491657 0.160287
0.405577 0.005112 -0.050446
0.469214 -0.511985 -0.111910
-0.491397 -0.174816 -0.450735
0.104303 -0.526480 0.324178
0.431830 -0.115958 -0.204107
0.426899 -0.015218 -0.386502
-0.261030 0.141283 -0.284913
0.399127 -0.355606 0.058910
0.452276 -0.424414 0.126302
0.322728 -0.642066 -0.515030
0.408128 0.055961 -0.084780
0.437093 -0.117031 -0.122507
0.436729 0.067134 -0.103766
0.342386 -0.022643 -0.255701
0.266742 0.061258 0.052145
0.423426 -0.706090 -0.063199
-0.483370 -0.037967 -0.314413
0.448755 0.002066 -0.182715
0.062028 -0.731083 -0.392865
-0.144216 0.148910 -0.233790
0.387444 0.097625 -0.010243
-0.248984 -0.354998 -0.491171
0.403459 -0.361923 0.299999
0.362494 0.041096 -0.079009
0.081126 0.100694 0.053283
-0.190819 -0.330606 -0.397132
0.048711 0.381615 -0.249834
0.562367 -0.519255 -0.616870
-0.171483 0.096741 -0.274486
-0.231898 -0.346739 0.435520
0.078745 -0.008206 -0.347074
0.261635 -0.182831 0.295307
0.459590 -0.319367 0.027341
-0.164654 -0.202474 -0.374323
-0.048719 -0.191946 0.341640
-0.165125 0.189335 0.083468
0.309973 0.120527 -0.208059
0.480493 -0.386228 -0.190778
0.454707 0.258743 -0.274825
0.293229 -0.009070 -0.193859
0.275206 -0.273254 -0.669186
0.001629 -0.376480 -0.592819
0.211439 -0.084505 0.159884
0.348630 0.030556 -0.148545
-0.237123 0.185175 -0.173056
0.432362 -0.747891 -0.272614
-0.098054 -0.137523 0.310534
-0.642039 -0.430749 -0.468311
0.349491 -0.070685 -0.334315
0.440791 -0.026660 -0.121536
0.287032 -0.016460 0.176957
0.405788 0.025150 -0.244278
0.465324 0.102424 -0.238936
0.416909 -0.321753 -0.120072
0.348269 -0.029313 -0.203591
0.392000 0.016690 -0.141205
0.028400 -0.363013 -0.379355
0.459346 0.106423 -0.299503
-0.113880 -0.019758 0.192193
0.093311 -0.087970 0.293285
0.409955 0.136735 -0.150773
0.444318 -0.217801 -0.373143
0.294583 0.087192 0.031150
0.492229 0.064396 0.001201
0.451488 -0.405292 -0.256795
0.201214 -0.536935 -0.068432
0.432652 -0.296609 0.151572
0.441640 0.137799 -0.042281
0.183387 0.079155 -0.026061
0.383082 0.092936 -0.147800
0.481354 0.025708 -0.242608
0.194873 -0.263760 -0.018149
0.476436 -0.435410 -0.115072
0.346843 0.095980 -0.061094
-0.300083 0.028889 -0.308246
0.416635 -0.308123 0.107614
0.091548 -0.021910 -0.345968
0.042033 0.100854 -0.620755
0.432573 0.037138 -0.200560
0.513334 -0.701309 -0.345280
0.156662 0.165901 -0.467067
-0.245437 -0.089689 0.269982
0.428313 -0.208109 -0.065367
0.489000 -0.598585 -0.265205
0.394141 -0.450713 -0.023223
-0.102475 -0.583732 -0.061115
0.466176 -0.082413 -0.359752
0.439485 0.096981 -0.132092
0.105208 0.277994 -0.086817
0.433327 0.081263 -0.179100
-0.015928 -0.081829 0.230191
0.491409 -0.753288 -0.176994
0.416719 0.106917 0.033968
-0.177121 -0.019974 -0.286009
0.424599 -0.079021 0.053093
-0.099083 -0.272259 0.286504
0.514420 -0.592651 -0.184809
0.353175 0.204212 -0.194701
0.424904 0.060414 -0.127216
0.375054 0.118061 -0.245927
0.297432 0.017694 0.093262
-0.188040 0.180910 0.240638
-0.036258 -0.487196 -0.345266
0.048233 0.027504 -0.232904
0.353977 -0.107904 -0.250221
-0.105732 -0.013487 -0.384927
0.428570 -0.045457 0.062776
-0.146847 -0.088206 -0.456129
-0.231518 0.102494 0.080787
-0.632815 0.016214 -0.430318
0.141839 -0.405214 0.183923
-0.324484 -0.220142 0.458812
0.458073 -0.349450 0.104898
0.145006 -0.760184 -0.198575
-0.472494 -0.161426 -0.601824
0.543411 -0.578454 0.217896
0.284233 -0.755939 -0.323091
0.394222 0.077056 -0.017876
0.505655 -0.254510 -0.511083
-0.260199 -0.617569 -0.217245
-0.123276 -0.067985 -0.411203
0.158800 -0.323167 -0.316235
0.462906 0.036752 -0.307314
-0.038720 -0.569944 0.194670
0.240197 0.091976 -0.032322
-0.215831 -0.300416 -0.260650
-0.131679 0.093267 -0.168858
0.269612 -0.066603 -0.277951
-0.217252 -0.366483 0.247599
0.318566 -0.638269 -0.017659
0.297007 0.111228 0.081041
-0.385164 -0.470246 -0.394855
0.118730 0.022574 0.232481
-0.353587 0.038025 0.174029
0.435028 -0.397992 -0.053561
0.080626 -0.193859 -0.319244
-0.456084 -0.567795 -0.285729
-0.175739 -0.527404 -0.459512
0.454139 -0.619118 -0.129518
-0.096317 -0.628968 -0.268894
-0.113898 0.234170 -0.019122
0.169901 0.216294 -0.270647
-0.044754 -0.354356 0.168433
0.077199 -0.538541 -0.184870
0.023421 -0.513430 0.175768
0.039041 -0.462941 -0.324518
0.074990 -0.399651 0.282195
0.031039 -0.390291 -0.146271
0.040296 -0.369206 0.327519
0.094061 -0.344517 -0.373399
0.097340 -0.275204 0.486476
0.021372 -0.357131 -0.261875
-0.004151 -0.335835 0.347386
-0.013104 -0.373463 -0.564233
-0.131603 -0.240197 0.533465
-0.379278 -0.356241 -0.464441
-0.438699 -0.222712 0.211632
-0.445524 -0.294093 -0.844761
-0.465834 -0.126843 0.241368
-0.533373 -0.223462 -0.660523
-0.463399 -0.140763 -0.095363
-0.344218 -0.266738 -0.831608
-0.359471 -0.190646 0.108017
-0.439379 -0.258419 -0.634099
-0.404908 -0.190447 -0.064956
-0.306846 -0.222986 -0.707158
-0.263794 -0.165977 0.171459
-0.347666 -0.170396 -0.405206
-0.336318 -0.134766 0.063281
-0.282825 -0.173491 -0.449775
-0.215961 -0.097628 0.271939
-0.261347 -0.119161 -0.228256
-0.241683 -0.043148 0.197758
-0.202382 0.025052 -0.183812
-0.079093 0.152115 0.014576
-0.174963 -0.526063 -0.289821
-0.117340 -0.588210 -0.085567
-0.173618 -0.643011 -0.045485
-0.065190 -0.590201 0.207452
-0.036767 -0.542324 -0.212913
0.020240 -0.458460 0.401268
-0.023379 -0.484703 0.072500
0.006248 -0.416225 0.359773
0.015271 -0.470338 -0.270548
-0.002068 -0.352055 0.533421
-0.177290 -0.511002 -0.055449
-0.226914 -0.367921 0.334340
-0.440975 -0.435562 -0.597487
-0.531220 -0.266282 0.353135
-0.719680 -0.412725 -0.426958
-0.667307 -0.245496 -0.110394
-0.654997 -0.325850 -0.802958
-0.607206 -0.233607 -0.052079
-0.623343 -0.430022 -0.692233
-0.516319 -0.354835 -0.307154
-0.485116 -0.466213 -0.884165
-0.489271 -0.361021 -0.007407
-0.566123 -0.471323 -0.510408
-0.532554 -0.358651 -0.069868
-0.441192 -0.377985 -0.642374
-0.362858 -0.261875 0.186177
-0.435566 -0.374042 -0.265646
-0.345892 -0.311432 0.204157
-0.311865 -0.319972 -0.344979
-0.245569 -0.263283 0.297397
-0.289704 -0.260319 0.099093
-0.149837 -0.054917 0.254157
-0.175759 -0.500035 -0.002570
-0.276327 -0.574886 0.125651
-0.314366 -0.596126 -0.165109
-0.245129 -0.545198 0.269147
-0.259386 -0.509901 0.009166
-0.247743 -0.459408 0.142341
-0.324774 -0.463800 -0.181486
-0.268906 -0.378984 0.316923
-0.365091 -0.428160 -0.006961
-0.251879 -0.325430 -0.018458
-0.528618 -0.417733 -0.261046
-0.568624 -0.306993 0.020360
-0.972383 -0.377084 -0.054438
-0.877785 -0.204153 -0.332343
-1.237197 -0.246908 -0.446062
-1.112607 -0.123895 -0.350442
-1.243210 -0.110348 -0.324432
-0.993427 -0.090103 -0.545883
-1.074266 -0.128295 -0.561807
-0.930905 -0.106680 -0.389472
-0.980530 -0.125309 -0.396488
-0.774644 -0.158613 -0.513169
-0.767076 -0.150453 -0.618191
-0.661503 -0.121553 -0.229075
-0.723532 -0.127120 -0.326745
-0.540560 -0.108041 -0.195124
-0.634169 -0.105961 -0.351535
-0.544579 -0.037521 0.013089
-0.645431 -0.019666 -0.016337
-0.568829 -0.019982 0.057290
-0.622187 -0.015883 -0.041492
-0.364122 0.077428 -0.164459
-0.241197 -0.540024 -0.212546
-0.297123 -0.585279 0.009208
-0.331472 -0.673064 -0.058019
-0.313725 -0.606519 0.150901
-0.281309 -0.614248 -0.296956
-0.283881 -0.505440 0.335846
-0.356166 -0.567736 -0.033505
-0.352397 -0.488463 0.208404
-0.397822 -0.535973 -0.273910
-0.484810 -0.436976 0.368725
-0.703225 -0.536787 -0.054660
-0.804436 -0.444663 0.033046
-1.041699 -0.501406 -0.402442
-1.125894 -0.378204 0.017997
-1.335545 -0.412431 -0.265549
-1.257055 -0.265516 -0.261991
-1.223752 -0.229410 -0.602263
-1.083317 -0.131658 -0.243366
-1.032492 -0.178473 -0.594698
-0.882195 -0.145985 -0.407692
-0.856406 -0.166655 -0.800366
-0.755371 -0.118938 -0.213447
-0.770415 -0.175338 -0.534843
-0.687968 -0.155935 -0.206015
-0.635199 -0.175420 -0.642899
-0.513478 -0.124915 0.065286
-0.465019 -0.162548 -0.387809
-0.401322 -0.121099 0.111127
-0.404271 -0.085195 -0.289752
-0.384712 -0.070215 0.223393
-0.342291 -0.060377 0.094374
-0.199977 0.032547 0.211538
-0.256103 -0.587483 0.035015
-0.328883 -0.579184 0.166564
-0.388577 -0.658889 -0.079034
-0.383249 -0.557954 0.092795
-0.465024 -0.530168 0.051109
-0.442482 -0.476296 -0.000435
-0.600137 -0.486064 -0.011496
-0.652369 -0.443537 0.065046
-0.847438 -0.474463 0.012765
-0.799303 -0.455833 -0.092069
-1.103516 -0.520675 -0.225447
-1.165032 -0.487846 -0.046767
-1.550156 -0.463148 -0.174992
-1.489447 -0.357156 -0.284941
-1.742826 -0.231099 -0.536317
-1.579394 -0.138311 -0.297987
-1.642772 -0.012994 -0.428305
-1.364996 -0.003281 -0.459536
-1.391365 0.089595 -0.604869
-1.149981 0.069455 -0.443651
-1.131002 0.105633 -0.480235
-0.901285 0.015100 -0.472812
-0.871015 0.096551 -0.544491
-0.738694 0.078040 -0.378058
-0.724579 0.144451 -0.342174
-0.599476 0.072056 -0.240239
-0.509121 0.147242 -0.317179
-0.425895 0.197113 -0.042025
-0.459270 0.236336 -0.103405
-0.465867 0.158573 0.036772
-0.467602 0.130596 0.015753
-0.298935 0.146595 -0.065246
-0.314388 -0.648429 -0.104372
-0.416229 -0.705990 0.060843
-0.428658 -0.841540 0.082546
-0.467122 -0.758582 0.078305
-0.490298 -0.781025 -0.110958
-0.590435 -0.677924 0.173044
-0.705729 -0.751085 0.043348
-0.842092 -0.688688 0.112609
-0.932932 -0.717732 -0.122665
-1.059342 -0.603927 0.254077
-1.174960 -0.688661 -0.097571
-1.321396 -0.612269 0.015013
-1.513025 -0.624613 -0.522144
-1.576877 -0.458189 0.114976
-1.665726 -0.402665 -0.472517
-1.579635 -0.212586 -0.156783
-1.506658 -0.113117 -0.640306
-1.336687 -0.016273 -0.213904
-1.191963 0.011759 -0.607122
-1.002996 0.011269 -0.354193
-0.932034 0.008458 -0.685506
-0.847207 0.031292 -0.264612
-0.840400 0.024566 -0.463341
-0.747020 0.036516 -0.256488
-0.661428 0.061646 -0.481029
-0.578349 0.061052 -0.059938
-0.556686 0.048970 -0.211641
-0.488516 0.041604 0.014962
-0.442515 0.066579 -0.175987
-0.467906 0.066568 0.124152
-0.423204 0.039074 0.118226
-0.311747 0.095206 0.193672
-0.235821 -0.653815 0.107186
-0.310631 -0.628156 0.142341
-0.383279 -0.731067 -0.045655
-0.404211 -0.618051 0.241604
-0.517769 -0.623965 0.041690
-0.526619 -0.535621 0.118972
-0.582940 -0.594271 -0.133642
-0.622922 -0.528169 0.300382
-0.788602 -0.563395 -0.057184
-0.820450 -0.527615 0.301979
-1.012258 -0.575726 -0.357992
-1.098739 -0.475454 0.373119
-1.373784 -0.447275 -0.504815
-1.435411 -0.268090 0.094431
-1.652925 -0.238500 -0.747699
-1.545015 -0.072462 0.055516
-1.567306 0.013169 -0.623057
-1.379729 0.081333 -0.145584
-1.320707 0.119438 -0.764935
-1.076414 0.134326 -0.103900
-0.997683 0.158459 -0.605286
-0.795690 0.146048 -0.298361
-0.760159 0.217068 -0.655103
-0.692688 0.248401 -0.210974
-0.736942 0.347516 -0.405205
-0.642743 0.345061 -0.254574
-0.656868 0.408194 -0.488771
-0.564528 0.425889 -0.116868
-0.586673 0.478202 -0.153096
-0.527048 0.316921 -0.083030
-0.541408 0.261312 -0.046620
-0.398156 0.191890 -0.124554
-0.354008 -0.816455 -0.021484
-0.407191 -0.962993 0.118439
-0.506708 -1.146490 0.116787
-0.498237 -1.075229 0.260912
-0.514660 -1.102948 -0.211548
-0.472605 -0.875123 0.472432
-0.605152 -0.918468 0.024739
-0.645608 -0.779896 0.287881
-0.684879 -0.773375 -0.305908
-0.700733 -0.543014 0.762655
-0.814734 -0.584548 -0.291520
-0.869645 -0.468580 0.599227
-1.051858 -0.518382 -0.712781
-1.164085 -0.342088 0.687086
-1.305952 -0.359084 -0.751275
-1.334724 -0.166564 0.301379
-1.299399 -0.118310 -0.874418
-1.144416 -0.006115 0.161727
-1.059632 -0.061551 -0.743667
-0.879150 -0.004772 -0.088345
-0.849259 0.009297 -0.800746
-0.680545 0.080522 -0.145996
-0.658261 0.068215 -0.583856
-0.586214 0.126289 -0.220533
-0.574511 0.204294 -0.582754
-0.530521 0.263359 -0.119838
-0.560624 0.238033 -0.330299
-0.528335 0.238134 -0.106988
-0.488330 0.229702 -0.306713
-0.501315 0.159329 -0.002371
-0.446557 0.065627 -0.038628
-0.331587 0.075589 0.049612
-0.235927 -0.721765 0.202398
-0.274207 -0.682693 0.150200
-0.317343 -0.841704 0.083349
-0.308070 -0.683955 0.274046
-0.395374 -0.665906 0.149640
-0.385095 -0.552424 0.218381
-0.387406 -0.622662 -0.006443
-0.428711 -0.543056 0.410297
-0.511959 -0.549349 0.090583
-0.569947 -0.434137 0.484584
-0.709479 -0.477782 -0.136608
-0.827687 -0.351310 0.658997
-1.025183 -0.343541 -0.329657
-1.060880 -0.197461 0.327117
-1.242030 -0.180641 -0.575822
-1.241583 -0.085928 0.177594
-1.298408 -0.045294 -0.464076
-1.129452 0.017723 -0.045170
-1.130261 0.021233 -0.622515
-0.915424 0.083315 -0.225511
-0.822097 0.123994 -0.532019
-0.590627 0.207782 -0.322737
-0.619765 0.306433 -0.534937
-0.582364 0.378088 -0.375891
-0.567046 0.515240 -0.367869
-0.544733 0.570973 -0.213682
-0.640294 0.670936 -0.436885
-0.601252 0.668552 -0.268622
-0.539578 0.671493 -0.300559
-0.509164 0.520445 -0.073854
-0.532366 0.429406 -0.121652
-0.429140 0.298919 -0.104916
-0.207689 -0.827752 0.042459
-0.200790 -0.937816 0.126810
-0.258217 -1.097039 0.176682
-0.268309 -1.041871 0.286873
-0.285767 -1.095412 -0.137057
-0.231964 -0.968823 0.617292
-0.234947 -0.871373 0.106380
-0.286129 -0.706160 0.458187
-0.284532 -0.726189 -0.194233
-0.368039 -0.562700 1.097688
-0.356285 -0.505010 0.039380
-0.430439 -0.470815 0.913563
-0.473899 -0.469481 -0.338808
-0.607623 -0.340308 1.098900
-0.716664 -0.289657 -0.400075
-0.855285 -0.208445 0.504695
-0.881629 -0.220056 -0.701999
-0.859785 -0.105151 0.333069
-0.840974 -0.111578 -0.581377
-0.758893 -0.102378 -0.172840
-0.681299 -0.120893 -0.668715
-0.511943 -0.093013 -0.124582
-0.469490 -0.052822 -0.406789
-0.428562 -0.084559 -0.296019
-0.420655 0.079070 -0.393926
-0.429250 0.133052 -0.238841
-0.493978 0.210986 -0.171494
-0.535171 0.264792 -0.252908
-0.501967 0.257627 -0.259278
-0.509474 0.199442 -0.185585
-0.464913 0.128979 -0.049985
-0.400192 0.130953 -0.009283
-0.128706 -0.651435 0.169572
-0.185557 -0.598836 0.294837
-0.162708 -0.711061 0.009636
-0.137910 -0.547179 0.422680
-0.202263 -0.463833 0.124226
-0.221287 -0.372219 0.312491
-0.112439 -0.435383 -0.072538
-0.102105 -0.340526 0.831435
-0.100038 -0.374544 0.081427
-0.141712 -0.277899 0.734661
-0.145401 -0.330581 -0.229533
-0.157145 -0.228107 1.300525
-0.236857 -0.225304 -0.194750
-0.284597 -0.123924 0.841202
-0.454058 -0.185800 -0.612081
-0.515444 -0.097922 0.982224
-0.693699 -0.073220 -0.419542
-0.637684 0.065776 0.240955
-0.675487 0.049976 -0.876878
-0.591111 0.090926 0.229753
-0.700825 0.124827 -0.693048
-0.537244 0.264910 -0.207227
-0.561469 0.370500 -0.884507
-0.484039 0.453050 -0.049930
-0.560407 0.567052 -0.482552
-0.530487 0.666168 -0.171247
-0.528706 0.834127 -0.690290
-0.424867 0.836977 -0.210008
-0.440084 0.866125 -0.350013
-0.430305 0.664168 -0.194073
-0.434317 0.532282 -0.227187
-0.382017 0.385536 -0.177231
-0.074646 -0.683169 0.025232
-0.049624 -0.711748 0.277633
-0.061293 -0.829860 0.120199
-0.048587 -0.765237 0.442660
-0.052402 -0.752800 -0.201245
-0.049583 -0.585784 0.962854
-0.026634 -0.472350 0.119486
-0.007380 -0.440491 0.771308
0.088790 -0.534895 -0.327855
0.030645 -0.391757 1.721318
0.129483 -0.413318 0.032907
-0.002760 -0.393157 1.486838
0.040090 -0.389528 -0.402732
-0.145562 -0.323778 2.081140
-0.185132 -0.247983 -0.292035
-0.369889 -0.234050 1.417642
-0.413652 -0.184800 -1.105441
-0.397319 -0.031201 1.743666
-0.436799 -0.065175 -0.555381
-0.319179 -0.069545 0.543290
-0.465062 0.011863 -1.019221
-0.299118 0.026678 0.504953
-0.345554 0.001078 -0.520545
-0.271308 0.031792 0.030729
-0.355345 0.190658 -0.698017
-0.287609 0.233890 -0.041701
-0.387278 0.253503 -0.145671
-0.390185 0.243936 -0.058449
-0.398487 0.300218 -0.144425
-0.455027 0.191119 -0.084214
-0.468244 0.147454 -0.058611
-0.337329 0.141553 -0.078139
-0.050122 -0.576325 0.221417
-0.094220 -0.539773 0.252869
-0.055327 -0.619916 0.152164
-0.021238 -0.528378 0.440788
-0.026549 -0.424089 0.264260
-0.026948 -0.364340 0.395142
0.073409 -0.400995 0.085375
0.100883 -0.299649 0.951639
0.220649 -0.328360 0.313932
0.197811 -0.239349 0.842279
0.259351 -0.310205 0.176902
0.207197 -0.178608 1.357735
0.172673 -0.201610 0.147481
0.099452 -0.110994 0.922557
0.012318 -0.187846 0.013330
-0.121496 -0.107433 0.948193
-0.294154 -0.113629 0.229629
-0.294961 -0.013079 0.629066
-0.388949 -0.095148 -0.084880
-0.390453 -0.055247 0.101061
-0.459318 -0.012103 -0.154900
-0.394130 0.094231 0.135664
-0.537206 0.149752 -0.481429
-0.470607 0.251117 -0.022899
-0.506488 0.383909 -0.225007
-0.415363 0.542926 0.158973
-0.442589 0.638049 -0.336429
-0.336395 0.685367 0.069954
-0.307664 0.752314 -0.480787
-0.287058 0.636152 -0.091208
-0.329426 0.537228 -0.082915
-0.298801 0.369018 -0.048939
0.041544 -0.566530 0.093016
0.079479 -0.583490 0.262954
0.105876 -0.649310 0.227669
0.129909 -0.645966 0.397564
0.099411 -0.605189 0.100205
0.105613 -0.543281 0.834667
0.171483 -0.372587 0.315225
0.180656 -0.418251 0.876862
0.280097 -0.436840 0.270721
0.220101 -0.412925 1.790717
0.361335 -0.364293 0.453437
0.303942 -0.435944 1.676831
0.362318 -0.390903 0.435899
0.213063 -0.382402 2.170747
0.248187 -0.194291 0.402531
0.215538 -0.262876 1.469095
0.114301 -0.245069 0.245622
0.017781 -0.225285 1.532044
-0.125062 -0.218710 0.423956
-0.124797 -0.357236 0.477603
-0.205510 -0.270017 -0.055501
-0.195793 -0.333535 0.284917
-0.226648 -0.173088 -0.093970
-0.254404 -0.140557 -0.104059
-0.242089 0.024930 -0.229744
-0.239639 0.033156 -0.006776
-0.275487 0.200238 0.007546
-0.250642 0.234436 -0.100595
-0.247386 0.324616 -0.026623
-0.318470 0.183686 -0.017575
-0.349846 0.183737 0.043054
-0.253147 0.167659 0.089164
0.054350 -0.500797 0.195235
0.045376 -0.489051 0.370864
0.112889 -0.517182 0.095690
0.169324 -0.474322 0.593986
0.220986 -0.353778 0.177417
0.166545 -0.317383 0.683066
0.251348 -0.302085 -0.011948
0.234145 -0.253571 1.385053
0.370408 -0.230422 0.146046
0.335047 -0.158860 1.091752
0.435721 -0.163195 -0.060939
0.328997 -0.119548 1.978268
0.447511 -0.097168 0.063917
0.436194 -0.009460 1.224397
0.506986 -0.081902 -0.173929
0.327430 -0.037349 1.882174
0.260130 -0.100612 0.240993
0.230703 -0.012630 0.660149
0.263128 -0.152025 -0.199520
0.134329 -0.077091 0.592117
-0.053176 -0.084045 -0.123885
-0.124347 -0.048966 0.135318
-0.155682 0.087768 -0.422710
-0.189893 0.119910 0.196832
-0.258171 0.191239 -0.065688
-0.267133 0.251506 0.106992
-0.264126 0.383749 -0.446019
-0.221649 0.400917 0.031643
-0.191710 0.464211 -0.052463
-0.200904 0.361455 0.047671
-0.174208 0.295442 -0.085528
-0.159284 0.273575 -0.058683
0.231436 -0.519503 0.082816
0.242683 -0.540608 0.380266
0.310727 -0.586389 0.212327
0.332944 -0.574143 0.575685
0.366841 -0.526040 0.066771
0.354920 -0.491821 1.145180
0.429896 -0.363509 0.239523
0.381014 -0.398906 1.250315
0.420933 -0.421171 -0.107233
0.340266 -0.421754 2.369017
0.528708 -0.302307 0.235225
0.414841 -0.382848 2.105760
0.458858 -0.329166 -0.337599
0.331411 -0.321623 2.951374
0.589782 -0.097176 0.125314
0.459928 -0.182094 2.077930
0.412948 -0.174262 -0.631803
0.262777 -0.069213 2.406004
0.348025 -0.093980 0.196601
0.289114 -0.143806 1.064245
0.168003 -0.082492 -0.468276
0.124430 -0.029364 0.993835
0.202126 -0.022650 -0.077555
0.119818 -0.012920 0.225143
0.068805 0.104691 -0.280343
-0.021758 0.123603 0.039722
-0.065926 0.208608 0.047561
-0.116293 0.173721 0.027324
-0.148013 0.294644 0.053675
-0.190721 0.221303 -0.056112
-0.197553 0.271087 0.190617
-0.079619 0.225593 0.076989
0.154952 -0.522099 0.254563
0.190423 -0.485677 0.383667
0.258078 -0.515992 0.209803
0.338555 -0.463680 0.544959
0.412747 -0.366540 0.329848
0.411422 -0.354195 0.579645
0.425489 -0.327330 0.271673
0.354246 -0.306913 1.078737
0.451011 -0.289864 0.337880
0.397048 -0.234112 0.971044
0.500805 -0.242979 0.304314
0.326662 -0.198071 1.388068
0.466498 -0.211678 0.345044
0.409206 -0.080695 1.114516
0.606147 -0.163208 0.234899
0.426365 -0.042561 1.283741
0.531659 -0.131616 0.182029
0.467653 0.038735 0.843515
0.585771 -0.134257 0.010024
0.449125 -0.022594 0.649214
0.418237 -0.057322 -0.241323
0.326945 0.082831 0.439888
0.285417 0.067675 -0.198247
0.262949 0.109674 0.175941
0.189878 0.098129 -0.112492
0.146672 0.144479 0.185614
0.020877 0.127968 -0.064755
0.013651 0.171015 -0.003725
-0.007133 0.204841 -0.022538
-0.052809 0.226529 -0.027910
-0.044791 0.207052 0.153710
0.004371 0.262453 0.043338
0.279729 -0.535831 0.162594
0.366588 -0.528923 0.380251
0.413734 -0.573899 0.388288
0.470156 -0.586235 0.431000
0.479234 -0.509548 0.371962
0.487462 -0.524920 0.820732
0.485917 -0.392575 0.531554
0.474928 -0.469793 0.894329
0.497969 -0.389443 0.506747
0.438694 -0.455727 1.574020
0.499898 -0.336378 0.539458
0.490938 -0.418975 1.332889
0.553359 -0.272776 0.682637
0.459278 -0.357875 1.902153
0.552201 -0.143002 0.518740
0.588621 -0.213810 1.267352
0.606061 -0.131151 0.495465
0.516908 -0.140321 1.402414
0.522622 -0.113086 0.204455
0.511025 -0.080928 0.638146
0.488293 -0.042100 0.052707
0.455624 0.036253 0.523653
0.493902 0.048084 -0.106928
0.458438 0.092443 0.158940
0.454158 0.135835 -0.046395
0.350971 0.122562 -0.024011
0.254875 0.168412 -0.035094
0.139046 0.178857 -0.012803
0.037683 0.233343 0.016795
-0.054367 0.195308 -0.119365
-0.082440 0.263527 0.290277
-0.005309 0.248910 -0.004577
0.269933 -0.517974 0.243660
0.331714 -0.469587 0.514900
0.401270 -0.501325 0.117595
0.497081 -0.457642 0.605950
0.519658 -0.336736 0.323869
0.536315 -0.371552 0.529987
0.505356 -0.305898 0.227436
0.542058 -0.336153 0.852725
0.551261 -0.281254 0.428319
0.534611 -0.294333 0.762863
0.524538 -0.287166 0.294140
0.491241 -0.271071 1.145037
0.529883 -0.214448 0.524572
0.525642 -0.146120 0.794385
0.557965 -0.199416 0.310826
0.523383 -0.118111 1.005521
0.590742 -0.126011 0.348465
0.617616 -0.030779 0.555957
0.613998 -0.111480 -0.060143
0.632526 0.010560 0.488020
0.618899 0.029123 -0.016495
0.600402 0.124566 0.208597
0.529253 0.102895 -0.156809
0.581884 0.172338 0.128752
0.495526 0.145881 0.073934
0.517644 0.198032 0.047635
0.434312 0.159470 -0.107137
0.435092 0.198862 -0.076846
0.224281 0.191505 0.109155
0.171461 0.192449 -0.059093
0.177318 0.208754 0.110680
0.174224 0.271602 -0.064981
0.471059 -0.505235 0.205328
0.520660 -0.512648 0.563800
0.596735 -0.567738 0.345773
0.610746 -0.569766 0.668439
0.649901 -0.522766 0.275374
0.671201 -0.532439 0.885676
0.678992 -0.458134 0.399628
0.670503 -0.496091 0.738024
0.652548 -0.459985 0.313367
0.562009 -0.450438 1.154607
0.610909 -0.386716 0.480137
0.584611 -0.429245 0.962888
0.582844 -0.357976 0.251949
0.491546 -0.297998 1.477560
0.578386 -0.152032 0.508807
0.530442 -0.228431 0.993789
0.516067 -0.145745 0.134035
0.486099 -0.093217 1.128831
0.618836 -0.067884 0.247014
0.644193 -0.057340 0.486547
0.596698 -0.014183 -0.073147
0.514231 0.085694 0.526987
0.549569 0.061265 0.047088
0.522824 0.114646 0.092799
0.490555 0.173061 0.025910
0.468954 0.224270 0.068412
0.461760 0.216928 0.099849
0.405601 0.232895 -0.069542
0.274206 0.270541 0.105394
0.135084 0.230507 -0.134072
0.110840 0.264495 0.235794
0.157169 0.278678 -0.040929
0.350881 -0.476750 0.270149
0.487026 -0.405866 0.500598
0.557343 -0.473126 0.258331
0.607518 -0.454870 0.533980
0.611571 -0.401975 0.417298
0.658810 -0.449750 0.432235
0.648662 -0.391341 0.396646
0.655639 -0.422332 0.568328
0.646106 -0.394673 0.356411
0.635936 -0.407271 0.446270
0.626877 -0.372238 0.358002
0.626387 -0.329428 0.671381
0.631351 -0.278054 0.312584
0.645167 -0.231886 0.440719
0.611032 -0.184020 0.306371
0.632447 -0.114968 0.491281
0.706167 -0.054878 0.065918
0.717526 -0.002438 0.212198
0.722975 0.016658 0.089603
0.729227 0.068383 0.250507
0.779456 0.103727 -0.109344
0.787069 0.160735 0.066931
0.734893 0.183312 0.019862
0.740809 0.239225 0.102198
0.712854 0.226261 -0.101717
0.722266 0.284929 0.095381
0.643608 0.296711 0.014607
0.657165 0.370193 -0.023804
0.573327 0.340059 -0.118367
0.523588 0.313426 -0.152751
0.387729 0.258582 0.108741
0.276195 0.276744 -0.070134
0.449229 -0.520877 0.306005
0.461259 -0.525090 0.516233
0.523014 -0.538921 0.602103
0.564871 -0.552081 0.469045
0.611160 -0.562869 0.543255
0.623429 -0.583711 0.679690
0.662044 -0.562254 0.681270
0.712679 -0.571103 0.561199
0.686713 -0.593710 0.553388
0.618899 -0.600201 0.749018
0.643392 -0.600559 0.572898
0.656589 -0.568120 0.585673
0.658071 -0.538902 0.464097
0.585662 -0.471670 0.743949
0.602898 -0.399261 0.524134
0.616828 -0.313012 0.510460
0.603777 -0.248219 0.371874
0.568889 -0.218376 0.483794
0.621341 -0.208990 0.275869
0.661098 -0.147473 0.198315
0.648635 -0.145552 0.148343
0.605378 -0.065256 0.219291
0.629736 -0.080442 0.043840
0.643184 0.016232 -0.022868
0.624551 0.078469 0.097428
0.600699 0.149196 -0.043210
0.585648 0.206146 0.082402
0.516200 0.269055 -0.126673
0.464279 0.298341 0.073429
0.361347 0.258279 -0.192769
0.355201 0.260533 0.223390
0.262521 0.272239 -0.000979
0.219542 -0.479031 0.252740
0.332915 -0.416334 0.471025
0.400298 -0.398898 0.124459
0.465572 -0.407856 0.551571
0.501518 -0.435749 0.432843
0.502794 -0.464316 0.516125
0.476960 -0.472617 0.292678
0.480734 -0.489456 0.525977
0.447220 -0.500342 0.360421
0.513145 -0.532118 0.409092
0.530690 -0.530911 0.183053
0.551678 -0.508416 0.561595
0.518530 -0.457529 0.298474
0.563479 -0.390996 0.401751
0.571793 -0.307358 0.097651
0.584958 -0.248428 0.358959
0.594029 -0.198419 0.106639
0.643936 -0.153430 0.148863
0.643723 -0.126446 -0.102678
0.643098 -0.067345 0.085195
0.644984 -0.052244 -0.041226
0.736739 0.030128 -0.052082
0.719738 0.042720 -0.165418
0.721799 0.123475 0.049178
0.688553 0.106721 0.013173
0.808347 0.192577 -0.078923
0.749307 0.232336 -0.126519
0.774482 0.318632 -0.092054
0.673698 0.262583 0.000542
0.655779 0.231575 -0.125855
0.525699 0.135907 -0.099489
0.358725 0.232263 -0.204910
0.239465 -0.400002 0.246746
0.185839 -0.374353 0.699840
0.274547 -0.370124 0.543244
0.278565 -0.367158 0.760466
0.305442 -0.323027 0.495588
0.291187 -0.344975 0.749090
0.331309 -0.327534 0.587639
0.309612 -0.387216 0.655553
0.362741 -0.390231 0.474979
0.343495 -0.443847 0.693889
0.374976 -0.449596 0.507781
0.315002 -0.459862 0.570045
0.362596 -0.402557 0.387013
0.339488 -0.383673 0.655976
0.410509 -0.301395 0.472629
0.393328 -0.235211 0.513578
0.454410 -0.156081 0.311647
0.442292 -0.123450 0.420068
0.497468 -0.134343 0.231292
0.493667 -0.102957 0.219799
0.532890 -0.093982 0.016166
0.475874 0.002154 0.174620
0.510168 -0.015800 0.028852
0.516881 0.053189 0.031858
0.561754 0.105061 -0.044184
0.557118 0.194375 0.067223
0.612058 0.206021 0.048666
0.603643 0.271240 -0.104430
0.598385 0.307257 -0.019189
0.548056 0.307205 -0.014802
0.548759 0.265432 0.081299
0.463927 0.259343 -0.004156
