0.798963 -0.524833 -0.764746
0.493729 -0.268407 -0.448436
0.425713 -0.318415 0.079770
-0.022511 0.115006 -0.383177
0.153002 -0.574326 0.407531
0.444013 0.454903 -0.049975
-0.003159 -0.259439 0.343514
0.008140 0.367190 -0.014792
0.235603 0.354221 0.045840
0.187207 0.309177 0.033781
-0.097006 0.081591 0.408104
0.207642 -0.095520 0.470069
-0.268809 0.211977 0.493735
0.724994 -0.257222 0.679852
-0.228053 0.122575 0.308765
0.864864 -0.646089 -0.280684
0.283601 -0.376682 -0.445322
0.538561 -0.493025 -0.015497
-0.040495 0.048245 -0.120234
-0.219059 0.207008 -0.499520
0.418382 -0.628964 0.192121
0.177047 0.484328 -0.025565
0.317142 0.157102 -0.285320
0.016917 -0.198087 -0.395718
-0.118330 -0.332808 0.466063
0.454937 -0.261823 0.574827
-0.132994 0.459658 -0.170259
0.587994 -0.648262 0.473026
-0.441616 0.263414 -0.041408
0.143230 -0.354551 -0.580906
-0.339959 0.071663 -0.655454
0.080340 -0.321538 -0.351728
0.147805 0.107679 -0.318383
0.362534 -0.200393 -0.469886
0.386115 -0.128479 -0.337403
0.333838 0.302865 -0.057919
0.716055 -0.378118 -0.254302
0.116744 -0.025339 -0.434578
0.597266 -0.021676 0.612093
-0.188915 0.194096 -0.234084
-0.130749 -0.116828 0.366689
0.106892 0.051695 0.433859
-0.016940 -0.289833 0.417508
0.051083 -0.271129 -0.527746
-0.053752 -0.201315 -0.271386
0.135201 -0.311037 -0.408233
-0.289918 -0.463160 0.298973
0.670331 0.155132 0.711514
-0.138913 0.100118 -0.383169
0.594394 -0.459209 0.688216
0.428828 -0.525886 0.037087
0.157151 0.294960 -0.067502
0.096298 0.206317 0.186621
-0.125317 -0.268857 0.494042
-0.204108 -0.257828 0.399528
0.519142 -0.632264 0.307507
0.708680 -0.386286 -0.565948
0.310051 0.265043 0.337747
-0.428644 0.171887 -0.406047
0.255582 0.049154 -0.160147
-0.304828 -0.082197 -0.401459
-0.232576 0.299644 -0.234959
-0.257191 -0.362397 0.059869
0.022279 -0.303495 0.048297
0.015479 -0.219250 -0.319802
0.448152 -0.362348 -0.528240
-0.196090 0.067434 0.393305
0.033236 -0.218068 0.468301
-0.082099 0.294414 0.356071
-0.407560 0.020482 0.501074
0.264892 0.308550 0.135848
0.288621 -0.108237 -0.459778
-0.341937 -0.276470 0.432396
0.452468 -0.367906 0.645565
0.215024 0.034186 0.233464
0.303617 -0.307573 -0.475208
0.261238 -0.056343 0.553743
0.123877 -0.292850 -0.448948
0.018781 -0.415009 0.420786
0.146626 0.249479 -0.203502
0.234363 -0.286038 -0.259004
-0.284116 -0.311658 0.372813
0.151097 0.143306 -0.094097
-0.602352 0.087038 0.460629
0.211358 -0.339101 -0.441562
0.033110 -0.088341 -0.533617
0.480169 -0.403362 -0.424140
0.627704 -0.411121 -0.489624
-0.279531 0.355037 -0.140027
0.621546 -0.302236 -0.529144
-0.566897 -0.396473 0.338061
0.466821 -0.399772 -0.290603
-0.001293 -0.039187 0.355203
-0.178245 -0.334051 0.368721
0.563749 0.036114 0.600220
0.542858 0.022659 0.713043
-0.049985 -0.400719 -0.185052
0.224277 -0.226197 -0.160543
0.343461 -0.379519 -0.112345
0.013246 -0.169125 -0.518106
-0.232089 -0.167839 0.423959
-0.105926 0.246503 0.087725
0.551712 -0.465295 -0.746268
0.074191 -0.334837 0.332913
0.159487 -0.386993 -0.517259
0.050484 0.191480 0.037596
-0.234727 0.207488 0.096272
-0.178674 0.292393 -0.226880
0.164116 -0.177581 0.340299
0.059873 -0.291130 -0.410763
-0.430891 0.316151 0.201863
0.314510 -0.282765 -0.411532
0.315119 -0.607703 0.438763
0.357969 0.098681 0.475566
0.578783 -0.453066 -0.444672
-0.262980 -0.286251 -0.510846
-0.089508 -0.429063 0.338822
0.194849 -0.406647 -0.392865
0.337824 -0.128148 -0.422779
-0.344836 0.388003 -0.280003
0.285927 -0.394247 0.225257
0.253403 -0.390702 0.303490
0.320565 -0.324794 -0.469415
0.244912 0.328108 -0.013430
0.305737 -0.175511 -0.371088
0.241404 0.189848 -0.043969
0.124462 -0.102691 -0.460713
0.208358 0.163122 0.468019
0.589130 -0.372106 -0.297426
-0.357692 -0.132351 -0.270552
0.206453 0.155339 -0.186522
-0.167997 -0.307152 -0.321669
-0.320718 0.224743 -0.290883
0.486205 0.397692 0.400551
-0.265572 -0.251286 -0.556198
0.177310 -0.343818 0.455950
0.256505 0.250362 0.215854
0.000445 0.133622 0.313004
-0.200360 -0.392384 -0.528725
-0.144112 0.321008 -0.031406
0.769063 -0.467599 -0.464403
-0.206043 0.145233 -0.296116
-0.327475 -0.317170 0.439073
-0.175276 -0.020134 -0.495830
0.188705 -0.197458 0.612387
0.261214 -0.337846 0.190796
-0.113190 -0.270833 -0.455216
-0.267858 -0.238517 0.478008
-0.187628 0.180873 0.253610
-0.049316 0.235149 -0.229047
0.638534 -0.436355 -0.552465
0.313719 0.401710 -0.130618
0.069208 -0.018344 -0.402103
0.300349 -0.411391 -0.326427
-0.180896 -0.239105 -0.651589
0.022870 -0.152835 0.399499
0.115592 0.250243 0.025377
-0.196862 0.285944 -0.200091
0.758492 -0.601010 -0.490346
-0.293886 -0.247153 0.485551
-0.553064 -0.304537 -0.435065
0.153094 -0.192820 -0.080392
0.328478 0.090935 0.037577
0.193399 0.000198 0.493960
0.178730 0.134185 -0.269764
0.252380 0.386044 -0.233767
0.466009 -0.309251 -0.394582
0.095689 0.021015 -0.363587
0.261796 0.182215 -0.050211
0.009439 -0.319222 -0.522152
0.511393 0.229444 0.287259
-0.261602 -0.043939 0.454094
-0.152247 -0.198857 0.400681
0.245562 0.289320 0.005734
0.383576 -0.329573 -0.546653
0.289504 0.159085 0.493532
0.417397 0.306123 0.016885
0.591803 -0.483129 -0.466395
0.102678 -0.285939 -0.231060
0.218447 -0.433626 0.393607
0.233972 0.374174 0.086987
-0.020776 0.181529 -0.055906
0.199390 0.219079 -0.155923
0.314691 0.219543 -0.140297
-0.035071 -0.329126 0.192752
0.365538 -0.222658 -0.315809
0.128919 0.342393 0.152932
-0.283420 0.094413 -0.364483
0.236229 -0.175920 0.390420
-0.039886 -0.028526 -0.439328
-0.264324 -0.206162 -0.431137
0.282182 0.023753 -0.305158
0.737920 -0.606477 -0.649513
0.000487 -0.047745 -0.310543
-0.298463 -0.022389 0.516607
0.277095 -0.090705 0.383380
0.641375 -0.465840 -0.561463
0.375000 -0.247202 -0.216519
-0.157820 -0.410907 -0.108557
0.308028 -0.157445 -0.376129
0.626162 0.372158 0.455965
-0.010524 0.412641 -0.081375
0.540419 0.287686 0.406697
-0.136646 -0.120202 0.522305
0.779912 -0.601221 -0.431896
0.577262 0.404732 0.498437
-0.355028 -0.070602 -0.396555
0.373654 -0.010165 0.604548
-0.302713 -0.361937 0.390831
0.804723 -0.460244 -0.554789
0.192894 0.316350 -0.109733
0.326124 0.323556 -0.075029
0.100519 0.342605 -0.237868
0.407419 0.079453 0.628838
-0.491894 0.131694 0.437192
-0.198083 -0.464877 -0.436587
-0.016859 -0.128888 -0.203605
0.123691 -0.132390 -0.374255
-0.189706 -0.044325 -0.338690
0.415413 0.189446 0.360652
-0.161358 -0.138278 -0.434286
-0.479656 0.184916 0.361314
-0.529830 0.064482 -0.297732
-0.098117 -0.305754 0.232386
-0.476949 -0.091855 0.536379
0.357897 -0.174048 0.565150
0.023831 -0.474162 -0.368565
-0.291515 -0.103424 -0.667417
0.649422 -0.532018 0.565767
0.238963 -0.408423 -0.347490
0.290651 0.342633 0.153048
0.767563 -0.376801 -0.738134
-0.326614 -0.566304 -0.291488
-0.103282 -0.270237 -0.466621
0.075383 -0.213855 -0.482970
0.194767 -0.161666 -0.411932
-0.177234 -0.422824 0.210778
0.042086 0.223588 0.052825
0.008180 -0.192123 -0.103561
-0.132303 0.021940 -0.071192
0.006624 -0.054741 -0.404242
-0.331381 -0.410838 0.281129
0.172177 -0.372052 -0.166424
0.193200 0.525481 0.134856
-0.311146 -0.477453 -0.524910
-0.119990 0.034332 0.578012
-0.454277 0.099649 0.534230
0.530491 -0.418760 -0.312310
0.027251 -0.151527 -0.321852
-0.381153 -0.458744 -0.305368
-0.213416 -0.406494 -0.667375
0.648295 -0.381656 -0.428229
-0.253437 -0.520022 -0.292738
-0.322538 0.362008 0.116435
-0.157920 0.331828 -0.302476
-0.103228 -0.329466 0.115585
0.332370 -0.498704 -0.370969
0.406489 -0.451385 -0.041564
0.480673 -0.335336 -0.539985
0.390278 -0.177256 0.194183
0.238049 -0.217495 -0.441406
0.154228 0.014696 0.264082
0.110719 0.018071 -0.709518
0.081436 0.144594 0.480997
-0.087213 0.022116 -0.480914
-0.147368 0.060971 0.339175
-0.163435 -0.045482 -0.642316
-0.236949 0.049706 0.527777
-0.460389 -0.069235 -0.184161
-0.590200 0.023694 0.181208
-0.533861 0.008273 -0.548256
-0.504645 0.126344 0.538615
-0.561197 0.049356 -0.189869
-0.508891 0.115639 0.049615
-0.261200 -0.031187 -0.562735
-0.179185 0.025398 0.312820
-0.303019 -0.172499 -0.128247
-0.313209 -0.138005 0.114074
-0.275335 -0.263664 -0.116559
-0.182888 -0.182182 0.193656
-0.191807 -0.227623 -0.063528
-0.041591 -0.182551 0.035437
0.034126 -0.175089 -0.094611
0.113126 -0.088455 0.192039
0.086764 -0.072212 0.027168
0.060749 0.048541 0.102569
0.084150 0.159595 -0.109562
0.126813 0.284481 0.016437
0.309087 -0.640053 -0.576456
0.529546 -0.654854 -0.340249
0.493958 -0.821685 -0.369431
0.461252 -0.592925 -0.146006
0.186672 -0.516320 -0.600228
-0.032560 -0.229811 0.124475
-0.382599 -0.355127 -0.273041
-0.408421 -0.093079 0.118603
-0.531077 -0.190437 -0.386537
-0.512694 -0.012585 0.178174
-0.617391 -0.181953 -0.169330
-0.595508 -0.056565 0.111924
-0.734227 -0.136287 -0.415587
-0.778435 0.031320 0.396266
-0.796032 -0.081316 -0.034945
-0.626374 -0.020181 0.120378
-0.508033 -0.047077 -0.408407
-0.413752 -0.011633 0.558455
-0.370783 -0.213287 0.114396
-0.258040 -0.257241 0.318322
-0.230339 -0.323523 -0.161780
-0.178203 -0.273435 0.208645
-0.243106 -0.388464 0.061242
-0.151177 -0.357366 0.135515
-0.011774 -0.374394 0.033712
0.196127 -0.298208 0.224438
0.281481 -0.362183 0.158944
0.323140 -0.233840 0.221180
0.354912 -0.164339 -0.047986
0.347685 -0.030464 0.132467
0.290311 0.060640 0.280230
0.279055 0.186756 0.210662
0.061141 -0.508221 -0.293039
0.203192 -0.535791 -0.268556
0.069619 -0.502381 -0.484564
0.068478 -0.266430 -0.188610
-0.257491 -0.237440 -0.232113
-0.231060 0.046153 -0.198552
-0.666656 -0.039777 -0.243774
-0.511086 0.143430 -0.072990
-0.887620 -0.018052 0.024615
-0.756046 0.112329 -0.114960
-1.176813 -0.081544 0.009812
-1.131125 0.023437 0.008219
-1.534537 -0.100430 0.221360
-1.545682 0.008743 -0.053985
-1.793077 -0.044395 0.007654
-1.628106 0.103225 0.118694
-1.561524 0.037473 0.170389
-1.276340 0.065656 -0.032435
-1.074805 -0.048712 -0.156665
-0.844020 -0.045366 0.094340
-0.854405 -0.123967 0.102540
-0.768076 -0.120430 0.182229
-0.807155 -0.129360 0.045908
-0.706414 -0.090288 0.251453
-0.667995 -0.100541 0.051240
-0.394464 -0.081379 0.204144
-0.307750 -0.099998 0.002318
-0.079951 -0.002848 0.100682
-0.103069 0.081340 0.123754
-0.008018 0.171076 0.140021
-0.099882 0.216892 0.087710
-0.007762 0.329522 0.034165
-0.081322 -0.701676 -0.604617
-0.133774 -0.921103 -0.650378
-0.129631 -1.129149 -0.597303
-0.070940 -0.923366 -0.503946
-0.302334 -0.923900 -0.701740
-0.491123 -0.664092 -0.411981
-0.906573 -0.761165 -0.500781
-0.871142 -0.457794 -0.398783
-1.064929 -0.528602 -0.406671
-0.907530 -0.239172 -0.255962
-1.151350 -0.283691 -0.151671
-1.142411 -0.102034 -0.068709
-1.439901 -0.128888 -0.217987
-1.584189 -0.023467 0.154753
-1.689974 -0.030449 -0.021392
-1.652653 0.032739 -0.058031
-1.370115 0.032667 -0.123458
-1.246578 0.079288 0.250806
-0.986115 -0.016804 0.051258
-0.955622 -0.086207 0.300244
-0.857407 -0.151519 -0.118108
-0.854520 -0.146590 0.350057
-0.639229 -0.176239 0.053760
-0.583158 -0.172522 0.316792
-0.263688 -0.227501 -0.048796
-0.135915 -0.191063 0.350828
0.127406 -0.278094 -0.127490
0.196727 -0.148176 0.255964
0.248115 -0.042788 -0.107250
0.139890 0.172241 0.166455
0.168857 0.240489 0.082584
0.148616 0.288169 0.180326
-0.310631 -0.818312 -0.588084
-0.265933 -0.881744 -0.643680
-0.489925 -0.931786 -0.794937
-0.363277 -0.721143 -0.557480
-0.694360 -0.668135 -0.610961
-0.513993 -0.472673 -0.585399
-0.844738 -0.500084 -0.475984
-0.648668 -0.159916 -0.186970
-1.150280 -0.250097 -0.078955
-1.072767 -0.129844 0.016916
-1.504977 -0.208126 0.010226
-1.505626 -0.108534 0.111983
-1.838963 -0.141603 0.031448
-1.888010 -0.071037 0.172334
-2.128096 -0.011212 -0.100063
-2.048164 0.047469 0.226337
-1.868932 0.065685 0.042581
-1.482632 0.011684 0.002586
-1.323529 0.038798 0.074951
-1.082217 0.022661 0.043732
-1.041516 0.073571 0.202898
-0.989112 0.062924 0.149744
-1.161641 0.149810 0.154240
-1.108881 0.186832 0.248777
-1.219393 0.376102 0.109709
-1.010515 0.458913 0.161794
-0.910810 0.598355 -0.058736
-0.506547 0.589739 0.126716
-0.393421 0.630637 0.027290
-0.156456 0.335410 0.151264
-0.135129 0.315519 0.159742
-0.010381 0.401956 0.077487
-0.749266 -1.155492 -0.771825
-0.983301 -1.507423 -1.004269
-1.190708 -1.806283 -0.935725
-1.238704 -1.684378 -0.890192
-1.431035 -1.802020 -0.916332
-1.388728 -1.465829 -0.731079
-1.664553 -1.582347 -0.649564
-1.518412 -1.356626 -0.684370
-1.745131 -1.428075 -0.731012
-1.405623 -0.526179 -0.340323
-1.555354 -0.469862 -0.347830
-1.320007 -0.132639 0.129646
-1.462651 -0.126536 -0.198951
-1.528330 -0.029945 0.256080
-1.705529 -0.061767 -0.130041
-1.786545 0.014837 0.047575
-1.550798 0.012897 -0.164302
-1.337112 0.047114 0.118659
-1.128345 -0.002573 0.018535
-1.060014 -0.017916 0.029376
-0.999330 -0.001613 0.188080
-0.922606 0.002489 0.198843
-0.715143 -0.082096 0.303482
-0.640963 -0.040863 0.143196
-0.388588 -0.173856 0.241666
-0.255238 -0.167290 0.283394
-0.049695 -0.181187 0.143724
-0.105175 0.173945 0.105581
0.017314 0.127779 -0.186338
-0.009730 0.323803 0.088760
0.112342 0.311763 0.087650
0.080315 0.370365 0.051300
-0.649598 -1.176212 -0.749334
-0.721319 -1.354176 -0.921856
-0.896505 -1.544159 -1.043847
-0.826998 -1.288998 -0.915522
-1.159007 -1.200602 -0.777988
-1.050707 -0.914128 -0.793677
-1.288657 -0.856807 -0.583202
-1.007896 -0.263137 -0.234356
-1.241528 -0.263844 -0.115734
-1.083305 -0.061698 0.119198
-1.259322 -0.165896 -0.118687
-1.222476 -0.113907 0.258085
-1.399936 -0.165041 -0.183982
-1.450122 -0.104152 0.280574
-1.591582 -0.079618 -0.279764
-1.531254 -0.029761 0.255027
-1.437713 0.001464 -0.148643
-1.200712 -0.020531 0.027516
-1.023709 0.013367 -0.118548
-0.881492 0.046174 0.058710
-0.784331 -0.003265 0.114412
-0.894638 0.026522 0.144444
-1.048600 0.292004 0.112072
-1.178843 0.640152 0.246348
-1.441156 1.019086 0.199650
-1.559243 1.345372 0.010416
-1.690967 1.644417 -0.012781
-1.353651 1.600452 -0.074871
-1.105157 1.570858 0.033773
-0.659784 1.243127 -0.041870
-0.521466 1.069323 0.033944
-0.235334 0.872439 0.015617
-0.688592 -1.327831 -0.912994
-0.816235 -1.666523 -1.248092
-1.020521 -1.864648 -1.095192
-1.031137 -1.738156 -0.973981
-1.162581 -1.733727 -1.230805
-1.071383 -1.400183 -0.732976
-1.370912 -1.408248 -0.914826
-1.205698 -1.048630 -0.551702
-1.393466 -0.994885 -0.729880
-1.032174 -0.338946 0.027485
-1.010803 -0.233961 -0.149245
-0.914571 -0.184623 0.324721
-0.932482 -0.238791 -0.235869
-1.003388 -0.186138 0.437920
-1.071481 -0.221407 -0.249231
-1.191574 -0.085943 0.329927
-1.022322 -0.107726 -0.335104
-0.910594 -0.050179 0.348210
-0.758897 -0.070267 -0.188989
-0.742812 -0.066018 0.097300
-0.586698 -0.096294 -0.123286
-0.513771 -0.023805 0.219497
-0.260473 0.042178 0.065325
-0.295122 0.082547 0.154450
-0.290277 0.104044 0.187319
-0.391866 0.190886 0.003220
-0.471354 0.114836 0.247809
-0.517727 0.602986 -0.153907
-0.314959 0.537782 -0.191619
-0.125611 0.623988 -0.069334
0.123777 0.455462 0.003555
0.058111 0.519892 0.044898
-0.416896 -1.248676 -0.655980
-0.489432 -1.412082 -0.923184
-0.551564 -1.499824 -1.000176
-0.595296 -1.226119 -0.947706
-0.765472 -1.052714 -0.579573
-0.770367 -0.682226 -0.534382
-0.928431 -0.553624 -0.278646
-0.871442 -0.292810 -0.129759
-1.090860 -0.260196 0.019580
-1.067069 -0.183872 0.120918
-1.073898 -0.221538 0.027438
-0.997196 -0.263266 0.293683
-0.969805 -0.269568 0.006871
-0.923651 -0.214496 0.273445
-0.988743 -0.170769 -0.129258
-1.002145 -0.114010 0.273128
-0.957123 -0.035221 -0.050239
-0.826350 -0.048822 0.057865
-0.729496 0.004473 -0.202234
-0.650075 0.014694 0.203111
-0.580769 0.036692 -0.046650
-0.666348 0.232124 0.238194
-0.865868 0.314428 0.126375
-1.106833 0.911400 0.182598
-1.279659 1.272669 0.204753
-1.453285 1.757054 0.190554
-1.595176 2.094462 -0.101948
-1.488130 2.084485 -0.093164
-1.197696 2.002314 0.060917
-0.832207 1.728997 0.229253
-0.661362 1.519697 0.132299
-0.373266 1.174457 0.174473
-0.212073 -1.312944 -0.927162
-0.200294 -1.567181 -1.139458
-0.244976 -1.630067 -0.984547
-0.293871 -1.417949 -0.820066
-0.447375 -1.377273 -1.130129
-0.415633 -0.979499 -0.611100
-0.535924 -0.906426 -0.721773
-0.564570 -0.481674 -0.161647
-0.754564 -0.467272 -0.269405
-0.721856 -0.298685 0.169714
-0.688082 -0.327091 -0.013652
-0.672580 -0.364990 0.362812
-0.617312 -0.459514 -0.177564
-0.616941 -0.418637 0.553339
-0.571420 -0.394172 -0.207697
-0.704973 -0.280944 0.277237
-0.607243 -0.228258 -0.447577
-0.589608 -0.133063 0.451126
-0.480437 -0.145281 -0.210247
-0.495438 -0.054569 0.134731
-0.369643 -0.064739 -0.345908
-0.247405 0.061187 0.295294
-0.145611 0.055268 -0.061741
-0.122251 0.129276 0.036924
-0.194500 0.284764 0.095163
-0.378074 0.410421 0.040777
-0.503182 0.311728 0.223035
-0.601672 0.893297 -0.144612
-0.419062 0.750943 0.052874
-0.276401 0.947947 -0.177346
-0.095137 0.578925 0.041578
-0.115722 0.648512 0.047383
-0.120664 -1.278755 -0.654266
-0.143125 -1.337408 -0.662979
-0.071300 -1.373762 -0.941966
-0.141717 -1.039162 -0.527830
-0.189884 -0.863426 -0.522058
-0.243878 -0.409263 0.096548
-0.371389 -0.362073 -0.266241
-0.492570 -0.278229 0.074943
-0.726825 -0.291696 -0.132660
-0.782543 -0.254883 0.242040
-0.780912 -0.296558 -0.092623
-0.631757 -0.317453 0.344792
-0.587127 -0.286585 -0.122346
-0.535098 -0.236515 0.326449
-0.543906 -0.169807 -0.310952
-0.518497 -0.091802 0.486640
-0.522752 0.009390 -0.282111
-0.443840 0.051196 0.229044
-0.382060 0.136568 -0.389078
-0.352460 0.218318 0.412886
-0.379110 0.142667 -0.035574
-0.516112 0.319700 0.243678
-0.594169 0.211152 -0.048636
-0.801420 0.821389 0.349134
-1.012696 1.002197 0.086594
-1.137392 1.724951 0.168686
-1.206433 2.070881 -0.261654
-1.119077 2.087130 0.088728
-0.953874 2.083054 -0.110181
-0.656418 1.855704 0.055426
-0.460409 1.640323 -0.030424
-0.256082 1.339813 -0.086639
0.030849 -1.342809 -0.831897
0.097846 -1.531941 -0.900464
0.156254 -1.627837 -0.906688
0.215217 -1.314003 -0.497514
0.196226 -1.300635 -1.034812
0.229822 -0.767712 -0.361933
0.237324 -0.729380 -0.565065
0.028326 -0.377042 0.014910
-0.224876 -0.518020 -0.295520
-0.347886 -0.429996 0.199139
-0.413089 -0.492936 -0.053514
-0.441596 -0.459865 0.267731
-0.333642 -0.507510 -0.198109
-0.319210 -0.430384 0.395213
-0.277650 -0.362324 -0.220337
-0.336756 -0.173855 0.301268
-0.249369 -0.082382 -0.451118
-0.244147 0.059814 0.590575
-0.228038 0.045160 -0.254081
-0.294326 0.165134 0.202571
-0.245310 0.240119 -0.263914
-0.252572 0.302997 0.474662
-0.203845 0.239521 -0.092153
-0.287502 0.259798 0.241363
-0.297135 0.381662 -0.034401
-0.332941 0.475655 0.123814
-0.368524 0.524166 0.074082
-0.334562 1.083780 -0.048655
-0.190766 1.022348 -0.066276
-0.135025 1.162884 0.038453
0.022854 0.931297 -0.050754
0.000040 0.913216 -0.076369
0.227188 -1.136116 -0.580391
0.235496 -1.139365 -0.550144
0.365496 -1.242190 -0.697799
0.301761 -0.837136 -0.453725
0.256920 -0.694906 -0.414541
0.189860 -0.305995 0.154072
0.090061 -0.330828 -0.278353
0.024723 -0.275119 0.097410
-0.198905 -0.366816 -0.115688
-0.318861 -0.337742 0.178538
-0.360607 -0.354258 -0.092313
-0.343664 -0.354812 0.289767
-0.308207 -0.303827 -0.120396
-0.294623 -0.263353 0.354051
-0.244750 -0.197379 -0.197261
-0.263280 -0.060428 0.456553
-0.245753 0.053925 -0.228783
-0.225428 0.206249 0.412729
-0.190499 0.282396 -0.321891
-0.220832 0.365154 0.406883
-0.311650 0.401169 -0.054054
-0.409462 0.468562 0.268676
-0.384110 0.330938 -0.061579
-0.556306 0.688853 0.268028
-0.597425 0.822478 0.019613
-0.646586 1.414999 0.293311
-0.639704 1.667101 -0.004663
-0.584073 1.789071 0.266044
-0.404609 1.901914 -0.188216
-0.279818 1.807391 0.113554
-0.096031 1.717822 0.029403
-0.003687 1.476027 0.134515
0.454379 -1.214615 -0.709907
0.494119 -1.340111 -0.847819
0.506648 -1.566642 -0.707959
0.528227 -1.266278 -0.482485
0.478394 -1.278738 -0.824090
0.478115 -0.618979 -0.320923
0.471988 -0.622232 -0.387946
0.320186 -0.349634 0.041961
0.164114 -0.511901 -0.109352
0.064707 -0.481429 0.220518
0.019054 -0.538387 -0.115350
-0.093159 -0.470503 0.340240
-0.078325 -0.462136 -0.232741
-0.115223 -0.387995 0.415044
-0.066731 -0.308540 -0.304575
-0.127398 -0.105792 0.386846
-0.072708 -0.048589 -0.435323
-0.179983 0.102125 0.506881
-0.191916 0.132588 -0.349540
-0.261636 0.297500 0.190457
-0.229721 0.360963 -0.395123
-0.276232 0.412706 0.367466
-0.347725 0.372067 -0.149813
-0.332267 0.437952 0.182572
-0.253990 0.404295 -0.095089
-0.268253 0.470931 0.104816
-0.271063 0.526128 0.051853
-0.191820 0.876570 -0.009809
-0.060143 0.906054 0.067940
0.014451 1.139648 0.047125
0.172731 1.010652 0.058850
0.168016 1.042254 0.025132
0.471761 -0.792135 -0.433243
0.500025 -0.700863 -0.445745
0.589623 -0.900567 -0.571585
0.534434 -0.531633 -0.219916
0.434279 -0.503986 -0.367066
0.319895 -0.246853 0.202613
0.200335 -0.293012 -0.182447
0.177649 -0.261751 0.243965
0.057915 -0.364365 -0.094925
0.005919 -0.317235 0.270559
-0.043687 -0.322047 -0.035389
0.005758 -0.298471 0.424194
-0.018743 -0.225938 -0.181732
-0.061714 -0.185091 0.526493
-0.067364 -0.120274 -0.279183
-0.106164 -0.018632 0.562003
-0.080597 0.096013 -0.256689
-0.151155 0.144504 0.463663
-0.160130 0.207574 -0.322211
-0.195878 0.271655 0.307785
-0.268499 0.363240 -0.044206
-0.300792 0.420822 0.257056
-0.240871 0.351955 -0.121176
-0.185761 0.489872 0.198203
-0.112974 0.469873 -0.031377
-0.046825 1.140967 0.139886
0.015498 1.469907 -0.294797
-0.012442 1.657352 0.185887
0.006886 1.887659 -0.015924
0.138537 1.743539 0.224502
0.285400 1.683204 -0.073006
0.269250 1.497506 -0.049633
0.722775 -0.952783 -0.535033
0.735362 -1.015972 -0.519003
0.737519 -1.411264 -0.587299
0.760205 -1.123096 -0.340287
0.688664 -1.216187 -0.795619
0.619855 -0.478981 -0.055541
0.609410 -0.461819 -0.256441
0.463278 -0.289911 0.137503
0.358646 -0.392094 -0.092632
0.224731 -0.399698 0.383287
0.241024 -0.417794 -0.044808
0.154266 -0.317268 0.392401
0.202925 -0.286610 -0.191446
0.156043 -0.171402 0.577652
0.131914 -0.139602 -0.369653
0.037591 0.010786 0.482470
0.026342 0.034006 -0.375950
-0.094058 0.131159 0.556813
-0.103085 0.148382 -0.378258
-0.176419 0.269033 0.310171
-0.150262 0.310332 -0.291781
-0.191253 0.371702 0.391458
-0.141063 0.421681 -0.151345
-0.031449 0.390475 0.175083
0.113207 0.447503 0.038865
0.149118 0.474153 0.216632
0.180156 0.467350 0.043407
0.220798 0.672274 0.110043
0.266678 0.859628 0.086738
0.314995 1.191100 0.086728
0.441383 1.219715 -0.040204
0.396721 1.172745 -0.047930
0.489143 -0.464914 -0.259312
0.552657 -0.315121 -0.473878
0.672101 -0.545078 -0.292977
0.679210 -0.377261 -0.183170
0.682460 -0.390481 -0.109742
0.645854 -0.290214 0.156629
0.599898 -0.277446 -0.180602
0.500827 -0.231121 0.373653
0.481978 -0.272103 -0.026023
0.380022 -0.284383 0.330356
0.400763 -0.241215 -0.026027
0.354611 -0.184554 0.522441
0.445086 -0.111519 -0.147670
0.350001 -0.031478 0.517940
0.356447 0.007803 -0.258420
0.230934 0.061462 0.556258
0.321006 0.095667 -0.309533
0.249179 0.115027 0.495307
0.340320 0.156167 -0.451873
0.242568 0.250885 0.507507
0.235776 0.292994 -0.361982
0.141552 0.374485 0.349802
0.129512 0.345578 -0.309435
0.147787 0.415469 0.298953
0.211811 0.445293 -0.253136
0.332482 0.739654 0.189436
0.363064 1.067865 -0.203638
0.418829 1.436653 0.344814
0.400120 1.674110 -0.375717
0.468667 1.611112 0.097678
0.566905 1.666027 -0.045835
0.467804 1.450566 0.122390
0.756484 -0.646600 -0.299807
0.821719 -0.672731 -0.330714
0.846371 -1.174899 -0.259409
0.944679 -1.032714 -0.289318
0.895519 -1.181724 -0.422212
0.818198 -0.623492 0.139938
0.772668 -0.565605 -0.077443
0.693785 -0.376844 0.283261
0.698374 -0.380459 -0.010570
0.594272 -0.350910 0.561839
0.671624 -0.310807 0.064811
0.585767 -0.222246 0.562340
0.582918 -0.164186 -0.086202
0.508340 -0.037995 0.560691
0.496245 0.025861 -0.206532
0.371879 0.113129 0.485051
0.389000 0.095641 -0.395579
0.358951 0.170380 0.641535
0.464647 0.145207 -0.343483
0.396537 0.269280 0.361484
0.399297 0.249973 -0.506104
0.372823 0.365498 0.512863
0.410322 0.336750 -0.241100
0.354856 0.350302 0.159003
0.361019 0.308410 -0.272507
0.360701 0.372242 0.198071
0.359293 0.369386 -0.018150
0.365976 0.558582 0.149284
0.385764 0.604889 0.000360
0.430043 1.080786 0.150133
0.502741 1.074542 0.080939
0.511200 1.081058 0.019239
0.465003 -0.213624 -0.109158
0.534292 -0.024860 -0.235285
0.653038 -0.275459 -0.297288
0.765239 -0.268400 0.166604
0.777023 -0.374272 -0.110418
0.795592 -0.273988 0.251245
0.709780 -0.202756 -0.056212
0.712995 -0.122891 0.576820
0.684368 -0.127670 0.107684
0.698649 -0.104503 0.453410
0.684618 -0.065192 -0.065727
0.701161 -0.021058 0.629463
0.678715 0.010156 -0.010293
0.619238 0.073726 0.548171
0.625176 0.081663 -0.234190
0.628992 0.110443 0.541759
0.642316 0.088246 -0.109883
0.636019 0.146762 0.476401
0.721971 0.143680 -0.296597
0.781162 0.262901 0.478855
0.726769 0.221393 -0.045271
0.694979 0.289437 0.318223
0.594063 0.231066 -0.205215
0.643069 0.295446 0.155362
0.478136 0.304736 -0.065294
0.506472 0.477928 0.046589
0.514799 0.475246 -0.252365
0.552661 1.042922 0.113305
0.544038 1.444912 -0.081656
0.645260 1.467772 0.089179
0.801871 1.532095 -0.205941
0.684770 1.347063 -0.104874
0.668925 -0.304952 -0.221237
0.784027 -0.288812 -0.098777
0.861627 -0.774096 -0.264754
0.937384 -0.757941 0.096047
0.945462 -0.929834 -0.487062
0.903420 -0.589217 0.710110
0.988395 -0.586198 -0.081970
0.963166 -0.461721 0.649087
0.964373 -0.432746 -0.110480
0.896020 -0.351801 0.993550
0.941984 -0.259833 0.019324
0.857476 -0.200653 0.740472
0.835763 -0.144561 -0.096922
0.773658 -0.081753 0.816476
0.811119 -0.080680 -0.032929
0.779139 -0.020986 0.528683
0.802474 -0.038749 -0.338016
0.782306 0.045948 0.721876
0.875337 0.007146 -0.185546
0.906321 0.172536 0.405484
0.912008 0.139370 -0.303080
0.846817 0.212369 0.554699
0.841435 0.104560 -0.053424
0.815448 0.164855 0.170058
0.762566 0.154501 -0.049424
0.736802 0.260837 0.193392
0.678809 0.247982 0.041125
0.659950 0.447748 0.082136
0.562936 0.475840 0.194964
0.536242 0.713315 0.034087
0.653800 0.937699 -0.015183
0.642444 1.014438 -0.011665
0.352213 -0.108364 -0.072254
0.424746 0.065193 -0.077326
0.536018 -0.117946 -0.005825
0.690174 -0.199451 0.191371
0.762829 -0.263662 -0.032544
0.799981 -0.213786 0.207574
0.809448 -0.162611 0.202462
0.859766 -0.113404 0.531599
0.912082 -0.108479 0.156368
0.935627 -0.066945 0.431250
0.892085 -0.022371 0.159175
0.873738 0.004966 0.557354
0.904375 -0.013682 0.027160
0.904197 0.031054 0.332723
0.848460 0.026893 0.061655
0.890584 0.058220 0.369587
0.941098 0.062685 -0.067068
0.976917 0.156562 0.254589
0.978108 0.163371 -0.069010
1.050546 0.279330 0.455006
1.094766 0.225584 -0.150527
1.082549 0.264156 0.271569
1.005468 0.218916 -0.021634
0.986389 0.314366 0.366766
0.936150 0.286644 -0.231218
0.965769 0.546891 0.166034
0.910353 0.538705 -0.002176
0.897151 0.991996 0.210621
0.870086 1.246187 -0.276754
0.954812 1.357478 0.018984
0.928259 1.388964 -0.112574
0.764328 1.193933 -0.010889
0.676004 -0.093020 0.016817
0.773916 -0.013193 -0.004676
0.799616 -0.196839 0.113950
0.855230 -0.251206 -0.134392
0.924277 -0.361853 0.091607
0.916206 -0.367439 0.295560
0.997114 -0.399258 0.201034
1.031415 -0.376589 0.410324
1.031768 -0.372783 0.392573
0.931045 -0.328595 0.701439
0.966610 -0.283164 0.338787
0.939918 -0.222855 0.510304
0.882957 -0.202204 0.402251
0.833450 -0.182349 0.544176
0.869351 -0.168123 0.312398
0.892193 -0.129601 0.405670
0.898067 -0.081667 0.202120
0.894905 -0.015676 0.509956
1.002953 -0.026535 0.136237
1.056177 0.070842 0.338443
1.022689 0.042927 0.125606
0.978416 0.080369 0.480779
0.984299 -0.066155 0.091647
0.979535 -0.014041 0.223940
0.889080 -0.132826 0.165426
0.830022 -0.055717 0.217832
0.802176 -0.170480 0.061698
0.817624 0.080074 0.028946
0.736961 0.072112 0.142892
0.676168 0.500769 -0.019847
0.744816 0.468967 0.177507
0.622301 0.707644 0.090042
0.485763 -0.067623 0.057265
0.627120 -0.038973 -0.063328
0.698365 -0.060865 -0.034718
0.798176 -0.109587 0.106290
0.811371 -0.126506 0.179951
0.866804 -0.138413 0.258893
0.843749 -0.139506 0.174061
0.898795 -0.161746 0.426222
0.827874 -0.137743 0.275976
0.923716 -0.091386 0.345162
0.816646 -0.100931 0.151854
0.876919 -0.063745 0.452884
0.798362 -0.072807 0.185985
0.875760 -0.034902 0.313431
0.814345 -0.037397 0.039577
0.867759 -0.016694 0.351104
0.888872 -0.012784 0.089388
0.952402 0.048588 0.260374
0.945611 0.061077 0.048231
0.975423 0.167237 0.396187
0.949403 0.118779 0.217208
1.014843 0.131745 0.269653
0.935730 -0.006186 0.057010
0.945319 0.037258 0.210661
0.937173 -0.145587 0.159221
1.021400 0.263645 0.074154
0.973342 0.097796 0.076322
0.957384 0.723825 0.139589
0.911386 0.779637 0.069760
1.005630 1.002647 0.001719
0.853100 0.944795 -0.119344
0.675385 0.872368 -0.197279
0.636153 0.048229 0.091111
0.706963 0.131865 0.138418
0.730602 0.071164 0.159791
0.738856 0.006829 0.140773
0.767788 -0.018162 0.062148
0.758381 -0.023158 0.254944
0.826023 -0.072369 0.249505
0.796352 -0.110827 0.407018
0.843766 -0.108409 0.304237
0.767458 -0.102047 0.608494
0.863994 -0.060978 0.415490
0.783285 -0.064644 0.501114
0.837818 -0.024693 0.330542
0.769187 -0.023087 0.609014
0.837121 -0.006563 0.332391
0.805990 0.000794 0.500055
0.879720 0.045941 0.253769
0.839323 0.064063 0.484507
0.896680 0.098207 0.291994
0.873348 0.109249 0.359576
0.919311 0.087540 0.190636
0.858450 0.072128 0.403427
0.887192 -0.036517 0.286534
0.827426 -0.092067 0.233003
0.780464 -0.168548 0.158067
0.743511 -0.148849 0.184677
0.778622 -0.187275 0.165112
0.763990 0.015474 0.078498
0.778220 0.139846 0.104380
0.701652 0.453366 0.101497
0.710620 0.447852 0.042961
0.542972 0.527042 0.018392
