1.037009 -0.037648 -0.952662
0.958617 0.078926 -0.528976
0.754864 -0.000657 -0.136702
0.472710 0.307252 -0.519192
0.815578 -0.060062 0.527268
0.903645 0.302885 -0.447715
0.804748 0.340938 0.394660
0.374429 0.500292 0.442300
1.002992 0.206740 -0.503352
0.410823 0.526332 0.024940
0.418215 0.354508 0.684767
0.746358 0.169504 0.373117
0.466485 0.462430 0.712665
1.203972 0.436672 0.729806
0.328196 0.501621 0.673206
1.022144 -0.275528 -0.563417
0.960299 -0.127990 -0.756658
0.794947 -0.252933 -0.338612
0.299313 0.572978 -0.307683
0.067870 0.309822 -0.665085
0.809631 0.106686 0.209598
0.585990 0.435711 -0.108274
0.866797 0.175147 -0.510130
0.484219 0.205576 -0.765717
0.618009 0.045827 0.705352
1.103575 0.133952 0.581944
0.181109 0.631044 -0.175363
0.783599 -0.000321 0.336614
-0.302381 0.527254 -0.290480
0.852468 -0.121959 -0.445652
-0.309431 0.236604 -0.592776
0.795261 0.002861 -0.447477
0.929577 0.182191 -0.628981
1.086986 0.266474 -0.587816
1.100331 0.177919 -0.630844
0.782579 0.026227 -0.242600
1.032110 -0.068552 -0.347583
0.891116 0.098438 -0.559905
1.127220 0.444313 0.775004
0.430610 0.341304 -0.681353
0.366797 0.295953 0.503344
0.635455 0.228882 0.482415
0.844281 -0.048541 0.539320
0.673226 -0.035648 -0.753324
0.570509 0.169786 -0.619916
0.727322 -0.140326 -0.599586
-0.046785 -0.200605 0.258027
1.192981 0.558333 0.916787
0.240685 0.318593 -0.611383
1.011172 0.221412 0.720252
0.901893 -0.190387 -0.242598
0.804516 0.087618 -0.136860
0.665636 0.233143 0.370739
0.599670 0.230445 0.617173
0.602494 0.075829 0.488355
1.023074 0.054161 0.382758
1.197669 0.130501 -1.031818
0.690071 0.353516 0.484442
-0.295430 0.342211 -0.427602
0.931184 0.137235 -0.407968
0.073668 0.226721 -0.632639
0.378233 0.447738 -0.599167
0.384955 -0.477761 0.075045
0.625891 -0.338510 0.186923
0.489267 -0.247582 -0.596908
0.915091 -0.034119 -0.951673
0.038786 0.407519 0.596499
0.891537 0.329699 0.672908
0.453715 0.593972 0.610417
0.162185 0.415236 0.661118
0.881446 0.221532 0.354044
0.937308 0.105452 -0.385301
0.198607 0.314827 0.625252
1.025541 0.309325 0.540729
1.143024 0.436786 -0.837002
0.785152 0.033597 -0.362226
0.907552 0.474524 0.601418
0.848303 -0.008085 -0.445921
0.762987 0.093702 0.487369
0.600885 0.404450 0.019791
0.667253 -0.214713 -0.458652
0.104871 0.101039 0.463027
1.216064 -0.124860 -0.760453
-0.294195 0.561555 0.334256
0.839412 -0.274098 -0.583090
0.527474 0.162221 -0.674314
0.956753 -0.099960 -0.551383
1.037300 0.226625 -0.754474
0.078090 0.586083 -0.330342
1.181753 0.279192 -0.862610
-0.107689 0.273389 0.354315
0.755110 0.034761 -0.492803
0.700693 0.458448 0.801944
0.219934 0.223253 0.558017
1.057953 0.305949 0.540761
1.123642 0.394894 0.699521
0.538024 -0.464920 -0.311204
0.922659 0.327735 -0.944464
0.867915 0.056579 -0.300621
0.471191 0.003540 -0.758413
0.010586 0.336994 0.447136
0.280899 0.566368 0.379095
1.040170 0.064747 -0.775709
0.864945 0.243953 0.656881
1.028392 0.120373 -0.667310
0.668286 0.352440 -0.709363
0.146771 0.625348 0.035920
0.276363 0.521849 -0.486380
0.917053 0.309162 0.452048
0.882366 0.193294 -0.884705
-0.326726 0.642013 0.181975
0.959299 -0.025333 -0.733260
0.869324 0.141377 0.462516
0.816950 0.038971 0.364549
0.928940 0.025688 -0.544393
-0.354121 0.083406 -0.463738
0.634443 -0.030222 0.561035
0.995601 0.139591 -0.547579
0.949297 0.193580 -0.826594
-0.081470 0.364857 -0.563258
0.815817 -0.062222 0.141056
0.841818 -0.159946 0.284422
0.877919 -0.116082 -0.874208
0.801186 0.234311 -0.046754
0.899705 -0.168554 -0.447041
0.745630 0.257514 0.284815
0.846888 -0.072055 -0.446864
0.866496 0.497094 0.801417
0.970984 -0.277409 -0.464542
-0.388207 0.114939 -0.449022
0.865022 0.058023 -0.363153
0.718683 -0.195997 -0.712850
0.151480 0.479295 -0.492186
0.761299 0.424119 0.598849
0.033972 0.120905 -0.710323
1.042153 0.108114 0.628661
0.723567 0.012955 0.406556
0.258939 0.435037 0.553121
0.113067 -0.098357 -0.661565
0.408301 0.539160 -0.490282
1.147075 0.113614 -0.920888
0.084989 0.408164 -0.525044
0.276368 0.085916 0.526597
0.477627 0.209456 -0.595525
1.034807 0.305460 0.778253
0.791560 0.128494 0.085727
0.099439 -0.034049 -0.592429
0.465259 0.212568 0.611297
0.027724 0.537177 0.415846
0.566339 0.420984 0.105525
1.130789 0.016868 -0.566843
0.751811 0.320657 -0.570027
0.829640 -0.007470 -0.376200
0.719980 0.158636 -0.964615
0.407751 0.112064 -0.786245
0.585110 0.070527 0.526003
0.754856 0.221321 0.330908
-0.062058 0.516497 -0.274813
1.118222 -0.223895 -0.816594
0.305946 0.318093 0.672825
-0.513334 0.079500 -0.482469
1.283500 0.313748 -1.062167
0.680905 0.062924 -0.297001
1.009735 0.154498 0.476010
0.680639 0.160985 -0.442065
0.717098 0.159095 -0.257717
0.889389 0.072127 -0.594466
0.613922 0.337689 -0.384525
0.743818 -0.037653 -0.221152
0.496282 -0.129191 -0.662981
0.893644 0.216504 0.651989
0.315473 0.406444 0.670995
0.605219 0.341964 0.734347
0.562789 0.321015 0.369598
1.081354 0.116338 -0.762860
0.651118 0.433125 0.627532
0.676396 0.111179 -0.269077
1.080075 0.085656 -0.707952
0.638384 -0.414432 -0.434518
0.806901 0.203480 0.332576
0.728435 0.184500 -0.265914
0.414586 0.492878 -0.156701
0.694557 0.328559 -0.029453
0.956903 0.233210 -0.636810
0.651581 0.268637 0.251623
0.914541 -0.126323 -0.520206
1.205640 0.411346 -0.830651
-0.054978 0.280541 -0.504109
1.004084 0.431093 0.390541
0.528223 0.184626 -0.711188
0.225607 0.336615 -0.871105
0.778590 -0.060522 -0.393462
1.033147 -0.252939 -0.894897
0.623285 0.312892 -0.799226
-0.000624 0.295706 0.443544
0.922218 0.106992 0.320645
0.870655 -0.100691 -0.743455
0.803034 -0.231980 -0.258699
0.177457 -0.431966 -0.383348
1.219060 0.343572 -0.964191
1.073678 0.550670 0.660795
0.481656 0.497089 -0.192787
0.951772 0.543570 0.531635
0.398962 0.205764 0.580934
1.008353 -0.273188 -0.657730
1.019041 0.675137 0.841026
0.037338 0.165438 -0.603625
0.922188 0.241844 0.466942
0.436664 0.030700 0.635844
1.141033 -0.043326 -0.720463
0.606260 0.293276 -0.287795
0.706891 0.219919 0.065044
0.720772 0.200794 -0.399903
0.926770 0.390785 0.653555
-0.123663 0.359406 0.559217
0.351254 -0.241370 -0.648601
0.351223 0.315311 -0.444285
0.942424 -0.055906 -0.483215
0.246837 0.257487 -0.700027
0.727196 0.280012 0.138739
0.077995 0.235006 -0.794853
0.111176 0.515080 0.547337
-0.613029 0.287768 -0.385365
0.616275 -0.272883 0.569924
0.031214 0.247615 0.417323
0.955140 0.337727 0.406643
0.573152 -0.383137 -0.603409
-0.146459 0.135361 -0.606087
0.952133 -0.034087 0.474599
0.771762 -0.275793 -0.726182
0.652388 0.126453 0.125880
1.114661 0.215987 -1.038851
-0.085463 -0.319778 -0.339553
0.193479 0.134464 -0.669057
0.640547 0.001553 -0.656290
0.992424 -0.142012 -0.358061
0.435784 -0.455075 0.517129
0.439495 0.361420 0.484215
-0.151439 0.110932 -0.467773
-0.012890 0.446665 -0.367647
0.661821 0.194808 -0.663460
0.210029 -0.145357 0.554879
0.745234 -0.343839 -0.437447
0.825145 0.470195 0.025580
-0.215153 -0.139073 -0.586221
0.640920 0.291680 0.755130
-0.229050 0.284577 0.357858
0.810405 0.038262 -0.135148
0.386669 0.106499 -0.592295
-0.348729 -0.145820 -0.325458
0.113379 -0.165023 -0.559117
0.936295 -0.051717 -0.535005
0.251710 -0.362866 -0.553359
0.171240 0.545776 0.401207
0.610020 0.380306 -0.408520
0.565167 -0.092530 0.371262
0.569425 -0.961444 -0.127033
0.581935 -0.971757 0.105279
0.578382 -0.897644 -0.146082
0.457196 -0.723529 0.234485
0.350069 -0.669505 -0.052883
0.236069 -0.477381 0.283879
0.096342 -0.374114 -0.407499
-0.171127 -0.192037 0.419615
-0.504638 -0.191023 -0.343979
-0.735472 0.028247 0.309023
-0.895858 -0.062768 -0.443944
-1.053488 -0.010969 0.292154
-1.258706 -0.172447 -0.186289
-1.314198 -0.092290 0.073523
-1.395016 -0.130540 -0.467209
-1.384099 0.037327 0.206542
-1.454851 0.039583 -0.433523
-1.486603 0.233921 0.186870
-1.412493 0.175520 -0.636178
-1.380875 0.385633 0.464361
-1.445366 0.378850 -0.408704
-1.366598 0.543422 0.157952
-1.238172 0.479270 -0.636923
-1.128775 0.555679 0.309590
-1.152053 0.533651 -0.286979
-1.067194 0.549899 -0.140839
-0.916724 0.514939 -0.548183
-0.870374 0.541103 0.156404
-0.920628 0.499827 -0.320145
-0.851500 0.480511 -0.089169
-0.691961 0.565290 -0.395608
-0.484120 0.580914 -0.178965
0.455035 -1.151437 -0.159122
0.673154 -1.181114 -0.177599
0.683662 -1.244500 0.043676
0.735899 -1.075367 0.075639
0.615682 -0.914135 -0.155640
0.488312 -0.661319 0.251284
0.268664 -0.462570 -0.012145
-0.054501 -0.183274 0.250000
-0.479644 -0.128431 -0.334080
-0.764556 0.033282 0.325427
-1.158790 -0.095884 -0.056322
-1.556778 -0.013273 0.246141
-1.956316 -0.218747 -0.281781
-2.127413 -0.181481 0.296365
-2.216936 -0.307738 -0.040647
-2.102388 -0.105599 0.225280
-1.990870 -0.091584 -0.427322
-1.903586 0.182291 0.299365
-1.809796 0.213229 -0.352442
-1.786738 0.446378 0.165771
-1.654232 0.468557 -0.561675
-1.616105 0.586656 0.304154
-1.519326 0.510370 -0.193489
-1.441320 0.552462 0.097789
-1.263064 0.576074 -0.396627
-1.221903 0.545133 0.326536
-1.105503 0.458190 0.074531
-1.022553 0.417095 0.100890
-0.928515 0.362935 -0.217771
-0.935903 0.248378 0.408210
-0.790409 0.087002 0.497105
-0.632285 0.262178 0.379424
0.528542 -1.219945 0.118103
0.586685 -1.287162 0.113537
0.625662 -1.161169 0.027603
0.500804 -0.969874 0.202120
0.384625 -0.766411 0.132459
0.083229 -0.510717 0.069059
-0.302435 -0.404029 -0.021127
-0.618495 -0.178499 0.058888
-1.091896 -0.173442 0.124143
-1.289754 -0.023161 0.001144
-1.655031 -0.115751 0.078614
-1.956857 -0.068427 0.035950
-2.358693 -0.141142 0.287324
-2.521718 -0.151397 -0.030213
-2.791135 -0.205330 0.035808
-2.663181 -0.068446 0.191830
-2.709671 -0.010838 0.130435
-2.480664 0.160785 0.024109
-2.414306 0.266625 -0.199206
-2.279620 0.469496 0.072506
-2.244719 0.566025 -0.105728
-2.039454 0.627274 -0.081795
-1.970069 0.667135 -0.439895
-1.889089 0.743459 0.029339
-1.849743 0.751082 -0.213540
-1.701908 0.714159 -0.164512
-1.682659 0.725941 -0.501837
-1.544724 0.733899 -0.027138
-1.531157 0.755728 -0.311612
-1.406523 0.645690 -0.158330
-1.397888 0.654538 -0.427027
-1.028658 0.646895 -0.310495
0.490560 -1.345840 0.037722
0.574186 -1.466647 0.048957
0.586312 -1.579667 0.185894
0.626179 -1.324689 0.152817
0.521509 -1.222431 -0.050566
0.312822 -0.707705 0.160806
-0.050108 -0.470463 0.222150
-0.345425 -0.229561 0.028164
-0.697822 -0.139373 0.072388
-1.048440 -0.096183 0.134757
-1.384956 -0.158479 0.073440
-1.804474 -0.176452 0.158590
-2.189927 -0.272671 -0.106670
-2.452697 -0.275059 0.256920
-2.656840 -0.334510 0.014420
-2.646771 -0.240581 0.093858
-2.444592 -0.129651 -0.119334
-2.351924 0.098112 0.333425
-2.136209 0.180837 -0.088283
-2.131550 0.392083 0.035225
-1.901273 0.526494 -0.357584
-1.870555 0.613008 0.199863
-1.709918 0.580377 -0.216465
-1.662942 0.621551 -0.012918
-1.411017 0.674260 -0.416331
-1.380449 0.700017 0.154169
-1.289509 0.607766 -0.157434
-1.297763 0.568717 -0.034908
-1.166443 0.558832 -0.394184
-1.155656 0.478335 0.251554
-1.005018 0.347890 0.096932
-0.843210 0.437495 0.248931
0.432778 -1.570924 0.160752
0.559573 -1.678609 0.229509
0.564628 -1.616689 0.052716
0.562926 -1.233792 0.202129
0.364894 -0.934811 0.290866
0.086079 -0.605926 0.042164
-0.188067 -0.416270 0.091714
-0.442785 -0.204061 0.063440
-0.722447 -0.137610 -0.061468
-0.928263 -0.113222 -0.016764
-1.181594 -0.137480 -0.146212
-1.489766 -0.088769 0.049215
-1.849063 -0.106521 -0.099488
-2.098367 -0.094261 0.043222
-2.376842 -0.102045 -0.300342
-2.360398 -0.048973 0.320162
-2.332524 0.072834 -0.190179
-2.170090 0.172466 0.256328
-2.178174 0.392220 -0.387939
-2.130644 0.513767 0.287990
-2.061360 0.691177 -0.223524
-1.948671 0.739534 0.198809
-1.951301 0.856605 -0.455810
-1.889575 0.886863 -0.041235
-1.736069 0.946778 -0.156239
-1.635405 0.900556 0.012331
-1.620574 0.956325 -0.351949
-1.574720 0.906726 -0.209268
-1.408387 0.880273 -0.277866
-1.352033 0.731752 -0.046979
-1.260369 0.699141 -0.244836
-1.005793 0.685347 -0.164595
0.176350 -1.898291 0.096587
0.084488 -2.202960 0.204779
0.103302 -2.406087 0.192352
0.224890 -2.339063 0.402061
0.336828 -2.337969 0.103583
0.378539 -1.360644 0.297183
0.271054 -1.079268 0.167872
0.076539 -0.468607 0.078775
-0.224441 -0.227445 0.135200
-0.543552 -0.154131 0.090767
-0.776306 -0.101083 -0.088747
-1.047009 -0.104864 0.007248
-1.373082 -0.095517 -0.307264
-1.642087 -0.056526 0.148281
-1.815525 -0.071234 -0.277767
-1.972167 -0.015214 0.096227
-1.853157 0.027462 -0.424217
-1.848059 0.162711 0.348204
-1.703551 0.290134 -0.299618
-1.702807 0.464857 0.234910
-1.619707 0.559028 -0.463080
-1.654992 0.669843 0.318842
-1.577848 0.693709 -0.262404
-1.518001 0.727768 0.032347
-1.298885 0.744247 -0.288877
-1.313952 0.766544 0.068475
-1.249004 0.759519 -0.093889
-1.205057 0.738446 -0.102263
-1.125172 0.656657 -0.184221
-1.155460 0.584960 0.077972
-0.969727 0.511473 0.122764
-0.818804 0.553235 0.137681
-0.205970 -2.051869 0.376037
-0.171133 -2.242489 0.317664
-0.210548 -2.327692 0.229323
0.007064 -2.302516 0.411245
0.027333 -2.197428 0.516782
0.170619 -1.006443 0.204024
0.114023 -0.646817 0.171530
-0.102530 -0.389952 0.043752
-0.337303 -0.288599 -0.146261
-0.502726 -0.208607 -0.219268
-0.653894 -0.156205 -0.326080
-0.861339 -0.056152 -0.133620
-1.092773 0.024371 -0.337625
-1.269414 0.110945 -0.098818
-1.489480 0.027415 -0.661281
-1.597712 0.091088 0.315757
-1.636211 0.135811 -0.431328
-1.599050 0.201942 0.174953
-1.554698 0.290318 -0.722898
-1.595377 0.401720 0.352097
-1.707740 0.545235 -0.435729
-1.639830 0.616301 0.106214
-1.591150 0.718541 -0.668449
-1.501554 0.763929 0.193304
-1.506100 0.872342 -0.345091
-1.418787 0.847210 -0.115052
-1.402823 0.920438 -0.543738
-1.299537 0.856894 0.001047
-1.310295 0.835726 -0.254915
-1.217701 0.662427 -0.095663
-1.162825 0.614388 -0.289174
-0.845345 0.607401 -0.149222
-0.518747 -2.306868 0.282795
-0.770121 -2.809838 0.428738
-0.922631 -2.995198 0.412362
-0.833726 -2.858963 0.699187
-0.699301 -2.957448 0.197255
-0.377447 -2.545154 0.556394
-0.096063 -2.318879 0.400521
0.121197 -0.926199 0.121016
0.077481 -0.480287 0.085883
-0.115309 -0.209464 0.005825
-0.309070 -0.086487 -0.281925
-0.432150 -0.034561 -0.192592
-0.568529 0.010542 -0.812751
-0.666245 0.087674 0.177820
-0.917610 0.007546 -0.556422
-1.155726 0.072109 0.142358
-1.139839 0.116526 -0.917842
-1.203040 0.242970 0.476407
-1.043493 0.216246 -0.606466
-1.061620 0.321073 0.346398
-1.047227 0.406156 -0.821088
-1.137638 0.507344 0.399967
-1.118834 0.486669 -0.443131
-1.107705 0.590260 0.075323
-0.966580 0.644622 -0.591175
-1.007494 0.736373 0.146071
-1.047162 0.640542 -0.207364
-1.038063 0.658982 -0.053830
-0.993951 0.618205 -0.352993
-1.011819 0.567335 -0.019071
-0.928428 0.489556 0.065757
-0.726559 0.484793 0.070123
-0.301375 -2.256223 0.550977
-0.470817 -2.587814 0.467530
-0.530859 -2.734501 0.364532
-0.392935 -2.585881 0.462005
-0.268572 -2.558034 0.647438
0.038881 -1.457680 0.193026
0.160478 -0.854647 0.260870
0.013305 -0.566986 -0.044627
-0.171419 -0.448163 -0.076223
-0.266072 -0.385025 -0.184607
-0.385445 -0.265555 -0.400060
-0.543779 -0.140862 -0.199027
-0.714057 0.053527 -0.340603
-0.865525 0.075661 -0.191349
-1.006367 0.176605 -0.606889
-1.124859 0.151752 0.035759
-1.137786 0.241626 -0.314840
-1.109421 0.202114 0.180542
-1.117159 0.246411 -0.535961
-1.100859 0.249878 0.302755
-1.105400 0.352958 -0.396947
-1.085106 0.396277 0.160464
-1.092105 0.459047 -0.502723
-1.094172 0.522626 0.111046
-1.087423 0.631197 -0.209867
-1.063972 0.688314 0.181089
-1.091482 0.737901 -0.361263
-1.047130 0.736895 0.024490
-0.970464 0.681583 -0.134820
-0.948194 0.593786 0.101668
-0.881016 0.529779 -0.152296
-0.666872 0.514925 -0.086303
-0.092580 -2.468643 0.369779
-0.261802 -3.017668 0.574645
-0.412962 -3.180529 0.370156
-0.465837 -3.098884 0.819248
-0.465647 -2.988566 0.137984
-0.341746 -2.806752 0.730043
-0.148735 -2.862354 0.425470
0.138290 -1.680722 0.350250
0.173913 -1.049592 0.235029
0.039508 -0.259682 -0.016146
-0.019001 -0.098055 -0.302771
-0.214375 -0.072026 -0.272929
-0.323820 -0.092260 -0.893910
-0.539196 -0.035211 0.076974
-0.534550 -0.000822 -0.751382
-0.812307 -0.004050 -0.212226
-0.731727 -0.007246 -1.110541
-0.857368 0.090927 0.550411
-0.795569 0.080334 -0.772332
-0.795531 0.090210 0.169478
-0.680459 0.145685 -0.810320
-0.768664 0.221094 0.444421
-0.752446 0.265923 -0.465371
-0.772908 0.351703 0.050182
-0.653558 0.400733 -0.560321
-0.734532 0.496626 0.160793
-0.783440 0.500639 -0.250018
-0.823288 0.546651 -0.011470
-0.707971 0.524560 -0.326273
-0.786467 0.531608 0.022420
-0.716866 0.478346 -0.015824
-0.557971 0.492277 0.099512
0.039588 -2.419975 0.554083
-0.022410 -2.687685 0.780137
-0.000213 -2.903528 0.325832
0.004496 -2.661903 0.717895
0.048163 -2.566259 0.600620
0.169195 -1.478587 0.216839
0.266340 -0.990794 0.272219
0.093742 -0.649503 0.133651
-0.034972 -0.552091 -0.207874
-0.122873 -0.467793 0.235655
-0.230261 -0.331687 -1.104828
-0.264062 -0.200073 0.815101
-0.424078 -0.041016 -1.326486
-0.597183 0.172887 0.708703
-0.609330 0.044208 -2.037495
-0.651109 0.173883 1.507029
-0.751469 0.081185 -1.331655
-0.795684 0.164697 0.674742
-0.693681 0.137048 -1.592149
-0.725868 0.222543 1.219071
-0.719502 0.179820 -0.954221
-0.677575 0.275378 0.363234
-0.585252 0.313877 -1.159747
-0.608727 0.382002 0.526603
-0.724624 0.447590 -0.528233
-0.719674 0.505282 0.156015
-0.685980 0.566051 -0.704644
-0.631854 0.581427 0.121496
-0.660915 0.597136 -0.257468
-0.650821 0.540072 -0.057602
-0.603153 0.487630 -0.182790
-0.436373 0.510977 -0.091828
0.183910 -2.598861 0.435287
0.152700 -3.034423 0.718661
0.145526 -3.308648 0.370094
0.105465 -3.194654 1.009632
0.075361 -3.089067 0.034327
0.038619 -2.866462 0.901828
0.155203 -2.917221 0.345862
0.339420 -2.085467 0.528388
0.336054 -1.568434 0.180755
0.197336 -0.359092 0.497121
0.086425 -0.209443 -0.700805
-0.066470 -0.028536 0.551132
-0.145708 -0.143700 -2.118310
-0.123006 0.047302 1.432478
-0.197476 -0.207547 -1.834695
-0.387914 0.024020 0.994392
-0.477404 -0.120650 -2.766382
-0.356138 0.215320 2.036041
-0.259230 -0.060931 -1.879694
-0.333858 0.168532 1.247509
-0.360844 0.190783 -2.165663
-0.276117 0.317766 1.482436
-0.257667 0.182215 -1.092260
-0.242116 0.305953 0.633801
-0.264421 0.362104 -1.302521
-0.324878 0.485402 0.469365
-0.430185 0.409966 -0.563361
-0.452894 0.494138 0.281444
-0.452474 0.520482 -0.449373
-0.505161 0.548185 0.138428
-0.475495 0.505477 -0.133061
-0.310827 0.529192 0.034272
0.303985 -2.468745 0.614278
0.320690 -2.728143 0.764959
0.389474 -2.974587 0.309621
0.370382 -2.605197 0.667172
0.394998 -2.431645 0.514711
0.402857 -1.275217 0.175291
0.421916 -0.943274 0.351486
0.337541 -0.806238 0.169324
0.241087 -0.706236 0.033995
0.093442 -0.516832 0.372884
-0.152004 -0.305930 -0.543214
-0.187398 -0.038328 0.454855
-0.340595 0.042555 -0.541605
-0.308807 0.123373 0.591238
-0.493102 0.067290 -1.289421
-0.435586 0.167681 0.915325
-0.506567 0.109685 -0.716698
-0.435282 0.198599 0.904507
-0.435199 0.128936 -1.084180
-0.398562 0.283102 0.768272
-0.355261 0.208442 -0.469314
-0.331531 0.321664 0.745423
-0.300747 0.262181 -0.772506
-0.306555 0.386395 0.390763
-0.274309 0.393409 -0.365668
-0.281021 0.470900 0.603508
-0.347082 0.428981 -0.519488
-0.321849 0.517390 0.297022
-0.307849 0.503397 -0.468159
-0.266119 0.550252 0.070524
-0.213904 0.526471 -0.162784
-0.095074 0.550740 0.004573
0.419591 -2.561560 0.469075
0.492579 -2.986305 0.648381
0.493467 -3.362726 0.439331
0.516246 -3.209878 0.903543
0.438272 -3.101158 0.174856
0.374647 -2.873152 0.756621
0.450099 -2.628493 0.307774
0.467339 -1.139201 0.354099
0.470097 -0.628874 0.257045
0.445260 -0.412968 0.372945
0.374381 -0.229450 -0.074074
0.260336 -0.081135 0.276591
0.087418 -0.089002 -0.554882
-0.040759 -0.040744 0.665664
-0.195217 -0.038045 -0.472981
-0.273077 0.082675 0.444366
-0.293500 -0.055239 -1.184323
-0.342580 0.132450 1.330277
-0.374429 0.077039 -0.747249
-0.295768 0.232109 0.578358
-0.177378 0.196513 -0.909609
-0.175669 0.254708 0.991239
-0.193724 0.229925 -0.562331
-0.111361 0.282020 0.295426
-0.055178 0.302906 -0.701152
-0.075256 0.358011 0.325079
-0.140618 0.411992 -0.399404
-0.119738 0.458099 0.147217
-0.124771 0.537914 -0.368225
-0.109110 0.555998 0.142575
-0.111170 0.567045 -0.109598
-0.017043 0.579861 0.125573
0.418543 -2.180456 0.586459
0.439826 -2.321162 0.700225
0.544944 -2.559264 0.351175
0.483281 -2.136649 0.704633
0.472074 -1.721648 0.322362
0.356232 -1.059721 0.195925
0.362260 -0.833971 0.278453
0.302853 -0.799691 0.221415
0.238228 -0.696504 -0.066352
0.212080 -0.502534 0.381061
0.181545 -0.311049 -0.441584
0.188132 -0.174248 0.596759
0.093138 -0.036326 -0.743968
-0.092100 0.020323 0.726724
-0.218036 -0.014140 -1.603486
-0.202769 0.119756 1.518811
-0.310746 0.089489 -1.132625
-0.355945 0.199699 0.924234
-0.254920 0.141561 -1.573428
-0.197298 0.293788 1.555714
-0.186299 0.180415 -0.922964
-0.200456 0.331319 0.619435
-0.062063 0.293659 -1.216752
-0.024130 0.404273 0.947988
-0.082431 0.377276 -0.630374
-0.064817 0.438024 0.527700
-0.084981 0.479848 -0.806037
-0.025731 0.497590 0.284577
0.015319 0.510514 -0.377008
0.065872 0.502861 0.302342
0.144476 0.507396 -0.303610
0.121492 0.542518 -0.093606
0.529310 -2.260267 0.436649
0.596471 -2.492025 0.659865
0.641026 -2.867936 0.419378
0.615669 -2.637894 0.838762
0.522733 -2.508624 0.134109
0.484744 -2.158245 0.697756
0.523587 -1.696066 0.304200
0.504148 -0.875359 0.303543
0.497659 -0.514834 0.198765
0.451692 -0.437568 0.339930
0.394645 -0.270170 -0.134062
0.244487 -0.162585 0.328305
0.179216 -0.049658 -1.176293
0.090539 0.106530 1.083651
0.071642 -0.055094 -1.095939
-0.070296 0.116239 1.016293
-0.151507 0.003982 -2.227498
-0.139363 0.301646 2.107153
0.044946 0.149466 -1.358005
-0.054459 0.235454 1.350481
-0.020728 0.290582 -1.889988
-0.075414 0.419046 1.859882
0.045972 0.242635 -0.985771
0.088860 0.325091 0.820634
0.122954 0.365279 -1.110612
0.114196 0.440199 0.631442
0.098171 0.426161 -0.582034
0.099370 0.466261 0.366685
0.079979 0.565225 -0.423040
0.046849 0.569928 0.141484
0.056513 0.626788 -0.258667
0.117630 0.638813 0.137302
0.399043 -1.783905 0.606364
0.481506 -1.853569 0.560961
0.584871 -2.020757 0.435375
0.497208 -1.578424 0.602742
0.435050 -1.212479 0.332232
0.321318 -0.998684 0.314574
0.330012 -0.851835 0.172521
0.367695 -0.773340 0.297913
0.377618 -0.645213 0.092791
0.402692 -0.481131 0.264336
0.449907 -0.339242 -0.149937
0.411668 -0.139499 0.441585
0.298801 -0.146408 -0.298716
0.144004 0.003532 0.635930
-0.048308 -0.029591 -0.800529
-0.088859 0.141197 0.855017
-0.085659 0.035035 -0.535241
-0.129405 0.196445 0.897125
-0.026125 0.085899 -0.793662
-0.099014 0.316803 1.025454
-0.008032 0.143152 -0.694252
-0.031112 0.338287 0.950596
0.146115 0.244892 -0.700104
0.169752 0.377313 0.678969
0.241054 0.321183 -0.733045
0.245960 0.420393 0.771723
0.235318 0.379588 -0.590536
0.234290 0.500043 0.489441
0.238240 0.520236 -0.576277
0.226658 0.574076 0.202547
0.235818 0.565627 -0.156082
0.219693 0.602812 0.047974
0.578527 -1.836251 0.474336
0.643384 -1.989120 0.536819
0.629847 -2.242210 0.440053
0.614803 -2.050988 0.593481
0.562457 -1.931270 0.304863
0.596682 -1.609500 0.501088
0.583688 -0.999548 0.237108
0.555776 -0.734176 0.249006
0.529733 -0.582819 0.116039
0.568652 -0.445773 0.330178
0.598224 -0.349094 -0.039925
0.601432 -0.166196 0.254782
0.557652 -0.138107 -0.259074
0.527741 0.015006 0.451476
0.404135 0.016133 -0.298303
0.271266 0.174677 0.356489
0.325175 0.103335 -0.498240
0.222435 0.227663 0.855933
0.207453 0.207782 -0.571842
0.160304 0.327930 0.553003
0.263605 0.254179 -0.561367
0.233717 0.320250 0.932561
0.268617 0.258552 -0.636229
0.331225 0.360502 0.551772
0.394751 0.356627 -0.517887
0.400607 0.427855 0.497225
0.327183 0.427937 -0.574083
0.331891 0.510666 0.295090
0.274952 0.527029 -0.415440
0.244136 0.612065 0.177764
0.166227 0.588998 -0.030320
0.187308 0.609852 0.052486
0.475771 -1.488889 0.472644
0.558822 -1.467202 0.554941
0.637022 -1.543633 0.345321
0.621573 -1.163425 0.473529
0.637699 -0.925698 0.250103
0.632922 -0.873924 0.310467
0.616146 -0.680328 0.221289
0.689909 -0.626982 0.311616
0.677437 -0.478142 0.154771
0.688602 -0.369875 0.353081
0.640533 -0.241521 -0.039771
0.740500 -0.127597 0.334825
0.719097 -0.048057 0.028683
0.674730 0.004552 0.374287
0.593334 0.011941 -0.377354
0.680897 0.105454 0.537021
0.567024 0.088000 -0.225100
0.557625 0.204782 0.488224
0.533896 0.136067 -0.606722
0.598642 0.289839 0.812205
0.479455 0.172652 -0.421521
0.510902 0.304472 0.530857
0.492493 0.219938 -0.782945
0.634129 0.330895 0.783659
0.545035 0.278060 -0.495735
0.595448 0.346285 0.413655
0.540550 0.390263 -0.877805
0.536449 0.475447 0.395867
0.415986 0.450312 -0.355535
0.456793 0.512882 0.236007
0.433829 0.527993 -0.282261
0.357101 0.548805 -0.106968
0.613298 -1.530041 0.358492
0.651632 -1.611176 0.535876
0.705945 -1.801263 0.357624
0.637706 -1.608140 0.664500
0.600542 -1.435808 0.154864
0.592234 -1.189225 0.542505
0.640553 -0.766762 0.175439
0.665411 -0.681622 0.253440
0.661759 -0.518733 0.065004
0.671327 -0.467080 0.336302
0.745165 -0.346317 0.141218
0.795057 -0.251805 0.270940
0.764717 -0.120053 -0.125692
0.822380 -0.048496 0.457046
0.901566 -0.025869 -0.039971
0.966121 0.061689 0.374440
0.954124 0.069745 -0.498933
0.945832 0.178790 0.814211
1.040905 0.101891 -0.345367
1.067871 0.227645 0.635973
1.046453 0.202033 -0.693479
0.934387 0.347088 1.016686
0.922895 0.214516 -0.448562
0.946911 0.340251 0.610259
0.835356 0.361536 -0.664732
0.720464 0.473630 0.658149
0.618701 0.368765 -0.314897
0.558128 0.473044 0.320444
0.372970 0.513012 -0.283167
0.250936 0.531842 0.068888
0.205049 0.550094 -0.057714
0.240064 0.554884 0.023674
0.469951 -1.221590 0.376953
0.560927 -1.186280 0.359756
0.626455 -1.235850 0.242790
0.629528 -0.977604 0.300564
0.620849 -0.766507 0.184607
0.650429 -0.753073 0.087078
0.655650 -0.594548 0.164052
0.708905 -0.596293 0.208825
0.687734 -0.470704 0.203320
0.708726 -0.416416 0.102199
0.675937 -0.238523 0.182448
0.746682 -0.141284 0.219820
0.770805 -0.013644 0.107173
0.809435 0.033068 0.095609
0.794577 0.081199 0.087246
0.850967 0.123944 0.304031
0.906450 0.094177 -0.066149
0.947373 0.169460 0.230646
0.940993 0.167995 -0.119701
0.986499 0.279112 0.570039
1.029552 0.187934 -0.398411
1.072196 0.268459 0.279174
1.019960 0.258304 -0.174064
1.030914 0.361616 0.549234
1.003638 0.314591 -0.440929
0.962217 0.374316 0.490406
0.880340 0.396996 -0.162243
0.815276 0.491407 0.404335
0.718104 0.491775 -0.466463
0.654034 0.505208 0.072189
0.502757 0.500899 0.015249
0.414560 0.505865 -0.001712
0.666768 -1.283369 0.266907
0.700025 -1.354758 0.286154
0.747652 -1.416804 0.310091
0.670136 -1.274640 0.301776
0.652626 -1.111219 0.184440
0.660305 -0.937248 0.316701
0.689064 -0.787695 0.194867
0.703098 -0.681983 0.173267
0.716843 -0.629685 0.134929
0.682357 -0.567552 0.284590
0.716155 -0.443096 0.284171
0.749083 -0.282872 0.197167
0.756031 -0.131384 0.224222
0.772228 -0.070841 0.345426
0.813687 -0.034266 0.272560
0.887180 0.010805 0.278870
0.864780 0.017003 0.171132
0.860436 0.056778 0.495364
0.894307 0.050939 0.067294
0.915306 0.167791 0.409018
0.838267 0.115633 0.161686
0.787931 0.192784 0.691957
0.792990 0.164512 0.039411
0.815317 0.296304 0.487282
0.737819 0.250923 0.187122
0.697403 0.341707 0.538099
0.673763 0.332364 0.071228
0.601703 0.431017 0.310287
0.529534 0.464803 0.152318
0.442376 0.497068 0.193183
0.399206 0.502620 0.309521
0.305669 0.523198 0.326919
0.536884 -1.126835 0.197121
0.673147 -1.126050 0.118443
0.663637 -1.031431 -0.028121
0.689569 -0.873358 0.162150
0.722618 -0.740656 0.030642
0.752858 -0.671274 0.179925
0.752097 -0.606968 -0.055683
0.756396 -0.583975 0.210285
0.695429 -0.516473 0.092921
0.661704 -0.381718 0.248612
0.649391 -0.250629 0.145048
0.699436 -0.142379 0.284722
0.701281 -0.023692 0.188195
0.762156 0.023059 0.230422
0.727998 0.081967 0.011749
0.784201 0.086528 0.224900
0.773346 0.071133 0.126342
0.820770 0.110918 0.191215
0.750963 0.116586 -0.003779
0.790911 0.204106 0.328661
0.736263 0.169295 0.220242
0.858495 0.240020 0.238989
0.773541 0.182709 -0.029214
0.838980 0.307795 0.465480
0.788452 0.250270 0.200524
0.917052 0.340766 0.257305
0.789554 0.307522 -0.032064
0.792983 0.405617 0.229603
0.676657 0.383476 0.252809
0.679102 0.396513 0.132130
0.514966 0.412073 0.061745
0.356363 0.473482 -0.134192
0.632166 -0.976149 0.135037
0.588868 -1.075174 0.313383
0.760716 -1.062229 0.170246
0.627304 -0.940223 0.374229
0.664281 -0.806752 0.147498
0.659127 -0.640353 0.319804
0.681817 -0.559829 0.129257
0.631077 -0.477409 0.265024
0.630938 -0.446595 0.072073
0.596001 -0.369025 0.298939
0.607708 -0.244627 0.197349
0.611872 -0.095640 0.303620
0.668097 0.027176 0.245096
0.667710 0.071745 0.388357
0.732822 0.101754 0.291903
0.725283 0.114822 0.302030
0.758016 0.148445 0.191577
0.710487 0.173521 0.401547
0.747243 0.199388 0.274649
0.686625 0.205887 0.358132
0.694766 0.243218 0.194662
0.580774 0.273733 0.541206
0.634472 0.269006 0.348061
0.581023 0.294021 0.488215
0.644553 0.317229 0.236155
0.559373 0.364803 0.572666
0.612859 0.369827 0.387484
0.511707 0.402008 0.332138
0.473750 0.474503 0.330695
0.413884 0.488266 0.312613
0.403471 0.507425 0.344493
0.360754 0.475592 0.232715
