0.840729 -0.317130 -0.284654
0.781668 -0.336455 0.138973
0.890106 -0.454812 0.711757
0.527978 0.592889 -0.487778
1.006782 -0.828815 0.927114
1.281759 1.229704 -0.623631
0.526046 -0.237289 0.576087
0.440288 0.680845 0.023077
1.325476 0.875919 -0.555311
0.449665 0.754900 -0.084322
0.175538 0.334152 0.392847
0.615059 0.322953 0.094557
0.191206 0.234971 0.481953
0.981085 -0.410844 1.075813
0.012131 0.369926 0.246139
1.061473 -0.805304 0.312158
0.636184 -0.248189 -0.157602
0.975300 -0.776025 0.612577
0.192091 0.581077 -0.239268
0.097921 0.536438 -0.568560
1.041468 -0.694844 0.574586
1.051533 1.150274 -0.397231
1.052412 0.563920 -0.699639
0.293851 0.308520 -0.557076
0.363666 -0.235040 0.803196
0.945444 -0.724373 0.860627
0.283430 0.645800 -0.267338
1.282210 -1.052606 0.829804
-0.516487 0.241480 0.048452
0.644916 -0.301045 0.162992
-0.340928 0.396870 -0.533618
0.528740 0.230826 -0.456648
1.049616 0.632683 -0.733889
0.754184 0.131978 -0.233700
1.029236 0.567991 -0.579594
0.924830 0.482572 -0.503792
1.005575 -0.595203 0.454364
0.787815 0.368990 -0.491741
0.705190 -0.085436 0.671480
0.422819 0.611918 -0.625122
0.045564 0.350560 0.271090
0.496118 0.407887 0.200194
0.686817 -0.454201 0.789250
0.270831 -0.061289 -0.405443
0.178014 0.157273 -0.458297
0.401278 -0.413624 -0.142838
-0.246717 -0.221712 0.257916
0.910687 0.263611 0.472470
0.245310 0.423892 -0.420643
1.264207 -0.672143 1.136430
0.940886 -0.756368 0.846222
0.658047 0.425744 -0.187336
0.633246 0.545560 -0.084697
0.302419 -0.212486 1.017821
0.248835 -0.235310 0.743268
1.243906 -0.795536 0.711413
1.063134 -0.117512 -0.443365
0.659711 0.654622 -0.116091
-0.412930 0.451288 -0.312915
1.048441 0.727793 -0.372786
-0.127047 0.299520 -0.359934
0.431312 0.855184 -0.655730
-0.071614 -0.383159 0.370672
0.523197 -0.531795 0.402358
0.115639 -0.430053 -0.101569
0.613397 -0.008559 -0.467755
-0.038419 0.321019 0.336066
0.570396 -0.245480 0.911773
0.317658 0.544838 0.065398
-0.037742 0.044649 0.634586
0.755416 0.591297 -0.330908
0.824873 0.601836 -0.314686
-0.153748 -0.092671 0.561151
1.226821 -0.528596 1.025901
1.386809 1.115943 -0.932803
0.681350 -0.101738 -0.039200
0.610528 -0.207537 0.783009
0.480658 -0.326479 -0.062105
0.688804 -0.318255 0.761883
0.733980 0.665577 -0.320192
0.572467 -0.508235 0.212685
-0.197989 -0.254160 0.288547
1.237475 0.443390 -0.650259
-0.567090 0.169182 0.454594
0.651086 -0.517919 0.059091
0.265501 -0.008987 -0.537551
0.687956 -0.348425 0.115630
0.664824 -0.214738 -0.107176
-0.001122 0.510423 -0.241921
0.944504 0.260593 -0.462975
-0.447568 -0.095159 0.290729
0.877635 -0.510891 0.611232
0.342836 0.128684 0.675667
-0.109591 0.026046 0.377845
0.615214 0.120989 0.281528
0.843400 -0.184069 0.745296
0.185739 -0.536268 0.242530
0.864426 0.861159 -0.971759
0.761252 -0.397171 0.478756
0.157872 0.023274 -0.376565
-0.300986 0.084038 0.222243
0.190679 0.607749 0.056315
0.636508 -0.114653 -0.355433
0.663575 -0.533407 1.206398
0.706455 0.258523 -0.489573
0.897737 0.946681 -0.716187
-0.040045 0.477140 -0.088943
0.280483 0.552479 -0.398956
0.677877 -0.002848 0.500798
0.705368 0.453346 -0.729920
-0.413610 0.414473 0.135879
0.606135 -0.190608 -0.320323
0.956783 -0.711626 0.803198
0.766823 0.402840 -0.189532
0.757112 -0.487062 0.365675
-0.362636 0.012286 -0.178785
0.569226 -0.515715 0.805272
0.732765 0.477970 -0.257369
1.074667 0.730220 -0.928939
-0.173531 0.423099 -0.258341
0.975166 -0.528423 0.512836
0.819604 -0.620985 0.616949
0.544726 -0.159365 -0.387165
0.768798 0.549847 -0.385857
0.849845 0.281546 -0.223139
0.908141 0.681082 -0.143948
0.718950 0.376869 -0.346352
0.434231 0.415408 0.183695
0.836981 -0.631125 0.384890
-0.326695 0.154028 -0.125013
0.918680 0.497640 -0.507562
0.369224 -0.270540 -0.132904
0.067142 0.506601 -0.307148
0.735242 0.795821 -0.132302
-0.063028 -0.059640 -0.310796
1.006700 -0.521677 1.063843
0.678511 0.501314 -0.083949
0.007646 0.416271 0.223403
-0.087133 -0.169934 -0.195973
0.639635 0.840384 -0.525430
1.004588 -0.073767 -0.736670
-0.016306 0.368233 -0.200157
0.026085 -0.235237 0.696084
0.373078 0.381599 -0.502368
0.604755 -0.106992 0.704121
0.720363 -0.291950 0.410059
-0.155853 0.039760 -0.295398
0.210382 -0.018642 0.733360
-0.267868 0.412691 0.071967
0.525334 0.704424 -0.165402
0.911224 -0.201695 -0.161989
1.121526 1.091734 -0.659468
0.664436 0.410155 -0.260923
0.594650 0.285981 -0.695610
0.165125 0.114380 -0.468484
0.344185 0.113711 0.485238
0.696688 0.497456 -0.175896
-0.294799 0.476332 -0.028336
1.023955 -0.726083 -0.162676
0.014824 -0.069665 0.581867
-0.570164 -0.215636 -0.147445
1.240500 0.610043 -0.919668
0.987187 0.595720 -0.623040
0.664221 0.191029 0.256331
0.767654 0.541312 -0.506668
0.989524 0.762885 -0.592754
0.631799 -0.177880 0.108009
0.574715 0.385310 -0.281501
0.719246 0.423724 -0.364225
0.130973 -0.273720 -0.292945
0.798354 0.504298 -0.258950
-0.172532 0.213758 0.355574
0.274608 -0.008243 0.626637
0.820001 0.804373 -0.244600
0.849433 0.510205 -0.567667
0.516019 0.517842 0.032511
0.991290 0.734261 -0.384815
0.736589 0.162744 -0.266167
0.337924 -0.558486 0.199128
0.867046 -0.333232 0.715321
1.017333 0.964838 -0.433083
0.339889 0.531006 -0.119600
0.801194 0.656445 -0.346299
1.222286 0.818224 -0.809675
0.426301 -0.190344 0.404524
0.797587 -0.491251 0.276130
1.289900 1.010294 -0.845496
-0.192472 0.264545 -0.210975
0.852966 -0.430478 0.763520
0.500791 0.352391 -0.568602
0.247419 0.611321 -0.862590
0.799970 0.437757 -0.340876
0.756445 -0.504312 -0.111164
0.627865 0.738488 -0.669223
-0.340374 0.097944 0.349497
0.777143 -0.104918 0.275417
0.758239 -0.614596 0.106873
0.789538 -0.662338 0.460408
-0.136635 -0.393042 0.045212
1.265556 0.653182 -0.889019
0.856458 0.532869 -0.137632
0.507556 0.953593 -0.268340
0.686875 0.532855 -0.171171
0.022388 0.094214 0.486951
0.833192 -0.723325 0.208759
0.851561 0.598117 0.203289
0.028429 0.232276 -0.335019
0.660177 0.379280 -0.005104
0.082471 -0.115775 0.640475
0.952422 -0.472534 -0.069318
0.888397 0.997134 -0.487162
0.827616 0.730324 -0.403223
0.833977 0.716096 -0.566110
0.525990 0.281215 0.338532
-0.284144 0.244314 0.160325
0.013510 -0.256840 -0.154090
0.093882 0.405147 -0.180128
0.718798 0.330407 -0.373211
0.219398 0.308767 -0.486172
0.877342 0.867800 -0.332302
-0.011496 0.295226 -0.460675
-0.074054 0.389206 0.117941
-0.601972 0.239522 -0.354184
0.467939 -0.469849 0.653576
-0.307662 -0.194888 0.662627
0.831817 -0.558858 0.510841
0.344046 -0.482625 -0.029646
-0.295620 0.120624 -0.391260
1.300059 -0.946554 1.122449
0.571172 -0.444608 0.001269
0.773116 0.774415 -0.201330
0.861827 0.235692 -0.740191
-0.220188 -0.324292 0.145483
0.011373 0.065100 -0.470795
0.244304 -0.175849 -0.404319
0.692076 0.348136 -0.294907
0.271387 -0.502365 0.567451
0.380911 0.518371 0.118228
-0.375951 -0.042859 -0.076151
-0.240658 0.333521 -0.053406
0.554380 0.416489 -0.624359
0.028846 -0.354351 0.635771
0.545971 -0.613539 0.351437
1.105109 1.025290 -0.334799
-0.279626 -0.206310 -0.213754
0.448830 0.259272 0.361451
-0.544208 0.218949 0.083823
0.750816 -0.353449 0.569076
-0.129612 -0.214617 -0.307511
-0.392938 -0.295912 0.086533
-0.117413 -0.196672 -0.221930
0.859535 -0.624493 0.364731
-0.129768 -0.338452 -0.121165
0.049466 0.552763 -0.031632
0.642228 0.822866 -0.556934
0.092081 -0.261560 0.363067
-0.539468 -0.155611 -0.217695
-0.691353 0.035684 0.203749
-0.834555 0.102758 -0.198142
-0.760169 0.101164 0.186422
-0.802091 0.005025 -0.076089
-0.616848 0.110757 0.105722
-0.582959 0.111900 -0.190914
-0.493909 0.291361 0.132990
-0.664188 0.197785 -0.086561
-0.589212 0.291640 0.009169
-0.640949 0.225432 -0.217315
-0.466480 0.270959 0.033410
-0.465569 0.148466 -0.158733
-0.370170 0.157418 0.031487
-0.330410 0.118104 -0.271163
-0.350789 0.171328 0.266826
-0.538173 0.104852 -0.179137
-0.622444 0.117620 0.044092
-0.555004 0.065106 -0.497992
-0.515944 0.125839 0.365191
-0.607112 0.111351 -0.263735
-0.601136 0.106374 0.133357
-0.456110 0.077083 -0.426167
-0.398783 0.109049 0.436164
-0.467456 0.086937 -0.138928
-0.423134 0.052726 0.226465
-0.278228 0.084955 -0.317046
-0.231227 0.138140 0.489272
-0.272096 0.161541 -0.090832
-0.225130 0.213436 0.328669
-0.123398 0.296791 -0.130113
-0.060630 0.397798 0.159104
-0.944882 -0.214955 -0.154834
-1.135393 -0.223956 0.017419
-1.248566 -0.453520 0.161288
-1.164627 -0.366535 0.291572
-1.217542 -0.554408 0.212679
-1.205684 -0.423991 0.470287
-1.368885 -0.500024 0.390787
-1.328966 -0.200178 0.314474
-1.482916 -0.265018 0.380731
-1.509523 -0.036100 0.337618
-1.545463 -0.145602 0.421621
-1.224029 0.088564 0.164976
-1.091555 0.075293 0.099226
-0.831349 0.196475 0.154103
-0.769458 0.121773 0.069855
-0.568833 0.131704 0.071914
-0.650282 0.069984 -0.193125
-0.732276 0.065905 0.345789
-0.770476 -0.006314 0.041903
-0.713877 -0.035432 0.231106
-0.596711 -0.006155 -0.255219
-0.606015 0.013453 0.530766
-0.607422 -0.089817 0.166195
-0.506418 -0.129262 0.329945
-0.414260 -0.105562 -0.073610
-0.391635 -0.098078 0.592804
-0.438348 -0.128000 0.288974
-0.354266 -0.113314 0.492715
-0.285212 0.001649 -0.031325
-0.205159 -0.002484 0.566729
-0.202902 0.025759 0.454973
-0.105572 0.159756 0.482127
-0.993435 -0.186329 0.060439
-1.144411 -0.149830 0.110987
-1.449348 -0.262739 0.172989
-1.362499 -0.182463 0.222658
-1.598269 -0.307236 0.448655
-1.342410 -0.047159 0.207695
-1.573786 -0.129504 0.418966
-1.439423 0.258246 0.181325
-1.805318 0.158444 0.416957
-1.624808 0.322518 0.052692
-1.844257 0.187187 0.220148
-1.436237 0.244330 -0.000323
-1.334800 0.116419 0.191060
-0.962463 0.227013 -0.127488
-0.986434 0.156330 -0.045017
-0.953357 0.218617 0.091838
-1.185662 0.137904 -0.001464
-1.125896 0.194450 -0.086401
-1.189761 0.175978 -0.450478
-1.106874 0.238374 0.080831
-1.217478 0.258546 -0.134088
-1.039519 0.256420 -0.110820
-1.003637 0.237227 -0.251586
-0.900000 0.221405 0.106987
-0.925833 0.232464 0.119053
-0.715736 0.163129 -0.020208
-0.703002 0.194888 -0.091017
-0.620638 0.215553 0.152484
-0.679022 0.281364 0.160108
-0.589130 0.271855 0.193385
-0.625801 0.260927 0.007416
-0.419001 0.331423 -0.049251
-1.137066 -0.559749 -0.103334
-1.427447 -0.830215 0.048625
-1.525311 -1.067884 0.156042
-1.572923 -1.021216 0.287542
-1.639658 -1.106407 0.213226
-1.774006 -1.001154 0.421506
-1.880623 -1.039284 0.515751
-1.999531 -0.935850 0.417304
-2.137900 -0.926439 0.537669
-2.271779 -0.640471 0.471029
-2.429759 -0.427203 0.570914
-2.247514 -0.162206 0.263660
-1.920476 -0.002585 0.077199
-1.488607 0.122560 0.167570
-1.253201 0.156234 0.001767
-1.051656 0.165622 0.029248
-0.985863 0.202784 -0.258363
-0.937424 0.216144 0.285845
-0.950212 0.164090 -0.104114
-0.938861 0.182750 0.056284
-0.885444 0.218154 -0.445941
-0.895001 0.236866 0.313873
-0.867491 0.148072 -0.082585
-0.804516 0.140263 0.194150
-0.680836 0.161805 -0.212033
-0.670290 0.128448 0.412703
-0.608325 0.131700 0.077529
-0.573671 0.091035 0.410205
-0.509599 0.196287 -0.120379
-0.509669 0.174269 0.462740
-0.431503 0.180388 0.191254
-0.295112 0.235450 0.387020
-0.869591 -0.598946 0.084939
-0.981875 -0.636375 0.029065
-1.138163 -0.805093 0.150904
-1.067248 -0.775693 0.206999
-1.257402 -0.866701 0.364091
-1.182102 -0.616166 0.243757
-1.427069 -0.602907 0.317215
-1.609076 0.034611 0.224747
-1.823525 -0.012558 0.233691
-1.849075 0.098561 0.278818
-1.841988 0.080628 0.013916
-1.741747 0.108390 0.242382
-1.593242 0.138781 0.098201
-1.454351 0.219696 0.176463
-1.377340 0.217398 -0.174004
-1.300951 0.243398 0.299161
-1.410942 0.311716 0.022618
-1.379327 0.336810 0.070902
-1.488382 0.479876 -0.519561
-1.373147 0.481399 -0.048476
-1.322177 0.600908 -0.183776
-1.214467 0.517121 -0.005380
-1.195865 0.582894 -0.346464
-1.120631 0.526423 0.004607
-0.988274 0.533686 -0.020447
-0.882190 0.417335 0.104147
-0.779389 0.460995 -0.098000
-0.736206 0.469222 0.188614
-0.652996 0.513632 0.075937
-0.661735 0.449527 0.280524
-0.634345 0.410554 0.085159
-0.480212 0.424415 0.107969
-0.915271 -1.004849 -0.087955
-1.107150 -1.410177 -0.129588
-1.151432 -1.556879 0.094209
-1.156722 -1.561358 0.245388
-1.262335 -1.632415 0.110630
-1.379720 -1.561366 0.511906
-1.619198 -1.619825 0.375825
-1.691499 -1.390885 0.490045
-1.827964 -1.065860 0.352919
-1.784394 -0.274442 0.366162
-1.883773 -0.107532 0.290433
-1.725274 -0.018501 0.367747
-1.620476 0.060442 -0.113304
-1.359208 0.081002 0.451852
-1.074247 0.224009 -0.175811
-1.006559 0.261547 0.308055
-1.051153 0.328077 -0.331902
-1.210877 0.307212 0.508465
-1.132102 0.396915 -0.203066
-1.123685 0.409240 0.004649
-1.003514 0.425930 -0.535721
-1.057216 0.417140 0.265300
-0.988128 0.382492 -0.153547
-0.951574 0.354190 -0.017114
-0.765313 0.370046 -0.257501
-0.771841 0.321997 0.286204
-0.708715 0.295905 0.192586
-0.650759 0.247101 0.216876
-0.500738 0.296974 -0.063102
-0.519501 0.286639 0.338984
-0.374504 0.289435 0.323044
-0.316279 0.323384 0.371215
-0.709275 -0.945971 0.028766
-0.754651 -1.029814 -0.027142
-0.797849 -1.185608 -0.020806
-0.739292 -1.068920 0.097769
-0.897464 -1.380203 0.227108
-0.846294 -0.565817 0.050981
-0.986200 -0.425289 0.018653
-1.016189 0.051400 0.118133
-1.113041 0.000897 -0.074959
-1.099544 0.118643 0.249093
-1.169736 0.043265 -0.267298
-1.313128 0.078465 0.442505
-1.278897 0.060994 -0.229283
-1.285394 0.194308 0.445536
-1.178595 0.257854 -0.694826
-1.241495 0.235193 0.879693
-1.313126 0.347920 -0.572965
-1.448112 0.472887 0.374199
-1.460790 0.579363 -1.509472
-1.374903 0.528467 0.809250
-1.405609 0.610874 -0.863573
-1.273977 0.613871 0.071290
-1.127569 0.696385 -1.085288
-0.986753 0.658527 0.331828
-0.976448 0.704708 -0.305378
-0.830467 0.634109 0.018133
-0.739761 0.693413 -0.419800
-0.647584 0.712919 0.216457
-0.612934 0.804022 0.078353
-0.535740 0.730645 0.203129
-0.531134 0.689403 0.101705
-0.414134 0.598228 0.132530
-0.755053 -1.233767 -0.056499
-0.816858 -1.622936 -0.154063
-0.834374 -1.735358 0.020955
-0.812032 -1.784884 0.188188
-0.931785 -1.770161 -0.055800
-1.001471 -1.559355 0.388595
-1.134499 -1.622593 0.235474
-1.075442 -0.966021 0.197520
-1.010660 -0.568042 0.053608
-0.910287 -0.079999 0.348771
-0.943191 0.110926 -0.042416
-0.937330 0.125087 0.560588
-0.925996 0.206739 -0.624117
-0.873028 0.249256 1.147565
-0.848848 0.292700 -0.516870
-0.896869 0.255717 0.933314
-0.903072 0.394834 -1.260087
-0.941995 0.401887 1.377610
-0.864244 0.312860 -0.904495
-0.920900 0.342242 0.871291
-0.834712 0.414568 -1.590386
-0.791854 0.454076 0.892509
-0.793078 0.280743 -0.759318
-0.747272 0.361100 0.410884
-0.620867 0.447813 -0.793246
-0.574945 0.524351 0.465469
-0.556840 0.444174 -0.177891
-0.521728 0.448321 0.260634
-0.402770 0.515114 -0.186788
-0.349922 0.456026 0.269307
-0.297224 0.411716 0.156059
-0.197279 0.365647 0.199661
-0.569085 -1.087033 0.050533
-0.584457 -1.168729 -0.027143
-0.543264 -1.299228 0.038220
-0.488470 -1.062413 0.115857
-0.604047 -1.232743 0.302151
-0.634241 -0.473813 -0.046226
-0.799354 -0.313633 0.110483
-0.870515 -0.024167 0.058832
-1.026684 0.024388 0.081736
-1.129002 0.069694 0.283878
-1.201890 0.054050 -0.029025
-1.213788 0.101914 0.440214
-1.224005 0.129508 0.081083
-1.145078 0.179028 0.662541
-1.049844 0.225493 -0.462262
-1.037741 0.310415 0.592357
-1.059958 0.370118 -0.249257
-1.152535 0.359508 0.831222
-1.163239 0.373782 -0.954409
-1.138419 0.383830 0.435275
-1.034457 0.434510 -0.502392
-0.917152 0.476045 0.579595
-0.848405 0.519773 -0.570430
-0.776745 0.558497 0.169315
-0.637137 0.649355 -0.113504
-0.562875 0.723095 0.383598
-0.511614 0.801041 -0.075434
-0.509143 0.894108 0.235438
-0.360385 0.937724 0.115307
-0.307906 0.943835 0.465153
-0.316439 0.925789 0.247062
-0.265492 0.775007 0.305265
-0.486020 -1.299259 -0.058939
-0.511270 -1.650968 -0.193451
-0.528546 -1.784285 -0.000944
-0.513922 -1.852760 0.152903
-0.546763 -1.899564 -0.073388
-0.571971 -1.703113 0.287248
-0.640237 -1.677525 0.172580
-0.720554 -0.755405 0.067375
-0.680749 -0.427122 0.031328
-0.672748 -0.052806 0.286821
-0.728098 0.134596 0.055894
-0.800598 0.123698 0.522129
-0.717171 0.163623 -0.393395
-0.857971 0.129946 0.989359
-0.705915 0.291420 -0.279525
-0.770197 0.209329 0.627365
-0.652079 0.205601 -0.761293
-0.846522 0.198424 0.966805
-0.771725 0.225718 -0.494617
-0.853365 0.179917 0.314445
-0.692521 0.119923 -0.886901
-0.722061 0.109823 0.671508
-0.693231 0.089311 -0.441889
-0.611048 0.109477 0.129238
-0.411934 0.220192 -0.424910
-0.401375 0.317207 0.388239
-0.402529 0.341645 0.001792
-0.421796 0.473910 0.224957
-0.375558 0.574265 0.070408
-0.327559 0.620632 0.201775
-0.229550 0.554230 0.294536
-0.161123 0.521108 0.268661
-0.386547 -1.093205 0.033244
-0.386402 -1.097303 -0.015016
-0.271476 -1.275955 -0.005293
-0.210243 -0.945828 0.154924
-0.209812 -1.000018 0.153073
-0.369770 -0.268562 0.129718
-0.623840 -0.163218 -0.035595
-0.787119 0.037953 0.267645
-0.919972 0.091004 -0.160530
-0.967540 0.095665 0.505702
-0.979595 0.107785 -0.504200
-0.949556 0.120957 1.082124
-0.894827 0.220173 -0.666561
-0.886674 0.247380 0.873541
-0.818923 0.198910 -1.496764
-0.841340 0.223835 1.586529
-0.894420 0.220691 -1.172782
-1.004280 0.321678 0.705475
-0.971423 0.313303 -1.851815
-0.935880 0.270685 1.429857
-0.928089 0.254428 -1.094975
-0.789362 0.327625 0.528439
-0.596167 0.406291 -1.261614
-0.511547 0.511495 0.852612
-0.472178 0.551611 -0.375608
-0.379824 0.741792 0.375938
-0.226023 0.954024 -0.285906
-0.165384 1.133771 0.460949
-0.100402 1.270345 0.069801
-0.058526 1.216853 0.342643
-0.077341 1.167659 0.204411
-0.118240 0.976623 0.212023
-0.175497 -1.229727 -0.064747
-0.174954 -1.555258 -0.121113
-0.192045 -1.756546 -0.082355
-0.125282 -1.768047 0.185233
-0.168069 -1.869225 -0.196626
-0.188111 -1.549497 0.358201
-0.333661 -1.489313 -0.086973
-0.412971 -0.413345 0.305949
-0.449443 -0.230258 -0.167952
-0.418896 0.015516 0.573561
-0.404108 0.155125 -0.228512
-0.539974 0.130738 0.813137
-0.457169 0.119342 -1.291852
-0.498321 0.121958 1.908667
-0.454181 0.117833 -1.149691
-0.580968 0.099844 1.321114
-0.509204 0.129106 -2.423108
-0.580381 0.278815 2.163361
-0.463056 0.059207 -1.525942
-0.542881 0.148531 1.115039
-0.492555 0.185205 -2.238097
-0.443468 0.311977 1.679123
-0.298721 0.083346 -0.954055
-0.284462 0.205112 0.838859
-0.151124 0.277056 -0.851672
-0.131903 0.372708 0.708766
-0.141479 0.283474 -0.028665
-0.134578 0.351581 0.330959
-0.158368 0.595304 0.104955
-0.168847 0.820607 0.370619
-0.065015 0.819577 0.157886
-0.024068 0.756228 0.144246
-0.244893 -0.811410 0.098658
-0.199087 -0.761021 -0.006213
-0.076574 -0.942288 0.169344
0.020500 -0.612920 0.038697
-0.006134 -0.519147 0.214643
-0.191595 -0.160773 0.019992
-0.468788 -0.124049 0.088154
-0.558401 -0.028348 0.205120
-0.628197 0.004330 -0.028944
-0.585304 0.002081 0.420992
-0.644025 0.041100 -0.261307
-0.632430 0.089866 0.684709
-0.606281 0.167546 -0.131960
-0.611770 0.095073 0.696801
-0.625598 0.070182 -0.921856
-0.679723 0.188642 0.935345
-0.627303 0.165366 -0.497565
-0.694260 0.226373 0.801929
-0.653357 0.154322 -1.038735
-0.612813 0.249153 0.534334
-0.536007 0.220780 -0.105957
-0.528466 0.278354 0.743148
-0.475949 0.197163 -0.243346
-0.420879 0.352321 0.333745
-0.188413 0.419055 0.080487
-0.089781 0.837988 1.064069
0.011864 0.941402 0.051681
0.064381 1.308012 0.794637
0.159039 1.568371 -0.248389
0.144240 1.535705 0.428392
0.170955 1.515302 0.260442
0.095734 1.244914 0.481366
0.040157 -0.977336 0.007247
0.014722 -1.225671 -0.072215
0.037748 -1.492587 0.056814
0.125918 -1.489674 0.125326
0.148972 -1.640915 -0.062971
0.142686 -1.259302 0.215499
0.055305 -0.964674 0.053889
-0.031395 -0.215180 0.142530
-0.091903 -0.131026 0.072725
-0.057515 -0.103014 0.449708
0.005320 -0.019136 0.071210
-0.035896 -0.066760 0.403222
0.002680 -0.077335 -0.416188
-0.134240 -0.103654 1.027996
-0.134659 0.012211 -0.198624
-0.212151 0.086275 0.594447
-0.179314 -0.010472 -0.955825
-0.295922 0.080662 1.090058
-0.356692 0.057796 -0.418481
-0.306269 0.143181 0.094432
-0.272294 0.073108 -0.757459
-0.272949 0.097915 0.635410
-0.265516 0.087461 -0.229155
-0.228042 0.057873 0.101686
-0.080335 0.155692 -0.064013
-0.085401 0.164975 0.311174
-0.053215 0.285913 0.189735
0.002409 0.315858 0.341799
0.069131 0.554219 0.132913
0.063364 0.854597 0.445453
0.190069 0.884315 0.384514
0.148996 0.849201 0.326051
-0.131466 -0.495554 0.061671
-0.146670 -0.378810 0.035577
-0.053440 -0.485619 -0.012736
0.001151 -0.330378 0.089216
-0.001085 -0.227305 0.055320
-0.008636 -0.158912 0.199449
-0.056626 -0.086329 -0.027495
-0.064446 -0.163545 0.344997
-0.115852 -0.079608 -0.230057
-0.183237 -0.152990 0.417077
-0.143367 -0.080069 -0.943579
-0.076470 -0.065449 1.134575
-0.018501 0.058115 -0.845743
-0.099193 0.087899 0.820567
-0.103675 0.016408 -1.855517
-0.124195 0.158503 1.592685
-0.126534 0.121725 -1.069175
-0.211843 0.244540 0.698275
-0.141064 0.208731 -1.561790
-0.173049 0.289703 1.267022
-0.282003 0.164358 -0.591792
-0.270047 0.264008 0.239224
-0.087579 0.332729 -0.650110
-0.073383 0.431302 0.855492
0.039297 0.148726 0.052216
0.067868 0.843368 0.605316
0.118678 1.267064 -0.619039
0.217811 1.402717 0.741121
0.258008 1.775777 0.336547
0.307355 1.675608 0.877607
0.395116 1.634791 0.115492
0.276509 1.343348 0.313824
0.220357 -0.692245 -0.037400
0.160549 -0.848822 0.100448
0.132838 -1.101102 0.073736
0.165576 -1.081924 0.262329
0.182958 -0.899249 -0.095100
0.187194 -0.569559 0.322084
0.272307 -0.243482 0.188778
0.316174 -0.272759 0.318728
0.315496 -0.187433 -0.249999
0.341331 -0.317855 0.797146
0.398465 -0.269871 -0.364487
0.311369 -0.206249 0.804056
0.295050 -0.207255 -1.815078
0.222035 -0.010083 1.795204
0.387177 -0.033181 -1.301818
0.238072 0.113202 1.202483
0.209630 0.070252 -2.491055
0.137498 0.351154 2.075708
0.262782 0.141424 -1.366807
0.157255 0.259299 1.064976
0.098558 0.310241 -2.094682
0.059440 0.446013 1.718627
0.178802 0.307164 -0.513157
0.060993 0.270215 0.507347
0.059561 0.420859 -0.184391
0.084594 0.380155 0.612260
0.094604 0.401869 0.234962
0.121367 0.530088 0.366846
0.226783 0.722733 0.383151
0.221557 0.738291 0.483411
0.327315 0.916636 0.293429
0.239260 0.910209 0.258094
-0.130780 -0.271176 0.094217
-0.168826 -0.155455 0.086243
-0.104635 -0.254940 0.048325
0.001445 -0.292011 0.104379
0.052534 -0.281946 0.139309
0.123032 -0.355427 0.180096
0.165383 -0.296844 0.110991
0.234429 -0.335722 0.333638
0.285588 -0.315632 0.099955
0.331374 -0.287925 0.413784
0.369145 -0.298715 -0.420218
0.372304 -0.122019 0.701710
0.354335 -0.113200 -0.486015
0.219240 0.016259 0.693146
0.258178 -0.047370 -0.844068
0.236625 0.138741 0.917686
0.289331 0.036469 -0.607969
0.336225 0.232207 0.743595
0.347386 0.100408 -0.687988
0.206317 0.303213 0.649734
0.110625 0.180292 -0.336365
0.056292 0.401901 0.827502
0.136219 0.347046 -0.231947
0.126155 0.499646 0.370111
0.150176 0.458857 -0.072318
0.207372 0.857605 1.318523
0.271482 0.716636 -0.072894
0.344974 1.332154 1.272476
0.390595 1.695884 -0.441963
0.445646 1.704497 0.678543
0.444875 1.691916 0.337512
0.344717 1.338730 0.518954
0.154691 -0.393670 0.046018
0.121538 -0.401569 0.092231
0.139337 -0.576195 0.190400
0.222620 -0.555241 0.155161
0.244984 -0.482500 0.100808
0.238970 -0.393958 0.230580
0.310618 -0.306682 0.313898
0.380851 -0.358951 0.219234
0.456280 -0.383563 0.234981
0.563562 -0.397634 0.507959
0.661012 -0.372901 0.145551
0.699451 -0.242523 0.491362
0.723246 -0.207540 -0.233068
0.611093 -0.074719 0.776829
0.616099 -0.047886 -0.359426
0.602976 0.166812 0.524510
0.653510 0.124807 -0.490829
0.567586 0.247636 0.800047
0.511706 0.207610 -0.456443
0.416259 0.351517 0.333668
0.485081 0.286799 -0.437674
0.328273 0.359051 0.586612
0.328494 0.322183 -0.299433
0.251389 0.342197 0.344585
0.295312 0.390164 -0.187584
0.242132 0.415389 0.311405
0.244391 0.531456 -0.027432
0.194603 0.598229 0.526146
0.247267 0.553374 -0.007942
0.179110 0.874264 0.517308
0.301696 0.763986 0.399480
0.259509 0.755808 0.305611
-0.153197 -0.206577 0.069772
-0.144325 -0.153506 0.206107
-0.021817 -0.257477 0.098187
0.162961 -0.362239 0.253385
0.236014 -0.345461 0.122783
0.302694 -0.385418 0.250804
0.391304 -0.305487 0.166575
0.533286 -0.321613 0.315938
0.652411 -0.317744 0.127615
0.709968 -0.316317 0.333378
0.760373 -0.275020 -0.206503
0.900602 -0.158276 0.416149
0.970609 -0.097782 -0.156643
0.883087 -0.047573 0.499519
0.882416 -0.064981 -0.497810
0.993489 0.072747 0.515342
0.962813 0.035160 -0.213464
0.888537 0.144014 0.377914
0.825636 0.071084 -0.542719
0.858973 0.247250 0.460149
0.690266 0.220843 -0.060466
0.541149 0.359506 0.297575
0.437909 0.296800 -0.505741
0.454833 0.378136 0.478587
0.425214 0.364776 -0.164844
0.395503 0.538793 0.401639
0.346895 0.630302 -0.706671
0.334322 0.864279 0.732007
0.269824 1.125647 0.132397
0.347384 1.167736 0.779192
0.371016 1.193792 0.146076
0.256408 0.959587 0.273844
0.112375 -0.280915 0.091584
0.128969 -0.278536 0.203831
0.209990 -0.402881 0.286901
0.366826 -0.441865 0.414157
0.504032 -0.418811 0.159273
0.646775 -0.434920 0.551511
0.809928 -0.401938 0.251037
0.938909 -0.509129 0.473225
1.012720 -0.460638 0.131113
0.980707 -0.479723 0.723349
1.052116 -0.401449 0.167066
1.034456 -0.324287 0.366911
1.051242 -0.204350 -0.206582
0.979734 -0.069692 0.561515
1.166293 -0.099355 -0.090219
1.190038 0.017735 0.296000
1.126921 0.041062 -0.479815
0.936237 0.113068 0.660588
1.010776 0.088619 -0.128296
1.000769 0.227011 0.263220
0.868176 0.296370 -0.473443
0.671751 0.388320 0.541268
0.673398 0.334530 0.001956
0.634412 0.373286 0.149116
0.472921 0.445511 -0.269176
0.389975 0.535465 0.235983
0.377675 0.488245 0.082524
0.281314 0.611879 0.230003
0.219990 0.664498 0.170800
0.075980 0.702546 0.274456
0.119555 0.688736 0.388805
0.125755 0.614009 0.102767
-0.106358 -0.206159 0.123303
-0.028415 -0.146070 0.349674
0.052044 -0.231424 0.261192
0.286806 -0.269306 0.437139
0.442655 -0.273614 0.291025
0.650188 -0.290124 0.445770
0.753145 -0.265139 0.281930
0.907907 -0.313120 0.498844
0.984979 -0.292886 0.198578
1.074477 -0.281052 0.127208
1.061740 -0.195315 0.060460
1.152189 -0.126387 0.182436
1.220661 -0.077063 -0.100378
1.378340 -0.006290 0.025049
1.379222 0.034562 -0.049425
1.401335 0.093645 0.260026
1.420631 0.062101 -0.203868
1.369922 0.089515 -0.016900
1.247865 0.178686 -0.127516
1.195206 0.296468 0.257663
1.189302 0.307010 -0.238679
1.119695 0.346378 0.069461
0.979620 0.388949 0.011388
0.914768 0.438353 0.186156
0.842891 0.424675 -0.041744
0.775871 0.502874 0.385051
0.607247 0.557190 0.182570
0.551051 0.636282 0.369614
0.481837 0.727239 -0.062882
0.407809 0.725247 0.131337
0.284475 0.662974 0.301890
0.195629 0.665253 0.160605
0.185966 -0.220279 0.205467
0.233265 -0.178119 0.421737
0.338516 -0.231102 0.497883
0.485605 -0.284412 0.457206
0.645746 -0.349293 0.447850
0.765753 -0.402471 0.619052
0.925614 -0.467073 0.479680
1.044180 -0.507515 0.561719
1.091910 -0.527863 0.447827
1.089382 -0.487704 0.595947
1.165397 -0.449909 0.343472
1.237295 -0.281132 0.216930
1.254588 -0.146138 0.237803
1.317689 -0.070461 0.320152
1.477866 -0.077158 -0.068073
1.561586 -0.054929 0.148896
1.461672 -0.025674 0.050955
1.309936 -0.023407 0.332699
1.286652 0.022355 -0.108349
1.224828 0.148050 0.123385
1.114217 0.233436 0.005384
0.944287 0.307180 0.221343
0.949351 0.336206 -0.047375
0.839120 0.411459 0.096336
0.815866 0.449764 0.121762
0.696659 0.469727 0.109064
0.657024 0.494072 0.026505
0.480709 0.544053 0.116912
0.359748 0.552496 0.086903
0.241148 0.599103 0.085334
0.217848 0.546273 0.327132
0.109803 0.501158 0.141679
0.085996 -0.187264 0.260914
0.210997 -0.109947 0.333686
0.314901 -0.116000 0.221820
0.486315 -0.158592 0.521204
0.557059 -0.228808 0.417170
0.677368 -0.281574 0.503233
0.683394 -0.290923 0.263378
0.737902 -0.312146 0.497145
0.804713 -0.283931 0.284428
0.904521 -0.274396 0.205946
0.961520 -0.200717 -0.003350
1.065877 -0.102775 0.219442
1.155691 -0.058032 -0.000173
1.317879 -0.046134 0.092371
1.295008 -0.033455 -0.119156
1.368373 0.003517 0.137211
1.367188 0.004845 -0.086055
1.377074 0.027445 -0.030730
1.249065 0.084711 -0.179172
1.196344 0.203269 0.048943
1.131245 0.244317 -0.070439
1.158497 0.324963 -0.012407
1.042290 0.321572 -0.084072
1.033364 0.425021 0.114375
0.906368 0.441769 0.141709
0.986653 0.494961 0.086447
0.816463 0.475654 -0.003686
0.782493 0.612154 0.123823
0.570387 0.530925 0.212610
0.483309 0.652463 0.206232
0.286891 0.510564 0.181937
0.164930 0.512463 -0.027978
0.202303 -0.102886 0.210488
0.143802 -0.009251 0.469991
0.209090 -0.006759 0.474039
0.265089 -0.080219 0.569924
0.341365 -0.099943 0.445897
0.463457 -0.159168 0.636263
0.620116 -0.162047 0.480411
0.704075 -0.226625 0.603769
0.816908 -0.238701 0.400002
0.877411 -0.223992 0.572526
0.978181 -0.157616 0.351844
1.007903 -0.066760 0.307384
1.090847 0.032136 0.090853
1.110505 0.089995 0.263267
1.273360 0.086863 0.095037
1.277314 0.077327 0.165249
1.223168 0.115713 0.027737
1.098322 0.103758 0.269968
1.148721 0.155339 0.072747
1.079601 0.221013 0.080377
1.029744 0.326202 -0.034973
0.861019 0.374082 0.179534
0.895074 0.399289 0.101921
0.820987 0.413496 0.114924
0.840252 0.496168 0.066644
0.721542 0.531421 0.205821
0.766178 0.536406 0.157819
0.599598 0.573637 0.068089
0.455486 0.588295 0.188432
0.297254 0.571173 0.154451
0.220349 0.532950 0.265634
0.199657 0.458114 0.128588
