1.575528 -0.171608 -1.117587
1.541630 -0.016774 -0.721957
1.426639 -0.321869 -0.083321
0.606067 0.756188 -0.847532
1.248117 -0.481899 0.750647
1.587726 0.764970 -0.298925
1.225791 0.302663 0.972167
0.605961 1.004861 0.795755
1.700243 0.632358 -0.283108
0.621011 1.176953 0.152434
0.646808 0.378857 1.217239
1.323154 0.162384 0.698219
0.569893 0.446728 1.309014
1.757443 0.238372 1.528634
0.501906 0.753247 1.184109
1.701072 -0.695214 -0.621718
1.336319 -0.335741 -1.105474
1.434020 -0.674838 -0.352653
0.327532 1.135768 -0.448768
-0.201757 0.534460 -1.103228
1.496276 -0.231281 0.111735
1.122927 0.859333 0.072977
1.419657 0.264014 -0.603167
0.461923 0.207761 -1.291994
0.784178 -0.289420 1.417030
1.588778 -0.161669 1.091762
0.129716 1.136409 -0.245373
1.530489 -0.421398 0.275323
-0.824867 0.763276 -0.312499
1.266938 -0.331631 -0.647669
-0.670124 0.320752 -1.095139
1.086944 -0.019751 -0.924332
1.417423 0.457310 -0.860961
1.576513 0.242210 -0.926621
1.697017 0.081617 -0.725401
1.365505 0.283618 -0.139519
1.720510 -0.396837 -0.440398
1.257063 0.138918 -0.937420
1.788395 0.361609 1.275457
0.543823 0.661246 -1.083175
0.506806 0.520104 0.986894
1.050806 0.424298 0.901243
1.087752 -0.403547 0.896041
0.707423 -0.140467 -1.276605
0.597885 0.164082 -1.101688
0.885872 -0.428741 -1.058806
-0.455409 -0.541465 0.474267
1.902704 0.477247 1.454301
0.205382 0.570027 -1.089888
1.642369 0.034258 1.347892
1.585246 -0.510952 -0.194768
1.253428 0.317595 -0.087348
1.130804 0.478294 0.669095
0.672603 0.037232 1.379621
0.613123 -0.187243 1.116220
1.779506 -0.247277 0.467791
1.774043 0.090597 -1.305901
1.203907 0.710835 0.741622
-0.703295 0.545932 -0.873586
1.552832 0.228475 -0.385806
-0.233066 0.254240 -1.065921
0.400858 0.802731 -0.917429
0.081573 -0.976126 0.250360
0.826509 -1.039543 0.301117
0.549398 -0.667070 -1.016693
1.182312 -0.095797 -1.297790
-0.103226 0.626207 1.090930
1.151793 0.174939 1.365266
0.727061 0.799104 0.973490
-0.019570 0.378877 1.267317
1.530393 0.416372 0.472661
1.554016 0.050672 -0.471773
-0.114843 0.164008 1.218422
1.727816 0.203682 0.884372
1.631568 0.760056 -1.107552
1.229327 -0.053576 -0.632477
1.448099 0.444248 1.142938
1.165447 -0.244738 -0.764595
1.096415 -0.130899 1.036656
1.014559 0.912535 0.096454
0.968084 -0.734484 -0.710166
-0.385776 -0.174001 0.863898
1.739446 -0.006462 -0.900016
-0.835278 0.439114 0.721139
1.213029 -0.679913 -0.959097
0.642001 0.067359 -1.201282
1.497858 -0.291393 -0.768610
1.667649 0.234817 -0.868615
-0.170175 1.032027 -0.387483
1.744943 0.270978 -1.082396
-0.801144 0.003899 0.685300
1.452882 -0.097911 -0.584953
0.924726 0.443934 1.492956
-0.040744 0.044682 1.090638
1.796900 0.131085 0.938800
1.868466 0.208502 1.200699
0.519861 -1.078608 -0.369627
1.218503 0.487342 -1.184508
1.380813 -0.265230 -0.346925
0.330630 -0.106123 -1.246588
-0.389219 0.345235 0.880126
0.387077 1.129955 0.551838
1.532113 -0.132341 -1.034097
1.130818 0.042267 1.297045
1.400389 0.000457 -0.988427
0.979983 0.791087 -0.887878
0.003132 1.139505 0.100583
0.289456 0.990831 -0.672256
1.409998 0.302359 0.912433
1.066075 0.192431 -1.263758
-0.691222 1.009787 0.243752
1.200794 -0.140202 -1.100052
1.429563 -0.121626 0.740268
1.459252 0.024755 0.566649
1.608230 -0.140346 -0.632725
-0.641284 0.060750 -0.814896
0.758935 -0.469875 1.096762
1.626696 0.105049 -0.768140
1.364197 0.226989 -1.020584
-0.511538 0.633333 -0.741124
1.429207 -0.471233 0.103741
1.266515 -0.626715 0.438545
1.011696 -0.309039 -1.195133
1.359930 0.535762 0.016169
1.545370 -0.247478 -0.584110
1.270484 0.748774 0.400825
1.276103 -0.086389 -0.792849
1.321455 0.594513 1.226733
1.459605 -0.738887 -0.566915
-0.724340 0.165301 -0.768041
1.398775 0.231439 -0.393970
0.855461 -0.518091 -1.147030
-0.020498 0.863354 -0.700132
1.376931 0.738445 0.882281
-0.177255 0.013267 -1.181687
1.490602 -0.091461 1.138253
1.377057 0.145371 0.697229
0.333143 0.811411 0.973323
-0.011623 -0.312456 -1.060580
0.686555 0.963201 -0.566758
1.674682 0.100012 -1.106159
-0.165195 0.675772 -0.826838
-0.055551 -0.181963 1.081242
0.600453 0.418966 -1.081294
1.468357 0.285931 1.365221
1.389177 -0.008963 0.091137
-0.240796 -0.185872 -1.066993
0.408585 0.044174 1.260642
-0.190834 0.910633 0.666344
0.890130 0.969352 0.150559
1.830281 -0.048531 -0.669394
1.232385 0.646970 -0.553386
1.281731 0.258213 -0.696282
0.891408 0.232375 -1.287099
0.337358 0.080769 -1.175265
0.815393 -0.029704 1.089748
1.323016 0.455535 0.485386
-0.474994 0.955919 -0.368058
1.730030 -0.592828 -0.983660
0.251011 0.196226 1.366502
-0.898108 -0.043073 -0.888748
1.700841 0.452602 -1.343488
1.287759 0.220629 -0.181272
1.551577 0.056236 0.996534
1.012178 0.445384 -0.710838
1.315617 0.483237 -0.084072
1.445535 0.017589 -0.870538
0.954600 0.784115 -0.545237
1.391889 0.088408 0.083575
0.455906 -0.355147 -1.134281
1.698953 0.177766 0.901847
0.203814 0.450834 1.151805
0.769023 0.199160 1.422920
1.080124 0.828908 0.584322
1.600144 0.111661 -1.041856
1.034907 0.732123 1.060604
1.397005 0.443265 0.047693
1.737565 -0.058880 -0.965036
0.731516 -1.046818 -0.573628
1.372797 -0.021755 0.586303
1.469800 0.644940 -0.085429
0.657521 1.006152 -0.299140
1.200706 0.776132 0.028876
1.591793 0.544035 -0.719970
1.019337 0.204659 0.595836
1.413896 -0.376053 -0.622647
1.695676 0.957340 -0.867026
-0.393311 0.353993 -0.913965
1.541242 0.379009 0.741655
0.666089 0.278694 -1.209443
0.379429 0.521348 -1.413721
1.256334 -0.034773 -0.458767
1.483103 -0.486047 -1.134890
0.852715 0.519500 -1.229004
-0.428990 0.201326 0.941449
1.549851 0.099077 0.557554
1.441992 -0.276529 -1.001256
1.299738 -0.767447 -0.252412
0.088428 -0.970056 -0.534436
1.810499 0.460325 -1.134892
1.768121 0.608259 1.001527
0.606736 1.102899 -0.088192
1.629121 0.742408 0.693661
0.462343 0.181275 1.160261
1.536279 -0.574880 -0.775246
1.670685 0.851649 1.163480
-0.147831 0.230306 -1.005175
1.556459 0.289864 0.877992
0.280688 -0.252517 1.140198
1.816908 -0.268923 -0.916152
1.073174 0.762331 -0.254204
1.375635 0.577755 0.305728
1.189878 0.553054 -0.460859
1.480103 0.457009 1.256549
-0.413645 0.527330 0.921205
0.177196 -0.533846 -1.031797
0.389223 0.617144 -0.833651
1.364504 -0.083615 -0.645521
0.182526 0.332215 -1.178293
1.595069 0.580024 0.343317
-0.144882 0.375961 -1.324657
0.108094 0.757725 0.887824
-0.997428 0.384913 -0.786835
0.738883 -0.654968 0.826686
-0.450040 0.010448 0.977978
1.667165 0.294025 0.589157
0.628886 -0.880544 -0.926967
-0.398658 0.107250 -1.042825
1.633396 -0.243672 0.783348
0.985179 -0.690239 -0.986258
1.349538 0.427474 0.378604
1.564098 0.233159 -1.224919
-0.338238 -0.711447 -0.608352
0.041392 0.061815 -1.103077
0.783664 -0.189714 -1.229198
1.455544 -0.286024 -0.523478
0.354850 -0.979553 0.690651
0.761626 0.806919 0.787705
-0.427187 -0.115777 -0.808825
-0.364465 0.834127 -0.556846
0.897323 0.467193 -1.053019
-0.037762 -0.510124 0.886072
1.065259 -0.857584 -0.478121
1.683215 0.910662 0.199481
-0.531374 -0.357116 -0.987608
0.984973 0.295696 1.303330
-0.682137 0.438703 0.661685
1.477388 -0.132745 -0.204868
0.440036 -0.115404 -1.124997
-0.650155 -0.367691 -0.633620
-0.116055 -0.439559 -1.014985
1.564037 -0.369797 -0.700903
0.150601 -0.785578 -0.838847
0.253814 0.961317 0.600357
0.900225 0.894426 -0.444427
0.542447 -0.433150 0.827785
0.272129 -1.092770 -0.229931
0.187239 -1.228152 0.194938
0.118903 -1.138650 -0.470439
-0.122127 -1.046772 0.674883
-0.418401 -0.940132 -0.274254
-0.462106 -0.754361 0.925301
-0.476072 -0.696050 -0.682900
-0.595245 -0.451007 1.121612
-0.856677 -0.592252 -0.609220
-0.919665 -0.313096 0.929154
-0.921283 -0.276578 -0.950441
-0.950940 -0.013946 1.083082
-1.056056 -0.103380 -0.579159
-1.035260 0.131768 0.622632
-0.964122 0.149862 -0.865967
-0.972839 0.319201 0.734885
-1.109843 0.339862 -0.562193
-1.062059 0.470054 0.342318
-0.931215 0.466441 -0.790663
-0.942617 0.608064 0.648910
-1.139888 0.668786 -0.576740
-1.129066 0.789363 0.231501
-1.007370 0.807215 -0.817669
-0.915814 0.866098 0.593212
-1.044439 0.929367 -0.340325
-0.959342 0.965558 0.314399
-0.740446 1.045650 -0.527018
-0.617151 1.012272 0.558429
-0.715611 1.094779 -0.107930
-0.554479 1.036973 0.114928
-0.373771 1.141546 -0.183857
-0.313151 1.045528 -0.068256
-0.238478 -1.015388 -0.436847
-0.103487 -1.123071 -0.032903
-0.202855 -1.030473 0.021445
-0.400436 -0.932976 0.535799
-0.570972 -0.882603 -0.422975
-0.690503 -0.685964 0.845070
-0.808667 -0.762900 -0.034217
-0.909551 -0.513160 0.730522
-0.895040 -0.482959 -0.478733
-1.020890 -0.220975 0.804747
-1.061747 -0.246215 -0.177068
-1.177374 0.041586 0.525204
-1.159327 0.084752 -0.667199
-1.200112 0.255846 0.640894
-1.201100 0.263946 -0.225386
-1.202911 0.414191 0.305572
-1.127644 0.518019 -0.634123
-1.139336 0.615191 0.481150
-1.143556 0.656223 -0.311446
-1.117455 0.775931 0.222597
-1.031766 0.878490 -0.669982
-1.104251 0.929002 0.523577
-1.100821 0.923240 -0.203962
-1.062233 0.935479 0.409510
-0.879724 1.054280 -0.582603
-0.799978 0.939727 0.823458
-0.607596 0.979065 0.240175
-0.431440 0.867664 0.696170
-0.330792 1.033885 -0.154201
-0.364676 0.794673 0.801911
-0.231882 0.725938 0.823813
-0.283016 0.737259 0.734763
-0.350317 -0.951822 0.250091
-0.444359 -1.135577 0.247565
-0.583190 -1.051146 -0.191441
-0.667552 -0.880692 0.559828
-0.977416 -0.837727 0.155915
-0.901337 -0.680893 0.364941
-1.134598 -0.695791 -0.120117
-1.122205 -0.473636 0.427069
-1.377585 -0.474890 0.288447
-1.312469 -0.279155 0.068521
-1.427911 -0.253959 -0.144789
-1.402246 -0.016239 0.176878
-1.540528 0.032613 0.061842
-1.471110 0.201312 -0.061646
-1.555124 0.249100 -0.411640
-1.515751 0.401551 0.119067
-1.613765 0.513024 -0.146290
-1.497324 0.625800 -0.122059
-1.561932 0.691446 -0.488480
-1.619884 0.863339 0.109443
-1.820311 0.956676 -0.263477
-1.701832 1.065631 -0.096039
-1.698547 1.115918 -0.548292
-1.606056 1.211274 0.094797
-1.657167 1.257377 -0.202081
-1.386438 1.243426 0.020072
-1.370029 1.268087 -0.398561
-1.238602 1.255137 0.293024
-1.250312 1.364910 -0.071795
-0.963291 1.292140 0.133362
-0.978130 1.273483 -0.223517
-0.783965 1.190252 -0.133331
-0.630020 -0.813291 -0.207879
-0.686365 -0.915561 0.013293
-0.795090 -0.888751 0.052475
-0.770890 -0.783687 0.329563
-0.848935 -0.787923 -0.248541
-0.905684 -0.644058 0.560739
-1.005365 -0.704044 0.039913
-1.063869 -0.561750 0.325310
-1.057456 -0.500142 -0.300213
-1.109852 -0.324032 0.352878
-1.182666 -0.250353 -0.038286
-1.310400 -0.114518 0.135766
-1.385525 0.041438 -0.460414
-1.432376 0.178448 0.319884
-1.403631 0.334661 -0.228228
-1.385120 0.383265 0.031628
-1.261021 0.599442 -0.502171
-1.293639 0.678704 0.374443
-1.327161 0.755398 -0.287456
-1.401926 0.852341 0.006616
-1.309656 1.027929 -0.673523
-1.407822 1.089528 0.328772
-1.417758 1.122138 -0.362084
-1.436016 1.143074 0.112932
-1.201785 1.324627 -0.712206
-1.122828 1.222961 0.513142
-1.115761 1.258321 -0.079759
-0.957919 1.175351 0.479399
-0.759234 1.344469 -0.386441
-0.679716 1.151905 0.650657
-0.536005 1.089154 0.241618
-0.555146 1.023670 0.585405
-0.524279 -0.884163 0.196517
-0.566103 -0.902464 0.211869
-0.706978 -0.893823 -0.010860
-0.700164 -0.778661 0.286465
-0.866747 -0.719055 0.165138
-0.864335 -0.696688 0.141865
-0.931483 -0.591456 -0.100227
-0.938894 -0.507616 0.110772
-1.021235 -0.382804 0.046469
-1.018070 -0.307261 0.061568
-1.142312 -0.186615 -0.252209
-1.276788 -0.056457 0.250629
-1.412480 0.112987 -0.102663
-1.538246 0.210808 0.111408
-1.629268 0.372652 -0.540355
-1.642065 0.516591 0.354077
-1.580225 0.715634 -0.172350
-1.576110 0.847144 0.289418
-1.719178 0.997934 -0.571712
-1.845743 1.105731 0.260242
-1.906973 1.246013 -0.162680
-1.836101 1.276155 0.314940
-1.901119 1.436393 -0.454693
-1.903002 1.480630 0.132874
-1.730438 1.553298 -0.022997
-1.532844 1.429943 0.266079
-1.451562 1.474307 -0.220019
-1.428642 1.481720 0.106684
-1.227402 1.536971 0.101098
-1.071057 1.446350 0.595553
-1.028084 1.431256 0.199323
-0.902725 1.360358 0.222226
-0.457765 -0.926058 -0.124165
-0.520986 -0.922766 -0.018071
-0.499476 -0.960191 0.057295
-0.580362 -0.846150 0.169277
-0.605799 -0.824235 -0.144463
-0.720652 -0.742707 0.289901
-0.823085 -0.741029 -0.089084
-0.942467 -0.657576 0.086911
-0.925979 -0.575049 -0.437169
-0.966484 -0.413417 0.279615
-1.011315 -0.319917 -0.353136
-1.217545 -0.177744 0.326573
-1.317121 -0.007443 -0.786776
-1.454907 0.171567 0.628016
-1.457061 0.416470 -0.605171
-1.499246 0.485047 0.386180
-1.336730 0.676917 -0.833863
-1.365914 0.760364 0.583154
-1.284581 0.971794 -0.499084
-1.412449 0.999285 0.331575
-1.354404 1.141096 -0.704999
-1.492331 1.187584 0.481043
-1.449168 1.348711 -0.425624
-1.527848 1.401940 0.301080
-1.331635 1.483906 -0.542481
-1.294021 1.438518 0.482067
-1.264085 1.501823 -0.064285
-1.157416 1.452060 0.320962
-0.966578 1.494740 -0.120568
-0.911575 1.312292 0.474264
-0.770590 1.218968 0.409611
-0.687014 1.194679 0.527387
-0.289722 -0.989492 0.110492
-0.311019 -0.948962 0.270815
-0.348335 -1.003148 -0.158337
-0.437920 -0.869203 0.433408
-0.581999 -0.837437 -0.101693
-0.632984 -0.757216 0.277520
-0.707039 -0.699616 -0.493782
-0.696905 -0.569752 0.465701
-0.807559 -0.440387 -0.488097
-0.836276 -0.322252 0.363464
-1.001930 -0.243981 -0.712897
-1.140215 -0.065967 0.701004
-1.334067 0.069736 -0.636089
-1.488769 0.316054 0.538895
-1.559031 0.400124 -1.096763
-1.632254 0.586655 0.985496
-1.580779 0.690791 -0.782300
-1.569836 0.912339 0.707338
-1.535073 1.047569 -1.087996
-1.665186 1.125698 1.002253
-1.697233 1.220993 -0.671315
-1.605322 1.342299 0.621080
-1.518977 1.489593 -0.935774
-1.550942 1.571737 0.780380
-1.573598 1.656027 -0.443722
-1.394747 1.686078 0.263910
-1.231954 1.681521 -0.720220
-1.186365 1.650569 0.494322
-1.181315 1.768302 -0.163798
-1.022094 1.684503 0.155581
-1.069653 1.577519 -0.139748
-0.899393 1.459119 0.066954
-0.261833 -1.033806 -0.124559
-0.247427 -1.056744 0.094810
-0.252130 -1.092019 -0.070027
-0.254805 -0.987397 0.329381
-0.358710 -0.963061 -0.455248
-0.391773 -0.812610 0.649673
-0.565002 -0.835816 -0.389913
-0.597182 -0.709317 0.429690
-0.620829 -0.660839 -0.841400
-0.696122 -0.402149 0.780840
-0.866745 -0.356723 -0.864199
-1.059322 -0.121775 0.743221
-1.225352 0.001574 -1.252010
-1.277865 0.230414 1.109364
-1.310990 0.383301 -0.984372
-1.339868 0.513393 0.906165
-1.288874 0.705926 -1.320012
-1.236354 0.830865 1.181660
-1.131159 0.880811 -0.971404
-1.199697 0.996384 0.810618
-1.124521 1.134275 -1.318400
-1.143992 1.228459 1.120656
-1.159745 1.274938 -0.919376
-1.165368 1.408380 0.800855
-0.951910 1.598078 -1.224380
-0.954106 1.575260 0.791859
-1.070331 1.532385 -0.595266
-0.975568 1.548074 0.489304
-0.785085 1.664591 -0.702139
-0.719712 1.546988 0.348685
-0.651250 1.397539 -0.042510
-0.668602 1.328873 0.263964
-0.044207 -1.038922 0.118380
-0.077802 -1.025594 0.280673
-0.002261 -1.105248 -0.217503
-0.081761 -0.955051 0.495699
-0.249514 -0.949917 -0.232111
-0.349925 -0.818722 0.501043
-0.449051 -0.783160 -0.570141
-0.481408 -0.628531 0.671975
-0.622676 -0.533956 -0.590814
-0.696652 -0.363674 0.639233
-0.916898 -0.268513 -0.721921
-1.091359 -0.091537 0.599100
-1.263438 0.056967 -0.521327
-1.349000 0.239271 0.623647
-1.438373 0.421939 -0.709711
-1.451489 0.565095 0.553657
-1.397468 0.750997 -0.443855
-1.371439 0.854236 0.864657
-1.313139 1.024105 -0.814548
-1.357780 1.083567 0.610094
-1.259820 1.240514 -0.430000
-1.212519 1.343603 0.940067
-1.070774 1.590891 -0.905821
-1.170761 1.659176 0.534343
-1.039375 1.762091 -0.379283
-0.992354 1.798269 0.991762
-0.907703 1.947353 -0.692836
-0.982542 1.953478 0.354672
-0.838700 2.029743 -0.183599
-0.810320 1.924266 0.609970
-0.800774 1.905975 0.122468
-0.827023 1.755275 0.221285
0.004098 -1.072400 -0.110304
0.051065 -1.095169 0.089126
0.133297 -1.140469 -0.060699
0.118564 -1.047967 0.319570
-0.026045 -1.072022 -0.434412
-0.123589 -0.881181 0.726097
-0.265732 -0.900337 -0.529555
-0.366901 -0.719541 0.669105
-0.424958 -0.770206 -0.881469
-0.580267 -0.516978 0.987745
-0.760959 -0.460252 -0.963474
-0.986361 -0.229775 0.849389
-1.031722 -0.165300 -1.077564
-1.168009 0.035000 1.009840
-1.123114 0.289390 -0.855428
-1.112888 0.399515 0.751548
-0.991960 0.560390 -0.956349
-1.035296 0.637465 0.843662
-0.982511 0.852704 -0.673819
-1.037207 0.878630 0.561799
-0.873218 1.085556 -1.010635
-0.931869 1.134561 0.874489
-0.964020 1.317008 -0.551995
-0.984194 1.391518 0.550051
-0.696177 1.460141 -0.855299
-0.723465 1.520272 0.622845
-0.782483 1.552020 -0.409003
-0.853107 1.735459 0.302300
-0.695971 1.790102 -0.346360
-0.680488 1.714740 0.300386
-0.588451 1.600335 0.072023
-0.583109 1.550503 0.281564
0.174366 -1.085093 0.112221
0.206809 -1.082099 0.357111
0.323272 -1.099821 -0.286863
0.280966 -0.961169 0.566593
0.137277 -0.966074 -0.367715
-0.047853 -0.828187 0.673388
-0.121424 -0.873842 -0.774396
-0.210739 -0.663807 0.937139
-0.415519 -0.632463 -0.822288
-0.573770 -0.427650 0.980255
-0.771470 -0.403963 -1.197708
-0.885283 -0.140591 1.232096
-0.996501 -0.089514 -1.135459
-1.011422 0.173488 1.099543
-1.073099 0.305078 -1.374762
-1.084753 0.506229 1.365421
-1.097029 0.633158 -1.133860
-1.044882 0.794413 1.054826
-0.953364 0.966749 -1.599324
-0.978869 1.069618 1.522551
-0.969664 1.251218 -1.209015
-0.906046 1.450095 1.000491
-0.751335 1.763800 -1.662853
-0.780777 1.748318 1.519977
-0.811368 1.858373 -1.171421
-0.730970 1.924599 0.905769
-0.567099 2.095738 -1.356854
-0.575901 2.096737 0.813807
-0.605608 2.320347 -0.417745
-0.580650 2.160516 0.275782
-0.524763 2.078320 -0.263893
-0.499024 1.897420 0.024621
0.188150 -1.091754 -0.119275
0.254075 -1.122515 0.162542
0.435450 -1.163767 -0.127136
0.397176 -1.055638 0.410295
0.319693 -1.077318 -0.589044
0.183592 -0.867382 0.799249
0.031804 -0.944080 -0.629913
-0.048762 -0.695084 0.797168
-0.164021 -0.821486 -1.111810
-0.345540 -0.473890 1.239506
-0.528802 -0.518641 -1.268005
-0.687441 -0.194950 1.134716
-0.723093 -0.241694 -1.657395
-0.699056 0.088662 1.550287
-0.691322 0.110077 -1.518608
-0.753415 0.335069 1.399500
-0.705242 0.489265 -1.923108
-0.664188 0.665539 1.764328
-0.605031 0.765222 -1.545379
-0.581054 0.818868 1.581299
-0.479799 1.158702 -2.099168
-0.503815 1.230961 1.876471
-0.566586 1.384165 -1.468849
-0.514751 1.409236 1.299807
-0.342501 1.636901 -1.883228
-0.344987 1.637631 1.206851
-0.484924 1.606208 -0.936657
-0.484192 1.692388 0.792829
-0.423213 1.876577 -0.699274
-0.453463 1.792644 0.549432
-0.377738 1.696571 -0.288246
-0.380653 1.580244 0.148695
0.357543 -1.082902 0.137690
0.423128 -1.088589 0.346523
0.604794 -1.102008 -0.203718
0.567657 -0.960661 0.498216
0.507667 -0.993861 -0.312151
0.380184 -0.843622 0.604734
0.307258 -0.924874 -0.623081
0.155981 -0.690303 0.907417
-0.051069 -0.756187 -0.827529
-0.266721 -0.495942 1.013084
-0.473788 -0.491691 -1.071410
-0.613922 -0.184720 1.148758
-0.749845 -0.127927 -1.029251
-0.755141 0.153909 1.070210
-0.799798 0.270741 -1.117345
-0.841171 0.507989 0.919738
-0.801890 0.645335 -0.649754
-0.826964 0.753488 1.229104
-0.737099 0.946758 -1.100256
-0.735679 1.034640 0.887711
-0.568860 1.321247 -0.643249
-0.581321 1.400428 1.381967
-0.469671 1.689332 -1.325621
-0.446909 1.644663 0.967677
-0.418528 1.806745 -0.778797
-0.336324 1.747153 1.722414
-0.267606 1.892878 -1.068030
-0.351956 1.876681 1.163310
-0.355934 2.188102 -0.754848
-0.365510 2.080589 0.603460
-0.321418 2.114929 0.029022
-0.326352 1.907133 0.346635
0.447061 -1.099915 -0.090795
0.583045 -1.153504 0.121735
0.737239 -1.225194 -0.063359
0.737553 -1.117113 0.293459
0.757789 -1.152543 -0.380640
0.586803 -0.962956 0.674136
0.523972 -1.014624 -0.563397
0.361258 -0.747300 0.746951
0.234259 -0.889346 -0.804558
-0.001361 -0.552656 1.052769
-0.103935 -0.555829 -1.091330
-0.268672 -0.228786 1.071015
-0.330248 -0.270515 -1.311945
-0.440755 0.050439 1.286035
-0.478222 0.091378 -1.116405
-0.546009 0.341022 1.029397
-0.498851 0.401551 -1.139207
-0.565132 0.551234 1.196096
-0.544329 0.705148 -0.765820
-0.577336 0.828867 0.892963
-0.406722 1.002144 -1.015717
-0.452596 1.090301 1.039157
-0.546753 1.271235 -0.743468
-0.458630 1.333840 0.677003
-0.256965 1.364565 -0.910264
-0.288684 1.361007 0.737366
-0.332592 1.386975 -0.594214
-0.387257 1.473944 0.557851
-0.278091 1.533448 -0.561580
-0.346514 1.482056 0.582653
-0.308082 1.404689 -0.133262
-0.262827 1.391654 0.377686
0.576781 -1.077404 0.085693
0.651385 -1.104728 0.418590
0.863097 -1.165623 -0.228771
0.828480 -0.996602 0.528442
0.803194 -1.026332 -0.317276
0.703928 -0.875320 0.604716
0.691280 -0.934805 -0.636837
0.585859 -0.716487 0.758936
0.500682 -0.781990 -0.759592
0.260388 -0.567470 0.970668
0.116962 -0.561766 -1.003276
0.003052 -0.299122 1.071405
-0.103791 -0.249629 -1.052652
-0.265094 0.036342 1.128432
-0.361064 0.109776 -1.313317
-0.439759 0.331239 1.211791
-0.468667 0.510503 -1.120931
-0.543436 0.629515 1.086859
-0.498248 0.822305 -1.543160
-0.527616 0.922830 1.544673
-0.571761 1.091278 -1.243104
-0.475553 1.225517 0.982948
-0.335361 1.475047 -1.660377
-0.269839 1.398434 1.507970
-0.253077 1.528630 -1.205759
-0.259593 1.462660 1.000852
-0.226923 1.714780 -1.456623
-0.198149 1.606511 0.973146
-0.240283 1.891887 -0.623278
-0.213088 1.728658 0.777575
-0.171867 1.742310 -0.225399
-0.161785 1.606139 0.092328
0.793629 -1.129851 -0.109543
0.930332 -1.179303 0.232183
1.068882 -1.304690 -0.105161
1.036506 -1.165658 0.433006
1.038501 -1.211156 -0.639927
0.910954 -1.033076 0.764196
1.000163 -1.106121 -0.460680
0.881296 -0.882017 0.638758
0.843324 -0.962789 -0.766237
0.577483 -0.685240 1.010471
0.622590 -0.644448 -0.879081
0.381357 -0.324044 1.009320
0.288378 -0.346969 -1.228674
0.038005 -0.061945 1.263752
0.020403 -0.004668 -1.255322
-0.174480 0.218898 1.232683
-0.227283 0.344526 -1.676507
-0.310549 0.493036 1.587901
-0.357251 0.609984 -1.479347
-0.303392 0.688046 1.339748
-0.162491 1.002837 -1.968340
-0.206386 0.998904 1.605573
-0.231725 1.063810 -1.355144
-0.163614 1.029546 1.091747
-0.097108 1.230255 -1.666734
-0.111369 1.245268 1.089306
-0.165528 1.164137 -1.012328
-0.192256 1.221406 0.723788
-0.156133 1.341016 -0.714954
-0.196093 1.312435 0.489395
-0.209863 1.335617 -0.295709
-0.154500 1.230262 0.204642
0.749824 -1.097509 0.141389
0.906603 -1.136158 0.348628
1.120067 -1.238593 -0.123985
1.064614 -1.069606 0.509925
1.105282 -1.132648 -0.240498
1.050341 -0.995916 0.513971
1.120482 -1.020461 -0.420913
0.963179 -0.866067 0.775434
0.970736 -0.902240 -0.521269
0.769024 -0.644555 0.849042
0.776661 -0.629288 -0.833636
0.618992 -0.345127 1.084947
0.647481 -0.287424 -1.010586
0.383005 -0.058674 1.150260
0.351476 -0.013591 -1.198776
0.087606 0.183448 1.115674
0.015218 0.308071 -1.113039
-0.203722 0.456729 1.194754
-0.242831 0.574900 -1.263566
-0.325828 0.687227 1.004632
-0.129127 0.813379 -1.003696
-0.174578 0.902320 1.149764
-0.119410 1.047323 -1.219859
-0.069327 1.062212 0.941607
-0.037448 1.144632 -1.040646
-0.049414 1.218983 1.303161
-0.084146 1.297333 -1.121147
-0.116826 1.290064 1.025133
-0.066207 1.436688 -0.868744
-0.080606 1.368899 0.574738
0.016655 1.440414 -0.161875
-0.014048 1.371378 0.214983
0.954176 -1.182744 0.032378
1.191242 -1.279204 0.200274
1.336000 -1.464164 0.038424
1.400480 -1.384328 0.339449
1.408625 -1.473991 -0.270342
1.297920 -1.275481 0.724308
1.347749 -1.343018 -0.349809
1.310155 -1.103499 0.673733
1.312778 -1.136229 -0.525806
1.105123 -0.807489 0.944263
1.183354 -0.769173 -0.620776
1.083715 -0.432926 0.947207
1.134491 -0.425824 -0.900312
0.845705 -0.129322 1.105060
0.891284 -0.137704 -1.091102
0.776892 0.085620 1.096008
0.718527 0.110585 -1.192215
0.360992 0.334545 1.244434
0.260011 0.390677 -1.325246
0.160209 0.601503 1.058441
0.235826 0.654647 -1.168890
0.187828 0.746850 1.141965
0.112957 0.827949 -1.188815
0.188868 0.995419 0.924425
0.198995 0.995543 -1.044702
0.153509 1.050470 0.811379
-0.020052 1.011840 -1.021632
-0.043253 1.116829 0.583412
-0.056959 1.103498 -0.679542
-0.072801 1.183644 0.453022
-0.041693 1.159715 -0.226007
0.020558 1.160998 0.206953
0.916384 -1.147117 0.155619
1.130395 -1.208960 0.364415
1.348381 -1.309561 -0.176155
1.399406 -1.177000 0.482286
1.419546 -1.226237 -0.313062
1.376360 -1.088228 0.552240
1.386097 -1.071627 -0.606748
1.384830 -0.888182 0.610282
1.385784 -0.901673 -0.358172
1.271464 -0.655156 0.757554
1.295274 -0.582731 -0.694163
1.292584 -0.329026 0.783214
1.361758 -0.334199 -0.565714
1.140854 -0.146157 1.007672
1.155582 -0.132587 -0.945285
1.228143 0.097937 0.981913
1.281359 0.102264 -0.850519
0.918281 0.253318 1.038037
0.798843 0.309552 -1.108953
0.874817 0.507886 1.052545
0.861465 0.487245 -0.998137
0.629069 0.609402 0.984146
0.532936 0.646671 -1.267872
0.541270 0.775852 0.991835
0.515366 0.848645 -1.009900
0.380957 0.928432 0.822149
0.332639 1.003226 -1.198465
0.225891 0.997040 0.657839
0.157741 1.141528 -0.691760
0.223279 1.139729 0.354788
0.281387 1.175081 -0.395701
0.218830 1.207604 0.038917
1.086597 -1.212129 -0.010215
1.365264 -1.373010 0.265300
1.584089 -1.579458 -0.047707
1.596841 -1.514177 0.526768
1.553952 -1.555775 -0.519484
1.467611 -1.322576 0.936637
1.591831 -1.373818 -0.350764
1.498385 -1.085281 0.612157
1.410470 -1.051759 -0.674195
1.334764 -0.737245 0.962298
1.516431 -0.677504 -0.384730
1.451732 -0.439606 0.690185
1.438539 -0.421638 -0.642836
1.364757 -0.183122 1.089820
1.630138 -0.228249 -0.462171
1.571110 -0.017104 0.859346
1.528132 -0.027661 -0.775184
1.401966 0.221879 1.218713
1.521233 0.171707 -0.604220
1.464995 0.422224 0.952945
1.291828 0.424640 -0.985364
1.129639 0.606605 1.145013
1.166988 0.508670 -0.807303
1.133191 0.713695 0.780916
0.963937 0.789585 -1.051862
0.772079 0.966429 0.688524
0.649063 0.906740 -0.716432
0.534125 1.024947 0.422374
0.360087 1.068548 -0.624049
0.291518 1.117980 0.248961
0.322639 1.134629 -0.282320
0.307747 1.110876 0.042303
0.895946 -1.073063 0.102928
1.225677 -1.189027 0.182975
1.412421 -1.251303 0.059741
1.507985 -1.148574 0.318645
1.518053 -1.144113 -0.133325
1.581373 -1.043956 0.086433
1.553553 -0.908676 -0.116783
1.556913 -0.754315 0.304123
1.571123 -0.651679 -0.299699
1.592820 -0.470026 0.245785
1.578338 -0.345563 -0.142888
1.632842 -0.195652 0.551453
1.716552 -0.193626 -0.319602
1.781719 -0.047965 0.414118
1.774169 -0.047257 -0.195651
1.778897 0.136334 0.725383
1.835709 0.103531 -0.365781
1.859818 0.289254 0.484229
1.828771 0.315198 -0.204400
1.785487 0.511343 0.790900
1.748987 0.431316 -0.579561
1.666366 0.534016 0.428155
1.573444 0.527037 -0.432119
1.435390 0.668495 0.527923
1.293754 0.677557 -0.683209
1.121369 0.756311 0.424459
1.056981 0.852602 -0.573892
0.837620 0.930648 0.331645
0.740148 0.970026 -0.678473
0.671647 1.041802 -0.089164
0.557453 1.112172 -0.195258
0.404011 1.106300 -0.187080
1.133302 -1.175002 0.125674
1.347095 -1.366503 0.181519
1.521672 -1.459638 0.193269
1.605428 -1.412708 0.091208
1.657889 -1.474317 0.175086
1.590999 -1.343066 0.481594
1.631092 -1.278047 -0.046877
1.625810 -1.024062 0.274365
1.595608 -0.904739 0.043326
1.564278 -0.689065 0.521632
1.665086 -0.591978 -0.111468
1.738155 -0.412425 0.425018
1.748475 -0.354310 0.105267
1.699733 -0.252511 0.748616
1.801815 -0.221744 -0.049651
1.860304 -0.074641 0.658947
1.842566 -0.001660 0.159591
1.759101 0.114476 0.979178
1.856107 0.161307 -0.022497
1.837334 0.291007 0.748432
1.792717 0.334071 0.183833
1.594649 0.427708 0.939961
1.584217 0.404474 -0.064173
1.457408 0.527863 0.605028
1.356265 0.605399 -0.030497
1.099510 0.760844 0.559377
1.018560 0.822390 -0.340978
0.871616 0.963381 0.231008
0.742197 1.046127 -0.197163
0.608679 1.108951 0.078492
0.578963 1.141971 -0.017893
0.431465 1.133837 0.313307
0.740716 -0.967108 0.134695
1.126710 -1.079330 0.081724
1.277594 -1.050443 -0.215723
1.417604 -1.079051 0.151634
1.459119 -1.064268 -0.109485
1.534981 -1.035921 0.076571
1.520025 -0.919137 -0.234033
1.565282 -0.752984 0.117030
1.553653 -0.625696 -0.071902
1.637580 -0.475343 0.114910
1.586241 -0.373726 -0.189847
1.664019 -0.213351 0.355612
1.687990 -0.177159 -0.015119
1.778741 -0.108743 0.357342
1.704606 -0.058929 -0.125166
1.782418 0.116346 0.554715
1.737509 0.118274 0.119001
1.851422 0.204493 0.449677
1.702580 0.234064 -0.072951
1.757378 0.408888 0.630668
1.670962 0.349812 0.152454
1.753356 0.442252 0.427199
1.569381 0.402366 -0.225513
1.576718 0.585799 0.366609
1.432432 0.562556 -0.098506
1.441554 0.728739 0.162394
1.247672 0.755166 -0.429593
1.158701 0.926842 0.108160
0.995134 0.986860 -0.201026
0.904706 1.028566 0.005999
0.708971 1.047476 -0.407006
0.474838 1.045377 -0.418200
0.979984 -0.883312 0.099320
1.066098 -1.054436 0.380795
1.323929 -1.103020 0.181284
1.310535 -1.081753 0.397910
1.398275 -1.055892 -0.008599
1.341377 -0.969321 0.395089
1.441406 -0.886934 0.081029
1.407906 -0.722919 0.219855
1.433512 -0.579309 -0.018455
1.373393 -0.448253 0.407101
1.491006 -0.333581 0.149161
1.499196 -0.221664 0.374719
1.543545 -0.127152 0.116404
1.464491 -0.075804 0.636028
1.584800 -0.009364 0.307871
1.565358 0.082856 0.553931
1.598491 0.176779 0.277327
1.456812 0.222604 0.797031
1.637840 0.304156 0.414472
1.549966 0.350617 0.610905
1.596794 0.451618 0.329300
1.382370 0.480080 0.824342
1.537207 0.529457 0.370249
1.327621 0.585707 0.485822
1.321450 0.670241 0.149024
1.086493 0.761734 0.474061
1.125405 0.818188 0.062436
0.984213 0.945437 0.132820
0.913902 1.044654 -0.068222
0.764228 1.142748 0.183688
0.697489 1.156790 -0.197600
0.538545 1.071914 0.015340
