1.367233 0.002975 0.021335
0.904355 0.018650 -0.017420
0.936175 0.016127 0.046260
0.153301 0.089822 -0.021433
0.439093 0.103785 0.056352
1.485330 0.042644 -0.008244
0.498665 0.100861 0.078188
0.072139 0.028024 -0.059645
1.700508 0.008092 0.098386
0.140705 0.066504 0.104490
-0.042386 0.012019 0.142117
0.391266 0.056755 0.086312
0.267101 0.004195 0.039635
1.171769 -0.168469 0.168610
0.077978 0.066535 -0.079476
1.672887 0.086869 0.084880
0.744832 0.037572 0.179647
1.146822 0.042802 0.141480
-0.142038 0.091777 -0.089384
-0.161539 -0.038620 -0.122695
1.081862 -0.028129 0.003796
1.026393 0.059081 0.101961
1.121848 0.025426 -0.046413
-0.059272 0.062477 -0.061309
0.169562 0.003563 0.106423
1.325771 -0.071262 0.047356
0.131904 0.133994 0.026717
1.109645 -0.046981 0.126454
-0.307845 0.013216 0.102563
0.685899 0.010676 -0.049812
-0.359517 0.036925 -0.099739
0.284933 0.089268 0.060910
0.888808 0.040058 0.057772
0.977851 -0.040823 0.063866
1.376101 0.088445 -0.016613
1.342143 0.017229 0.088437
1.455317 0.098469 0.148585
0.691091 0.047668 0.085161
1.083090 -0.079333 0.187191
0.150404 -0.087638 -0.119387
-0.244869 -0.010161 0.156279
0.186075 0.016681 0.105505
0.276716 0.105110 0.070034
0.089668 0.130433 -0.011572
0.014724 -0.085510 -0.141793
0.211480 0.007148 -0.087327
-0.246468 -0.076310 0.002501
1.468590 -0.046059 0.174590
-0.034628 0.051361 -0.121535
1.762437 0.030378 0.077866
1.882899 -0.007914 0.134586
0.565920 0.035278 0.024150
0.495886 -0.081317 0.048412
0.057400 0.059561 0.081507
0.073591 0.046830 0.053330
1.532550 0.005507 0.050911
1.860452 -0.045032 -0.113166
0.521900 -0.178279 0.151837
-0.352064 0.087464 -0.059634
1.375876 0.046758 -0.019648
-0.298665 -0.029095 -0.073744
0.252559 -0.051168 -0.025421
-0.233045 -0.101683 0.155993
0.150946 -0.102255 0.142215
-0.096564 0.001157 -0.111294
0.689544 0.009444 -0.038393
-0.227536 -0.015762 0.173461
0.395437 -0.020952 0.048345
0.100593 -0.047028 0.052124
-0.312540 -0.056503 0.107454
0.916249 -0.157788 -0.005303
1.147932 0.059253 0.005370
-0.219537 0.027271 0.193360
1.218308 0.061529 0.177275
1.462257 0.048879 0.084306
0.603849 -0.024782 0.005096
0.872627 0.131444 0.192636
0.317545 -0.078991 -0.035686
0.502737 0.094943 0.064283
0.387020 0.076549 0.062208
0.166060 -0.049925 -0.040962
-0.308901 0.009693 0.140060
1.866514 -0.039746 0.010552
-0.551947 0.086621 0.097288
0.625666 -0.097788 -0.066229
0.159478 0.043043 -0.113701
0.760575 0.052483 -0.077416
1.222707 -0.049093 -0.016251
-0.180656 0.057065 -0.017947
1.490065 0.018361 -0.071865
-0.341448 -0.055002 0.095731
1.048950 0.130426 -0.053169
0.273197 -0.020573 0.159008
-0.231030 -0.030974 0.186358
1.226640 0.025226 0.018031
1.584172 -0.093754 -0.053243
-0.067245 -0.075858 0.086838
0.865022 0.051727 -0.050615
0.920811 0.135676 0.133226
-0.053856 0.093172 -0.075418
-0.221040 0.019765 0.116027
-0.047015 0.128738 0.177776
1.027190 -0.028449 -0.112326
0.579130 0.148542 0.027021
0.636878 -0.105742 0.035122
0.644351 0.042395 0.017179
-0.105395 0.163721 -0.036119
-0.034863 0.130959 -0.065752
0.583913 0.060110 -0.033747
0.513515 0.035893 -0.006341
-0.384623 -0.003270 0.096850
0.378100 -0.040284 -0.093791
0.894618 -0.078054 0.125960
0.724830 0.004304 0.154633
1.341555 0.101313 0.008160
-0.729570 0.040970 -0.136402
0.116154 0.049837 0.073501
1.114958 -0.025912 0.072659
1.291326 -0.076646 -0.065578
-0.242708 0.043792 -0.095562
0.728268 0.064039 0.021429
0.429502 0.052099 0.152057
0.195553 0.073317 0.017906
1.001199 -0.096223 0.103010
1.019877 -0.140159 -0.073602
0.783225 -0.071578 0.116116
0.818087 -0.001551 -0.100262
0.587180 0.040007 0.033740
1.083019 -0.013043 0.026929
-0.443546 -0.086410 -0.097186
1.126017 -0.059109 0.015825
0.237359 0.085403 0.023437
-0.026285 -0.001736 -0.064369
1.047620 -0.030351 0.109155
-0.324448 0.075600 -0.070272
0.776402 0.208908 0.129844
0.974359 -0.122144 0.117874
-0.153489 0.007375 0.145805
-0.229887 -0.112822 -0.107211
0.336265 0.084708 0.034219
1.152872 -0.028396 -0.066227
-0.168930 0.065618 -0.103590
-0.057240 0.078431 0.100850
-0.040592 -0.065213 -0.102519
0.678018 0.018397 0.088939
0.582694 0.099990 0.087072
-0.268330 -0.123880 -0.135670
0.041653 0.059766 0.065229
-0.240994 0.118075 -0.035175
0.367469 0.026498 -0.038497
1.466040 0.028455 0.018368
1.141450 0.055464 -0.047351
0.595424 -0.121134 0.011797
0.181101 0.023365 -0.175007
-0.054398 -0.053534 -0.090605
0.105499 -0.038814 0.050371
0.757217 -0.011315 0.008316
-0.323486 0.058855 0.076051
1.877355 -0.013055 -0.056263
-0.164622 -0.164432 0.071836
-0.543450 -0.015386 -0.113819
1.681714 -0.038398 -0.152345
1.177687 -0.127490 -0.040454
0.633166 -0.096531 0.014760
0.480283 -0.059944 -0.065047
1.159076 0.004745 -0.178395
0.940124 0.092101 0.033193
0.222776 -0.075265 -0.086050
1.119395 -0.059909 -0.016349
-0.016384 -0.020242 -0.084010
1.188114 -0.065425 0.033553
0.158660 -0.048777 0.140544
-0.136712 0.012406 0.109912
0.576206 0.028839 0.010315
0.965279 -0.085802 -0.111508
0.335954 0.061682 0.000519
1.349115 -0.080665 0.124656
1.315776 0.000083 -0.062689
0.154619 -0.110979 0.037818
0.692710 0.044773 0.136337
1.411160 -0.035385 -0.003292
0.004417 0.069865 -0.012522
0.575553 0.015652 0.089292
1.521122 0.023801 0.000158
0.236703 -0.057093 0.018735
0.738498 0.016289 0.028856
2.098716 -0.034672 -0.025873
-0.258618 0.060688 -0.049222
0.911962 0.101244 -0.052695
0.176058 -0.050362 -0.028644
-0.031018 0.006469 -0.066524
0.773311 0.100068 -0.047172
1.180690 -0.038670 -0.028183
0.340030 0.096781 -0.029487
-0.303654 -0.041352 0.096520
0.875657 -0.177648 -0.016480
1.123445 -0.049246 0.076952
0.480006 0.003165 -0.073829
0.050865 -0.069560 -0.068884
1.734007 0.130261 -0.055786
1.659959 -0.075858 0.111636
0.027390 0.022595 0.133145
1.119402 0.044961 0.079338
-0.065099 -0.027932 0.164225
1.337395 0.078381 0.089101
1.189146 0.048822 0.172120
-0.086167 -0.064842 -0.049352
0.809922 -0.072268 0.036552
-0.008627 0.019444 0.160091
1.674768 0.000394 0.001890
0.864867 -0.065526 0.092665
0.923055 0.019675 -0.075916
0.790441 -0.011240 0.093234
0.989526 0.048813 0.076465
-0.227065 0.037092 0.021343
0.006206 -0.019789 -0.027702
-0.061611 0.049928 -0.088830
0.868593 -0.090659 0.085402
-0.069954 -0.051238 -0.055297
1.319316 -0.047979 0.070255
-0.205409 0.024534 -0.046915
-0.076142 -0.003378 0.150698
-0.477854 0.011724 -0.128837
0.039185 0.005449 0.039843
-0.471973 0.005455 0.105934
1.095068 0.002746 0.135156
0.181206 -0.003235 -0.040351
-0.512559 0.023063 -0.112030
1.354156 -0.031945 0.086640
0.411313 0.084225 0.083703
1.056435 -0.045876 0.207098
1.219833 0.071997 -0.013811
-0.305335 -0.077535 0.126230
-0.191611 -0.038090 -0.132240
-0.041815 0.076109 -0.098926
0.893108 0.043673 0.020396
-0.081215 -0.052575 0.046748
-0.002336 0.089565 0.067121
-0.556582 -0.099271 -0.003045
-0.281416 0.083107 -0.057698
0.160175 -0.025065 -0.092902
-0.180015 0.035864 0.111919
0.371937 0.011896 0.025752
1.898563 0.005682 0.048923
-0.381734 -0.041354 -0.122031
0.416108 -0.095274 0.022557
-0.281147 0.082172 0.000749
1.179194 0.049472 0.188865
-0.137675 -0.089599 -0.095572
-0.463542 -0.103216 0.016121
-0.280044 -0.087655 -0.020865
0.962967 0.112234 0.109870
-0.166106 -0.049479 -0.077341
-0.082744 0.070622 -0.036252
0.525160 -0.134766 -0.021598
-0.162507 -0.077285 0.124958
-0.192999 -0.067643 -0.108437
-0.208529 0.056660 -0.025991
-0.231048 0.120585 -0.083119
-0.219901 0.107174 -0.045215
-0.273526 0.067510 -0.085670
-0.379343 0.031903 0.005184
-0.477832 0.011632 -0.064216
-0.555510 0.023901 0.023937
-0.615062 0.009727 0.026817
-0.622671 0.021864 0.071128
-0.604715 -0.018556 -0.005223
-0.591916 0.005078 0.102005
-0.565451 -0.017897 -0.012752
-0.562402 0.023197 0.064774
-0.640892 -0.016475 -0.083814
-0.639848 0.024044 0.102063
-0.718283 -0.009052 -0.095584
-0.683731 0.030710 0.081009
-0.678476 0.041460 -0.160615
-0.649849 0.105965 0.124217
-0.637452 0.085962 -0.062781
-0.597189 0.125875 0.096826
-0.516534 0.118493 -0.137275
-0.368001 0.128508 0.122643
-0.237493 0.129473 -0.014416
-0.069233 0.161140 0.074985
0.036656 0.107433 -0.017116
0.028384 0.131205 0.143575
-0.042036 0.074694 -0.008490
-0.059898 0.114510 0.208073
-0.080199 0.100814 0.021786
-0.020652 0.221236 0.167994
-0.399151 -0.000260 -0.103706
-0.509790 0.104705 -0.072822
-0.584359 0.078185 -0.001337
-0.539862 0.074057 0.026123
-0.613895 0.051767 -0.028960
-0.678668 0.027173 0.115092
-0.794969 0.011574 0.101994
-0.864720 0.008499 0.063051
-0.902427 0.009819 0.076983
-0.934438 -0.014766 0.074469
-0.932419 -0.024281 0.147342
-0.931385 -0.025021 0.075168
-0.899917 -0.017263 0.074485
-0.910476 0.020579 0.108377
-0.953728 0.053204 0.019207
-0.951349 0.040645 0.106068
-1.014303 0.053059 -0.060853
-1.032348 0.046090 0.171495
-1.011719 0.073317 -0.072492
-1.003788 0.066158 0.200501
-0.956785 0.040952 -0.082726
-0.932481 0.037594 0.180069
-0.874216 0.029154 0.083428
-0.740953 0.044327 0.163937
-0.538918 0.080830 0.056166
-0.336603 0.092347 0.146170
-0.220608 0.130822 0.225228
-0.181983 0.150210 0.072596
-0.253288 0.176940 0.211887
-0.266409 0.110300 0.102361
-0.263562 0.133697 0.248246
-0.105742 0.171067 0.114890
-0.559577 0.008380 -0.063439
-0.753608 0.084218 0.009794
-0.849498 0.082247 -0.131901
-0.775607 0.100069 -0.063738
-0.724597 0.074436 -0.025463
-0.725351 0.057731 -0.023879
-0.739782 0.041043 -0.016653
-0.773751 0.061849 -0.007214
-0.820408 0.034135 0.037894
-0.849712 0.019001 0.011212
-0.819528 -0.013403 -0.014900
-0.841838 0.001904 0.007373
-0.886384 -0.004036 0.019519
-0.931636 0.014884 -0.023866
-1.049880 0.008490 -0.050119
-1.062519 0.044489 0.049669
-1.146743 0.049815 -0.014690
-1.156209 0.075572 0.004317
-1.159202 0.106763 -0.049133
-1.128145 0.157568 0.036967
-1.134193 0.162238 0.054531
-1.080802 0.174116 0.022481
-1.010203 0.129061 0.055959
-0.828943 0.163531 0.005923
-0.714933 0.124872 0.140682
-0.489787 0.141413 -0.002735
-0.338355 0.105727 0.121386
-0.212663 0.138944 -0.021369
-0.289839 0.127419 0.269291
-0.319345 0.121254 0.059428
-0.372998 0.102628 0.237263
-0.189052 0.190311 0.062893
-0.373025 0.001133 -0.123480
-0.572592 0.033913 -0.051185
-0.681130 0.051528 0.022976
-0.679614 0.032220 -0.028218
-0.677538 0.030354 -0.023219
-0.720840 0.030992 0.009055
-0.774332 0.001945 0.003003
-0.811372 0.000433 -0.000059
-0.835375 -0.006991 -0.002298
-0.852102 -0.032224 -0.006368
-0.884685 -0.058222 -0.047647
-0.909279 -0.051690 0.002742
-0.927878 -0.046847 -0.093169
-1.001691 -0.021509 0.032470
-1.035353 -0.007288 -0.086358
-1.085284 0.019792 0.057757
-1.058259 0.033090 -0.159866
-1.079311 0.090303 0.140746
-1.050645 0.090652 -0.066141
-1.095634 0.104532 0.088909
-1.070200 0.104767 -0.042511
-1.061912 0.130113 0.106423
-1.007158 0.125269 0.004674
-0.933633 0.098023 -0.003841
-0.782380 0.092420 -0.002343
-0.629900 0.098679 0.038610
-0.429698 0.104289 0.041875
-0.285606 0.128469 0.018744
-0.274694 0.184114 0.058093
-0.266594 0.168962 0.010388
-0.246471 0.198047 0.150742
-0.119687 0.225158 0.064132
-0.371208 -0.030986 -0.081942
-0.544494 0.027566 -0.006292
-0.656260 0.069980 -0.137985
-0.607152 0.067222 -0.033572
-0.623872 0.068320 -0.060244
-0.627075 0.057886 -0.014527
-0.617589 0.042330 -0.007892
-0.615568 0.038767 -0.040223
-0.687883 0.006754 -0.018174
-0.741638 -0.023969 -0.026664
-0.833322 -0.052614 0.007380
-0.892547 -0.074762 0.000727
-0.996936 -0.084771 0.045352
-1.061764 -0.089734 0.038904
-1.173616 -0.033122 -0.022780
-1.184009 0.032586 0.067724
-1.194746 0.104602 -0.033097
-1.109837 0.126840 0.052208
-1.098157 0.175917 -0.029542
-1.059136 0.169732 0.066803
-1.084123 0.182438 -0.021732
-1.035647 0.187345 0.057280
-1.013972 0.182840 0.013733
-0.893516 0.147461 0.053155
-0.761654 0.118003 0.038035
-0.543423 0.096997 0.022800
-0.356140 0.092533 0.048737
-0.230786 0.120303 -0.026438
-0.192913 0.136261 0.099619
-0.244766 0.150488 0.042181
-0.274638 0.133571 0.233934
-0.163435 0.204778 0.120640
-0.255879 -0.043365 -0.160348
-0.443764 0.018059 0.004675
-0.523266 0.039609 -0.032186
-0.553058 0.044827 0.000719
-0.563393 0.036225 -0.054345
-0.588703 0.040444 0.018923
-0.616780 -0.003158 0.034076
-0.657119 -0.014977 0.022862
-0.718147 -0.039929 0.111936
-0.787676 -0.090257 0.022385
-0.825265 -0.141363 0.037068
-0.899971 -0.136766 0.044972
-0.937677 -0.143136 -0.083049
-1.026372 -0.082057 0.054951
-1.083057 -0.047879 -0.082393
-1.093587 0.054178 0.061604
-1.052428 0.116652 -0.153459
-1.009002 0.154542 0.073508
-0.952944 0.137523 -0.074586
-0.984289 0.149193 0.095537
-0.971563 0.142833 -0.007903
-0.958517 0.163708 0.085470
-0.881448 0.140552 -0.036501
-0.819117 0.125494 0.061006
-0.669206 0.083034 -0.008283
-0.500017 0.059633 0.084183
-0.279850 0.040028 0.059977
-0.185954 0.069943 0.064374
-0.173529 0.115392 0.093343
-0.283380 0.112533 0.010015
-0.245800 0.159553 0.205232
-0.151224 0.174427 0.043397
-0.319166 -0.028820 -0.095944
-0.483044 0.020332 -0.057069
-0.596176 0.053953 -0.113703
-0.562419 0.055252 -0.072191
-0.596608 0.037712 -0.036849
-0.581201 0.036160 -0.049742
-0.594286 0.003977 0.011988
-0.603004 -0.012082 -0.076372
-0.641934 0.008900 -0.019097
-0.699647 0.000745 -0.079461
-0.753453 0.002967 -0.060830
-0.839311 -0.036866 0.040637
-0.985482 -0.063471 -0.059962
-1.066461 -0.074518 0.088645
-1.181977 -0.055434 -0.133155
-1.178809 0.045628 0.050341
-1.099133 0.104873 -0.093180
-0.984063 0.164417 -0.017886
-0.898294 0.157804 -0.114768
-0.863300 0.164579 -0.014030
-0.884891 0.176025 -0.011522
-0.887865 0.165613 0.008359
-0.878697 0.152595 -0.041842
-0.787181 0.118738 0.015093
-0.663273 0.096128 0.038226
-0.490648 0.065524 0.027468
-0.330937 0.056006 -0.011334
-0.212657 0.117244 -0.036530
-0.214416 0.115277 0.049002
-0.282390 0.126370 0.001523
-0.303491 0.086589 0.220010
-0.192673 0.138575 0.073470
-0.327165 -0.022593 -0.160171
-0.526848 0.060113 -0.056763
-0.595947 0.064827 -0.059296
-0.618101 0.073440 -0.062329
-0.599894 0.054363 -0.072022
-0.600981 0.067627 -0.049271
-0.591783 0.055786 -0.035982
-0.620593 0.054711 -0.077204
-0.664196 0.057219 -0.023997
-0.697862 0.022306 -0.027012
-0.743469 -0.005899 -0.061975
-0.841224 -0.036736 0.062814
-0.934892 -0.047931 -0.188201
-1.035622 -0.042755 0.119851
-1.105195 -0.044241 -0.227032
-1.124997 0.080128 0.155885
-0.981931 0.156906 -0.296948
-0.867134 0.188045 0.113986
-0.750970 0.153982 -0.169420
-0.763295 0.120530 0.082525
-0.740564 0.119729 -0.106150
-0.782224 0.135994 0.040983
-0.737026 0.113614 -0.090705
-0.715777 0.101130 0.065690
-0.577489 0.068207 -0.037254
-0.458778 0.058381 0.043706
-0.300191 0.032776 0.007267
-0.262152 0.074156 0.047597
-0.273300 0.067679 0.024430
-0.356057 0.078574 0.032727
-0.324609 0.081958 0.226548
-0.190936 0.111182 0.033392
-0.354746 -0.015866 -0.112558
-0.512592 0.040748 -0.036530
-0.583291 0.057884 -0.091134
-0.570615 0.055147 -0.022369
-0.577161 0.034263 -0.024866
-0.547445 0.023897 -0.046982
-0.519392 0.011137 -0.035637
-0.543413 0.015969 -0.113278
-0.575860 0.017503 -0.040233
-0.644338 0.041387 -0.074303
-0.700967 0.025345 -0.022190
-0.803691 0.012491 0.009960
-0.917468 -0.033441 -0.006225
-1.022750 -0.040093 0.100000
-1.164308 -0.037222 -0.110941
-1.172625 0.043291 -0.027731
-1.095942 0.109871 -0.055819
-0.890715 0.165727 -0.052130
-0.782718 0.121852 -0.083425
-0.720534 0.134964 0.036004
-0.752062 0.105756 -0.061792
-0.739565 0.120256 0.029965
-0.748739 0.091660 -0.018752
-0.681619 0.061185 0.038160
-0.605995 0.045179 0.031401
-0.453674 0.040535 0.051527
-0.326065 0.045468 -0.001005
-0.230314 0.105063 -0.018304
-0.256718 0.078017 0.080716
-0.322125 0.079499 0.012456
-0.314449 0.016401 0.172840
-0.183766 0.065674 0.021072
-0.329546 -0.002034 -0.146718
-0.513170 0.074561 -0.001748
-0.545309 0.057388 -0.053896
-0.560933 0.057394 -0.026643
-0.536130 0.025979 -0.049855
-0.525046 0.030785 0.013323
-0.490096 0.019351 0.014643
-0.499556 0.036643 -0.003989
-0.529825 0.039747 -0.001494
-0.592776 0.035476 0.054869
-0.647875 0.012286 -0.017368
-0.728245 -0.019783 0.085599
-0.806499 -0.046046 -0.123725
-0.939087 -0.028486 0.188706
-1.014145 -0.007470 -0.126343
-1.094396 0.058482 0.124955
-0.967756 0.111315 -0.232143
-0.828377 0.114451 0.169506
-0.663976 0.092540 -0.136706
-0.622709 0.077373 0.114001
-0.656168 0.036573 -0.090511
-0.683469 0.042791 0.072068
-0.646200 0.038031 -0.005733
-0.592144 0.034918 0.061306
-0.451493 0.032583 -0.003160
-0.367576 0.036957 0.064310
-0.274456 0.032668 0.026338
-0.273886 0.075384 0.028589
-0.291550 0.060194 0.037943
-0.353205 0.037105 -0.021966
-0.316521 0.024061 0.215011
-0.151523 0.055852 0.021331
-0.354378 0.017773 -0.113932
-0.516731 0.081718 -0.065642
-0.579507 0.090295 -0.111825
-0.543937 0.060229 -0.034875
-0.533812 0.043216 -0.034306
-0.479005 0.018381 -0.072115
-0.426641 0.002852 -0.091103
-0.412719 -0.005958 -0.057100
-0.459903 0.008654 -0.095121
-0.536315 0.044508 -0.027648
-0.642713 0.020286 -0.076098
-0.698522 0.012827 0.054662
-0.835724 -0.024274 -0.008530
-0.941944 -0.039727 0.029573
-1.111879 -0.021118 -0.110162
-1.081161 0.044956 0.077110
-1.060213 0.110269 -0.072314
-0.827658 0.162784 0.030847
-0.726237 0.130037 -0.110857
-0.611752 0.117518 0.031857
-0.620984 0.071591 -0.017807
-0.593008 0.063285 0.016882
-0.567904 0.020187 -0.015754
-0.461477 0.004821 0.002747
-0.361663 -0.013121 0.047642
-0.243798 -0.009960 0.036661
-0.136766 0.002086 0.035498
-0.077478 0.074803 -0.057557
-0.084412 0.050929 0.078193
-0.161628 0.026946 -0.035797
-0.106652 -0.026373 0.130697
-0.016207 0.041330 -0.050721
-0.342391 0.033095 -0.159650
-0.559637 0.119690 -0.030011
-0.572607 0.091387 -0.093446
-0.578938 0.095784 -0.051843
-0.523848 0.062578 -0.104151
-0.493905 0.075710 -0.036100
-0.422487 0.050082 -0.062365
-0.364531 0.060836 -0.060492
-0.346909 0.045714 -0.100133
-0.372938 0.060698 0.034233
-0.486347 0.030582 -0.060808
-0.552455 0.024350 0.029796
-0.626431 -0.008785 -0.157402
-0.797044 -0.014664 0.135456
-0.941897 -0.024564 -0.118604
-1.038071 0.048266 0.090220
-0.921460 0.064431 -0.264405
-0.761032 0.099875 0.150878
-0.645116 0.085113 -0.144997
-0.569255 0.089580 0.095042
-0.565693 0.033100 -0.044012
-0.566398 0.048358 0.064204
-0.480771 0.014900 0.010167
-0.384049 -0.004470 0.041455
-0.245721 -0.005293 -0.013175
-0.146865 -0.009221 0.027683
-0.042908 -0.000922 0.026027
-0.018147 0.050427 0.032293
-0.071306 0.054772 0.047196
-0.089130 0.030313 -0.036434
-0.029508 0.015468 0.195290
0.085638 0.070314 -0.042633
-0.465737 0.040667 -0.105528
-0.611641 0.123347 -0.006134
-0.633573 0.131090 -0.042411
-0.587796 0.113734 -0.012031
-0.549183 0.092451 -0.025866
-0.490203 0.085862 -0.020887
-0.366769 0.066811 -0.054038
-0.298856 0.057016 -0.058830
-0.275649 0.024926 -0.024316
-0.319313 0.032558 -0.036781
-0.443578 -0.007803 -0.041349
-0.499047 -0.030375 0.068037
-0.662165 -0.077829 0.054794
-0.726658 -0.078490 0.089077
-0.973369 -0.072628 -0.054956
-0.999044 -0.031539 0.057016
-0.939234 0.050198 0.004885
-0.657480 0.119791 0.008463
-0.568094 0.109344 -0.047921
-0.484558 0.111876 0.013714
-0.472804 0.040899 -0.044141
-0.427771 0.055726 0.026591
-0.349874 -0.008614 0.011166
-0.176394 -0.022452 0.040507
-0.073822 -0.087280 0.049857
0.029686 -0.050997 0.069663
0.072345 -0.075625 0.009310
0.165073 0.011436 -0.034319
0.131209 0.010823 0.052818
0.118323 0.011205 -0.060896
0.130023 0.005240 0.171038
0.197097 0.093396 -0.002859
-0.393101 0.055679 -0.127568
-0.577356 0.170301 -0.003503
-0.586093 0.151718 -0.085548
-0.579154 0.161214 -0.040692
-0.512804 0.126070 -0.095339
-0.457618 0.117857 0.012351
-0.332714 0.077649 0.008104
-0.282418 0.045847 -0.030654
-0.252896 0.028406 -0.002794
-0.273203 0.019530 -0.017750
-0.326021 0.007733 0.027334
-0.387515 -0.020416 0.085319
-0.514228 -0.052839 -0.094342
-0.642822 -0.076513 0.145304
-0.777523 -0.060512 -0.077098
-0.896651 -0.005180 0.062597
-0.809585 0.005586 -0.219332
-0.673718 0.046928 0.224419
-0.502989 0.059558 -0.014144
-0.468065 0.090925 0.129286
-0.450770 0.040284 -0.003296
-0.472143 0.048732 0.041137
-0.306060 -0.007337 0.039631
-0.175815 -0.032583 0.068372
0.047762 -0.050043 0.020176
0.172169 -0.051597 0.144543
0.333479 -0.032149 0.020095
0.374842 0.012211 0.010061
0.309362 0.051659 0.106483
0.201204 -0.002843 -0.041016
0.271353 0.028978 0.202327
0.302094 0.077421 0.021099
-0.449942 0.074440 -0.106454
-0.589965 0.147640 -0.084682
-0.606583 0.192144 -0.111189
-0.549519 0.153564 -0.045953
-0.566290 0.135449 -0.040649
-0.495008 0.115689 -0.094787
-0.395900 0.099531 -0.044461
-0.291594 0.081149 -0.062500
-0.231676 0.074755 0.026547
-0.219355 0.040055 -0.037055
-0.299011 -0.010188 0.065468
-0.306623 -0.021827 0.006906
-0.399825 -0.066021 0.097967
-0.467777 -0.043522 0.130961
-0.685271 -0.036158 -0.057161
-0.715234 -0.025313 0.152177
-0.765376 0.013498 0.086033
-0.570811 0.037096 0.132463
-0.509719 0.012135 -0.083386
-0.397201 0.061065 0.089834
-0.352948 0.009731 0.043505
-0.322721 0.041045 0.049465
-0.249173 -0.020308 0.111883
-0.047305 -0.036241 0.020238
0.066715 -0.106931 0.161703
0.184070 -0.104391 0.140823
0.208808 -0.095763 0.059309
0.277328 -0.012375 0.045262
0.263460 -0.023167 0.074125
0.211955 -0.031848 0.062433
0.241338 -0.056915 0.162033
0.259579 0.067076 -0.007615
-0.270576 0.030551 -0.198918
-0.437899 0.149771 -0.012679
-0.455675 0.159136 -0.083248
-0.433426 0.152914 -0.087093
-0.389936 0.135593 -0.106295
-0.358753 0.125067 -0.053629
-0.241823 0.083801 -0.033904
-0.157143 0.037978 -0.057091
-0.120217 0.035651 -0.024326
-0.110406 0.028210 0.044508
-0.156631 0.028031 0.131131
-0.151179 -0.002165 0.057029
-0.171525 -0.003798 0.053621
-0.219540 0.021447 0.101227
-0.316817 -0.003455 0.035238
-0.448955 0.062947 0.084749
-0.458743 -0.000790 -0.166828
-0.420629 0.075825 0.209885
-0.380711 0.012951 0.043531
-0.299874 0.065798 0.153214
-0.233210 0.033945 0.116351
-0.225667 0.043022 0.065596
-0.121487 0.003033 0.161592
-0.001146 -0.064239 0.009851
0.094308 -0.062048 0.170105
0.204053 -0.069070 0.070112
0.280883 -0.024771 0.122856
0.268269 0.028528 0.105108
0.166271 0.034529 0.109200
0.099704 0.014578 0.070597
0.148937 0.008234 0.187525
0.247433 0.060015 0.071153
-0.392063 0.014566 -0.126342
-0.507632 0.092643 -0.015011
-0.508616 0.164357 -0.108163
-0.485630 0.146947 -0.073518
-0.454686 0.149617 -0.083873
-0.377956 0.130179 -0.082723
-0.248080 0.074571 -0.022105
-0.121348 0.066818 0.054028
-0.032560 0.005973 0.082059
0.052240 0.018520 0.066508
0.112297 -0.017232 0.034138
0.190154 -0.017344 0.103844
0.250149 -0.066880 -0.024392
0.270371 -0.013165 0.155195
0.100471 -0.033353 -0.036203
-0.004938 0.016403 0.120310
-0.062183 0.033519 -0.043755
0.075012 0.045840 0.187718
0.070321 -0.012564 -0.114602
0.167101 0.045439 0.081553
0.208143 0.001568 -0.049624
0.234213 0.000674 0.043076
0.235575 -0.035114 0.083881
0.322928 -0.079781 0.078502
0.338764 -0.130831 0.125738
0.411941 -0.116337 0.059827
0.333317 -0.110248 0.129056
0.290479 -0.019102 0.064221
0.171344 -0.030895 0.141367
0.146756 -0.032086 -0.023065
0.131537 -0.077250 0.210930
0.210498 0.045469 0.032053
-0.292011 0.027118 -0.154478
-0.399403 0.123861 0.037176
-0.319966 0.145912 -0.035784
-0.241545 0.143113 -0.049197
-0.166437 0.129939 -0.134913
-0.129698 0.119942 0.015124
0.023135 0.045950 0.038778
0.130830 0.020496 0.015927
0.186911 0.006273 0.072458
0.269490 0.026901 0.043901
0.320728 0.044740 0.128663
0.365066 0.033345 0.064331
0.396796 -0.010788 0.020214
0.351438 0.002032 0.089740
0.390881 -0.040740 0.011208
0.196702 0.064041 0.226064
0.225875 -0.007072 -0.089759
0.182715 0.043012 0.213315
0.320449 -0.026631 -0.028156
0.306076 0.030585 0.194075
0.350812 -0.010605 -0.003227
0.351332 -0.009688 0.040600
0.512924 -0.038897 0.091261
0.560418 -0.084242 0.060945
0.559074 -0.094314 0.098422
0.532549 -0.068153 0.102076
0.577308 -0.032314 0.169170
0.551721 0.011269 -0.029251
0.431247 0.006336 0.167308
0.297509 -0.028719 -0.037326
0.251126 -0.001885 0.308546
0.288036 0.065238 0.042178
-0.289795 0.049018 -0.153779
-0.362051 0.132236 -0.109647
-0.319746 0.180759 -0.229909
-0.213832 0.161435 -0.055407
-0.205036 0.149279 -0.080272
-0.130042 0.121308 0.019018
0.020330 0.071595 0.013403
0.213695 0.029718 0.056761
0.286282 0.003230 0.096198
0.357706 -0.006993 0.098263
0.453114 0.010824 0.169288
0.619534 -0.003313 0.068306
0.671436 -0.039494 0.195159
0.654396 -0.010881 0.164869
0.554552 -0.029464 0.052108
0.500511 0.022139 0.047573
0.432051 -0.030755 0.182215
0.518101 0.000560 0.149152
0.574955 -0.038390 0.006607
0.703483 -0.009727 -0.034625
0.644351 -0.040203 0.085556
0.622544 0.009756 0.087036
0.601817 -0.032474 0.118667
0.737096 -0.064164 0.091017
0.689805 -0.108525 0.192418
0.692088 -0.090401 0.110331
0.621738 -0.059166 0.084662
0.659206 -0.013266 0.072585
0.523698 -0.042462 0.268231
0.488715 -0.093447 -0.062665
0.469025 -0.097996 0.203075
0.441441 0.034531 0.007916
-0.085474 0.081671 -0.186892
-0.136754 0.145073 0.005059
-0.052254 0.148469 0.017775
0.036923 0.084627 -0.066894
0.123116 0.099923 -0.045250
0.142398 0.067011 0.023182
0.294944 0.086150 0.129538
0.411300 0.037229 0.011613
0.453552 0.075711 0.112549
0.550962 0.051746 0.132414
0.673318 0.061926 0.207753
0.839346 -0.002729 0.055451
0.882265 -0.014568 0.109168
0.899738 -0.037091 0.111105
0.950622 -0.060570 0.179367
0.896321 -0.008576 0.095379
0.800427 -0.035474 0.033496
0.676175 -0.018768 0.153091
0.690499 -0.064774 0.147856
0.731377 -0.041109 0.129241
0.745505 -0.026507 0.145581
0.754017 -0.045409 0.075615
0.759362 -0.034361 0.294585
0.698898 -0.076537 0.090529
0.633773 -0.078743 0.218743
0.629251 -0.082596 0.211783
0.677251 -0.039793 0.256060
0.618603 -0.037226 0.057592
0.507138 -0.045110 0.158308
0.409453 -0.116056 0.061712
0.400914 -0.099119 0.236927
0.397657 0.006631 0.042324
-0.118010 0.066270 -0.174760
-0.105819 0.151505 -0.081928
0.001969 0.213184 -0.144921
0.097709 0.165791 -0.082313
0.173934 0.151751 -0.098000
0.258856 0.120059 -0.027219
0.397243 0.110717 0.103344
0.601902 0.077080 0.052212
0.789679 0.050208 0.026728
0.933463 0.027146 0.103841
1.044728 0.027332 0.097507
1.144275 0.027838 0.233985
1.239914 0.025077 0.039490
1.374059 0.031488 0.079879
1.317183 0.038095 0.132812
1.320455 0.063416 0.170918
1.271796 0.019064 0.041862
1.211221 -0.022289 0.109947
1.093343 0.003255 0.072300
1.065780 0.014964 0.134356
0.968147 0.008966 0.021286
0.944091 0.026666 0.061825
0.815784 0.038565 0.168868
0.818737 -0.030061 0.178396
0.777103 -0.064117 0.110256
0.802593 -0.048354 0.072064
0.719370 -0.014687 0.152830
0.726878 0.001818 0.139580
0.641612 -0.030932 0.141450
0.577595 -0.086943 0.035571
0.434252 -0.123745 0.183873
0.422471 -0.021704 0.054945
0.094332 0.087471 -0.141856
0.113697 0.170905 0.017870
0.198147 0.188847 0.023532
0.302835 0.172140 -0.061911
0.395432 0.157845 0.009688
0.382539 0.128558 0.007235
0.517893 0.131456 0.105863
0.622393 0.131595 0.000432
0.745497 0.119669 0.155062
0.833294 0.093839 0.177750
1.054498 0.058354 0.066386
1.229306 0.005645 0.114513
1.259213 -0.029004 0.145723
1.296735 -0.059128 0.267707
1.413651 -0.076778 0.089746
1.401209 -0.076805 0.141735
1.331155 -0.072348 0.211042
1.192566 -0.116409 0.244139
1.184070 -0.136034 0.099492
1.152138 -0.118027 0.162134
1.018870 -0.065986 0.188902
0.916240 -0.083993 0.197822
0.855439 -0.106250 0.190875
0.816218 -0.156151 0.084606
0.750681 -0.130756 0.256678
0.742498 -0.137566 0.178921
0.740545 -0.084846 0.183939
0.757096 -0.081344 0.060346
0.743212 -0.066226 0.157494
0.676952 -0.166351 0.033253
0.650500 -0.148218 0.190355
0.532163 -0.083210 0.080374
0.126609 0.084740 -0.101151
0.233237 0.190003 -0.164514
0.389402 0.252940 -0.135162
0.584837 0.244804 -0.165665
0.632916 0.193360 -0.018635
0.727729 0.190651 -0.134680
0.770296 0.163780 0.004282
0.881318 0.152876 0.038334
0.977043 0.079577 0.061590
1.127771 0.063760 0.055505
1.111206 0.041682 0.006354
1.220062 0.044824 0.247599
1.275408 0.016215 0.117220
1.368716 0.002111 0.142809
1.269430 -0.018481 0.013292
1.295503 -0.017150 0.224231
1.271528 -0.057276 0.130338
1.284780 -0.074355 0.119502
1.171002 -0.072666 0.048335
1.145287 -0.055176 0.187039
1.080074 -0.020950 0.106834
1.048028 -0.021336 0.074608
0.922382 -0.052493 0.058176
0.907421 -0.089814 0.099770
0.830261 -0.072341 0.166514
0.881480 -0.042554 0.062784
0.832275 -0.006366 0.031139
0.838561 -0.011292 0.065735
0.767854 -0.033748 0.146431
0.715370 -0.113946 0.027937
0.588969 -0.126132 0.079908
0.504232 -0.045292 -0.044695
0.350141 0.113297 -0.061674
0.314749 0.264180 0.036203
0.405785 0.282028 0.009781
0.525486 0.251015 -0.064152
0.645442 0.230739 -0.053921
0.672176 0.232578 -0.022906
0.752065 0.245124 0.041992
0.763238 0.256856 0.074964
0.873952 0.228715 0.032817
0.882556 0.182472 0.155231
1.065271 0.159315 0.120572
1.077168 0.107031 0.184303
1.165343 0.100613 0.147554
1.119260 0.058151 0.303783
1.275789 0.066828 0.201200
1.204258 0.025770 0.226983
1.188520 0.060178 0.170911
1.063868 0.000930 0.297745
1.114152 -0.008333 0.211429
1.057740 -0.019067 0.237945
1.020330 0.019526 0.154542
0.925891 0.023730 0.264765
0.926827 0.026450 0.190009
0.859400 -0.012357 0.169839
0.802879 0.014056 0.152251
0.785580 0.011133 0.185186
0.796431 0.052219 0.184092
0.782372 0.029888 0.116531
0.760534 0.028295 0.094196
0.714839 -0.048880 0.142462
0.648976 -0.068258 0.143121
0.545606 -0.020944 0.088761
