0.681276 -0.330407 -0.045490
0.634920 -0.163853 0.192181
0.601055 0.257271 0.302448
0.232686 0.043921 0.004122
0.367610 -0.343864 0.001892
0.436453 -0.029830 0.188701
0.287693 -0.242237 -0.070115
-0.026869 0.054982 -0.162140
0.528232 -0.042364 0.312048
0.275337 0.004529 0.266625
0.031880 0.041772 0.071596
0.407322 -0.182567 -0.009612
-0.129778 0.289655 0.347725
0.581724 -0.239168 0.139322
-0.175583 0.109336 0.148524
0.772008 -0.326458 0.426843
0.270942 -0.232377 0.097332
0.653862 -0.190943 0.322049
0.257982 -0.206632 0.091387
-0.168604 0.287490 -0.409674
0.626566 -0.473539 -0.066048
0.267907 0.057105 0.203108
0.645983 0.035744 -0.052803
-0.050397 -0.107266 -0.117552
-0.018319 -0.329253 0.246489
0.615593 -0.271072 -0.004282
-0.151555 0.297185 0.074804
0.750511 -0.514669 0.105106
-0.368084 0.094121 0.037631
0.479916 -0.159185 0.030263
-0.276505 0.215510 -0.472065
0.363295 -0.164674 0.084154
0.412997 -0.038163 0.024574
0.445729 -0.151252 0.137436
0.604856 0.000788 0.025575
0.594350 -0.093143 0.289255
0.846999 -0.141123 0.392915
0.269193 0.032106 -0.045228
0.519932 -0.177547 0.166278
-0.004926 0.172701 -0.137635
0.138877 -0.173514 0.003743
0.289616 -0.110198 0.060263
0.123358 -0.309195 0.152364
-0.100705 -0.288612 -0.380008
0.209813 -0.167027 -0.054343
0.348312 -0.222602 0.050419
-0.237433 -0.562429 0.414277
0.567573 -0.067274 0.130621
-0.031333 0.072147 -0.138343
0.671025 -0.373477 -0.002681
0.380556 -0.130636 0.492195
0.452426 0.033150 0.153977
0.263414 -0.014437 -0.049706
-0.096594 -0.314894 0.509298
0.062897 -0.285187 0.178055
0.697402 -0.501390 -0.136007
0.482709 -0.277552 0.239511
0.295787 -0.015027 0.044202
-0.304250 0.320139 -0.175998
0.592692 0.107433 0.157442
-0.304339 0.017334 -0.239530
-0.064323 0.499267 -0.321899
-0.076810 -0.359610 0.133910
0.211551 -0.162228 0.069901
0.240588 -0.145765 0.106011
0.203463 -0.171190 -0.027858
0.089499 -0.036762 0.206784
0.116774 -0.345036 0.094495
-0.313562 0.271562 0.135747
-0.238720 0.114289 0.543016
0.322954 -0.100151 -0.178783
0.543214 -0.121329 -0.191728
-0.280622 -0.229620 0.355616
0.555259 -0.329501 0.058340
0.448747 -0.085353 0.226676
0.548038 -0.164557 0.167617
0.440757 -0.138561 0.012971
0.456355 -0.154498 0.087578
0.277232 -0.323854 -0.055630
0.277271 0.100164 0.065816
0.401177 -0.087015 0.199173
-0.181328 -0.367753 0.203109
0.408897 -0.091186 0.374742
-0.461908 0.121884 0.266841
0.285882 -0.217900 0.141433
-0.005971 -0.033630 -0.198099
0.573549 -0.180927 0.153773
0.705182 -0.317895 0.049617
-0.159159 0.179629 -0.001480
0.573478 -0.096609 0.146613
-0.406055 -0.375214 0.216264
0.583058 -0.221877 0.175235
-0.116027 -0.107784 0.298040
-0.032464 -0.224173 0.294701
0.571838 -0.071165 0.034801
0.628689 -0.148178 0.119679
0.144692 -0.289815 0.278125
0.294224 -0.135531 -0.019924
0.616067 0.136557 0.341683
-0.112389 -0.174759 -0.232834
-0.115186 -0.097711 0.300317
-0.036918 -0.026627 0.176710
0.647159 -0.214866 0.014811
-0.048385 -0.380339 0.129044
0.195721 -0.177045 -0.068803
0.135629 0.019253 0.164519
0.082310 0.076445 0.040459
-0.028493 0.196052 0.085977
0.378742 -0.179747 -0.200451
0.172084 -0.156834 -0.059288
-0.276886 0.139036 0.191126
0.309903 -0.229731 0.053362
0.591367 -0.512218 0.049062
0.414059 -0.173130 0.010143
0.700330 -0.301692 0.190829
-0.395941 -0.061345 -0.146295
-0.100087 -0.656641 0.194750
0.545339 -0.166968 0.057290
0.560433 -0.249252 -0.069878
-0.281870 0.302978 -0.103404
0.577629 -0.124126 0.034570
0.539885 -0.148853 0.133492
-0.056116 -0.275595 -0.164520
0.533025 -0.263124 0.208714
0.543321 -0.282783 -0.036906
0.472369 -0.354142 0.113819
0.436463 -0.152943 -0.058243
0.340418 -0.076632 -0.057674
0.536630 -0.083928 0.359525
-0.380187 -0.077345 -0.100310
0.554070 -0.217180 0.193622
-0.226046 -0.519519 -0.171132
-0.100409 0.131573 0.034675
0.466489 -0.094803 0.071778
-0.299081 -0.221965 -0.407924
0.413760 -0.232493 -0.132188
0.292084 -0.132504 -0.000555
0.172346 -0.033857 0.044907
-0.321292 -0.259780 -0.237989
-0.240825 0.298924 0.047478
0.616196 -0.189628 -0.034309
-0.185336 0.185801 -0.140486
-0.259728 -0.450869 0.422949
0.045926 -0.085829 -0.169396
0.381005 -0.284932 0.044012
0.592746 -0.253529 0.050278
-0.196253 -0.119383 -0.196973
-0.092920 -0.402589 0.330736
0.064447 0.166583 -0.021959
0.236726 -0.133033 -0.136847
0.626491 -0.329042 0.048445
0.459665 0.058786 0.128254
0.448765 -0.316430 0.053370
0.028502 -0.136909 -0.313712
-0.170247 -0.380975 -0.721669
0.254555 -0.146454 0.058991
0.306543 -0.133287 -0.242601
-0.155509 0.193447 0.011899
0.417918 -0.409728 0.351389
-0.177435 -0.235721 0.309421
-0.545047 -0.250398 -0.100216
0.276055 -0.073202 0.300268
0.548869 -0.193805 0.236085
0.260765 -0.072070 0.122274
0.518834 -0.226594 0.008839
0.497880 0.001895 -0.028504
0.608691 -0.159614 0.253391
0.407925 -0.381409 -0.001425
0.560328 -0.031274 0.022692
0.050829 -0.208439 -0.143807
0.445383 -0.055077 -0.110733
-0.085846 -0.039087 0.253177
-0.069286 -0.200932 0.115720
0.369880 -0.063999 -0.089959
0.571075 -0.250154 -0.080230
0.355949 -0.128154 0.065881
0.600688 -0.100533 0.336902
0.626431 -0.339076 0.140414
0.185960 -0.189846 0.151351
0.596230 -0.239719 -0.011541
0.468147 -0.148327 0.206933
0.173255 -0.118698 0.277328
0.363060 -0.102923 0.206827
0.611104 -0.147840 0.122562
0.277745 -0.369147 -0.161257
0.608166 0.079091 0.204020
0.132695 -0.235374 0.467564
-0.327216 0.189629 -0.162867
0.487280 -0.240659 -0.192277
0.052738 0.010742 -0.169024
-0.157093 0.050438 -0.600079
0.565497 -0.135884 0.053509
0.630699 -0.335265 0.115076
-0.004727 0.173229 -0.306579
-0.220096 -0.124997 0.352574
0.530832 -0.316816 -0.213142
0.697467 -0.374277 0.106580
0.548776 0.236931 0.124255
0.056793 -0.326828 0.082174
0.650073 -0.202327 -0.004847
0.628544 -0.022066 0.009609
-0.110194 0.123745 0.240443
0.513331 0.043029 -0.091669
0.066152 -0.113577 0.264886
0.829611 -0.388106 0.246855
0.427482 -0.036167 0.007056
-0.360555 0.084860 -0.225481
0.506030 -0.318651 0.116873
-0.061860 -0.516645 0.306789
0.742329 -0.387402 0.190679
0.364993 -0.127903 0.209204
0.483475 -0.192848 0.036665
0.402674 0.030152 0.122697
0.476816 -0.075188 0.024823
-0.357475 0.152424 0.374539
-0.172972 -0.392413 -0.186284
0.294121 -0.128048 -0.019589
0.393536 -0.299273 -0.010005
-0.178933 0.068957 -0.294860
0.503511 -0.365528 0.345063
-0.099730 -0.063498 -0.414724
-0.491291 0.167913 0.241376
-0.384604 0.166894 0.002139
-0.076593 -0.337773 0.159922
-0.457225 -0.209101 0.420462
0.622793 -0.318857 0.161859
0.015646 -0.500308 0.130824
-0.346370 -0.008568 -0.410825
0.614951 -0.406635 -0.072933
0.106142 -0.335513 0.099542
0.430201 -0.179788 0.266797
0.671440 -0.122814 -0.080497
-0.206624 -0.444939 0.056225
-0.167128 0.010310 -0.194471
0.107058 -0.205559 0.003796
0.567941 0.010187 -0.082948
-0.146495 -0.486019 0.223535
0.208920 -0.046636 -0.148808
-0.000796 -0.129360 -0.049094
0.281359 0.053156 0.005446
0.316240 -0.184870 -0.001486
-0.307621 -0.494799 0.214259
0.296485 -0.126807 0.167033
0.146486 -0.143351 0.327362
-0.345939 -0.353672 -0.196221
0.019256 -0.093918 0.218853
-0.176018 0.001992 0.314812
0.619814 -0.104875 0.171541
0.291134 -0.129700 0.039425
-0.395600 -0.340339 0.032514
-0.193144 -0.432155 -0.510240
0.716685 -0.125015 0.173999
-0.158435 -0.501161 -0.027355
-0.330205 0.245502 0.085764
0.030693 0.120199 -0.044225
0.025784 -0.296187 0.113348
0.039096 -0.782848 0.112330
-0.059605 -0.734515 0.572176
-0.069133 -0.776547 0.042482
-0.014647 -0.694672 0.650145
-0.131534 -0.713913 0.360893
-0.102083 -0.666265 0.527976
-0.063247 -0.646508 0.074058
-0.038192 -0.555934 0.682022
-0.123814 -0.629496 0.293164
-0.038591 -0.551630 0.529209
0.018258 -0.586717 0.023544
0.079330 -0.431022 0.851862
-0.067817 -0.578969 0.391056
-0.082220 -0.543626 0.748302
-0.111838 -0.601890 0.231235
-0.141415 -0.490367 1.020778
-0.252743 -0.539539 0.532986
-0.241128 -0.443806 0.679262
-0.235670 -0.402785 0.372293
-0.217045 -0.265879 0.771818
-0.266995 -0.215846 0.402294
-0.247047 -0.125880 0.510130
-0.211048 -0.129366 0.280993
-0.197546 -0.071369 0.601550
-0.237216 -0.058787 0.325993
-0.208825 -0.051471 0.494740
-0.179890 -0.091922 0.084853
-0.171309 -0.000035 0.671145
-0.273097 0.026588 0.208358
-0.238683 0.113566 0.495797
-0.174844 0.142824 0.127022
-0.031181 0.269397 0.313290
-0.271426 -0.928994 0.112117
-0.155082 -0.994843 0.476667
-0.154267 -1.172623 0.430748
-0.081293 -1.113992 0.724584
-0.131081 -1.054388 0.211281
-0.079450 -0.912965 0.874873
-0.203813 -0.928134 0.556885
-0.140572 -0.802799 0.699910
-0.128690 -0.798819 0.229118
-0.024820 -0.676394 0.866091
-0.115365 -0.831082 0.632870
0.017662 -0.717477 0.796874
-0.021566 -0.784510 0.382863
0.025186 -0.695198 1.174342
-0.160603 -0.865329 0.945076
-0.068523 -0.768901 1.055652
-0.142008 -0.731770 0.606293
-0.146085 -0.660231 1.126389
-0.250767 -0.675251 0.919719
-0.227168 -0.584614 0.784501
-0.274310 -0.348004 0.517669
-0.263004 -0.286443 0.803684
-0.280276 -0.237410 0.649951
-0.251652 -0.257313 0.673638
-0.250615 -0.189105 0.365778
-0.166637 -0.213881 0.790913
-0.213316 -0.204242 0.441583
-0.145447 -0.230781 0.692063
-0.204598 -0.115758 0.147965
-0.163807 -0.086537 0.801512
-0.176442 -0.125354 0.560031
0.014836 0.024879 0.622710
-0.278155 -0.824869 0.362332
-0.326903 -0.886176 0.548579
-0.380780 -1.003074 0.346813
-0.366137 -0.888562 0.727627
-0.361264 -0.863533 0.514913
-0.300029 -0.801306 0.546217
-0.349779 -0.842911 0.379725
-0.289400 -0.767238 0.654603
-0.329531 -0.819687 0.717405
-0.165938 -0.612144 0.473965
-0.231952 -0.640299 0.542869
-0.163882 -0.531295 0.790617
-0.318824 -0.573905 0.850049
-0.234860 -0.515192 0.728912
-0.305026 -0.570466 0.698345
-0.268792 -0.505490 0.984091
-0.411784 -0.525059 0.977663
-0.315741 -0.353856 0.778377
-0.328833 -0.345246 0.648759
-0.283676 -0.261680 0.876873
-0.366339 -0.290040 0.812774
-0.350961 -0.081260 0.614933
-0.300767 -0.197753 0.539792
-0.311659 0.002996 0.825447
-0.367642 -0.184736 0.612675
-0.339268 0.007742 0.697237
-0.315784 -0.070195 0.260204
-0.303198 0.068443 0.823412
-0.391518 -0.032086 0.638191
-0.334315 0.172968 0.727704
-0.356180 0.080757 0.447917
-0.176134 0.196961 0.314872
-0.313500 -0.998156 0.150066
-0.395391 -1.131166 0.430640
-0.353256 -1.333476 0.401687
-0.434863 -1.260987 0.676180
-0.449396 -1.253704 0.250538
-0.481617 -1.098641 0.970663
-0.583815 -1.163520 0.577061
-0.548957 -1.042522 0.818253
-0.546512 -0.952464 0.210694
-0.534944 -0.859468 1.089067
-0.588633 -0.980058 0.626989
-0.437788 -0.843857 0.924635
-0.350575 -0.756609 0.392917
-0.354135 -0.690466 1.188183
-0.482055 -0.700054 0.957816
-0.302353 -0.663363 1.118286
-0.251996 -0.556121 0.783511
-0.259420 -0.520374 1.359670
-0.366087 -0.458444 0.923073
-0.292800 -0.400348 1.014112
-0.233688 -0.226615 0.701033
-0.238245 -0.210724 1.221667
-0.255033 -0.162401 0.803263
-0.292322 -0.185567 0.942023
-0.185459 -0.144640 0.511923
-0.219819 -0.129101 1.202768
-0.205805 -0.155035 0.437150
-0.248026 -0.170240 0.979597
-0.217500 -0.084132 0.169276
-0.266886 -0.038429 0.900768
-0.234831 -0.040822 0.549264
-0.092877 0.036383 0.693469
-0.350045 -0.894447 0.250219
-0.392916 -0.955848 0.327937
-0.430181 -1.130900 0.214742
-0.474024 -1.040496 0.534761
-0.589014 -0.996326 0.562398
-0.573510 -0.995464 0.443401
-0.558966 -1.036769 0.421677
-0.592851 -1.067084 0.854990
-0.718406 -1.115732 0.862567
-0.670136 -0.856657 0.657021
-0.623874 -0.919119 0.656682
-0.454937 -0.776606 0.939732
-0.427690 -0.540814 0.885336
-0.326761 -0.457334 0.922262
-0.322951 -0.445489 0.854311
-0.310783 -0.333903 1.197921
-0.318356 -0.336676 1.220952
-0.308189 -0.089726 1.096878
-0.294062 -0.175082 1.014595
-0.345721 0.032967 1.187657
-0.328907 -0.151155 1.136076
-0.314878 0.224045 1.307477
-0.259352 -0.104062 1.036757
-0.311674 0.318178 1.263260
-0.268042 -0.090448 1.143115
-0.266979 0.328062 1.283292
-0.213139 -0.193049 0.889748
-0.321642 0.342787 1.120148
-0.258169 0.246550 0.854048
-0.228531 0.370151 1.070296
-0.246436 0.101755 0.671720
-0.144359 0.282053 0.630706
-0.414852 -1.133523 -0.059035
-0.466421 -1.324643 0.179082
-0.387315 -1.562802 0.103889
-0.487348 -1.523621 0.473456
-0.501886 -1.592038 0.010885
-0.616819 -1.451976 0.939757
-0.739218 -1.463166 0.594852
-0.827538 -1.397746 0.896214
-0.820969 -1.422729 0.266722
-0.975159 -1.274677 1.385969
-1.018192 -1.316157 0.924639
-1.063551 -1.212765 1.164754
-0.821977 -1.078525 0.734444
-0.844184 -0.879015 1.268231
-0.662994 -0.686816 1.308928
-0.667606 -0.586124 1.549118
-0.352995 -0.330062 1.311328
-0.462172 -0.221350 1.499920
-0.311889 -0.154500 1.227371
-0.348419 -0.113429 1.396374
-0.249489 -0.047999 1.158172
-0.329481 0.029230 1.447970
-0.367647 -0.049455 1.022473
-0.346149 -0.003464 1.242697
-0.205513 -0.000694 1.044532
-0.165304 0.096325 1.303577
-0.253026 0.036903 0.860364
-0.233094 0.088734 1.158561
-0.201539 0.153668 0.492430
-0.185718 0.188371 1.063024
-0.150854 0.137222 0.627510
-0.079763 0.190492 0.831521
-0.394269 -1.060028 0.037257
-0.459321 -1.141421 0.178206
-0.420508 -1.375949 -0.344116
-0.480562 -1.235731 0.771282
-0.580950 -1.304558 -0.102909
-0.683396 -1.262696 0.735693
-0.537650 -1.387686 -0.603538
-0.675682 -1.225839 1.562223
-0.673880 -1.343971 0.362685
-0.864596 -1.086543 1.180315
-0.667385 -1.026519 0.108368
-0.777937 -0.888259 1.385931
-0.666302 -0.596447 0.722182
-0.682278 -0.390596 1.337631
-0.568173 -0.416545 0.669126
-0.752397 -0.220796 1.956147
-0.647761 -0.107416 1.193343
-0.766313 0.192331 1.747249
-0.510977 -0.006447 0.790270
-0.624718 0.406723 2.569702
-0.541658 0.055420 1.324580
-0.711622 0.637863 2.108861
-0.395972 0.029171 0.768645
-0.598294 0.915749 3.101897
-0.395907 0.165362 1.386020
-0.473407 0.891529 2.443069
-0.180196 0.155131 0.938177
-0.359210 0.815382 2.472426
-0.344734 0.344231 1.455100
-0.320750 0.807712 1.744993
-0.235699 0.323221 0.992290
-0.173282 0.566926 0.950219
-0.497106 -1.377290 -0.210131
-0.470610 -1.661822 0.064144
-0.445725 -1.907546 -0.351290
-0.463656 -1.706325 0.494948
-0.444348 -1.848049 -1.078040
-0.493018 -1.448177 1.413877
-0.500518 -1.666611 -0.411038
-0.565475 -1.435926 1.259558
-0.449940 -1.615456 -1.080212
-0.577706 -1.308419 2.058161
-0.559795 -1.352181 0.189400
-0.656152 -1.182471 1.591486
-0.521132 -0.984516 0.045317
-0.591276 -0.680041 1.693877
-0.551090 -0.548706 0.880583
-0.728942 -0.405599 1.863835
-0.588812 -0.224271 0.843089
-0.794687 0.069893 2.499819
-0.568730 0.163808 1.208437
-0.606529 0.256024 2.238883
-0.334926 0.210995 0.871831
-0.446841 0.541452 2.838705
-0.354476 0.361007 1.207924
-0.491428 0.606267 2.051944
-0.282534 0.445461 0.849121
-0.303917 0.651184 2.307416
-0.207862 0.480291 0.983631
-0.331116 0.550869 1.643637
-0.195354 0.509442 0.665135
-0.277324 0.484917 1.318114
-0.147580 0.464222 0.699344
-0.101928 0.479025 1.006629
-0.326032 -1.206771 0.016242
-0.424499 -1.281684 -0.002129
-0.327552 -1.483227 -0.434476
-0.368429 -1.306472 0.503059
-0.449276 -1.310068 -0.268958
-0.533723 -1.249249 0.479036
-0.391915 -1.370436 -0.633106
-0.517663 -1.235562 1.342817
-0.475643 -1.232189 0.158327
-0.500854 -1.103169 1.011757
-0.271745 -1.041520 0.451346
-0.445957 -0.838378 1.128208
-0.344442 -0.663884 0.830531
-0.417121 -0.423943 1.127380
-0.372019 -0.390368 1.136361
-0.599623 -0.169145 1.535623
-0.591834 -0.105308 1.244501
-0.692832 0.288201 2.162707
-0.437092 0.082084 1.353082
-0.688310 0.518012 2.260088
-0.413197 0.226573 1.571845
-0.581429 0.874915 3.113676
-0.223427 0.381387 1.606755
-0.606247 1.229947 2.841382
-0.225758 0.520595 1.775076
-0.358418 1.293260 3.505646
-0.087298 0.417584 1.786983
-0.394572 1.330422 2.785836
-0.260866 1.135030 1.862461
-0.218087 1.263707 2.331335
-0.161082 0.676501 1.851025
-0.114998 0.974582 1.477479
-0.281238 -1.504010 -0.179995
-0.249295 -1.845160 -0.112966
-0.222750 -2.077880 -0.258512
-0.284146 -2.004410 0.247726
-0.260408 -2.121168 -1.008773
-0.363082 -1.688191 1.074459
-0.287765 -1.712502 -0.824704
-0.368797 -1.500883 0.689591
-0.236116 -1.864152 -1.281845
-0.350405 -1.482566 1.789475
-0.232611 -1.448691 -0.104586
-0.349715 -1.334173 1.191545
-0.262201 -1.240155 0.125705
-0.369599 -1.049082 1.414470
-0.241415 -0.791378 0.650830
-0.423172 -0.517429 1.356748
-0.308075 -0.197836 0.880775
-0.548875 0.013880 1.971384
-0.272905 0.178825 0.926400
-0.420969 0.277401 1.919599
-0.111149 0.368368 1.094510
-0.382575 0.565576 2.273346
-0.155897 0.499307 0.990543
-0.328505 0.667086 1.996898
-0.016568 0.640132 1.314321
-0.285757 0.878219 2.263316
-0.073162 0.654064 1.065496
-0.225075 0.703023 1.674394
-0.021867 0.597196 1.154353
-0.128737 0.598502 1.320835
-0.082781 0.624304 1.210744
-0.088656 0.608061 1.137398
-0.277383 -1.145211 -0.114166
-0.340354 -1.151487 0.179554
-0.261068 -1.424013 -0.885049
-0.257487 -1.175730 0.950684
-0.298993 -1.313486 -0.970171
-0.315978 -1.127220 0.852345
-0.245083 -1.619215 -2.070895
-0.203019 -0.979049 2.124640
-0.155928 -1.212756 -0.851397
-0.321483 -0.857046 1.420552
-0.117835 -1.053444 -0.943432
-0.239667 -0.741740 1.704568
-0.148847 -0.632794 -0.012516
-0.321539 -0.274452 1.063768
-0.138886 -0.185117 0.027928
-0.326003 0.026097 2.053296
-0.192774 -0.070025 0.492865
-0.349002 0.350658 1.659077
-0.096407 0.112649 0.274520
-0.342778 0.617918 2.992613
-0.061095 0.228614 0.767067
-0.342743 0.900150 2.354487
0.029265 0.065458 0.289430
-0.251319 1.227317 3.785108
0.093361 0.467398 0.940303
-0.273903 1.367493 2.989099
0.038772 0.264239 0.549426
-0.230141 1.470342 3.401388
-0.071913 1.293169 1.615788
-0.117838 1.456448 2.502077
0.011767 0.949576 1.553858
-0.031047 1.114341 1.489702
-0.246759 -1.306300 -0.273545
-0.171555 -1.541440 0.176213
-0.153162 -1.909901 -0.665656
-0.207596 -1.622532 0.488267
-0.228084 -1.960798 -1.875587
-0.123001 -1.300009 1.619170
-0.020063 -1.646315 -1.619215
-0.111460 -1.210881 1.122227
-0.181549 -1.970588 -2.774771
-0.078388 -1.033655 2.348079
0.156621 -1.246704 -1.317495
-0.006585 -0.946160 1.705990
-0.041123 -1.157128 -1.526894
-0.164639 -0.629898 2.321939
0.060964 -0.408131 -0.054360
-0.225059 -0.301828 1.742501
-0.149062 -0.011505 -0.415072
-0.305572 0.337563 2.934483
0.027035 0.319748 0.621200
-0.202918 0.426093 2.337722
-0.021367 0.446782 -0.015804
-0.122970 0.871646 3.221717
0.088172 0.728085 1.011978
-0.106341 0.854007 2.419191
0.114704 0.716204 0.452901
-0.048878 1.093559 2.701333
0.155639 0.741560 0.997345
-0.047255 0.912695 1.995399
0.185316 0.781896 0.784965
-0.002248 0.845619 1.638338
0.124776 0.865621 1.025459
0.007544 0.735858 1.105346
-0.418626 -0.785016 -0.006787
-0.447387 -0.792405 0.023342
-0.354223 -1.068547 -0.511792
-0.269446 -0.918256 0.322951
-0.351916 -1.032375 -0.489808
-0.385304 -0.861120 0.314370
-0.266921 -1.103675 -1.115566
-0.203066 -0.689178 0.936489
-0.201779 -0.893598 -0.435548
-0.125862 -0.573332 0.719965
0.022863 -0.739481 -0.211206
-0.089321 -0.473914 1.096917
-0.108714 -0.479922 0.290548
-0.140469 -0.230920 0.929942
-0.073816 -0.204337 0.246891
-0.239148 0.024027 1.302659
-0.189507 0.120191 0.598659
-0.146761 0.304001 1.635217
0.004934 0.313635 0.634451
-0.152146 0.519823 1.838035
0.003332 0.376817 0.980438
0.062886 0.853342 2.611332
0.368692 0.688771 0.989606
0.112512 1.130393 2.315518
0.142221 0.560058 1.092605
0.069809 1.280922 3.273319
0.320938 0.541362 1.207167
0.093002 1.370594 2.725779
0.202550 1.130692 1.021740
0.144557 1.328669 2.264583
0.226521 0.877412 1.687047
0.101466 1.140882 1.636622
-0.346180 -0.832313 -0.139353
-0.261509 -1.002913 0.001834
-0.231101 -1.288930 -0.179329
-0.120061 -1.215276 0.124205
-0.110942 -1.463286 -0.837903
-0.023427 -1.111835 0.735028
-0.011250 -1.167684 -0.623322
-0.004543 -0.863006 0.409988
0.034765 -1.248651 -1.168459
0.014112 -0.826555 1.253500
0.160369 -0.857660 -0.026654
0.019790 -0.675106 0.835453
0.035541 -0.677623 -0.027760
-0.062175 -0.556454 1.413835
0.002671 -0.310928 0.553246
-0.149835 -0.211890 0.998337
-0.095100 -0.002716 0.497348
-0.223127 0.059093 1.812851
-0.021569 0.276704 0.779273
-0.086047 0.331968 1.209763
0.127273 0.515377 0.867426
-0.044415 0.538532 1.714463
0.208730 0.577373 0.645110
-0.012863 0.618852 1.398212
0.226145 0.721808 0.959495
-0.038128 0.760021 1.725624
0.271853 0.617727 0.480730
0.035212 0.719933 1.539041
0.271297 0.651206 0.847240
0.041701 0.751807 1.440776
0.157926 0.820379 1.097185
0.058134 0.733599 1.100323
-0.347871 -0.550623 -0.010145
-0.358255 -0.599700 0.178215
-0.261784 -0.760990 -0.531171
-0.136319 -0.667130 0.523273
-0.140008 -0.672253 -0.461965
-0.085079 -0.569525 0.425269
-0.073849 -0.663580 -1.101028
-0.017629 -0.431341 0.917641
-0.058695 -0.444424 -0.321012
-0.057166 -0.344583 0.565404
0.046880 -0.415514 -0.280958
0.081379 -0.382287 0.927216
0.049638 -0.277080 0.119807
-0.034687 -0.183338 0.729113
-0.036713 -0.096667 -0.008215
-0.070564 0.016330 1.181881
-0.109146 0.166887 0.302533
-0.070992 0.175586 0.863320
0.016752 0.298941 0.178361
0.008084 0.368996 1.752609
0.206895 0.378450 0.579522
0.195275 0.540662 1.064170
0.226426 0.375953 0.172725
0.166013 0.751752 2.409956
0.341513 0.368949 0.582810
0.126620 0.907194 1.671896
0.183558 0.369237 -0.158722
0.079440 1.070102 2.334932
0.180979 0.946636 0.997972
0.169876 1.090712 1.896078
0.188856 0.739715 1.062091
0.107703 0.951552 1.160064
-0.170926 -0.555900 -0.099405
-0.121776 -0.672695 0.205776
-0.069746 -0.829217 -0.204186
0.080671 -0.803790 0.288551
0.106298 -0.936502 -0.891987
0.186585 -0.721636 0.914963
0.110974 -0.747694 -0.609067
0.093815 -0.543358 0.576662
0.075991 -0.758707 -1.319178
0.084005 -0.456350 1.197682
0.170550 -0.399297 -0.184500
0.088850 -0.379887 0.718723
0.119609 -0.298831 -0.350646
0.062835 -0.210837 1.091126
0.134006 -0.009816 0.134890
0.070671 0.012090 0.743112
0.042726 0.143493 -0.053245
-0.046518 0.208103 1.487889
0.055982 0.282299 0.480848
0.073973 0.256314 1.104948
0.161295 0.415925 -0.037299
0.013356 0.559374 1.810340
0.164376 0.541477 0.584421
0.077304 0.415684 1.113558
0.202569 0.476553 0.083561
0.037808 0.684986 1.646302
0.210255 0.594146 0.547406
0.065507 0.613428 1.285801
0.220439 0.622238 0.526681
0.008037 0.631979 1.137136
0.065247 0.707191 0.726840
0.042883 0.589982 0.826237
-0.187267 -0.534909 0.046246
-0.198698 -0.568735 0.179653
-0.107523 -0.643559 -0.189849
0.005800 -0.582495 0.338320
-0.008914 -0.520086 -0.094926
0.047513 -0.437651 0.376559
0.017774 -0.413934 -0.432587
0.075847 -0.314716 0.538580
0.097291 -0.334105 -0.100309
0.122531 -0.247563 0.479310
0.226317 -0.284654 -0.131076
0.277828 -0.226762 0.596686
0.399501 -0.177681 -0.082763
0.382247 -0.092194 0.486602
0.474278 -0.070523 -0.061794
0.420729 0.038736 0.587369
0.407799 0.101744 -0.017496
0.325779 0.107391 0.626103
0.460458 0.120249 0.016055
0.319525 0.207450 0.640447
0.180342 0.217721 0.192607
0.144524 0.405601 0.959759
0.255392 0.366929 0.298966
0.229978 0.469720 0.793490
0.198940 0.295874 0.224332
0.201749 0.651169 1.643911
0.315003 0.423118 0.253453
0.219576 0.737043 1.509739
0.179825 0.661923 0.282247
0.179059 0.715834 1.193661
0.178714 0.539308 0.798014
0.133895 0.648671 0.758482
-0.061322 -0.537960 0.013430
0.003014 -0.563533 0.135240
0.084679 -0.659303 0.149789
0.184168 -0.637564 0.154265
0.190722 -0.650927 -0.092902
0.237966 -0.538422 0.380387
0.236241 -0.458023 0.097715
0.307217 -0.374949 0.263485
0.311376 -0.380053 -0.034797
0.346614 -0.318148 0.428375
0.396975 -0.289321 0.068516
0.443164 -0.189834 0.285116
0.516949 -0.157775 0.054404
0.561727 -0.077343 0.408479
0.649944 -0.065631 0.103150
0.614336 0.019787 0.265626
0.630582 0.033366 0.022416
0.470724 0.110055 0.564326
0.556327 0.135467 0.020799
0.403638 0.199747 0.375429
0.364583 0.245313 -0.011681
0.186530 0.276899 0.561946
0.220780 0.351080 0.129672
0.063411 0.274510 0.450662
0.280990 0.351123 0.199508
0.237967 0.326201 0.471362
0.295010 0.354863 0.020167
0.088931 0.369695 0.644958
0.164566 0.398821 0.263327
0.015030 0.437516 0.616992
0.066690 0.459059 0.685128
0.061949 0.424158 0.503485
-0.058127 -0.502783 0.034607
-0.056899 -0.535068 0.202075
0.042645 -0.549316 -0.063097
0.218818 -0.546528 0.263757
0.247560 -0.409199 0.078009
0.274963 -0.436343 0.281311
0.324433 -0.348104 0.057680
0.491370 -0.376041 0.324055
0.542270 -0.280341 0.119807
0.592922 -0.275882 0.311712
0.596949 -0.199692 0.181487
0.730122 -0.167379 0.260552
0.720029 -0.106944 0.262898
0.761599 -0.054450 0.229662
0.689707 -0.029674 0.079319
0.745627 0.023846 0.265648
0.686121 0.000458 0.142420
0.698584 0.046430 0.229883
0.628902 0.059167 -0.001277
0.633016 0.156101 0.225105
0.466603 0.169442 0.172895
0.284131 0.243914 0.170643
0.172196 0.185269 0.075165
0.211757 0.214581 0.401000
0.347917 0.227335 0.100866
0.409011 0.356774 0.427746
0.395401 0.274750 -0.287575
0.280597 0.424034 0.757327
0.197374 0.283790 0.373629
0.173769 0.421718 0.567858
0.131724 0.312904 0.343760
0.141333 0.390336 0.368367
0.090946 -0.430515 0.044884
0.138606 -0.483269 0.129879
0.214244 -0.504687 0.165236
0.290560 -0.510269 0.162669
0.346682 -0.407619 0.056462
0.373811 -0.414856 0.211739
0.480934 -0.301435 0.252468
0.597003 -0.383736 0.195910
0.616585 -0.307363 0.093780
0.670773 -0.340343 0.300269
0.769280 -0.244290 0.216977
0.889405 -0.250675 0.221697
0.872236 -0.153035 0.139543
0.907540 -0.165234 0.404060
0.952436 -0.111397 0.246792
0.972892 -0.091814 0.253474
0.891642 -0.036631 -0.007043
0.876517 -0.021632 0.430850
0.877746 -0.019670 0.069135
0.809854 0.076704 0.247296
0.647001 0.143532 0.010763
0.451524 0.206733 0.242541
0.399749 0.226711 0.214074
0.346619 0.196175 0.107023
0.266582 0.258690 -0.061321
0.283513 0.333361 0.206355
0.339965 0.299664 0.173136
0.210466 0.346519 0.088452
0.067589 0.397988 0.151703
-0.064861 0.341837 0.113160
-0.061683 0.344283 0.518568
0.032401 0.308926 0.241522
0.125347 -0.447358 0.060024
0.159516 -0.441265 0.114065
0.244822 -0.445193 0.024189
0.386756 -0.436799 0.094840
0.476087 -0.335214 0.087078
0.512706 -0.387219 0.081494
0.606095 -0.296659 0.129749
0.709679 -0.327121 0.105775
0.773615 -0.266156 0.122841
0.847157 -0.275293 0.099347
0.842358 -0.169165 0.176590
0.917767 -0.126386 0.277592
0.951888 -0.056621 0.146486
0.978518 -0.044929 0.187786
0.931245 0.009586 0.204666
0.954240 0.008966 0.359663
0.965640 0.025632 0.000969
0.952799 0.044089 0.205790
0.917981 0.114228 0.082835
0.928271 0.174134 0.255789
0.905280 0.185577 -0.031202
0.857405 0.208937 0.052699
0.718693 0.233942 0.143156
0.690024 0.256245 0.023648
0.637559 0.246182 0.080018
0.597694 0.282475 0.131750
0.470765 0.279769 0.128598
0.436320 0.397349 0.065882
0.317499 0.383071 0.063960
0.250145 0.360525 0.061492
0.134238 0.316367 0.281852
0.120359 0.301157 0.041932
0.363961 -0.454612 -0.002858
0.405745 -0.433333 0.091667
0.439491 -0.406753 0.198382
0.474612 -0.347878 -0.032031
0.592298 -0.307874 0.057499
0.582644 -0.287363 0.099256
0.665571 -0.250824 0.208464
0.752601 -0.291599 0.019687
0.799434 -0.294175 0.140558
0.800157 -0.308448 0.155526
0.889295 -0.278020 0.215366
0.960702 -0.261575 0.202450
0.935410 -0.216092 0.265558
0.907006 -0.220703 0.426075
0.934756 -0.206574 0.306865
0.973794 -0.172000 0.322603
0.930286 -0.114914 0.266317
0.911213 -0.080318 0.425239
0.934222 -0.054927 0.173977
0.922524 0.016527 0.268199
0.856060 0.078387 0.201466
0.772534 0.121645 0.196904
0.730463 0.173016 0.216238
0.615005 0.177699 0.041871
0.575069 0.228903 0.142532
0.452529 0.239286 -0.032578
0.352130 0.289983 0.125181
0.192454 0.359056 0.049634
0.171746 0.392293 0.046754
0.092469 0.373347 -0.028311
0.102149 0.365022 0.328707
0.088272 0.304105 0.166878
0.266184 -0.453168 0.001396
0.391612 -0.382019 0.085321
0.464365 -0.321470 -0.135097
0.566013 -0.292695 0.164433
0.616083 -0.285835 0.122783
0.663219 -0.271192 0.072772
0.694115 -0.226135 0.074470
0.752694 -0.240886 0.108922
0.776502 -0.243646 0.132175
0.845252 -0.249234 0.138798
0.793391 -0.184396 0.115362
0.882150 -0.131114 0.283796
0.837588 -0.116017 0.251513
0.907779 -0.102098 0.257205
0.848566 -0.095438 0.105751
0.909361 -0.074313 0.357773
0.887338 -0.071561 0.231709
0.953036 -0.011827 0.257209
0.907369 0.036525 0.036013
0.907903 0.104953 0.213426
0.853049 0.101941 0.115967
0.871587 0.152264 0.041282
0.784825 0.178136 -0.013516
0.780007 0.218451 0.027777
0.624710 0.215839 0.159682
0.666091 0.202687 -0.088749
0.567400 0.208993 0.019599
0.552500 0.344949 -0.073570
0.410112 0.320573 0.185836
0.328470 0.348912 -0.060809
0.195791 0.284294 0.135426
0.118576 0.283128 -0.131917
0.431518 -0.348841 0.019031
0.419825 -0.290130 0.245053
0.491869 -0.255899 0.109203
0.520852 -0.185509 0.170428
0.576700 -0.147911 -0.017569
0.611608 -0.109568 0.144241
0.640561 -0.094283 0.149803
0.648619 -0.124720 0.159856
0.675858 -0.134213 0.096333
0.665050 -0.153622 0.248638
0.762515 -0.135756 0.248816
0.762839 -0.117677 0.282913
0.825413 -0.090178 0.271735
0.775885 -0.088299 0.471739
0.850471 -0.095492 0.384702
0.816802 -0.076516 0.369621
0.860882 -0.039186 0.273475
0.824226 0.018596 0.464613
0.880909 0.056304 0.342321
0.840999 0.091115 0.271947
0.854179 0.161495 0.165019
0.747706 0.196398 0.299422
0.751070 0.229814 0.179921
0.629214 0.229617 0.048437
0.597035 0.281701 0.026622
0.509389 0.272796 0.061467
0.479945 0.286173 0.113887
0.389148 0.323288 -0.024428
0.330718 0.386409 0.109845
0.255437 0.375716 0.030128
0.241925 0.360311 0.225668
0.260237 0.293761 0.048221
