0.540280 -0.344198 -0.585468
0.550378 -0.264298 -0.256262
0.411197 -0.365140 -0.000344
0.304915 0.047060 -0.279593
0.468282 -0.414599 0.147718
0.481853 0.249432 -0.166176
0.420559 -0.093262 0.061662
0.278529 0.190142 -0.006387
0.500947 0.102461 -0.076330
0.294097 0.206830 -0.022593
0.280522 0.119271 0.154786
0.438684 0.024742 0.029775
0.181717 0.214340 0.222712
0.505907 -0.046951 0.298988
0.156704 0.169073 0.192690
0.534558 -0.587813 -0.248195
0.439149 -0.361408 -0.415797
0.461916 -0.571682 -0.095391
0.226609 0.158481 -0.179054
0.070692 0.132184 -0.424754
0.519594 -0.410012 -0.028698
0.358321 0.260567 -0.100465
0.463885 0.042912 -0.299915
0.227270 -0.085136 -0.411830
0.320721 -0.056650 0.191809
0.533662 -0.229260 0.160916
0.081322 0.305876 -0.104220
0.563762 -0.556438 0.110236
-0.119414 0.254462 -0.181142
0.432142 -0.308872 -0.189294
-0.177544 0.054245 -0.505372
0.372294 -0.121996 -0.251173
0.449110 0.060309 -0.374028
0.522968 -0.080083 -0.355570
0.489236 -0.040022 -0.305421
0.438930 0.004822 -0.141195
0.505731 -0.440472 -0.111234
0.388179 -0.049199 -0.334711
0.556826 0.036001 0.211101
0.199515 0.099470 -0.358896
0.256171 0.084217 0.073302
0.400412 0.097250 0.061671
0.414202 -0.304880 0.226853
0.347078 -0.335295 -0.540631
0.295191 -0.067825 -0.297767
0.446571 -0.301927 -0.356269
0.089156 -0.395594 0.201519
0.582717 0.152144 0.272678
0.151540 0.044729 -0.362642
0.521572 -0.250722 0.232542
0.443659 -0.514465 -0.020303
0.384543 0.032860 -0.127059
0.388770 0.110450 -0.051500
0.306143 -0.121370 0.300048
0.323091 -0.167280 0.224590
0.503463 -0.353305 0.012269
0.629010 -0.266872 -0.516516
0.409917 0.164254 0.026880
-0.148164 0.219393 -0.364839
0.450850 -0.026110 -0.151305
-0.003949 -0.053358 -0.449250
0.180150 0.255453 -0.361831
0.305763 -0.449749 0.046996
0.444717 -0.346207 -0.008617
0.393978 -0.252952 -0.317990
0.426968 -0.252354 -0.529081
0.145137 0.166008 0.188987
0.437815 -0.082433 0.184163
0.220824 0.345982 0.200663
0.070597 0.189931 0.290109
0.521403 0.121021 -0.101845
0.481546 -0.013348 -0.292151
0.120381 0.027407 0.249342
0.524961 -0.214802 0.184227
0.476984 0.123775 -0.384506
0.414659 -0.118019 -0.239610
0.432021 -0.020748 0.162396
0.505712 -0.194082 -0.227689
0.424918 -0.163270 0.141480
0.367704 0.143845 -0.100042
0.462710 -0.314933 -0.143602
0.115452 -0.156154 0.153368
0.505463 -0.127872 -0.274564
-0.136391 0.152664 0.142864
0.455680 -0.422431 -0.288708
0.229480 -0.065671 -0.352645
0.521638 -0.336604 -0.316167
0.509542 -0.197416 -0.399100
0.066709 0.283550 -0.170770
0.550428 -0.174472 -0.415893
0.033742 -0.136307 0.145277
0.404542 -0.467341 -0.200569
0.354142 0.202815 0.274071
0.163115 0.003928 0.134111
0.555644 0.037079 0.021729
0.562043 -0.042678 0.141965
0.410876 -0.496222 -0.128985
0.427221 0.057083 -0.547596
0.467277 -0.281965 -0.097191
0.201763 -0.187443 -0.452878
0.045972 0.056907 0.120098
0.217764 0.237405 0.027707
0.536514 -0.170278 -0.466035
0.368265 -0.293511 0.260283
0.427618 -0.117428 -0.394216
0.357536 0.204987 -0.389850
0.084474 0.314191 -0.063382
0.177353 0.178160 -0.222022
0.470507 -0.052385 0.020546
0.393331 -0.076925 -0.439289
-0.053529 0.323068 -0.000393
0.488040 -0.224667 -0.346207
0.489847 -0.324866 0.168579
0.497806 0.063411 0.020644
0.495949 -0.313007 -0.295477
-0.213999 -0.117325 -0.438291
0.304577 -0.401136 0.243747
0.477095 -0.112340 -0.285684
0.429195 -0.044961 -0.429710
-0.005195 0.184803 -0.327026
0.447082 -0.349448 0.065795
0.510204 -0.418549 0.101332
0.472937 -0.399057 -0.581613
0.461861 0.104339 -0.070118
0.494155 -0.186529 -0.202574
0.439779 0.097151 -0.019122
0.418140 -0.098287 -0.250129
0.460220 0.196180 0.182198
0.551173 -0.531236 -0.187675
-0.238114 -0.019370 -0.401067
0.484527 0.005486 -0.195365
0.259283 -0.502104 -0.471054
0.068898 0.169151 -0.237079
0.494451 0.199166 0.108618
-0.010242 -0.236831 -0.512830
0.501243 -0.256208 0.183576
0.441487 0.040804 -0.010118
0.238858 0.184612 0.084827
0.075646 -0.242404 -0.433442
0.170595 0.316170 -0.258471
0.607145 -0.294367 -0.698934
0.091816 0.134886 -0.329236
0.153051 -0.213346 0.245470
0.247627 -0.040463 -0.336273
0.447997 -0.042409 0.225530
0.469483 -0.235285 -0.027756
0.132399 -0.144860 -0.380310
0.257973 -0.154617 0.198482
0.040851 0.292561 0.051463
0.371421 0.155617 -0.096109
0.523738 -0.210663 -0.311017
0.416269 0.182705 -0.273235
0.412985 -0.074600 -0.229803
0.396468 -0.179757 -0.699329
0.176134 -0.264635 -0.591913
0.366522 -0.041663 0.110679
0.445724 0.102445 -0.037639
0.063891 0.199542 -0.217020
0.536497 -0.523647 -0.478878
0.186951 0.041746 0.190495
-0.357179 -0.283902 -0.488952
0.557733 -0.074967 -0.550528
0.411570 -0.032507 -0.144365
0.478627 0.049679 0.138379
0.398391 0.035921 -0.224404
0.433346 0.106029 -0.203770
0.463510 -0.180939 -0.263738
0.356508 0.082145 -0.197087
0.418169 -0.030238 -0.155709
0.253229 -0.234593 -0.413380
0.525903 0.169755 -0.018748
0.149533 0.129673 0.210087
0.322168 0.063199 0.188856
0.413212 0.166423 -0.044176
0.525245 -0.156937 -0.447703
0.410821 0.162129 0.100439
0.415561 0.044120 -0.061339
0.514081 -0.243861 -0.355970
0.443668 -0.408704 -0.213215
0.476460 -0.162319 0.100478
0.434442 0.105874 -0.061654
0.252325 0.148450 -0.042635
0.413650 0.116766 -0.122350
0.422872 0.015714 -0.291559
0.356628 -0.076517 -0.030349
0.525756 -0.342912 -0.248896
0.480947 0.090504 -0.210092
-0.016819 0.058611 -0.360935
0.503825 -0.130388 0.109945
0.229167 -0.046494 -0.353005
0.135098 0.118036 -0.619485
0.455977 -0.006321 -0.240822
0.566897 -0.493381 -0.489704
0.257502 0.075801 -0.466369
0.021845 0.068780 0.166726
0.508066 -0.107256 -0.055618
0.517280 -0.406925 -0.370860
0.461579 -0.345828 -0.142502
0.244917 -0.458663 -0.230019
0.522624 -0.072994 -0.464884
0.567688 0.223826 0.016049
0.272452 0.264611 -0.137483
0.536174 0.224018 -0.037507
0.247802 0.014538 0.129004
0.539548 -0.554703 -0.319725
0.524967 0.301473 0.197732
0.063884 0.007613 -0.375547
0.500266 0.063141 0.071213
0.221293 -0.140377 0.249110
0.602618 -0.370030 -0.356643
0.347522 0.166174 -0.180083
0.414288 0.137617 -0.079562
0.402535 0.077368 -0.233412
0.451893 0.114900 0.136676
0.014437 0.262857 0.239392
0.203497 -0.375222 -0.439869
0.214275 0.018551 -0.269992
0.459760 -0.082894 -0.293436
0.107380 0.005957 -0.407908
0.425496 0.067955 0.126291
0.044230 -0.047960 -0.490769
0.014758 0.247355 0.135001
-0.399760 0.026259 -0.412656
0.381741 -0.368048 0.181526
0.077369 -0.071269 0.198558
0.497677 -0.127380 0.086691
0.346234 -0.581770 -0.298031
-0.168984 -0.136673 -0.541737
0.514608 -0.486401 0.177294
0.442263 -0.532456 -0.417243
0.390435 0.084196 0.004843
0.566234 -0.154415 -0.605161
0.082446 -0.525524 -0.366673
0.141922 -0.008251 -0.401671
0.346130 -0.160543 -0.347008
0.507694 -0.085421 -0.282390
0.272772 -0.570019 0.232536
0.307166 0.152656 0.013795
-0.030738 -0.159189 -0.312030
0.089956 0.121367 -0.206462
0.348785 -0.024936 -0.331432
0.108669 -0.340403 0.273461
0.434100 -0.480793 -0.149000
0.382717 0.223697 0.109596
-0.064632 -0.309857 -0.467224
0.308586 0.077626 0.224045
-0.141221 0.155234 0.141816
0.427759 -0.263183 -0.072862
0.284321 -0.044163 -0.360531
-0.120215 -0.407687 -0.433943
0.071296 -0.409375 -0.505485
0.510856 -0.442598 -0.230490
0.185378 -0.526017 -0.396542
0.097675 0.333944 0.035605
0.279610 0.153868 -0.258828
0.340374 -0.210827 0.085351
0.453355 -0.613793 -0.159256
0.523799 -0.545327 0.187838
0.523328 -0.468541 -0.320471
0.421876 -0.390125 0.283045
0.279162 -0.424268 -0.241848
0.133564 -0.308929 0.293735
0.097142 -0.355961 -0.655425
-0.050938 -0.262955 0.345820
-0.223047 -0.364885 -0.578439
-0.358843 -0.307760 0.177746
-0.379541 -0.341896 -0.766922
-0.484315 -0.243863 0.323131
-0.658330 -0.285328 -0.464614
-0.725607 -0.133462 0.040140
-0.750300 -0.148497 -0.682151
-0.794355 0.000552 0.185991
-0.933585 -0.049426 -0.481666
-0.923030 0.050068 -0.066155
-0.844411 -0.004587 -0.638409
-0.799497 0.082729 0.229804
-0.843190 0.034454 -0.468611
-0.806538 0.154607 0.013590
-0.684642 0.098381 -0.623634
-0.615624 0.135291 0.217902
-0.667671 0.097293 -0.299975
-0.654611 0.114489 -0.040058
-0.544110 0.039995 -0.459473
-0.436500 0.071136 0.210995
-0.400832 0.022008 -0.236486
-0.299806 0.063925 0.140624
-0.162712 0.132750 -0.308698
-0.055878 0.252544 -0.024991
0.373113 -0.703624 -0.099244
0.669080 -0.731462 0.033699
0.608651 -0.834388 0.141051
0.663975 -0.698536 0.257430
0.541817 -0.606828 -0.237086
0.427016 -0.486924 0.243670
0.147694 -0.531704 -0.198958
0.061595 -0.419170 0.037838
-0.133735 -0.527682 -0.623854
-0.210676 -0.388715 0.126325
-0.378240 -0.462520 -0.450736
-0.441939 -0.314639 -0.071862
-0.585198 -0.336297 -0.685708
-0.724989 -0.169900 0.096194
-0.966311 -0.243268 -0.355930
-1.069637 -0.109777 -0.145061
-1.118456 -0.120622 -0.578685
-1.144068 0.004465 0.032763
-1.122594 -0.115393 -0.456223
-1.094972 -0.024254 -0.093116
-1.018376 -0.073619 -0.635261
-0.980305 0.016113 0.201464
-0.930451 -0.083885 -0.345744
-0.896334 0.002461 0.117297
-0.806858 0.002972 -0.480314
-0.742318 0.035832 0.299822
-0.700141 -0.092187 -0.120727
-0.542135 -0.083233 0.168298
-0.448944 -0.103260 -0.271585
-0.335122 -0.119624 0.305138
-0.313852 -0.127004 0.204196
-0.171253 0.048828 0.286047
0.387061 -0.590547 0.140109
0.527951 -0.604762 0.195169
0.511252 -0.533926 -0.022750
0.482341 -0.456065 0.186224
0.299499 -0.390377 -0.076077
0.109010 -0.287564 -0.061447
-0.158139 -0.299251 -0.341745
-0.323314 -0.281161 -0.121603
-0.526946 -0.380250 -0.360591
-0.627170 -0.341462 -0.241293
-0.803073 -0.381420 -0.368094
-0.865488 -0.293722 -0.235805
-1.177940 -0.252166 -0.050572
-1.263886 -0.166886 -0.337232
-1.555886 -0.112689 -0.253528
-1.527810 0.002693 -0.248930
-1.689614 0.060585 -0.167645
-1.561365 0.074163 -0.312377
-1.557186 0.070501 -0.326839
-1.425794 0.149109 -0.101192
-1.420285 0.167373 -0.135028
-1.270360 0.207273 -0.209192
-1.253240 0.192833 -0.388211
-1.195298 0.284524 -0.068376
-1.203062 0.246472 -0.178542
-1.085578 0.239186 -0.095713
-1.075737 0.176446 -0.328323
-0.920392 0.216301 -0.003502
-0.880624 0.177448 -0.057759
-0.743545 0.156542 -0.068448
-0.741625 0.145569 -0.142955
-0.439331 0.228380 -0.228971
0.387572 -0.689039 0.216220
0.558760 -0.764455 0.305861
0.494254 -0.877488 0.465880
0.620153 -0.707514 0.387741
0.512094 -0.586177 0.050019
0.459139 -0.439334 0.107832
0.191608 -0.431103 0.003050
0.115021 -0.414783 -0.204900
-0.092545 -0.444243 -0.201971
-0.335276 -0.460856 -0.209495
-0.471684 -0.462473 -0.214624
-0.665683 -0.383973 -0.227094
-0.881828 -0.342752 -0.359162
-1.097582 -0.215596 -0.082750
-1.371279 -0.191582 -0.213275
-1.452269 -0.109968 -0.220525
-1.414709 -0.051327 -0.409420
-1.400588 0.049612 -0.018460
-1.321698 0.002351 -0.368527
-1.236846 0.074297 -0.151637
-1.165711 0.064534 -0.516854
-1.117576 0.169502 0.040887
-1.079269 0.120338 -0.303711
-1.037835 0.169762 -0.027969
-0.955616 0.177231 -0.423624
-0.902719 0.221619 0.125145
-0.836223 0.185806 -0.252044
-0.742202 0.169949 0.067011
-0.667305 0.180516 -0.267954
-0.586110 0.145732 0.246622
-0.468935 0.152017 0.060218
-0.292463 0.226505 0.255615
0.398152 -0.670498 0.358811
0.591441 -0.641634 0.444026
0.582738 -0.587992 0.229670
0.638411 -0.412916 0.261094
0.592429 -0.314850 0.031285
0.540585 -0.204285 -0.083789
0.318894 -0.253498 -0.205306
-0.096404 -0.314182 -0.187457
-0.422698 -0.379605 -0.371984
-0.633917 -0.446245 -0.264583
-0.781376 -0.442406 -0.334317
-0.926206 -0.413031 -0.199365
-1.225725 -0.287917 -0.241398
-1.358928 -0.202754 -0.179303
-1.704221 -0.028215 -0.407148
-1.716738 0.063666 -0.035837
-1.802111 0.173266 -0.314423
-1.603672 0.179441 -0.184819
-1.560363 0.280522 -0.392013
-1.390829 0.290926 -0.093879
-1.360891 0.332834 -0.153050
-1.240587 0.292882 -0.131595
-1.241102 0.347174 -0.308645
-1.199908 0.386957 -0.078877
-1.141148 0.412611 -0.137881
-1.091120 0.365842 -0.006043
-1.016113 0.382241 -0.247459
-0.906359 0.380433 -0.002912
-0.779131 0.369139 -0.150631
-0.705051 0.308353 0.016918
-0.615707 0.321606 -0.070257
-0.389024 0.371097 -0.087456
0.230993 -0.874374 0.579293
0.258405 -1.019024 0.824675
0.171880 -1.194400 0.972904
0.211095 -1.227157 1.103476
0.196836 -1.242187 0.759743
0.158769 -0.891898 0.796185
0.063376 -0.673627 0.212426
0.159439 -0.560916 -0.010780
-0.010864 -0.496386 -0.157414
-0.234609 -0.528243 -0.182114
-0.477812 -0.557918 -0.280801
-0.763188 -0.517034 -0.218153
-1.000332 -0.447932 -0.410614
-1.210735 -0.250145 0.011274
-1.436859 -0.188738 -0.322128
-1.565277 -0.041529 -0.078910
-1.544741 0.057421 -0.418423
-1.482199 0.142838 0.029190
-1.338467 0.154959 -0.340713
-1.221131 0.200453 -0.056681
-1.135379 0.217013 -0.411813
-1.087165 0.284826 0.072476
-1.073153 0.285338 -0.227146
-1.006033 0.304666 0.020901
-0.902795 0.308821 -0.278496
-0.872578 0.325613 0.094300
-0.836121 0.328624 -0.121160
-0.752853 0.304868 -0.004304
-0.658558 0.292356 -0.167857
-0.622286 0.269434 0.120783
-0.464917 0.261203 0.172759
-0.342131 0.319412 0.212973
0.163921 -0.791408 0.635818
0.322707 -0.811770 0.747515
0.160545 -0.892679 0.708481
0.212279 -0.733877 0.672725
0.100816 -0.694530 0.608164
0.207997 -0.320682 0.175014
0.143563 -0.305925 -0.072632
0.084935 -0.320102 -0.096562
-0.233055 -0.464589 -0.391642
-0.434210 -0.536215 -0.275593
-0.542774 -0.527885 -0.398264
-0.717337 -0.489158 -0.027916
-1.032446 -0.364593 -0.345634
-1.234252 -0.204554 -0.036152
-1.478473 -0.120596 -0.584348
-1.569414 0.022936 0.115922
-1.616663 0.116153 -0.448453
-1.522997 0.157198 0.033291
-1.407641 0.215870 -0.584378
-1.250448 0.252230 0.084928
-1.224536 0.306798 -0.383401
-1.110378 0.310961 -0.022172
-1.094451 0.334061 -0.489781
-1.043494 0.372316 0.142875
-1.072521 0.422982 -0.264475
-0.994172 0.413359 -0.029806
-0.933786 0.418856 -0.466722
-0.822800 0.429532 0.021956
-0.793009 0.447635 -0.196805
-0.732887 0.357580 -0.077505
-0.702218 0.338628 -0.161886
-0.484261 0.339501 -0.124828
-0.164854 -1.072711 0.797203
-0.305240 -1.301646 1.265578
-0.570049 -1.533280 1.219790
-0.696489 -1.564514 1.466727
-0.700163 -1.607371 1.092903
-0.791267 -1.553008 1.572430
-0.859039 -1.579253 1.121035
-0.473851 -1.029391 0.596766
-0.213249 -0.659662 -0.042047
-0.141813 -0.580653 0.126955
-0.295734 -0.632584 -0.287022
-0.459382 -0.584457 -0.009213
-0.660151 -0.568047 -0.612990
-0.857020 -0.348653 0.284752
-1.044469 -0.324898 -0.532211
-1.208153 -0.121182 0.240269
-1.207609 -0.047094 -0.685354
-1.217457 0.090662 0.283959
-1.112978 0.077202 -0.560534
-1.039615 0.172587 0.124156
-0.973586 0.216653 -0.645582
-0.898278 0.283300 0.193613
-0.872834 0.229559 -0.382335
-0.829063 0.302967 0.054679
-0.751608 0.343806 -0.543533
-0.724945 0.404235 0.133086
-0.731415 0.330119 -0.261450
-0.670339 0.341792 0.045124
-0.622986 0.334547 -0.340723
-0.599783 0.293028 0.088213
-0.529710 0.243325 0.045031
-0.392707 0.262946 0.143933
-0.025386 -0.914312 0.814711
0.050240 -0.961333 0.797430
-0.078509 -1.094584 0.847211
-0.027195 -1.053004 0.879783
-0.049886 -0.958985 0.838488
-0.042307 -0.683355 0.388272
0.006844 -0.614386 0.371428
-0.127513 -0.430996 0.174659
-0.396466 -0.442733 -0.079127
-0.455596 -0.549771 -0.085234
-0.470646 -0.568952 -0.326273
-0.509574 -0.526389 0.055439
-0.770285 -0.439314 -0.342485
-0.942149 -0.297876 0.080393
-1.123916 -0.225119 -0.546239
-1.181427 -0.112225 0.128283
-1.264412 0.021427 -0.438429
-1.200460 0.080913 0.074714
-1.178117 0.147512 -0.568735
-1.022756 0.189243 0.064389
-0.990526 0.240843 -0.349112
-0.863428 0.264001 0.018370
-0.875989 0.321351 -0.463542
-0.857957 0.375681 -0.014016
-0.856551 0.444012 -0.205687
-0.805236 0.438263 0.012116
-0.813601 0.451485 -0.376945
-0.738935 0.447405 -0.097835
-0.658921 0.434113 -0.213270
-0.612545 0.325289 0.014994
-0.588628 0.289553 -0.119328
-0.414605 0.262253 -0.088637
0.020229 -1.188267 0.891866
-0.016474 -1.426480 1.214233
-0.131414 -1.595655 1.219452
-0.298580 -1.644831 1.411836
-0.289102 -1.500453 1.048216
-0.533771 -1.574764 1.718254
-0.668904 -1.461817 1.269670
-0.452969 -1.441770 1.070431
-0.224954 -1.033172 0.567395
-0.104712 -0.660148 0.596195
-0.046055 -0.679908 0.089267
-0.179627 -0.670206 0.188438
-0.412406 -0.720224 -0.434564
-0.632752 -0.510437 0.366388
-0.732820 -0.468457 -0.531409
-0.885584 -0.256614 0.201112
-0.858296 -0.159024 -0.679501
-0.893289 0.014438 0.257001
-0.811295 0.073378 -0.519046
-0.799703 0.107145 0.099488
-0.738186 0.134890 -0.609047
-0.696076 0.169191 0.194907
-0.662618 0.176603 -0.339957
-0.645812 0.219565 0.026863
-0.573191 0.278918 -0.455898
-0.588860 0.341131 0.104980
-0.595319 0.336189 -0.217042
-0.594984 0.332405 -0.077837
-0.503601 0.285016 -0.357538
-0.501920 0.228098 0.034361
-0.440635 0.201255 -0.071337
-0.334066 0.220174 0.041134
0.123906 -0.992388 0.798604
0.210833 -0.989296 0.929760
0.173814 -1.049607 0.619521
0.149700 -1.025504 1.203191
0.152380 -0.859061 0.589580
0.135332 -0.794127 0.650122
0.251209 -0.699309 0.322567
0.128646 -0.535879 0.560139
-0.092470 -0.492231 0.113024
-0.255561 -0.514009 0.274393
-0.326427 -0.544823 -0.273324
-0.342912 -0.519896 0.320441
-0.584878 -0.442052 -0.392409
-0.710396 -0.360363 0.175181
-0.826331 -0.275371 -0.681110
-0.837299 -0.169246 0.404273
-0.915918 -0.001003 -0.547995
-0.803156 0.058818 0.249036
-0.772973 0.139936 -0.773092
-0.698799 0.135551 0.422735
-0.740369 0.212569 -0.573293
-0.630112 0.233139 0.164627
-0.633150 0.295561 -0.915063
-0.613374 0.353610 0.471898
-0.690692 0.424378 -0.508923
-0.640437 0.443579 0.064264
-0.574026 0.474283 -0.793675
-0.440179 0.442931 0.155467
-0.466361 0.433206 -0.383542
-0.422483 0.294872 0.034043
-0.343617 0.233037 -0.270291
-0.212482 0.232056 0.011858
0.247730 -1.246012 0.873292
0.271010 -1.402219 1.422436
0.297024 -1.612957 1.079330
0.211279 -1.651676 1.623028
0.265130 -1.458124 0.687600
0.079334 -1.466462 1.930866
0.108713 -1.200293 0.897242
0.174557 -1.300717 1.374491
0.288263 -1.059506 0.123225
0.295732 -0.900724 1.145983
0.205810 -0.762307 0.046264
0.038733 -0.755788 0.633255
-0.190725 -0.796562 -0.567950
-0.309497 -0.613638 0.770981
-0.493477 -0.520943 -0.538329
-0.597778 -0.311058 0.417472
-0.590562 -0.234784 -1.016493
-0.570901 -0.054998 0.686696
-0.506186 -0.013985 -0.666489
-0.452385 0.041007 0.413926
-0.460867 0.092982 -1.072369
-0.352468 0.158166 0.696073
-0.358143 0.125275 -0.696836
-0.334533 0.192239 0.465463
-0.355640 0.283597 -1.073944
-0.316735 0.349441 0.532086
-0.363730 0.272796 -0.397191
-0.323779 0.268911 0.311188
-0.320270 0.226099 -0.576131
-0.308470 0.169023 0.243325
-0.308241 0.094035 -0.253329
-0.139257 0.160329 0.081110
0.231592 -0.963597 0.830868
0.341131 -0.921655 0.860182
0.371258 -1.011811 0.887861
0.339686 -1.020534 0.974767
0.351174 -0.831663 0.738591
0.391266 -0.783034 0.547717
0.493509 -0.731404 0.426615
0.454538 -0.672209 0.622493
0.444103 -0.613788 0.280847
0.384614 -0.572012 0.321626
0.261010 -0.589690 -0.022499
0.091805 -0.578149 0.335111
-0.177450 -0.520886 -0.130051
-0.359765 -0.482442 0.217977
-0.489275 -0.419613 -0.455937
-0.544377 -0.336266 0.284620
-0.618457 -0.200187 -0.237228
-0.543354 -0.154294 0.258361
-0.518313 -0.093258 -0.624074
-0.470351 -0.025614 0.248990
-0.472561 0.044096 -0.338371
-0.442202 0.130135 0.430921
-0.501418 0.170630 -0.648494
-0.468255 0.269129 0.272116
-0.439356 0.309037 -0.213984
-0.409588 0.398707 0.621937
-0.394213 0.347206 -0.462942
-0.258322 0.387167 0.344753
-0.196236 0.366405 -0.445958
-0.143711 0.298083 0.156319
-0.152436 0.235840 -0.143885
-0.081310 0.226783 0.007533
0.374077 -1.236323 0.884850
0.386049 -1.367661 1.199201
0.404932 -1.578570 1.232969
0.404444 -1.691178 1.319804
0.469809 -1.484884 1.086464
0.368454 -1.643966 1.607356
0.395388 -1.181692 1.012367
0.440857 -1.349216 1.155466
0.516583 -1.055757 0.417803
0.499552 -1.073407 1.014841
0.496019 -0.872034 0.219964
0.401036 -0.848013 0.608719
0.252728 -0.753899 -0.151837
0.055993 -0.679852 0.563019
-0.056865 -0.585810 -0.208246
-0.226046 -0.449757 0.281222
-0.286256 -0.365461 -0.553592
-0.329086 -0.229520 0.444091
-0.312090 -0.154214 -0.331375
-0.289012 -0.097250 0.272217
-0.284447 -0.080310 -0.472321
-0.283469 -0.054727 0.349609
-0.297395 0.027971 -0.252714
-0.302277 0.069701 0.096151
-0.256037 0.139236 -0.317807
-0.269765 0.122984 0.291349
-0.235755 0.182990 -0.077168
-0.183290 0.136621 0.201304
-0.101160 0.189596 -0.206747
-0.053228 0.102248 0.196590
0.010732 0.164684 0.043454
0.067402 0.202090 0.176350
0.282405 -0.820223 0.737029
0.346950 -0.748141 0.797324
0.344371 -0.795284 0.663867
0.340700 -0.842623 0.995002
0.345372 -0.698308 0.472536
0.365676 -0.684168 0.611601
0.464193 -0.657824 0.278101
0.519383 -0.641032 0.570324
0.570434 -0.553228 0.092081
0.566695 -0.526020 0.297201
0.493215 -0.495894 -0.104784
0.378072 -0.478055 0.266872
0.253769 -0.438901 -0.134680
0.101697 -0.438667 0.164028
0.005427 -0.403432 -0.289437
-0.052048 -0.353103 0.178942
-0.184160 -0.261918 -0.198182
-0.179083 -0.263658 0.214758
-0.188878 -0.144108 -0.443275
-0.164551 -0.094996 0.272378
-0.242808 0.028041 -0.296405
-0.196295 0.031338 0.144832
-0.228789 0.185977 -0.438716
-0.250660 0.162348 0.326308
-0.259404 0.214755 -0.091104
-0.247460 0.219325 0.318285
-0.232452 0.269608 -0.467045
-0.143092 0.259280 0.267413
-0.082109 0.282839 -0.056825
-0.025987 0.214832 0.290292
0.014621 0.202735 -0.077306
0.058266 0.256894 0.003851
0.436963 -1.041505 0.736172
0.422971 -1.113858 1.270200
0.470921 -1.367207 1.040088
0.448431 -1.447334 1.368813
0.479596 -1.323827 0.778385
0.408926 -1.355322 1.573023
0.464527 -0.932612 0.716704
0.482809 -1.065630 1.071229
0.510264 -0.884798 0.166839
0.471121 -0.908341 1.007697
0.521503 -0.743541 0.062557
0.506270 -0.705361 0.516793
0.488780 -0.546274 -0.356353
0.385503 -0.428481 0.514899
0.357934 -0.335016 -0.341124
0.231038 -0.267735 0.123654
0.158225 -0.154379 -0.438424
0.057138 -0.099165 0.325185
0.028515 -0.057479 -0.299897
0.040806 -0.039772 0.161609
0.019111 0.036347 -0.431269
0.030160 0.047815 0.376445
0.082310 0.083681 -0.166318
0.034888 0.056820 0.168068
-0.028405 0.144465 -0.328530
-0.079382 0.134908 0.209776
-0.079017 0.196176 0.033030
-0.052119 0.130004 0.173996
-0.041390 0.211000 -0.003356
-0.021346 0.172182 0.098397
0.018438 0.217177 0.113983
0.094341 0.259324 0.165305
0.235685 -0.655965 0.641137
0.296458 -0.574437 0.605832
0.342484 -0.684084 0.654282
0.326136 -0.757350 0.681189
0.316609 -0.639175 0.446278
0.362606 -0.619722 0.394186
0.436980 -0.579232 0.177983
0.481704 -0.619576 0.547203
0.536921 -0.579794 0.030083
0.557126 -0.499127 0.325223
0.568291 -0.465007 -0.245885
0.525964 -0.405678 0.308796
0.526105 -0.378049 -0.310985
0.485716 -0.302656 0.170559
0.510860 -0.263451 -0.332116
0.472454 -0.174830 0.235833
0.485738 -0.166205 -0.356668
0.400638 -0.131478 0.211943
0.336606 -0.078021 -0.439997
0.346583 0.006337 0.304395
0.340841 0.046156 -0.382994
0.292788 0.086415 0.258286
0.229582 0.080171 -0.360793
0.207089 0.116933 0.189163
0.134422 0.107060 -0.177580
0.075733 0.154242 0.248279
-0.013369 0.130215 -0.109676
0.026323 0.173606 0.114397
0.042853 0.190104 -0.057784
0.065100 0.220483 0.086088
0.062241 0.214351 0.098189
0.112989 0.283021 0.074079
0.399307 -0.815411 0.571989
0.395237 -0.843381 0.789728
0.430100 -1.063391 0.849097
0.510403 -1.104694 0.757085
0.529503 -1.087870 0.642887
0.504419 -1.047511 0.874998
0.516228 -0.753740 0.543921
0.587521 -0.791234 0.535653
0.593418 -0.692968 0.178469
0.585681 -0.660960 0.539742
0.600378 -0.587333 0.049636
0.614618 -0.482949 0.257288
0.638690 -0.417512 -0.246160
0.605089 -0.306089 0.257471
0.645943 -0.234668 -0.324768
0.603484 -0.145303 0.035822
0.583980 -0.114956 -0.492749
0.564755 -0.073381 0.126157
0.546106 -0.074819 -0.431880
0.499723 0.014652 0.135115
0.443490 0.018027 -0.416559
0.460146 0.102088 0.183590
0.450230 0.067987 -0.296107
0.423112 0.115084 0.108017
0.384922 0.126393 -0.205294
0.303578 0.151333 0.056320
0.236789 0.185414 -0.047417
0.197035 0.166628 0.011731
0.136017 0.196517 0.061091
0.075402 0.177400 -0.086487
0.083337 0.265979 0.260224
0.115339 0.292354 0.000357
0.323425 -0.607731 0.424143
0.391585 -0.537090 0.560755
0.447744 -0.627286 0.338920
0.549564 -0.650796 0.566159
0.529978 -0.542038 0.296583
0.541559 -0.540651 0.329611
0.531074 -0.482746 0.200682
0.623911 -0.543028 0.291420
0.623767 -0.512812 0.109189
0.650490 -0.485183 0.231313
0.618535 -0.412781 -0.053067
0.670899 -0.353564 0.157462
0.638937 -0.310095 -0.034938
0.659803 -0.257419 0.091168
0.591241 -0.194580 -0.222006
0.673529 -0.106602 0.100131
0.626722 -0.078114 -0.088949
0.642973 -0.038494 0.095457
0.558383 0.009189 -0.221920
0.636388 0.063125 0.107332
0.605614 0.068325 -0.108104
0.609230 0.097436 0.093182
0.528625 0.132049 -0.251000
0.602767 0.152291 0.096544
0.531483 0.162353 0.024379
0.529422 0.194504 0.049123
0.457999 0.190829 -0.143178
0.507723 0.206459 -0.056741
0.340996 0.225544 0.151523
0.353093 0.220307 -0.078913
0.372908 0.243799 0.091794
0.336983 0.315151 -0.045244
0.475886 -0.681114 0.353598
0.517643 -0.697201 0.550172
0.612484 -0.848246 0.452667
0.616422 -0.841454 0.580988
0.617001 -0.804217 0.250371
0.561815 -0.758632 0.571979
0.621551 -0.569784 0.263434
0.627775 -0.593683 0.306408
0.638320 -0.531139 0.064126
0.638959 -0.537565 0.240592
0.693377 -0.456289 0.076573
0.715058 -0.402308 0.067488
0.689630 -0.348731 -0.226281
0.672858 -0.295953 0.189703
0.706076 -0.277202 -0.084095
0.723774 -0.195732 -0.035915
0.651031 -0.159827 -0.291448
0.660062 -0.106136 0.086348
0.695175 -0.119149 -0.084139
0.729254 -0.022500 -0.030041
0.665937 0.010190 -0.166920
0.651036 0.093934 0.093192
0.650085 0.057159 0.033790
0.637523 0.110117 -0.027737
0.567523 0.179599 -0.022773
0.566778 0.222121 0.022888
0.575866 0.236123 0.117164
0.546633 0.227814 -0.150012
0.461841 0.291711 0.111209
0.389809 0.244118 -0.170247
0.358942 0.280861 0.230800
0.369853 0.307999 -0.128753
0.443458 -0.615550 0.250345
0.601975 -0.553308 0.329748
0.644281 -0.630816 0.190025
0.680627 -0.604991 0.335610
0.669659 -0.502317 0.152671
0.675284 -0.499973 0.108600
0.673121 -0.424874 0.097763
0.716011 -0.470230 0.096273
0.720513 -0.444409 0.043612
0.724735 -0.475163 -0.049743
0.699047 -0.385215 -0.060354
0.734754 -0.367643 0.042217
0.711317 -0.268583 -0.078856
0.702838 -0.260125 -0.043726
0.650771 -0.172529 -0.170804
0.684591 -0.140415 0.147582
0.680218 -0.063828 -0.194117
0.707828 -0.026700 0.033159
0.659978 0.046827 -0.156623
0.702123 0.098787 0.172184
0.724547 0.131330 -0.167331
0.744064 0.148751 0.010985
0.673840 0.235583 0.005304
0.712437 0.275505 0.112978
0.725386 0.311745 -0.207210
0.751720 0.321778 0.035500
0.696902 0.380946 -0.048550
0.735319 0.425493 -0.011839
0.749641 0.437727 -0.228186
0.781805 0.403357 -0.177291
0.673830 0.355821 0.003821
0.546577 0.346314 -0.045145
0.562015 -0.708732 0.251519
0.623770 -0.710878 0.332264
0.716345 -0.749272 0.330855
0.698815 -0.655865 0.204301
0.706544 -0.641999 0.212014
0.662620 -0.582107 0.308078
0.705511 -0.508398 0.228687
0.689989 -0.481016 0.117859
0.721982 -0.441986 0.015725
0.686909 -0.470499 0.108694
0.737405 -0.403666 0.069344
0.735625 -0.396010 -0.016318
0.716244 -0.343635 -0.153036
0.683109 -0.365732 0.060176
0.669438 -0.343461 -0.051809
0.671683 -0.317458 -0.055123
0.614006 -0.284456 -0.202110
0.606680 -0.224874 0.071923
0.629898 -0.220527 -0.108423
0.669598 -0.134346 -0.050336
0.641931 -0.109055 -0.040221
0.633727 -0.001544 0.065930
0.624389 -0.025937 0.006533
0.642787 0.071437 -0.059344
0.602080 0.084062 0.072379
0.633015 0.145946 -0.045647
0.635881 0.165120 0.006198
0.653865 0.214113 -0.204802
0.637958 0.240807 0.026379
0.655075 0.224848 -0.261244
0.611765 0.222418 0.124002
0.501708 0.264940 -0.076502
0.494603 -0.658657 0.172686
0.678113 -0.617726 0.177256
0.727018 -0.569112 -0.094167
0.755631 -0.492416 0.262933
0.736013 -0.458560 0.036119
0.741816 -0.420282 0.146985
0.737462 -0.382688 -0.082275
0.761272 -0.401692 0.119638
0.732922 -0.398258 -0.067237
0.718827 -0.398895 0.016420
0.666498 -0.321165 -0.243398
0.685227 -0.306999 0.027013
0.668682 -0.251882 -0.234811
0.651759 -0.243379 0.032368
0.606307 -0.206966 -0.336064
0.597474 -0.205388 0.132645
0.626151 -0.153463 -0.177789
0.642231 -0.128607 0.040279
0.617212 -0.072535 -0.226011
0.613344 -0.029935 0.099110
0.620699 -0.054504 -0.043887
0.657337 0.048647 0.012276
0.636452 0.040262 -0.189197
0.655399 0.207202 0.141700
0.688836 0.140305 -0.032636
0.798922 0.229350 -0.055911
0.765146 0.239773 -0.264946
0.786267 0.305810 -0.161588
0.774720 0.239502 -0.111073
0.828601 0.209672 -0.144501
0.755370 0.164219 -0.232537
0.609179 0.285247 -0.220367
0.583684 -0.577690 0.184264
0.565869 -0.590573 0.425215
0.703995 -0.570830 0.232142
0.651367 -0.456417 0.374832
0.685725 -0.387421 0.034882
0.677285 -0.289735 0.288008
0.690068 -0.271391 0.101901
0.665282 -0.254450 0.190407
0.672980 -0.242386 -0.032356
0.637675 -0.228361 0.169966
0.680374 -0.206109 -0.022889
0.638733 -0.170247 0.056228
0.659553 -0.142673 -0.131687
0.594644 -0.115229 0.131590
0.599001 -0.133060 -0.127547
0.562318 -0.109777 0.008502
0.563533 -0.142296 -0.159130
0.543790 -0.093203 0.057235
0.554849 -0.102261 -0.025059
0.546725 -0.047191 -0.041076
0.573244 -0.026863 -0.096224
0.535363 0.071379 0.036229
0.549394 0.033278 -0.010578
0.541268 0.099944 0.022545
0.587492 0.071587 -0.119007
0.612506 0.173649 -0.004324
0.676200 0.138203 -0.050099
0.727195 0.207383 -0.169230
0.708390 0.240907 -0.129614
0.693057 0.247248 -0.153264
0.671985 0.196232 -0.114935
0.565861 0.245953 -0.124528
