1.317473 -0.360060 -0.931767
1.192432 -0.268350 -0.532564
1.185376 -0.336781 0.037779
0.425336 0.590930 -0.688834
0.828279 -0.461760 0.605133
1.363424 0.603980 -0.385676
0.788420 0.114661 0.786368
0.441053 0.776781 0.373906
1.549637 0.398007 -0.280036
0.454681 0.862619 0.002348
0.380074 0.368112 0.760926
0.919038 0.287936 0.519237
0.282720 0.380132 0.739963
1.126921 -0.115788 0.918471
0.269588 0.577304 0.660737
1.557294 -0.518333 -0.545300
0.910013 -0.425300 -0.854257
1.228850 -0.548572 -0.228904
0.150391 0.822945 -0.342292
-0.159359 0.363121 -0.939508
1.175211 -0.336360 0.256472
1.015121 0.718419 -0.160376
1.205805 0.244628 -0.634520
0.289470 0.015269 -1.115750
0.430137 -0.180113 0.974901
1.144048 -0.260517 0.646781
0.099064 0.813312 -0.216355
1.222875 -0.484808 0.408369
-0.594821 0.602316 -0.286172
0.931163 -0.370691 -0.454456
-0.569080 0.164359 -1.043084
0.663141 -0.016459 -0.802146
1.104585 0.338716 -0.796680
1.171486 -0.030071 -0.781473
1.387495 0.075270 -0.676828
1.212600 0.303823 -0.321465
1.453164 -0.403810 -0.318912
0.917437 0.115392 -0.852065
1.284408 0.168492 0.743945
0.374268 0.448291 -0.894739
0.229822 0.477157 0.599276
0.711758 0.436920 0.589729
0.569569 -0.301877 0.729833
0.407004 -0.261376 -1.072800
0.194740 -0.043733 -0.797388
0.496488 -0.448107 -0.746933
-0.417413 -0.425406 0.464751
1.450143 0.280306 0.874535
0.096934 0.387076 -0.890446
1.397441 -0.101106 0.962783
1.504293 -0.413849 -0.031223
0.945534 0.333227 -0.277686
0.839103 0.478940 0.400180
0.283997 -0.056207 0.923743
0.243097 -0.152676 0.817965
1.440855 -0.197621 0.418637
1.641482 -0.170799 -1.086236
0.874506 0.615336 0.402913
-0.602493 0.411770 -0.796851
1.380445 0.142324 -0.365761
-0.272532 0.014370 -0.948658
0.324157 0.567532 -0.810731
-0.162252 -0.661421 0.323021
0.450725 -0.746307 0.324836
0.209479 -0.527011 -0.703851
0.865828 -0.226721 -1.127748
-0.035954 0.449042 0.631383
0.690827 0.009897 0.881420
0.441813 0.666111 0.495706
-0.193366 0.205987 0.882369
1.141866 0.388738 0.182461
1.269192 0.016979 -0.462722
-0.267005 0.041074 0.917413
1.349324 0.008448 0.706218
1.362825 0.487622 -0.889283
0.938127 -0.143462 -0.545125
0.986719 0.141753 0.823123
0.798961 -0.379839 -0.632667
0.744275 -0.187755 0.806101
0.824929 0.679693 -0.096254
0.613580 -0.650585 -0.442071
-0.431430 -0.186957 0.644153
1.592127 0.031688 -0.731768
-0.709246 0.202269 0.607054
0.808168 -0.609744 -0.720804
0.349246 -0.095104 -0.912806
1.103952 -0.380900 -0.644775
1.331190 -0.071236 -0.690521
-0.102819 0.733665 -0.360491
1.545299 -0.043571 -0.894953
-0.704145 -0.158468 0.557740
1.249587 -0.141126 -0.380679
0.508900 0.311899 0.900182
-0.134244 0.022824 0.690863
1.345230 0.128475 0.526320
1.471747 -0.000823 0.696490
0.197417 -0.747195 -0.163389
0.946412 0.320762 -1.096245
1.128314 -0.330197 -0.174397
0.121454 -0.198458 -0.987187
-0.364239 0.262624 0.564738
0.264769 0.844181 0.257108
1.146882 -0.288803 -0.896955
0.729147 -0.095828 0.909762
0.923836 -0.171932 -0.878272
0.761663 0.597903 -0.838159
-0.088585 0.832862 0.078899
0.189676 0.730398 -0.573754
0.929987 0.210944 0.671844
0.756567 0.066660 -1.097677
-0.508974 0.772150 0.120601
0.818410 -0.264887 -0.859543
1.102666 -0.279836 0.630601
1.089414 0.228348 0.356165
1.351359 -0.229538 -0.531047
-0.604246 -0.077976 -0.748707
0.411181 -0.353367 0.783129
1.262010 0.004194 -0.617451
1.146422 0.134176 -0.915833
-0.383625 0.496282 -0.684697
1.001679 -0.427851 0.282539
0.784217 -0.446296 0.497311
0.724103 -0.414391 -1.063043
1.107981 0.495503 -0.180974
1.256255 -0.146239 -0.509133
0.999136 0.656745 0.085184
0.977859 0.054270 -0.732696
0.872757 0.515556 0.735662
1.099224 -0.588832 -0.440643
-0.534316 0.083073 -0.677272
1.172201 0.230166 -0.487270
0.468448 -0.491920 -0.877900
-0.040401 0.592832 -0.568045
1.067620 0.624628 0.436027
-0.210752 -0.196279 -1.068317
1.027399 -0.107653 0.833991
1.091316 0.302334 0.403863
0.173739 0.664067 0.531151
-0.113768 -0.276880 -0.791449
0.507035 0.780677 -0.537608
1.384231 -0.281670 -1.205184
-0.141280 0.454197 -0.674048
-0.129638 -0.182870 0.864222
0.309171 0.231027 -0.812078
0.898441 0.163404 0.914195
0.973169 -0.213576 0.294516
-0.279733 -0.239521 -0.838024
0.183237 0.006866 0.791394
-0.197055 0.700309 0.322079
0.670096 0.783520 -0.037108
1.538552 -0.222930 -0.528143
1.072425 0.512926 -0.632955
0.943541 0.251229 -0.631547
0.630379 -0.008981 -1.290647
0.159762 -0.152365 -1.142189
0.457465 0.081496 0.750767
0.993700 0.457926 0.223034
-0.377805 0.704254 -0.369793
1.526890 -0.550387 -0.900046
0.015626 0.085632 0.875118
-0.778075 -0.255092 -0.827994
1.425741 0.131839 -1.186710
1.165617 0.143491 -0.321579
1.068377 0.137731 0.636511
0.803792 0.411581 -0.656264
1.147331 0.427560 -0.348546
1.164175 -0.166404 -0.608204
0.684629 0.596396 -0.493831
1.158810 0.127539 -0.114481
0.158578 -0.374397 -0.852592
1.295714 0.224707 0.382984
0.059797 0.324657 0.713231
0.368061 0.157942 0.953068
0.853805 0.703048 0.224476
1.175357 -0.043286 -0.951019
0.732975 0.618963 0.587201
1.247775 0.377847 -0.189300
1.408061 -0.237654 -0.792978
0.367488 -0.750266 -0.316415
0.993012 -0.164807 0.607326
1.274531 0.519279 -0.210651
0.429351 0.726548 -0.254069
0.955619 0.636236 -0.171676
1.366662 0.351162 -0.680636
0.684593 -0.011579 0.507742
1.057540 -0.379639 -0.393110
1.531052 0.612772 -0.705742
-0.373045 0.149354 -0.822832
1.121375 0.074965 0.537709
0.419860 0.114568 -0.989798
0.213000 0.311902 -1.249546
1.058030 0.118572 -0.503971
1.194899 -0.521240 -0.907298
0.571467 0.342795 -1.024994
-0.456799 0.136384 0.724270
1.180605 0.067094 0.405961
1.190572 -0.363734 -0.680740
0.949776 -0.647059 -0.095275
-0.086960 -0.701650 -0.286162
1.603912 0.220286 -0.941852
1.470876 0.450441 0.586156
0.397927 0.842887 -0.188363
1.257317 0.554773 0.335503
0.169463 0.170379 0.781550
1.264994 -0.509026 -0.618961
1.235684 0.609742 0.695279
-0.114803 0.092669 -0.798678
1.123395 0.281429 0.519056
0.065659 -0.163429 0.770704
1.607732 -0.340508 -0.738766
0.902740 0.668204 -0.400557
1.130989 0.505815 -0.010962
0.975564 0.487074 -0.495371
1.053322 0.393694 0.776279
-0.308147 0.484770 0.578640
-0.012317 -0.431217 -0.715103
0.152329 0.402679 -0.639084
1.073921 -0.005294 -0.672934
0.076751 0.165153 -0.985116
1.355069 0.450650 0.122579
-0.192873 0.156942 -1.127807
0.034159 0.581846 0.534013
-0.803101 0.177934 -0.827542
0.337027 -0.489481 0.614327
-0.463348 -0.098590 0.766040
1.226514 0.007866 0.463374
0.406729 -0.645658 -0.663227
-0.479513 -0.069414 -0.975335
1.344371 -0.304364 0.656989
0.654357 -0.560608 -0.737849
1.148471 0.466308 0.085112
1.283485 -0.027824 -1.051433
-0.414171 -0.546787 -0.465229
-0.078898 -0.070375 -0.842693
0.382155 -0.263492 -0.904955
1.106679 -0.145268 -0.605421
0.096691 -0.609306 0.504632
0.493922 0.690169 0.431734
-0.455681 -0.248833 -0.554239
-0.354610 0.590167 -0.394526
0.614758 0.322862 -0.866233
-0.149728 -0.374730 0.687288
0.710203 -0.654616 -0.233162
1.554747 0.645232 -0.007256
-0.530005 -0.382145 -0.800150
0.671241 0.306653 0.797141
-0.524771 0.448991 0.417325
1.268013 -0.220193 -0.119129
0.087356 -0.227916 -0.798397
-0.645679 -0.446643 -0.540462
-0.251035 -0.485843 -0.907595
1.160484 -0.410300 -0.401067
-0.076034 -0.566326 -0.611117
0.162476 0.744464 0.282206
0.734869 0.673302 -0.497327
0.176176 -0.391708 0.608289
-0.115510 -0.781816 -0.259000
-0.250616 -0.840883 0.115662
-0.317896 -0.734702 -0.445162
-0.403782 -0.634164 0.461665
-0.577898 -0.666038 -0.228849
-0.582117 -0.551625 0.570763
-0.551588 -0.556680 -0.578766
-0.627842 -0.398566 0.835471
-0.866983 -0.580951 -0.410842
-0.938260 -0.442453 0.642897
-0.956356 -0.511073 -0.800358
-1.018089 -0.267491 0.927223
-1.164868 -0.454296 -0.640763
-1.188095 -0.240830 0.703031
-1.162232 -0.296026 -0.906299
-1.194840 -0.039852 0.936970
-1.336355 -0.166110 -0.725429
-1.332464 0.133301 0.750104
-1.265465 0.076933 -0.951255
-1.220367 0.336621 0.845403
-1.327363 0.290685 -0.630890
-1.240521 0.511839 0.483376
-1.125448 0.539950 -0.781335
-0.972433 0.653030 0.655240
-1.027974 0.716182 -0.272110
-0.897061 0.804926 0.276991
-0.715354 0.888479 -0.564436
-0.590326 0.860735 0.446076
-0.646465 0.867353 -0.151611
-0.501382 0.890914 0.136587
-0.278579 1.029862 -0.315008
-0.186691 0.991504 -0.081014
-0.718918 -0.688311 -0.429456
-0.779306 -0.750102 -0.175959
-0.766854 -0.775664 -0.123495
-0.803002 -0.656492 0.270641
-0.858058 -0.662196 -0.387218
-0.934544 -0.488722 0.651778
-1.057228 -0.632687 -0.049552
-1.133357 -0.479862 0.527158
-1.178540 -0.558326 -0.430377
-1.289787 -0.364959 0.677215
-1.407327 -0.569112 -0.110168
-1.521214 -0.354139 0.446593
-1.538046 -0.429725 -0.573319
-1.603889 -0.171576 0.570850
-1.592230 -0.335206 -0.290367
-1.676440 -0.054902 0.376860
-1.614939 -0.092190 -0.706614
-1.629909 0.182561 0.517369
-1.594622 0.074999 -0.427752
-1.590008 0.345898 0.346093
-1.512200 0.389168 -0.746657
-1.467341 0.589466 0.523548
-1.348630 0.583144 -0.295561
-1.203437 0.680530 0.393532
-0.999354 0.858109 -0.549140
-0.862341 0.763902 0.604969
-0.718351 0.836680 0.241232
-0.489263 0.770246 0.502412
-0.321137 0.917728 -0.226151
-0.236675 0.701062 0.614772
-0.179010 0.677235 0.717757
-0.202763 0.710457 0.697951
-0.760994 -0.649362 0.113770
-0.941718 -0.779248 0.062676
-1.051277 -0.782357 -0.136037
-1.001847 -0.631784 0.306288
-1.246019 -0.657313 0.140173
-1.173564 -0.558492 0.109385
-1.340720 -0.649667 -0.146603
-1.339358 -0.489898 0.319812
-1.618810 -0.561501 0.214679
-1.536945 -0.445031 -0.017130
-1.756832 -0.505744 -0.151262
-1.713520 -0.321113 0.127686
-1.972125 -0.340105 0.152657
-1.904531 -0.195508 -0.099272
-2.096200 -0.211680 -0.163147
-2.031989 -0.021217 0.177708
-2.186618 0.004997 0.097039
-2.010209 0.157469 -0.016937
-1.986984 0.213876 -0.333121
-1.869499 0.441932 -0.001639
-1.826039 0.515937 -0.109872
-1.666630 0.621933 -0.146997
-1.544589 0.649679 -0.389031
-1.462722 0.798579 0.007710
-1.440590 0.851861 -0.160375
-1.232208 0.883460 -0.094279
-1.167503 0.881752 -0.388799
-1.030249 0.914589 0.118985
-1.028901 0.920579 -0.092651
-0.793161 0.938078 0.090845
-0.723770 0.948907 -0.295400
-0.493046 0.982044 -0.247112
-0.947385 -0.599069 -0.215038
-1.110061 -0.736805 -0.128915
-1.142629 -0.715266 -0.007355
-1.138189 -0.630842 0.191276
-1.170680 -0.663961 -0.255379
-1.233793 -0.566232 0.434863
-1.332183 -0.687048 0.018167
-1.453031 -0.606818 0.222592
-1.515646 -0.622148 -0.316007
-1.606279 -0.498783 0.359423
-1.693509 -0.531722 -0.043566
-1.792457 -0.474345 0.080257
-1.904867 -0.413684 -0.392379
-1.965320 -0.265478 0.232087
-1.950143 -0.221025 -0.172121
-2.013386 -0.092716 0.059773
-1.954957 -0.006034 -0.526033
-1.948559 0.168774 0.372778
-1.833030 0.192978 -0.311163
-1.766299 0.338059 0.049457
-1.589194 0.503393 -0.522193
-1.547139 0.625294 0.230746
-1.454813 0.674075 -0.290394
-1.350478 0.705233 0.003147
-1.099183 0.873631 -0.514874
-0.981937 0.812358 0.261554
-0.907557 0.898574 -0.156342
-0.720081 0.808746 0.238563
-0.562165 0.968922 -0.400140
-0.481377 0.846661 0.460905
-0.361433 0.904213 0.147461
-0.260264 0.873230 0.507702
-0.771610 -0.665354 0.070012
-0.896099 -0.706203 0.102656
-0.975350 -0.711285 -0.092992
-0.952888 -0.623848 0.174353
-1.115198 -0.607978 0.044531
-1.092158 -0.604401 0.060740
-1.181574 -0.623709 -0.208867
-1.248515 -0.591226 0.195932
-1.407450 -0.532218 -0.084511
-1.413911 -0.501239 0.097496
-1.605491 -0.433708 -0.385784
-1.654863 -0.369425 0.216930
-1.836459 -0.263621 -0.205355
-1.866336 -0.196750 0.136878
-2.043848 -0.065004 -0.543269
-2.050784 0.044844 0.419754
-2.053094 0.190945 -0.218659
-1.995112 0.262923 0.288911
-1.939584 0.441445 -0.495428
-1.861243 0.579279 0.201890
-1.730660 0.712711 -0.166013
-1.601174 0.730568 0.006924
-1.501058 0.814126 -0.415151
-1.435096 0.871173 -0.062656
-1.281419 0.903680 -0.153858
-1.157276 0.839062 -0.025558
-1.103814 0.894235 -0.298003
-0.999601 0.901056 -0.093431
-0.836329 0.907372 -0.158785
-0.728702 0.890140 0.199756
-0.665312 0.968545 -0.144139
-0.443361 1.030495 -0.062453
-0.697408 -0.682348 -0.129200
-0.812982 -0.738467 -0.065727
-0.780290 -0.726798 0.001231
-0.874605 -0.655825 0.128654
-0.889894 -0.684743 -0.246838
-0.969729 -0.620536 0.265037
-1.047519 -0.675800 -0.054200
-1.206862 -0.666918 0.163007
-1.269102 -0.667613 -0.501063
-1.359462 -0.534243 0.441605
-1.447266 -0.574795 -0.396529
-1.574808 -0.471048 0.356202
-1.706247 -0.437220 -0.729078
-1.777483 -0.240991 0.451289
-1.781731 -0.161148 -0.586397
-1.880739 -0.012110 0.386998
-1.821448 0.094815 -0.716334
-1.828765 0.231930 0.580362
-1.707426 0.338139 -0.553191
-1.637313 0.466096 0.268483
-1.447240 0.602907 -0.627111
-1.374594 0.681449 0.271193
-1.295772 0.759197 -0.413061
-1.190295 0.759941 0.013110
-1.002833 0.837425 -0.451305
-0.936846 0.797728 0.138040
-0.847497 0.890789 -0.200598
-0.709209 0.846307 0.034307
-0.564583 0.921696 -0.211718
-0.557061 0.880289 0.206249
-0.364669 0.939860 0.142898
-0.222726 0.923145 0.329889
-0.500973 -0.715739 0.050194
-0.561515 -0.705386 0.239277
-0.599515 -0.750487 -0.190890
-0.632652 -0.642543 0.331157
-0.772874 -0.612618 -0.117741
-0.831698 -0.577506 0.287535
-0.895623 -0.624002 -0.432138
-0.932495 -0.533957 0.556148
-1.107470 -0.523207 -0.392511
-1.154666 -0.474533 0.432793
-1.321133 -0.476862 -0.650155
-1.390205 -0.341617 0.605970
-1.567146 -0.312800 -0.701782
-1.607396 -0.167370 0.613538
-1.734765 -0.151555 -0.933601
-1.752012 0.001407 0.813047
-1.767940 0.103079 -0.730724
-1.743678 0.265609 0.675226
-1.718955 0.396980 -0.905692
-1.699555 0.527471 0.548589
-1.632633 0.650580 -0.608418
-1.480289 0.716562 0.198982
-1.308780 0.778194 -0.710553
-1.188547 0.810728 0.222394
-1.140357 0.882576 -0.369466
-0.964208 0.833306 -0.184943
-0.879973 0.877527 -0.594377
-0.803486 0.837721 0.021111
-0.807938 0.898882 -0.255164
-0.707338 0.866988 -0.161908
-0.658681 0.902977 -0.353257
-0.424614 0.935829 -0.248073
-0.448486 -0.718868 -0.133542
-0.467946 -0.737303 0.076477
-0.446436 -0.771534 -0.060628
-0.475150 -0.677970 0.296317
-0.542151 -0.670419 -0.418593
-0.604633 -0.581835 0.608306
-0.768243 -0.624481 -0.189725
-0.860621 -0.586746 0.453866
-0.890690 -0.606806 -0.636834
-0.983793 -0.463008 0.786476
-1.122499 -0.540548 -0.614423
-1.277078 -0.409669 0.643057
-1.385810 -0.410504 -0.920993
-1.425817 -0.205169 0.821568
-1.399540 -0.171192 -0.955779
-1.486335 0.006757 0.790278
-1.442690 0.066709 -1.093589
-1.441204 0.241649 0.804385
-1.309814 0.296220 -0.914236
-1.322585 0.462331 0.546176
-1.200966 0.550084 -0.932443
-1.125940 0.641466 0.506836
-1.037559 0.627131 -0.664818
-0.930378 0.723626 0.173019
-0.741487 0.772201 -0.760687
-0.658560 0.787805 0.236466
-0.633201 0.740533 -0.397257
-0.538893 0.796096 0.094749
-0.483276 0.872287 -0.597469
-0.438527 0.859657 0.009038
-0.354705 0.888332 -0.152852
-0.261030 0.883564 0.117567
-0.267893 -0.742311 0.095574
-0.318575 -0.694049 0.251301
-0.297173 -0.760098 -0.216874
-0.329697 -0.647796 0.477926
-0.475903 -0.635518 -0.148172
-0.572004 -0.558695 0.490676
-0.603722 -0.588045 -0.469382
-0.678956 -0.490614 0.773635
-0.808023 -0.510963 -0.436429
-0.887476 -0.423269 0.642042
-1.036959 -0.440035 -0.586234
-1.191800 -0.319212 0.743221
-1.342932 -0.341796 -0.670417
-1.362287 -0.192583 0.741676
-1.426275 -0.193708 -0.803385
-1.418328 -0.041058 0.733487
-1.403814 0.028696 -0.653503
-1.398773 0.191611 0.720239
-1.404717 0.291302 -0.785437
-1.394301 0.423419 0.440573
-1.275701 0.526242 -0.587275
-1.145931 0.627740 0.357543
-1.050975 0.698826 -0.613070
-1.017310 0.750027 0.146383
-0.875966 0.768226 -0.310720
-0.739142 0.778161 0.121618
-0.705228 0.838509 -0.488045
-0.682971 0.878371 -0.225158
-0.587340 0.887015 -0.311194
-0.551635 0.838633 -0.044007
-0.502652 0.896857 -0.302546
-0.371806 0.923761 -0.176162
-0.274324 -0.702779 -0.114539
-0.261130 -0.699093 0.127366
-0.195919 -0.744777 -0.017797
-0.195949 -0.662980 0.319060
-0.246022 -0.687231 -0.419011
-0.331914 -0.575759 0.720806
-0.449149 -0.613283 -0.342733
-0.559054 -0.534146 0.636140
-0.577708 -0.619689 -0.727902
-0.718673 -0.446940 0.969133
-0.813826 -0.562187 -0.726909
-1.017084 -0.394393 0.773922
-1.081329 -0.485670 -0.953388
-1.189713 -0.270019 0.874140
-1.147362 -0.272901 -0.849360
-1.225841 -0.094085 0.833820
-1.180387 -0.090488 -0.963558
-1.184819 0.093100 0.755410
-1.116777 0.149307 -0.850848
-1.098915 0.317089 0.551701
-0.934228 0.390435 -0.878253
-0.865304 0.478503 0.461699
-0.840018 0.545589 -0.604062
-0.759838 0.633664 0.173288
-0.583664 0.658581 -0.606955
-0.526803 0.730885 0.088135
-0.505161 0.727072 -0.406627
-0.502346 0.817458 -0.116724
-0.435783 0.824121 -0.384024
-0.426769 0.870582 -0.174515
-0.314106 0.882059 -0.158460
-0.197580 0.876464 0.010381
-0.096899 -0.737125 0.080429
-0.130979 -0.697006 0.288512
-0.097819 -0.729267 -0.238562
-0.109951 -0.638763 0.531443
-0.209588 -0.621455 -0.257937
-0.301241 -0.541030 0.611591
-0.301460 -0.590510 -0.649914
-0.377982 -0.449410 1.001624
-0.532526 -0.474066 -0.639906
-0.646900 -0.359087 0.838019
-0.760879 -0.434308 -0.779877
-0.835255 -0.285376 0.993274
-1.002353 -0.340457 -0.728372
-1.043831 -0.184205 0.840931
-1.104299 -0.227581 -0.919443
-1.094525 -0.054154 0.959035
-1.139567 -0.031910 -0.826362
-1.106258 0.136232 0.785360
-1.093400 0.163136 -1.016644
-1.057149 0.320709 0.729293
-0.994794 0.414068 -0.759059
-0.830789 0.513685 0.511222
-0.693167 0.567029 -0.897140
-0.642307 0.640691 0.494743
-0.617980 0.684864 -0.619239
-0.517232 0.769158 0.083703
-0.458590 0.818657 -0.835347
-0.401348 0.848192 -0.061571
-0.417799 0.895669 -0.423867
-0.360064 0.846883 -0.245093
-0.321656 0.844503 -0.431101
-0.185699 0.843205 -0.289603
-0.134293 -0.678933 -0.108655
-0.110548 -0.690624 0.195375
-0.044665 -0.742204 -0.050652
-0.015697 -0.661267 0.351999
-0.077241 -0.699637 -0.423836
-0.136107 -0.539145 0.800210
-0.277067 -0.575263 -0.429314
-0.297271 -0.434566 0.714104
-0.288795 -0.578644 -0.871960
-0.414969 -0.358285 1.134682
-0.528668 -0.488863 -0.804861
-0.687884 -0.297251 0.896661
-0.703542 -0.399602 -1.113570
-0.764288 -0.174591 1.076790
-0.771435 -0.275168 -0.893699
-0.884131 -0.101670 0.903144
-0.835683 -0.140058 -1.224159
-0.832015 0.075751 1.019966
-0.792735 0.020244 -1.092645
-0.768540 0.241306 0.842236
-0.649047 0.315164 -1.296766
-0.502985 0.452929 0.845197
-0.481015 0.435083 -0.993635
-0.381842 0.569889 0.548452
-0.285583 0.667402 -1.071400
-0.224187 0.739326 0.344476
-0.302570 0.711985 -0.596468
-0.262847 0.801573 0.099118
-0.229579 0.842304 -0.587269
-0.222613 0.839767 -0.105136
-0.127405 0.849278 -0.321024
-0.037398 0.847032 -0.119639
0.021024 -0.739640 0.109919
0.007010 -0.709727 0.283258
0.071502 -0.722081 -0.141047
0.086747 -0.642618 0.488194
0.010961 -0.636579 -0.175173
-0.072039 -0.551308 0.535330
-0.114343 -0.585092 -0.463139
-0.193433 -0.430396 0.868330
-0.313639 -0.468373 -0.517449
-0.413565 -0.334476 0.811647
-0.495483 -0.390773 -0.685317
-0.589839 -0.207800 0.976879
-0.721325 -0.273597 -0.647388
-0.749218 -0.130524 0.788290
-0.792537 -0.195291 -0.799225
-0.876740 -0.004315 0.831943
-0.940347 -0.031503 -0.752549
-0.890038 0.119998 0.788586
-0.881477 0.119260 -0.889436
-0.842655 0.303513 0.573347
-0.715979 0.355632 -0.613147
-0.586914 0.484253 0.590350
-0.425937 0.505424 -0.725423
-0.388124 0.626713 0.383208
-0.290197 0.639843 -0.572811
-0.247636 0.752040 0.503081
-0.262078 0.732522 -0.692786
-0.245004 0.800550 0.132667
-0.197317 0.791480 -0.595492
-0.169171 0.834849 -0.086899
-0.059312 0.855738 -0.336328
0.003564 0.861844 -0.184715
0.035767 -0.695679 -0.059271
0.089365 -0.680839 0.168951
0.194345 -0.731458 0.043612
0.233027 -0.658831 0.276846
0.186039 -0.688323 -0.246529
0.112712 -0.569338 0.635534
0.006869 -0.579484 -0.296292
-0.052835 -0.419366 0.647905
-0.047935 -0.547076 -0.641977
-0.129598 -0.350235 1.026909
-0.198041 -0.459821 -0.714922
-0.362665 -0.244443 0.964215
-0.424504 -0.385768 -0.980692
-0.529739 -0.185284 1.105571
-0.564906 -0.296576 -0.909890
-0.633847 -0.100977 0.919667
-0.642502 -0.176345 -1.092877
-0.702464 0.042361 0.997819
-0.629859 0.010751 -1.012891
-0.590676 0.239459 0.747519
-0.435899 0.246246 -1.042803
-0.341139 0.401178 0.725172
-0.296177 0.413410 -0.886040
-0.211283 0.599399 0.442835
-0.128663 0.588898 -0.728025
-0.080157 0.688023 0.294372
-0.091500 0.686126 -0.551202
-0.001463 0.773206 0.087142
0.002727 0.788839 -0.569416
0.041644 0.807194 -0.046886
0.061597 0.820785 -0.278307
0.117233 0.824037 -0.033934
0.168414 -0.728200 0.142405
0.195387 -0.694338 0.338395
0.255802 -0.713849 -0.120454
0.279018 -0.635523 0.497654
0.266157 -0.612534 -0.184554
0.205387 -0.529342 0.597054
0.237242 -0.551544 -0.463494
0.199296 -0.422831 0.834863
0.118699 -0.434867 -0.560708
0.004764 -0.319329 0.847086
-0.052002 -0.370837 -0.812551
-0.110915 -0.214255 1.061874
-0.229949 -0.284323 -0.869309
-0.337494 -0.117835 1.008906
-0.426443 -0.227735 -1.162009
-0.471273 -0.036353 1.084458
-0.533319 -0.059839 -1.021209
-0.544651 0.117598 0.901658
-0.536161 0.110900 -1.239140
-0.492922 0.309292 0.926399
-0.425154 0.345166 -0.900587
-0.315127 0.465153 0.725105
-0.130660 0.483552 -0.952300
-0.067549 0.597261 0.702570
-0.054734 0.603708 -0.763676
0.008454 0.680327 0.428941
0.010413 0.712889 -0.900953
0.059702 0.735548 0.192614
0.091579 0.741491 -0.496320
0.184070 0.735473 0.144453
0.311229 0.770315 -0.457565
0.254818 0.813592 -0.207317
0.250206 -0.676231 -0.021467
0.312428 -0.674296 0.294345
0.379286 -0.731353 0.040002
0.407418 -0.640519 0.396260
0.474813 -0.647474 -0.329180
0.438905 -0.536363 0.719396
0.450860 -0.550351 -0.310926
0.408800 -0.401223 0.650264
0.405597 -0.487416 -0.697193
0.323494 -0.314856 1.037031
0.344942 -0.392387 -0.691299
0.185720 -0.213832 0.974058
0.127764 -0.324362 -1.160738
-0.020968 -0.092951 1.339334
0.029666 -0.244155 -1.075553
-0.124246 -0.015726 1.130886
-0.203797 -0.122373 -1.485710
-0.287743 0.119856 1.308955
-0.217348 0.038973 -1.195545
-0.198072 0.262397 0.966563
-0.031403 0.279291 -1.476529
0.006590 0.444933 0.969513
0.132782 0.417914 -1.011890
0.183539 0.549260 0.561614
0.236284 0.589896 -0.994635
0.208855 0.673536 0.421013
0.207953 0.647381 -0.679441
0.236014 0.708034 0.247263
0.224921 0.752930 -0.644965
0.214657 0.787828 0.027949
0.288782 0.849240 -0.380218
0.317476 0.884435 -0.014400
0.312260 -0.702366 0.181552
0.352526 -0.665276 0.386514
0.423847 -0.700213 -0.005257
0.448005 -0.614429 0.517070
0.494031 -0.621011 -0.082963
0.518915 -0.502098 0.572864
0.573605 -0.532339 -0.332550
0.601626 -0.397237 0.805540
0.626645 -0.462381 -0.446266
0.583056 -0.290024 0.787035
0.615831 -0.370187 -0.745722
0.487544 -0.177727 1.013625
0.433998 -0.257703 -0.882094
0.333772 -0.066079 1.028416
0.324141 -0.173892 -1.142986
0.192840 0.008593 1.027430
0.093153 -0.034747 -1.018090
-0.009696 0.137852 0.983174
0.026065 0.117381 -1.079637
0.013105 0.285662 0.807458
0.165347 0.273696 -0.818680
0.152937 0.412503 0.779977
0.282356 0.388430 -0.759601
0.344074 0.495026 0.571155
0.429672 0.460398 -0.790889
0.373630 0.586215 0.603848
0.397723 0.571124 -0.774207
0.376085 0.683506 0.353092
0.462831 0.693348 -0.627948
0.499014 0.760329 0.088383
0.586116 0.826478 -0.378692
0.481669 0.850721 -0.117816
0.409846 -0.666254 0.065810
0.532894 -0.646912 0.292679
0.590778 -0.714799 0.165413
0.597073 -0.645892 0.333534
0.628558 -0.643887 -0.033760
0.676828 -0.537274 0.621657
0.750783 -0.545583 -0.159886
0.784770 -0.416879 0.634319
0.801315 -0.498168 -0.411537
0.738912 -0.313372 0.928841
0.882127 -0.417620 -0.497066
0.879881 -0.206761 0.875792
0.904489 -0.315895 -0.820583
0.768460 -0.069679 1.092865
0.828792 -0.190325 -0.850296
0.794371 0.011006 0.913117
0.721132 -0.058686 -0.999099
0.477983 0.116846 0.981444
0.463561 0.064535 -1.040053
0.492923 0.232161 0.772229
0.586703 0.232648 -0.886035
0.551338 0.360392 0.704636
0.588576 0.365166 -0.879166
0.652174 0.485122 0.511102
0.680480 0.492121 -0.746166
0.608106 0.612209 0.478452
0.586429 0.579581 -0.796841
0.612447 0.711985 0.300989
0.586604 0.655071 -0.688678
0.558692 0.816666 0.105768
0.531797 0.817464 -0.284894
0.495207 0.897543 -0.028887
0.495682 -0.685834 0.164559
0.570210 -0.668234 0.423201
0.636628 -0.656275 -0.013976
0.697683 -0.599764 0.454405
0.770802 -0.553609 0.010524
0.785873 -0.495512 0.474932
0.814338 -0.484327 -0.254257
0.937989 -0.364393 0.564190
0.980609 -0.426564 -0.191418
0.938662 -0.316537 0.654562
0.988795 -0.378896 -0.474940
1.051941 -0.176500 0.628201
1.119761 -0.266711 -0.379880
0.989701 -0.123328 0.745445
1.078686 -0.192554 -0.677796
1.161524 -0.005955 0.646687
1.201590 -0.049966 -0.552632
0.940077 0.051472 0.700001
0.934774 0.026927 -0.789201
1.007471 0.165653 0.548641
1.038069 0.124411 -0.558537
0.888708 0.256127 0.531433
0.865717 0.235669 -0.757116
0.923485 0.378618 0.524423
0.867322 0.339903 -0.582177
0.781970 0.494631 0.387007
0.754558 0.467811 -0.812532
0.748466 0.653094 0.317286
0.711112 0.632810 -0.454440
0.760036 0.743987 0.063448
0.882801 0.812599 -0.437717
0.713596 0.877420 -0.160969
0.580740 -0.627367 0.087485
0.672189 -0.626806 0.360132
0.788484 -0.671205 0.116794
0.770649 -0.601105 0.357141
0.819187 -0.555852 -0.090961
0.853488 -0.504189 0.532484
0.996167 -0.502379 -0.007823
1.020488 -0.421175 0.498586
1.034393 -0.429034 -0.272790
1.000588 -0.322736 0.733366
1.196112 -0.382476 -0.121265
1.195150 -0.245983 0.531714
1.255986 -0.257378 -0.352383
1.209141 -0.118043 0.756807
1.438194 -0.220534 -0.220312
1.436203 -0.069527 0.470587
1.365703 -0.103930 -0.534467
1.252713 0.034058 0.638062
1.364112 -0.051073 -0.360020
1.297047 0.094521 0.398766
1.193140 0.091738 -0.578995
1.085696 0.228442 0.549996
1.150991 0.194929 -0.410967
1.150513 0.341297 0.328333
1.053448 0.373429 -0.598986
0.970345 0.544789 0.305801
0.964091 0.511563 -0.380239
0.906923 0.650316 0.116524
0.817241 0.669385 -0.436133
0.683256 0.734687 0.020101
0.733413 0.810946 -0.255854
0.682345 0.891549 -0.083026
0.640429 -0.645344 0.105696
0.822703 -0.607082 0.322549
0.865098 -0.606552 0.031877
0.946637 -0.520766 0.325438
1.008832 -0.481583 0.034854
1.131766 -0.424031 0.231950
1.132646 -0.367936 0.031584
1.220529 -0.293015 0.405500
1.268056 -0.312235 -0.098149
1.370608 -0.226511 0.224129
1.373728 -0.215871 -0.065824
1.461588 -0.097268 0.414909
1.568722 -0.104039 -0.248890
1.674552 -0.021359 0.154731
1.667023 -0.040698 -0.133297
1.670966 0.053492 0.326263
1.671465 0.017392 -0.310873
1.662517 0.083538 0.055847
1.558646 0.101183 -0.194031
1.511629 0.199116 0.287523
1.475901 0.159926 -0.384144
1.460242 0.248454 0.078154
1.381583 0.267165 -0.190079
1.317743 0.387142 0.248074
1.267377 0.370231 -0.404146
1.227424 0.496507 0.180386
1.154096 0.535449 -0.280503
1.056567 0.675326 0.093451
0.996018 0.689181 -0.458827
1.022631 0.772312 -0.208527
0.952685 0.859521 -0.242510
0.792834 0.842071 -0.195492
0.702495 -0.631886 0.144605
0.831358 -0.627860 0.301071
0.945387 -0.621249 0.238889
1.002540 -0.538150 0.193205
1.058614 -0.496208 0.221538
1.095930 -0.468455 0.419648
1.250219 -0.438703 0.141475
1.329638 -0.368292 0.334213
1.363885 -0.329473 0.169808
1.350555 -0.303235 0.474956
1.485838 -0.276034 -0.028103
1.559262 -0.218250 0.297003
1.582274 -0.170528 0.102120
1.580447 -0.154189 0.476008
1.724899 -0.167612 -0.079921
1.755522 -0.120697 0.238183
1.690979 -0.078512 0.092538
1.580780 -0.037568 0.399829
1.605899 -0.038303 -0.151117
1.572011 0.029194 0.223405
1.492732 0.088304 0.015610
1.382627 0.150801 0.397371
1.418521 0.154153 -0.171089
1.371439 0.251036 0.244887
1.309577 0.334555 -0.066381
1.153704 0.463683 0.273355
1.175614 0.499902 -0.248780
1.070497 0.613796 0.025940
1.016071 0.678220 -0.151230
0.884048 0.753306 -0.153768
0.908804 0.811439 -0.066779
0.729115 0.879573 0.064319
0.651828 -0.656652 0.125055
0.890493 -0.612623 0.218192
0.971330 -0.528967 -0.126412
1.059362 -0.443629 0.276197
1.097925 -0.414112 0.073109
1.187060 -0.348474 0.271275
1.162836 -0.330917 -0.046849
1.276789 -0.258581 0.308826
1.328637 -0.243829 0.027162
1.439915 -0.209368 0.227576
1.406952 -0.200029 -0.144575
1.502697 -0.103336 0.242214
1.554297 -0.087706 -0.042476
1.667429 -0.075645 0.116660
1.608897 -0.087051 -0.191634
1.648965 -0.008002 0.161127
1.632835 -0.009554 -0.073705
1.708153 0.007651 -0.024616
1.594500 0.024311 -0.268316
1.591283 0.124937 0.123257
1.544908 0.119015 -0.121962
1.583027 0.165466 0.036137
1.465866 0.162852 -0.295246
1.457484 0.298450 0.145638
1.405278 0.316436 -0.140298
1.440603 0.457585 0.011027
1.300494 0.471198 -0.330591
1.243954 0.644985 -0.039861
1.140990 0.682059 -0.244146
1.134933 0.715199 -0.274964
0.975908 0.804664 -0.470355
0.766839 0.794864 -0.447864
0.711242 -0.544774 0.151020
0.737799 -0.537507 0.485923
0.927863 -0.485649 0.262090
0.919121 -0.401776 0.451339
1.015297 -0.348127 0.177937
1.018769 -0.291600 0.483364
1.166695 -0.246438 0.227214
1.167161 -0.213378 0.400415
1.261588 -0.160107 0.171475
1.231210 -0.140125 0.458764
1.375849 -0.103960 0.196544
1.382395 -0.074555 0.279608
1.441892 -0.008297 0.075761
1.392004 -0.006055 0.378725
1.522783 0.008467 0.143259
1.497222 0.011479 0.207672
1.511337 0.085558 0.050874
1.390620 0.081032 0.356589
1.486905 0.102744 0.090975
1.425346 0.133700 0.158883
1.424238 0.212766 -0.011068
1.297642 0.216838 0.331789
1.377203 0.229821 0.027441
1.300777 0.292456 0.147360
1.265386 0.400340 -0.055280
1.104134 0.474485 0.252037
1.179788 0.534721 -0.045859
1.105118 0.649964 0.013142
1.064865 0.755386 -0.161433
0.952688 0.860193 -0.066728
0.921509 0.862861 -0.345117
0.730268 0.863426 -0.129950
