0.860835 -0.591869 -0.111204
0.817452 -0.503464 0.115701
0.870379 -0.451321 0.354277
0.487266 0.507888 -0.374084
0.798874 -0.666992 0.172160
1.021214 0.704610 -0.181181
0.582143 -0.396974 0.249323
0.577669 0.586961 0.061070
1.131714 0.610602 -0.112918
0.550980 0.614414 -0.053835
0.382169 0.340621 0.286350
0.769946 0.317345 -0.000400
0.309996 0.247656 0.440474
0.663855 0.099467 0.433242
0.319908 0.439800 0.264891
1.056976 -0.736563 0.160574
0.569816 -0.481859 -0.044230
0.951151 -0.739280 0.152875
0.300658 0.493196 -0.270234
0.139282 0.385591 -0.447434
0.973048 -0.671792 -0.057248
1.039610 0.711796 -0.025538
0.991078 0.383464 -0.414047
0.142114 0.178390 -0.331819
0.278784 -0.013558 0.344629
0.805732 -0.062183 0.156724
0.331001 0.541968 -0.190672
1.083514 -0.800034 0.165435
-0.162160 0.210705 -0.134366
0.646557 -0.450606 0.087743
-0.115676 0.233194 -0.453208
0.557055 0.282495 -0.287472
0.892582 0.456241 -0.384972
0.728399 -0.296101 0.000168
0.851913 0.505546 -0.298848
0.979098 0.419246 -0.141735
1.063657 -0.593541 0.139617
0.666625 0.342886 -0.366021
0.876362 0.327173 0.308605
0.301304 0.485251 -0.491942
0.274240 0.350517 0.326895
0.673002 0.402041 0.231311
0.451926 -0.501527 0.229261
0.278344 -0.328303 -0.188245
0.143610 0.295128 -0.443396
0.466152 -0.615235 -0.082667
-0.110272 -0.379739 0.061923
1.014756 0.468965 0.335241
0.169993 0.348947 -0.392875
0.957749 -0.414659 0.231609
0.953610 -0.576170 0.406055
0.712173 0.340547 -0.017928
0.757070 0.425500 0.028008
0.184438 -0.195145 0.424176
0.227731 -0.377008 0.335267
1.056589 -0.600161 0.061350
0.940412 -0.453960 -0.034802
0.831185 0.543792 0.121763
-0.109657 0.408515 -0.324241
0.929530 0.565624 -0.192929
-0.002827 0.262891 -0.231497
0.363794 0.547256 -0.443609
0.024145 -0.533397 0.095703
0.395518 -0.662815 0.090011
0.198094 -0.535677 -0.088730
0.499363 -0.318719 -0.109590
0.154832 0.333592 0.190613
0.472674 -0.262230 0.361755
0.548762 0.532162 0.170994
0.082531 0.248398 0.306954
0.982366 0.527938 0.001185
0.770196 0.577745 -0.199022
0.071663 0.009816 0.264859
0.951835 -0.485333 0.233415
1.016579 0.596696 -0.457955
0.680113 -0.397898 0.132990
0.639823 0.227434 0.169907
0.591231 -0.567077 0.023330
0.570409 -0.485327 0.275273
0.739877 0.575993 -0.167110
0.558325 -0.635421 0.029097
-0.109326 -0.370525 0.146839
1.071260 0.329972 -0.269153
-0.154510 0.173144 0.015191
0.641152 -0.613286 -0.039317
0.239199 -0.289200 -0.265348
0.744184 -0.516092 -0.057137
0.761643 -0.567786 0.077919
0.126119 0.427912 -0.210656
0.797392 -0.287095 -0.016924
-0.317978 -0.335610 0.070940
0.867567 -0.538347 0.071055
0.508144 0.287190 0.439930
0.038016 0.208986 0.176326
0.836895 0.454933 0.100774
0.904843 0.259570 0.235466
0.223804 -0.622777 0.142663
0.581688 0.606656 -0.402096
0.757707 -0.421468 0.214386
0.134867 -0.253041 -0.147436
-0.039445 0.200701 0.095309
0.347946 0.527935 0.064753
0.694093 -0.498083 -0.079132
0.437679 -0.315363 0.314639
0.622569 0.014014 -0.227292
0.694280 0.554441 -0.408844
0.122356 0.410079 -0.070215
0.313052 0.481675 -0.314689
0.759581 0.269761 0.094235
0.529645 0.274654 -0.473181
0.022810 0.291756 -0.004739
0.579307 -0.427737 -0.098268
0.916198 -0.645169 0.232268
0.887473 0.336020 0.009576
0.858232 -0.526379 0.083064
-0.171271 -0.143287 -0.031740
0.305489 -0.523199 0.208962
0.671919 0.165034 -0.104704
0.900889 0.438455 -0.484057
0.011223 0.385416 -0.240713
0.902918 -0.541329 0.039432
0.679331 -0.666175 0.154088
0.364982 -0.483819 -0.236722
0.883877 0.354166 -0.084495
0.793066 0.157634 -0.108265
0.961114 0.528301 -0.050577
0.746041 0.343002 -0.335104
0.745648 0.536154 0.213256
0.845591 -0.645388 0.125833
-0.139458 0.216115 -0.151439
0.954050 0.358355 -0.223329
0.314363 -0.602175 -0.095815
0.100680 0.390094 -0.307741
1.008155 0.671362 0.171254
0.044458 -0.253370 -0.087615
0.756649 -0.475152 0.303364
0.878608 0.404514 -0.020087
0.254120 0.329616 0.195075
0.035801 -0.358569 -0.052528
0.571813 0.537439 -0.281299
0.760483 -0.425322 -0.202464
0.075556 0.341482 -0.268720
-0.022026 -0.253120 0.229385
0.336857 0.436175 -0.442609
0.634795 0.227954 0.240213
0.716695 -0.415182 -0.049186
-0.049925 0.091029 -0.316462
0.134771 -0.207989 0.260329
0.029174 0.282325 0.048934
0.674638 0.574730 -0.135025
0.807543 -0.592782 0.058654
0.969916 0.685096 -0.354612
0.708843 0.342082 -0.205977
0.414771 -0.077285 -0.263187
0.164242 -0.257047 -0.286998
0.498334 0.203613 0.269720
0.841711 0.327155 -0.011814
-0.085116 0.384530 -0.114933
1.025907 -0.746336 -0.013840
0.189130 0.011764 0.341400
-0.246278 -0.310577 -0.043548
0.784329 0.539054 -0.243421
0.910312 0.414575 -0.244817
0.775106 0.287767 0.160398
0.768368 0.444302 -0.410808
1.042375 0.565105 -0.355263
0.672795 -0.383615 0.190128
0.607588 0.389741 -0.294262
0.834370 0.355713 -0.184436
0.255666 -0.468624 -0.072688
0.988718 0.511858 0.012590
0.200224 0.184556 0.228238
0.298636 0.174053 0.358533
0.900774 0.618874 -0.069096
0.782360 0.302825 -0.263715
0.743397 0.525074 0.179933
1.002077 0.523618 -0.103749
0.746742 -0.398145 0.006725
0.302413 -0.582027 0.076962
0.864029 -0.447267 0.172656
1.015220 0.647232 -0.014099
0.456926 0.508139 -0.111457
0.895012 0.494422 -0.204896
1.021902 0.525770 -0.408102
0.532854 -0.434935 0.119253
0.748586 -0.500665 0.049010
1.070050 0.514466 -0.367373
-0.028148 0.326341 -0.231038
0.792712 -0.525047 0.133031
0.349254 0.293906 -0.462293
0.199842 0.439356 -0.554834
0.791455 0.429573 -0.161193
0.830448 -0.676888 -0.092225
0.492442 0.472271 -0.459582
-0.010892 0.108083 0.113504
0.876187 0.148318 -0.086968
0.850917 -0.659977 -0.079055
0.714251 -0.602242 0.102149
0.078820 -0.473550 0.049359
1.047093 0.531963 -0.430999
1.093725 0.531784 0.164315
0.530667 0.620502 -0.095452
0.988292 0.696841 0.025541
0.182155 0.194092 0.281677
0.971623 -0.760901 -0.057933
1.044486 0.639279 0.343306
0.053575 0.199012 -0.376023
0.909524 0.391549 0.103129
0.072365 -0.335081 0.273142
1.058419 -0.646767 0.002744
0.901933 0.649998 -0.198719
0.943102 0.568146 -0.113422
0.846055 0.518294 -0.286007
0.802018 0.498147 0.214188
-0.020840 0.188862 0.062932
0.143067 -0.490411 -0.115925
0.121833 0.440721 -0.339193
0.734863 0.373305 -0.271906
0.158149 0.214089 -0.444335
1.021370 0.646587 0.183998
0.085774 0.246112 -0.363237
0.173424 0.340544 0.096154
-0.214322 0.297113 -0.234502
0.257033 -0.519093 0.157519
-0.138890 -0.256059 0.105128
0.796522 -0.163900 0.075409
0.337609 -0.672172 -0.019339
-0.043412 -0.091469 -0.200754
0.995832 -0.640523 0.265579
0.530848 -0.617357 -0.057880
0.904451 0.556343 0.123976
0.696866 -0.280430 -0.131589
0.032613 -0.380014 0.098053
0.031759 0.127410 -0.280445
0.285867 -0.448121 -0.193009
0.725396 0.279102 -0.122296
0.152034 -0.576717 0.134061
0.530818 0.447817 0.020469
-0.093894 0.151880 -0.108674
-0.079375 0.352984 -0.208227
0.484133 0.404633 -0.417966
0.042793 -0.490209 0.211116
0.537998 -0.672489 0.087789
1.013377 0.656422 0.133555
-0.111600 -0.322997 -0.081568
0.624987 0.347769 0.273782
-0.104607 0.209108 -0.014070
0.779048 -0.399105 0.284519
0.030337 -0.442142 -0.157820
-0.126510 -0.367326 0.105470
0.059538 -0.417536 -0.133595
0.914560 -0.598177 -0.056765
0.173310 -0.521498 0.001183
0.268140 0.486534 0.040301
0.627581 0.567826 -0.327423
0.030752 -0.463182 0.219712
-0.015740 -0.288577 -0.056100
-0.031791 -0.192146 0.373234
-0.063846 -0.171205 -0.216901
-0.031575 -0.162227 0.431454
-0.114968 -0.194189 -0.078630
-0.119894 -0.167672 0.357114
-0.070773 -0.140037 -0.303579
-0.062404 -0.082798 0.407434
-0.101301 -0.170146 -0.222811
-0.027407 -0.172061 0.193265
0.070818 -0.256864 -0.542965
0.093466 -0.195632 0.340693
-0.047999 -0.355566 -0.399412
-0.100836 -0.304447 -0.014639
-0.075773 -0.436192 -0.714197
-0.113113 -0.334321 0.094906
-0.250009 -0.405147 -0.516201
-0.261043 -0.316074 -0.157883
-0.218266 -0.339156 -0.611160
-0.210577 -0.222626 0.095329
-0.283549 -0.227041 -0.393498
-0.249469 -0.163287 0.017812
-0.226677 -0.203727 -0.417533
-0.169262 -0.150334 0.190915
-0.253075 -0.196630 -0.218158
-0.258771 -0.212578 0.069216
-0.230453 -0.233846 -0.265702
-0.197215 -0.172803 0.236440
-0.243989 -0.141790 -0.151803
-0.257168 -0.011472 0.079039
-0.202409 0.043420 -0.102552
-0.074522 0.181731 0.057409
-0.185059 -0.226383 -0.009989
-0.189061 -0.167056 0.282635
-0.312556 -0.294785 0.215850
-0.275650 -0.321133 0.390658
-0.302283 -0.329301 0.019735
-0.332187 -0.277725 0.484398
-0.405798 -0.298001 0.143438
-0.369090 -0.196274 0.344843
-0.361078 -0.233309 -0.197228
-0.298404 -0.153333 0.339923
-0.339154 -0.337338 -0.109489
-0.169847 -0.305987 0.060635
-0.175125 -0.444068 -0.603951
-0.187715 -0.353377 0.139550
-0.351254 -0.531962 -0.430340
-0.358060 -0.481766 -0.260926
-0.364590 -0.599721 -0.683388
-0.344682 -0.486630 -0.139792
-0.393932 -0.567898 -0.548154
-0.311210 -0.426284 -0.294773
-0.182711 -0.466280 -0.646929
-0.158279 -0.350066 -0.027011
-0.296509 -0.459360 -0.330819
-0.327907 -0.389576 0.050253
-0.350116 -0.450288 -0.334768
-0.318705 -0.370015 0.144826
-0.371634 -0.434073 -0.104400
-0.374968 -0.313138 0.157452
-0.334375 -0.258589 -0.257381
-0.313138 -0.151151 0.076943
-0.310128 -0.128077 0.189256
-0.189229 0.001309 0.047780
-0.276239 -0.185389 0.155387
-0.339944 -0.175324 0.313309
-0.449754 -0.214934 0.112866
-0.441977 -0.192759 0.421239
-0.521899 -0.201049 0.122572
-0.473865 -0.139296 0.194226
-0.567736 -0.165707 -0.056035
-0.491821 -0.109304 0.183452
-0.574792 -0.195582 0.021188
-0.338740 -0.176246 -0.153804
-0.487975 -0.319967 -0.350284
-0.400195 -0.291487 -0.091686
-0.581294 -0.408851 -0.291453
-0.485482 -0.341048 -0.361630
-0.708620 -0.396785 -0.564011
-0.639662 -0.350836 -0.339855
-0.763838 -0.359349 -0.409514
-0.642759 -0.304579 -0.542658
-0.748463 -0.270751 -0.520828
-0.605005 -0.159534 -0.270463
-0.677858 -0.143001 -0.245000
-0.534166 -0.057395 -0.191204
-0.636691 -0.053230 -0.252661
-0.524325 -0.012793 -0.080560
-0.629107 -0.103986 -0.131460
-0.505873 -0.146495 -0.071395
-0.540011 -0.214120 -0.151824
-0.455482 -0.143822 0.021275
-0.492125 -0.074096 -0.007079
-0.416484 -0.019515 0.040382
-0.401712 0.001393 0.054629
-0.246021 0.112206 -0.058516
-0.199194 -0.233706 0.135218
-0.293275 -0.308233 0.346569
-0.377154 -0.424006 0.345078
-0.410959 -0.518042 0.471474
-0.462993 -0.527280 0.056218
-0.558704 -0.482881 0.529383
-0.700337 -0.524978 0.079662
-0.698524 -0.444770 0.219207
-0.715324 -0.488603 -0.247223
-0.813922 -0.411844 0.245343
-0.940671 -0.547756 -0.243816
-0.882772 -0.439794 -0.123965
-0.858549 -0.502217 -0.623302
-0.773662 -0.376462 -0.102063
-0.809112 -0.463283 -0.518941
-0.796804 -0.417654 -0.293670
-0.758471 -0.481007 -0.691787
-0.710355 -0.371899 -0.233717
-0.650398 -0.419673 -0.613732
-0.556135 -0.280091 -0.359383
-0.420804 -0.303333 -0.704958
-0.363019 -0.155146 -0.204344
-0.361203 -0.190661 -0.418353
-0.347713 -0.115472 -0.028722
-0.319586 -0.199266 -0.329397
-0.327284 -0.170736 0.102894
-0.326331 -0.242459 -0.178331
-0.365037 -0.154931 0.106228
-0.330186 -0.067104 -0.120979
-0.365385 0.004000 0.081985
-0.338630 0.001376 0.066026
-0.223882 0.047381 0.026909
-0.321790 -0.272904 0.264781
-0.362182 -0.257803 0.306664
-0.405116 -0.328182 0.316206
-0.456297 -0.348381 0.402291
-0.577207 -0.356961 0.256541
-0.602752 -0.343470 0.155121
-0.763715 -0.378513 0.039574
-0.833853 -0.377870 0.182356
-1.042093 -0.470065 -0.013111
-0.976138 -0.477926 -0.184250
-1.182922 -0.524859 -0.374367
-1.103257 -0.510329 -0.254587
-1.242346 -0.459555 -0.390974
-1.021200 -0.435681 -0.381857
-1.110753 -0.325992 -0.542567
-0.919680 -0.325848 -0.389818
-1.000331 -0.231082 -0.524207
-0.855507 -0.230452 -0.528207
-0.963534 -0.066818 -0.592426
-0.829493 -0.004656 -0.435068
-0.871662 0.173682 -0.301447
-0.732047 0.246417 -0.249694
-0.768501 0.391223 -0.275177
-0.575074 0.364476 -0.183904
-0.584121 0.354875 -0.167940
-0.507704 0.200026 -0.047572
-0.460798 0.152710 -0.149268
-0.361379 0.126463 0.015938
-0.304081 0.164303 -0.054551
-0.265754 0.132356 0.017601
-0.249084 0.161793 0.104948
-0.160729 0.124641 -0.049980
-0.340083 -0.376683 0.312932
-0.446110 -0.555568 0.680794
-0.487368 -0.779383 0.838245
-0.598040 -1.000557 0.896342
-0.596585 -0.983381 0.519933
-0.762865 -1.072694 1.000694
-0.893948 -1.013756 0.375861
-1.017148 -0.952912 0.390228
-1.071048 -0.974146 -0.073017
-1.173563 -0.818355 0.326966
-1.277154 -0.843151 -0.254201
-1.367115 -0.683506 -0.208571
-1.320968 -0.648292 -0.666442
-1.172421 -0.496321 -0.181425
-1.081387 -0.497168 -0.653429
-1.031603 -0.450439 -0.307302
-0.975636 -0.442319 -0.756224
-0.964638 -0.364763 -0.239136
-0.873634 -0.351107 -0.620133
-0.794855 -0.203337 -0.464457
-0.641528 -0.154352 -0.655301
-0.512381 -0.011946 -0.362083
-0.366263 -0.002347 -0.387372
-0.329815 0.107351 -0.186168
-0.294340 0.088691 -0.315517
-0.346253 0.099890 -0.057359
-0.354664 -0.014559 -0.197460
-0.341612 0.019315 0.023284
-0.299152 0.063082 -0.222820
-0.323497 0.166895 0.006415
-0.284671 0.111829 0.108290
-0.213198 0.123812 0.019922
-0.347541 -0.236783 0.364800
-0.390662 -0.305936 0.526357
-0.389281 -0.451113 0.398021
-0.461418 -0.587424 0.842079
-0.582360 -0.566663 0.251225
-0.693140 -0.586328 0.453292
-0.669832 -0.683001 -0.150217
-0.786133 -0.637122 0.593323
-0.959109 -0.699007 -0.268934
-1.043471 -0.642879 0.072191
-1.141374 -0.662007 -0.786103
-1.151190 -0.539430 -0.096158
-1.241621 -0.506637 -0.860838
-1.110610 -0.395232 -0.282815
-1.123350 -0.362851 -1.073845
-1.008319 -0.283061 -0.225482
-1.048205 -0.197830 -0.905885
-1.003212 -0.117552 -0.505135
-1.088038 -0.007974 -0.920495
-1.066625 0.146735 -0.402104
-1.123423 0.383313 -0.578266
-1.083557 0.629057 -0.415933
-1.117453 0.849695 -0.572497
-0.949682 0.839819 -0.354329
-0.888963 0.944888 -0.330189
-0.688303 0.791159 -0.327339
-0.630639 0.822421 -0.338337
-0.483409 0.718416 -0.131568
-0.383693 0.733631 -0.032108
-0.199013 0.419150 -0.043853
-0.201617 0.328484 0.093574
-0.191870 0.231322 -0.088931
-0.348183 -0.481153 0.549132
-0.446086 -0.820008 1.159120
-0.539244 -1.153638 1.107478
-0.535396 -1.355221 1.465340
-0.478096 -1.184661 0.481191
-0.586936 -1.293914 1.688376
-0.758776 -1.010329 0.320276
-0.808730 -1.017089 0.939784
-0.824797 -0.974859 -0.376109
-0.864163 -0.861587 0.953686
-0.992570 -0.781836 -0.693285
-1.055691 -0.698531 0.228965
-1.099754 -0.679139 -1.298144
-0.917687 -0.513383 0.247030
-0.903189 -0.585929 -1.171331
-0.870561 -0.463849 0.055413
-0.870259 -0.460855 -1.271170
-0.820257 -0.318859 0.101617
-0.834791 -0.365277 -0.925063
-0.807486 -0.214419 -0.214390
-0.789531 -0.133992 -0.892552
-0.670959 -0.044136 -0.409944
-0.572219 -0.007800 -0.512080
-0.495890 0.273167 -0.388837
-0.390297 0.292845 -0.472136
-0.340182 0.310971 -0.309970
-0.406440 0.178996 -0.151800
-0.364654 0.263180 -0.203853
-0.283929 0.293908 -0.278077
-0.233271 0.301808 -0.148129
-0.174630 0.208337 0.020725
-0.173474 0.184504 -0.017004
-0.314424 -0.250850 0.611581
-0.295211 -0.363224 0.687215
-0.333949 -0.610123 0.716924
-0.388205 -0.734793 0.975034
-0.454069 -0.647613 0.494390
-0.593912 -0.653536 0.539235
-0.534167 -0.703673 0.003465
-0.712354 -0.646190 0.674396
-0.811796 -0.600840 -0.222849
-0.897515 -0.536826 0.097086
-0.992980 -0.569348 -0.757575
-0.989534 -0.536427 -0.221984
-1.083558 -0.496977 -0.718660
-0.951445 -0.493818 -0.284356
-0.985270 -0.426959 -0.982135
-0.866085 -0.372655 -0.414417
-0.893980 -0.275891 -0.764099
-0.770145 -0.190225 -0.408843
-0.937833 -0.035963 -0.831147
-0.921329 0.172723 -0.565184
-0.885403 0.519287 -0.557226
-0.879924 0.870661 -0.270306
-1.082416 1.163512 -0.539586
-1.001610 1.223822 -0.387911
-0.868843 1.376451 -0.363978
-0.732732 1.308815 -0.122925
-0.718557 1.418475 -0.423936
-0.656594 1.348736 -0.225055
-0.490620 1.381468 -0.231193
-0.321933 1.158623 -0.025378
-0.285942 0.672126 -0.025937
-0.257178 0.451396 0.058342
-0.278611 -0.573875 0.662041
-0.328781 -0.963102 1.186438
-0.350822 -1.290892 1.400845
-0.387862 -1.562521 1.477955
-0.247509 -1.366295 0.864337
-0.382441 -1.486635 1.786143
-0.406243 -0.988221 0.677109
-0.555372 -1.144597 1.140395
-0.588844 -0.836973 -0.183715
-0.721134 -0.873450 0.980220
-0.777237 -0.597078 -0.500601
-0.853107 -0.624550 -0.003340
-0.805979 -0.613732 -0.990184
-0.736152 -0.557625 -0.041581
-0.712242 -0.523852 -0.804844
-0.696362 -0.514529 -0.177434
-0.641936 -0.526712 -1.001167
-0.542810 -0.561083 -0.139248
-0.546866 -0.500575 -0.661981
-0.565091 -0.430664 -0.272250
-0.561594 -0.149056 -0.727204
-0.449354 -0.186002 -0.387411
-0.401183 0.064896 -0.439890
-0.433773 0.196308 -0.461338
-0.381574 0.268431 -0.367866
-0.359335 0.389396 -0.442682
-0.387104 0.263757 -0.177634
-0.395741 0.338102 -0.372554
-0.352036 0.327570 -0.267187
-0.301099 0.304782 -0.403962
-0.238066 0.206912 -0.007674
-0.214375 0.209144 -0.141955
-0.315081 -0.134677 0.601373
-0.296261 -0.251758 0.634484
-0.295063 -0.427890 0.537732
-0.286265 -0.626808 1.074307
-0.298701 -0.514459 0.382222
-0.394117 -0.523644 0.627329
-0.351725 -0.492619 -0.124498
-0.573211 -0.446147 0.778450
-0.708524 -0.351440 -0.289014
-0.838146 -0.319247 0.231034
-0.810272 -0.306929 -0.874989
-0.729942 -0.379263 0.172584
-0.739354 -0.334135 -0.809372
-0.629222 -0.376482 0.030250
-0.611290 -0.328575 -1.067027
-0.484899 -0.303532 0.024709
-0.604386 -0.148501 -0.786363
-0.485923 -0.013906 -0.097297
-0.565274 0.169432 -1.013722
-0.500068 0.321485 -0.202391
-0.589315 0.619701 -0.615872
-0.640284 0.955283 -0.228512
-0.694507 1.204177 -0.680742
-0.660702 1.266704 0.002124
-0.703497 1.365602 -0.456737
-0.646413 1.437615 -0.124356
-0.511470 1.651314 -0.873944
-0.426775 1.620672 -0.146135
-0.306734 1.732640 -0.474381
-0.145952 1.474999 -0.142906
-0.091497 1.316649 -0.378859
-0.128280 0.906695 -0.300905
-0.184968 -0.454390 0.455294
-0.213507 -0.832996 1.169269
-0.256997 -1.168786 1.176346
-0.236632 -1.399518 1.541342
-0.147464 -1.259324 0.433711
-0.254510 -1.271806 1.783436
-0.335629 -0.628132 0.333142
-0.468015 -0.768067 1.107898
-0.511858 -0.473715 -0.437374
-0.592619 -0.502550 1.019090
-0.586476 -0.319832 -0.430930
-0.558118 -0.392700 0.295826
-0.412780 -0.331066 -1.101237
-0.234463 -0.305515 0.377278
-0.209410 -0.278976 -0.844887
-0.157253 -0.184699 0.134321
-0.268676 -0.073205 -1.173149
-0.122450 0.084126 0.270439
-0.088841 0.099330 -0.548402
-0.069103 0.169406 -0.059638
-0.139701 0.247165 -0.482329
-0.054761 0.312239 0.069306
-0.128165 0.345999 -0.172574
-0.099636 0.411710 -0.323278
-0.097612 0.492814 -0.360342
-0.008391 0.469411 -0.319371
-0.151732 0.435635 -0.163396
-0.156419 0.396661 -0.330412
-0.097503 0.447737 -0.305424
0.000651 0.292318 -0.301759
0.033901 0.258462 -0.179357
0.040446 0.301280 -0.266210
-0.375735 -0.068066 0.448678
-0.373185 -0.092716 0.516874
-0.353132 -0.317175 0.409215
-0.326825 -0.439160 0.520848
-0.373101 -0.377708 0.439072
-0.401324 -0.349440 0.304100
-0.387850 -0.362028 -0.070115
-0.573195 -0.327944 0.301654
-0.661584 -0.308316 0.021400
-0.740939 -0.307657 0.126721
-0.606736 -0.320807 -0.370473
-0.492799 -0.297482 0.176616
-0.370760 -0.288766 -0.378798
-0.248552 -0.215763 0.024536
-0.190726 -0.206294 -0.506159
-0.054403 -0.097029 0.108127
-0.055061 -0.039950 -0.241498
0.018993 0.132164 0.142149
-0.017878 0.187577 -0.153651
0.056171 0.346881 -0.124536
-0.035588 0.366190 -0.031172
-0.139101 0.545829 -0.016370
-0.218483 0.530326 -0.043795
-0.176370 0.696014 -0.061986
-0.152990 0.825157 -0.336202
-0.177244 1.221663 0.655517
-0.131125 1.305957 -0.711320
-0.075902 1.417510 0.531940
0.026718 1.628508 -0.868369
0.140748 1.465391 0.133816
0.159428 1.381832 -0.200887
0.153930 0.929216 0.088898
-0.289352 -0.301764 0.178389
-0.316837 -0.467955 0.582619
-0.326033 -0.783646 0.775887
-0.330453 -0.924753 0.871411
-0.256243 -0.763603 0.414641
-0.301891 -0.763111 0.900860
-0.364501 -0.409887 0.440959
-0.450390 -0.464282 0.450047
-0.384532 -0.393885 -0.026076
-0.323012 -0.374869 0.450668
-0.148939 -0.320291 -0.087832
0.033201 -0.323850 0.177852
0.131790 -0.286906 -0.423671
0.167021 -0.191293 0.309478
0.206461 -0.121968 -0.391503
0.153634 -0.052300 -0.026557
0.114282 0.060455 -0.415745
0.133373 0.099217 0.065483
0.148100 0.209714 -0.234836
0.178473 0.238703 -0.183977
0.182544 0.349695 0.036160
0.166366 0.383180 -0.234716
0.069657 0.406899 0.039944
0.133840 0.449355 -0.194222
0.120871 0.479882 -0.058964
0.222415 0.505200 -0.304598
0.189941 0.430439 -0.271806
0.186589 0.520936 0.017443
0.198170 0.479346 -0.251916
0.213610 0.352824 0.038489
0.285705 0.369130 0.059263
0.204004 0.331444 0.148971
-0.433032 -0.051413 0.172181
-0.502173 -0.037975 0.306339
-0.436479 -0.196549 0.170547
-0.382814 -0.290972 0.393292
-0.390519 -0.288109 0.142708
-0.390717 -0.330091 0.285186
-0.288942 -0.340023 -0.015546
-0.246555 -0.381965 0.353919
-0.134115 -0.349502 0.026406
-0.057756 -0.361711 0.250210
0.066586 -0.337673 -0.325941
0.230780 -0.246959 0.379519
0.265762 -0.158604 -0.311855
0.325435 -0.092728 0.146372
0.351047 -0.040778 -0.428169
0.422655 0.049100 0.265084
0.380222 0.054053 -0.183449
0.392397 0.117284 -0.027292
0.373417 0.344339 -0.069896
0.404488 0.388706 0.277013
0.312672 0.401311 -0.020806
0.316953 0.456171 0.053096
0.297186 0.449804 -0.106722
0.291712 0.855493 1.120611
0.346055 0.482146 -0.400855
0.295553 1.031632 1.479889
0.323769 0.481770 -0.834547
0.295637 1.158669 1.706041
0.276417 1.199975 -0.219831
0.336248 1.108052 1.521660
0.370981 0.606617 0.260246
0.291001 0.795587 0.529434
-0.278039 -0.166324 0.055821
-0.348918 -0.196216 0.188985
-0.321972 -0.385930 0.363497
-0.273920 -0.517400 0.405845
-0.176444 -0.501628 0.184621
-0.152716 -0.563925 0.527342
-0.120409 -0.434074 0.220596
-0.024064 -0.504428 0.341181
0.090544 -0.503206 -0.130497
0.223194 -0.419799 0.588014
0.397016 -0.387506 -0.198632
0.422975 -0.259359 0.394402
0.515043 -0.190008 -0.565153
0.446821 -0.044448 0.745538
0.530924 -0.008908 -0.400656
0.502495 0.074693 0.439885
0.542530 0.177443 -0.540244
0.567583 0.254553 0.824011
0.664702 0.259371 -0.317273
0.642316 0.357531 0.340658
0.623238 0.475691 -0.168469
0.581564 0.635360 1.020473
0.626778 0.531566 0.160498
0.589797 0.683828 0.730023
0.561056 0.529854 -0.150783
0.620677 0.856807 1.197753
0.639674 0.447821 0.058997
0.467864 0.744453 1.318910
0.456494 0.570355 0.309736
0.438013 0.658814 1.255545
0.472101 0.507961 0.463812
0.340626 0.502629 0.949145
-0.370443 -0.158122 0.096260
-0.451926 -0.192196 0.143412
-0.327254 -0.290777 0.136106
-0.203434 -0.394848 0.294562
-0.069042 -0.446431 0.058569
-0.009146 -0.538939 0.269933
0.145820 -0.528663 -0.010338
0.254771 -0.534416 0.376831
0.357801 -0.518083 -0.033080
0.485010 -0.422165 0.283616
0.598085 -0.339989 -0.195289
0.628002 -0.180604 0.347624
0.679260 -0.115007 -0.252172
0.646721 -0.014569 0.150428
0.634066 0.041272 -0.224310
0.622380 0.169041 0.356669
0.652413 0.203318 -0.184321
0.673807 0.326950 0.509224
0.710030 0.367611 0.003991
0.749159 0.568287 0.714418
0.768121 0.505705 0.067597
0.725744 0.875744 1.600663
0.740783 0.575974 0.009255
0.612462 1.152988 1.853340
0.665527 0.542498 -0.064463
0.577147 1.331026 3.296405
0.634232 0.504702 0.267099
0.496087 1.347320 2.625039
0.615164 0.752711 0.086133
0.554251 1.181118 2.080891
0.619103 0.598798 1.162809
0.487063 0.927857 1.335700
-0.270629 -0.213836 0.032785
-0.280537 -0.244346 0.075149
-0.138443 -0.396759 0.200995
0.054334 -0.509845 0.201718
0.225017 -0.597878 0.047674
0.326027 -0.613221 0.281969
0.447095 -0.612706 0.108610
0.515212 -0.613137 0.217770
0.565099 -0.602703 -0.005374
0.560786 -0.516476 0.434173
0.681911 -0.437805 -0.068371
0.657249 -0.271363 0.257436
0.722613 -0.173937 -0.073397
0.689533 -0.062009 0.361834
0.719473 -0.022627 -0.076636
0.723955 0.070269 0.205424
0.690484 0.129180 -0.027572
0.734713 0.283305 0.664834
0.800681 0.248199 0.004221
0.895258 0.396416 0.810919
0.893154 0.464909 0.226445
0.789755 0.659850 1.268423
0.883394 0.545331 0.405663
0.876887 0.791612 1.407354
0.869500 0.603547 0.659720
0.662652 0.876659 1.846823
0.814928 0.543995 0.264498
0.588573 0.779677 1.790712
0.732811 0.558893 0.550640
0.506894 0.755922 1.662836
0.615884 0.605954 1.091667
0.479602 0.585091 1.174400
-0.184968 -0.268967 0.013687
-0.197623 -0.315711 0.110410
0.017426 -0.423210 0.020193
0.303579 -0.506144 0.187188
0.482245 -0.583833 -0.002236
0.550361 -0.619368 0.160739
0.661714 -0.596165 -0.026421
0.745978 -0.580099 0.215467
0.743377 -0.554780 0.061714
0.739689 -0.481719 0.199718
0.749936 -0.364875 -0.099697
0.803942 -0.241696 0.190436
0.764766 -0.166674 -0.071613
0.708181 -0.081037 0.184454
0.678946 -0.001541 -0.216147
0.672366 0.205406 0.588403
0.762267 0.219054 -0.046305
0.824505 0.388080 0.606788
0.886244 0.376991 -0.180765
0.868194 0.637142 1.808821
1.011367 0.479141 0.192680
0.958909 0.837668 1.382218
0.975558 0.563176 -0.091062
0.813059 1.163617 3.051922
0.940100 0.705810 0.498578
0.784723 1.334756 2.338526
0.914082 0.695506 0.023618
0.795265 1.300581 2.746866
0.748332 0.691383 0.835115
0.723811 1.048539 1.760292
0.789097 0.600246 1.027445
0.657143 0.852304 1.220175
0.010616 -0.322759 -0.030424
0.115054 -0.370628 0.075730
0.328535 -0.526440 0.130221
0.588652 -0.599223 0.140211
0.778969 -0.677088 -0.033147
0.856420 -0.677551 0.290201
0.974787 -0.726285 0.047230
1.025785 -0.717420 0.179818
1.018964 -0.650491 -0.020603
0.960845 -0.574531 0.403499
0.953897 -0.524607 0.017026
0.921310 -0.410477 0.264605
0.857345 -0.359694 -0.098958
0.808872 -0.217787 0.466850
0.858590 -0.186453 -0.065286
0.876571 0.048421 0.418425
0.876409 0.098163 -0.187355
0.838578 0.400892 1.516125
1.008065 0.242447 0.024059
1.045335 0.452939 1.395677
1.051566 0.403075 -0.188473
0.968095 0.779855 2.420178
1.161246 0.472906 0.097044
1.068806 0.781649 1.987429
1.160921 0.563475 0.021670
0.910979 0.903358 2.388212
1.093987 0.518130 0.445025
0.890877 0.795308 2.003942
0.934199 0.601057 0.496967
0.662583 0.679265 1.716127
0.766945 0.489951 0.851598
0.650132 0.523650 1.065218
0.034421 -0.353662 0.020746
0.168909 -0.350050 0.065759
0.352018 -0.454296 -0.001397
0.647111 -0.501031 0.102912
0.795604 -0.588095 -0.038124
0.924794 -0.629111 0.038070
0.969854 -0.627095 0.064643
1.023472 -0.611449 0.191786
1.041607 -0.582497 0.035256
1.042101 -0.517375 0.061354
0.962590 -0.416126 0.003353
0.932413 -0.293435 0.216927
0.906696 -0.219845 -0.069300
0.869225 -0.020905 0.202148
0.809637 0.107359 0.030627
0.806340 0.320742 0.668637
0.903778 0.364783 0.162330
0.984819 0.499953 0.725099
1.074833 0.443487 0.363002
1.085512 0.567102 1.230625
1.249395 0.527679 0.236587
1.245806 0.731739 1.274220
1.311047 0.684814 0.717179
1.176339 0.921063 1.938630
1.215457 0.745673 0.452290
1.071691 1.056434 2.302622
1.229382 0.768630 0.944541
1.132128 1.129352 2.158068
1.081109 0.813915 0.358783
1.037471 0.925140 1.607065
0.980998 0.652366 1.055248
0.813056 0.764302 1.157715
0.255798 -0.418004 -0.061223
0.377828 -0.422138 0.039858
0.574380 -0.553123 0.077596
0.747976 -0.564721 -0.005651
0.859464 -0.709168 -0.008649
0.881357 -0.732561 0.090684
1.019786 -0.804742 0.042114
1.089673 -0.754732 0.041950
1.108319 -0.738635 0.057920
1.020300 -0.663237 0.240109
1.026866 -0.660531 0.090081
1.023693 -0.500289 0.112552
0.937264 -0.497319 0.087941
0.858494 -0.326841 0.246082
0.902029 -0.275233 0.124495
0.879896 0.123088 0.415307
0.947370 0.245197 0.375395
0.935549 0.331793 0.982300
1.088847 0.344793 0.445031
1.090729 0.343213 0.989422
1.162455 0.377182 0.767171
1.062441 0.419644 1.449612
1.173033 0.498524 0.754015
1.102348 0.564769 1.505170
1.153182 0.555325 1.176641
1.027617 0.592766 1.765196
1.143405 0.495751 0.812785
1.011630 0.513469 1.664194
1.064040 0.467869 1.056479
0.802531 0.478929 1.527346
0.867337 0.401985 1.064614
0.721177 0.448219 1.120491
0.029542 -0.363851 -0.053907
0.151686 -0.341600 0.022900
0.294000 -0.375833 -0.166961
0.519464 -0.459567 0.026317
0.616487 -0.595282 -0.013269
0.772438 -0.651009 -0.011408
0.800446 -0.674693 -0.076978
0.899753 -0.641228 0.093697
0.862355 -0.614988 -0.018441
0.931212 -0.555352 0.059325
0.848229 -0.516808 -0.090547
0.819851 -0.387782 0.150687
0.790056 -0.410103 -0.052766
0.813222 0.018276 0.317868
0.788513 0.196466 0.216685
0.794118 0.347435 0.603385
0.851956 0.392214 0.447244
0.941094 0.420822 0.612523
0.955950 0.380761 0.430949
1.005392 0.404136 0.921018
1.062094 0.387669 0.610284
1.187662 0.507338 0.931719
1.180412 0.475140 0.626644
1.176456 0.660884 1.310414
1.169062 0.521070 0.944851
1.274130 0.769173 1.350958
1.173054 0.571128 0.842959
1.208196 0.770438 1.413938
1.034114 0.499733 0.986925
1.159939 0.689885 1.191246
0.926037 0.443529 0.849758
0.797203 0.511819 0.759508
0.228367 -0.314923 -0.028555
0.225434 -0.283812 0.161705
0.412316 -0.316040 0.070243
0.465844 -0.322806 0.116243
0.488989 -0.412696 -0.041761
0.486666 -0.453224 0.051955
0.657416 -0.551391 0.016819
0.730401 -0.538087 0.056259
0.821955 -0.522408 -0.044369
0.753290 -0.467524 0.149480
0.791021 -0.446823 0.052654
0.736800 -0.379235 0.099570
0.743425 -0.360655 -0.012001
0.699870 -0.248101 0.251628
0.762149 -0.146903 0.141553
0.747763 0.260846 0.445729
0.801322 0.414868 0.410368
0.779528 0.383698 0.704741
0.882185 0.412109 0.590200
0.896017 0.344709 0.844674
0.998410 0.379727 0.568580
0.950682 0.374217 1.170654
1.081110 0.430275 0.863625
0.976902 0.420344 1.272095
1.090221 0.459747 0.838555
0.940651 0.473238 1.361715
1.078652 0.420541 1.013092
0.953359 0.440646 1.230678
0.950229 0.467135 0.883203
0.757821 0.436586 1.220133
0.746296 0.369896 0.956678
0.608358 0.401109 0.951980
