0.368815 0.186594 -0.006233
0.519343 0.094680 -0.044695
0.305239 0.443522 0.166942
0.348881 0.209648 0.052902
0.071443 -0.024364 -0.154585
0.396638 0.356217 0.316507
0.172167 0.110569 -0.114844
0.013282 0.289574 -0.201355
0.435591 0.283902 0.312653
0.292480 0.232485 0.275676
0.067745 0.324691 -0.064430
0.368683 0.126113 0.029022
-0.058007 0.516311 0.107828
0.557880 0.163435 -0.002519
-0.214866 0.397096 -0.065228
0.337323 0.210508 0.521766
0.048831 -0.022130 -0.007270
0.233063 0.150142 0.273836
0.373040 0.149960 0.096705
-0.311594 0.606309 -0.476188
0.445604 -0.123033 -0.173253
0.209692 0.516691 0.314567
0.590212 0.517724 -0.117097
-0.179296 0.188644 -0.340494
-0.058027 0.036040 0.024633
0.516057 0.172387 -0.207532
-0.094215 0.646755 0.077602
0.322039 0.035821 -0.195534
-0.357517 0.606210 -0.062061
0.285591 0.047710 -0.235124
-0.557831 0.512098 -0.537457
0.256146 0.076735 -0.050121
0.453546 0.209357 0.018601
0.282008 0.112249 -0.105722
0.468541 0.451422 -0.031979
0.533625 0.241540 0.256123
0.592669 0.120040 0.361412
0.146773 0.345763 -0.115296
0.511526 0.167449 0.052443
-0.164664 0.494285 -0.117839
0.197319 0.152971 -0.119582
0.312946 0.220117 -0.038908
-0.048605 0.050191 -0.024125
-0.184867 -0.007555 -0.303512
0.291444 0.102871 -0.175859
0.237818 0.148990 -0.119105
-0.282878 -0.415689 0.322137
0.602270 0.414101 0.109877
-0.072323 0.329392 -0.217032
0.524601 0.062236 -0.272182
0.073465 0.333956 0.348136
0.419932 0.348288 0.108489
0.276067 0.337478 -0.134160
-0.163103 0.078699 0.301628
-0.010192 0.112884 -0.051826
0.546035 0.005077 -0.347957
0.169965 0.214505 0.300050
0.355070 0.301318 0.066103
-0.563024 0.780795 -0.303304
0.500022 0.534279 0.116716
-0.510194 0.340237 -0.340174
-0.150309 0.799968 -0.219347
-0.186944 -0.070766 -0.045504
0.064024 0.120568 -0.100754
0.183536 0.133329 0.018128
0.020448 0.131604 -0.120040
0.079393 0.294384 0.118424
0.097056 0.029337 -0.063918
-0.288281 0.651609 0.050348
-0.250651 0.389152 0.301678
0.275276 0.374942 -0.183837
0.482204 0.198311 -0.301559
-0.251310 0.097019 0.166732
0.394824 0.146748 -0.147721
0.400005 0.270351 0.305782
0.311946 0.130697 -0.097259
0.266740 0.317311 -0.061223
0.333197 0.104825 -0.048836
0.111751 0.059838 -0.187665
0.266730 0.307991 0.113825
0.240866 0.203841 -0.004513
-0.238493 -0.023087 0.053639
0.411310 0.127081 0.371751
-0.572357 0.566330 0.122050
0.094954 0.002929 0.034237
-0.248530 0.278477 -0.298524
0.400511 -0.018543 0.005547
0.475671 -0.004162 -0.178275
-0.192716 0.648265 -0.009364
0.273051 0.347053 0.087497
-0.382351 -0.020058 0.132151
0.354998 0.047005 -0.193351
-0.122345 0.133164 0.083019
-0.003367 0.171132 0.150937
0.563539 0.369275 -0.124316
0.607884 0.263302 -0.008639
-0.024876 0.016054 0.212538
0.303738 0.204938 -0.100572
0.354651 0.350320 0.121428
-0.308119 0.028957 -0.355476
-0.132184 0.283324 0.216400
-0.003515 0.255600 0.238776
0.452727 0.126728 -0.079323
-0.150782 0.094049 -0.026076
0.054094 0.162007 -0.201810
0.088684 0.363708 0.165815
0.179905 0.517016 0.094741
0.016540 0.413083 0.189415
0.313213 0.164182 -0.325094
0.143942 0.215800 -0.154290
-0.372914 0.792129 0.182610
0.223087 -0.015100 0.002753
0.353449 -0.063168 -0.086789
0.391165 0.228078 0.044016
0.453479 -0.099294 0.036503
-0.504359 0.284008 -0.356525
-0.138328 -0.204478 -0.023091
0.463500 0.122689 -0.198627
0.439548 0.219642 -0.174962
-0.409603 0.704086 -0.218063
0.261207 0.063174 -0.136320
0.288741 0.192729 -0.012506
-0.093613 0.008414 -0.184609
0.548351 0.188695 0.217584
0.444707 -0.069544 -0.255229
0.529285 0.045789 0.129388
0.389814 0.133119 -0.177475
0.392506 0.268174 -0.105547
0.294076 0.115096 0.233785
-0.548814 0.234544 -0.358432
0.522850 0.087744 0.146272
-0.312758 -0.244492 -0.119766
-0.128424 0.483042 -0.054151
0.457101 0.519185 0.060440
-0.513559 0.121374 -0.428793
0.179546 0.125622 -0.285682
0.276084 0.292081 -0.027377
0.194904 0.282997 -0.059855
-0.459568 0.030681 -0.340204
-0.319708 0.773391 0.137758
0.491088 0.144825 -0.111906
-0.296038 0.508628 -0.270725
-0.323063 -0.177289 0.333051
0.046314 0.104884 -0.221289
0.333174 0.034754 -0.077141
0.357690 0.017508 -0.100556
-0.316562 0.155034 -0.384619
-0.119269 0.034468 0.032650
0.073628 0.494471 -0.005158
0.301394 0.155316 -0.218961
0.495735 -0.161761 -0.126343
0.402528 0.494588 0.142072
0.387517 -0.082559 -0.077662
-0.059578 0.189489 -0.590633
-0.273707 -0.081647 -0.664201
0.271815 0.137843 -0.103307
0.294867 0.236177 -0.271359
-0.190204 0.666876 -0.121327
0.031237 0.217405 0.544748
-0.212178 0.065402 0.050290
-0.599184 0.189014 -0.146994
0.256042 0.420150 0.172319
0.423419 0.180224 0.187275
0.286388 0.197585 -0.008989
0.488172 0.021737 0.022715
0.483525 0.346495 0.052974
0.408556 0.037450 0.050476
0.478579 -0.215562 0.037252
0.541491 0.341172 -0.143418
-0.144156 0.088501 -0.237044
0.464138 0.531418 -0.132853
-0.109266 0.368128 0.139699
-0.070998 0.061085 -0.131789
0.372312 0.230553 -0.067770
0.458405 0.045421 -0.229308
0.418693 0.147241 -0.031069
0.539634 0.212084 0.380357
0.526608 0.093796 0.035946
0.028622 0.030337 0.011241
0.359532 0.073122 -0.034317
0.424093 0.166460 0.306580
0.240995 0.165298 0.380865
0.343573 0.152440 0.316412
0.481302 0.208701 0.146935
0.150184 0.028610 -0.307121
0.433849 0.304900 -0.091043
0.164755 0.118340 0.510647
-0.552023 0.560463 -0.280502
0.413914 0.102714 -0.239402
-0.108498 0.247195 -0.266885
-0.394584 0.425174 -0.710173
0.500753 0.126149 -0.031929
0.426653 0.022277 0.043760
-0.104881 0.528629 -0.352780
-0.289638 0.166730 0.222189
0.470247 -0.047774 -0.179124
0.428057 -0.211494 -0.107519
0.358162 0.495800 -0.181669
-0.053597 -0.245642 0.060006
0.532511 0.143024 0.031606
0.624441 0.565631 -0.099027
-0.094556 0.352833 0.299792
0.512893 0.665408 -0.173551
0.088364 0.194369 0.148438
0.519925 -0.111391 0.187768
0.408249 0.493528 -0.058343
-0.502031 0.331183 -0.336933
0.493343 0.065075 0.077039
-0.102239 -0.166490 0.147907
0.333152 0.090162 0.195518
0.405218 0.201891 0.235706
0.486861 0.238779 0.008030
0.395004 0.271022 0.156470
0.444130 0.350016 -0.046524
-0.490088 0.525814 0.401047
-0.343933 -0.094361 -0.224493
0.382202 0.111107 -0.124631
0.404125 -0.009810 -0.107114
-0.352003 0.353591 -0.310777
0.449181 0.222513 0.406462
-0.334231 0.249126 -0.532618
-0.679869 0.499668 0.168862
-0.676382 0.633377 -0.257476
-0.295898 -0.078232 -0.008522
-0.354663 0.181940 0.206740
0.471298 0.102575 0.123822
-0.177104 -0.162653 -0.011441
-0.593298 0.319003 -0.541362
0.331755 0.112362 -0.264540
-0.034013 -0.090159 -0.014209
0.410486 0.304530 0.253695
0.484094 0.216160 -0.074380
-0.300421 -0.298432 0.151234
-0.207040 0.309429 -0.389773
-0.037020 0.133506 -0.097429
0.537459 0.329971 -0.355840
-0.271138 -0.362317 0.049673
0.211348 0.296704 -0.126659
-0.011058 0.284322 -0.213634
0.340461 0.475758 -0.097859
0.349311 -0.026362 -0.019658
-0.342966 -0.243789 0.081348
0.152431 0.146313 -0.113498
0.224254 0.385607 0.399883
-0.319218 -0.076743 -0.277426
-0.007399 0.177140 0.015349
-0.372114 0.371264 0.240758
0.405974 0.011646 -0.006409
0.414677 0.172030 -0.090687
-0.389731 -0.016173 -0.038170
-0.290332 -0.222812 -0.490204
0.432265 -0.022920 -0.028357
-0.289981 -0.316363 -0.133172
-0.467864 0.575345 0.044292
0.057807 0.294360 0.074716
-0.072629 -0.042859 -0.115720
0.225281 -0.193152 -0.024121
0.295975 -0.062822 0.309497
0.273617 -0.033956 -0.123674
0.270575 -0.008708 0.305403
0.211536 -0.020585 0.045384
0.218166 0.002296 0.332496
0.171744 -0.015935 0.011533
0.161275 0.032027 0.319288
0.102494 0.039318 0.117864
0.096688 0.108565 0.195422
0.042747 0.124042 0.013379
0.039112 0.190940 0.217363
-0.080452 0.218909 0.004754
-0.119912 0.262365 0.129756
-0.178491 0.284932 -0.173845
-0.202824 0.350517 0.343688
-0.236418 0.405620 0.033300
-0.230649 0.473553 0.371025
-0.191751 0.496619 -0.002276
-0.192846 0.547201 0.516724
-0.293968 0.556461 0.187131
-0.272637 0.518217 0.377358
-0.215480 0.467967 -0.011346
-0.196325 0.436978 0.522490
-0.267223 0.430308 0.202102
-0.205215 0.355915 0.446236
-0.109770 0.358076 0.101177
-0.066486 0.343915 0.652308
-0.075806 0.398576 0.321720
-0.012129 0.453356 0.453815
0.090524 0.524426 0.289154
0.123207 0.557304 0.347246
0.186364 -0.170917 -0.008394
0.267836 -0.069034 0.185383
0.148708 -0.133922 0.250832
0.179020 -0.118526 0.323508
0.073455 -0.078932 0.132080
0.112453 -0.101318 0.357412
0.039885 -0.013596 0.292156
0.049186 -0.039583 0.290034
-0.039031 0.077768 0.259621
0.013145 0.066780 0.296867
-0.089364 0.205614 0.214895
-0.133427 0.182883 0.260960
-0.256452 0.320134 0.202072
-0.288326 0.275476 0.345756
-0.330278 0.374085 0.227030
-0.323272 0.301082 0.408665
-0.261955 0.440275 0.093487
-0.244872 0.439125 0.625349
-0.161171 0.561898 0.366483
-0.149942 0.526739 0.530444
-0.099635 0.596201 0.192755
-0.175458 0.529249 0.641367
-0.187748 0.547601 0.472493
-0.190978 0.404426 0.567244
-0.088802 0.405840 0.192055
-0.027199 0.268733 0.707461
-0.003459 0.313048 0.467695
0.035288 0.241155 0.678048
0.037410 0.419954 0.204349
0.126362 0.306483 0.743930
0.168332 0.361494 0.693224
0.269962 0.392014 0.640197
0.024077 -0.135064 0.174371
0.003767 -0.067252 0.248186
-0.012351 -0.043433 0.096010
0.112988 -0.048660 0.341131
0.117205 -0.032479 0.239278
0.128344 -0.042053 0.264455
0.054805 0.023270 0.102695
0.071228 0.037398 0.311315
0.001855 0.118945 0.251371
-0.039032 0.123432 0.191769
-0.146797 0.239398 0.107125
-0.191982 0.276257 0.250998
-0.285888 0.406681 -0.000991
-0.290272 0.420279 0.174332
-0.351525 0.505938 -0.086249
-0.394741 0.497500 0.495453
-0.512635 0.618104 0.150005
-0.508956 0.654334 0.469913
-0.521025 0.734359 0.148629
-0.592475 0.733487 0.689323
-0.680638 0.797071 0.416943
-0.558809 0.756359 0.474913
-0.513006 0.756359 0.256459
-0.452803 0.667135 0.713610
-0.521427 0.669260 0.424316
-0.339060 0.600597 0.577257
-0.288760 0.614647 0.218213
-0.142128 0.527442 0.713724
-0.141358 0.495948 0.622443
0.010923 0.588513 0.679190
0.015921 0.503293 0.395060
0.089262 0.585090 0.322076
0.127275 -0.082874 0.045785
0.099948 -0.051569 0.210487
0.041640 -0.064341 0.262221
0.037480 -0.132610 0.241960
0.044029 -0.055297 0.134109
0.033801 -0.105770 0.429157
0.025610 0.020939 0.278593
-0.041458 -0.052334 0.287131
-0.076386 0.098645 0.130048
-0.130948 0.073035 0.403748
-0.193207 0.271565 0.181828
-0.249036 0.203809 0.310274
-0.288320 0.401757 -0.048586
-0.295826 0.320982 0.623415
-0.332429 0.509271 0.155452
-0.336251 0.374794 0.544736
-0.267151 0.588419 -0.053366
-0.311087 0.512400 0.812108
-0.353353 0.640359 0.283372
-0.396376 0.605389 0.707334
-0.271667 0.717269 0.154868
-0.357170 0.659138 0.831214
-0.410818 0.711745 0.444109
-0.444037 0.599900 0.699927
-0.241573 0.662368 0.167168
-0.252718 0.489373 0.923467
-0.167944 0.551518 0.420022
-0.168661 0.384649 0.872004
-0.027718 0.561571 0.119860
-0.019946 0.422919 0.871444
0.036716 0.486554 0.545552
0.080161 0.446306 0.656540
0.045969 -0.176232 0.192183
-0.031481 -0.134039 0.181929
-0.001999 -0.097333 0.187049
0.035979 -0.163255 0.239849
0.076324 -0.103713 0.213832
0.066619 -0.148913 0.233794
0.037619 -0.032886 0.236650
-0.023551 -0.024942 0.336049
-0.108913 0.108923 0.166694
-0.146830 0.108092 0.175291
-0.203783 0.208878 0.085916
-0.250551 0.265945 0.122027
-0.268981 0.405736 0.161703
-0.364495 0.415463 0.210018
-0.393097 0.489575 0.104190
-0.555476 0.551567 0.618226
-0.597243 0.679566 0.419699
-0.712446 0.732448 0.874538
-0.710212 0.854488 0.494021
-0.859014 0.845761 0.824965
-0.814091 0.975859 0.734324
-0.786070 0.971323 1.097063
-0.701035 1.035272 0.718356
-0.699312 0.988694 0.861950
-0.552130 1.010109 0.818529
-0.471257 0.898055 1.156558
-0.377507 0.890754 0.713696
-0.331695 0.765476 0.880695
-0.158022 0.747087 0.727768
-0.073452 0.668833 0.929138
-0.048005 0.514557 0.656394
-0.026138 0.593206 0.557853
0.166179 -0.087635 0.121927
0.091780 -0.091010 0.144839
0.050097 -0.104501 0.347971
0.013647 -0.202383 0.130763
0.048081 -0.147091 0.319805
0.069426 -0.208493 0.363189
0.031332 -0.093352 0.393374
-0.054611 -0.142414 0.292633
-0.162279 0.003799 0.254966
-0.182437 -0.017530 0.314828
-0.171364 0.191283 0.124185
-0.194940 0.107142 0.250484
-0.196563 0.248927 0.111654
-0.269398 0.215246 0.486510
-0.304888 0.405802 0.479272
-0.463822 0.313954 0.543228
-0.382657 0.488261 0.297039
-0.509386 0.462868 0.729703
-0.477577 0.629028 0.700113
-0.689224 0.633663 0.751579
-0.489930 0.743583 0.488895
-0.560564 0.753758 0.896678
-0.537898 0.819790 0.855947
-0.639878 0.747853 0.819384
-0.361534 0.785829 0.690207
-0.370469 0.671327 0.911855
-0.308422 0.657512 0.796435
-0.301630 0.488849 0.821369
-0.131716 0.530504 0.449841
-0.053891 0.415518 0.774313
0.044666 0.416470 0.575478
0.031859 0.411145 0.722616
0.093296 -0.159074 0.149997
-0.014456 -0.130915 0.084589
-0.058549 -0.134440 0.109403
-0.061551 -0.194802 0.415892
-0.080290 -0.130754 0.220868
-0.044685 -0.167528 0.269244
-0.071016 -0.071414 0.232189
-0.095808 -0.026191 0.421472
-0.206217 0.135120 0.043696
-0.222684 0.148790 0.045513
-0.255633 0.196136 -0.449388
-0.280673 0.191353 0.512254
-0.367505 0.318564 -0.152147
-0.426237 0.408922 0.388076
-0.433241 0.459253 -0.285628
-0.631194 0.443005 1.249288
-0.755616 0.423358 0.233690
-0.862889 0.804500 1.008126
-0.790043 0.877559 -0.186907
-0.956523 0.917696 1.717942
-0.966662 0.700895 0.623771
-0.980329 1.249202 1.215448
-0.810978 1.308439 0.089999
-0.861626 1.300603 1.901581
-0.793811 1.204168 0.826110
-0.676594 1.197271 1.424339
-0.530933 1.088647 0.367464
-0.516971 1.055963 1.659973
-0.436888 1.000577 1.027345
-0.290786 0.876446 1.112470
-0.211430 0.647821 0.622576
-0.152221 0.651801 0.573678
0.116134 -0.210176 0.064961
0.010693 -0.268128 0.298012
-0.055608 -0.411965 0.316818
-0.083584 -0.527368 0.395339
-0.084172 -0.509023 0.040614
-0.113933 -0.472712 0.729374
-0.121509 -0.261531 0.367821
-0.175464 -0.290003 0.415114
-0.210822 -0.105746 -0.166484
-0.213091 -0.055244 0.744615
-0.215921 0.099038 -0.318472
-0.243481 0.093526 0.496254
-0.177993 0.224864 -1.060135
-0.251933 0.339739 1.119747
-0.265882 0.324315 -0.233414
-0.457871 0.302112 1.058017
-0.457171 0.470960 -0.512534
-0.539260 0.634013 1.811701
-0.435876 0.520984 0.192273
-0.603865 0.668598 1.407199
-0.453337 0.853959 -0.226785
-0.506467 0.965086 1.783899
-0.449569 0.790801 0.537794
-0.592011 0.955922 1.310457
-0.254659 1.009768 0.102770
-0.354390 0.942686 1.484266
-0.299664 0.790403 0.632406
-0.418866 0.692134 1.056707
-0.212973 0.685892 0.291316
-0.253343 0.510933 0.890661
-0.057991 0.476679 0.469515
-0.015667 0.468578 0.635676
0.085751 -0.227065 0.260956
0.037122 -0.149268 0.133672
-0.038857 -0.321312 0.314296
-0.100917 -0.388147 0.356001
-0.070333 -0.338448 0.313490
-0.120552 -0.270461 0.320797
-0.061454 -0.187547 0.203622
-0.102127 -0.131211 0.375913
-0.118076 0.078589 0.107081
-0.178000 0.103949 0.081803
-0.222026 0.159916 -0.195034
-0.281569 0.181282 0.400532
-0.338676 0.315919 0.216313
-0.385664 0.365589 1.034793
-0.480191 0.451734 0.237013
-0.574233 0.508126 0.982285
-0.562949 0.607468 0.736219
-0.729722 0.770968 1.645271
-0.655155 0.904310 0.619741
-0.782320 1.018148 1.323733
-0.634428 1.098903 0.983307
-0.747857 1.263724 2.136567
-0.643787 1.470360 0.789050
-0.778682 1.373474 1.603388
-0.512180 1.258171 1.121188
-0.569235 1.282206 2.500723
-0.468132 1.212658 0.977462
-0.656097 1.184280 1.699009
-0.456771 1.158596 1.224249
-0.379417 1.051712 1.444715
-0.321905 0.806678 1.010012
-0.255147 0.821462 0.825456
0.141006 -0.442562 0.257855
0.045273 -0.579858 0.329944
-0.022354 -0.869701 0.544509
-0.052051 -0.999687 0.466609
-0.036560 -1.042433 0.321379
-0.047738 -1.096747 0.815979
-0.030898 -0.789314 0.320209
-0.079428 -0.664979 0.515266
-0.102373 -0.387216 0.056672
-0.127268 -0.266835 0.770521
-0.059547 0.054711 -0.186417
-0.101072 0.027813 0.199169
-0.076608 0.105179 -0.504506
-0.291973 0.100754 1.020056
-0.235143 0.318414 -0.048594
-0.471460 0.195429 0.651073
-0.331928 0.435784 0.125401
-0.589500 0.318180 1.481643
-0.401095 0.523107 0.486915
-0.588924 0.372042 0.945447
-0.345023 0.796274 0.377971
-0.651061 0.743207 1.453935
-0.516320 0.874960 0.758025
-0.657753 0.758114 0.975957
-0.295149 0.893140 0.583585
-0.444968 0.784919 1.306175
-0.331803 0.739367 0.517349
-0.432537 0.657928 0.946326
-0.239391 0.679590 0.582388
-0.241227 0.608282 0.645694
-0.063624 0.594050 0.676011
-0.075980 0.579156 0.593930
0.075975 -0.209272 0.260965
0.019691 -0.159900 0.185294
0.013214 -0.369137 0.074022
-0.017647 -0.470772 0.568365
0.000440 -0.424185 0.099590
-0.041345 -0.362290 0.430049
0.026001 -0.286761 -0.373793
-0.030178 -0.159896 0.897054
-0.044873 0.011768 -0.476997
-0.159959 0.110475 0.618593
-0.130713 0.135596 -1.331449
-0.144249 0.201447 1.768078
-0.133000 0.240808 -0.995917
-0.396486 0.360666 1.242366
-0.404449 0.420449 -1.534627
-0.557808 0.464539 2.556014
-0.417826 0.491835 -0.686556
-0.632285 0.651936 1.393836
-0.502389 0.938436 -1.201672
-0.679224 0.968047 2.936429
-0.563060 0.745623 -0.238010
-0.732518 1.130548 1.587629
-0.518671 1.361344 -0.972643
-0.625164 1.287659 2.712648
-0.415924 0.847238 0.242107
-0.527866 1.124364 1.671018
-0.300440 1.046558 -0.286688
-0.449571 1.144970 1.870843
-0.329422 1.141766 0.652187
-0.311519 1.045097 1.097530
-0.246765 0.944278 0.607983
-0.211431 0.867550 0.533009
0.092562 -0.493859 0.144170
0.050679 -0.672812 0.507585
-0.008023 -1.004149 0.336991
0.041252 -1.024583 0.733713
0.018251 -1.080780 -0.192194
0.025561 -0.918195 1.140088
0.038494 -0.612238 -0.097516
-0.005900 -0.565004 0.979994
0.006251 -0.434990 -1.086653
0.012130 -0.243571 1.743920
0.158148 0.030821 -1.009232
-0.038314 0.037051 1.430104
-0.046418 0.090935 -2.182530
-0.255482 0.237663 2.674411
-0.009615 0.212226 -1.270971
-0.406643 0.184773 2.016477
-0.227650 0.417652 -2.187899
-0.521020 0.642083 3.506197
-0.066976 0.699147 -0.621271
-0.470269 0.564106 2.323629
-0.242960 1.022329 -1.641350
-0.478280 1.097441 3.147050
-0.263372 0.963439 -0.015398
-0.519807 0.838847 1.857253
-0.216602 0.987112 -0.668445
-0.325383 0.959983 1.977808
-0.228827 0.785165 0.289304
-0.330852 0.741230 1.159908
-0.149760 0.859670 0.101117
-0.302368 0.766188 0.713022
-0.206185 0.816712 0.295740
-0.160641 0.747306 0.362251
-0.052121 -0.224479 0.267050
-0.066801 -0.165131 0.101749
-0.043275 -0.356617 0.213926
0.014546 -0.411909 0.176931
0.021474 -0.342187 0.251104
-0.025746 -0.270373 0.132184
-0.034640 -0.201147 -0.148444
-0.080579 -0.120744 0.357496
-0.138868 0.041216 -0.008328
-0.165128 0.044033 0.488341
-0.173299 0.114014 -0.463168
-0.238772 0.161296 0.893014
-0.311029 0.279680 -0.157932
-0.393664 0.237801 1.094639
-0.349199 0.267619 -0.707013
-0.519300 0.339030 1.450453
-0.456610 0.458442 0.068289
-0.540567 0.485268 1.709658
-0.273740 0.572214 -0.435334
-0.495857 0.742049 1.601700
-0.374315 0.834390 0.344473
-0.459774 0.897159 2.182426
-0.187189 0.882432 -0.190708
-0.399068 0.974318 1.525415
-0.271033 0.767995 0.255218
-0.353683 0.967965 2.401385
-0.158483 0.868035 0.140717
-0.294459 0.971944 1.592697
-0.187155 1.024282 -0.018868
-0.243053 0.994920 0.927699
-0.148616 1.046164 0.518003
-0.173221 0.917945 0.616400
0.095541 -0.395350 0.146277
0.071063 -0.543717 0.120249
0.062634 -0.732060 0.394054
0.131593 -0.815620 0.267564
0.116272 -0.849930 0.128845
0.093635 -0.771475 0.466736
0.044784 -0.437608 0.273424
-0.021130 -0.390680 0.277242
-0.029371 -0.218008 0.069878
-0.028608 -0.231971 0.685797
-0.016032 0.031466 0.291377
-0.059776 -0.024048 0.562168
-0.036546 0.108250 -0.207186
-0.196387 0.023683 1.336147
-0.184200 0.179637 0.253192
-0.382151 0.179187 0.969059
-0.161105 0.352503 -0.151105
-0.358273 0.209486 1.786827
-0.110184 0.465113 0.364015
-0.426256 0.401431 0.820242
-0.095794 0.680109 0.081946
-0.342226 0.521491 1.484681
-0.161265 0.709906 0.203894
-0.449662 0.570336 0.716838
-0.149546 0.696894 0.095436
-0.302289 0.609214 0.964630
-0.207937 0.594043 0.079687
-0.369405 0.599255 0.656316
-0.203067 0.728745 0.035330
-0.270872 0.693713 0.623732
-0.156085 0.786086 0.250953
-0.100990 0.741231 0.463497
-0.040876 -0.182500 0.103411
-0.053259 -0.201392 0.097210
0.011357 -0.275568 -0.064628
0.087810 -0.383033 0.242662
0.055159 -0.264799 0.008473
-0.001584 -0.270713 0.289325
-0.021571 -0.201878 -0.262085
-0.047525 -0.197007 0.408089
-0.136133 -0.032180 -0.114699
-0.161643 -0.090691 0.321397
-0.163433 0.066628 -0.473696
-0.139426 0.084940 0.810777
-0.171600 0.250799 -0.282122
-0.241132 0.176591 0.642974
-0.370005 0.245109 -0.718112
-0.312805 0.253260 1.315017
-0.335874 0.314259 -0.226738
-0.289622 0.299152 0.911727
-0.295158 0.472379 -0.778756
-0.289723 0.472593 1.756319
-0.186950 0.478744 -0.199887
-0.208371 0.533419 0.729087
-0.169539 0.675088 -0.673738
-0.179749 0.665259 1.770421
-0.012675 0.468245 -0.151923
-0.128040 0.683261 1.066674
-0.108775 0.850592 -0.822135
-0.205250 0.810929 1.097665
-0.116363 0.917579 0.070544
-0.109586 0.840892 0.833400
-0.003404 0.853313 0.038418
-0.049076 0.811549 0.267137
0.129276 -0.256570 -0.064670
0.105086 -0.316753 0.175513
0.112356 -0.410951 0.060802
0.164118 -0.487489 0.254147
0.131854 -0.469010 -0.221732
0.083311 -0.445221 0.418031
0.037769 -0.285298 -0.029767
-0.031536 -0.325534 0.327748
-0.063393 -0.175857 -0.415383
-0.073367 -0.211644 0.767367
-0.074352 -0.030311 -0.107390
-0.078655 -0.037951 0.577363
-0.086733 0.178791 -0.713434
-0.119958 0.200330 1.143397
-0.111648 0.279546 -0.289860
-0.169129 0.212941 0.706885
-0.162865 0.342222 -0.728974
-0.236858 0.357103 1.577111
-0.109824 0.375611 -0.051024
-0.175446 0.316719 0.950303
-0.049097 0.539509 -0.866274
-0.167343 0.605546 1.778586
0.025134 0.574690 -0.085784
-0.086868 0.411715 0.793847
-0.023404 0.564618 -0.564909
-0.127661 0.584689 0.942957
-0.077551 0.467221 -0.107989
-0.167601 0.518953 0.532799
-0.113151 0.649242 -0.190216
-0.181203 0.674680 0.325355
-0.090842 0.753212 -0.013226
-0.028600 0.730732 0.220055
-0.085522 -0.256419 0.041629
-0.087753 -0.259785 0.058531
-0.003537 -0.291345 0.012662
0.079856 -0.353091 0.139665
0.095686 -0.308652 0.018098
0.042709 -0.370195 0.126867
0.005991 -0.326635 -0.150225
-0.007022 -0.341078 0.312135
-0.050700 -0.237910 -0.024951
-0.059251 -0.219762 0.263218
0.016229 -0.083664 -0.226329
0.053091 0.022470 0.400285
0.144314 0.090176 -0.197548
0.135967 0.133749 0.416835
0.216881 0.158573 -0.234475
0.160134 0.227870 0.468586
0.206448 0.195290 -0.221570
0.094667 0.230862 0.604358
0.286650 0.210817 -0.389866
0.124710 0.291438 0.540903
0.102919 0.311086 -0.240185
0.008640 0.418851 0.996889
0.178912 0.395024 -0.427920
0.115029 0.466852 0.666233
0.112487 0.456414 -0.361917
0.068957 0.574002 1.116751
0.095112 0.577360 -0.566948
0.063424 0.707126 0.747230
0.082266 0.793634 -0.510650
0.075808 0.814291 0.340736
0.115753 0.823188 -0.086032
0.091450 0.808880 0.155856
-0.054768 -0.241450 -0.010785
-0.053618 -0.257479 -0.005066
0.040378 -0.315500 0.126583
0.125113 -0.354534 -0.038864
0.155952 -0.335285 -0.020287
0.129480 -0.331969 0.048632
0.119667 -0.302547 0.121533
0.106094 -0.345864 0.054624
0.125413 -0.313631 -0.023659
0.167202 -0.287415 0.248405
0.209602 -0.179776 0.008808
0.296273 -0.058229 0.170849
0.396610 0.009683 -0.143196
0.439634 0.095898 0.265836
0.559918 0.102702 -0.122881
0.542670 0.183828 0.115399
0.562383 0.180382 -0.193467
0.398296 0.231704 0.397811
0.479025 0.225722 -0.190255
0.396637 0.298530 0.240461
0.433654 0.281809 -0.360681
0.285384 0.369763 0.504463
0.336658 0.388418 -0.331881
0.219052 0.383953 0.348507
0.247381 0.373647 -0.406728
0.187558 0.399300 0.313420
0.160696 0.413486 -0.329807
0.075064 0.520930 0.287249
0.065623 0.511585 -0.402824
0.022269 0.675858 0.251081
0.044032 0.680223 0.065235
0.096712 0.688013 0.059803
-0.153876 -0.271938 -0.051726
-0.203742 -0.294039 0.030107
-0.097891 -0.304110 -0.186901
0.031285 -0.353915 0.163833
0.109813 -0.294271 -0.079580
0.107744 -0.356744 0.167031
0.125331 -0.290421 -0.097408
0.200501 -0.337745 0.196281
0.249085 -0.243577 -0.022441
0.300828 -0.257143 0.179878
0.429000 -0.149452 -0.098222
0.594268 -0.069944 0.171407
0.621981 0.029276 0.027318
0.602455 0.058996 0.184817
0.545545 0.121422 -0.055160
0.629393 0.163813 0.316357
0.618574 0.146001 0.011629
0.653928 0.159758 0.250557
0.572284 0.187753 -0.120920
0.636451 0.241682 0.373508
0.576608 0.239905 0.020180
0.503347 0.314621 0.314926
0.385146 0.301437 -0.346554
0.403704 0.324770 0.465996
0.381266 0.298690 -0.164953
0.335672 0.388686 0.325815
0.259892 0.441252 -0.610816
0.238900 0.536509 0.370861
0.190974 0.603955 -0.164902
0.256592 0.668811 0.247718
0.262546 0.661316 -0.220482
0.218912 0.702420 -0.033284
-0.051668 -0.239819 -0.133222
-0.085817 -0.259629 -0.003131
-0.015054 -0.309350 -0.012082
0.067713 -0.347345 0.051826
0.174642 -0.311541 -0.212134
0.208767 -0.321012 0.066158
0.310123 -0.288966 -0.043102
0.378316 -0.342395 0.053130
0.497659 -0.304080 -0.090901
0.576012 -0.302720 0.201440
0.660100 -0.214533 0.003712
0.762233 -0.176652 0.069489
0.773524 -0.063789 -0.062752
0.785937 -0.044497 0.261438
0.813568 -0.004120 0.076024
0.826074 0.023905 0.085946
0.751466 0.081063 -0.080269
0.742012 0.111375 0.308651
0.780627 0.099815 0.025724
0.749047 0.188010 0.109814
0.631603 0.230314 -0.094627
0.539171 0.298743 0.150824
0.566181 0.290276 0.135806
0.502344 0.292521 0.003441
0.384923 0.338786 -0.150364
0.314120 0.399337 0.125824
0.315625 0.372215 0.045477
0.248902 0.449251 -0.015369
0.184346 0.521428 -0.010644
0.127270 0.570658 -0.069363
0.110746 0.624669 0.122405
0.174437 0.607253 -0.099585
-0.183803 -0.317710 -0.112860
-0.236104 -0.295671 0.095100
-0.147108 -0.321686 -0.181202
-0.027774 -0.366795 0.122523
0.076042 -0.326206 -0.109631
0.119868 -0.378301 0.026826
0.254164 -0.286852 -0.064337
0.359451 -0.306384 0.078699
0.499892 -0.229854 -0.040530
0.620037 -0.243636 0.050740
0.693508 -0.141023 -0.000893
0.790895 -0.087809 0.170369
0.788892 0.022458 0.073063
0.795192 0.029789 0.100840
0.723940 0.116049 0.123614
0.790475 0.108257 0.268066
0.815628 0.159740 0.009314
0.845308 0.156934 0.160798
0.780164 0.232896 0.063303
0.834629 0.264442 0.198103
0.816427 0.287961 -0.024728
0.794125 0.268449 -0.001537
0.659396 0.328839 0.091406
0.656169 0.302282 0.086189
0.629714 0.318782 -0.043849
0.603711 0.288291 0.088196
0.493735 0.357707 -0.012986
0.488226 0.474319 0.092468
0.454775 0.578944 -0.260991
0.432595 0.584527 -0.065921
0.341037 0.619730 -0.031114
0.286086 0.593348 -0.089281
-0.022198 -0.336887 -0.140756
-0.090838 -0.297462 0.195904
0.009079 -0.369136 0.040719
0.082191 -0.353179 0.053150
0.207788 -0.346419 -0.195043
0.248541 -0.335114 0.112830
0.393222 -0.317841 -0.019021
0.489188 -0.271270 0.058661
0.633785 -0.247682 -0.104019
0.642825 -0.222540 0.105126
0.762918 -0.162013 0.018350
0.807981 -0.126895 0.085867
0.826606 -0.085161 0.130304
0.786766 -0.098859 0.241123
0.815912 -0.059165 0.215705
0.831288 -0.031931 0.163505
0.801125 0.032617 0.197264
0.781993 0.054048 0.303081
0.801917 0.080580 0.123289
0.807379 0.121221 0.115210
0.729996 0.164314 0.156869
0.671938 0.184759 0.173799
0.649159 0.195548 0.191670
0.605040 0.203102 -0.002130
0.574086 0.238389 0.101046
0.512245 0.254270 0.012194
0.446630 0.309171 0.081185
0.363513 0.390364 -0.062660
0.306764 0.483578 -0.036822
0.271710 0.540100 -0.077435
0.294949 0.564740 0.178093
0.213652 0.557963 0.113820
-0.219157 -0.319649 -0.003531
-0.236158 -0.296565 0.147084
-0.149865 -0.277771 -0.229989
-0.013408 -0.324182 0.190732
0.106811 -0.345555 -0.089930
0.149619 -0.339197 0.139325
0.289489 -0.285817 -0.103805
0.408998 -0.233301 0.091612
0.531546 -0.175303 -0.021492
0.644464 -0.142052 0.088955
0.652294 -0.067474 0.020150
0.716869 -0.024753 0.179351
0.704749 0.018091 0.082893
0.757911 0.013341 0.155213
0.722690 0.072504 -0.022673
0.765127 0.065108 0.298685
0.759895 0.085488 0.092984
0.813646 0.079691 0.162454
0.782892 0.145265 -0.082958
0.782867 0.164553 0.205907
0.755089 0.165928 0.012165
0.781289 0.157320 0.005275
0.703151 0.199417 -0.142327
0.712196 0.203584 0.104330
0.654555 0.181418 0.062284
0.713607 0.201891 -0.072820
0.599062 0.247004 -0.064426
0.618509 0.366696 -0.044728
0.504718 0.384778 0.032052
0.493865 0.438181 -0.050058
0.362733 0.417899 -0.152822
0.266385 0.489702 -0.276598
-0.056370 -0.203601 -0.021862
-0.111360 -0.138568 0.283373
-0.031832 -0.173648 0.105274
0.054024 -0.193448 0.266146
0.108071 -0.197240 -0.013011
0.198083 -0.175673 0.190697
0.297342 -0.165814 0.033343
0.403631 -0.100662 0.141402
0.502777 -0.058084 0.019033
0.535130 -0.017109 0.142924
0.632651 0.010258 0.122585
0.638588 0.060132 0.193061
0.716284 0.074506 0.153872
0.670199 0.067538 0.324343
0.730297 0.053322 0.247889
0.687059 0.092949 0.283368
0.740348 0.103184 0.170046
0.696631 0.132411 0.359372
0.739058 0.132438 0.215134
0.698566 0.167988 0.186911
0.716787 0.186872 0.054971
0.621851 0.222966 0.247730
0.629681 0.198692 0.128121
0.561615 0.226908 0.082768
0.576605 0.256699 -0.027255
0.508163 0.292042 0.109250
0.513382 0.302133 0.058630
0.431613 0.354120 -0.053613
0.420033 0.458438 0.013972
0.381823 0.499880 -0.022544
0.360218 0.553854 0.056459
0.326664 0.485226 -0.042601
