1.574109 0.016428 0.033188
0.966793 0.002638 -0.051325
1.008431 -0.037507 0.079582
0.008963 0.167096 -0.052705
0.382953 0.090371 0.071895
1.695109 0.026495 0.049748
0.402919 0.126402 0.132733
-0.081489 0.077194 -0.098124
1.962070 0.009442 0.145390
-0.015929 0.137601 0.146682
-0.214134 0.076352 0.180392
0.324896 0.136054 0.152498
0.180330 0.059969 0.004963
1.323984 -0.173633 0.081137
-0.065179 0.128230 -0.125165
2.042747 0.124450 0.141724
0.708464 0.043304 0.221499
1.321187 0.031911 0.154468
-0.314436 0.165781 -0.091899
-0.360894 0.015112 -0.192963
1.195921 -0.077384 0.009133
1.100734 0.070035 0.159946
1.219496 0.045014 -0.045248
-0.218696 0.128583 -0.110953
0.055983 0.012529 0.132684
1.491904 -0.062227 0.012392
-0.011505 0.218766 0.053986
1.244144 -0.083161 0.105080
-0.464585 0.097748 0.122649
0.643956 -0.014079 -0.111192
-0.543181 0.120358 -0.188876
0.165331 0.133387 0.022036
0.902991 0.074898 0.067990
0.986741 -0.037378 0.035478
1.535691 0.115892 -0.031902
1.484853 0.050170 0.129431
1.723124 0.074960 0.151640
0.646735 0.128748 0.056544
1.209391 -0.044448 0.212668
-0.011959 -0.056515 -0.151197
-0.441845 0.046153 0.200551
0.061419 0.095262 0.129654
0.157963 0.089572 0.094259
-0.045871 0.180983 -0.015295
-0.110205 -0.103534 -0.189498
0.060169 0.005501 -0.124401
-0.385098 -0.152923 0.010512
1.718178 0.006134 0.215729
-0.193644 0.105049 -0.184695
2.048619 0.042668 0.075976
2.313214 0.000583 0.137526
0.512356 0.110749 0.004503
0.421236 -0.030996 0.057237
-0.057107 0.079839 0.080642
-0.074199 0.046185 0.060740
1.775353 0.012950 0.043153
2.187016 -0.007477 -0.128273
0.497468 -0.182544 0.162144
-0.548661 0.188584 -0.140084
1.544731 0.074200 -0.011232
-0.507599 0.009119 -0.123602
0.152747 0.010865 -0.032941
-0.445342 -0.147239 0.161906
0.012815 -0.181507 0.147591
-0.276354 -0.009096 -0.124574
0.670203 0.056634 -0.019674
-0.453434 0.027681 0.211578
0.321832 -0.030128 0.067107
0.000277 -0.041165 0.018611
-0.470064 -0.035677 0.125198
0.986159 -0.144457 -0.025609
1.258134 0.091993 0.008678
-0.385342 0.046029 0.227844
1.365756 0.082270 0.196553
1.686237 0.076345 0.116910
0.571395 -0.017377 -0.042534
0.918391 0.188125 0.255740
0.208327 -0.103813 -0.076589
0.434829 0.093001 0.108998
0.299002 0.121470 0.099493
0.051252 -0.080079 -0.065295
-0.493891 -0.017728 0.168365
2.179878 -0.012355 0.018021
-0.687707 0.110439 0.117278
0.578270 -0.121724 -0.094417
0.011136 0.094553 -0.169223
0.782125 0.040377 -0.107907
1.385047 -0.056113 -0.027818
-0.360826 0.145284 -0.001685
1.735339 0.042296 -0.076243
-0.489938 -0.099522 0.119743
1.198167 0.131112 -0.068339
0.183887 -0.019321 0.118715
-0.390768 -0.003091 0.208908
1.414039 0.064260 0.034467
1.851442 -0.072885 -0.068073
-0.258640 -0.127195 0.111801
0.929786 0.079701 -0.018285
0.960062 0.096047 0.132781
-0.231934 0.145221 -0.117617
-0.359259 0.058721 0.121904
-0.243262 0.205807 0.222790
1.103585 -0.036767 -0.154529
0.556338 0.195835 -0.030387
0.567582 -0.078136 0.012637
0.613962 0.015107 0.057588
-0.272663 0.219743 -0.034132
-0.221135 0.199730 -0.056422
0.531530 0.107065 -0.012997
0.440312 0.077271 -0.035984
-0.574893 0.070274 0.152170
0.284982 -0.002816 -0.124020
0.939363 -0.122646 0.144321
0.724445 0.067108 0.202234
1.541010 0.100050 0.009071
-0.900939 0.060381 -0.194817
0.009898 0.033596 0.084743
1.198925 -0.026683 0.062100
1.447912 -0.073728 -0.079683
-0.453455 0.133099 -0.142005
0.733357 0.021041 0.018687
0.358335 0.034220 0.177930
0.086247 0.145777 0.080037
1.043303 -0.047343 0.148562
1.110200 -0.162756 -0.119386
0.802511 -0.046901 0.156554
0.806921 0.035618 -0.154247
0.568205 0.099104 0.021879
1.171050 -0.025980 0.018773
-0.526098 -0.079645 -0.147723
1.207206 -0.047605 0.021290
0.124021 0.113959 0.059456
-0.221180 0.074824 -0.095821
1.158081 -0.010139 0.127790
-0.500007 0.114285 -0.117618
0.769610 0.241104 0.149107
1.054896 -0.088953 0.153195
-0.365577 0.083423 0.177928
-0.409663 -0.115273 -0.143528
0.244398 0.105816 0.107027
1.306212 0.049988 -0.007384
-0.376394 0.134815 -0.158415
-0.160468 0.048586 0.133333
-0.224804 -0.049077 -0.161779
0.655054 0.060051 0.119694
0.566291 0.042260 0.134226
-0.461102 -0.113467 -0.210147
-0.088706 0.063564 0.077470
-0.445928 0.192103 -0.070522
0.247304 0.094739 -0.068947
1.701614 0.030997 0.023756
1.252999 0.058589 -0.023711
0.549205 -0.092415 -0.039201
0.064281 0.085856 -0.165088
-0.209524 -0.014976 -0.100269
-0.017917 0.024133 0.085378
0.748031 0.046460 0.000073
-0.502441 0.147524 0.062179
2.244641 0.019982 -0.037974
-0.338038 -0.164918 0.102931
-0.689195 -0.002138 -0.157973
1.965822 0.014392 -0.128364
1.339127 -0.130713 -0.041598
0.603540 -0.048369 0.035262
0.391712 -0.049663 -0.094596
1.270643 0.028400 -0.169636
1.029883 0.087525 0.016809
0.095179 -0.040273 -0.110703
1.236893 -0.027283 -0.032165
-0.179994 -0.025832 -0.141449
1.392471 -0.013508 0.020300
-0.001239 -0.014793 0.168326
-0.321574 0.037445 0.149785
0.527433 0.063106 0.015217
1.013597 -0.067148 -0.151810
0.256786 0.135834 -0.024302
1.541048 -0.091311 0.174585
1.488796 0.003870 -0.061278
0.029658 -0.174683 0.043392
0.653807 -0.008285 0.183713
1.604804 -0.024636 0.078338
-0.181702 0.156633 -0.005381
0.528947 0.070690 0.108263
1.724086 0.030202 0.018641
0.135265 -0.084513 0.040476
0.734296 -0.026176 0.015506
2.456434 -0.031598 0.003208
-0.428210 0.137550 -0.124018
0.956374 0.094276 -0.057838
0.050003 -0.017487 -0.080500
-0.180041 0.092690 -0.113947
0.799232 0.147102 -0.063111
1.311648 -0.041937 -0.016988
0.254490 0.159187 -0.004425
-0.464313 -0.001033 0.132048
0.904501 -0.170135 0.008442
1.249744 -0.100815 0.076490
0.436706 -0.053972 -0.117351
-0.042083 -0.114379 -0.081509
1.984448 0.172157 -0.072642
1.967240 -0.020609 0.146871
-0.158680 0.045967 0.220077
1.272617 0.129814 0.080229
-0.217577 0.020067 0.223319
1.552905 0.051707 0.105425
1.361718 0.113585 0.190540
-0.253551 -0.038482 -0.090922
0.834382 -0.022792 0.089764
-0.170187 -0.000144 0.203163
1.948709 0.006670 0.001973
0.901122 -0.066628 0.144585
0.990932 0.062217 -0.065034
0.782602 0.036781 0.117543
1.081488 0.117709 0.099303
-0.389851 0.113783 0.022894
-0.161802 -0.045896 -0.034783
-0.201627 0.071692 -0.136656
0.900724 -0.058945 0.071641
-0.235606 -0.005102 -0.094070
1.502149 -0.030540 0.148461
-0.353014 0.101419 -0.096464
-0.244464 0.019951 0.175233
-0.579823 0.076123 -0.219894
-0.122076 -0.046529 0.061256
-0.624174 0.023304 0.123394
1.199284 0.003249 0.170212
0.042993 -0.015544 -0.046704
-0.684103 0.063133 -0.158396
1.569161 -0.004449 0.075388
0.326954 0.127793 0.135700
1.191245 -0.010054 0.286120
1.387449 0.120814 -0.011483
-0.503693 -0.143617 0.171943
-0.343138 -0.002882 -0.183355
-0.212561 0.093946 -0.138718
0.921466 0.091076 -0.017551
-0.241191 -0.124730 0.043226
-0.180404 0.187323 0.076466
-0.652754 -0.109034 -0.015416
-0.408122 0.118354 -0.076024
0.045737 -0.001203 -0.151184
-0.337291 -0.028315 0.138040
0.290043 -0.012210 0.022048
2.275112 0.018935 0.108526
-0.563017 -0.081412 -0.169788
0.342135 -0.042710 0.003775
-0.375519 0.154421 0.008411
1.340140 0.018503 0.201403
-0.237033 -0.117565 -0.143197
-0.620014 -0.139278 0.009309
-0.466746 -0.135441 -0.053348
1.063744 0.066247 0.085520
-0.341524 -0.093508 -0.071731
-0.256492 0.138941 -0.056540
0.452017 -0.124183 0.001156
-0.257155 -0.115308 0.138516
-0.333578 -0.231906 -0.073330
-0.427367 -0.142284 0.157547
-0.552661 -0.120091 -0.096097
-0.597111 -0.113604 0.165711
-0.722215 -0.139057 -0.040986
-0.801325 -0.115197 0.075917
-0.883624 -0.150423 -0.225460
-0.942851 -0.097624 0.251133
-1.079285 -0.180806 -0.149759
-1.130488 -0.116912 0.112177
-1.137429 -0.186250 -0.438801
-1.179277 -0.068646 0.455474
-1.361846 -0.132245 -0.155238
-1.438854 -0.031051 0.203557
-1.490443 -0.081217 -0.418888
-1.528775 0.111621 0.428439
-1.630694 0.084040 -0.239522
-1.691975 0.332165 0.375018
-1.641960 0.238817 -0.407523
-1.599011 0.442267 0.476891
-1.622956 0.363744 -0.213487
-1.535196 0.458811 0.281544
-1.416463 0.297197 -0.340817
-1.342717 0.274648 0.443886
-1.417143 0.126724 -0.104761
-1.393429 0.133334 0.048439
-1.238590 0.041347 -0.469529
-1.125485 0.094406 0.236929
-1.089280 0.003825 -0.274989
-0.964404 0.029271 0.217238
-0.780594 0.075701 -0.217678
-0.538287 0.266386 0.009619
-0.728388 -0.170661 -0.015589
-0.924330 -0.141711 0.001075
-1.049330 -0.179375 0.077807
-1.069746 -0.128557 0.147943
-1.154667 -0.131093 0.007778
-1.227213 -0.112860 0.260116
-1.353705 -0.194553 0.116701
-1.458818 -0.172757 0.226535
-1.570145 -0.242893 -0.132552
-1.657043 -0.158877 0.453442
-1.751505 -0.301598 0.094006
-1.836926 -0.198940 0.300131
-1.925835 -0.269169 -0.273551
-2.041254 -0.106326 0.578749
-2.095450 -0.191187 0.019913
-2.180077 0.037503 0.335801
-2.125189 0.007426 -0.341985
-2.181764 0.165207 0.530964
-2.079248 0.142122 -0.054238
-2.096349 0.308506 0.369184
-1.944499 0.245574 -0.222483
-1.930993 0.262583 0.528169
-1.802569 0.077424 0.116822
-1.894524 0.065302 0.326660
-1.775512 -0.046953 0.024071
-1.814688 -0.041132 0.785592
-1.707831 -0.191801 0.474918
-1.669784 -0.179489 0.491798
-1.474120 -0.215344 0.081139
-1.376822 -0.184050 0.561585
-1.109600 -0.245680 0.412403
-0.845040 0.062405 0.525581
-0.844531 -0.097248 0.115742
-1.086361 -0.076744 0.090079
-1.174192 -0.132738 0.078740
-1.139626 -0.106906 0.104355
-1.254982 -0.163003 0.156128
-1.270820 -0.145388 0.010529
-1.463458 -0.171919 0.032137
-1.555755 -0.158176 0.019462
-1.788497 -0.177537 0.162623
-1.820070 -0.180924 -0.127164
-2.043224 -0.208277 -0.054146
-2.112627 -0.122396 0.105869
-2.412675 -0.085721 0.240175
-2.453251 0.023961 -0.011493
-2.697192 0.019901 -0.141087
-2.665426 0.212355 0.208151
-2.769982 0.261768 0.156364
-2.675927 0.435827 0.185990
-2.663802 0.490665 -0.106596
-2.489919 0.710053 0.334989
-2.465017 0.808035 0.174766
-2.272282 0.904433 0.237789
-2.262943 0.834642 -0.185395
-2.136037 0.731741 0.366739
-2.214657 0.609075 0.074212
-2.132067 0.470475 -0.090515
-2.138501 0.422808 -0.407146
-1.997352 0.370228 -0.040172
-1.854343 0.285826 -0.144961
-1.600900 0.170129 0.059924
-1.456597 0.120015 -0.032866
-1.046293 0.240193 -0.112728
-0.812839 -0.168266 -0.033718
-1.063728 -0.224791 -0.004803
-1.100372 -0.219498 0.096575
-1.122548 -0.232267 0.081869
-1.164013 -0.260058 0.052759
-1.242567 -0.266613 0.136960
-1.356150 -0.320887 0.047087
-1.535167 -0.338859 0.127664
-1.714492 -0.357968 -0.116083
-1.877834 -0.328326 0.263672
-2.013723 -0.347233 0.046725
-2.192102 -0.301507 0.120336
-2.379882 -0.227633 -0.255482
-2.509370 -0.070456 0.361057
-2.505109 -0.027506 -0.017551
-2.563745 0.082575 0.165480
-2.475706 0.161290 -0.195432
-2.516045 0.261967 0.331495
-2.401325 0.284440 0.067079
-2.347386 0.368866 0.187395
-2.094305 0.452306 -0.194795
-2.086309 0.531451 0.230307
-1.954011 0.386895 0.027050
-2.034976 0.359908 0.094554
-1.908751 0.234589 -0.178221
-1.998999 0.236397 0.471729
-1.952438 0.104158 0.153189
-1.942078 0.081485 0.206135
-1.738702 0.070538 -0.167455
-1.620777 0.069967 0.291518
-1.376303 -0.017330 0.123593
-1.020396 0.177158 0.269490
-0.680597 -0.172994 0.053927
-0.895389 -0.145144 0.116488
-0.950029 -0.186814 -0.002311
-0.947980 -0.178173 0.096956
-1.029231 -0.211322 -0.008254
-1.087132 -0.214533 0.089703
-1.229186 -0.232587 -0.034735
-1.350275 -0.225768 0.098172
-1.553850 -0.189690 -0.050017
-1.643782 -0.196591 -0.014217
-1.885161 -0.175678 -0.280569
-2.055198 -0.136066 0.219680
-2.288059 -0.085747 -0.146591
-2.411161 0.003904 0.304362
-2.564059 0.105411 -0.421360
-2.565522 0.188645 0.460541
-2.466812 0.316467 -0.162420
-2.415626 0.340072 0.391019
-2.372734 0.565515 -0.232519
-2.323303 0.680228 0.343343
-2.135247 0.915394 -0.039539
-2.078905 1.023944 0.478030
-2.072005 1.169404 -0.089399
-2.099930 1.034487 0.217983
-1.976005 0.940574 0.036678
-1.955825 0.744663 0.224743
-1.971138 0.719444 -0.191284
-1.914685 0.563635 -0.080712
-1.657340 0.504069 -0.102581
-1.506867 0.310836 0.036559
-1.331258 0.250957 0.014254
-0.990566 0.257495 -0.092490
-0.609978 -0.201728 -0.022770
-0.792695 -0.194060 0.022784
-0.811525 -0.204738 0.028468
-0.824506 -0.212211 0.095923
-0.880245 -0.224921 0.018697
-0.957992 -0.227552 0.159797
-1.085378 -0.257928 0.026616
-1.219685 -0.269493 0.159516
-1.370036 -0.260186 -0.125300
-1.529945 -0.226106 0.412655
-1.673209 -0.290664 -0.183199
-1.870460 -0.227955 0.311716
-2.065915 -0.184011 -0.507803
-2.209260 0.008897 0.576307
-2.208354 0.027767 -0.457413
-2.276355 0.170597 0.408435
-2.135192 0.217672 -0.535066
-2.187642 0.339523 0.598745
-2.066219 0.408236 -0.276401
-2.019353 0.518520 0.343379
-1.826894 0.624210 -0.297286
-1.861461 0.719992 0.332728
-1.764752 0.695594 -0.060420
-1.840847 0.629779 0.134943
-1.720631 0.513862 -0.051802
-1.864276 0.473071 0.236168
-1.768122 0.386945 -0.072037
-1.730152 0.338914 -0.052199
-1.497188 0.294968 -0.121342
-1.424691 0.272669 0.119080
-1.211524 0.187301 0.106213
-0.903763 0.261140 0.089668
-0.540476 -0.145126 -0.003919
-0.704014 -0.110237 0.109690
-0.729685 -0.143173 -0.000678
-0.706760 -0.123377 0.064077
-0.786024 -0.126423 -0.000698
-0.835268 -0.124180 0.051209
-0.946289 -0.132256 -0.024453
-1.036014 -0.121021 0.103537
-1.235837 -0.101389 -0.093256
-1.362340 -0.113282 0.051455
-1.540200 -0.124188 -0.306430
-1.704574 -0.092585 0.255198
-1.893233 -0.080889 -0.316111
-2.063010 0.007950 0.346574
-2.202399 0.018867 -0.637334
-2.187131 0.152733 0.578977
-2.093323 0.220001 -0.394098
-2.003929 0.276492 0.264876
-1.957498 0.342402 -0.624058
-1.948278 0.526358 0.502395
-1.936583 0.699226 -0.301275
-1.853511 0.814306 0.197421
-1.784520 0.941217 -0.373943
-1.726138 0.863795 0.329789
-1.769790 0.782132 -0.088924
-1.682355 0.599567 0.015638
-1.576118 0.591617 -0.300568
-1.441887 0.507885 0.126160
-1.327310 0.469873 -0.005582
-1.208411 0.299403 0.000546
-1.079079 0.250876 0.000308
-0.753951 0.253274 -0.065985
-0.484931 -0.150354 -0.051953
-0.638607 -0.123652 0.018674
-0.637764 -0.126342 -0.012923
-0.657103 -0.123794 0.046763
-0.674491 -0.115669 -0.026019
-0.747616 -0.116708 0.064327
-0.826018 -0.122131 0.002507
-0.941471 -0.139691 0.076335
-1.046433 -0.136484 -0.089562
-1.178394 -0.136935 0.252121
-1.304722 -0.192906 -0.233593
-1.514442 -0.146170 0.260239
-1.669145 -0.142259 -0.575699
-1.808719 0.001330 0.573534
-1.820901 -0.029058 -0.511772
-1.921069 0.130791 0.422083
-1.769864 0.142300 -0.698374
-1.739863 0.266242 0.555932
-1.568033 0.249562 -0.395676
-1.611143 0.392697 0.286121
-1.538797 0.459289 -0.577505
-1.622087 0.601069 0.324603
-1.591575 0.531077 -0.142009
-1.671506 0.485559 0.084139
-1.541309 0.459593 -0.250867
-1.502454 0.438169 0.186972
-1.398059 0.335457 -0.058116
-1.301598 0.277740 -0.039634
-1.115967 0.265096 -0.147104
-1.072491 0.252795 0.048307
-0.948959 0.202142 0.101234
-0.668295 0.247416 0.053352
-0.416858 -0.141103 -0.003504
-0.550769 -0.088970 0.119189
-0.543982 -0.127162 -0.009693
-0.527023 -0.097877 0.063598
-0.565437 -0.114965 0.022687
-0.601573 -0.105409 0.051034
-0.664508 -0.117626 -0.000153
-0.764348 -0.086998 0.038785
-0.917925 -0.080489 -0.096509
-1.041172 -0.070394 0.082620
-1.203326 -0.083009 -0.251083
-1.373917 -0.067220 0.189197
-1.543674 -0.046344 -0.201187
-1.686850 -0.023826 0.263293
-1.844631 0.000133 -0.539497
-1.929840 0.091423 0.360839
-1.902230 0.151290 -0.271600
-1.770322 0.215177 0.239736
-1.715536 0.256881 -0.503321
-1.683017 0.364230 0.200819
-1.666703 0.419098 -0.248380
-1.612715 0.440859 0.123054
-1.625751 0.443883 -0.204105
-1.554195 0.426012 0.035907
-1.463416 0.372393 -0.078004
-1.302496 0.307091 0.086934
-1.164113 0.308693 -0.095541
-1.043226 0.314687 -0.009859
-0.927115 0.300300 -0.070965
-0.829198 0.249393 -0.008375
-0.742256 0.233162 0.047125
-0.504240 0.230995 -0.061936
-0.386847 -0.135412 -0.083473
-0.520315 -0.110423 0.026359
-0.491643 -0.128118 0.039961
-0.475731 -0.130491 0.038365
-0.466607 -0.131686 0.002338
-0.508529 -0.126486 0.063719
-0.543840 -0.115950 0.026772
-0.629153 -0.099977 0.046869
-0.724899 -0.093510 -0.057591
-0.860602 -0.081378 0.207609
-0.966900 -0.090939 -0.118060
-1.134825 -0.088453 0.235799
-1.270281 -0.085320 -0.463596
-1.452304 -0.033478 0.475172
-1.485742 -0.020970 -0.349561
-1.613657 0.085865 0.423021
-1.599531 0.108570 -0.601065
-1.557896 0.182946 0.527811
-1.385062 0.184163 -0.289124
-1.393398 0.275792 0.259738
-1.296730 0.275794 -0.378196
-1.378515 0.338217 0.190572
-1.344768 0.283406 -0.095153
-1.407858 0.298479 0.061463
-1.232968 0.258260 -0.127602
-1.144966 0.258400 0.096934
-1.013115 0.219265 -0.082462
-0.920961 0.246388 0.006623
-0.773565 0.252542 -0.016862
-0.733733 0.233269 0.015316
-0.629562 0.226193 0.212686
-0.447872 0.240694 0.049780
-0.337537 -0.143962 -0.004454
-0.468470 -0.108088 0.054951
-0.461287 -0.141465 -0.026318
-0.424070 -0.136729 0.058999
-0.437706 -0.143439 0.012722
-0.439182 -0.155960 0.006679
-0.449989 -0.162924 -0.051266
-0.500611 -0.158837 0.087338
-0.637897 -0.116179 -0.053383
-0.782075 -0.090072 0.081541
-0.955082 -0.079557 -0.264838
-1.077344 -0.069103 0.279468
-1.277542 -0.048373 -0.121102
-1.374725 -0.023064 0.276833
-1.546222 -0.037467 -0.462582
-1.584672 0.073352 0.426704
-1.688755 0.117475 -0.280499
-1.581593 0.177745 0.218108
-1.513759 0.193327 -0.510716
-1.373890 0.268491 0.192838
-1.302993 0.307446 -0.141211
-1.210191 0.271507 0.046795
-1.172366 0.253907 -0.147499
-1.080396 0.218260 0.000387
-0.980454 0.231176 0.026320
-0.845356 0.188264 0.047527
-0.718331 0.196730 -0.048248
-0.559352 0.223120 -0.000668
-0.493501 0.249709 0.034278
-0.439724 0.218517 -0.011306
-0.368524 0.202145 0.072062
-0.226530 0.229839 -0.086839
-0.336326 -0.134970 -0.080594
-0.467114 -0.077676 0.040837
-0.428992 -0.113685 0.010187
-0.425683 -0.114507 0.007626
-0.398894 -0.133274 -0.032649
-0.411617 -0.129138 0.085311
-0.421762 -0.164976 -0.009457
-0.459107 -0.151472 0.053530
-0.478193 -0.154012 -0.211120
-0.587322 -0.097350 0.211002
-0.730550 -0.107134 -0.069077
-0.934927 -0.070106 0.218538
-1.017565 -0.079167 -0.388637
-1.149325 -0.021241 0.477470
-1.242417 -0.064527 -0.251375
-1.444227 0.018047 0.341629
-1.386561 0.060615 -0.607355
-1.333178 0.152584 0.513794
-1.162617 0.132789 -0.329928
-1.166742 0.181537 0.245110
-1.019094 0.187390 -0.318811
-1.014389 0.242190 0.227136
-0.917562 0.226492 0.020682
-0.899637 0.210348 0.104516
-0.720645 0.192272 -0.108816
-0.607761 0.215859 0.108115
-0.483262 0.175173 -0.069395
-0.403154 0.198775 0.097437
-0.356190 0.218167 0.011805
-0.325940 0.210832 0.026592
-0.250859 0.225842 0.208671
-0.110205 0.250181 0.049663
-0.334217 -0.122950 -0.022517
-0.427673 -0.085153 0.073291
-0.413090 -0.121488 0.019372
-0.361525 -0.126396 0.069806
-0.359205 -0.145679 0.054092
-0.359753 -0.156755 0.013136
-0.338260 -0.176906 -0.003025
-0.338584 -0.194661 0.114755
-0.402160 -0.182737 0.055149
-0.504522 -0.158413 0.129687
-0.651495 -0.126844 -0.100066
-0.788448 -0.108367 0.265422
-0.988106 -0.111645 0.062147
-1.067275 -0.089093 0.292381
-1.222330 -0.101465 -0.271043
-1.323781 -0.004148 0.259267
-1.397306 0.050884 -0.143949
-1.257753 0.077605 0.191080
-1.143061 0.125511 -0.280445
-0.996053 0.173097 0.095321
-0.920506 0.209096 -0.062047
-0.822217 0.205662 0.061977
-0.766624 0.184392 -0.051371
-0.669570 0.179162 0.039791
-0.588994 0.191706 0.046186
-0.394429 0.183800 0.110783
-0.306269 0.140561 -0.010240
-0.133198 0.176969 0.018190
-0.051592 0.188511 0.049260
0.019337 0.199303 -0.006557
0.027372 0.194240 0.125259
0.091859 0.245500 -0.042428
-0.334879 -0.097645 -0.072730
-0.460466 -0.060026 0.028371
-0.403093 -0.088739 0.038045
-0.360266 -0.099818 0.012631
-0.310143 -0.130776 -0.009045
-0.305538 -0.127015 0.051075
-0.260062 -0.168707 0.080848
-0.252536 -0.199172 -0.023208
-0.245318 -0.209491 -0.094718
-0.299583 -0.188486 0.098626
-0.340583 -0.160733 0.031486
-0.455405 -0.120485 0.193421
-0.615880 -0.152305 -0.213518
-0.763870 -0.111753 0.388036
-0.839885 -0.113258 -0.118338
-1.028599 -0.055795 0.176466
-0.999979 -0.037117 -0.378265
-0.991643 0.087719 0.401034
-0.826241 0.091063 -0.159385
-0.785119 0.145094 0.132218
-0.636960 0.141540 -0.246912
-0.666913 0.193965 0.159363
-0.561565 0.203358 -0.008395
-0.496052 0.179356 0.110839
-0.219694 0.188306 -0.083790
-0.131720 0.155590 0.193445
0.085192 0.136101 0.029998
0.114211 0.118026 0.102113
0.182728 0.174652 0.051510
0.191886 0.148231 -0.020865
0.288921 0.223304 0.244018
0.302196 0.262372 0.106780
-0.335026 -0.069017 -0.050031
-0.421971 -0.048121 -0.007198
-0.362543 -0.059961 -0.062485
-0.272474 -0.107145 0.047974
-0.246158 -0.111613 0.048263
-0.246728 -0.122491 0.019506
-0.187836 -0.139834 -0.008503
-0.116636 -0.160122 0.120203
-0.071062 -0.122261 0.069568
-0.111089 -0.132644 0.091334
-0.194506 -0.116209 -0.044201
-0.238988 -0.125973 0.135145
-0.414696 -0.106288 0.037734
-0.509651 -0.104124 0.180500
-0.730822 -0.078471 -0.160870
-0.808228 -0.036311 0.230826
-0.920389 0.034288 -0.038340
-0.746832 0.033889 0.178757
-0.716499 0.087225 -0.231981
-0.597004 0.127564 0.161707
-0.540062 0.157869 -0.043094
-0.444256 0.173861 0.069483
-0.410823 0.160539 -0.055202
-0.337694 0.156017 0.070825
-0.305492 0.145638 0.064809
-0.150855 0.123908 0.245133
-0.071507 0.074400 -0.049691
0.099078 0.115801 0.152696
0.181682 0.122153 0.075406
0.248140 0.166693 0.204152
0.278435 0.170569 0.146402
0.307378 0.276814 0.038997
-0.266027 -0.093730 -0.145553
-0.362369 -0.030501 0.025325
-0.289917 -0.065892 -0.013888
-0.227626 -0.113279 0.009172
-0.149609 -0.137147 -0.083732
-0.118129 -0.130454 0.122138
-0.061133 -0.169172 0.028263
-0.006950 -0.214346 0.063805
0.065945 -0.230371 -0.136724
0.122164 -0.213754 0.203893
0.111891 -0.188027 0.050618
0.073575 -0.180263 0.102046
0.029753 -0.173126 -0.143881
-0.109506 -0.102640 0.245251
-0.224735 -0.123072 0.010060
-0.408610 -0.028091 0.145292
-0.409134 -0.055987 -0.288116
-0.446764 0.061944 0.381779
-0.417291 0.033322 -0.037252
-0.373556 0.113045 0.128629
-0.268363 0.143985 -0.119317
-0.252074 0.187204 0.139366
-0.114221 0.192514 0.052710
-0.042689 0.144930 0.090957
0.132849 0.146403 -0.081192
0.168416 0.082326 0.088966
0.309373 0.060898 0.050494
0.281720 0.069783 0.184230
0.256662 0.140867 0.100560
0.215375 0.151844 0.143281
0.330178 0.214205 0.209722
0.345183 0.272028 0.183239
-0.320305 -0.085688 -0.053523
-0.369081 -0.050277 0.064699
-0.294079 -0.058241 0.000161
-0.159703 -0.099553 0.057049
-0.079979 -0.118254 0.039774
-0.003860 -0.129909 0.049758
0.063676 -0.148202 0.029097
0.168826 -0.171238 0.144013
0.237368 -0.180939 0.077691
0.320458 -0.169602 0.128048
0.396757 -0.169894 0.043145
0.451837 -0.137986 0.178152
0.449552 -0.158420 -0.065406
0.367410 -0.064184 0.224457
0.151216 -0.103274 -0.132269
-0.026918 -0.008650 0.191521
-0.129542 0.011854 -0.062106
-0.034263 0.037983 0.334601
0.005737 0.001264 -0.230173
0.069810 0.099541 0.185345
0.131936 0.110431 -0.145834
0.166502 0.130427 0.126583
0.173780 0.113012 -0.204551
0.231625 0.099503 0.183870
0.236838 0.064058 -0.110610
0.290166 0.036232 0.244605
0.284841 -0.020651 -0.017545
0.287247 0.030932 0.182867
0.288680 0.054939 0.089032
0.312351 0.103074 0.177294
0.352353 0.140310 0.239648
0.365027 0.259303 0.134700
-0.263480 -0.088030 -0.084757
-0.328888 -0.055295 0.053369
-0.191998 -0.099448 0.068348
-0.055152 -0.140252 -0.015833
0.060276 -0.176920 0.033358
0.119582 -0.170246 0.065639
0.222451 -0.166746 0.149886
0.337891 -0.223111 0.028862
0.400310 -0.205192 0.091622
0.488828 -0.203357 0.128661
0.536645 -0.157148 0.112026
0.586451 -0.131038 0.074860
0.561115 -0.139132 0.034905
0.523736 -0.079766 0.193871
0.532584 -0.116427 -0.018818
0.346714 0.014321 0.245689
0.352834 -0.070405 -0.187001
0.231001 0.038068 0.199177
0.322983 -0.019352 -0.150736
0.295585 0.084527 0.227674
0.389100 0.058803 -0.171549
0.362445 0.088196 0.097296
0.488773 0.104771 -0.088205
0.522338 0.084066 0.155462
0.644772 0.053039 -0.095218
0.584754 0.012339 0.120478
0.657025 0.000408 0.038345
0.599637 -0.015237 0.145096
0.599850 0.033446 0.141707
0.498317 0.042752 0.099584
0.531549 0.146802 0.323438
0.478498 0.221014 0.182806
-0.221293 -0.062284 -0.077254
-0.281997 -0.041790 0.006691
-0.195036 -0.046137 -0.106740
-0.012562 -0.125307 0.065384
0.114252 -0.132207 0.023233
0.214603 -0.191574 0.088254
0.310021 -0.153220 0.101989
0.499649 -0.190798 0.136836
0.560264 -0.163986 0.148908
0.645397 -0.178182 0.156301
0.673213 -0.110565 0.203702
0.820345 -0.111753 0.116557
0.845283 -0.099130 0.272955
0.861285 -0.065823 0.213785
0.695707 -0.071994 -0.003888
0.663268 0.004841 0.128170
0.519782 -0.034346 0.142365
0.554327 0.016791 0.268579
0.592715 -0.026798 -0.056773
0.723462 0.035764 0.055899
0.673812 0.016932 0.006065
0.658382 0.103066 0.180783
0.684238 0.066101 -0.060529
0.782568 0.068590 0.145060
0.764126 0.002279 0.042306
0.787199 -0.018526 0.199534
0.767742 -0.041686 -0.016956
0.820160 -0.037308 0.164367
0.729522 -0.038650 0.209733
0.697322 -0.043401 0.110927
0.693048 0.042326 0.318013
0.622963 0.181279 0.162322
-0.063672 -0.075091 -0.128170
-0.097896 -0.051402 0.081613
0.036134 -0.077290 0.060104
0.132914 -0.171976 0.006343
0.248160 -0.172491 0.022552
0.335012 -0.206323 0.085439
0.473309 -0.150315 0.155347
0.581314 -0.188159 0.052379
0.599070 -0.103608 0.152211
0.700542 -0.134783 0.151922
0.845371 -0.095683 0.218478
0.987871 -0.130766 0.091347
0.966538 -0.077059 0.119285
1.002642 -0.101356 0.226961
0.954743 -0.099579 0.201848
0.906476 -0.024629 0.201758
0.838502 -0.049180 -0.035854
0.725601 -0.033226 0.223192
0.743516 -0.063224 0.125358
0.789476 0.003101 0.148894
0.763469 -0.001263 -0.010938
0.673169 0.029769 0.079513
0.700910 0.038783 0.206053
0.729629 0.041344 0.100349
0.787313 0.029051 0.074654
0.788624 -0.012537 0.244094
0.845353 -0.013496 0.172946
0.783107 -0.046103 0.159225
0.681355 -0.018429 0.233236
0.665386 -0.059988 0.218920
0.643581 0.031374 0.353086
0.595273 0.128175 0.167022
-0.042002 -0.070376 -0.103884
-0.039086 -0.021032 0.054331
0.075162 -0.033762 -0.043260
0.229865 -0.116769 0.030354
0.357264 -0.147651 -0.006702
0.463968 -0.206843 0.019782
0.570032 -0.158059 0.091697
0.763452 -0.148223 0.109574
0.900658 -0.112823 0.061535
1.072595 -0.120321 0.133455
1.154097 -0.057381 0.163918
1.263982 -0.041184 0.298407
1.351800 -0.019578 0.120194
1.509089 -0.002545 0.106299
1.376181 0.032736 0.209034
1.379725 0.073418 0.257290
1.291604 0.028645 0.073627
1.317657 0.004853 0.127096
1.168722 0.021701 0.047459
1.177652 0.055960 0.189185
1.092649 0.054194 0.003129
1.104941 0.085738 0.042349
0.950420 0.134480 0.132568
0.977413 0.097412 0.218708
0.940166 0.035667 -0.017294
0.972131 0.013525 0.132537
0.910058 0.016948 0.156610
0.935282 -0.014841 0.216812
0.905612 -0.026302 0.131836
0.892141 -0.085235 0.086975
0.806347 0.004706 0.283396
0.684365 0.105746 0.216091
0.153243 -0.069891 -0.062305
0.159402 -0.012085 0.081343
0.263437 -0.031814 0.104201
0.361039 -0.078052 -0.045555
0.484530 -0.113632 0.023348
0.514516 -0.133181 0.029554
0.661237 -0.087766 0.084859
0.778231 -0.058239 0.044838
0.910404 -0.015905 0.111435
1.018625 -0.018487 0.199687
1.274611 -0.025956 0.042004
1.459412 -0.051040 0.134082
1.486627 -0.043494 0.130347
1.518989 -0.066061 0.320763
1.641205 -0.052608 0.104226
1.666218 -0.061007 0.178822
1.540342 -0.035901 0.219139
1.328799 -0.105768 0.293313
1.323398 -0.131105 0.063710
1.277015 -0.094194 0.182401
1.187350 -0.024982 0.121182
1.055922 -0.007323 0.189573
1.070395 -0.006929 0.137403
1.041023 -0.028757 0.126234
1.011947 -0.000028 0.211289
0.955761 -0.031290 0.213507
0.987267 -0.028220 0.200714
1.011766 -0.088953 0.115056
0.991858 -0.051200 0.253886
0.927799 -0.126849 0.143961
0.935482 -0.023428 0.342650
0.755682 0.076268 0.220387
0.139202 -0.064389 -0.025589
0.180111 0.002327 -0.004652
0.218791 0.014458 -0.053335
0.375752 -0.043750 -0.006769
0.445483 -0.102031 0.063093
0.571071 -0.117856 -0.034228
0.708100 -0.084653 0.003925
0.891611 -0.039719 0.096938
1.049943 -0.058680 0.003509
1.217908 -0.045053 0.091791
1.225153 -0.005625 -0.044203
1.352120 0.020411 0.259316
1.416286 0.033997 0.123018
1.493877 0.032554 0.177787
1.397774 0.037837 0.052700
1.401915 0.024669 0.278087
1.422485 -0.001615 0.099226
1.435356 -0.046151 0.143650
1.322897 -0.067777 0.002842
1.294282 -0.032634 0.182289
1.224708 0.004279 0.040073
1.190454 0.046633 0.116510
1.071058 0.025042 0.043532
1.069443 0.013459 0.152475
1.004057 0.014147 0.180330
1.074061 0.000695 0.090667
0.994425 -0.018662 0.061940
1.035788 -0.054347 0.109630
0.971749 -0.050790 0.220457
0.947106 -0.099571 0.170363
0.877018 -0.027697 0.242328
0.747598 0.059709 0.122311
0.323354 -0.030191 -0.007718
0.249660 0.081726 0.129076
0.331565 0.095391 0.098713
0.432475 0.052842 0.016164
0.562263 0.016847 -0.017520
0.620760 0.016727 0.034355
0.726555 0.044492 0.052440
0.805163 0.109793 0.089121
0.947248 0.128988 -0.013753
0.998811 0.133889 0.137385
1.200418 0.129907 0.040303
1.225893 0.115045 0.154532
1.262314 0.130757 0.098718
1.212505 0.088501 0.328389
1.365430 0.120708 0.181742
1.285303 0.093909 0.306449
1.226060 0.119721 0.196763
1.101478 0.022661 0.332198
1.173657 0.040646 0.163541
1.107512 0.019611 0.179890
1.069492 0.067843 0.061772
0.973363 0.065093 0.269210
1.066900 0.085051 0.177317
1.013314 0.036491 0.214103
1.003331 0.086860 0.203224
0.975017 0.050647 0.277315
1.009367 0.070630 0.229920
0.969764 0.019133 0.196075
0.935837 0.032216 0.191441
0.888236 -0.020333 0.282049
0.823041 0.037530 0.288817
0.675336 0.131456 0.238144
