0.859962 -0.309978 -0.734636
0.497205 -0.094630 -0.477338
0.343030 -0.368168 0.041059
-0.015711 0.295970 -0.379074
0.162957 -0.522716 0.088348
0.810727 0.602962 -0.092322
0.015615 0.012495 0.250454
0.092626 0.381212 0.261515
0.695392 0.476549 -0.079481
0.178200 0.340960 0.088292
-0.051572 0.147294 0.587682
0.260896 -0.066455 0.561992
-0.141817 0.287815 0.607451
1.048672 0.184747 0.655361
-0.126323 0.211069 0.512956
1.007383 -0.741136 -0.256466
0.247666 -0.228414 -0.489665
0.683195 -0.578887 -0.063239
-0.025132 0.114605 -0.115548
-0.309143 0.428130 -0.516784
0.500792 -0.616514 -0.050752
0.321290 0.515422 0.045679
0.397350 0.375861 -0.219959
-0.042991 0.001692 -0.351724
-0.094247 -0.178076 0.404318
0.726818 -0.015749 0.510280
-0.054153 0.453186 -0.160597
0.768564 -0.708818 0.028317
-0.498450 0.385817 -0.061745
0.060560 -0.246886 -0.513733
-0.474966 0.266467 -0.652294
0.039411 -0.239668 -0.320398
0.230302 0.304147 -0.297163
0.425371 0.019343 -0.506605
0.536663 0.042591 -0.365635
0.412060 0.356236 0.027298
0.868534 -0.391175 -0.297379
0.069448 0.058006 -0.423489
0.962296 0.183077 0.816965
-0.261437 0.351346 -0.285011
-0.124586 -0.058387 0.542867
0.160715 0.141954 0.604944
-0.027862 -0.342819 0.199281
0.063591 -0.085075 -0.431473
-0.052429 -0.054125 -0.332379
0.058108 -0.170478 -0.470570
-0.299548 -0.391723 0.036642
1.164211 0.475543 1.066763
-0.213175 0.230708 -0.367530
0.819144 -0.112603 0.479240
0.667194 -0.641286 -0.074193
0.174889 0.281121 0.036356
0.188752 0.199745 0.451590
-0.066739 0.003636 0.239830
-0.238774 -0.164202 0.149780
0.837835 -0.548874 -0.013596
0.704848 -0.142137 -0.686996
0.401520 0.291956 0.610476
-0.526661 0.332040 -0.398296
0.392590 0.262070 -0.160915
-0.393802 0.148618 -0.376124
-0.307887 0.590222 -0.312456
-0.260824 -0.380663 -0.104919
-0.032201 -0.411690 -0.082700
-0.017221 -0.109992 -0.400112
0.448621 -0.112857 -0.493079
-0.260788 0.085833 0.533804
0.152177 0.161881 0.407279
0.066230 0.400923 0.603751
-0.351759 0.149724 0.509684
0.462873 0.378800 0.428037
0.371318 0.052732 -0.402710
-0.293776 -0.112631 0.402231
0.663307 -0.166965 0.338167
0.603109 0.529852 -0.128620
0.215664 -0.125797 -0.476836
0.437140 0.255816 0.583061
0.094303 -0.114889 -0.455612
-0.004748 -0.231745 0.252073
0.194107 0.263875 -0.059179
0.161065 -0.214891 -0.340395
-0.243716 -0.152551 0.097678
0.577404 0.330613 -0.159642
-0.649863 0.259608 0.357468
0.176996 -0.297555 -0.478073
-0.021011 0.138852 -0.552366
0.446717 -0.321267 -0.502018
0.655805 -0.224978 -0.507048
-0.294443 0.476638 -0.149501
0.739661 0.039974 -0.603944
-0.551408 -0.149294 0.160957
0.531914 -0.425975 -0.330816
0.179669 0.147472 0.479941
-0.209843 -0.129595 0.364413
0.927526 0.122935 0.802821
0.996529 0.200521 0.863667
-0.111481 -0.400979 -0.219370
0.286224 0.126889 -0.259386
0.179383 -0.300835 -0.189358
-0.076115 0.005272 -0.515453
-0.310141 -0.099442 0.390160
-0.044823 0.247663 0.242788
0.670819 -0.263525 -0.779696
0.085807 0.067269 0.000880
0.176944 -0.231900 -0.452717
0.086137 0.433782 -0.189467
-0.201284 0.303481 0.112603
-0.204435 0.320960 -0.249313
0.238976 -0.033965 0.427512
0.058426 -0.068483 -0.436421
-0.521777 0.465607 0.256957
0.321242 -0.050885 -0.416729
0.343479 -0.425188 0.133144
0.453947 0.066547 0.718065
0.606620 -0.371770 -0.430740
-0.320892 -0.050004 -0.593023
-0.065908 -0.286151 0.068426
0.274781 -0.318645 -0.400895
0.423131 0.228041 -0.508063
-0.437767 0.477042 -0.319248
0.274288 -0.508282 -0.052671
0.199954 -0.533567 0.039352
0.305949 -0.131986 -0.410504
0.325247 0.353216 0.095897
0.319771 -0.137123 -0.412167
0.369358 0.219959 0.129846
0.120658 -0.041928 -0.395954
0.393022 0.377369 0.760568
0.574585 -0.436754 -0.262298
-0.350194 0.028832 -0.291855
0.272224 0.275699 -0.077950
-0.151992 -0.235421 -0.284370
-0.375879 0.338392 -0.337567
0.711331 0.381051 0.671293
-0.404028 -0.009923 -0.517577
0.236528 -0.167070 0.188523
0.414809 0.182041 0.448092
-0.020310 0.154392 0.517726
-0.251274 -0.227763 -0.607220
-0.055650 0.490952 -0.146572
0.866655 -0.140200 -0.422426
-0.232916 0.306698 -0.277850
-0.303851 -0.107317 0.128489
-0.187159 0.123130 -0.471850
0.358669 0.021472 0.701011
0.275664 -0.276394 -0.165085
-0.157726 -0.110619 -0.455925
-0.224180 0.012389 0.212246
-0.224986 0.196671 0.421246
0.073504 0.236050 -0.129242
0.822615 -0.247197 -0.615383
0.448239 0.600705 -0.157371
0.050217 0.121316 -0.354952
0.266619 -0.053508 -0.313976
-0.200977 0.043040 -0.528041
0.074495 -0.087655 0.483589
0.223381 0.242630 0.313933
-0.232568 0.457678 -0.146209
0.951343 -0.499886 -0.535672
-0.286104 -0.083648 0.553650
-0.655497 -0.130382 -0.527892
0.399210 0.252220 -0.350678
0.447156 0.259434 0.047172
0.314150 0.049469 0.621554
0.182679 0.231037 -0.259374
0.345111 0.445315 -0.147419
0.457943 -0.131549 -0.502205
0.118882 0.145205 -0.297276
0.306851 0.258933 0.015283
-0.024867 -0.189587 -0.558544
0.852106 0.295695 0.646986
-0.250734 0.072540 0.614600
-0.084969 -0.015369 0.516459
0.312840 0.277765 0.218000
0.494702 -0.130747 -0.566829
0.358329 0.289228 0.713831
0.604528 0.354114 0.082030
0.761421 -0.175305 -0.596362
0.048159 -0.328758 -0.335434
0.199216 -0.308375 0.121131
0.547347 0.399610 0.110684
0.008081 0.226070 -0.061572
0.308908 0.263069 -0.078177
0.569787 0.453041 -0.178641
-0.064079 -0.060037 0.074454
0.288312 -0.251772 -0.409024
0.616454 0.671314 -0.109143
-0.399267 0.274440 -0.351901
0.302382 0.057897 0.267913
-0.102599 0.124823 -0.466448
-0.391074 0.091210 -0.496724
0.230235 0.097728 -0.236049
0.782726 -0.467338 -0.651713
-0.047066 0.212993 -0.368575
-0.286871 0.071604 0.439838
0.402392 -0.006525 0.517262
0.648680 -0.384333 -0.600576
0.272028 -0.356574 -0.309695
-0.134948 -0.427294 -0.312671
0.635253 0.169554 -0.509114
1.037690 0.587350 0.822265
0.057838 0.497730 -0.103609
0.801126 0.520022 0.640759
-0.104701 -0.065388 0.557976
0.891691 -0.595320 -0.499779
0.926717 0.633423 0.851018
-0.391438 0.077708 -0.423852
0.483573 0.123487 0.794653
-0.273544 -0.166822 0.225514
0.889834 -0.351929 -0.603496
0.283735 0.354798 -0.041180
0.456755 0.375634 0.081316
0.186781 0.437359 -0.191044
0.623654 0.211180 0.842577
-0.496387 0.165927 0.546469
-0.227304 -0.361752 -0.470762
-0.081228 -0.007266 -0.190773
0.159683 0.026266 -0.335787
-0.289129 0.185312 -0.394932
0.679708 0.190498 0.490974
-0.297914 0.131676 -0.473267
-0.430001 0.252054 0.598838
-0.640303 0.272356 -0.367402
-0.157417 -0.308335 0.003385
-0.398956 0.101375 0.262740
0.567758 0.103650 0.599405
-0.054054 -0.457963 -0.348052
-0.405027 0.097566 -0.678045
0.803751 -0.398000 0.162868
0.184889 -0.410415 -0.314723
0.437572 0.312164 0.273020
0.892389 -0.035359 -0.767196
-0.354073 -0.555849 -0.354553
-0.112338 -0.088845 -0.527436
0.038417 -0.013047 -0.581750
0.223626 -0.128488 -0.326839
-0.203060 -0.564514 0.007173
0.119738 0.239420 0.278687
0.062621 0.084898 -0.125032
-0.217225 0.069026 -0.131342
-0.054134 0.146944 -0.450505
-0.296345 -0.414544 0.064703
0.136037 -0.434803 -0.274947
0.685129 0.578033 0.128592
-0.391529 -0.323504 -0.623027
0.016551 0.162320 0.749458
-0.533743 0.243993 0.511544
0.523147 -0.342975 -0.305709
-0.024709 0.113111 -0.426745
-0.429534 -0.354806 -0.375673
-0.294377 -0.335708 -0.604367
0.643741 -0.400704 -0.525207
-0.252667 -0.536239 -0.362539
-0.234456 0.420429 0.312856
-0.057897 0.442175 -0.290101
-0.125457 -0.221177 -0.089305
0.443224 -0.506377 -0.301437
0.528144 -0.468727 0.012592
0.587035 -0.340927 -0.424739
0.512413 -0.156230 0.163063
0.474731 -0.133380 -0.351084
0.459445 0.052413 0.182412
0.487363 0.094894 -0.569613
0.462829 0.203104 0.284198
0.330029 0.096191 -0.369759
0.192201 0.153465 0.239945
0.129296 0.041497 -0.547224
0.036584 0.110147 0.320299
-0.238736 0.008622 -0.309446
-0.456504 0.075576 0.086012
-0.578425 0.033390 -0.531908
-0.662414 0.186295 0.347225
-0.811502 0.140120 -0.244839
-0.909005 0.197034 0.028603
-0.852140 0.048862 -0.323273
-0.825215 0.110903 0.126431
-0.754231 0.014181 -0.112668
-0.668505 0.048315 0.005097
-0.535461 -0.060203 -0.193902
-0.374398 -0.028679 0.120928
-0.197975 -0.082110 -0.209904
0.011576 -0.069027 0.040414
0.169162 -0.123233 -0.287768
0.262767 -0.022778 0.314990
0.217567 -0.032254 -0.032665
0.223210 0.112465 0.265945
0.252399 0.215226 -0.128171
0.250475 0.350713 0.038947
0.353843 -0.579991 -0.480240
0.586992 -0.572556 -0.282077
0.603236 -0.654044 -0.251296
0.647767 -0.444453 -0.072549
0.601254 -0.358133 -0.441556
0.549786 -0.113660 0.112345
0.414014 -0.132965 -0.270478
0.381929 0.003526 0.108813
0.271141 -0.107209 -0.452176
0.115326 0.020082 0.121031
-0.113381 -0.145488 -0.264598
-0.253288 -0.008568 0.094637
-0.521441 -0.055751 -0.460847
-0.668157 0.116533 0.252744
-0.804032 0.090418 -0.270393
-0.696303 0.167395 -0.000147
-0.670279 0.137219 -0.467973
-0.747975 0.171704 0.384532
-0.842607 0.006977 -0.113144
-0.907852 0.002272 0.146474
-0.822636 -0.063012 -0.253965
-0.640893 -0.031662 0.170117
-0.468688 -0.183734 -0.044873
-0.163473 -0.133469 -0.007306
0.156191 -0.216150 -0.148064
0.402194 -0.155198 0.191009
0.419298 -0.265226 0.095365
0.451059 -0.165889 0.194109
0.491551 -0.131101 -0.200631
0.517300 -0.033597 0.236528
0.473536 0.024529 0.244106
0.422874 0.213135 0.313589
0.165964 -0.509695 -0.241967
0.245107 -0.549770 -0.165850
0.122964 -0.479277 -0.486769
0.086816 -0.271654 -0.046758
-0.075486 -0.193570 -0.318851
0.034360 0.041364 -0.076840
-0.079647 0.040308 -0.481487
0.070439 0.191559 -0.048075
-0.243171 0.039707 -0.250316
-0.233839 0.121756 -0.069777
-0.698609 -0.026532 -0.288916
-0.750953 0.036861 0.035976
-1.229062 -0.046996 -0.091093
-1.281748 0.066140 -0.148077
-1.574891 0.069696 -0.214379
-1.592563 0.175317 0.182344
-1.780100 0.212471 -0.052865
-1.695844 0.251049 0.121083
-1.705251 0.225585 -0.132742
-1.630653 0.264921 0.248961
-1.649301 0.213594 0.204936
-1.411899 0.239086 0.113516
-1.240824 0.119548 0.021870
-0.845617 0.107720 0.152964
-0.498680 -0.034936 0.056023
-0.104685 -0.017655 0.037771
-0.014789 -0.087716 -0.081999
0.071112 0.034521 0.293368
0.054775 0.025522 0.242802
0.068465 0.173074 0.339455
-0.058260 0.180553 0.179995
0.063727 0.315406 0.159990
-0.048209 -0.649918 -0.637156
-0.146648 -0.793488 -0.641640
-0.210831 -0.989519 -0.623546
-0.172973 -0.749235 -0.448251
-0.239258 -0.757350 -0.770324
-0.257841 -0.443432 -0.288861
-0.504924 -0.565368 -0.523415
-0.448485 -0.325780 -0.262599
-0.727860 -0.479754 -0.553126
-0.676162 -0.312709 -0.231616
-1.040276 -0.397889 -0.434092
-1.046038 -0.131477 -0.025841
-1.325258 -0.161492 -0.446294
-1.371210 -0.020061 0.216538
-1.428103 0.025473 -0.258742
-1.408084 0.165311 0.039397
-1.153020 0.231606 -0.351324
-1.149652 0.269058 0.389590
-0.922737 0.215609 -0.044277
-0.959971 0.201680 0.420746
-0.712202 0.112627 -0.209767
-0.644791 0.141052 0.417625
-0.412829 -0.021030 0.019210
-0.275368 0.020163 0.291392
0.023948 -0.188564 -0.236561
0.184131 -0.097613 0.307694
0.324835 -0.237868 -0.149043
0.327965 -0.094914 0.286958
0.313255 -0.105183 -0.107090
0.277262 0.050674 0.258705
0.355343 0.079668 0.250811
0.337201 0.188428 0.351824
-0.278858 -0.836440 -0.629483
-0.315668 -0.863238 -0.607461
-0.538795 -0.897508 -0.846603
-0.424030 -0.665411 -0.505191
-0.667609 -0.572757 -0.636594
-0.508657 -0.389749 -0.497370
-0.803126 -0.375377 -0.572844
-0.651119 -0.211048 -0.368545
-1.186120 -0.313978 -0.240704
-1.016331 -0.068115 -0.071381
-1.537645 -0.198425 -0.139562
-1.518581 -0.142518 -0.020876
-1.800520 -0.108095 -0.111060
-1.690961 0.001857 0.081784
-1.930892 0.146975 -0.326622
-1.932556 0.206771 0.346357
-1.942627 0.284607 -0.091643
-1.731785 0.288000 0.439018
-1.711546 0.374997 0.190307
-1.613148 0.407047 0.715175
-1.557176 0.482123 0.643276
-1.450664 0.536292 0.830437
-1.432214 0.528490 0.670234
-1.152742 0.478367 0.696261
-0.926831 0.391590 0.552455
-0.566871 0.367640 0.586887
-0.402041 0.151125 0.433451
-0.148769 0.315616 0.515951
0.005091 0.167995 0.362944
0.193766 0.287962 0.424187
0.177016 0.209521 0.333656
0.232466 0.288783 0.280170
-0.730762 -1.163027 -0.891960
-0.881517 -1.415871 -1.091407
-1.092951 -1.763778 -1.055211
-1.150000 -1.507441 -0.977491
-1.351619 -1.527696 -1.104684
-1.317216 -1.178940 -0.748697
-1.567878 -1.308415 -0.749646
-1.458756 -1.044000 -0.690520
-1.703510 -1.144913 -0.750297
-1.465994 -0.820291 -0.509841
-1.590060 -0.815773 -0.670257
-1.298142 -0.156649 0.039820
-1.365816 -0.132384 -0.388274
-1.361064 0.011578 0.228927
-1.449141 0.045807 -0.286829
-1.568011 0.141442 0.240671
-1.450146 0.185813 -0.358360
-1.367782 0.238435 0.544355
-1.077042 0.240961 0.057474
-1.009804 0.250428 0.653148
-0.619829 0.228974 0.162364
-0.566380 0.282734 0.716805
-0.297450 0.193451 0.381359
-0.275808 0.225471 0.500337
-0.060143 0.057878 0.240437
0.041153 0.125673 0.540713
0.208097 -0.048103 0.139016
0.312847 0.078891 0.371173
0.411833 0.023417 0.044449
0.417592 0.159201 0.406912
0.531455 0.126164 0.373748
0.467220 0.217256 0.330244
-0.705915 -1.197299 -0.767913
-0.741335 -1.340218 -0.958436
-0.885252 -1.545050 -1.103230
-0.775449 -1.225314 -0.858947
-1.071685 -1.128021 -0.769675
-0.984894 -0.864828 -0.824759
-1.270016 -0.812091 -0.564147
-1.016511 -0.485709 -0.509387
-1.217782 -0.441677 -0.267254
-0.922675 0.051964 -0.001130
-1.058489 -0.089153 -0.011621
-1.016988 -0.031919 0.129124
-1.210298 -0.023374 -0.258910
-1.198422 0.125784 0.195402
-1.426999 0.148029 -0.492821
-1.551003 0.223895 0.488196
-1.553315 0.195139 -0.334807
-1.509586 0.319036 0.725477
-1.342741 0.250137 -0.311260
-1.372192 0.441301 1.345222
-1.333697 0.371552 0.567014
-1.452370 0.705891 1.316228
-1.439377 0.754453 0.590841
-1.572319 0.914061 1.422784
-1.573517 0.988819 1.213108
-1.261295 1.007037 1.146751
-1.009365 0.916534 0.889874
-0.682224 0.897988 1.120187
-0.467073 0.790835 1.067494
-0.046300 0.610645 0.682358
0.112368 0.335595 0.554783
0.168660 0.339584 0.322925
-0.743621 -1.342619 -1.015070
-0.790888 -1.626249 -1.324267
-0.949979 -1.863456 -1.151086
-0.955647 -1.664454 -1.066471
-1.090237 -1.665855 -1.260317
-0.984634 -1.251015 -0.760522
-1.288480 -1.337841 -0.920358
-1.149428 -1.034154 -0.574617
-1.389343 -1.092818 -0.696340
-1.027391 -0.622843 -0.387455
-0.984478 -0.481997 -0.454157
-0.736815 -0.149724 0.198914
-0.732854 -0.134448 -0.235585
-0.616681 -0.058977 0.303395
-0.729844 -0.019838 -0.286649
-1.033539 0.128756 0.539438
-0.987297 0.105383 -0.593505
-1.013401 0.336986 0.961398
-0.784073 0.153306 -0.175833
-0.855788 0.334603 0.962618
-0.615802 0.181459 -0.090359
-0.749001 0.487374 1.159023
-0.545325 0.333813 0.397621
-0.599659 0.424465 0.884705
-0.328867 0.318800 0.294878
-0.406354 0.440696 0.691740
-0.292670 0.303367 0.481131
-0.224021 0.303356 0.488420
0.034798 0.208137 0.263120
0.072648 0.268764 0.553347
0.311312 0.204483 0.457367
0.353109 0.251301 0.439017
-0.525255 -1.268396 -0.626004
-0.604648 -1.436076 -0.957165
-0.605945 -1.535438 -1.020836
-0.610291 -1.273986 -0.881292
-0.764888 -1.097674 -0.579583
-0.760337 -0.884641 -0.688468
-0.931348 -0.776190 -0.339110
-0.780527 -0.521848 -0.486080
-0.944387 -0.408773 -0.031992
-0.904698 -0.109159 -0.022599
-1.057273 -0.212669 0.156301
-1.043209 -0.213538 0.054921
-1.077507 -0.219716 0.054072
-0.987243 -0.078724 0.137483
-0.930328 0.010794 -0.069205
-0.989467 0.150193 0.306752
-1.016857 0.136824 -0.079064
-0.982315 0.327713 0.990992
-0.894216 0.291699 0.120434
-0.998877 0.467036 1.136070
-0.965716 0.448162 0.669830
-1.159362 0.819056 1.814562
-1.068007 0.873928 0.778477
-1.320826 1.098592 1.606015
-1.085525 1.207519 1.162836
-1.061042 1.364642 2.071519
-0.948505 1.414387 1.377358
-0.990240 1.377765 1.662136
-0.693524 1.208407 1.608362
-0.467513 1.018409 1.332165
-0.289853 0.472238 0.996024
-0.087674 0.490665 0.657296
-0.418565 -1.345610 -0.962648
-0.404945 -1.595678 -1.208402
-0.391860 -1.657624 -0.955894
-0.481688 -1.486325 -0.880186
-0.570244 -1.428424 -1.170205
-0.535672 -1.067878 -0.634765
-0.685134 -1.073545 -0.797406
-0.657824 -0.775227 -0.394642
-0.774711 -0.815262 -0.363260
-0.790266 -0.498840 -0.171141
-0.776095 -0.523849 -0.172080
-0.747204 -0.344254 0.181086
-0.731868 -0.359008 -0.052110
-0.693047 -0.293221 0.365662
-0.616357 -0.234392 -0.137476
-0.667705 -0.062937 0.354220
-0.553755 -0.037179 -0.442633
-0.629365 0.134726 0.620407
-0.350472 0.113720 -0.164365
-0.505930 0.219552 0.600357
-0.279964 0.190185 -0.198493
-0.540181 0.372951 0.908809
-0.405488 0.343936 0.086874
-0.529593 0.467811 0.743440
-0.178348 0.396345 0.229382
-0.401435 0.507176 0.792153
-0.385786 0.341989 0.426047
-0.435353 0.329861 0.583605
-0.207666 0.297237 0.533350
-0.109707 0.393327 0.455326
0.132515 0.326275 0.541676
0.136044 0.316465 0.444152
-0.346966 -1.335224 -0.618669
-0.398156 -1.402688 -0.693527
-0.351748 -1.406327 -0.984027
-0.379485 -1.138869 -0.510612
-0.489762 -0.921644 -0.561077
-0.453595 -0.672641 -0.213563
-0.594480 -0.543390 -0.302973
-0.609625 -0.357053 -0.094299
-0.807075 -0.316974 0.017825
-0.795371 -0.167236 0.108039
-0.858764 -0.229608 0.064541
-0.726161 -0.255776 0.187317
-0.648963 -0.250655 -0.129817
-0.588452 -0.148798 0.286400
-0.595754 -0.076143 -0.229720
-0.636257 0.040342 0.513719
-0.619860 0.074155 -0.394625
-0.562005 0.302058 0.883749
-0.492925 0.250955 -0.309421
-0.676373 0.455551 1.425629
-0.696329 0.213907 0.003016
-0.858444 0.696416 1.271641
-0.712213 0.378446 -0.135532
-0.924963 0.989477 1.748012
-0.730697 0.558175 0.567618
-0.814887 1.312362 1.734523
-0.617352 1.256384 0.741529
-0.745492 1.459720 1.920662
-0.638416 1.356246 1.372628
-0.519234 1.265824 1.351490
-0.315736 0.744622 1.091510
-0.132937 0.712422 0.748481
-0.305579 -1.381481 -0.833467
-0.232571 -1.551669 -0.977694
-0.100727 -1.575054 -0.882137
-0.103475 -1.325719 -0.591636
-0.142049 -1.293924 -1.061779
-0.125146 -0.820270 -0.392846
-0.223381 -0.785330 -0.528978
-0.285396 -0.561779 -0.161077
-0.461995 -0.620601 -0.190548
-0.512850 -0.428966 0.005142
-0.584958 -0.475938 0.063625
-0.558925 -0.401314 0.186596
-0.482110 -0.417082 -0.008464
-0.468231 -0.352746 0.257201
-0.395317 -0.277863 -0.129043
-0.478203 -0.013748 0.302486
-0.337404 0.030992 -0.425696
-0.379298 0.286534 0.702337
-0.313143 0.140799 -0.294802
-0.477641 0.311309 0.637260
-0.369236 0.265750 -0.525812
-0.462050 0.551028 1.338317
-0.380205 0.308464 -0.033671
-0.484324 0.597272 0.967992
-0.192385 0.441373 -0.210552
-0.250715 0.739568 1.086392
-0.179576 0.532767 0.249817
-0.303733 0.604521 0.741219
-0.143056 0.552842 0.342378
-0.159283 0.601340 0.697212
0.030866 0.602300 0.627326
0.028745 0.495672 0.366156
-0.185885 -1.286423 -0.554416
-0.201451 -1.306326 -0.584128
-0.069725 -1.334646 -0.805497
-0.095091 -1.029715 -0.397840
-0.121414 -0.805169 -0.374837
-0.102143 -0.558043 -0.198443
-0.234158 -0.445233 -0.138732
-0.277514 -0.321324 -0.001192
-0.399371 -0.332335 -0.006977
-0.405024 -0.328703 0.098898
-0.463629 -0.325467 -0.030947
-0.421494 -0.331171 0.251838
-0.372410 -0.294533 -0.072083
-0.380773 -0.228153 0.364838
-0.377475 -0.189630 -0.163585
-0.451147 0.002428 0.443087
-0.475500 0.058994 -0.164449
-0.447440 0.281495 0.705084
-0.405724 0.211816 -0.278315
-0.467053 0.416083 0.734100
-0.523502 0.338002 0.120982
-0.592060 0.629130 1.142259
-0.451963 0.401134 0.264644
-0.556779 0.906936 1.010727
-0.343473 0.768470 0.528543
-0.388916 1.158914 1.911394
-0.268081 0.752936 0.862714
-0.378635 1.377634 1.831252
-0.297882 1.312985 1.048985
-0.240807 1.335335 1.405753
-0.109311 0.990788 1.209380
-0.057085 0.948291 1.026165
-0.093030 -1.310332 -0.737058
0.017846 -1.457079 -0.820127
0.152243 -1.500062 -0.749833
0.234525 -1.247221 -0.485045
0.237461 -1.179622 -0.737450
0.185994 -0.731619 -0.418361
0.078400 -0.691833 -0.368041
-0.074531 -0.450089 -0.156692
-0.181095 -0.526031 -0.076273
-0.221891 -0.460669 0.100212
-0.205311 -0.510233 -0.084903
-0.245004 -0.427923 0.274647
-0.204482 -0.438938 -0.140441
-0.227839 -0.338181 0.300328
-0.198871 -0.268085 -0.232389
-0.313291 -0.038656 0.330133
-0.282947 -0.018459 -0.499696
-0.379713 0.160706 0.584230
-0.336243 0.135111 -0.331818
-0.426885 0.346032 0.449720
-0.323804 0.316166 -0.336477
-0.361835 0.447940 0.680160
-0.221000 0.428057 -0.093483
-0.228985 0.560190 0.580132
-0.071376 0.591661 0.132136
-0.131140 0.671148 0.638058
-0.015323 0.643779 0.336803
-0.073563 0.682346 0.588192
-0.003393 0.617096 0.464620
-0.024376 0.641057 0.668972
0.104887 0.678766 0.700471
0.073990 0.600579 0.587033
0.158853 -1.163147 -0.507976
0.185438 -1.178151 -0.468874
0.350380 -1.185876 -0.601275
0.275522 -0.918639 -0.379217
0.233143 -0.681838 -0.302912
0.147273 -0.446051 -0.010233
0.044972 -0.404183 -0.126478
0.057497 -0.308156 0.242673
0.007738 -0.336417 -0.092581
-0.074254 -0.327909 0.253381
-0.112305 -0.331074 -0.125765
-0.073972 -0.305500 0.389187
-0.075601 -0.239258 -0.229862
-0.099850 -0.180443 0.529274
-0.124665 -0.131623 -0.270672
-0.185811 0.003755 0.502759
-0.227734 0.074822 -0.320518
-0.269274 0.175028 0.607397
-0.201972 0.203815 -0.447530
-0.188618 0.343940 0.630448
-0.188465 0.356445 -0.225909
-0.225404 0.585091 0.746236
0.004185 0.330051 -0.287456
-0.032316 0.785121 1.205171
0.068513 0.429257 0.297462
0.005154 1.021697 1.070072
0.061326 0.627980 0.027773
-0.016848 1.209376 1.580826
-0.011858 1.164904 0.874506
0.059851 1.235218 1.342072
0.119851 0.912134 0.822239
0.095470 0.929796 0.825998
0.305592 -1.202532 -0.622530
0.400031 -1.356710 -0.692958
0.546197 -1.414243 -0.620730
0.587295 -1.186111 -0.328083
0.532074 -1.108528 -0.677287
0.442313 -0.711756 -0.312084
0.373696 -0.626164 -0.272554
0.209436 -0.397037 -0.001107
0.134278 -0.474000 -0.184442
0.049406 -0.383696 0.275236
0.046705 -0.406055 -0.139348
-0.003959 -0.288010 0.261701
0.059119 -0.321365 -0.271891
0.009305 -0.202202 0.479539
0.016833 -0.181891 -0.388329
-0.028465 0.044876 0.297959
-0.000803 0.041473 -0.488284
-0.084390 0.191102 0.611116
-0.047791 0.155381 -0.409326
-0.107771 0.363900 0.433702
0.021032 0.338655 -0.594904
-0.011032 0.516596 0.680491
0.155506 0.442187 -0.275946
0.142153 0.557679 0.608308
0.226100 0.512356 -0.235676
0.145192 0.729293 0.933412
0.167847 0.609086 0.286753
0.125029 0.685500 0.665603
0.140196 0.637011 0.434313
0.084102 0.684604 0.676729
0.189495 0.694315 0.530910
0.129388 0.609285 0.470952
0.426280 -0.990051 -0.398116
0.471135 -1.027659 -0.414605
0.621384 -1.060733 -0.421460
0.564976 -0.838108 -0.342202
0.545308 -0.698211 -0.200715
0.458204 -0.496810 0.021307
0.384041 -0.454761 -0.159758
0.329578 -0.345733 0.285432
0.367503 -0.348161 -0.129503
0.313115 -0.332326 0.294871
0.331518 -0.291289 -0.193967
0.249565 -0.207565 0.397315
0.273677 -0.111470 -0.304424
0.231032 -0.071083 0.456553
0.262949 -0.037587 -0.341131
0.249213 0.040168 0.579774
0.351657 0.069565 -0.380074
0.323855 0.162047 0.544466
0.368687 0.186215 -0.432079
0.375344 0.359082 0.538541
0.401550 0.303075 -0.352630
0.374622 0.523089 0.728409
0.448010 0.416551 -0.129795
0.391720 0.722068 0.905870
0.403685 0.537673 -0.009415
0.392720 0.937737 1.569415
0.505051 0.612494 0.408378
0.412421 1.115862 1.353202
0.370531 0.990872 0.464808
0.381941 1.110436 1.100315
0.348699 0.710137 0.907647
0.239827 0.867794 0.807609
0.601113 -1.124393 -0.476484
0.652121 -1.239218 -0.516357
0.784859 -1.402366 -0.409678
0.837695 -1.222425 -0.375459
0.790618 -1.172173 -0.483714
0.720508 -0.797721 -0.293447
0.632470 -0.729488 -0.212216
0.513047 -0.460683 0.005787
0.502971 -0.472456 -0.146185
0.442791 -0.354860 0.257490
0.471452 -0.321734 -0.104647
0.347670 -0.171976 0.233660
0.362927 -0.154071 -0.251571
0.278291 -0.031411 0.391101
0.335954 -0.023300 -0.351773
0.305043 0.117566 0.342336
0.435826 0.093784 -0.435033
0.405652 0.222371 0.554989
0.484013 0.214621 -0.490106
0.386463 0.383303 0.446902
0.431381 0.294582 -0.542095
0.412936 0.373508 0.532001
0.550506 0.251210 -0.333462
0.470599 0.389947 0.524686
0.517437 0.293430 -0.027329
0.502538 0.478923 0.644216
0.615026 0.355303 -0.017776
0.479148 0.523650 0.637097
0.457928 0.417257 0.306519
0.314828 0.595010 0.583007
0.277483 0.534068 0.652928
0.261433 0.588312 0.459344
0.484870 -0.812507 -0.243033
0.535290 -0.788879 -0.288586
0.736023 -0.883436 -0.390241
0.799312 -0.693183 -0.164652
0.821650 -0.678193 -0.185026
0.792597 -0.506706 0.030653
0.708463 -0.394758 -0.101480
0.716391 -0.296135 0.242208
0.650702 -0.260818 -0.074939
0.572429 -0.228346 0.230506
0.536673 -0.156656 -0.170443
0.510016 -0.063020 0.350680
0.466106 0.009722 -0.076889
0.421757 0.031063 0.433584
0.504785 0.019351 -0.370112
0.547702 0.085085 0.588667
0.573792 0.073206 -0.245004
0.565350 0.231436 0.606103
0.662256 0.183085 -0.470188
0.742478 0.394818 0.775454
0.700049 0.226691 -0.295344
0.689712 0.472359 0.635799
0.755730 0.229995 -0.342600
0.759405 0.629179 0.992670
0.717532 0.379726 0.134257
0.715280 0.779366 0.866655
0.711022 0.417762 0.100687
0.736662 0.958624 1.027209
0.657333 0.559094 0.601675
0.689715 0.979553 0.749280
0.651121 0.528257 0.635689
0.499327 0.832917 0.564804
0.725876 -0.967399 -0.386792
0.813248 -1.065781 -0.248456
0.933456 -1.310816 -0.320992
0.998268 -1.114774 -0.103438
1.018858 -1.100222 -0.477216
0.978706 -0.748375 0.146460
1.006366 -0.713358 -0.188335
0.952452 -0.502924 0.151887
0.883243 -0.474121 -0.188459
0.796418 -0.380471 0.396487
0.797307 -0.321642 -0.080368
0.695741 -0.179242 0.284511
0.677154 -0.131790 -0.126583
0.634791 -0.062532 0.351652
0.740559 -0.065409 -0.193225
0.753363 0.077157 0.413214
0.806335 0.051877 -0.598165
0.825533 0.226363 0.921835
0.916932 0.096185 -0.524188
0.980020 0.359408 0.745584
0.956354 0.174815 -0.754619
0.861256 0.430344 1.044432
0.846464 0.074481 -0.419115
0.852373 0.375090 0.648741
0.831877 0.173219 -0.195029
0.747827 0.419391 0.708144
0.755995 0.180085 0.097038
0.729135 0.470071 0.493908
0.621683 0.349974 0.263532
0.497708 0.528779 0.429726
0.478849 0.426699 0.520204
0.440667 0.548225 0.379159
0.358839 -0.561992 -0.169031
0.478165 -0.492278 -0.186811
0.681361 -0.575715 -0.082531
0.864175 -0.489230 -0.021926
0.916863 -0.498954 -0.009705
0.984804 -0.375626 0.036691
0.964375 -0.303012 0.075750
0.972360 -0.206624 0.235488
0.954897 -0.201389 -0.039977
0.929983 -0.143017 0.162189
0.863171 -0.088683 -0.039865
0.812079 -0.019629 0.289525
0.812738 -0.008214 -0.101087
0.835898 0.023213 0.207084
0.823426 0.065066 -0.119151
0.865971 0.149522 0.356625
0.897167 0.148760 -0.151376
0.953069 0.325419 0.447670
0.976168 0.250162 -0.124554
1.065758 0.478455 0.780311
1.087004 0.282591 -0.340485
1.116724 0.522758 0.698229
1.027834 0.359960 0.089167
1.045447 0.588987 0.750744
0.982955 0.384349 -0.038463
1.038247 0.690836 0.786092
0.970258 0.525497 0.362922
0.966672 0.862542 0.576820
0.893687 0.638943 0.246893
0.946724 0.892851 0.453365
0.811930 0.583729 0.565700
0.657325 0.700269 0.353163
0.668576 -0.594147 -0.257484
0.773692 -0.637428 -0.252447
0.932645 -0.813929 -0.091842
1.037941 -0.676404 -0.197208
1.098585 -0.726127 -0.040861
1.055680 -0.574933 0.074945
1.121582 -0.596445 -0.042363
1.135350 -0.433684 0.081341
1.062567 -0.414580 0.025936
0.971793 -0.305746 0.212714
0.937288 -0.295612 0.068956
0.883548 -0.191307 0.133520
0.795544 -0.157071 0.082474
0.770500 -0.117636 0.233894
0.825401 -0.095142 0.097579
0.870806 0.012712 0.269122
0.926501 0.048358 -0.000891
0.876788 0.187273 0.455978
0.971911 0.151032 -0.009689
1.017366 0.286423 0.462353
0.988779 0.183365 0.153057
0.918725 0.284288 0.634477
0.932582 0.092245 0.132506
0.944326 0.193472 0.414766
0.891997 0.029721 0.277871
0.858091 0.156072 0.472093
0.856358 0.027361 0.209697
0.881096 0.248769 0.298456
0.833744 0.221013 0.318087
0.762549 0.398249 0.193921
0.707348 0.373582 0.567921
0.555479 0.479956 0.400428
0.207896 -0.389716 -0.090585
0.379858 -0.367632 -0.135556
0.504763 -0.336091 -0.143333
0.748203 -0.285706 -0.007405
0.793483 -0.284393 0.088627
0.847000 -0.240987 0.062940
0.797551 -0.240302 0.063115
0.893794 -0.193447 0.192084
0.905448 -0.184254 0.101359
0.931467 -0.135703 0.131405
0.856594 -0.118814 0.028506
0.862567 -0.099235 0.199418
0.847498 -0.084125 0.058699
0.877269 -0.028833 0.123819
0.820179 0.018718 0.067436
0.818356 0.110526 0.254485
0.814342 0.137720 0.169331
0.868918 0.217667 0.311680
0.839732 0.184073 0.129932
0.919806 0.315311 0.452259
0.906237 0.242757 0.344758
1.026190 0.361487 0.375821
0.967607 0.207599 0.179261
0.967116 0.329746 0.483303
0.956483 0.098403 0.323189
1.055213 0.419886 0.254743
1.007677 0.180393 0.172739
0.978504 0.499468 0.376769
0.930321 0.275856 0.441795
0.977988 0.514752 0.268627
0.821411 0.398571 0.240233
0.637615 0.497244 0.072413
0.523530 -0.298488 -0.107217
0.551909 -0.280442 -0.045303
0.759366 -0.322201 -0.057959
0.833214 -0.236819 -0.036061
0.934830 -0.179571 -0.087769
0.918047 -0.118946 0.002184
0.972362 -0.182037 0.019571
0.924268 -0.121473 0.043219
0.871721 -0.121101 0.023164
0.846848 -0.062939 0.152690
0.862336 -0.077715 0.060775
0.811645 -0.053927 0.097660
0.788511 -0.049297 0.083241
0.748967 0.008266 0.203903
0.768501 0.071487 0.168932
0.745872 0.130822 0.240963
0.777815 0.201854 0.168817
0.745078 0.241978 0.326574
0.797606 0.269559 0.283558
0.782164 0.272369 0.384310
0.801870 0.279734 0.241283
0.775552 0.294427 0.504451
0.812788 0.220471 0.341283
0.771107 0.175340 0.411780
0.766233 0.074104 0.224157
0.745619 0.160280 0.397458
0.801374 0.131214 0.269445
0.758541 0.290473 0.209638
0.712516 0.342738 0.222420
0.587965 0.472525 0.329264
0.631561 0.398305 0.357960
0.515078 0.456511 0.264108
