1.288303 -0.649820 -0.990271
1.317348 -0.431009 -0.214640
1.404959 -0.576023 0.266000
0.810615 0.790074 -0.790346
1.208940 -0.966907 0.597440
1.323922 0.965567 -0.242503
0.994247 -0.124142 0.867631
0.737793 1.211832 0.641194
1.443162 0.676457 -0.175553
0.887888 1.238638 0.051805
0.631854 0.678927 0.978091
1.143521 0.376296 0.378243
0.264434 0.640285 1.013836
1.160792 0.054159 0.989944
0.400848 0.981507 0.905122
1.482402 -1.189216 -0.427616
1.062152 -0.647860 -0.788222
1.425041 -1.107304 0.066760
0.502097 1.138693 -0.366625
-0.159275 0.435584 -1.054035
1.415501 -0.729091 -0.099168
1.259602 1.090107 0.003565
1.348003 0.311480 -0.562924
0.243136 0.050260 -1.304919
0.462553 -0.245679 1.187521
1.175106 -0.332224 0.594856
0.236501 1.200287 -0.258812
1.509716 -1.110970 0.394759
-0.761695 0.575768 -0.238830
1.028190 -0.514349 -0.169172
-0.634829 0.184494 -1.081455
0.951067 -0.031852 -0.901605
1.371506 0.554498 -0.745352
1.270522 -0.190923 -0.704529
1.378386 0.108148 -0.564787
1.390237 0.424134 -0.151287
1.562844 -0.854855 -0.107208
1.140610 0.101206 -0.902072
1.407816 0.387219 0.749687
0.532787 0.628337 -1.057858
0.584536 0.700173 0.724112
1.059128 0.629615 0.668952
0.780598 -0.666663 0.868406
0.447609 -0.381806 -1.210423
0.509737 0.101451 -1.042634
0.848846 -0.720261 -0.718316
-0.528257 -0.853451 0.447049
1.559059 0.667876 0.913872
0.267489 0.504579 -1.053630
1.358073 -0.352850 0.891944
1.435051 -0.965089 0.188636
1.096865 0.330698 0.012438
1.084343 0.690691 0.376312
0.359223 0.004952 1.079039
0.347304 -0.443170 1.088997
1.533442 -0.758257 0.261148
1.462977 -0.406946 -1.040816
1.262964 1.043668 0.541612
-0.683008 0.412550 -0.732113
1.375480 0.443382 -0.133973
-0.397230 0.096865 -1.045090
0.481751 0.801681 -0.839171
-0.027094 -1.153103 0.372160
0.791299 -1.247040 0.423193
0.467033 -0.979239 -0.718059
0.902870 -0.416212 -1.115165
0.171521 0.747198 1.007055
0.826987 -0.139342 1.006672
0.666100 1.142685 0.664333
-0.232084 0.394584 1.083704
1.464747 0.763974 0.111245
1.276402 0.132026 -0.299745
-0.273916 0.030536 1.214771
1.378785 -0.311473 0.602817
1.278293 0.687342 -1.059279
1.119004 -0.293255 -0.384784
1.037862 0.257047 0.737235
1.064937 -0.542832 -0.492159
0.891876 -0.453175 0.841210
1.136297 0.845824 -0.094851
0.970299 -1.031097 -0.305698
-0.521541 -0.647840 0.773767
1.387359 0.261987 -0.780372
-0.891750 0.259451 0.682471
1.064522 -0.905818 -0.619046
0.449758 -0.250512 -1.145517
1.324194 -0.562018 -0.397418
1.358106 -0.280183 -0.533514
0.013985 0.958179 -0.399147
1.393852 -0.255327 -0.927249
-0.966410 -0.490649 0.643478
1.412227 -0.446457 -0.347233
0.592620 0.626919 1.063259
-0.083178 0.108965 1.014361
1.354157 0.359720 0.505941
1.363223 0.149603 0.793480
0.431877 -1.282292 0.111140
1.038235 0.396951 -1.154816
1.226309 -0.490815 0.030414
0.112549 -0.361243 -1.112183
-0.422093 0.438567 0.838863
0.569970 1.263565 0.465157
1.170597 -0.528463 -0.823709
0.711927 -0.293704 0.817139
1.130205 -0.199625 -0.891063
0.932952 0.898322 -0.748750
0.068775 1.219150 0.118907
0.427417 1.028385 -0.669590
1.175447 0.343562 0.645285
0.902117 -0.024744 -1.185698
-0.542599 0.945307 0.171670
1.056292 -0.456941 -0.780235
1.344937 -0.653171 0.514744
1.290066 0.369543 0.254179
1.371189 -0.459636 -0.362552
-0.859151 -0.107177 -0.716781
0.473843 -0.776847 0.845696
1.290319 -0.044722 -0.491048
1.233099 0.190430 -0.915421
-0.399354 0.537332 -0.682981
1.318476 -0.749895 0.218356
1.139168 -0.788710 0.517257
0.825810 -0.687443 -1.154457
1.315576 0.513224 -0.032934
1.317154 -0.208851 -0.210985
1.378344 0.857903 0.197662
1.172690 0.086094 -0.661395
1.142980 0.922338 0.824717
1.352196 -1.019426 -0.194979
-0.799927 0.080447 -0.625746
1.340741 0.343895 -0.358521
0.561912 -0.824261 -0.909534
0.094374 0.836749 -0.635260
1.399104 1.061058 0.656775
-0.257971 -0.241559 -1.091815
1.165804 -0.516728 0.774617
1.281007 0.421526 0.386551
0.434029 1.019670 0.798411
-0.162376 -0.515398 -0.847286
0.658901 1.079265 -0.421670
1.412336 -0.504428 -1.512768
-0.122917 0.582910 -0.782995
-0.250485 -0.455784 0.957383
0.677296 0.320438 -0.962492
1.028017 0.294335 0.942607
1.119812 -0.423296 0.008972
-0.395042 -0.294477 -1.004630
0.132670 -0.252098 1.043627
-0.168000 1.054663 0.479539
1.050543 1.073665 0.038213
1.428218 -0.506596 -0.511550
1.250450 0.805254 -0.486200
1.202255 0.302833 -0.527189
0.840165 -0.111741 -1.444235
0.202770 -0.168036 -1.217543
0.758647 0.221768 0.869169
1.250015 0.570788 0.240580
-0.378005 0.811532 -0.259557
1.398484 -0.978943 -0.938186
0.107938 0.268659 1.187818
-1.120971 -0.282644 -0.750665
1.353644 0.241856 -1.558985
1.212586 0.272458 -0.294685
1.294840 0.282130 0.641840
1.125628 0.473154 -0.643371
1.392514 0.609875 -0.262714
1.205540 -0.344567 -0.440446
1.061516 0.717440 -0.410793
1.294471 0.201578 0.016766
0.312890 -0.686910 -0.977779
1.592827 0.496576 0.423821
0.028406 0.601956 0.990602
0.509711 0.245871 1.116011
1.256114 1.030203 0.339668
1.322190 -0.055171 -0.885363
1.067032 0.953888 0.732904
1.387532 0.623531 0.005670
1.316054 -0.483829 -0.705553
0.583025 -1.297585 -0.255869
1.247643 -0.498338 0.463064
1.363791 0.874727 -0.081051
0.884869 0.984810 -0.145472
1.348311 0.741867 -0.062646
1.334132 0.630268 -0.620979
0.972317 -0.283800 0.481527
1.272254 -0.510841 -0.204010
1.397674 1.029455 -0.698577
-0.431704 0.264142 -0.846231
1.255589 -0.199325 0.448813
0.591908 0.191346 -1.171601
0.286582 0.413212 -1.434320
1.224662 0.138630 -0.290443
1.277349 -0.815044 -0.791003
0.774272 0.482423 -1.143075
-0.587444 0.240015 0.931473
1.298733 0.173512 0.185684
1.339890 -0.590184 -0.648183
1.263992 -0.830295 0.061218
-0.059644 -1.127314 -0.206672
1.432520 0.291738 -0.984514
1.570984 0.753356 0.689768
0.698017 1.220778 -0.040134
1.459733 1.015984 0.238031
0.384728 0.340654 1.060146
1.403171 -0.915823 -0.450465
1.461613 1.111587 0.853125
-0.134154 0.182972 -0.998348
1.392013 0.480163 0.537642
0.111771 -0.524812 0.994973
1.524670 -0.733850 -0.669590
1.188627 0.973664 -0.311841
1.375738 0.628084 0.156078
1.280881 0.646510 -0.420281
1.158756 0.693399 0.775033
-0.429551 0.730409 0.787536
0.008441 -0.777391 -0.799722
0.357695 0.611777 -0.754017
1.211457 -0.006036 -0.537848
0.061605 0.220310 -1.183617
1.444268 0.743946 0.296801
-0.206734 0.189470 -1.284178
-0.004899 0.948462 0.749149
-1.081209 0.208150 -0.651192
0.518018 -1.043912 0.777091
-0.653624 -0.261799 0.902897
1.268533 -0.111901 0.326682
0.488306 -1.178171 -0.610088
-0.563632 -0.069388 -0.990867
1.480248 -0.841768 0.625201
0.811168 -1.001103 -0.713168
1.389950 0.575054 0.327851
1.276231 -0.204783 -1.156057
-0.490960 -0.823456 -0.428488
-0.007895 -0.092207 -1.054478
0.679163 -0.545627 -1.028064
1.227353 -0.183253 -0.427979
0.181529 -1.220498 0.692443
0.859980 0.943485 0.589543
-0.581062 -0.330609 -0.798062
-0.336452 0.807721 -0.541074
0.974759 0.409504 -0.914811
-0.182305 -0.827507 0.788919
0.953954 -1.124478 -0.093376
1.414224 1.213483 0.251615
-0.667810 -0.607303 -0.844280
0.900884 0.541415 0.950279
-0.789111 0.612534 0.507735
1.307634 -0.436433 -0.041425
0.437851 -0.488448 -0.974914
-0.783215 -0.643256 -0.508566
-0.279847 -0.645878 -0.861487
1.402167 -0.707570 -0.377900
-0.041483 -0.938985 -0.554707
0.300226 1.192006 0.458200
0.978895 0.996451 -0.454178
0.261761 -0.906766 0.797374
-0.092257 -0.969636 0.021258
-0.184302 -1.028471 0.524832
-0.185533 -0.962067 -0.257499
-0.284918 -0.858687 0.966160
-0.536245 -0.935435 0.164863
-0.535685 -0.797457 0.986895
-0.421760 -0.751417 -0.345513
-0.501412 -0.512149 1.247228
-0.744946 -0.719935 0.062386
-0.803476 -0.565516 0.939997
-0.773614 -0.661205 -0.400458
-0.829826 -0.418348 1.263786
-1.047199 -0.603188 -0.031791
-1.072705 -0.401871 0.915410
-1.112386 -0.430360 -0.101325
-1.122925 -0.243795 1.209110
-1.307188 -0.305233 0.079198
-1.342159 0.028315 0.824472
-1.272547 0.075622 -0.454183
-1.178247 0.313415 1.056517
-1.276975 0.302582 -0.143645
-1.160408 0.411560 0.633720
-0.979325 0.452667 -0.516427
-0.850130 0.500136 0.885050
-0.924483 0.555868 0.045859
-0.850900 0.601668 0.710240
-0.684335 0.709604 -0.192061
-0.605778 0.646045 1.002888
-0.675754 0.765231 0.293150
-0.547695 0.791941 0.646258
-0.330519 0.947954 0.106681
-0.258566 0.945433 0.255020
-0.620660 -0.922740 -0.013828
-0.565293 -1.008564 0.492449
-0.553042 -1.081117 0.469802
-0.626542 -1.013650 0.894289
-0.705087 -0.948073 -0.052285
-0.818648 -0.800300 1.166786
-0.944080 -0.976295 0.510700
-0.937639 -0.775366 0.945875
-0.890939 -0.804940 -0.086713
-0.975088 -0.571514 1.130461
-1.102509 -0.775498 0.482409
-1.240292 -0.598273 0.970744
-1.257490 -0.670624 0.135574
-1.405425 -0.437710 1.366215
-1.441005 -0.603824 0.726681
-1.561157 -0.367931 1.058371
-1.423273 -0.347014 0.262446
-1.516619 -0.087673 1.258460
-1.466407 -0.135614 0.543365
-1.502007 0.201378 0.734480
-1.272692 0.283162 -0.223071
-1.252994 0.365343 1.004022
-1.137006 0.407973 0.432828
-1.092583 0.355404 0.818704
-0.865286 0.514268 -0.036950
-0.870295 0.346229 1.165297
-0.793260 0.433763 0.804983
-0.740306 0.371280 1.155142
-0.568913 0.626413 0.283549
-0.525543 0.407095 1.267817
-0.261622 0.415350 1.281464
-0.200067 0.523791 1.247648
-0.616868 -0.822055 0.562409
-0.628671 -1.026284 0.489773
-0.836250 -1.074320 0.306388
-0.844998 -0.914065 0.821630
-1.115530 -0.889581 0.678040
-0.971204 -0.747382 0.551958
-1.177122 -0.821685 0.348660
-1.104370 -0.635193 0.778075
-1.379846 -0.784723 0.876619
-1.219101 -0.538827 0.495120
-1.406137 -0.673932 0.540580
-1.387025 -0.502923 0.845935
-1.732535 -0.568694 1.054772
-1.743285 -0.363774 0.676865
-2.008769 -0.436966 0.705114
-1.972111 -0.257981 1.064909
-2.160670 -0.207000 1.109566
-1.979969 0.188246 0.653645
-2.002162 0.287264 0.248154
-1.773829 0.518397 0.683815
-1.771883 0.539116 0.497865
-1.490992 0.617409 0.260434
-1.372576 0.645779 -0.198523
-1.194359 0.673412 0.570213
-1.204148 0.704121 0.311432
-0.983850 0.746116 0.376395
-0.970754 0.866927 -0.033524
-0.912460 0.811846 0.664378
-0.935749 0.931326 0.423777
-0.689248 0.902587 0.713011
-0.705325 0.926858 0.279328
-0.594294 0.965949 0.211927
-0.892345 -0.856359 0.155980
-0.956464 -1.087159 0.499327
-1.069761 -1.189420 0.614444
-1.130589 -1.177135 0.863216
-1.278096 -1.192538 0.153089
-1.316582 -1.034260 1.172178
-1.471564 -1.205808 0.702852
-1.449833 -1.022478 0.764434
-1.333181 -1.033473 0.048375
-1.293659 -0.769947 1.048761
-1.361945 -0.841810 0.653855
-1.519066 -0.740911 0.921239
-1.613300 -0.752960 0.205473
-1.846490 -0.585414 1.346563
-1.853944 -0.586849 0.769604
-2.038931 -0.363799 1.026799
-1.879466 -0.228630 0.053975
-1.934898 -0.067038 1.180930
-1.731213 -0.017345 0.643054
-1.646334 0.226180 0.702218
-1.406011 0.474389 -0.182093
-1.369448 0.503521 0.759453
-1.304715 0.598411 0.219505
-1.225886 0.552852 0.602204
-1.017564 0.715013 -0.171605
-1.013738 0.618151 0.946492
-0.940173 0.723414 0.457423
-0.856145 0.571277 1.003795
-0.692525 0.806730 0.070227
-0.615771 0.664005 1.221130
-0.411566 0.710016 0.740838
-0.362486 0.758929 1.093825
-0.714451 -0.876340 0.543869
-0.748306 -1.032975 0.592632
-0.905822 -1.192604 0.469976
-1.006375 -1.131664 0.951881
-1.226852 -1.292363 0.883709
-1.233582 -1.032618 0.775349
-1.242507 -1.103294 0.334380
-1.254578 -1.014289 1.131853
-1.265258 -1.065076 0.812380
-1.190395 -0.717464 0.875212
-1.187148 -0.736844 0.337749
-1.363091 -0.545302 1.346947
-1.525662 -0.537843 0.693329
-1.792731 -0.297561 1.253538
-1.953368 -0.286458 0.156199
-2.117884 -0.045419 1.614647
-2.083450 0.078894 0.681353
-2.074310 0.345640 1.208554
-1.921587 0.608407 0.010530
-1.819881 0.674309 0.860529
-1.602913 0.781354 0.430056
-1.418551 0.798022 0.724322
-1.293847 0.933291 0.053556
-1.310754 0.980175 0.546367
-1.149026 1.063107 0.433767
-1.079391 1.034875 0.746787
-0.997414 1.152838 0.364493
-1.041346 1.102211 0.712059
-0.869050 1.148211 0.679555
-0.817344 1.081608 1.142163
-0.703317 1.085381 0.904622
-0.677463 1.101332 0.741762
-0.750457 -1.060047 0.303608
-0.787430 -1.315259 0.722947
-0.885296 -1.455760 0.730726
-1.066318 -1.477628 1.131105
-1.051216 -1.505055 0.152248
-1.110906 -1.329974 1.549206
-1.246801 -1.460645 0.708605
-1.345743 -1.371399 1.254797
-1.170079 -1.394822 -0.013940
-1.159855 -1.039483 1.682570
-1.121127 -0.994423 0.608787
-1.386850 -0.906282 1.389457
-1.400385 -0.771644 -0.091618
-1.649436 -0.498683 1.822861
-1.541589 -0.441888 0.432798
-1.818815 -0.223599 1.515270
-1.689792 0.006740 -0.253502
-1.779360 0.177202 1.509212
-1.560870 0.450641 0.252050
-1.551880 0.489106 0.980547
-1.271373 0.686164 -0.251877
-1.259776 0.694429 0.899847
-1.213862 0.814469 0.110629
-1.197606 0.843344 0.545404
-1.005156 0.971562 -0.048993
-0.946919 0.939282 0.752333
-0.899069 0.983531 0.510190
-0.839940 0.924634 0.742331
-0.661240 1.016076 0.360239
-0.616068 0.879455 0.850292
-0.503552 0.825309 0.769429
-0.442144 0.907063 0.974418
-0.563316 -0.991939 0.540037
-0.656042 -1.120175 0.895559
-0.664805 -1.291777 0.193981
-0.806103 -1.162651 1.469744
-0.922898 -1.141478 0.407211
-1.067726 -1.033429 1.298656
-0.913100 -1.227362 -0.377866
-1.078248 -1.031132 1.910867
-1.071151 -0.974069 0.250251
-1.095572 -0.754684 1.368975
-0.979265 -0.828375 -0.161180
-1.219188 -0.586797 1.712858
-1.322208 -0.617807 0.220435
-1.559843 -0.250868 1.570349
-1.580299 -0.279807 -0.533850
-1.672615 0.016625 1.829674
-1.623873 0.098513 0.094468
-1.683640 0.417426 1.338235
-1.597452 0.549163 -0.647372
-1.565225 0.655366 1.433816
-1.472377 0.804830 -0.054255
-1.313940 0.958972 0.887895
-1.118845 1.102884 -0.593817
-1.160364 1.235923 1.078280
-1.199330 1.384448 0.160974
-1.113536 1.503362 0.867258
-0.995075 1.597127 0.063301
-1.008843 1.515756 1.218781
-0.981608 1.603297 0.796702
-0.843135 1.432161 0.996898
-0.769414 1.341670 0.670816
-0.720822 1.261951 0.639810
-0.542025 -1.097721 0.309244
-0.556438 -1.280587 0.980781
-0.659813 -1.478954 0.581251
-0.763639 -1.398426 1.341393
-0.714288 -1.416706 -0.394364
-0.769119 -1.166176 2.055957
-0.808003 -1.289114 0.197519
-0.971322 -1.212592 1.689184
-0.842780 -1.325386 -0.749016
-0.882242 -0.964006 2.304171
-0.873679 -0.978977 -0.096424
-1.111181 -0.767196 1.689934
-1.205072 -0.704264 -0.863407
-1.279046 -0.342940 2.020341
-1.207189 -0.331991 -0.400084
-1.364714 -0.083537 1.798590
-1.331036 0.126334 -0.914161
-1.316935 0.344167 1.843729
-1.196570 0.535936 -0.452376
-1.259928 0.576216 1.394884
-1.093318 0.816060 -0.896728
-1.057552 0.883465 1.542850
-1.026962 0.998345 -0.295382
-1.016490 1.071263 1.173903
-0.745511 1.296497 -0.481914
-0.687467 1.296946 1.133301
-0.774818 1.235413 0.149637
-0.750297 1.249751 1.004800
-0.590821 1.322049 0.038625
-0.559664 1.168044 0.963313
-0.438011 1.066836 0.636304
-0.432644 1.038718 0.829571
-0.392927 -1.002769 0.598426
-0.409299 -1.108221 0.800042
-0.401959 -1.326958 0.263875
-0.462976 -1.176986 1.242340
-0.610214 -1.252048 0.470837
-0.708793 -1.025257 1.116296
-0.625669 -1.212565 0.039221
-0.787888 -0.998690 1.695472
-0.837398 -1.034238 0.396172
-0.868863 -0.819155 1.216781
-0.776883 -0.903820 0.097958
-1.003387 -0.606222 1.369574
-1.044685 -0.613126 0.207012
-1.252390 -0.280002 1.367613
-1.193305 -0.266224 -0.062100
-1.303282 0.098049 1.288644
-1.255192 0.180000 0.121587
-1.351739 0.450330 1.379648
-1.220926 0.608656 -0.213760
-1.303125 0.765801 1.064144
-1.153092 0.956236 0.173663
-1.106348 1.047826 1.484055
-0.898954 1.312040 -0.055988
-0.970426 1.385729 1.037678
-0.805901 1.538756 0.446284
-0.848507 1.640305 1.888645
-0.813999 1.862149 0.577352
-0.981097 1.754354 1.303480
-0.838481 1.834343 1.080666
-0.741066 1.663632 1.559265
-0.602314 1.598267 1.187989
-0.627895 1.438800 1.094343
-0.308907 -1.122241 0.341487
-0.253106 -1.226274 0.774401
-0.248276 -1.367640 0.592526
-0.352429 -1.332564 1.055916
-0.294967 -1.394404 0.027792
-0.415764 -1.246424 1.698571
-0.495184 -1.264238 0.380098
-0.651473 -1.214908 1.411676
-0.596012 -1.333666 -0.153851
-0.650346 -1.115426 1.900422
-0.606554 -1.067234 0.261327
-0.836080 -0.980292 1.409533
-0.869341 -0.853551 -0.273218
-1.038394 -0.571057 1.722519
-0.922733 -0.458852 -0.133413
-1.088212 -0.249507 1.482881
-0.925283 -0.023708 -0.300015
-1.050991 0.184296 1.553789
-0.848285 0.540793 -0.185007
-0.993736 0.563924 1.195890
-0.771897 0.845034 -0.372283
-0.841791 0.824904 1.346089
-0.757528 1.050711 0.040087
-0.820385 1.064266 1.041643
-0.524481 1.250925 0.078635
-0.572337 1.216013 1.107502
-0.512953 1.253282 0.401194
-0.667069 1.296272 0.873579
-0.534786 1.381301 0.611437
-0.562256 1.316523 0.810688
-0.388486 1.191857 0.872075
-0.386122 1.150757 0.917622
-0.181633 -1.097103 0.511959
-0.234852 -1.148629 0.769748
-0.168583 -1.272454 0.018828
-0.214839 -1.143987 1.259556
-0.327827 -1.100640 0.015338
-0.467626 -0.988460 1.183611
-0.376311 -1.165198 -0.482947
-0.491824 -0.989779 1.788639
-0.597021 -0.987144 -0.248683
-0.686271 -0.786201 1.419027
-0.514375 -0.858550 -0.628567
-0.616191 -0.616529 1.772382
-0.632656 -0.592657 -0.500011
-0.813678 -0.300909 1.354429
-0.805050 -0.238645 -0.777947
-0.920104 0.077131 1.626366
-0.862510 0.265987 -0.480325
-0.944894 0.526683 1.298989
-0.887059 0.730238 -0.774494
-0.937637 0.846509 1.849222
-0.896995 1.002439 -0.381581
-0.869763 1.172348 1.363011
-0.686988 1.387049 -0.821178
-0.698880 1.433141 1.951337
-0.623394 1.496930 -0.128340
-0.665207 1.558547 1.557836
-0.544202 1.707335 -0.172054
-0.656587 1.687161 1.644059
-0.645184 1.822795 0.691278
-0.586919 1.657323 1.218219
-0.450179 1.540454 0.859241
-0.436463 1.410279 0.816555
-0.151662 -1.191957 0.231180
-0.121554 -1.221073 0.749127
-0.075349 -1.347264 0.291396
-0.177519 -1.252695 1.008594
-0.168510 -1.347319 -0.490876
-0.252744 -1.090962 1.688893
-0.302825 -1.173804 -0.294796
-0.386391 -1.061486 1.489390
-0.295211 -1.264879 -1.076935
-0.388232 -0.970114 2.169986
-0.309408 -0.957344 -0.750118
-0.396264 -0.809132 1.783404
-0.366505 -0.788944 -1.267953
-0.464634 -0.497994 2.161221
-0.365734 -0.391037 -0.983815
-0.550037 -0.157324 1.806358
-0.532692 0.061878 -1.167059
-0.606571 0.296448 2.091187
-0.496552 0.612030 -0.694569
-0.609000 0.620619 1.698778
-0.421773 1.022170 -1.170700
-0.523700 1.024632 2.144112
-0.487160 1.141901 -0.337527
-0.539124 1.091959 1.469196
-0.240572 1.380637 -0.574050
-0.309846 1.298772 1.448991
-0.303795 1.311152 0.159832
-0.402521 1.314276 1.210307
-0.294838 1.469880 0.226693
-0.459021 1.349983 1.063115
-0.386753 1.326607 0.538507
-0.352431 1.178694 0.673045
-0.019612 -1.166585 0.457121
-0.023946 -1.155687 0.698854
0.058085 -1.309142 0.057621
0.013929 -1.146223 0.953723
-0.148412 -1.156883 0.008856
-0.253309 -0.989314 0.993091
-0.234592 -1.127972 -0.368538
-0.331199 -0.918336 1.442619
-0.412462 -0.954087 -0.430427
-0.415469 -0.736479 1.251157
-0.328527 -0.772310 -0.627855
-0.431159 -0.563864 1.439259
-0.379663 -0.541256 -0.584206
-0.479354 -0.284097 1.206715
-0.353622 -0.229989 -0.697364
-0.523760 0.098973 1.196478
-0.481105 0.265563 -0.432582
-0.659923 0.490361 1.314925
-0.541990 0.705336 -0.478456
-0.695462 0.813317 1.180028
-0.575889 1.033177 -0.052324
-0.635820 1.113861 1.727912
-0.418068 1.319493 -0.253742
-0.510944 1.323912 1.333038
-0.368539 1.368040 0.143597
-0.439749 1.331431 2.048348
-0.301909 1.457903 0.220027
-0.434679 1.365826 1.583706
-0.381921 1.540354 0.392442
-0.390225 1.392481 1.169838
-0.230929 1.467333 0.832930
-0.294222 1.307286 0.924346
0.023641 -1.225808 0.203860
0.128409 -1.220176 0.486322
0.253470 -1.323620 0.270321
0.210135 -1.228067 0.717300
0.125324 -1.316202 -0.188104
-0.030480 -1.100669 1.200001
-0.105390 -1.195365 -0.242046
-0.190741 -0.955383 1.174561
-0.143527 -1.174934 -0.679721
-0.226782 -0.884193 1.555474
-0.168182 -0.903620 -0.661347
-0.235470 -0.661266 1.404842
-0.174584 -0.776499 -0.902921
-0.286650 -0.516679 1.678873
-0.243150 -0.422375 -0.805846
-0.373006 -0.156735 1.385771
-0.314328 0.002568 -0.742539
-0.470389 0.199146 1.495887
-0.406220 0.572634 -0.539778
-0.538740 0.618859 1.063292
-0.383713 0.876785 -0.490178
-0.479487 0.829646 1.294925
-0.445282 1.151562 -0.225171
-0.491338 1.045465 0.898751
-0.221363 1.245581 -0.016189
-0.280488 1.069515 0.955278
-0.221434 1.200491 0.266323
-0.350709 1.122048 0.923262
-0.234016 1.305179 0.296011
-0.330053 1.130147 0.951398
-0.243894 1.198681 0.563877
-0.155330 1.090407 0.864906
0.186192 -1.177930 0.367398
0.241471 -1.168682 0.679126
0.404672 -1.253851 -0.104025
0.397452 -1.097847 0.882150
0.371857 -1.120957 -0.265451
0.193038 -0.966828 1.000065
0.264528 -1.086705 -0.711057
0.179905 -0.878472 1.301179
0.151113 -0.924620 -0.852691
-0.001863 -0.706085 1.326181
0.053614 -0.741105 -1.064048
-0.012809 -0.527910 1.411576
0.006082 -0.492348 -0.973776
-0.160615 -0.271897 1.203776
-0.050997 -0.197506 -1.015521
-0.131293 0.042797 1.292993
-0.107719 0.238339 -0.854286
-0.316492 0.407839 1.025200
-0.332061 0.617135 -0.900786
-0.487151 0.689470 1.474285
-0.454921 0.891602 -0.609628
-0.414570 1.009691 1.044132
-0.234973 1.209300 -0.839945
-0.295398 1.191242 1.631504
-0.252641 1.275235 -0.301034
-0.259408 1.160767 1.077167
-0.180173 1.306958 -0.414184
-0.200178 1.209712 1.145670
-0.158575 1.415500 0.385257
-0.108787 1.261618 1.060810
0.021517 1.302990 0.482583
-0.037983 1.199703 0.577567
0.338505 -1.193235 0.080784
0.456248 -1.198182 0.503581
0.614507 -1.302513 0.058247
0.577688 -1.149541 0.691763
0.605214 -1.203260 -0.534738
0.513378 -0.983316 1.118572
0.567738 -1.075248 -0.490403
0.483320 -0.867271 1.009303
0.456490 -1.078434 -0.983408
0.287614 -0.764536 1.415168
0.359988 -0.835913 -0.974283
0.209182 -0.498754 1.305049
0.174585 -0.629229 -1.373272
0.033145 -0.322328 1.579897
0.181859 -0.313733 -1.123614
0.074068 -0.070890 1.356753
0.058371 0.049597 -1.386785
-0.130210 0.229509 1.632098
-0.152738 0.429195 -1.002707
-0.207377 0.516799 1.221347
-0.083673 0.806181 -1.373452
-0.220342 0.838031 1.663099
-0.208672 0.957646 -0.712916
-0.170805 0.914812 1.084377
0.039556 1.207616 -0.809936
-0.024239 1.105647 1.112618
-0.004822 1.131520 -0.150354
-0.042971 1.025010 0.869131
0.031790 1.253744 -0.035262
-0.036596 1.115589 0.767398
0.052803 1.225685 0.300267
0.080481 1.078774 0.518104
0.477796 -1.194837 0.326709
0.555860 -1.183058 0.638518
0.774147 -1.271134 -0.097713
0.747671 -1.071795 0.783055
0.828166 -1.172229 -0.235479
0.806854 -0.951465 0.818924
0.897344 -1.071260 -0.552397
0.831718 -0.865543 1.145392
0.797863 -1.002475 -0.714250
0.687800 -0.710448 1.065275
0.679370 -0.725144 -0.932661
0.588501 -0.428704 1.201264
0.541683 -0.452844 -1.000641
0.367939 -0.210452 1.099567
0.380526 -0.161014 -1.007607
0.261932 0.042766 1.009982
0.320805 0.218576 -0.973883
0.123654 0.314346 0.999881
0.113805 0.472271 -1.001249
-0.108507 0.531563 0.978014
-0.052565 0.719247 -0.728068
-0.155066 0.790298 1.139637
-0.018375 0.935955 -0.734329
-0.069588 0.977347 0.926129
0.107598 1.043895 -0.518659
0.111986 1.060163 1.220823
0.204064 1.154236 -0.343688
0.156104 1.128373 0.910523
0.248928 1.266148 -0.192599
0.239335 1.176687 0.696090
0.339025 1.245596 0.281108
0.230437 1.182819 0.508088
0.624030 -1.204430 0.151066
0.800644 -1.222400 0.401969
0.960094 -1.346946 0.131424
0.957156 -1.225352 0.563391
1.011329 -1.272405 -0.163654
1.025601 -1.086554 0.898252
1.160682 -1.150041 -0.351093
1.166276 -0.970169 0.874640
1.143049 -1.109103 -0.614207
0.970239 -0.832557 1.172231
1.083189 -0.876553 -0.765988
1.037431 -0.526701 1.071699
1.042962 -0.634957 -0.874394
0.800080 -0.312177 1.199930
0.832392 -0.348276 -1.010484
0.785382 -0.074723 0.994570
0.832814 -0.011028 -0.828497
0.612017 0.193743 1.023222
0.639403 0.256926 -0.970909
0.600917 0.430089 0.894970
0.608384 0.488686 -0.968827
0.393060 0.633064 1.019110
0.361814 0.783244 -0.921559
0.345246 0.898232 0.821768
0.464188 0.938125 -0.723738
0.434078 0.972980 0.807609
0.509352 1.019850 -0.601730
0.504317 1.074137 0.681809
0.554732 1.152714 -0.306275
0.463772 1.147726 0.608238
0.486580 1.202012 0.212503
0.376219 1.119790 0.416188
0.728081 -1.216700 0.275796
0.850843 -1.249304 0.701914
1.098298 -1.291756 -0.124766
1.167007 -1.114500 0.712025
1.303206 -1.128465 -0.258482
1.261312 -0.983099 0.744914
1.346179 -1.026340 -0.526596
1.424013 -0.868861 0.859303
1.484593 -0.984354 -0.460220
1.343526 -0.747661 0.943317
1.358299 -0.729368 -0.741922
1.362672 -0.456367 0.833890
1.388982 -0.496671 -0.588037
1.115837 -0.289095 0.776723
1.078532 -0.252868 -0.757854
1.113546 -0.001726 0.602025
1.170375 0.066754 -0.505593
0.950544 0.232886 0.743621
0.956946 0.303718 -0.696195
1.058164 0.422785 0.696040
1.075137 0.456973 -0.529813
0.882284 0.608899 0.807257
0.829080 0.694855 -0.823024
0.908762 0.876437 0.781785
0.864254 0.864453 -0.530270
0.804144 0.984814 0.742531
0.873458 0.999417 -0.631660
0.873956 1.104783 0.658553
0.737844 1.088284 -0.175548
0.775245 1.112465 0.447574
0.833129 1.151254 -0.090305
0.616813 1.184231 0.165704
0.821471 -1.202504 0.138657
1.035908 -1.269027 0.407637
1.287395 -1.368221 0.072094
1.305388 -1.259681 0.610155
1.366675 -1.235366 -0.394460
1.394596 -1.127951 0.904797
1.720053 -1.179961 -0.248495
1.646785 -1.036485 0.746970
1.627548 -1.039396 -0.642054
1.527502 -0.858767 1.140618
1.748205 -0.879987 -0.445799
1.629892 -0.654318 0.742478
1.486908 -0.633701 -0.704208
1.328133 -0.418489 0.965035
1.460297 -0.377191 -0.345622
1.389825 -0.160748 0.470647
1.337179 -0.058923 -0.476686
1.321845 0.191325 0.685584
1.514126 0.198159 -0.203700
1.559599 0.383225 0.511092
1.490901 0.411376 -0.509226
1.444378 0.636372 0.762602
1.503755 0.647027 -0.403981
1.508797 0.872279 0.516343
1.397544 0.861449 -0.567872
1.260495 1.060234 0.644270
1.236623 0.957658 -0.366556
1.199520 1.120822 0.437429
1.096629 1.100856 -0.331435
0.875670 1.099861 0.302117
0.857868 1.175590 -0.000465
0.704046 1.155201 0.230123
0.875559 -1.179252 0.198115
1.182483 -1.265285 0.431219
1.367543 -1.261985 0.043919
1.495818 -1.096684 0.518127
1.601090 -1.073954 -0.082746
1.776248 -1.005284 0.335336
1.786614 -0.965563 -0.059221
1.855464 -0.863165 0.543929
1.864100 -0.841102 -0.286547
1.916691 -0.685872 0.319760
1.843425 -0.601281 -0.180732
1.809904 -0.467598 0.448399
1.754431 -0.429148 -0.368717
1.664178 -0.301853 0.158052
1.549947 -0.176180 -0.193824
1.504402 0.047599 0.280508
1.545099 0.190853 -0.254034
1.622504 0.387509 0.202966
1.663404 0.469125 -0.088815
1.725090 0.605126 0.512144
1.785002 0.586344 -0.368495
1.823356 0.718947 0.266441
1.810698 0.812855 -0.210932
1.781482 1.001720 0.514740
1.748157 0.963831 -0.493702
1.709679 1.109758 0.451929
1.675324 1.091031 -0.253762
1.524136 1.194804 0.404096
1.378459 1.126339 -0.420675
1.348464 1.160989 0.052018
1.223672 1.222011 0.000508
0.904576 1.165054 0.086962
1.042517 -1.211805 0.145531
1.272079 -1.329807 0.252849
1.494369 -1.311544 0.201725
1.590798 -1.252135 0.172794
1.734182 -1.245292 0.190915
1.736207 -1.264055 0.530782
1.915428 -1.219886 -0.032518
1.943260 -1.136170 0.475613
1.930528 -1.025890 0.114081
1.859090 -0.956627 0.738186
1.892675 -0.902610 -0.117702
1.889824 -0.780577 0.428542
1.746452 -0.673276 0.043103
1.614777 -0.558028 0.505157
1.559364 -0.462248 -0.072108
1.509554 -0.199039 0.330078
1.484837 0.011574 0.104639
1.509593 0.235685 0.497235
1.649669 0.310588 -0.043598
1.717845 0.422705 0.400244
1.753733 0.493116 0.052209
1.683683 0.605986 0.624058
1.785354 0.636932 -0.082387
1.730675 0.818624 0.442048
1.696484 0.866391 0.055886
1.552827 1.023800 0.540704
1.609766 0.984434 -0.105032
1.489727 1.121639 0.334796
1.404570 1.093970 0.003003
1.151361 1.119459 0.181447
1.089814 1.163091 0.212160
0.793080 1.165266 0.377926
0.786302 -1.187663 0.167570
1.148010 -1.251186 0.215486
1.319366 -1.134053 -0.228896
1.484929 -1.061767 0.261320
1.606216 -1.074622 -0.054416
1.743588 -1.058160 0.260150
1.744682 -1.018262 -0.262957
1.837031 -0.924524 0.296337
1.787869 -0.842126 -0.081545
1.867888 -0.741389 0.176165
1.760427 -0.689111 -0.324904
1.725915 -0.584457 0.201267
1.639921 -0.506004 -0.129167
1.610016 -0.404544 0.097050
1.473601 -0.212115 -0.201414
1.489241 0.097101 0.175669
1.477993 0.234125 0.048815
1.597092 0.346095 0.146635
1.581324 0.421557 -0.118408
1.662720 0.541482 0.345784
1.703105 0.525138 0.005874
1.863625 0.609253 0.136493
1.787792 0.667642 -0.286979
1.835865 0.936837 0.287660
1.798495 0.910749 -0.040952
1.924318 1.111983 0.165957
1.771860 1.069514 -0.246314
1.731862 1.237197 0.218759
1.547167 1.155627 0.047677
1.519142 1.210217 -0.030372
1.278896 1.191472 -0.260431
0.871754 1.159138 -0.223709
0.930282 -1.059349 0.137780
1.019211 -1.176100 0.500627
1.314323 -1.159220 0.228514
1.328558 -1.070089 0.517297
1.493342 -1.056894 0.042038
1.465870 -1.018136 0.565441
1.675100 -0.937137 0.173099
1.613665 -0.827683 0.433223
1.668314 -0.703000 0.069205
1.551301 -0.660812 0.561002
1.653526 -0.564643 0.191134
1.550163 -0.489186 0.309821
1.481185 -0.387152 -0.007142
1.331689 -0.334551 0.391007
1.376112 -0.226410 0.148720
1.297773 -0.016470 0.264011
1.349743 0.206045 0.081252
1.338078 0.371448 0.356935
1.432925 0.445443 0.194427
1.471782 0.492668 0.294263
1.549132 0.580130 0.072869
1.486087 0.614237 0.379645
1.607507 0.704724 0.087775
1.509556 0.813306 0.223575
1.558655 0.939657 0.014595
1.422619 1.015193 0.328816
1.559721 1.053704 0.088670
1.435084 1.126261 0.164725
1.373208 1.181739 0.093335
1.112143 1.187984 0.272962
1.049223 1.210115 0.021953
0.758710 1.106998 0.163028
