-0.912674 -0.715934 -0.768604
-0.099823 -0.652894 -0.783749
-0.131696 -0.803834 0.257893
-0.162720 0.662318 -0.493520
-0.305414 -0.877047 1.091508
-0.898052 0.917868 -0.317455
-0.475597 -0.112532 1.039527
-0.293835 0.997945 0.043900
-1.020302 0.990977 -0.354439
-0.124038 0.856766 -0.012594
-0.409647 0.865477 0.637725
-0.006433 0.537896 0.795607
-0.839387 0.833231 0.700386
-0.189450 0.507049 0.466435
-0.875137 0.878110 0.362184
-1.156985 -0.973389 0.079118
-0.553042 -1.026773 -0.884030
-1.021046 -0.891268 0.445139
-0.265779 0.733784 0.058051
-0.726235 0.626325 -0.933990
-0.208836 -0.935134 0.586092
-0.631484 1.360598 -0.281182
-0.355963 0.855433 -0.487587
-0.449270 0.095953 -0.990353
-0.668407 -0.005481 1.285187
-0.790311 0.351007 0.666545
-0.472926 1.154332 -0.216150
-0.569986 -0.696518 0.665455
-1.038610 0.835015 -0.085823
-0.695139 -0.703268 -0.878597
-0.644060 0.185490 -0.859669
-0.392805 0.132478 -1.032994
-0.411723 0.834920 -0.897732
-0.562836 -0.492763 -1.138179
-0.960667 0.717801 -0.459870
-0.058156 0.858514 -0.337427
-1.012760 -0.859393 -0.346269
-0.544478 0.573218 -0.818276
-0.282062 0.748918 0.746552
-0.986220 0.844961 -0.473331
-0.218668 0.773489 0.482587
-0.191590 0.876680 0.584898
-0.737490 -0.155971 1.082464
-0.679599 -0.423078 -1.006623
-0.687954 0.194602 -0.786640
-0.162560 -0.414363 -0.806791
-0.685528 -0.457283 0.879504
-0.430413 1.021263 0.556312
-0.555734 0.611523 -0.727983
-0.965119 -0.095517 0.437667
-1.322567 -0.692695 0.578220
-0.311993 1.126740 -0.532747
-0.358865 0.907162 -0.106026
-0.641389 0.095883 0.970553
-0.864415 -0.101239 1.136159
-0.717897 -0.594999 0.687653
-0.903692 -0.551323 -0.210993
-0.164168 1.157005 0.570073
-1.130395 0.556619 -0.771281
-0.565815 0.779257 -0.179451
-0.955392 0.026812 -0.676937
-0.481111 0.949141 -0.627066
-1.093529 -0.757079 0.359490
-0.260516 -0.846727 0.229741
-0.241843 -0.753365 -0.351086
-0.508650 -0.538355 -0.898914
-0.406724 0.616205 0.842844
-0.375172 -0.095838 1.246052
-0.552142 1.059409 0.449710
-0.578050 0.527158 0.878988
-0.592092 1.148829 0.057347
-0.399006 0.236659 -0.763876
-0.989484 0.078053 0.815404
-0.683434 0.283146 0.845193
-0.842729 0.832853 -0.084044
-0.182940 -0.357578 -0.948171
-0.473166 0.421388 1.250793
-0.296696 -0.679251 -0.575276
-0.352749 -0.285582 1.068915
-0.132805 0.747105 -0.477397
-0.068275 -0.935016 -0.378520
-1.109329 -0.338380 0.711698
-0.959108 0.887410 -0.461336
-1.390078 0.387777 0.850497
-0.481456 -1.011377 -0.778408
-0.694295 -0.268315 -0.987581
-0.099212 -0.951127 -0.464425
-0.535902 -0.691074 -0.749781
-0.552381 1.028938 -0.240450
-0.917994 -0.534144 -0.600187
-1.691800 -0.565204 0.716794
-0.179458 -0.752367 -0.701824
-0.659177 0.813862 0.801605
-0.669608 0.284191 0.941265
-0.395643 0.754420 0.834302
-0.749461 0.858439 0.833429
-0.558485 -1.022530 0.252907
-0.434135 0.589907 -0.613173
-0.363411 -1.080133 0.127738
-0.844357 -0.238192 -0.957721
-0.949568 0.585298 0.851197
-0.356817 0.912945 0.338502
-0.804615 -0.859969 -1.081698
-0.879325 -0.162436 0.524896
-0.669052 -0.458745 -0.965263
-0.537526 1.090298 -0.790970
-0.707603 1.270163 0.518955
-0.253398 0.850169 -0.386809
-0.006198 0.339542 0.864463
-0.437823 -0.027097 -0.741221
-0.775747 1.147432 0.142937
-0.158666 -0.699381 -0.482140
-0.364935 -0.637721 0.814611
0.011204 0.889454 0.693023
-0.799482 -0.984431 -0.564423
-1.241606 -0.458618 -0.862774
-0.558918 -0.412667 0.799534
-0.385016 0.100367 -0.709803
-0.636665 0.599724 -0.771944
-0.786951 0.838181 -0.518934
-0.440502 -0.871951 0.671405
-0.304456 -0.549167 0.710421
-0.423936 -0.738457 -0.818677
-0.247642 1.185191 -0.055658
-0.126970 0.273804 -0.609469
-0.064591 1.243832 -0.192156
-0.322566 0.593769 -0.833359
-0.447070 1.182441 0.844242
-0.424084 -1.157655 -0.453801
-1.006515 0.146219 -0.517489
-0.302486 0.884222 -0.754290
-0.888685 -0.963025 -0.539605
-0.740233 0.768856 -0.527199
-0.257757 1.133726 0.513860
-0.895818 -0.415103 -0.709298
-0.656965 -0.337790 0.847339
-0.257954 1.193081 0.204518
-0.248633 0.888073 0.353516
-1.074480 -0.683685 -0.461063
-0.501276 1.219138 -0.528001
-0.486895 -0.515923 -0.336684
-0.863578 0.518425 -0.574771
-0.768927 -0.103695 0.958512
-0.721450 0.363821 -0.871529
-0.401591 0.390360 1.238134
-0.156580 -0.320614 0.861035
-0.853960 -0.202573 -0.754277
-0.767510 0.254773 0.655204
-0.720895 0.892518 0.821531
-0.535581 1.131220 -0.414400
-0.582966 -0.811506 -1.035136
-0.518668 1.237421 -0.653728
-0.474485 0.836271 -0.835522
-0.151874 -0.350997 -0.652974
-0.610570 -0.225549 -0.904814
-0.292437 0.580333 0.846125
-0.258390 0.931128 -0.281318
-0.753036 0.973122 -0.286654
-1.137085 -0.631275 -0.160349
-0.846547 0.235861 0.806479
-1.209431 -0.227639 -0.555554
-0.988624 0.897920 0.337838
-0.340381 0.559811 -0.442511
-0.227745 0.639412 1.048946
-0.157021 0.661209 -0.530149
-0.292772 1.032921 -0.571667
-0.257636 -0.755807 -0.491367
-0.012024 0.235911 -0.466367
-0.190980 0.821679 -0.622813
-0.683428 -0.784569 -0.932801
-0.576260 1.036478 0.058178
-0.887932 0.710828 0.754468
-0.643103 0.397019 1.099944
-0.091561 0.943877 0.116385
-0.565695 -0.180963 -0.967892
0.046667 0.918103 0.687964
-0.320642 0.935541 -0.187068
-0.470649 -0.742680 -0.506849
-0.470613 -0.831979 -0.347414
-0.378102 -0.659126 1.107704
-0.800388 1.052765 0.076942
-0.184699 0.711983 0.226992
-0.146013 0.853629 -0.349971
-0.807986 0.871929 -0.429951
-0.237466 -0.119369 0.669085
-0.120136 -0.639422 -0.554772
-0.830343 1.169995 0.000088
-0.938585 0.310724 -0.592159
-0.207299 -0.198828 0.669760
-0.603957 0.474005 -0.945290
-0.555960 0.262729 -1.009162
-0.104632 0.530390 -0.742598
-0.362124 -0.995624 -0.659352
-0.458025 0.672505 -0.849191
-0.896540 0.323576 0.996335
-0.103239 0.571496 0.747140
-0.553670 -0.921397 -0.643764
0.039742 -0.752056 -0.353202
-0.842614 -0.971537 0.066637
-1.176178 0.294433 -0.326530
-0.711738 1.048455 0.461612
-0.436386 1.172342 -0.030783
-0.263533 0.975499 0.514228
-0.646396 0.676331 1.027205
-0.793760 -1.020635 -0.189032
-0.379965 1.013269 0.446109
-0.855885 0.154393 -0.548548
-0.031986 0.492909 1.077771
-0.865104 -0.243056 0.771991
-1.229561 -0.807026 -0.564034
0.021817 1.157226 -0.334897
0.106687 0.989337 -0.322219
-0.182420 1.086704 -0.469909
-0.376611 1.020867 0.979511
-0.966791 0.608394 0.587672
-0.830735 -0.890012 -0.626947
-0.336430 0.506168 -0.596663
-0.389856 0.213058 -0.782951
-0.786031 0.341743 -0.712772
-0.637012 0.970470 0.534288
-0.493180 0.315481 -0.819504
-1.058314 0.644324 0.479852
-1.248346 0.367551 -0.711045
-0.867154 -0.702100 0.634194
-0.945844 0.015682 0.894247
-0.424278 0.167457 1.129856
-0.644047 -1.072211 -0.522450
-0.793104 -0.069277 -0.955137
-0.410566 -0.265589 0.702016
-0.653984 -1.106990 -0.597134
-0.194415 1.168900 -0.164888
-0.620113 -0.425433 -0.891144
-1.344184 -0.945871 -0.296727
-0.645893 -0.168332 -0.885341
-0.611607 -0.588027 -0.860376
-0.277461 0.587328 -0.978630
-0.768500 -0.838272 0.444594
-0.307973 1.013449 0.309636
-0.622530 0.371600 -0.617647
-0.817466 1.124833 -0.213622
-0.159266 0.094554 -0.705569
-0.808708 -0.369950 0.650163
-0.115883 -0.988013 0.036065
-0.929905 1.070319 0.006887
-1.028803 -0.799027 -0.677382
-0.668322 0.752332 1.096498
-1.306320 0.835232 0.694645
-0.180998 -0.725528 -0.529142
-0.163259 -0.441731 -0.574851
-1.374725 -0.599547 -0.566991
-0.840896 -0.616793 -0.815484
-0.590602 -1.114819 -0.242621
-0.870645 -0.899942 -0.369048
-0.955676 1.000121 0.108655
-0.629078 1.184438 -0.687380
-0.736952 -0.669376 0.719937
-0.510193 -0.683082 -0.179949
-0.728262 -0.641472 0.260141
-0.872535 -0.621622 -0.323028
-0.939938 -0.573111 0.630398
-1.076834 -0.624184 -0.026113
-1.094791 -0.476656 0.527503
-1.061725 -0.505122 -0.411944
-1.101466 -0.385585 0.787293
-1.258931 -0.525706 -0.093167
-1.310666 -0.461973 0.242119
-1.287254 -0.499830 -0.475408
-1.166337 -0.293097 0.398989
-1.226485 -0.305880 -0.277109
-1.099615 -0.172080 0.016968
-1.101116 -0.184534 -0.476768
-1.098297 -0.009044 0.292006
-1.300921 -0.049640 -0.330843
-1.345638 0.155840 0.145026
-1.373884 0.146490 -0.472865
-1.329058 0.344567 0.254894
-1.424199 0.341347 -0.315622
-1.360599 0.459593 -0.083403
-1.262645 0.349991 -0.496591
-1.149021 0.427142 0.283274
-1.196490 0.343524 -0.193374
-1.130124 0.351359 0.136817
-1.039104 0.263890 -0.363266
-0.948824 0.348845 0.536219
-1.003433 0.339540 -0.044168
-0.883559 0.347750 0.306900
-0.712668 0.433975 -0.063679
-0.533013 0.513760 0.062346
-1.050393 -0.876068 -0.250146
-1.225810 -1.071514 0.077262
-1.318268 -1.341603 -0.004012
-1.433507 -1.110883 0.440277
-1.503707 -1.110360 -0.263733
-1.595948 -0.873829 0.782922
-1.719619 -1.026588 0.187309
-1.800553 -0.795084 0.486771
-1.828823 -0.839590 -0.187707
-1.954827 -0.650597 0.774750
-2.099089 -0.848252 0.311238
-2.095228 -0.666377 0.413337
-2.022666 -0.700069 -0.163721
-1.955564 -0.409024 0.558570
-1.940077 -0.525530 -0.020274
-1.965761 -0.249896 0.297607
-1.983976 -0.309914 -0.184425
-2.054955 -0.044844 0.414813
-2.054562 -0.091440 0.019471
-2.064958 0.291911 0.173919
-1.978735 0.299119 -0.264379
-1.908196 0.428624 0.335074
-1.818121 0.350378 0.004076
-1.703219 0.369281 0.158110
-1.578253 0.315443 -0.231559
-1.522601 0.303379 0.543539
-1.409943 0.180597 0.269550
-1.364017 0.148702 0.508270
-1.198587 0.124554 0.179901
-1.221646 0.041496 0.944200
-1.032653 -0.103086 0.947948
-0.843270 0.128567 0.826252
-1.117888 -0.699983 0.164505
-1.280486 -0.850581 0.084991
-1.479680 -0.995758 0.086873
-1.402954 -0.854550 0.386918
-1.725435 -0.869323 0.496496
-1.641982 -0.668104 0.152526
-1.932497 -0.776127 0.025039
-1.881940 -0.671090 0.338682
-2.239506 -0.766351 0.431327
-2.162253 -0.694107 -0.084013
-2.472682 -0.715424 0.014054
-2.232372 -0.525917 0.197343
-2.504264 -0.464002 0.433912
-2.276705 -0.270066 -0.036897
-2.530894 -0.251004 0.025174
-2.363083 -0.010987 0.263601
-2.615840 0.019029 0.233500
-2.532984 0.269689 0.076693
-2.677737 0.314841 -0.050220
-2.523517 0.526284 0.241620
-2.572124 0.561472 0.203268
-2.295816 0.680696 -0.018528
-2.225440 0.698462 -0.220899
-1.999666 0.764980 0.098760
-1.981241 0.733665 0.131214
-1.732709 0.697688 0.042187
-1.706868 0.685012 -0.113166
-1.563097 0.704775 0.377358
-1.562853 0.723078 0.231349
-1.358819 0.637224 0.266575
-1.337821 0.586406 0.002170
-1.079042 0.601709 -0.094016
-1.301402 -1.136496 -0.156656
-1.498610 -1.508287 0.061971
-1.548190 -1.719925 0.160234
-1.718639 -1.595402 0.413352
-1.846290 -1.621201 -0.082685
-1.862848 -1.378695 0.662448
-1.958427 -1.482255 0.335764
-2.082553 -1.241406 0.322495
-2.133122 -1.237037 -0.310020
-2.242357 -1.002778 0.556489
-2.352319 -1.096918 0.023087
-2.449518 -0.957406 0.247459
-2.447440 -0.905411 -0.315456
-2.460543 -0.624707 0.492348
-2.499349 -0.590070 0.028821
-2.545705 -0.342826 0.230543
-2.544415 -0.221897 -0.202626
-2.570610 0.008292 0.432705
-2.536660 0.053432 0.026177
-2.484184 0.276343 0.156272
-2.343286 0.400955 -0.265917
-2.239323 0.509784 0.239281
-2.071397 0.529013 -0.058954
-1.913204 0.530676 0.029265
-1.697817 0.598448 -0.263258
-1.655582 0.576188 0.261572
-1.578481 0.518028 0.112560
-1.521393 0.453085 0.275798
-1.381504 0.453577 -0.048360
-1.408687 0.337673 0.688196
-1.270470 0.207937 0.595314
-1.023488 0.375289 0.585338
-1.074467 -1.081677 0.173168
-1.188843 -1.331817 0.091307
-1.296865 -1.518386 -0.032147
-1.353063 -1.431443 0.314424
-1.559796 -1.445595 0.219612
-1.632740 -1.242789 0.108491
-1.778154 -1.271813 -0.325147
-1.827962 -1.087034 0.303708
-1.924588 -1.059986 -0.206413
-1.913938 -0.910541 0.103717
-2.059100 -0.926399 -0.570365
-2.052217 -0.706288 0.507027
-2.142022 -0.652528 -0.331595
-2.096540 -0.377025 0.382343
-2.346530 -0.250203 -0.570904
-2.393443 -0.010115 0.593830
-2.407620 0.122858 -0.234931
-2.425379 0.309819 0.499291
-2.437388 0.511799 -0.378281
-2.385450 0.592311 0.543177
-2.260468 0.761813 -0.082016
-2.145442 0.840678 0.505518
-2.018362 1.051764 -0.309934
-1.865037 1.075180 0.301401
-1.671133 1.159723 0.089033
-1.550127 1.100770 0.421140
-1.521614 1.189525 -0.104275
-1.495405 1.131986 0.337741
-1.380764 1.133526 0.084389
-1.260864 0.956626 0.475798
-1.306664 0.832896 0.132980
-1.128473 0.766107 0.021094
-1.130844 -1.460887 -0.091925
-1.184649 -1.905718 0.094216
-1.234999 -2.098248 0.132945
-1.371873 -1.982994 0.506632
-1.495748 -1.939145 -0.177701
-1.488747 -1.691021 0.774907
-1.671173 -1.706442 0.106796
-1.793144 -1.313240 0.349292
-1.809245 -1.264557 -0.698217
-1.751132 -0.956774 0.747389
-1.776204 -1.066780 -0.500943
-1.806548 -0.869482 0.545467
-1.869269 -0.846515 -0.824436
-1.867326 -0.523844 0.871256
-1.920218 -0.453402 -0.581052
-2.039461 -0.214734 0.648254
-2.110265 -0.025342 -0.692109
-2.129147 0.192363 0.606194
-1.967281 0.384999 -0.492270
-1.983612 0.501973 0.444695
-1.804055 0.679748 -0.658636
-1.790540 0.781799 0.586147
-1.695032 0.918697 -0.374793
-1.615434 0.925490 0.378988
-1.367922 0.980630 -0.389705
-1.325206 0.934363 0.462560
-1.298715 0.900143 -0.012007
-1.327997 0.841368 0.237699
-1.233803 0.774566 -0.095869
-1.288491 0.620274 0.383847
-1.144211 0.480886 0.387138
-0.989822 0.572221 0.420756
-0.980375 -1.321898 0.131611
-1.079874 -1.546743 0.238902
-1.073206 -1.719997 -0.176325
-1.155132 -1.525552 0.547801
-1.323932 -1.473679 -0.153115
-1.382779 -1.208795 0.367632
-1.456168 -1.220103 -0.593088
-1.487253 -0.949041 0.608725
-1.612911 -0.962113 -0.536967
-1.519364 -0.807691 0.419918
-1.502525 -0.902950 -0.799522
-1.474641 -0.670562 0.739155
-1.537179 -0.642868 -0.707515
-1.525855 -0.335032 0.761923
-1.644554 -0.300720 -1.051937
-1.692349 -0.020245 0.984075
-1.747512 0.107790 -0.823960
-1.795117 0.381191 0.807762
-1.718073 0.502278 -0.941579
-1.699710 0.681933 1.063191
-1.646825 0.838525 -0.655924
-1.522591 1.058941 0.682141
-1.396188 1.241691 -0.819667
-1.359249 1.354847 0.911473
-1.372839 1.459469 -0.429886
-1.255920 1.545690 0.510713
-1.152074 1.636336 -0.804410
-1.108274 1.584851 0.609484
-1.204375 1.598432 -0.181670
-1.158027 1.313929 0.227410
-1.178235 1.184250 -0.253430
-1.030370 0.988924 -0.033892
-1.004682 -1.412369 -0.085133
-0.964280 -1.741599 0.156390
-1.025003 -1.919888 -0.067933
-1.129207 -1.739614 0.499705
-1.217944 -1.724193 -0.595313
-1.189036 -1.398750 0.987994
-1.306677 -1.387128 -0.401289
-1.354082 -1.115518 0.627325
-1.330989 -1.146555 -0.952857
-1.303129 -0.852061 0.975323
-1.309170 -1.009328 -0.753486
-1.334674 -0.767191 0.729406
-1.317026 -0.802886 -1.173756
-1.248761 -0.427841 1.113109
-1.176190 -0.438272 -1.055533
-1.262361 -0.114716 1.025888
-1.308613 0.019105 -1.261092
-1.348347 0.284453 1.127919
-1.286076 0.348212 -1.011978
-1.256230 0.551707 0.908215
-1.118490 0.762482 -1.252430
-1.109426 0.920150 1.115859
-1.115690 0.979007 -0.754760
-1.113295 1.079416 0.696680
-0.922973 1.222895 -0.967701
-0.880629 1.219149 0.672375
-0.989611 1.098619 -0.327709
-1.038568 1.061637 0.361327
-0.953523 1.024104 -0.479530
-1.020718 0.805542 0.299471
-1.063935 0.584233 0.139068
-0.870696 0.595764 0.193175
-0.836669 -1.162114 0.147472
-0.902573 -1.333205 0.137861
-0.859380 -1.513691 -0.215249
-0.858601 -1.293020 0.413346
-1.061542 -1.272263 -0.237783
-1.086368 -1.122489 0.185873
-1.092804 -1.123266 -0.541966
-1.137256 -0.956363 0.467130
-1.242615 -0.939699 -0.444048
-1.181616 -0.830448 0.314534
-1.192495 -0.824128 -0.584294
-1.206007 -0.643719 0.467938
-1.233163 -0.603424 -0.468468
-1.165087 -0.363834 0.533144
-1.206194 -0.257387 -0.627533
-1.234272 0.006548 0.639467
-1.277938 0.172895 -0.496220
-1.310065 0.401372 0.800875
-1.337179 0.554663 -0.613544
-1.359036 0.718295 0.641575
-1.238039 0.854626 -0.365206
-1.193588 1.013951 0.852205
-1.052759 1.207438 -0.643606
-1.107821 1.304066 0.475291
-1.015075 1.399391 -0.310238
-0.983447 1.537212 0.893459
-1.041719 1.710395 -0.671579
-1.061858 1.690749 0.281691
-0.963762 1.718327 -0.407717
-0.872896 1.503179 0.474760
-0.933059 1.358825 -0.124821
-0.892264 1.078438 0.105681
-0.792544 -1.158698 -0.085048
-0.779941 -1.343742 -0.004425
-0.742830 -1.410419 0.022567
-0.778137 -1.347300 0.271628
-0.793631 -1.391671 -0.549230
-0.828392 -1.192278 0.655465
-0.879544 -1.214722 -0.427960
-0.962737 -1.074056 0.438360
-0.909416 -1.150608 -0.834207
-0.940039 -0.911671 0.830106
-0.981554 -0.993753 -0.618213
-1.057909 -0.781184 0.667659
-0.983086 -0.825499 -0.893382
-1.010066 -0.569138 0.905844
-0.964299 -0.536421 -0.767654
-1.032157 -0.265330 0.847878
-0.991780 -0.110192 -0.860315
-1.116307 0.163197 0.850264
-1.057931 0.388822 -0.778817
-1.107821 0.550057 0.738888
-0.964185 0.706249 -0.789045
-0.959090 0.780677 0.697093
-0.915558 0.959593 -0.494032
-0.877290 0.999685 0.341470
-0.726823 1.020765 -0.520726
-0.695350 1.043963 0.286818
-0.755391 1.007855 -0.166324
-0.891188 1.074841 -0.029780
-0.852518 0.945044 -0.322877
-0.932310 0.810250 0.001455
-0.813757 0.598349 -0.126201
-0.678326 0.599021 0.119099
-0.565920 -1.081144 0.119760
-0.650499 -1.180399 0.193680
-0.570363 -1.303057 -0.324280
-0.579497 -1.157108 0.487620
-0.663923 -1.110423 -0.316286
-0.695939 -1.073563 0.336014
-0.641557 -1.065608 -0.725582
-0.669692 -0.967944 0.651199
-0.826024 -0.909934 -0.649336
-0.836510 -0.840004 0.607050
-0.838293 -0.846636 -0.941104
-0.826121 -0.692705 0.923774
-0.849156 -0.595779 -0.808307
-0.832409 -0.504349 0.889190
-0.823988 -0.318071 -1.028598
-0.872597 -0.038159 1.009549
-0.916275 0.160562 -0.845529
-0.973311 0.383378 0.951083
-0.991690 0.522116 -0.925167
-1.039392 0.698694 1.041616
-1.007713 0.839456 -0.647760
-0.907347 0.964908 0.723584
-0.788563 1.063205 -0.961501
-0.789425 1.077840 0.837921
-0.839400 1.157259 -0.599487
-0.823247 1.225540 0.297405
-0.889098 1.404551 -1.134438
-0.887628 1.372886 0.208679
-0.925861 1.448947 -0.616595
-0.764106 1.241013 -0.128591
-0.727256 1.113955 -0.390027
-0.628334 0.923569 -0.297292
-0.484201 -1.146309 -0.152521
-0.421321 -1.243378 0.051298
-0.359964 -1.279091 -0.068960
-0.332520 -1.219179 0.343400
-0.381849 -1.218244 -0.653915
-0.342836 -1.058410 0.735422
-0.437320 -1.119179 -0.570128
-0.427189 -1.000371 0.552940
-0.471089 -1.112373 -1.085097
-0.436101 -0.873917 1.025167
-0.511233 -0.941952 -0.878285
-0.558116 -0.744596 0.890591
-0.531093 -0.810514 -1.230174
-0.535800 -0.516029 1.298383
-0.532591 -0.517836 -1.155535
-0.614778 -0.230689 1.164130
-0.610769 -0.160430 -1.388734
-0.661604 0.150617 1.342365
-0.708909 0.288398 -1.182517
-0.739639 0.499909 1.139539
-0.682132 0.663112 -1.266123
-0.657796 0.766009 1.147242
-0.606522 0.801202 -0.814730
-0.526223 0.857413 0.692498
-0.410148 0.947891 -1.023969
-0.397473 0.970531 0.532102
-0.546378 0.915922 -0.388045
-0.568529 0.944133 0.228642
-0.629110 0.929577 -0.525224
-0.686096 0.843938 0.133591
-0.697026 0.708045 -0.281980
-0.488691 0.666027 -0.089149
-0.230037 -1.121244 0.093118
-0.282286 -1.120628 0.263602
-0.192415 -1.246091 -0.298822
-0.218110 -1.096824 0.507856
-0.279258 -1.088637 -0.351400
-0.290149 -0.994714 0.496132
-0.279763 -1.027391 -0.713176
-0.270606 -0.888389 0.796608
-0.398854 -0.901329 -0.681667
-0.393855 -0.804706 0.732602
-0.389576 -0.792848 -0.941427
-0.400422 -0.604561 1.006221
-0.476100 -0.530072 -0.863393
-0.506996 -0.385326 0.932392
-0.472668 -0.306447 -1.048300
-0.507287 -0.061028 1.057045
-0.530635 0.061299 -0.915591
-0.591571 0.296072 1.073120
-0.586369 0.434871 -0.937426
-0.630810 0.612670 0.906650
-0.577282 0.767044 -0.629077
-0.615430 0.863149 0.962144
-0.527984 0.943234 -0.695093
-0.576100 0.915455 0.527012
-0.509864 0.958826 -0.441134
-0.542735 0.976310 0.737717
-0.616359 1.005192 -0.778419
-0.618911 0.991540 0.373989
-0.583303 1.074108 -0.662156
-0.466940 0.989087 0.029471
-0.384965 1.000409 -0.233128
-0.349940 0.890925 -0.045663
-0.168209 -1.151368 -0.095645
-0.116075 -1.228940 0.077421
-0.018920 -1.297931 -0.059983
0.007589 -1.222599 0.295140
-0.046908 -1.276919 -0.498117
-0.038710 -1.072622 0.645878
-0.101996 -1.136697 -0.586577
-0.082107 -0.962474 0.589969
-0.134999 -1.145236 -0.868522
-0.086430 -0.867004 0.942333
-0.117240 -0.910047 -0.825891
-0.132570 -0.654991 0.880624
-0.173967 -0.822606 -1.068290
-0.221094 -0.544225 1.111577
-0.224088 -0.560784 -0.992689
-0.257610 -0.284101 1.002925
-0.228621 -0.300284 -1.129671
-0.290474 0.018475 1.192396
-0.289176 0.148816 -1.064268
-0.334303 0.364707 0.966574
-0.299337 0.452039 -0.944529
-0.373003 0.593208 0.929199
-0.394193 0.710941 -0.536452
-0.417437 0.762361 0.426830
-0.288920 0.776203 -0.436351
-0.300678 0.766040 0.294574
-0.352495 0.824230 -0.157798
-0.339979 0.850591 0.049738
-0.309833 0.870249 -0.423682
-0.330224 0.807618 0.048352
-0.343636 0.747476 -0.094782
-0.245943 0.696816 0.076314
0.039283 -1.045071 0.055620
0.003622 -1.014017 0.377458
0.104679 -1.116705 -0.339774
0.120280 -0.965351 0.579873
0.072765 -0.945574 -0.358301
0.013786 -0.846935 0.530279
0.020638 -0.857370 -0.706953
0.026332 -0.725513 0.743369
-0.019331 -0.680081 -0.588107
-0.025608 -0.616000 0.666715
0.005618 -0.581127 -0.806885
-0.008125 -0.464156 0.825254
-0.048901 -0.417574 -0.704902
-0.108919 -0.308657 0.750243
-0.000525 -0.269708 -0.826252
-0.045864 -0.101558 0.823698
-0.068383 0.006607 -0.713995
-0.163762 0.176535 0.760655
-0.069376 0.334831 -0.781572
-0.116158 0.468940 0.932130
-0.147475 0.647951 -0.496648
-0.209542 0.724109 0.671017
-0.185615 0.862449 -0.719333
-0.228671 0.822635 0.860977
-0.251732 0.876393 -0.407426
-0.224346 0.854646 0.521613
-0.205728 0.995390 -0.937890
-0.174881 0.899245 0.306626
-0.182724 1.048215 -0.336887
-0.130152 0.904235 0.335606
-0.056679 0.948586 -0.324879
-0.089923 0.814022 -0.138941
0.199743 -1.091896 -0.111411
0.225126 -1.174667 0.303850
0.307050 -1.280411 -0.208104
0.293936 -1.165943 0.450432
0.286503 -1.224476 -0.663990
0.256191 -1.010739 0.789168
0.228453 -1.036674 -0.504756
0.197059 -0.856582 0.581543
0.203611 -0.993511 -0.839674
0.206079 -0.780351 0.897195
0.208001 -0.764756 -0.616488
0.161871 -0.593992 0.756438
0.133032 -0.699902 -0.899257
0.121775 -0.504870 0.968723
0.173285 -0.518663 -0.690419
0.106992 -0.416905 0.771691
0.097162 -0.336248 -0.855574
0.067175 -0.126144 1.010801
0.123488 0.015797 -0.590530
0.025254 0.121728 0.758451
-0.001442 0.348314 -0.782690
-0.042632 0.492980 0.901416
-0.057385 0.622680 -0.284783
-0.089094 0.651432 0.582664
-0.086533 0.773917 -0.504330
-0.111150 0.763974 0.517566
-0.166317 0.765785 -0.210727
-0.128878 0.769879 0.299146
-0.117117 0.859545 -0.392181
-0.148267 0.774455 0.166352
-0.146249 0.821266 -0.085990
-0.080971 0.719003 -0.068631
0.165449 -0.990072 0.114514
0.149021 -0.968262 0.269086
0.247664 -1.052274 -0.165287
0.242833 -0.898648 0.421511
0.190871 -0.867852 -0.130103
0.144180 -0.762697 0.305948
0.093884 -0.738344 -0.365246
0.090931 -0.636092 0.487724
0.079896 -0.573796 -0.222166
0.079515 -0.533252 0.311064
0.046824 -0.483170 -0.375893
0.063645 -0.417241 0.441349
0.053982 -0.319718 -0.248331
0.031018 -0.291628 0.289313
0.022310 -0.193943 -0.331297
0.030965 -0.137256 0.382904
0.036199 0.017675 -0.206188
0.002766 0.105126 0.275253
0.005204 0.294148 -0.169967
-0.001798 0.371722 0.406353
0.013625 0.576436 -0.059773
-0.012769 0.628215 0.674215
-0.008297 0.747165 -0.159541
0.018901 0.751619 0.511088
0.035014 0.851508 -0.229476
0.072270 0.834047 0.897526
0.077253 0.897530 -0.488948
0.167964 0.905884 0.632828
0.169680 1.048256 -0.773871
0.179072 0.991359 0.174098
0.172518 1.031166 -0.264605
0.123387 0.885888 0.105100
0.261126 -1.082740 -0.021610
0.289277 -1.149502 0.135099
0.354035 -1.281252 0.016329
0.361361 -1.176923 0.229964
0.318187 -1.231000 -0.317381
0.286158 -1.073682 0.487600
0.211942 -0.988659 -0.125398
0.194526 -0.859277 0.338037
0.179372 -0.890408 -0.308690
0.170197 -0.827308 0.523772
0.141049 -0.727783 -0.128210
0.124807 -0.667213 0.410504
0.123752 -0.681976 -0.333890
0.109945 -0.660371 0.630108
0.064703 -0.534032 -0.138915
0.063448 -0.521932 0.466809
0.086290 -0.335450 -0.252809
0.067802 -0.237815 0.634845
0.053900 0.009858 -0.083904
0.014642 0.044278 0.411077
0.004688 0.303789 -0.070183
-0.023716 0.283567 0.575453
-0.039492 0.499588 0.014897
-0.083364 0.486650 0.313032
-0.038581 0.639397 0.011122
-0.044764 0.577814 0.367175
-0.057604 0.665067 -0.039722
-0.066113 0.628448 0.093286
-0.062208 0.701879 -0.206962
-0.045348 0.738428 0.107533
-0.034619 0.722394 -0.002472
0.000233 0.698957 -0.014363
0.120219 -0.986953 0.000864
0.103625 -0.941702 0.268834
0.178674 -1.000917 -0.205762
0.212337 -0.877630 0.383741
0.144472 -0.790954 -0.074917
0.114978 -0.784437 0.270730
0.074117 -0.717546 -0.293718
0.092005 -0.675517 0.448269
0.062868 -0.563327 -0.133805
0.038204 -0.561942 0.280606
0.018503 -0.516711 -0.390294
0.043013 -0.465401 0.595202
0.019016 -0.362570 -0.237246
0.004423 -0.342551 0.402693
-0.010073 -0.213949 -0.432661
0.036815 -0.164511 0.580163
0.038709 0.039042 -0.255282
0.043950 0.104509 0.380973
0.038478 0.288784 -0.357741
0.058570 0.335812 0.665906
0.041225 0.490022 -0.311482
0.061223 0.517670 0.374700
0.011702 0.710862 -0.622519
0.099699 0.654108 0.793968
0.093892 0.729390 -0.417182
0.164313 0.731389 0.407270
0.131905 0.932451 -0.965013
0.191684 0.818114 0.440076
0.126344 0.964351 -0.435561
0.253005 0.830752 0.196205
0.243696 0.917127 -0.484308
0.162393 0.806478 -0.121865
0.174309 -1.030005 -0.079679
0.180496 -1.084085 0.094545
0.272119 -1.176130 -0.155815
0.229333 -1.040637 0.173945
0.239740 -1.003842 -0.303915
0.174130 -0.874314 0.446068
0.167117 -0.847341 -0.204263
0.133090 -0.758004 0.264153
0.139481 -0.742228 -0.334678
0.116033 -0.687187 0.593915
0.089268 -0.628929 -0.142905
0.067478 -0.583246 0.482711
0.058406 -0.573722 -0.477528
0.068107 -0.541754 0.725179
0.066342 -0.396520 -0.238432
0.081551 -0.350971 0.631446
0.086072 -0.155408 -0.574605
0.103236 -0.061468 0.797354
0.100180 0.197077 -0.324514
0.113808 0.152895 0.603655
0.101775 0.390055 -0.624906
0.098191 0.375664 0.826906
0.107812 0.589898 -0.418681
0.109626 0.520393 0.557634
0.090783 0.720043 -0.705484
0.058836 0.666212 0.610460
0.049862 0.714661 -0.176633
0.068726 0.670006 0.252986
0.027219 0.786751 -0.215314
0.033872 0.717552 0.034267
0.013397 0.800369 -0.069226
0.081763 0.753901 -0.204937
0.014855 -1.001263 -0.041604
0.011669 -0.988496 0.131366
0.092575 -1.065802 -0.196255
0.095553 -0.962469 0.204042
0.040648 -0.898813 -0.072404
0.039011 -0.897907 0.093019
0.068841 -0.850087 -0.257926
0.070167 -0.781647 0.383002
0.070326 -0.706754 -0.041026
0.061108 -0.662932 0.222131
0.062537 -0.633681 -0.138907
0.034787 -0.528756 0.450456
0.027110 -0.432733 0.026430
0.019441 -0.302635 0.296929
0.045062 -0.183507 -0.071704
0.027408 -0.022984 0.368146
0.049928 0.185259 -0.013975
0.052503 0.364786 0.376931
0.087785 0.469269 -0.001550
0.088174 0.502539 0.454927
0.100867 0.620973 -0.011927
0.125099 0.644040 0.660108
0.174450 0.723163 -0.002567
0.201124 0.686959 0.666471
0.219613 0.755655 -0.199458
0.255029 0.779801 0.643215
0.283739 0.849408 -0.132747
0.314762 0.811157 0.366542
0.352410 0.918421 -0.657345
0.389877 0.882775 -0.125759
0.337032 0.976096 -0.332396
0.217551 0.840796 -0.165360
0.081968 -1.080170 -0.062829
0.057313 -1.147080 0.047842
0.121616 -1.223269 -0.089109
0.067433 -1.141565 0.036160
0.102941 -1.203254 -0.416036
0.042995 -1.091949 0.386251
0.069093 -1.035208 -0.111606
0.021982 -0.946169 0.217004
0.088820 -1.012920 -0.301769
0.064400 -0.905698 0.590169
0.078996 -0.835758 0.019158
0.009945 -0.717734 0.509229
0.031311 -0.758345 -0.174608
0.008147 -0.620669 0.722243
0.052745 -0.484643 0.138510
-0.018940 -0.361515 0.578350
0.044564 -0.150775 -0.099935
0.026242 -0.098248 0.631454
0.083985 0.265428 0.127399
0.050108 0.332304 0.421834
0.111801 0.448955 0.070200
0.091213 0.474096 0.611983
0.124740 0.551627 0.128986
0.086911 0.596988 0.451371
0.147930 0.672924 0.153498
0.046884 0.641531 0.495495
0.034769 0.726955 0.160087
-0.039297 0.735562 0.235873
-0.016696 0.805921 0.082263
-0.000793 0.805206 0.113783
-0.003924 0.822288 0.006120
0.004373 0.796230 -0.131382
-0.126406 -1.017146 -0.080255
-0.139564 -1.001227 0.003330
-0.084943 -1.003832 -0.395722
-0.024262 -0.994974 0.096758
-0.055163 -0.995646 -0.195624
-0.071475 -0.970354 0.086222
-0.042933 -0.963761 -0.324263
0.031260 -0.907113 0.344029
0.034205 -0.832483 -0.070717
0.030317 -0.767078 0.352734
0.045437 -0.701313 -0.055898
0.054099 -0.622915 0.564255
0.091358 -0.473460 0.226222
0.069478 -0.337016 0.524108
0.117250 -0.154063 0.095596
0.080039 0.027431 0.571101
0.098976 0.259289 0.231230
0.069275 0.403459 0.515095
0.097094 0.512552 0.177173
0.065578 0.538162 0.618199
0.061528 0.609058 0.377052
0.097786 0.586567 0.519091
0.104233 0.646781 0.229732
0.103636 0.663909 0.629774
0.089990 0.715865 0.375892
0.200672 0.715678 0.437349
0.153421 0.745117 0.079716
0.202890 0.769805 0.429638
0.184443 0.788342 -0.082205
0.301666 0.771322 -0.022205
0.218986 0.850121 -0.488481
0.088766 0.744366 -0.400014
0.005657 -0.798697 -0.026748
-0.027423 -0.872410 0.218440
0.031504 -0.895065 -0.038444
-0.030270 -0.835110 0.228038
-0.004715 -0.825510 -0.197333
-0.009022 -0.751284 0.279944
-0.003047 -0.730864 -0.120744
-0.007332 -0.685009 0.255429
0.025847 -0.688547 -0.048405
0.007188 -0.642245 0.443682
0.039197 -0.574085 0.142291
0.008998 -0.539841 0.413821
0.048953 -0.445661 0.183530
0.024632 -0.377829 0.530429
0.073803 -0.234432 0.272224
0.014460 -0.119549 0.440310
0.058845 0.078805 0.214958
0.023930 0.214060 0.525837
0.024826 0.388503 0.307008
-0.024798 0.416483 0.392061
0.012608 0.547308 0.293873
-0.055739 0.528631 0.523551
-0.057366 0.586723 0.373205
-0.046466 0.596815 0.414882
0.000605 0.704776 0.315920
-0.042364 0.718859 0.461747
-0.014067 0.765708 0.341757
0.028664 0.770975 0.291980
0.093734 0.850107 0.216885
0.079761 0.829635 0.096349
0.023743 0.898249 -0.138435
0.085586 0.773953 -0.210266
