1.189205 -0.641874 -0.642739
1.255245 -0.412649 -0.251280
1.267465 -0.570521 0.496336
0.455820 0.444597 -0.704145
1.021051 -0.676347 0.830415
1.195453 0.416809 -0.379951
0.857064 -0.022002 0.921657
0.512345 0.655298 0.276597
1.417863 0.202499 -0.224589
0.513815 0.745286 -0.037419
0.449924 0.211637 0.838918
0.999893 0.088899 0.571789
0.258249 0.276344 0.853263
1.151990 -0.315502 1.112521
0.217698 0.409926 0.713014
1.484864 -0.874404 -0.121780
0.973700 -0.582595 -0.596441
1.240239 -0.818432 0.285974
0.166868 0.657526 -0.386265
-0.181747 0.270563 -0.960630
1.279340 -0.624614 0.473522
1.040637 0.519433 -0.238192
1.206731 0.099044 -0.598117
0.300472 -0.127295 -1.031430
0.460567 -0.314170 1.150712
1.162498 -0.529703 0.822987
0.041027 0.728169 -0.302881
1.355199 -0.874296 0.702939
-0.677976 0.474985 -0.325289
1.029294 -0.488798 -0.148181
-0.577644 0.034241 -1.085548
0.713676 -0.151463 -0.721203
1.118878 0.213073 -0.784129
1.214640 -0.147172 -0.611054
1.326599 -0.155899 -0.539256
1.293213 0.136707 -0.379353
1.388703 -0.618775 0.145111
0.932892 -0.028290 -0.778466
1.285459 -0.108090 0.880540
0.390265 0.320686 -0.875983
0.259761 0.298158 0.649219
0.827536 0.274450 0.647008
0.632998 -0.418284 0.958048
0.432581 -0.428513 -0.944669
0.181444 -0.191425 -0.803151
0.597218 -0.618384 -0.531091
-0.524696 -0.664958 0.687911
1.380785 0.027728 0.916820
0.069243 0.254313 -0.912997
1.373415 -0.350384 1.128320
1.423514 -0.796146 0.495873
0.997475 0.269543 -0.278996
0.925880 0.353616 0.300878
0.323143 -0.240927 1.180218
0.242118 -0.276112 1.028113
1.401859 -0.554884 0.591899
1.496836 -0.462287 -0.751991
0.928591 0.499079 0.240422
-0.637278 0.262711 -0.822054
1.314498 -0.003590 -0.265111
-0.299641 -0.116553 -0.884753
0.340189 0.505924 -0.874503
-0.154784 -0.848320 0.639519
0.610723 -0.820099 0.671227
0.284925 -0.674583 -0.496222
0.844809 -0.440100 -0.899949
0.000575 0.325562 0.718272
0.706131 -0.173733 1.015164
0.430718 0.536395 0.470280
-0.258261 0.100251 1.107326
1.141694 0.214794 -0.004826
1.256317 -0.150371 -0.427588
-0.368792 -0.144936 1.134391
1.400020 -0.236620 0.925240
1.221135 0.308035 -0.797621
1.014385 -0.231661 -0.442909
1.021420 -0.122801 0.985926
0.880134 -0.509424 -0.433076
0.875463 -0.325563 0.941089
0.911729 0.573464 -0.241572
0.770431 -0.784808 -0.051898
-0.486897 -0.348401 0.820649
1.422851 -0.172781 -0.599175
-0.884903 0.015033 0.808924
0.919238 -0.749977 -0.387979
0.360105 -0.237896 -0.831843
1.187773 -0.507857 -0.295209
1.309229 -0.283942 -0.392446
-0.103214 0.645348 -0.433418
1.395013 -0.307679 -0.632372
-0.845030 -0.373937 0.750902
1.269957 -0.431763 0.180766
0.547946 0.201025 1.080132
-0.211358 -0.147155 0.878489
1.316383 -0.101683 0.649611
1.424757 -0.229649 0.836531
0.346544 -0.911992 0.248579
0.876170 0.144342 -1.059441
1.230484 -0.498402 0.273569
0.153102 -0.321013 -0.867118
-0.442583 0.022903 0.744086
0.296765 0.735396 0.232882
1.120613 -0.475004 -0.710523
0.747190 -0.361968 1.110382
0.971631 -0.325759 -0.752842
0.806015 0.509544 -0.791667
-0.148194 0.778236 0.075932
0.224696 0.574603 -0.625791
1.001867 0.053255 0.795989
0.755219 -0.146694 -0.970508
-0.493713 0.668930 0.050932
0.855620 -0.407060 -0.632162
1.226626 -0.591346 0.861031
1.159053 0.070567 0.253170
1.321843 -0.429412 -0.116747
-0.707466 -0.271606 -0.686211
0.434371 -0.564871 1.018756
1.291240 -0.075770 -0.458048
1.091220 -0.063845 -0.787309
-0.383688 0.389223 -0.722641
1.076144 -0.570179 0.591471
0.918161 -0.597339 0.799751
0.756915 -0.681335 -0.896441
1.194593 0.345146 -0.238679
1.302521 -0.224906 -0.381793
1.079539 0.488925 -0.029524
1.013244 -0.070499 -0.706136
0.918300 0.328323 0.712991
1.184351 -0.807143 0.000246
-0.651166 -0.094275 -0.663292
1.224343 0.091669 -0.493137
0.482247 -0.682645 -0.635417
-0.066597 0.521193 -0.639187
1.019151 0.432443 0.330516
-0.225117 -0.366372 -0.929306
1.133965 -0.302163 0.971811
1.149904 0.184301 0.293554
0.234403 0.524951 0.552749
-0.091700 -0.454223 -0.711326
0.510099 0.689990 -0.595243
1.305654 -0.568567 -1.030435
-0.153763 0.336550 -0.706153
-0.191251 -0.346876 1.099381
0.290401 0.097287 -0.838439
0.945392 -0.024250 1.027864
1.131450 -0.327716 0.493922
-0.318773 -0.416739 -0.815801
0.195876 -0.121540 0.981719
-0.246877 0.601256 0.399341
0.723940 0.672831 -0.147210
1.413271 -0.330433 -0.354984
1.065402 0.339728 -0.580645
0.973586 0.133369 -0.627386
0.677848 -0.207419 -1.250950
0.169515 -0.298984 -1.080318
0.531655 -0.059327 0.852446
1.076885 0.292186 0.071103
-0.403525 0.567267 -0.365046
1.402713 -0.903344 -0.629074
0.019850 -0.050103 1.043775
-0.892094 -0.497315 -0.708404
1.267415 -0.173814 -0.963718
1.171464 -0.059991 -0.309601
1.083422 -0.037244 0.734832
0.877328 0.301760 -0.659689
1.208603 0.278439 -0.448536
1.219194 -0.270576 -0.316332
0.763881 0.447865 -0.580988
1.186929 0.012613 -0.149938
0.225724 -0.504552 -0.720567
1.259018 0.084382 0.191767
-0.003663 0.169746 0.824664
0.419191 -0.016310 1.090941
0.963263 0.587022 0.065705
1.214596 -0.308876 -0.775375
0.813395 0.448657 0.517426
1.236523 0.201983 -0.172397
1.300711 -0.474618 -0.583990
0.430195 -0.863365 0.086205
1.110124 -0.355658 0.817061
1.159733 0.277828 -0.201908
0.457877 0.607279 -0.311933
1.031011 0.477195 -0.286923
1.243591 0.131935 -0.612267
0.758511 -0.185533 0.707814
1.169801 -0.517267 0.041764
1.336167 0.382690 -0.541128
-0.422957 -0.014069 -0.794276
1.195120 -0.112872 0.702096
0.414601 -0.006596 -0.927185
0.281497 0.205842 -1.278153
1.126631 0.025480 -0.474039
1.219970 -0.779562 -0.530958
0.586460 0.199442 -1.005213
-0.544368 -0.022626 0.918009
1.294115 -0.110983 0.486220
1.257601 -0.545225 -0.257941
1.062383 -0.825339 0.425584
-0.149395 -0.909007 -0.002830
1.416858 -0.075451 -0.830142
1.349573 0.188108 0.501516
0.405253 0.734096 -0.238339
1.232663 0.263017 0.326382
0.154397 0.008865 0.910322
1.214226 -0.794991 -0.156896
1.186258 0.317473 0.643617
-0.123096 -0.012304 -0.795982
1.193692 0.064755 0.516417
0.055185 -0.297767 0.948205
1.518709 -0.604060 -0.408101
0.970869 0.519574 -0.442262
1.207419 0.358003 -0.061313
1.039484 0.376685 -0.546457
1.063831 0.211409 0.856269
-0.337436 0.391030 0.695418
0.055961 -0.570471 -0.531737
0.112410 0.256857 -0.663700
1.083843 -0.206505 -0.587595
0.045344 0.043270 -0.988550
1.273177 0.167322 0.085575
-0.217468 0.016621 -1.092749
0.018022 0.462476 0.543383
-0.896750 -0.022800 -0.798105
0.451273 -0.654637 0.854464
-0.565138 -0.228773 1.029434
1.268824 -0.236640 0.612440
0.497735 -0.892610 -0.325742
-0.543007 -0.224205 -0.934095
1.412690 -0.675799 0.892900
0.709441 -0.814128 -0.416631
1.197927 0.295229 -0.011276
1.201960 -0.227714 -0.836270
-0.480169 -0.736027 -0.276582
-0.121620 -0.233591 -0.812961
0.430685 -0.431031 -0.746128
1.130231 -0.226215 -0.527974
0.157269 -0.779179 0.781818
0.611634 0.564762 0.399137
-0.543802 -0.446852 -0.521061
-0.369268 0.464842 -0.462016
0.652353 0.155737 -0.818326
-0.210117 -0.516359 0.878277
0.812221 -0.822762 0.216197
1.258855 0.386764 0.000273
-0.608275 -0.520835 -0.664403
0.724955 0.109593 0.838964
-0.669436 0.231869 0.549800
1.312839 -0.345152 0.227952
0.064672 -0.324536 -0.738732
-0.730748 -0.665872 -0.440190
-0.243020 -0.621693 -0.716797
1.217687 -0.614190 0.095098
-0.054632 -0.722673 -0.386621
0.158456 0.643879 0.249713
0.762026 0.582850 -0.548378
0.078346 -0.533241 0.875905
0.013309 -0.882639 -0.246145
-0.076152 -0.949824 0.154764
-0.165558 -0.845125 -0.410824
-0.326066 -0.739914 0.463713
-0.577351 -0.782387 -0.138400
-0.619129 -0.654021 0.562585
-0.610168 -0.685952 -0.519722
-0.708055 -0.533610 0.834988
-0.960672 -0.736914 -0.239021
-1.071545 -0.621627 0.710995
-1.102587 -0.699600 -0.680076
-1.193964 -0.432221 1.019536
-1.341429 -0.567998 -0.448483
-1.379134 -0.349560 0.729858
-1.339311 -0.392371 -0.766589
-1.362819 -0.099179 0.974383
-1.460141 -0.239980 -0.592329
-1.432084 0.061787 0.797806
-1.352559 -0.026840 -0.786270
-1.270584 0.235720 0.861279
-1.343440 0.143993 -0.437640
-1.241807 0.353028 0.465992
-1.109113 0.374758 -0.560316
-0.966510 0.504782 0.597228
-0.950064 0.526531 -0.180550
-0.787353 0.633758 0.230656
-0.578480 0.646827 -0.471581
-0.421372 0.662504 0.360264
-0.399586 0.614518 -0.066141
-0.310831 0.637504 0.201144
-0.129889 0.700240 -0.224686
-0.065555 0.739859 0.051634
-0.590816 -0.816007 -0.434616
-0.607475 -0.889947 -0.122809
-0.619401 -0.890077 -0.041709
-0.719346 -0.765942 0.349046
-0.879905 -0.781192 -0.302339
-1.037265 -0.631272 0.661425
-1.235668 -0.821259 0.088623
-1.354173 -0.697108 0.575329
-1.386982 -0.799646 -0.355951
-1.494878 -0.602802 0.751878
-1.628907 -0.810116 0.082367
-1.771069 -0.570755 0.587336
-1.762867 -0.629428 -0.367643
-1.831664 -0.337563 0.748193
-1.806279 -0.479452 -0.080224
-1.900269 -0.188870 0.570873
-1.800412 -0.210693 -0.511514
-1.803712 0.055209 0.665010
-1.727378 -0.087434 -0.244939
-1.706689 0.174635 0.499772
-1.583239 0.211546 -0.519994
-1.511372 0.396726 0.597075
-1.359196 0.440915 -0.101166
-1.217145 0.544650 0.397520
-1.002594 0.699266 -0.367417
-0.869309 0.623999 0.568880
-0.717411 0.654905 0.287719
-0.454453 0.626083 0.397747
-0.310670 0.680395 -0.150043
-0.220019 0.539519 0.498793
-0.177319 0.520131 0.594773
-0.119276 0.550194 0.535469
-0.664173 -0.756969 0.155744
-0.813546 -0.897100 0.132128
-0.978040 -0.909450 -0.117666
-0.997965 -0.752709 0.363740
-1.351543 -0.781836 0.238627
-1.325140 -0.689891 0.144103
-1.552453 -0.802462 -0.057196
-1.523303 -0.659268 0.385589
-1.818524 -0.772236 0.349394
-1.733222 -0.657577 0.091740
-1.963952 -0.738138 0.003680
-1.920808 -0.505064 0.265403
-2.209833 -0.518208 0.328199
-2.149790 -0.313169 0.074443
-2.320428 -0.341526 0.010251
-2.227620 -0.104210 0.249218
-2.359994 -0.105749 0.254738
-2.173721 0.089286 0.092716
-2.144907 0.072500 -0.117057
-1.982085 0.290790 0.141678
-1.932525 0.292500 0.041384
-1.739801 0.419409 -0.020996
-1.601704 0.440980 -0.245086
-1.456894 0.595794 0.110353
-1.389676 0.620942 -0.026848
-1.165172 0.663843 0.057894
-1.031691 0.636203 -0.276956
-0.828578 0.679323 0.206200
-0.779091 0.630094 0.019751
-0.579415 0.648707 0.215596
-0.509085 0.629275 -0.111956
-0.304369 0.696837 -0.087590
-0.970090 -0.714691 -0.194720
-1.130657 -0.865784 -0.072297
-1.200411 -0.887861 0.065516
-1.225938 -0.783413 0.301748
-1.359044 -0.867225 -0.201284
-1.454935 -0.792126 0.532628
-1.556346 -0.960783 0.133629
-1.724745 -0.870016 0.306792
-1.780365 -0.922458 -0.222097
-1.841248 -0.762660 0.522613
-1.907121 -0.839753 0.092595
-2.033078 -0.683511 0.245889
-2.091656 -0.622967 -0.289067
-2.165548 -0.400801 0.421720
-2.130793 -0.392546 -0.039989
-2.206527 -0.227222 0.266805
-2.129711 -0.171467 -0.279126
-2.099505 0.006537 0.420893
-1.931576 0.026564 -0.172505
-1.867946 0.179929 0.196289
-1.669684 0.300138 -0.386147
-1.589713 0.424954 0.338905
-1.441383 0.484675 -0.170002
-1.318625 0.526688 0.109946
-1.062599 0.674009 -0.356076
-0.932025 0.640574 0.273471
-0.827544 0.701263 -0.033614
-0.647021 0.618921 0.270152
-0.463860 0.722390 -0.254902
-0.382592 0.604539 0.393805
-0.282173 0.665382 0.215169
-0.164087 0.650887 0.425336
-0.802058 -0.772718 0.108545
-0.900248 -0.832757 0.121168
-1.048038 -0.910643 -0.037257
-1.079556 -0.811093 0.231788
-1.287403 -0.837284 0.149906
-1.296085 -0.822677 0.128189
-1.418266 -0.895433 -0.195366
-1.493173 -0.817958 0.360881
-1.649964 -0.815205 -0.024682
-1.659820 -0.720583 0.249412
-1.788198 -0.661956 -0.402298
-1.848050 -0.484921 0.508748
-1.961360 -0.382275 -0.198964
-2.007612 -0.259803 0.370927
-2.127928 -0.148957 -0.402743
-2.147930 -0.049425 0.580589
-2.136783 0.058609 -0.105155
-2.077539 0.139312 0.419059
-1.997274 0.299020 -0.324865
-1.867808 0.396592 0.305978
-1.695064 0.501525 -0.071616
-1.568325 0.520380 0.152067
-1.460853 0.600859 -0.274743
-1.380922 0.637495 0.024709
-1.210399 0.667469 -0.005641
-1.047175 0.628939 0.125344
-0.932736 0.667728 -0.169504
-0.778856 0.656774 -0.001305
-0.568878 0.631742 -0.017365
-0.438069 0.600949 0.231676
-0.342718 0.649911 -0.029330
-0.195549 0.696296 0.048584
-0.749760 -0.850275 -0.081234
-0.876176 -0.936088 -0.012142
-0.900007 -0.981920 0.060137
-1.035568 -0.903430 0.250134
-1.093843 -0.967944 -0.209600
-1.184201 -0.869383 0.453104
-1.289405 -0.987018 -0.005768
-1.451643 -0.915770 0.396621
-1.474533 -0.962360 -0.485211
-1.553449 -0.735380 0.820736
-1.577799 -0.830619 -0.388167
-1.716273 -0.611444 0.701855
-1.766464 -0.580761 -0.732831
-1.823072 -0.311640 0.801041
-1.795098 -0.287795 -0.522937
-1.925247 -0.131290 0.613221
-1.893191 -0.065162 -0.588010
-1.921821 0.107912 0.633656
-1.723973 0.211845 -0.428634
-1.666695 0.343840 0.387199
-1.438362 0.457185 -0.460898
-1.341763 0.518697 0.334355
-1.215863 0.590408 -0.230183
-1.129764 0.582617 0.128099
-0.937695 0.659743 -0.263924
-0.835957 0.617742 0.189442
-0.705579 0.686707 -0.059121
-0.569538 0.621486 0.153659
-0.373234 0.670086 -0.115245
-0.371255 0.608811 0.223048
-0.263715 0.697509 0.259754
-0.135078 0.676828 0.327713
-0.578558 -0.828412 0.130596
-0.656243 -0.851111 0.264679
-0.732649 -0.965536 -0.067815
-0.805155 -0.834939 0.412258
-0.988035 -0.862125 -0.017915
-1.063975 -0.789983 0.439825
-1.108068 -0.899570 -0.384932
-1.164206 -0.745872 0.787858
-1.326708 -0.790688 -0.314019
-1.357681 -0.666519 0.711860
-1.458861 -0.710925 -0.654346
-1.466183 -0.455717 1.011304
-1.566489 -0.426003 -0.620654
-1.584882 -0.227636 0.874872
-1.691693 -0.210739 -0.821084
-1.699104 -0.048812 0.910069
-1.740199 0.033924 -0.584633
-1.741015 0.198000 0.696985
-1.681020 0.304979 -0.755562
-1.570712 0.421978 0.534984
-1.484754 0.505385 -0.420429
-1.325378 0.533141 0.241286
-1.200754 0.574251 -0.522278
-1.096617 0.586452 0.265739
-1.039370 0.639903 -0.192284
-0.856331 0.597314 -0.013213
-0.718608 0.632679 -0.451365
-0.613369 0.565528 0.065656
-0.524733 0.610988 -0.137870
-0.396950 0.553106 0.021645
-0.287746 0.603690 -0.246282
-0.150820 0.642540 -0.123686
-0.543742 -0.841848 -0.006689
-0.591632 -0.914411 0.173200
-0.616501 -0.967571 0.119363
-0.683812 -0.872286 0.440891
-0.759421 -0.900184 -0.267591
-0.792065 -0.773407 0.740525
-0.927343 -0.881737 -0.079011
-1.043600 -0.790836 0.664726
-1.053618 -0.855330 -0.637402
-1.127130 -0.636356 1.097748
-1.222515 -0.759762 -0.603923
-1.307804 -0.538028 0.943851
-1.318570 -0.542333 -0.992107
-1.327004 -0.283222 1.157290
-1.303060 -0.281122 -0.902999
-1.408859 -0.077257 0.963060
-1.376807 -0.011421 -0.997125
-1.419310 0.168996 0.785960
-1.269887 0.217660 -0.756379
-1.242397 0.360466 0.559251
-1.077573 0.439887 -0.800669
-1.012869 0.504114 0.508479
-0.913537 0.482266 -0.487976
-0.837918 0.530337 0.235788
-0.660184 0.585363 -0.593844
-0.592910 0.586309 0.285885
-0.542206 0.566237 -0.257303
-0.436382 0.573228 0.164480
-0.353473 0.639107 -0.476381
-0.343394 0.599273 0.125489
-0.308083 0.688251 0.030763
-0.134361 0.688697 0.218614
-0.377725 -0.808049 0.229590
-0.452747 -0.806794 0.321162
-0.467365 -0.911560 0.032433
-0.532280 -0.797559 0.503816
-0.686727 -0.803513 0.060320
-0.763926 -0.746904 0.571694
-0.767336 -0.803764 -0.369854
-0.845867 -0.681009 0.899695
-0.967005 -0.728919 -0.399440
-1.025333 -0.610926 0.851770
-1.103724 -0.645088 -0.585222
-1.180829 -0.434827 1.036740
-1.246170 -0.470102 -0.619750
-1.271685 -0.244834 0.965148
-1.297703 -0.254519 -0.811597
-1.332125 -0.045308 0.883687
-1.342973 0.004344 -0.584099
-1.387917 0.178298 0.800845
-1.363180 0.236126 -0.710394
-1.302577 0.360255 0.448594
-1.191684 0.423274 -0.432023
-1.051099 0.484429 0.360721
-0.949237 0.520044 -0.487707
-0.900072 0.550388 0.179307
-0.770709 0.591070 -0.175713
-0.622213 0.582930 0.138533
-0.517641 0.604997 -0.390434
-0.444277 0.612020 -0.120417
-0.302370 0.600759 -0.200776
-0.222747 0.559074 0.005788
-0.148843 0.563270 -0.202056
-0.045186 0.620084 -0.067984
-0.327370 -0.821212 0.083374
-0.325266 -0.860886 0.213767
-0.300432 -0.909838 0.217933
-0.357606 -0.845104 0.463752
-0.424262 -0.836840 -0.140135
-0.499627 -0.742303 0.795712
-0.589249 -0.787137 -0.191259
-0.665234 -0.722243 0.744447
-0.684603 -0.804937 -0.675746
-0.788494 -0.624657 1.148387
-0.873803 -0.763090 -0.673406
-1.017963 -0.556348 0.994846
-1.014485 -0.628569 -0.885160
-1.078900 -0.373522 1.175544
-1.046239 -0.373003 -0.801632
-1.125533 -0.179689 1.024907
-1.096049 -0.142538 -0.837551
-1.152988 0.039971 0.836368
-1.063375 0.101947 -0.729879
-1.038331 0.228454 0.617097
-0.851213 0.278685 -0.806449
-0.795911 0.346599 0.536587
-0.721098 0.410472 -0.492018
-0.651034 0.453740 0.235230
-0.497441 0.481679 -0.551154
-0.434567 0.520845 0.194147
-0.383039 0.499077 -0.271523
-0.339599 0.560280 -0.004628
-0.245996 0.569941 -0.369068
-0.146903 0.600684 -0.037738
-0.124045 0.635724 0.118904
-0.010818 0.629204 0.092021
-0.177341 -0.795371 0.199577
-0.244279 -0.760864 0.403788
-0.223130 -0.852865 0.027936
-0.241955 -0.764200 0.574453
-0.346646 -0.757596 -0.004886
-0.452809 -0.702030 0.609711
-0.442279 -0.757408 -0.411006
-0.477325 -0.627773 0.947986
-0.595402 -0.645884 -0.478411
-0.676824 -0.542264 0.886586
-0.755903 -0.593997 -0.660804
-0.793043 -0.420240 1.092962
-0.899832 -0.444654 -0.685465
-0.934369 -0.254393 0.995024
-0.981316 -0.276515 -0.926473
-0.977498 -0.080942 1.157096
-1.089464 -0.049278 -0.787119
-1.071287 0.117295 0.884432
-1.043080 0.140834 -1.022615
-0.960770 0.271252 0.811599
-0.903946 0.329458 -0.692443
-0.760559 0.398180 0.485705
-0.620868 0.432643 -0.872527
-0.555590 0.487509 0.573300
-0.531102 0.537461 -0.510370
-0.401765 0.573604 0.090693
-0.292349 0.605334 -0.816101
-0.184286 0.603573 -0.017627
-0.136093 0.616324 -0.287729
-0.001018 0.563065 -0.121034
0.081871 0.533154 -0.295564
0.122591 0.553137 -0.141212
-0.121581 -0.790799 0.060269
-0.083847 -0.806459 0.342962
-0.050119 -0.876382 0.132683
-0.078295 -0.799698 0.519166
-0.146771 -0.807924 -0.214888
-0.216795 -0.683551 0.880837
-0.334069 -0.730765 -0.208876
-0.316904 -0.624632 0.742427
-0.302524 -0.753560 -0.671534
-0.402838 -0.549892 1.156937
-0.502351 -0.648300 -0.653356
-0.619173 -0.454962 0.959953
-0.656881 -0.548722 -0.995921
-0.657672 -0.269828 1.297789
-0.614360 -0.370530 -0.873442
-0.734563 -0.175626 1.059583
-0.783029 -0.177536 -1.209861
-0.803010 0.048628 1.214092
-0.721553 0.003072 -0.979747
-0.628617 0.152572 0.895917
-0.492284 0.230986 -1.189447
-0.394920 0.320977 0.928671
-0.373875 0.300814 -0.825605
-0.288368 0.391248 0.569501
-0.194501 0.504917 -1.051885
-0.128932 0.562667 0.436356
-0.163909 0.540398 -0.474371
-0.106841 0.575013 0.192966
-0.077320 0.610947 -0.591244
-0.053245 0.595391 0.076752
-0.031362 0.626873 -0.111989
0.085746 0.636788 0.008861
-0.070160 -0.758901 0.208075
-0.091605 -0.715669 0.389952
-0.021588 -0.798348 0.064586
0.036663 -0.715135 0.558917
-0.007358 -0.704008 0.040995
-0.087892 -0.657298 0.547973
-0.099622 -0.703903 -0.268381
-0.145803 -0.580600 0.867343
-0.236083 -0.610192 -0.374581
-0.304319 -0.497655 0.801918
-0.359548 -0.529621 -0.558173
-0.454112 -0.357658 0.963083
-0.560633 -0.391236 -0.610618
-0.580038 -0.221166 0.863283
-0.636222 -0.268230 -0.797490
-0.702678 -0.096144 0.888508
-0.813795 -0.091196 -0.594320
-0.811298 0.036400 0.844224
-0.738109 0.046561 -0.763484
-0.662090 0.183715 0.639263
-0.505948 0.245447 -0.487134
-0.449649 0.339228 0.553670
-0.333370 0.372335 -0.651536
-0.296571 0.449944 0.355984
-0.222427 0.484740 -0.403907
-0.169562 0.550964 0.453057
-0.155019 0.531250 -0.554637
-0.055262 0.576944 0.159841
0.004303 0.552357 -0.480242
0.057391 0.598756 0.020604
0.140009 0.577944 -0.224074
0.201318 0.623869 -0.046900
0.016491 -0.752890 0.089016
0.113824 -0.737296 0.299846
0.201672 -0.816510 0.203481
0.248102 -0.759595 0.420964
0.232065 -0.791578 -0.090350
0.156289 -0.692791 0.750571
0.113404 -0.704070 -0.086867
0.112326 -0.585603 0.651768
0.125138 -0.700482 -0.452677
0.002623 -0.513749 1.008005
-0.025085 -0.589886 -0.547739
-0.191073 -0.384252 0.931486
-0.192978 -0.510421 -0.794798
-0.343323 -0.295952 1.106766
-0.347875 -0.387971 -0.722025
-0.481848 -0.175654 0.915028
-0.543142 -0.241955 -0.842103
-0.611787 -0.075411 1.047322
-0.522087 -0.085163 -0.680814
-0.440060 0.067659 0.790879
-0.251548 0.105886 -0.740878
-0.187114 0.199691 0.695710
-0.158593 0.255382 -0.602319
-0.099559 0.379485 0.360306
-0.005994 0.415766 -0.598678
0.065498 0.498730 0.281333
0.093825 0.519144 -0.422900
0.158196 0.595460 0.115924
0.152475 0.604685 -0.496986
0.179622 0.615142 0.065776
0.170913 0.622301 -0.046149
0.222118 0.634786 0.058166
0.078234 -0.718372 0.203332
0.126009 -0.694932 0.422246
0.208319 -0.765517 0.007453
0.274218 -0.688872 0.594977
0.307680 -0.662422 0.002214
0.277088 -0.609181 0.540803
0.336449 -0.639478 -0.299957
0.307152 -0.534688 0.812783
0.255450 -0.546825 -0.384184
0.152145 -0.453456 0.826312
0.127128 -0.467433 -0.660836
0.059754 -0.326486 0.975512
-0.034338 -0.355452 -0.745404
-0.156629 -0.234123 0.930164
-0.246769 -0.282459 -0.930326
-0.319468 -0.145010 0.995906
-0.427165 -0.122742 -0.767544
-0.443798 -0.054299 0.834948
-0.355867 -0.021350 -0.956414
-0.255474 0.091553 0.841306
-0.168100 0.174794 -0.719158
-0.105093 0.247951 0.546903
0.008004 0.327017 -0.814636
0.043905 0.394063 0.552820
0.044019 0.435752 -0.552863
0.120548 0.485903 0.328725
0.152549 0.494971 -0.766855
0.228034 0.526917 0.156494
0.244769 0.502502 -0.333443
0.303722 0.526311 0.190933
0.356190 0.531634 -0.301633
0.310500 0.586966 -0.099715
0.249191 -0.716123 0.053487
0.343228 -0.713751 0.421119
0.437172 -0.803615 0.152238
0.488140 -0.741082 0.470368
0.560285 -0.755957 -0.182369
0.509387 -0.656155 0.778489
0.549046 -0.647458 -0.055229
0.543940 -0.539638 0.587990
0.609184 -0.587903 -0.481223
0.479957 -0.446926 0.946932
0.523698 -0.482909 -0.472367
0.380321 -0.334469 0.855821
0.307668 -0.398299 -0.902204
0.078888 -0.256032 1.134153
0.139944 -0.301608 -0.814834
-0.023967 -0.130950 0.968931
-0.058162 -0.132854 -1.195297
-0.153257 -0.020820 1.165963
-0.053998 -0.027295 -0.936123
0.003292 0.058250 0.859333
0.125991 0.158245 -1.146025
0.134414 0.209819 0.850194
0.211142 0.263342 -0.755288
0.249376 0.329884 0.472415
0.327202 0.406928 -0.872542
0.318156 0.465041 0.392165
0.348928 0.472765 -0.485448
0.349945 0.526988 0.197188
0.329156 0.587568 -0.409106
0.237866 0.579684 0.051544
0.263451 0.637914 -0.095185
0.285269 0.654290 0.063442
0.330363 -0.725528 0.239556
0.400564 -0.701240 0.445872
0.490099 -0.785752 0.075957
0.510267 -0.695089 0.552311
0.563070 -0.706162 0.065621
0.598334 -0.611764 0.465567
0.683132 -0.640200 -0.100372
0.735922 -0.531916 0.732022
0.770644 -0.589390 -0.203099
0.704298 -0.443494 0.707864
0.756576 -0.464249 -0.478335
0.660107 -0.315683 0.880441
0.670606 -0.326482 -0.685779
0.501481 -0.206912 0.892279
0.508832 -0.265309 -0.862477
0.401126 -0.116566 0.928710
0.378476 -0.117419 -0.884647
0.245104 -0.024163 0.888727
0.299814 -0.043227 -0.864689
0.279477 0.054695 0.804290
0.411186 0.103688 -0.714552
0.305528 0.201602 0.696898
0.361151 0.228493 -0.682723
0.391688 0.291085 0.496190
0.456409 0.312483 -0.596917
0.438941 0.394354 0.488026
0.481752 0.389070 -0.510460
0.487973 0.470678 0.242788
0.537856 0.460430 -0.379394
0.520650 0.498787 0.076204
0.516467 0.534256 -0.127161
0.433432 0.587909 -0.026159
0.466589 -0.722348 0.153819
0.620368 -0.716829 0.384765
0.727296 -0.806395 0.244658
0.774749 -0.768494 0.403734
0.820860 -0.767626 0.053665
0.851512 -0.709611 0.653273
0.943830 -0.679570 0.028402
0.965384 -0.610345 0.591362
1.007925 -0.646229 -0.209175
0.887708 -0.535471 0.828144
1.055371 -0.556143 -0.323071
0.987154 -0.398110 0.815055
1.056195 -0.436579 -0.515404
0.851327 -0.266553 0.928307
0.919684 -0.334559 -0.600687
0.864801 -0.143523 0.866614
0.879149 -0.205375 -0.692448
0.633477 -0.063608 0.851180
0.675321 -0.125720 -0.795070
0.656423 0.001128 0.790053
0.691900 -0.011431 -0.714739
0.604466 0.122010 0.677187
0.607962 0.138587 -0.690304
0.638694 0.248920 0.475143
0.664825 0.274727 -0.558673
0.617134 0.378256 0.419459
0.636587 0.374423 -0.484545
0.614945 0.468704 0.150463
0.590022 0.455248 -0.333246
0.482720 0.532617 0.051774
0.409510 0.560906 0.088845
0.396263 0.610159 -0.000058
0.559973 -0.741452 0.229747
0.699543 -0.741652 0.497503
0.811907 -0.783474 0.071940
0.855071 -0.721948 0.491922
0.969365 -0.707731 0.087624
0.988256 -0.670656 0.505970
1.104780 -0.640180 -0.171437
1.239329 -0.566587 0.566062
1.296002 -0.609062 -0.117352
1.225239 -0.515768 0.705779
1.312621 -0.503826 -0.396089
1.352523 -0.338645 0.650309
1.378741 -0.383786 -0.341618
1.178840 -0.281957 0.784912
1.191808 -0.309884 -0.597479
1.235558 -0.108236 0.679860
1.287053 -0.163219 -0.479658
1.051708 -0.062358 0.736554
1.028255 -0.105165 -0.710308
1.068166 0.013187 0.555633
1.091396 -0.020710 -0.490689
0.901602 0.067903 0.539601
0.822218 0.094907 -0.676119
0.900462 0.193179 0.493529
0.845421 0.191022 -0.433688
0.789376 0.300709 0.329495
0.764634 0.296567 -0.659193
0.805037 0.402923 0.139661
0.752988 0.395955 -0.172694
0.777007 0.434999 -0.047386
0.815733 0.500065 -0.230291
0.665302 0.567587 -0.195366
0.642800 -0.722989 0.186711
0.828701 -0.749677 0.465249
1.032848 -0.838549 0.237902
1.089982 -0.802176 0.439072
1.185167 -0.758823 0.015399
1.232444 -0.746587 0.683451
1.459453 -0.755038 0.093358
1.456700 -0.720563 0.570625
1.492544 -0.656471 -0.192670
1.409842 -0.600116 0.832636
1.672483 -0.591914 -0.082436
1.594088 -0.502658 0.607547
1.573811 -0.458251 -0.387640
1.403134 -0.343190 0.880378
1.574409 -0.399907 -0.213159
1.473529 -0.242793 0.599827
1.393549 -0.275927 -0.502170
1.252455 -0.139274 0.773158
1.375913 -0.253810 -0.285810
1.282366 -0.120106 0.485321
1.196771 -0.122388 -0.447641
1.082621 0.006649 0.602789
1.140317 0.005024 -0.236160
1.094893 0.129698 0.321520
0.971359 0.203100 -0.485938
0.876272 0.309501 0.308576
0.862989 0.296876 -0.146106
0.826236 0.358023 0.024118
0.744147 0.402871 -0.150231
0.694930 0.395061 -0.067016
0.689184 0.482060 0.013194
0.641911 0.558100 -0.102428
0.742000 -0.722377 0.176138
1.041290 -0.726875 0.376900
1.125711 -0.763518 0.145741
1.277518 -0.708088 0.441971
1.363003 -0.695485 0.131839
1.564213 -0.695658 0.305313
1.610111 -0.635831 0.175947
1.691978 -0.611751 0.509688
1.726769 -0.573607 -0.020887
1.840588 -0.513516 0.329547
1.840472 -0.449376 -0.006625
1.846737 -0.373164 0.525168
1.864197 -0.351751 -0.204109
1.859810 -0.284110 0.236802
1.782027 -0.243916 -0.106707
1.711049 -0.125337 0.406995
1.679938 -0.143895 -0.285644
1.617703 -0.080729 0.140515
1.528506 -0.059532 -0.114299
1.457144 0.013347 0.349052
1.440249 -0.013500 -0.294312
1.398079 0.057540 0.102349
1.299112 0.102241 -0.069698
1.245498 0.189430 0.245080
1.170278 0.215407 -0.237481
1.111543 0.271673 0.132520
1.017355 0.338949 -0.079636
0.933603 0.374327 0.046900
0.899316 0.422724 -0.231525
0.886717 0.401630 -0.233781
0.819766 0.499106 -0.056704
0.706322 0.520310 -0.134452
0.822635 -0.764441 0.244726
1.031189 -0.792045 0.434224
1.213577 -0.810611 0.357981
1.348421 -0.784247 0.260638
1.479364 -0.799308 0.373230
1.523892 -0.868369 0.523455
1.727295 -0.828847 0.220693
1.833938 -0.813244 0.414151
1.859586 -0.730053 0.295194
1.784256 -0.732786 0.639950
1.906850 -0.681552 0.072407
1.968571 -0.635238 0.415792
1.901484 -0.546420 0.227752
1.764471 -0.488759 0.622498
1.797918 -0.468535 0.030293
1.791116 -0.383763 0.366992
1.694191 -0.330797 0.172962
1.578156 -0.268799 0.547456
1.565006 -0.271803 -0.040250
1.535281 -0.194958 0.286720
1.445897 -0.132618 0.124880
1.345569 -0.074430 0.413667
1.365564 -0.028187 -0.020596
1.325035 0.059205 0.229712
1.245036 0.164324 0.047383
1.087658 0.234259 0.241110
1.064900 0.273901 -0.073915
0.994489 0.305819 0.026005
0.939189 0.356114 0.066527
0.854151 0.329255 -0.105634
0.838310 0.418214 0.164418
0.707460 0.488366 0.108899
0.682525 -0.770653 0.220233
1.022707 -0.753797 0.317682
1.145461 -0.702865 -0.018532
1.273458 -0.655136 0.362878
1.364496 -0.685579 0.165846
1.498384 -0.683605 0.352207
1.500591 -0.677309 0.019345
1.619503 -0.640593 0.422427
1.649416 -0.619543 0.128688
1.793476 -0.577862 0.310091
1.733935 -0.533881 -0.074238
1.783915 -0.450713 0.383402
1.747796 -0.419686 0.060739
1.834473 -0.373020 0.205037
1.707501 -0.340460 -0.137369
1.702807 -0.232766 0.272223
1.637600 -0.209680 0.003232
1.688570 -0.176106 0.077880
1.548709 -0.163619 -0.175853
1.524882 -0.081685 0.165475
1.465721 -0.070275 -0.013612
1.481341 -0.020935 0.084831
1.373569 0.002140 -0.169459
1.362162 0.109562 0.163427
1.290505 0.152502 -0.021494
1.306352 0.240038 0.044315
1.160255 0.235380 -0.197881
1.116408 0.292570 -0.024628
1.004608 0.322069 -0.146347
0.981039 0.292089 -0.193642
0.859378 0.397424 -0.310503
0.694831 0.458774 -0.340073
0.751714 -0.660438 0.241301
0.820043 -0.693061 0.592813
1.075516 -0.664250 0.362772
1.107492 -0.624147 0.579307
1.270355 -0.629770 0.240304
1.282929 -0.630983 0.575171
1.487402 -0.597411 0.312304
1.457968 -0.581617 0.488381
1.551224 -0.527185 0.223703
1.465307 -0.533680 0.583207
1.623865 -0.465581 0.321933
1.585045 -0.415576 0.402136
1.592562 -0.317718 0.170728
1.445700 -0.315055 0.536906
1.567251 -0.248661 0.274292
1.513852 -0.206333 0.337777
1.523009 -0.124674 0.141817
1.402345 -0.119407 0.444298
1.455949 -0.097909 0.198514
1.409641 -0.059421 0.222652
1.366984 0.026931 0.068861
1.265959 0.045582 0.362789
1.320390 0.075157 0.114432
1.243545 0.124597 0.188863
1.190664 0.236583 0.037115
1.035344 0.279674 0.288068
1.089171 0.319948 0.034546
1.004815 0.343338 0.081821
0.957902 0.380670 -0.045271
0.896885 0.410672 0.096105
0.861611 0.425539 -0.067310
0.705938 0.491562 0.042595
