-0.275625 -0.608550 -0.923587
0.044560 -0.464674 -0.704603
-0.027816 -0.538347 0.175963
-0.095637 0.458173 -0.716987
-0.160299 -0.679627 0.877991
-0.284714 0.702756 -0.483042
-0.360770 -0.027308 0.947825
-0.247339 0.767129 0.038870
-0.252986 0.574457 -0.487489
-0.057050 0.687362 -0.050940
-0.346085 0.626479 0.636089
0.020505 0.328675 0.645496
-0.694048 0.790810 0.798006
0.080777 0.255225 0.818689
-0.726480 0.707088 0.486079
-0.411650 -0.961665 -0.179025
-0.360864 -0.825866 -0.952092
-0.494313 -0.787812 0.217920
-0.126892 0.550087 -0.096138
-0.669854 0.404241 -1.200269
-0.043870 -0.649314 0.429109
-0.352765 0.972698 -0.360256
-0.072961 0.424865 -0.701344
-0.317618 -0.028029 -1.260069
-0.499737 -0.104068 1.171932
-0.358019 0.061864 0.736328
-0.431898 0.936958 -0.251901
-0.144701 -0.671086 0.491576
-0.976119 0.673559 -0.223025
-0.456465 -0.565178 -0.831599
-0.780352 0.127908 -1.255437
-0.292535 -0.053299 -1.129479
-0.114268 0.441642 -1.023735
-0.281954 -0.329834 -1.164384
-0.251967 0.331690 -0.707035
0.014606 0.418653 -0.457168
-0.346894 -0.717892 -0.341184
-0.288877 0.291346 -0.963126
-0.006960 0.468998 0.808585
-0.676404 0.532144 -0.817600
-0.131374 0.489747 0.333312
-0.091479 0.586841 0.505920
-0.511920 -0.190729 0.935890
-0.562428 -0.374724 -1.153802
-0.424441 -0.140081 -0.974188
-0.136793 -0.330859 -0.816520
-0.722714 -0.495492 0.819391
0.073710 0.729040 0.777840
-0.417761 0.319591 -0.971566
-0.295993 -0.083132 0.740910
-0.562980 -0.667514 0.429070
-0.190271 0.607117 -0.624820
-0.223168 0.661066 -0.053871
-0.507923 0.021620 1.141435
-0.687658 0.002507 0.996152
-0.124364 -0.403627 0.554656
-0.160476 -0.353586 -0.605698
-0.090503 0.859305 0.398181
-1.154799 0.421932 -1.025128
-0.017636 0.349967 -0.411853
-0.899013 -0.062765 -1.003421
-0.363552 0.737842 -0.894968
-0.882549 -0.732233 0.268984
-0.168329 -0.787934 0.138703
-0.190297 -0.618983 -0.522958
-0.236991 -0.413687 -1.096894
-0.381952 0.432486 0.776677
-0.273261 -0.081083 1.110466
-0.446996 0.927040 0.529083
-0.679316 0.473590 1.143538
-0.349089 0.775746 -0.040085
-0.019221 -0.106672 -0.834951
-0.908266 -0.002929 0.897192
-0.185133 0.250623 0.801864
-0.042725 0.646730 -0.709814
-0.106257 -0.213581 -0.876788
-0.206662 0.189444 1.093413
-0.135444 -0.498343 -0.662698
-0.273777 -0.188350 0.956846
-0.011962 0.525859 -0.399773
-0.034955 -0.757863 -0.455813
-0.944256 -0.251036 0.722385
-0.076675 0.342960 -0.703163
-1.305239 0.320102 0.866311
-0.337588 -0.825420 -0.774459
-0.581416 -0.198091 -1.058643
0.061218 -0.728154 -0.528338
-0.110712 -0.366773 -0.839900
-0.467306 0.780255 -0.391122
-0.124658 -0.258355 -0.770343
-1.521544 -0.428165 0.729511
0.030679 -0.531292 -0.578430
-0.513783 0.644469 0.976038
-0.601924 0.088174 0.862827
0.003016 0.373316 0.722012
-0.128480 0.454459 0.831075
-0.495987 -0.858511 0.086287
0.037049 0.444870 -1.057967
-0.179656 -0.796819 -0.013922
-0.770445 -0.252553 -1.104605
-0.845345 0.349808 0.706171
-0.270302 0.752896 0.263934
-0.320724 -0.623187 -1.136571
-0.597200 -0.108744 0.780329
-0.421317 -0.349294 -1.040246
-0.269762 0.782853 -1.024282
-0.544666 0.993187 0.341112
-0.253063 0.679763 -0.530825
0.016553 0.163402 0.729227
-0.167997 -0.079780 -1.002877
-0.831331 0.982500 0.232607
-0.023770 -0.493890 -0.622113
-0.144192 -0.382713 0.722653
0.047657 0.543243 0.430191
-0.334988 -0.720729 -0.584831
-1.227981 -0.449848 -1.029956
-0.475683 -0.372650 0.836625
-0.037439 -0.002685 -0.857802
-0.085885 0.242935 -1.080203
-0.710525 0.601482 -0.792679
-0.269460 -0.670731 0.447718
-0.146713 -0.412525 0.545937
-0.168518 -0.668724 -1.025767
-0.166986 0.788857 -0.227070
0.043533 -0.087697 -0.772079
-0.003524 0.850983 -0.161282
-0.172251 0.261566 -0.965027
-0.311049 0.844755 0.757592
-0.230764 -0.942376 -0.469851
-0.947652 -0.097711 -0.851477
-0.120866 0.469287 -0.786662
-0.716801 -0.876557 -0.774328
-0.573513 0.521864 -0.691230
-0.045252 0.813282 0.357818
-0.927443 -0.395907 -1.039311
-0.354330 -0.182315 0.869098
-0.122431 0.779506 0.148642
-0.184543 0.743663 0.353070
-0.976935 -0.572667 -0.702439
-0.423764 0.946072 -0.607114
0.207857 -0.403166 -0.906580
-0.707358 0.259789 -0.817862
-0.719399 -0.193642 1.120632
-0.504667 0.064014 -1.028338
-0.237804 0.195132 1.136477
-0.033690 -0.269712 0.633913
-0.743129 -0.376647 -0.997983
-0.604804 0.225746 0.755743
-0.634862 0.732619 0.649028
-0.302160 0.867272 -0.382052
0.104379 -0.606882 -0.954618
-0.195336 0.758720 -0.763179
-0.276472 0.446136 -0.926824
0.029772 -0.196358 -1.149094
-0.589142 -0.242374 -1.183713
-0.250394 0.312393 0.759794
-0.125697 0.663606 -0.246974
-0.595641 0.693126 -0.524729
-0.449812 -0.723618 -0.484067
-0.764064 0.131087 0.901407
-1.384629 -0.327471 -0.885197
-0.014764 0.641555 -0.562232
-0.040348 0.182936 -0.555382
-0.091128 0.408345 0.941019
-0.035352 0.284437 -0.712674
-0.119514 0.617225 -0.525412
-0.013214 -0.537979 -0.633068
0.096695 0.150106 -0.555865
-0.086093 0.386724 -0.598912
-0.614780 -0.650615 -1.041313
-0.214343 0.684119 0.009448
-0.786593 0.541102 0.752125
-0.502505 0.309028 1.055670
-0.014895 0.642078 0.037023
-0.162341 -0.227355 -1.075020
0.020516 0.690487 0.602306
-0.074648 0.523591 -0.297464
0.002407 -0.585732 -0.723422
-0.330203 -0.765164 -0.423779
-0.263104 -0.405992 0.903544
-0.334461 0.690950 -0.100721
-0.023092 0.497371 0.067620
-0.020890 0.593323 -0.357752
-0.161264 0.417824 -0.704604
-0.117418 -0.042105 0.552122
-0.029802 -0.461659 -0.574743
-0.113569 0.823095 -0.361220
-0.924886 0.144133 -0.942764
-0.040976 -0.012116 0.599643
-0.463398 0.209063 -1.160445
-0.472880 0.228027 -1.324779
0.053933 0.152326 -0.832069
-0.041854 -0.837701 -0.799040
-0.276884 0.452930 -1.151193
-0.835282 0.233787 1.023427
0.029209 0.249490 0.589923
-0.243396 -0.711966 -0.709005
0.079713 -0.567749 -0.327243
-0.699757 -0.942176 -0.118001
-0.176590 0.070930 -0.792154
-0.184056 0.807478 0.463577
-0.316642 0.875884 -0.186330
-0.049888 0.683478 0.405598
-0.537585 0.393011 0.909490
-0.322626 -0.889390 -0.325344
-0.083776 0.841193 0.578160
-0.732078 0.000438 -0.825034
0.015190 0.220525 0.840036
-0.735696 -0.173684 0.830059
-0.456432 -0.671312 -0.605675
0.060452 0.729896 -0.457929
0.117309 0.655920 -0.287688
-0.052483 0.640597 -0.630453
-0.216046 0.651030 0.859027
-0.895891 0.589493 0.648708
-0.777362 -0.736950 -0.756723
-0.179107 0.162058 -0.756881
-0.093111 -0.078504 -0.915099
-0.663500 0.148468 -1.000462
-0.216965 0.636497 0.356387
-0.586651 0.222742 -1.216401
-0.895193 0.571556 0.509617
-1.324409 0.213044 -1.009632
-0.674491 -0.609462 0.583965
-0.957822 -0.041181 1.083793
-0.065396 0.054104 0.822872
-0.542171 -0.916764 -0.696579
-0.965012 -0.117981 -1.252769
0.040363 -0.294954 0.666904
-0.446611 -0.981601 -0.734854
-0.046724 0.766920 -0.226396
0.094891 -0.200827 -1.124029
-1.234275 -0.842746 -0.450859
-0.530343 -0.168390 -1.014561
-0.475400 -0.499290 -0.961857
-0.009290 0.260499 -1.072847
-0.648091 -0.798084 0.435961
-0.187667 0.759491 0.249176
-0.570347 0.033561 -0.806085
-0.637654 0.722053 -0.482668
-0.022510 -0.079300 -0.878031
-0.707686 -0.368803 0.744758
-0.057629 -0.821383 -0.110923
-0.356186 0.803042 -0.033159
-1.082692 -0.761545 -0.907745
-0.519537 0.535865 1.001913
-1.255843 0.623239 0.665163
0.027019 -0.516480 -0.496041
-0.101413 -0.362887 -0.695511
-1.414175 -0.678891 -0.677879
-0.841128 -0.651968 -1.046938
-0.316483 -0.850694 -0.315613
-0.845309 -0.847062 -0.585218
-0.750950 0.868910 0.141173
-0.399149 0.820991 -0.762749
-0.508993 -0.555130 0.613400
-0.450635 -0.851616 -0.240826
-0.673375 -0.837116 0.410365
-0.774228 -0.787272 -0.486740
-0.837994 -0.642292 0.808029
-0.978898 -0.710311 -0.227737
-0.997144 -0.525641 0.720633
-1.010405 -0.553008 -0.556158
-1.104892 -0.357284 0.845757
-1.262136 -0.500867 -0.293356
-1.283200 -0.379886 0.351952
-1.276321 -0.405362 -0.605143
-1.288919 -0.262881 0.528145
-1.482768 -0.330718 -0.368382
-1.481572 -0.195088 0.077859
-1.456140 -0.233301 -0.710726
-1.462070 -0.002734 0.529294
-1.596740 -0.071887 -0.528654
-1.616670 0.184679 0.494774
-1.523497 0.092667 -0.900728
-1.454675 0.380313 0.782444
-1.586708 0.326971 -0.498180
-1.480809 0.542342 0.241114
-1.306216 0.500801 -0.739559
-1.158458 0.625518 0.609129
-1.237285 0.630883 -0.182330
-1.125990 0.651374 0.253361
-0.921380 0.643205 -0.474671
-0.796268 0.652857 0.631450
-0.873845 0.736593 0.000521
-0.750061 0.748192 0.388506
-0.547969 0.868757 -0.025568
-0.428024 0.856716 0.107034
-1.049342 -0.891692 -0.296875
-1.194040 -0.954940 0.139641
-1.156662 -1.068492 -0.115811
-1.229449 -0.869090 0.603425
-1.281945 -0.915995 -0.412912
-1.430980 -0.679414 0.910265
-1.594939 -0.906998 0.073792
-1.752627 -0.703536 0.503935
-1.755087 -0.720500 -0.291864
-1.892509 -0.531384 0.685992
-1.987794 -0.693896 0.052238
-2.064790 -0.465682 0.311932
-2.115401 -0.543963 -0.415917
-2.197092 -0.305883 0.593470
-2.210505 -0.489286 -0.051520
-2.226575 -0.202015 0.367307
-2.089338 -0.232836 -0.649244
-2.045238 0.104082 0.605746
-1.970225 0.000866 -0.406642
-1.965215 0.313294 0.400833
-1.827052 0.305918 -0.739201
-1.773769 0.510583 0.671064
-1.653742 0.449619 -0.164606
-1.509259 0.480898 0.399855
-1.259309 0.559170 -0.505150
-1.227764 0.485903 0.797887
-1.092059 0.441948 0.311536
-0.988293 0.401164 0.646924
-0.792412 0.555153 -0.131878
-0.789304 0.419098 1.002040
-0.609223 0.336162 0.971883
-0.531710 0.460746 0.940112
-1.070318 -0.772103 0.150272
-1.195370 -0.879398 0.155800
-1.313442 -0.988080 -0.195586
-1.223196 -0.757078 0.505639
-1.516881 -0.776721 0.217177
-1.481676 -0.586031 0.249467
-1.739835 -0.728025 -0.106867
-1.779470 -0.571252 0.359454
-2.123227 -0.667872 0.338999
-2.062191 -0.574214 -0.106537
-2.397125 -0.564415 -0.147069
-2.364585 -0.382825 0.084751
-2.713256 -0.336434 0.128293
-2.606895 -0.231202 -0.168749
-2.802566 -0.221808 -0.289478
-2.569208 -0.036963 0.260525
-2.681990 -0.025434 0.144849
-2.501767 0.173956 0.034670
-2.489052 0.243351 -0.340696
-2.338125 0.509952 0.155747
-2.329058 0.597894 -0.053277
-2.126511 0.711365 -0.065512
-2.037461 0.789351 -0.479428
-1.910099 0.915320 0.227217
-1.887596 0.971546 -0.053247
-1.611683 0.926272 0.097956
-1.565510 0.956263 -0.301393
-1.406274 0.920662 0.487418
-1.364547 1.017696 0.197993
-1.107925 0.969816 0.385394
-1.079524 0.977983 -0.003294
-0.898218 0.980633 0.007907
-1.167902 -0.871473 -0.236519
-1.356464 -1.039111 0.064776
-1.399132 -1.145317 -0.035081
-1.493394 -1.016318 0.412664
-1.585669 -1.122455 -0.460697
-1.655563 -0.948672 0.707832
-1.750379 -1.127484 0.016376
-1.958356 -0.992137 0.369609
-2.031880 -1.018433 -0.383805
-2.211689 -0.805048 0.539218
-2.321810 -0.816378 -0.099284
-2.515879 -0.663813 0.118018
-2.605776 -0.558025 -0.612180
-2.687606 -0.356693 0.381001
-2.697916 -0.384749 -0.218384
-2.713518 -0.223221 0.168539
-2.565973 -0.152829 -0.586671
-2.498344 0.105142 0.532048
-2.339353 0.114756 -0.283163
-2.294393 0.320881 0.185220
-2.081854 0.496947 -0.521936
-2.090019 0.639445 0.372658
-1.898597 0.645207 -0.254703
-1.800011 0.677916 0.127394
-1.498117 0.795979 -0.547872
-1.482990 0.765349 0.578272
-1.355807 0.747919 0.133991
-1.220484 0.677448 0.676648
-1.004375 0.840198 -0.157449
-0.976500 0.720093 0.966394
-0.804276 0.693058 0.560099
-0.693649 0.776108 0.880356
-0.951998 -0.888089 0.006390
-1.106357 -0.989713 0.073428
-1.182301 -1.096737 -0.315557
-1.261369 -0.948215 0.327288
-1.397159 -0.972305 -0.116127
-1.425338 -0.880769 0.242138
-1.528032 -0.973066 -0.459087
-1.639613 -0.864404 0.525534
-1.792114 -0.836907 -0.342726
-1.858008 -0.666342 0.249829
-2.125604 -0.627528 -0.797505
-2.182219 -0.407798 0.473936
-2.382714 -0.338267 -0.525067
-2.396166 -0.182202 0.351483
-2.604749 -0.112016 -0.681371
-2.559273 0.037721 0.643828
-2.484300 0.095678 -0.324116
-2.430210 0.226268 0.446332
-2.383038 0.422186 -0.526020
-2.374364 0.606240 0.455106
-2.242116 0.813246 -0.191585
-2.156001 0.883184 0.407149
-2.035555 1.079776 -0.389085
-1.960606 1.144384 0.332788
-1.754459 1.229777 0.179637
-1.624814 1.129973 0.589664
-1.564796 1.200843 0.167697
-1.523145 1.126315 0.511546
-1.260145 1.147881 0.431884
-1.119421 1.057609 0.949125
-1.004582 1.086738 0.498253
-0.923396 1.101081 0.485158
-0.894451 -0.949823 -0.221775
-1.043984 -1.073039 -0.080391
-1.047705 -1.144028 -0.179904
-1.190872 -1.025532 0.270961
-1.213995 -1.152146 -0.661487
-1.243423 -0.933298 0.699488
-1.321854 -1.077325 -0.341784
-1.499631 -0.950703 0.566392
-1.576696 -1.001224 -0.897568
-1.684302 -0.705820 1.105312
-1.763456 -0.774922 -0.731203
-1.916194 -0.578027 0.663387
-2.053797 -0.535389 -1.160992
-2.128902 -0.231051 0.892408
-2.219815 -0.258655 -0.868874
-2.244525 -0.056798 0.645796
-2.155332 0.044059 -0.910512
-2.131134 0.244860 0.838616
-2.029832 0.383230 -0.675213
-2.031154 0.553840 0.510320
-1.867631 0.747643 -0.768646
-1.858070 0.847236 0.560079
-1.717167 1.012371 -0.441241
-1.640550 0.978316 0.421733
-1.385477 1.098450 -0.368060
-1.360748 1.016311 0.661201
-1.312688 1.106355 0.143609
-1.199952 0.995448 0.537657
-1.010005 1.091491 0.180576
-1.025480 0.909334 0.698690
-0.872704 0.899605 0.520508
-0.738022 0.935815 0.729118
-0.713189 -0.885226 -0.054395
-0.845861 -0.969801 0.145312
-0.840407 -1.083919 -0.486778
-0.908137 -0.887700 0.516844
-1.053536 -0.920261 -0.395743
-1.092816 -0.813732 0.531355
-1.100242 -0.961854 -0.886937
-1.147308 -0.740344 1.005792
-1.338945 -0.759672 -0.772981
-1.378247 -0.518140 0.908766
-1.526791 -0.609654 -1.300488
-1.568515 -0.341263 1.214450
-1.734792 -0.388491 -1.131548
-1.775342 -0.126073 0.827265
-1.974563 -0.172289 -1.320984
-1.952806 0.085950 1.139080
-1.905176 0.102685 -0.983600
-1.867183 0.324093 0.868536
-1.826685 0.436410 -1.094745
-1.891091 0.694571 1.036583
-1.876441 0.817895 -0.793258
-1.769796 0.984813 0.755404
-1.600185 1.101079 -0.759437
-1.544282 1.208180 0.938551
-1.502720 1.290388 -0.199413
-1.387496 1.254272 0.587176
-1.265289 1.292512 -0.293769
-1.212358 1.220115 0.808678
-1.147573 1.293037 0.312238
-0.995002 1.149508 0.569495
-0.920585 1.143569 0.218313
-0.792092 1.142521 0.347967
-0.619012 -0.922914 -0.260716
-0.671308 -1.021105 0.025463
-0.669613 -1.078063 -0.181548
-0.714091 -0.941878 0.382678
-0.775758 -1.024499 -0.821387
-0.808415 -0.782474 0.952770
-0.926557 -0.926816 -0.556350
-1.030983 -0.730111 0.742793
-1.068797 -0.897773 -1.309282
-1.116696 -0.561590 1.464782
-1.182256 -0.717220 -1.115240
-1.333353 -0.426609 1.088369
-1.346215 -0.480516 -1.584353
-1.417941 -0.097352 1.448031
-1.434414 -0.221044 -1.324707
-1.592151 0.086967 1.160330
-1.517680 0.128849 -1.481124
-1.497282 0.387711 1.278063
-1.382150 0.411576 -1.129362
-1.441536 0.674650 1.023104
-1.354099 0.813937 -1.228908
-1.362415 0.931876 1.236677
-1.323530 0.969588 -0.839400
-1.249195 1.003976 0.865325
-1.014478 1.171517 -0.769304
-0.969040 1.128834 0.987159
-1.001054 1.151455 -0.113962
-0.926784 1.082244 0.754748
-0.758364 1.212572 -0.135294
-0.754573 1.028856 0.611805
-0.732437 1.020404 0.330130
-0.582042 0.969795 0.502949
-0.367601 -0.914701 -0.001789
-0.433818 -0.967555 0.155207
-0.421281 -1.061349 -0.428166
-0.481667 -0.893254 0.457620
-0.670096 -0.882751 -0.349904
-0.728596 -0.792348 0.458309
-0.765296 -0.841132 -0.728132
-0.830140 -0.641731 0.905948
-0.978444 -0.652520 -0.611396
-1.018567 -0.476866 0.750834
-1.173953 -0.515831 -0.935774
-1.269289 -0.283014 0.953456
-1.410996 -0.308141 -0.786596
-1.397954 -0.080428 0.858318
-1.531218 -0.028394 -0.998540
-1.522905 0.166368 0.903487
-1.491579 0.191373 -0.781299
-1.447192 0.383546 1.018821
-1.423426 0.489237 -0.953696
-1.504600 0.706090 0.918526
-1.444141 0.796103 -0.568010
-1.407580 0.949985 1.092566
-1.244570 1.066679 -0.636659
-1.248457 1.133165 0.798036
-1.077570 1.153863 -0.040449
-1.046926 1.157403 1.108639
-0.975234 1.255489 -0.040499
-1.000931 1.199646 0.554343
-0.821222 1.230808 0.308416
-0.740044 1.166865 0.779374
-0.685410 1.163251 0.441548
-0.607754 1.114822 0.468597
-0.302539 -0.951255 -0.223658
-0.286522 -1.002581 -0.011200
-0.242450 -1.051100 -0.112214
-0.283093 -0.950611 0.262021
-0.414784 -0.999377 -0.643028
-0.500716 -0.801129 0.784386
-0.669514 -0.866751 -0.485099
-0.759680 -0.711326 0.633035
-0.717385 -0.840872 -0.977996
-0.826111 -0.559992 1.149334
-0.907413 -0.622161 -0.879072
-1.114348 -0.403798 0.920869
-1.055987 -0.455066 -1.230307
-1.164939 -0.177437 1.200567
-1.155920 -0.207384 -1.079747
-1.260038 0.044525 1.030926
-1.163108 0.061482 -1.279515
-1.184790 0.282671 1.166515
-1.080701 0.369978 -1.060537
-1.154422 0.569920 1.013583
-1.042551 0.686292 -1.029359
-1.106552 0.756507 1.095651
-1.004055 0.869132 -0.680829
-0.981481 0.844421 0.795838
-0.728938 0.955571 -0.521305
-0.726613 0.907093 0.760426
-0.708346 1.020431 -0.118293
-0.718358 1.054668 0.533044
-0.621780 1.101837 0.064162
-0.644348 1.009452 0.391963
-0.551530 0.987955 0.268026
-0.446998 0.970371 0.421903
-0.146617 -0.950866 -0.051250
-0.203848 -0.955928 0.179717
-0.148747 -1.023381 -0.450914
-0.210661 -0.879762 0.498094
-0.376064 -0.850565 -0.391599
-0.477474 -0.759149 0.444599
-0.491225 -0.833303 -0.851617
-0.546627 -0.647005 0.937282
-0.657723 -0.639783 -0.855749
-0.713100 -0.475357 0.989622
-0.754501 -0.529153 -1.277426
-0.841176 -0.291892 1.370507
-0.921719 -0.304563 -1.239805
-0.975712 -0.070568 1.270295
-1.041601 -0.124448 -1.422188
-1.059860 0.130080 1.459517
-1.074958 0.102555 -1.218391
-1.081697 0.378681 1.314900
-1.071378 0.382621 -1.338361
-1.143071 0.648942 1.538019
-1.104856 0.701267 -1.001725
-1.067700 0.886149 1.144241
-0.889839 0.918401 -1.069606
-0.878151 0.981460 1.394362
-0.773278 0.990108 -0.479007
-0.750805 1.019149 0.850939
-0.691026 1.082216 -0.485078
-0.670744 1.099490 0.684786
-0.616404 1.175950 0.096454
-0.523561 1.101079 0.444875
-0.452176 1.066973 0.213637
-0.361881 1.033064 0.294557
-0.167276 -0.944051 -0.296962
-0.172717 -1.009315 -0.014070
-0.102536 -1.058648 -0.293875
-0.084488 -0.942495 0.235375
-0.147882 -0.995366 -0.741182
-0.251995 -0.750687 0.757570
-0.419717 -0.801684 -0.601562
-0.451281 -0.640557 0.571550
-0.416498 -0.794775 -1.115520
-0.427114 -0.472884 1.224080
-0.475856 -0.570347 -1.198399
-0.560751 -0.301727 1.123532
-0.539814 -0.461572 -1.618370
-0.597919 -0.118797 1.588453
-0.636784 -0.288255 -1.539051
-0.732629 0.036527 1.464362
-0.698824 -0.061400 -1.801433
-0.711984 0.263031 1.694931
-0.695653 0.199947 -1.572002
-0.787908 0.463961 1.460800
-0.762940 0.528779 -1.649511
-0.744061 0.696574 1.651155
-0.667728 0.642805 -1.058026
-0.634827 0.686932 1.195641
-0.418156 0.830109 -1.052411
-0.450282 0.865947 1.027780
-0.496175 0.912998 -0.382057
-0.471664 0.919133 0.645366
-0.396412 1.030971 -0.091203
-0.486777 0.951565 0.449520
-0.413135 0.950757 0.102499
-0.265174 0.886233 0.225896
-0.038108 -0.920244 -0.127420
-0.100833 -0.927405 0.038445
-0.019899 -0.967492 -0.450355
-0.055362 -0.864846 0.319684
-0.166664 -0.825327 -0.420755
-0.215270 -0.716886 0.356010
-0.239620 -0.759817 -0.732638
-0.290707 -0.582165 0.818318
-0.363848 -0.585225 -0.780910
-0.370092 -0.440692 0.820142
-0.365910 -0.447369 -1.103194
-0.413427 -0.229199 1.179838
-0.492906 -0.224537 -1.091368
-0.544773 -0.029405 1.144706
-0.562099 -0.044584 -1.271865
-0.598127 0.178153 1.202525
-0.621517 0.171949 -1.023267
-0.680289 0.352343 1.240179
-0.660986 0.367545 -1.129341
-0.717152 0.552713 1.137017
-0.676666 0.617372 -0.759134
-0.685833 0.753468 1.240954
-0.549422 0.778321 -0.747796
-0.606122 0.817953 0.920609
-0.453602 0.853840 -0.357533
-0.484615 0.888632 1.187372
-0.430299 0.935020 -0.258597
-0.495861 0.946131 0.751817
-0.418684 1.049361 -0.147795
-0.353398 0.994367 0.433390
-0.279353 1.051182 0.187168
-0.215509 0.960220 0.323059
-0.006422 -0.926791 -0.373471
0.006715 -0.993981 -0.196143
0.098911 -1.033659 -0.325576
0.124365 -0.947514 0.030019
0.043808 -1.011246 -0.630313
-0.016507 -0.784158 0.517129
-0.092414 -0.816410 -0.541267
-0.066286 -0.618291 0.466393
-0.063848 -0.769065 -0.823256
-0.045009 -0.504838 0.896610
-0.051218 -0.548651 -0.828082
-0.072712 -0.284796 0.854538
-0.143476 -0.406012 -1.111245
-0.222419 -0.118396 1.187672
-0.284088 -0.185398 -1.072981
-0.308917 0.032874 1.063158
-0.315765 -0.046691 -1.180737
-0.394217 0.170154 1.301057
-0.399782 0.192265 -1.008228
-0.450668 0.344616 0.982676
-0.387033 0.338248 -0.962790
-0.444759 0.469908 1.113751
-0.408633 0.561659 -0.586495
-0.461461 0.561712 0.662827
-0.318120 0.654583 -0.437013
-0.348057 0.628918 0.642160
-0.342352 0.780912 -0.154501
-0.338427 0.764125 0.429773
-0.273037 0.894285 -0.053976
-0.336055 0.803404 0.407635
-0.271059 0.862205 0.115123
-0.148060 0.808810 0.340774
0.061131 -0.832197 -0.305886
0.025179 -0.841715 -0.021468
0.131029 -0.860255 -0.613187
0.147213 -0.752946 0.240699
0.086024 -0.697557 -0.546399
0.067727 -0.581289 0.310751
0.058544 -0.627093 -0.772501
0.043632 -0.478354 0.660041
0.021890 -0.475925 -0.664018
0.030424 -0.353055 0.617128
0.076244 -0.363333 -0.847370
0.031404 -0.195478 0.835377
-0.018431 -0.180612 -0.810951
-0.108369 -0.032154 0.844687
-0.064689 -0.058916 -0.946092
-0.101023 0.097945 0.965022
-0.143726 0.121812 -0.793921
-0.256489 0.226267 0.857387
-0.168746 0.250120 -0.896654
-0.224871 0.360848 1.092441
-0.248698 0.455693 -0.637518
-0.297321 0.549987 0.714082
-0.211482 0.699867 -0.719003
-0.234971 0.686468 1.091087
-0.225403 0.777431 -0.329627
-0.258479 0.761156 0.706518
-0.218577 0.908124 -0.502258
-0.227130 0.865254 0.606556
-0.178781 1.019269 0.047073
-0.137838 0.927672 0.549952
-0.073964 0.950852 0.092121
-0.084000 0.883878 0.232429
0.137681 -0.815109 -0.463190
0.143612 -0.907080 -0.166530
0.252304 -0.957750 -0.555144
0.286637 -0.835035 -0.017462
0.255930 -0.873797 -0.829229
0.240605 -0.662646 0.433777
0.220307 -0.719557 -0.625566
0.205486 -0.539508 0.328530
0.194611 -0.677594 -0.839714
0.191545 -0.466552 0.809690
0.196072 -0.475824 -0.685909
0.156937 -0.299505 0.696892
0.086812 -0.391495 -0.932650
0.073820 -0.170136 0.999697
0.117230 -0.176031 -0.857628
0.062148 -0.038967 0.828666
0.014319 -0.067506 -1.046253
0.014167 0.079030 1.133417
0.062560 0.117317 -0.802095
-0.020779 0.184810 0.855044
-0.074343 0.286253 -1.007093
-0.102563 0.393887 1.168974
-0.064105 0.444099 -0.421206
-0.140148 0.450131 0.662757
-0.105273 0.619566 -0.478587
-0.165696 0.590962 0.642424
-0.162815 0.662620 -0.112628
-0.187197 0.643338 0.421027
-0.164359 0.772391 -0.128769
-0.214336 0.738847 0.299114
-0.151762 0.802868 0.065618
-0.054426 0.718110 0.097326
0.051482 -0.710811 -0.351329
0.034735 -0.716143 -0.230123
0.152556 -0.710547 -0.517994
0.217373 -0.612151 0.015662
0.203250 -0.560148 -0.466375
0.212598 -0.463253 0.022660
0.141887 -0.476590 -0.506687
0.127454 -0.376650 0.368846
0.085121 -0.369130 -0.334339
0.087560 -0.298405 0.251434
0.052982 -0.290559 -0.451785
0.061231 -0.176435 0.415043
0.022097 -0.114329 -0.366997
0.023265 -0.040384 0.355537
-0.021229 0.004442 -0.433178
-0.001195 0.069682 0.426718
-0.041817 0.150065 -0.308119
-0.036915 0.171343 0.382015
-0.048532 0.234233 -0.322102
-0.058091 0.283315 0.511645
-0.074860 0.421920 -0.169716
-0.092820 0.454954 0.660081
-0.050025 0.554893 -0.207130
-0.041722 0.559316 0.529273
-0.009402 0.661075 -0.173917
0.011887 0.661882 0.808989
0.048534 0.733032 -0.256911
0.062048 0.805992 0.591687
0.067437 0.934950 -0.359124
0.085708 0.923669 0.362300
0.088062 0.937271 0.036119
0.073930 0.848656 0.266271
0.135156 -0.746218 -0.447932
0.166132 -0.847239 -0.412684
0.287908 -0.882119 -0.464759
0.356663 -0.777019 -0.295236
0.335514 -0.782987 -0.647053
0.315317 -0.619719 0.116132
0.252323 -0.624736 -0.420733
0.226086 -0.513108 0.041232
0.185882 -0.549788 -0.478125
0.165186 -0.478159 0.356888
0.113559 -0.426444 -0.229114
0.114824 -0.389184 0.270472
0.096116 -0.368505 -0.372692
0.091956 -0.287198 0.472286
0.043600 -0.166826 -0.249607
0.037738 -0.133613 0.346661
0.030047 -0.056072 -0.322961
0.024107 -0.024940 0.569662
-0.010180 0.109016 -0.233851
-0.025969 0.117243 0.402683
-0.017503 0.240582 -0.257432
-0.049386 0.223567 0.659187
-0.048729 0.377793 -0.156266
-0.077204 0.355716 0.342316
-0.036959 0.484583 -0.100455
-0.077385 0.423041 0.366145
-0.111348 0.528584 -0.054689
-0.116800 0.527955 0.210162
-0.086905 0.605776 -0.080332
-0.119303 0.667821 0.223444
-0.045743 0.691176 0.148925
0.003123 0.656405 0.105844
0.174882 -0.680242 -0.470193
0.136622 -0.697246 -0.317139
0.250547 -0.679351 -0.652448
0.300977 -0.592354 -0.061779
0.249637 -0.501558 -0.455018
0.236521 -0.447219 -0.043219
0.130968 -0.402540 -0.556114
0.107896 -0.365439 0.344747
0.017679 -0.313158 -0.310511
0.017422 -0.300880 0.144659
-0.000883 -0.245888 -0.446374
0.033165 -0.217013 0.415998
0.008819 -0.083626 -0.254989
0.020391 -0.061749 0.364407
-0.000565 0.051281 -0.392069
0.036171 0.086500 0.530967
0.016957 0.202296 -0.230899
0.026583 0.190371 0.387113
0.004986 0.278991 -0.363455
0.034245 0.281216 0.629370
0.026156 0.392113 -0.244926
0.047038 0.374563 0.316025
0.016573 0.479317 -0.516458
0.073561 0.472447 0.649137
0.068845 0.522683 -0.301025
0.116369 0.537021 0.359818
0.096502 0.696342 -0.602665
0.113542 0.702768 0.423685
0.094103 0.831412 -0.109762
0.181386 0.787550 0.348196
0.185326 0.813083 -0.127358
0.135313 0.749364 0.098279
0.210082 -0.734913 -0.555155
0.201156 -0.860612 -0.449667
0.291513 -0.903984 -0.658554
0.330307 -0.768880 -0.376399
0.342033 -0.756992 -0.844724
0.262587 -0.564808 0.069861
0.222979 -0.548558 -0.501578
0.156587 -0.444808 0.013344
0.111479 -0.441043 -0.642456
0.082753 -0.397353 0.338786
0.076879 -0.363502 -0.319631
0.059966 -0.318010 0.365631
0.067503 -0.238103 -0.536652
0.076870 -0.176055 0.586800
0.087800 -0.055752 -0.378302
0.082281 -0.031019 0.579409
0.071557 0.062296 -0.536713
0.075562 0.074997 0.705234
0.077018 0.216582 -0.373403
0.080629 0.173000 0.551093
0.084736 0.331953 -0.584553
0.076701 0.304516 0.748116
0.098469 0.436065 -0.246225
0.091808 0.355870 0.403097
0.072270 0.516203 -0.498545
0.046250 0.483389 0.473931
0.053897 0.550672 -0.090067
0.031825 0.530755 0.235031
0.019504 0.647172 -0.053385
-0.037207 0.575268 0.106893
-0.001452 0.695211 0.149632
0.057382 0.629381 -0.060239
0.143115 -0.715103 -0.542035
0.115213 -0.759835 -0.458411
0.220391 -0.755438 -0.710797
0.270100 -0.596949 -0.224037
0.219309 -0.585190 -0.461857
0.195971 -0.462476 -0.166751
0.121909 -0.484220 -0.547440
0.057673 -0.385948 0.126903
-0.009236 -0.387574 -0.264121
-0.011499 -0.311495 0.083039
0.002607 -0.287072 -0.231561
-0.009848 -0.187951 0.349847
0.010367 -0.070568 -0.035450
0.029982 0.047107 0.353860
0.047929 0.127695 0.012314
0.041068 0.200894 0.381209
0.036904 0.283978 -0.002789
0.044555 0.360382 0.373352
0.050683 0.396800 0.020283
0.049226 0.397462 0.489640
0.047757 0.452025 0.023233
0.085036 0.470206 0.477383
0.125982 0.504546 0.062151
0.163132 0.520256 0.436798
0.182668 0.594933 -0.029397
0.228896 0.641825 0.467028
0.213834 0.684248 0.072542
0.244489 0.715888 0.364688
0.221378 0.790567 -0.219487
0.244780 0.802146 0.137512
0.176337 0.750661 0.086680
0.109406 0.711544 0.054890
0.132140 -0.777633 -0.561340
0.085229 -0.894351 -0.555332
0.129803 -0.981266 -0.615636
0.137379 -0.849732 -0.588690
0.177592 -0.923566 -0.940734
0.079870 -0.665893 -0.056799
0.050598 -0.710709 -0.517647
-0.017948 -0.542611 -0.152533
-0.006377 -0.613434 -0.629496
-0.049988 -0.444397 0.234797
-0.001943 -0.491085 -0.204004
-0.046386 -0.365980 0.267029
-0.002322 -0.396660 -0.314123
-0.034845 -0.197288 0.533910
0.022323 -0.131233 0.029360
-0.030649 -0.031407 0.371034
0.014870 0.015450 -0.031768
-0.018312 0.032225 0.567527
0.018895 0.212996 0.155788
-0.011279 0.230762 0.339572
0.087737 0.301418 0.083742
0.043274 0.295266 0.537429
0.095270 0.354083 0.177752
0.033543 0.395354 0.302632
0.109906 0.497929 0.143161
0.022762 0.484860 0.409061
0.017075 0.574601 0.180136
-0.083912 0.579262 0.263888
-0.063093 0.684502 0.173244
-0.135192 0.649142 0.323228
-0.111549 0.691952 0.372387
-0.110014 0.651859 0.212038
-0.068937 -0.728918 -0.485245
-0.056023 -0.725560 -0.511012
0.020695 -0.763370 -0.820858
0.113970 -0.622512 -0.256502
0.078133 -0.641991 -0.490256
0.078132 -0.510371 -0.165240
0.025612 -0.553183 -0.546270
0.051226 -0.424622 0.144871
0.032383 -0.426640 -0.271541
0.044918 -0.314933 0.218061
0.025972 -0.293212 -0.221526
0.048427 -0.180428 0.537077
0.056889 -0.058880 0.110149
0.057014 0.049103 0.460454
0.078404 0.149723 0.056242
0.048125 0.222901 0.550128
0.042950 0.319709 0.202544
0.017165 0.359710 0.424960
0.051383 0.397832 0.087669
-0.015816 0.399793 0.553553
0.002258 0.423155 0.334938
0.049539 0.393023 0.367003
0.076551 0.441886 0.133004
0.094322 0.497110 0.527094
0.081684 0.585922 0.296225
0.149457 0.635998 0.365954
0.109142 0.680944 0.136374
0.127472 0.715500 0.486724
0.077658 0.693991 0.296875
0.132089 0.701935 0.285562
0.050231 0.696367 -0.138242
-0.030673 0.655352 -0.109998
-0.049013 -0.549787 -0.318919
-0.062035 -0.589749 -0.149139
-0.035520 -0.658014 -0.434574
0.006485 -0.569995 -0.255459
0.015017 -0.583902 -0.559348
0.041356 -0.428783 0.025133
0.026341 -0.428406 -0.305987
0.035825 -0.334164 -0.040620
0.023360 -0.341255 -0.272114
0.015059 -0.250532 0.272024
0.034815 -0.260683 -0.013819
0.008198 -0.194395 0.279996
0.021243 -0.122100 0.045761
-0.011849 -0.028831 0.489503
0.021999 0.071074 0.209326
-0.028308 0.110425 0.367785
-0.001649 0.224783 0.181481
-0.038117 0.260846 0.522345
-0.019712 0.345217 0.311438
-0.063019 0.332771 0.376203
-0.007545 0.401686 0.264990
-0.060720 0.367443 0.502332
-0.041607 0.395311 0.339678
-0.050617 0.419219 0.378397
-0.010508 0.558224 0.246265
-0.056226 0.583421 0.439188
-0.035057 0.620857 0.332002
-0.024061 0.608337 0.312519
0.026816 0.720860 0.284957
-0.019917 0.675784 0.316149
-0.055588 0.769763 0.242250
-0.000958 0.640033 0.052037
