0.650132 -0.572214 -0.755763
0.611385 -0.333146 -0.262531
0.506208 -0.232001 0.215701
0.419466 -0.034111 -0.289875
0.495115 -0.733810 0.140651
0.442109 0.080202 -0.107397
0.404606 -0.347693 0.069087
0.339985 0.056448 -0.257621
0.562745 -0.040865 0.006045
0.436538 0.099819 -0.039124
0.269652 -0.089723 0.106219
0.479169 -0.216036 0.072603
0.044036 0.083274 0.195015
0.565155 -0.581468 0.288967
0.086521 -0.058435 0.076182
0.663766 -0.745432 -0.049479
0.382922 -0.554557 -0.483282
0.469666 -0.630566 0.201131
0.347828 -0.076774 -0.236732
0.012463 0.130149 -0.618604
0.604675 -0.789064 -0.004469
0.363206 0.225099 -0.076071
0.640138 -0.148273 -0.396394
0.179729 -0.272962 -0.530477
0.228271 -0.471166 0.280703
0.526824 -0.595949 0.196017
0.071172 0.332928 -0.208056
0.708677 -0.946914 0.246216
-0.255566 0.169795 -0.236496
0.450613 -0.434390 -0.267344
-0.277165 0.029176 -0.803322
0.395090 -0.311003 -0.325473
0.552269 -0.048761 -0.419392
0.549267 -0.199034 -0.394636
0.627565 -0.251880 -0.428946
0.580639 -0.101553 -0.155684
0.624066 -0.552969 0.134728
0.402664 -0.179720 -0.412471
0.565939 -0.336043 0.157796
0.213757 0.023143 -0.412234
0.293453 -0.192911 -0.024288
0.455675 -0.102780 0.027450
0.300707 -0.535952 0.302757
0.133080 -0.511582 -0.779181
0.293786 -0.368955 -0.351438
0.487368 -0.411863 -0.395632
-0.198463 -0.839262 0.470543
0.514070 -0.277213 0.148619
0.106288 -0.021918 -0.474807
0.592529 -0.675507 0.355240
0.423038 -0.642468 0.269663
0.441719 0.006231 -0.165448
0.416586 0.034601 -0.197621
0.136293 -0.477444 0.476601
0.241669 -0.408187 0.373573
0.592085 -0.773658 -0.009758
0.656493 -0.455280 -0.557686
0.452439 0.055354 -0.067584
-0.270510 0.213028 -0.567070
0.648352 -0.150938 -0.218476
-0.239387 -0.194588 -0.634511
0.184967 0.263241 -0.455483
-0.052024 -0.693677 0.241150
0.400810 -0.512390 0.098605
0.367166 -0.435793 -0.316030
0.436370 -0.422492 -0.651063
0.271191 -0.125952 0.153424
0.365031 -0.476504 0.220576
0.078280 0.331803 0.051474
-0.102479 -0.132149 0.469043
0.480559 0.020088 -0.270334
0.632432 -0.341805 -0.526353
-0.129732 -0.383602 0.379825
0.614686 -0.563313 0.234791
0.455189 -0.194235 -0.239350
0.507531 -0.213496 -0.358622
0.484730 -0.415082 0.205352
0.532052 -0.320044 -0.323878
0.437193 -0.466388 0.165445
0.464126 0.126216 -0.246202
0.521269 -0.424701 -0.112723
-0.153013 -0.575690 0.240226
0.557251 -0.342724 -0.175955
-0.404461 -0.135911 0.313634
0.396005 -0.544726 -0.300285
0.145295 -0.160939 -0.505945
0.587007 -0.439233 -0.265054
0.636147 -0.339708 -0.454060
-0.001929 0.228785 -0.285385
0.676825 -0.258485 -0.463902
-0.364401 -0.563311 0.232524
0.426969 -0.572835 -0.020086
0.159054 -0.237375 0.141446
0.041720 -0.408833 0.272888
0.564017 -0.289159 0.047883
0.585106 -0.390269 0.215357
0.319922 -0.678587 0.023441
0.478932 -0.270422 -0.620736
0.531292 -0.310464 0.153711
0.036315 -0.356067 -0.595738
-0.058621 -0.238449 0.293416
0.289765 0.036712 -0.063265
0.654477 -0.367088 -0.584468
0.219189 -0.628141 0.317816
0.339900 -0.324671 -0.526955
0.368313 0.174004 -0.241311
0.184300 0.196701 -0.074945
0.221351 0.151319 -0.226095
0.533698 -0.399593 -0.025390
0.391172 -0.387378 -0.510268
-0.106196 0.273103 -0.121387
0.483398 -0.398069 -0.357020
0.623662 -0.729680 0.169148
0.526863 -0.087405 0.024289
0.526393 -0.511677 -0.241851
-0.462152 -0.237570 -0.585405
0.126135 -0.814717 0.305301
0.639660 -0.303561 -0.369832
0.480915 -0.416167 -0.541050
-0.157749 0.178092 -0.416377
0.484846 -0.456264 0.098787
0.543992 -0.605892 0.176389
0.368529 -0.645382 -0.774435
0.534525 -0.018033 -0.096283
0.623698 -0.384484 -0.259131
0.533133 -0.083260 -0.148583
0.506967 -0.287645 -0.364095
0.429524 -0.082481 0.042207
0.527306 -0.501911 -0.069827
-0.343841 -0.191676 -0.442843
0.577884 -0.176244 -0.217497
-0.027931 -0.790370 -0.623044
0.031279 0.125370 -0.283932
0.462597 0.048908 -0.020851
-0.240094 -0.425536 -0.762089
0.530372 -0.471411 0.149887
0.421110 -0.055220 -0.150931
0.380357 0.009437 -0.049476
-0.165210 -0.422168 -0.595987
0.114896 0.399163 -0.185704
0.781099 -0.541515 -0.951500
-0.024959 0.072067 -0.383892
-0.138744 -0.639394 0.560751
0.233685 -0.187673 -0.455829
0.418648 -0.444179 0.246054
0.573538 -0.483250 0.027138
-0.024426 -0.345675 -0.507787
0.077517 -0.516196 0.386557
0.129373 0.192158 0.054523
0.438645 -0.013710 -0.368061
0.667697 -0.314327 -0.426871
0.457283 0.037930 -0.249301
0.481478 -0.228055 -0.353047
0.371617 -0.371691 -0.866603
-0.034632 -0.485826 -0.943491
0.394981 -0.280222 0.094782
0.463526 -0.012217 -0.301315
-0.012194 0.185072 -0.239917
0.484776 -0.723650 -0.474030
0.040364 -0.346523 0.282905
-0.678282 -0.531281 -0.695526
0.528496 -0.324531 -0.589666
0.520675 -0.248366 -0.144532
0.477572 -0.229344 0.149071
0.550322 -0.157066 -0.297285
0.492578 0.032721 -0.242630
0.585476 -0.315335 -0.238787
0.539194 -0.149523 -0.268951
0.532608 -0.098632 -0.154372
0.174526 -0.406279 -0.535410
0.497485 0.007884 -0.201749
0.095904 -0.151011 0.260564
0.237572 -0.341720 0.153341
0.486842 0.100250 -0.234279
0.662330 -0.505785 -0.609534
0.435904 -0.075066 0.031057
0.507196 -0.062927 0.003883
0.615867 -0.508761 -0.415898
0.328916 -0.569161 -0.001642
0.554605 -0.425079 0.120963
0.424405 0.003319 -0.061710
0.320783 -0.029213 -0.063063
0.482490 0.017738 -0.110144
0.545902 -0.214405 -0.321668
0.330154 -0.467170 -0.015651
0.568834 -0.261314 -0.135590
0.314741 -0.149160 0.040079
-0.195310 -0.063413 -0.497443
0.579219 -0.367890 0.071804
0.250622 -0.191853 -0.475554
0.109313 -0.149664 -0.825144
0.595393 -0.224339 -0.312490
0.612613 -0.584313 -0.495571
0.283806 -0.047477 -0.596919
-0.065838 -0.277823 0.299825
0.625527 -0.383105 -0.066096
0.571496 -0.539766 -0.356160
0.532945 -0.194441 -0.009435
0.071561 -0.765737 -0.052764
0.657657 -0.452167 -0.572507
0.493601 0.018318 -0.044153
0.294831 0.171175 -0.072198
0.536319 -0.031589 -0.106156
0.222028 -0.254241 0.249411
0.607839 -0.670967 -0.186573
0.450646 -0.030829 -0.015077
-0.127808 -0.138670 -0.486889
0.510087 -0.220831 0.119859
0.046062 -0.597272 0.412887
0.731084 -0.585769 -0.388067
0.414082 0.061203 -0.148063
0.467060 -0.026313 -0.168862
0.456954 0.004702 -0.261417
0.468798 -0.119682 0.122556
-0.076410 0.054887 0.277064
0.007742 -0.588037 -0.554816
0.323474 -0.173758 -0.294262
0.540041 -0.401931 -0.397122
0.015122 -0.122414 -0.545069
0.414969 -0.168479 0.118681
-0.046126 -0.213411 -0.705488
-0.156823 0.101067 0.137686
-0.562312 -0.054803 -0.520219
0.151847 -0.637837 0.223510
-0.340784 -0.466761 0.520912
0.643661 -0.491305 0.144280
0.198023 -0.829309 -0.286017
-0.410844 -0.184211 -0.883499
0.667040 -0.813986 0.211809
0.320959 -0.695357 -0.443661
0.437561 -0.032249 -0.036294
0.735992 -0.290390 -0.786917
-0.160285 -0.895426 -0.315017
-0.036014 -0.177278 -0.518735
0.312614 -0.363911 -0.459993
0.608565 -0.190397 -0.445389
-0.050344 -0.902842 0.293638
0.421074 0.000446 -0.218660
0.037429 -0.355901 -0.383148
0.167875 0.051168 -0.289614
0.505685 -0.281918 -0.309190
-0.193086 -0.685388 0.328305
0.408887 -0.557185 -0.023305
0.259323 0.158543 0.130492
-0.334123 -0.558480 -0.600478
0.180929 -0.163264 0.249884
-0.180465 -0.052027 0.328841
0.528690 -0.320424 -0.074681
0.306878 -0.235159 -0.391404
-0.410539 -0.630494 -0.491309
-0.149600 -0.602850 -0.773499
0.549246 -0.546129 -0.069791
-0.053097 -0.804949 -0.381998
0.094216 0.233947 -0.039894
0.265478 0.118809 -0.289184
0.131327 -0.506520 0.197054
0.061481 -1.039506 -0.035398
-0.053154 -1.097775 0.224998
-0.044976 -1.095059 -0.039296
-0.031270 -0.998196 0.442166
-0.140095 -1.009632 0.185846
-0.140311 -0.879254 0.489216
-0.158847 -0.863244 -0.164710
-0.234246 -0.666397 0.732824
-0.486322 -0.800185 0.043155
-0.538050 -0.669689 0.603332
-0.525371 -0.705205 -0.367217
-0.498299 -0.511905 0.844482
-0.679199 -0.667365 -0.055981
-0.620287 -0.495083 0.673785
-0.584610 -0.625469 -0.392921
-0.511646 -0.423365 0.940345
-0.638006 -0.560973 -0.150905
-0.589381 -0.354536 0.708619
-0.511946 -0.425763 -0.480393
-0.427043 -0.196044 0.879238
-0.525095 -0.283276 -0.206226
-0.508066 -0.090315 0.522947
-0.442494 -0.098550 -0.405325
-0.374532 0.087342 0.636967
-0.406462 0.131853 -0.094782
-0.350638 0.243873 0.422544
-0.243676 0.268764 -0.214469
-0.215766 0.344403 0.540474
-0.160779 0.415724 -0.037484
-0.096711 0.500423 0.276995
0.026248 0.571434 0.119166
0.080719 0.587051 0.164322
-0.263530 -1.248199 -0.074390
-0.175599 -1.448992 0.087960
-0.155411 -1.530988 0.171866
-0.083159 -1.383302 0.448191
-0.194428 -1.296286 -0.104206
-0.253592 -1.069409 0.634261
-0.437737 -1.135308 0.250121
-0.467055 -0.888999 0.572542
-0.569452 -0.912466 -0.148349
-0.659748 -0.695645 0.761156
-0.797768 -0.854726 0.281910
-0.844632 -0.683441 0.649380
-0.791877 -0.748067 -0.295706
-0.775889 -0.553068 0.808234
-0.768347 -0.757104 0.114630
-0.786692 -0.625908 0.671490
-0.651090 -0.681127 -0.347338
-0.647021 -0.443335 0.928026
-0.612305 -0.645964 0.011434
-0.656769 -0.454906 0.627652
-0.559818 -0.455584 -0.430415
-0.571821 -0.184418 0.786326
-0.592385 -0.215101 0.016366
-0.630544 -0.051689 0.463595
-0.526992 0.083907 -0.194974
-0.534157 0.216745 0.506887
-0.403801 0.260004 0.223555
-0.377174 0.337340 0.370686
-0.244491 0.430335 0.049599
-0.173671 0.466641 0.283292
0.045430 0.490825 0.366099
0.156900 0.494432 0.289385
-0.254171 -1.193938 0.196152
-0.280593 -1.317937 0.245981
-0.323865 -1.401230 0.176561
-0.306448 -1.234745 0.461263
-0.413741 -1.135465 0.443110
-0.435332 -0.994126 0.303010
-0.632524 -0.969502 0.203506
-0.658862 -0.809301 0.443023
-0.946484 -0.932013 0.560140
-0.941842 -0.710193 0.326417
-1.108185 -0.772115 0.237678
-1.070080 -0.578614 0.570653
-1.257589 -0.666949 0.647029
-1.061481 -0.489388 0.414672
-1.073221 -0.565516 0.276553
-0.960907 -0.440245 0.566044
-1.079658 -0.521999 0.496569
-0.913975 -0.389460 0.378891
-0.854242 -0.453072 0.054172
-0.772563 -0.256672 0.466481
-0.826168 -0.279394 0.219338
-0.704562 -0.050283 0.215469
-0.615841 0.011759 -0.125083
-0.542433 0.189861 0.320765
-0.559416 0.215224 0.096875
-0.446320 0.279619 0.186484
-0.348932 0.315074 0.017906
-0.258301 0.473077 0.231435
-0.142376 0.518685 0.282894
0.041506 0.623057 0.387175
0.053763 0.564318 0.380778
0.075406 0.706432 0.257902
-0.451692 -1.319596 0.058461
-0.530412 -1.470431 0.220572
-0.533953 -1.576833 0.222749
-0.542971 -1.412982 0.458695
-0.640299 -1.431780 0.041486
-0.699975 -1.115462 0.646732
-0.921500 -1.227378 0.279091
-0.960510 -1.016584 0.480733
-1.046155 -1.010890 -0.037430
-1.171806 -0.813058 0.692277
-1.293786 -0.909816 0.324132
-1.406510 -0.761468 0.565699
-1.266959 -0.753886 -0.030784
-1.275716 -0.572623 0.840336
-1.140877 -0.665156 0.349158
-1.076909 -0.555868 0.627119
-0.878251 -0.553205 -0.078824
-0.868679 -0.416445 0.788290
-0.840339 -0.478439 0.190874
-0.858489 -0.349247 0.471458
-0.778783 -0.298582 -0.329581
-0.759423 -0.097888 0.615665
-0.703621 -0.018112 0.027829
-0.721094 0.113889 0.373513
-0.594996 0.223507 -0.080078
-0.584584 0.306297 0.327623
-0.482803 0.371816 0.064241
-0.433684 0.437952 0.280539
-0.287866 0.568661 0.137612
-0.175868 0.575320 0.347672
-0.000617 0.656824 0.323860
0.054048 0.574709 0.197359
-0.534875 -1.238017 0.228479
-0.536373 -1.345719 0.181307
-0.651896 -1.476668 0.149611
-0.701028 -1.345808 0.339460
-0.902998 -1.314605 0.440253
-0.849263 -1.145031 0.215054
-0.957566 -1.077865 0.204276
-0.958113 -0.991071 0.391929
-1.156830 -1.063804 0.364630
-1.185702 -0.821455 0.404330
-1.349956 -0.809625 0.118245
-1.441262 -0.630636 0.795572
-1.509378 -0.596632 0.485182
-1.343853 -0.424734 0.665020
-1.288191 -0.427712 0.186243
-1.193661 -0.313916 0.769524
-1.144556 -0.339661 0.393455
-0.964493 -0.266110 0.450701
-0.880522 -0.262024 -0.034891
-0.853364 -0.117978 0.404073
-0.820826 -0.037666 0.143993
-0.686761 0.063492 0.186339
-0.613818 0.151332 -0.103855
-0.521858 0.252928 0.126796
-0.466528 0.303475 0.034373
-0.368056 0.362095 -0.007730
-0.247504 0.385766 0.148845
-0.190399 0.494073 0.286611
-0.054340 0.564166 0.362456
0.051543 0.749208 0.422739
0.040240 0.557063 0.602347
0.000491 0.781414 0.537868
-0.603614 -1.366433 0.018410
-0.634661 -1.548783 0.092816
-0.690778 -1.655306 0.173545
-0.736268 -1.585127 0.376268
-0.813046 -1.577415 0.028750
-0.817253 -1.394400 0.532605
-0.951093 -1.456206 0.310033
-1.004228 -1.235791 0.439032
-1.031518 -1.256694 -0.033940
-1.105918 -1.020697 0.780387
-1.154416 -0.982974 0.126308
-1.356619 -0.780863 0.797653
-1.311945 -0.800022 -0.246997
-1.317455 -0.588059 1.109316
-1.139206 -0.611273 0.253375
-1.150242 -0.481584 0.739730
-0.975391 -0.430308 -0.183079
-0.908461 -0.335439 0.764474
-0.795043 -0.327302 0.106734
-0.835729 -0.237024 0.403503
-0.729138 -0.117696 -0.249015
-0.729784 0.045582 0.400299
-0.669357 0.127270 -0.044086
-0.711100 0.213198 0.128541
-0.608822 0.311735 -0.073951
-0.582319 0.400243 0.164751
-0.538223 0.445403 0.024792
-0.402823 0.491957 0.207589
-0.260633 0.544351 0.052585
-0.095315 0.569709 0.312976
0.069841 0.753065 0.493944
-0.021512 0.803419 0.308892
-0.513123 -1.314740 0.134738
-0.531865 -1.397511 0.203938
-0.529754 -1.561124 -0.092825
-0.602818 -1.402169 0.388251
-0.730739 -1.355202 0.078725
-0.778147 -1.262975 0.379207
-0.772334 -1.261236 -0.148847
-0.820353 -1.175902 0.706269
-0.934288 -1.088786 -0.026947
-1.006509 -0.818188 0.708205
-1.081042 -0.818369 -0.276897
-1.198953 -0.589892 1.092181
-1.238872 -0.581633 0.003382
-1.241645 -0.386267 0.907517
-1.101274 -0.488801 -0.355026
-1.085913 -0.288925 0.939776
-1.007196 -0.323108 -0.067845
-0.897210 -0.170097 0.539655
-0.774565 -0.237623 -0.474162
-0.674380 -0.072297 0.477632
-0.663737 0.037903 -0.229379
-0.553492 0.174190 0.085271
-0.483854 0.236709 -0.348539
-0.368368 0.312366 0.078427
-0.349357 0.297503 -0.026574
-0.230907 0.320593 0.144910
-0.149993 0.436199 0.213901
-0.180640 1.035910 0.732624
-0.238695 1.811594 0.546870
-0.152553 2.071901 0.865705
-0.130416 1.451950 0.856052
-0.202019 1.575998 0.763048
-0.476592 -1.390137 -0.064327
-0.451311 -1.567218 0.100888
-0.520585 -1.638207 -0.001867
-0.527332 -1.513080 0.408626
-0.574019 -1.509088 -0.358454
-0.525242 -1.323159 0.735223
-0.677082 -1.335159 -0.059735
-0.709561 -1.173585 0.591488
-0.733307 -1.140474 -0.544584
-0.738383 -0.829701 1.020733
-0.823354 -0.878325 -0.445771
-0.936633 -0.657309 0.957664
-0.931273 -0.748628 -0.770369
-0.943881 -0.459123 1.310880
-0.868879 -0.565652 -0.435403
-0.961808 -0.387723 0.957689
-0.827777 -0.384612 -0.732450
-0.722910 -0.219827 0.998347
-0.615810 -0.258149 -0.369077
-0.585767 -0.161712 0.612951
-0.499795 -0.035797 -0.649182
-0.487529 0.126431 0.646497
-0.464105 0.153586 -0.302276
-0.442936 0.176724 0.263248
-0.420862 0.285625 -0.170950
-0.372545 0.339835 0.251986
-0.323479 0.442349 0.005566
-0.239425 0.538666 0.240696
-0.061938 0.510192 0.085076
0.000887 1.194866 0.513172
0.162934 1.167727 0.422107
-0.134469 1.284758 0.559795
-0.304646 -1.301635 0.113161
-0.348890 -1.335898 0.224704
-0.297697 -1.521269 -0.188517
-0.352806 -1.321548 0.399118
-0.492854 -1.322581 0.003761
-0.526665 -1.178319 0.358213
-0.509000 -1.193593 -0.219174
-0.548381 -1.035305 0.679593
-0.653228 -0.972675 -0.041427
-0.647579 -0.789844 0.681034
-0.709063 -0.785142 -0.161235
-0.749102 -0.578118 0.826831
-0.850643 -0.579547 -0.033549
-0.844033 -0.393946 0.772802
-0.862665 -0.452184 -0.097251
-0.914341 -0.256004 0.675426
-0.853068 -0.257765 0.017000
-0.682694 -0.125472 0.536359
-0.552250 -0.134585 -0.169290
-0.498267 0.041953 0.303301
-0.446251 0.106732 -0.117112
-0.372374 0.262643 0.167447
-0.315959 0.139744 -0.101573
-0.269776 0.239359 -0.002724
-0.205129 0.357902 0.206596
-0.163821 0.592033 0.528734
-0.161194 0.724651 0.639626
-0.375211 2.723152 1.083613
-0.400953 3.061343 0.786067
-0.281317 3.136051 1.315158
-0.286645 2.855073 1.234152
-0.447903 2.321341 1.127376
-0.277261 -1.325667 -0.072555
-0.236285 -1.444743 0.070937
-0.222581 -1.523239 0.022933
-0.244641 -1.434440 0.330936
-0.264706 -1.446977 -0.361827
-0.251878 -1.286134 0.673345
-0.334196 -1.269048 -0.200310
-0.364369 -1.139773 0.589315
-0.334912 -1.219288 -0.540377
-0.330696 -0.933418 0.992047
-0.392467 -0.958012 -0.297270
-0.468778 -0.737370 0.837551
-0.486935 -0.804901 -0.509443
-0.566818 -0.561661 1.052397
-0.582877 -0.566673 -0.143011
-0.692959 -0.417126 0.772492
-0.627957 -0.407706 -0.239607
-0.546473 -0.254580 0.928280
-0.435138 -0.180951 -0.020350
-0.410974 -0.066959 0.455948
-0.376033 0.019839 -0.264920
-0.342790 0.144613 0.372210
-0.315261 0.215141 -0.028476
-0.233706 0.266324 0.076820
-0.193814 0.443878 0.069442
-0.162012 0.437600 0.183074
-0.109061 0.646733 0.130196
-0.118628 0.833328 0.251760
-0.052122 0.937038 0.263892
-0.218744 2.108097 0.486725
-0.066474 1.729308 0.669841
-0.350688 1.704544 0.615541
-0.182561 -1.224362 0.089811
-0.231723 -1.213287 0.303768
-0.148388 -1.359288 -0.308633
-0.160445 -1.163874 0.543918
-0.234831 -1.134317 -0.227225
-0.288014 -1.002584 0.474682
-0.199093 -1.076639 -0.560182
-0.198413 -0.917229 0.832203
-0.273635 -0.885100 -0.275347
-0.292047 -0.757347 0.722819
-0.181127 -0.813125 -0.416424
-0.212958 -0.632856 0.897044
-0.319146 -0.614992 -0.166158
-0.455178 -0.475259 0.673601
-0.455349 -0.469571 -0.244776
-0.491546 -0.332598 0.731406
-0.465638 -0.239598 0.019846
-0.394904 -0.114724 0.438805
-0.278846 -0.013703 -0.151050
-0.237276 0.176674 0.400477
-0.249317 0.156488 0.033188
-0.173301 0.342879 0.148874
-0.078455 0.313018 -0.075900
-0.043848 0.548553 0.166787
-0.111316 0.578825 0.330111
-0.212535 1.599006 0.501866
-0.291964 2.237922 0.399560
-0.479908 3.193540 1.068203
-0.538947 3.562619 0.590613
-0.350927 3.530652 0.860742
-0.242947 3.203778 0.852781
-0.470171 2.587153 0.735035
-0.178410 -1.217024 -0.074986
-0.126801 -1.278661 0.187238
-0.088600 -1.355230 -0.079847
-0.053742 -1.247926 0.452313
-0.081403 -1.272684 -0.638774
-0.053484 -1.018470 0.882196
-0.106811 -1.137157 -0.399736
-0.063289 -0.947767 0.706068
-0.022092 -1.168793 -0.867863
-0.031496 -0.844015 1.225727
-0.016750 -0.934240 -0.448808
-0.050598 -0.737378 0.896065
-0.069674 -0.819915 -0.691481
-0.144014 -0.573461 1.093391
-0.137174 -0.545873 -0.270549
-0.168502 -0.388752 0.762908
-0.183664 -0.267985 -0.488233
-0.199535 -0.085363 0.807889
-0.190638 0.086553 -0.067044
-0.144849 0.173659 0.363558
-0.144228 0.373065 -0.296903
-0.127727 0.426635 0.519186
-0.163914 0.509660 -0.006009
-0.034909 0.554159 0.089316
0.010767 0.700156 0.046963
0.030277 0.670062 0.215366
-0.035491 0.902364 0.193262
-0.058336 1.227948 0.280461
-0.115184 1.446386 0.378359
-0.237256 2.229595 0.448899
-0.159833 1.889769 0.521789
-0.298234 1.701892 0.449469
-0.085629 -1.117774 0.161860
-0.103385 -1.089509 0.312245
-0.005167 -1.223551 -0.180463
0.005810 -1.046957 0.486433
-0.065609 -1.053560 -0.176812
-0.065135 -0.884451 0.456715
-0.033032 -0.958885 -0.434731
-0.012347 -0.803012 0.753940
-0.098183 -0.876314 -0.295769
-0.080266 -0.723614 0.644375
-0.024021 -0.814209 -0.415209
-0.024775 -0.673109 0.794247
-0.030379 -0.691781 -0.280787
-0.112618 -0.510916 0.663468
-0.081273 -0.487256 -0.347001
-0.062604 -0.282526 0.632711
0.001694 -0.137222 -0.152019
0.005490 0.042136 0.395099
0.066733 0.135899 -0.050779
0.104460 0.295318 0.221920
0.143217 0.424126 0.040742
0.112146 0.604483 0.248704
0.118863 0.514316 0.029456
0.093253 0.817349 0.135213
0.013958 0.788956 0.229850
0.018231 1.587586 0.678325
-0.080096 1.761687 0.319397
-0.189215 2.636878 1.084769
-0.217754 2.949237 0.107241
-0.080988 2.876815 0.824742
-0.056953 2.674239 0.778918
-0.227984 2.137593 0.891150
-0.069977 -1.092125 0.004246
0.001565 -1.141115 0.146974
0.096544 -1.221529 0.046089
0.148943 -1.131089 0.343387
0.109856 -1.168964 -0.356634
0.127625 -0.959920 0.703087
0.100999 -1.030694 -0.323180
0.142036 -0.852310 0.623379
0.152145 -1.052590 -0.634263
0.153701 -0.789239 1.001775
0.182394 -0.907351 -0.406307
0.122279 -0.716596 0.722142
0.130320 -0.874543 -0.532863
0.118097 -0.629535 0.934415
0.200325 -0.612662 -0.376491
0.137026 -0.363453 0.649355
0.166974 -0.222901 -0.287102
0.120484 -0.026970 0.529990
0.170434 0.127381 -0.137950
0.165506 0.224415 0.159864
0.187763 0.361072 -0.101816
0.171400 0.392793 0.235820
0.140379 0.483795 -0.081079
0.137339 0.550462 0.130702
0.135929 0.593792 0.015648
0.088851 0.689424 0.077315
0.078980 0.880888 0.107179
-0.054390 1.046015 0.161177
-0.098778 1.255451 0.276086
-0.200011 1.605377 0.448937
-0.038366 1.420717 0.520745
-0.152264 1.282161 0.585457
0.075884 -1.002465 0.145049
0.080995 -0.980261 0.402023
0.190567 -1.063686 -0.181668
0.209120 -0.923993 0.561657
0.187017 -0.880203 -0.183504
0.170735 -0.777216 0.532255
0.235008 -0.789670 -0.451109
0.245542 -0.689525 0.761227
0.264226 -0.692786 -0.296485
0.266703 -0.621420 0.629451
0.370597 -0.653979 -0.410889
0.362868 -0.557468 0.719601
0.371386 -0.550100 -0.267639
0.321267 -0.416191 0.558812
0.359065 -0.336477 -0.340543
0.332655 -0.150981 0.493853
0.320143 -0.008748 -0.201527
0.286945 0.115683 0.268035
0.329624 0.223728 -0.196970
0.336385 0.321293 0.272625
0.305903 0.414607 -0.057093
0.290970 0.507702 0.125265
0.250337 0.580934 -0.189125
0.180262 0.593111 0.233099
0.101070 0.516779 0.022007
0.003265 1.029243 0.278519
-0.047609 1.123361 -0.066218
-0.129618 1.661813 0.684364
-0.152648 2.056234 0.260702
-0.043930 1.989317 0.853606
-0.030016 1.900374 0.607458
-0.143078 1.574724 0.564478
0.167976 -1.012050 -0.014490
0.225336 -1.063151 0.311840
0.319358 -1.120395 -0.048046
0.363376 -1.005927 0.466045
0.391121 -1.021184 -0.457952
0.400368 -0.847413 0.842251
0.387318 -0.889211 -0.282124
0.399449 -0.741413 0.666610
0.419789 -0.835576 -0.576832
0.407675 -0.658490 1.027774
0.480544 -0.723910 -0.304509
0.485469 -0.577908 0.650203
0.522526 -0.617854 -0.454541
0.438610 -0.470431 0.887695
0.553775 -0.408365 -0.221205
0.477133 -0.239046 0.490405
0.464774 -0.073550 -0.281848
0.373858 0.019818 0.577066
0.432192 0.114713 -0.144070
0.396082 0.155784 0.262755
0.371593 0.285448 -0.154493
0.329867 0.301950 0.378981
0.358022 0.403459 0.056130
0.307818 0.402112 0.153525
0.297634 0.559874 -0.133041
0.238263 0.617248 0.279950
0.161640 0.726466 0.066517
0.013897 0.850303 0.314590
-0.041905 1.001179 0.266992
-0.177283 1.246992 0.328631
-0.131271 1.151898 0.407888
-0.190209 1.077943 0.366939
0.236655 -0.928223 0.200532
0.265443 -0.919098 0.369765
0.391361 -0.981998 -0.053445
0.376665 -0.851682 0.519381
0.377056 -0.827937 -0.029577
0.404496 -0.724811 0.492158
0.429626 -0.723158 -0.212217
0.450756 -0.635959 0.638493
0.494653 -0.668126 -0.134470
0.521706 -0.548024 0.505433
0.602551 -0.575770 -0.253319
0.607795 -0.436180 0.594840
0.668441 -0.456357 -0.210753
0.665152 -0.283780 0.431976
0.702529 -0.272611 -0.235607
0.674087 -0.107323 0.373442
0.672640 -0.033797 -0.224233
0.594048 0.085615 0.363025
0.557404 0.168604 -0.208546
0.530153 0.281667 0.333396
0.516500 0.347422 -0.113728
0.464151 0.424610 0.442438
0.402781 0.487585 -0.171096
0.384879 0.547235 0.253471
0.273762 0.628975 -0.057691
0.206009 0.710051 0.521842
0.105132 0.738049 0.009488
0.043244 1.041932 0.513579
-0.013690 1.277151 -0.041088
-0.051252 1.241923 0.487489
-0.087084 1.254444 0.405799
-0.156764 1.070097 0.445353
0.357784 -0.950019 0.057069
0.440080 -0.965077 0.279150
0.524252 -1.050729 0.117006
0.556151 -0.965282 0.377371
0.571337 -0.987000 -0.141649
0.580866 -0.835826 0.669274
0.602037 -0.818169 -0.080743
0.655171 -0.713785 0.552782
0.667262 -0.753825 -0.207604
0.650258 -0.602359 0.719466
0.686684 -0.593653 -0.122954
0.729791 -0.465801 0.483169
0.708205 -0.499043 -0.189223
0.675936 -0.357019 0.530196
0.720959 -0.345885 -0.056123
0.719772 -0.185964 0.308792
0.670328 -0.099655 -0.132813
0.586319 0.010862 0.282796
0.607216 0.073180 -0.091439
0.584379 0.148138 0.155397
0.556490 0.210770 -0.102719
0.496432 0.267891 0.224094
0.507757 0.315893 0.020287
0.483517 0.362376 0.138338
0.479404 0.475518 -0.027196
0.392607 0.498731 0.142355
0.364665 0.584877 0.079073
0.207315 0.646746 0.159575
0.109458 0.741914 0.060843
-0.104625 0.876265 0.332049
-0.105736 0.800532 0.332705
-0.134423 0.747678 0.221700
0.364957 -0.860794 0.153138
0.413522 -0.821492 0.496293
0.533739 -0.844247 -0.083028
0.590268 -0.748883 0.525080
0.634347 -0.671638 -0.022939
0.663997 -0.653260 0.424220
0.683809 -0.606498 -0.190559
0.728006 -0.574043 0.516572
0.731089 -0.550153 -0.086470
0.735148 -0.471599 0.429695
0.714608 -0.434838 -0.230300
0.774094 -0.343652 0.414146
0.747183 -0.333109 0.034247
0.731739 -0.232908 0.335262
0.670493 -0.175138 -0.200515
0.715241 -0.072793 0.354491
0.692177 -0.020125 -0.077223
0.677217 0.052880 0.276597
0.628872 0.157481 -0.123509
0.633132 0.204233 0.294717
0.599626 0.285156 0.003614
0.564113 0.315320 0.257732
0.501389 0.403452 -0.137328
0.518043 0.374241 0.335147
0.494261 0.429616 0.033861
0.454298 0.474739 0.232692
0.383351 0.530321 -0.162651
0.297420 0.642152 0.207977
0.153921 0.797377 0.108038
0.088855 0.829135 0.279829
0.041624 0.694999 0.320391
-0.023575 0.778770 0.203206
0.459408 -0.824399 0.051604
0.516384 -0.836881 0.422465
0.631231 -0.890655 0.063010
0.636171 -0.805766 0.484568
0.660078 -0.796868 -0.217419
0.677077 -0.729081 0.673523
0.775179 -0.686898 -0.027251
0.803337 -0.628790 0.522207
0.800127 -0.632811 -0.285388
0.799561 -0.547366 0.792528
0.869846 -0.534749 -0.080617
0.866836 -0.446226 0.503916
0.781510 -0.421971 -0.272337
0.745117 -0.324340 0.713796
0.795359 -0.292986 -0.025110
0.794947 -0.168469 0.385915
0.725264 -0.071664 -0.218900
0.678454 0.019253 0.437724
0.716567 0.043547 -0.036935
0.706550 0.112709 0.158608
0.650208 0.217804 -0.065074
0.611457 0.245032 0.251807
0.641079 0.278607 0.044088
0.592440 0.288712 0.080703
0.516045 0.381591 -0.042089
0.500863 0.396810 0.083981
0.523958 0.449084 0.084746
0.417256 0.527156 -0.031375
0.266908 0.621459 0.144255
0.080959 0.634787 -0.023625
-0.001637 0.675193 0.363302
0.053435 0.599340 -0.012196
0.437781 -0.781551 0.152231
0.537214 -0.750484 0.385754
0.644581 -0.777954 -0.000259
0.697381 -0.688834 0.333139
0.741359 -0.620079 0.048153
0.817011 -0.580433 0.205722
0.832890 -0.525343 -0.031735
0.881373 -0.483010 0.322302
0.902032 -0.470773 -0.060909
0.901666 -0.409003 0.156836
0.842967 -0.345867 -0.068322
0.851139 -0.296195 0.339608
0.852139 -0.268084 -0.075364
0.850322 -0.200630 0.154743
0.792622 -0.120252 -0.033687
0.805228 -0.064910 0.280297
0.803178 0.020961 -0.123803
0.808456 0.062978 0.168167
0.754757 0.167862 -0.032440
0.764722 0.182352 0.204324
0.731723 0.259575 -0.048127
0.691608 0.234489 0.106227
0.591739 0.324351 0.112837
0.621436 0.327569 0.184919
0.597721 0.366071 0.037632
0.585413 0.370505 0.079585
0.495818 0.430348 0.186011
0.493206 0.529600 0.122137
0.380606 0.592859 0.034148
0.320540 0.626978 -0.027874
0.224339 0.564435 0.278010
0.167658 0.600748 0.098163
0.579940 -0.795285 0.168621
0.646866 -0.795572 0.305854
0.737472 -0.789057 0.242159
0.746816 -0.703561 0.197499
0.792082 -0.685713 0.137795
0.803857 -0.607221 0.432843
0.895232 -0.604169 0.200244
0.923655 -0.545466 0.363297
0.932554 -0.549161 0.098216
0.860141 -0.503262 0.583304
0.891312 -0.520832 0.142466
0.902221 -0.433937 0.425563
0.860639 -0.423686 0.127686
0.810747 -0.346789 0.544823
0.821545 -0.329670 0.149383
0.821837 -0.193702 0.337963
0.771717 -0.127894 0.161091
0.740514 -0.035226 0.374625
0.748913 0.028718 0.080521
0.743401 0.103213 0.151198
0.687776 0.190954 0.106350
0.650694 0.207481 0.161443
0.642650 0.255604 0.122394
0.650911 0.290960 0.028354
0.617753 0.367173 0.118030
0.584332 0.387521 0.037315
0.546445 0.402661 0.185801
0.471265 0.456463 -0.090501
0.348662 0.490857 0.070058
0.231619 0.544072 0.018966
0.224794 0.545354 0.306586
0.162152 0.525942 0.121981
0.465156 -0.791603 0.168404
0.631320 -0.737426 0.272303
0.709640 -0.681500 -0.149899
0.792862 -0.566279 0.312804
0.823326 -0.531163 0.027081
0.881923 -0.465184 0.221062
0.885551 -0.449528 -0.123917
0.915864 -0.406713 0.295337
0.893156 -0.418117 -0.044710
0.926466 -0.366667 0.247315
0.847371 -0.354120 -0.187178
0.871409 -0.292134 0.349462
0.826655 -0.275483 -0.051957
0.861616 -0.196711 0.286788
0.800247 -0.144500 -0.153321
0.822662 -0.058787 0.322273
0.805783 -0.004009 -0.035646
0.852378 0.069235 0.177542
0.816665 0.132831 -0.141633
0.809411 0.167338 0.186390
0.763854 0.180833 -0.019998
0.784776 0.207668 0.022758
0.702362 0.257703 0.015221
0.704006 0.303001 0.049344
0.607388 0.303742 0.152442
0.675472 0.334744 0.018420
0.585167 0.327971 0.085118
0.608818 0.440570 0.006780
0.419742 0.457901 0.193024
0.376467 0.542167 0.082018
0.248658 0.481873 0.175899
0.178685 0.528970 -0.058908
0.568063 -0.671797 0.131728
0.572830 -0.671669 0.490864
0.743598 -0.644409 0.243015
0.702169 -0.531945 0.460281
0.776733 -0.480375 0.126408
0.771315 -0.373067 0.465830
0.853318 -0.356446 0.192217
0.807503 -0.320157 0.408960
0.858328 -0.309647 0.144689
0.775034 -0.284943 0.568483
0.843572 -0.285286 0.244787
0.768989 -0.239260 0.469497
0.809434 -0.208845 0.170074
0.734836 -0.162902 0.558928
0.790884 -0.136275 0.193114
0.753144 -0.056341 0.417905
0.787924 -0.012991 0.130158
0.733993 0.086584 0.372385
0.757009 0.118040 0.164404
0.720900 0.184456 0.197036
0.732334 0.209603 0.050104
0.671629 0.258576 0.209144
0.668085 0.286343 0.131467
0.637548 0.344258 0.065937
0.626635 0.397282 0.042974
0.555359 0.415640 0.087358
0.555678 0.419321 0.144644
0.471718 0.444421 -0.022899
0.419341 0.489505 0.134690
0.328382 0.525844 0.093075
0.273667 0.533006 0.225947
0.261014 0.486192 0.112599
