1.366548 -0.002872 0.021005
0.908181 0.013262 -0.019030
0.939469 0.007974 0.047063
0.149358 0.084783 -0.023766
0.441306 0.101544 0.054715
1.482799 0.035558 -0.009751
0.496462 0.099023 0.079952
0.066459 0.023625 -0.061069
1.695962 0.002731 0.097818
0.135060 0.062633 0.101766
-0.046159 0.008345 0.139882
0.388617 0.055296 0.086765
0.260836 -0.004335 0.027584
1.169244 -0.176331 0.142354
0.073509 0.061176 -0.085166
1.671040 0.085492 0.087349
0.746351 0.033902 0.178313
1.150814 0.037735 0.141159
-0.149819 0.089747 -0.094136
-0.166308 -0.044340 -0.121096
1.082346 -0.032956 0.006423
1.026546 0.053983 0.099518
1.123156 0.021933 -0.049138
-0.062867 0.060479 -0.060308
0.164065 0.001388 0.100751
1.328802 -0.076609 0.036261
0.125568 0.129864 0.026289
1.111079 -0.050781 0.125037
-0.310244 0.012505 0.098806
0.689720 0.008063 -0.049026
-0.365851 0.033203 -0.097932
0.282454 0.088676 0.059917
0.887738 0.036910 0.054016
0.981325 -0.041179 0.063340
1.377235 0.082315 -0.020452
1.342942 0.013765 0.082199
1.455501 0.094373 0.147048
0.690271 0.043895 0.084037
1.086455 -0.084504 0.178876
0.147963 -0.092824 -0.120124
-0.250546 -0.009947 0.156732
0.181268 0.017239 0.104772
0.274568 0.102465 0.070906
0.087352 0.128259 -0.008542
0.005530 -0.086892 -0.144207
0.209331 0.004968 -0.087177
-0.248014 -0.076880 0.003906
1.465210 -0.053270 0.162328
-0.040784 0.046855 -0.125003
1.758744 0.025903 0.067853
1.876613 -0.009754 0.133413
0.567707 0.035041 0.018207
0.492247 -0.082398 0.046370
0.052841 0.057482 0.062531
0.070353 0.044562 0.053861
1.531470 0.002280 0.051043
1.855691 -0.048593 -0.114573
0.520136 -0.183596 0.146000
-0.355583 0.082745 -0.061715
1.376405 0.039948 -0.022084
-0.304948 -0.031358 -0.075015
0.249023 -0.058174 -0.025512
-0.236458 -0.105693 0.157213
0.148478 -0.104656 0.144711
-0.100466 0.000348 -0.114075
0.692825 0.006048 -0.039274
-0.233290 -0.016486 0.171942
0.392641 -0.023590 0.040664
0.095384 -0.052656 0.045164
-0.317818 -0.062450 0.095590
0.918033 -0.163399 -0.008898
1.149941 0.056400 0.003033
-0.225082 0.024374 0.192668
1.219596 0.057863 0.174292
1.457885 0.041418 0.085988
0.603864 -0.026270 0.002756
0.872178 0.128540 0.190286
0.318356 -0.080661 -0.035371
0.503010 0.091011 0.064056
0.382475 0.072340 0.058224
0.166624 -0.052172 -0.039762
-0.316265 0.005453 0.143059
1.860209 -0.044317 0.010194
-0.552162 0.081943 0.097777
0.627311 -0.099506 -0.065629
0.154967 0.041463 -0.111806
0.763435 0.048847 -0.078149
1.223507 -0.053504 -0.017761
-0.182917 0.053340 -0.020224
1.489005 0.014861 -0.072466
-0.343699 -0.059042 0.097051
1.053979 0.125363 -0.051129
0.265859 -0.029407 0.141003
-0.234203 -0.034969 0.185991
1.226586 0.020721 0.015845
1.582388 -0.100027 -0.057411
-0.067247 -0.078120 0.088741
0.865518 0.047539 -0.050991
0.924492 0.129700 0.130817
-0.055311 0.090661 -0.073943
-0.226261 0.018322 0.113170
-0.053544 0.126158 0.175424
1.031389 -0.030257 -0.113282
0.581258 0.149028 0.007425
0.639512 -0.107378 0.033628
0.644325 0.034336 0.016674
-0.114452 0.161663 -0.036224
-0.039859 0.125869 -0.068241
0.582733 0.055786 -0.031267
0.512460 0.032220 -0.008314
-0.385759 -0.003541 0.093137
0.377877 -0.041996 -0.093962
0.898023 -0.082710 0.125516
0.723512 0.003405 0.154423
1.342679 0.096104 0.006091
-0.734128 0.039183 -0.137690
0.112324 0.049638 0.069012
1.117481 -0.025050 0.070453
1.290265 -0.082237 -0.068675
-0.247553 0.039306 -0.097755
0.731228 0.059143 0.024131
0.425936 0.049291 0.153709
0.197985 0.072831 0.020391
1.003068 -0.097730 0.099678
1.022583 -0.138752 -0.075305
0.782683 -0.075205 0.112760
0.820022 -0.005039 -0.101434
0.584691 0.034453 0.027151
1.086535 -0.017577 0.025889
-0.445426 -0.089712 -0.099262
1.128608 -0.062993 0.011680
0.237346 0.084673 0.024549
-0.030967 -0.005007 -0.068728
1.047451 -0.035581 0.106220
-0.328465 0.074726 -0.068346
0.776949 0.207807 0.124050
0.975330 -0.125400 0.115292
-0.159205 0.006748 0.144019
-0.234190 -0.111357 -0.106663
0.334703 0.076947 0.030992
1.151720 -0.032549 -0.064196
-0.172480 0.061772 -0.105325
-0.060761 0.078169 0.096426
-0.045499 -0.068120 -0.104445
0.676229 0.016805 0.085344
0.581619 0.095559 0.090182
-0.275082 -0.125842 -0.137227
0.034886 0.055789 0.059074
-0.246239 0.119001 -0.035998
0.362783 0.024760 -0.039564
1.464320 0.027659 0.017581
1.141535 0.049075 -0.049984
0.596121 -0.122127 0.008563
0.183404 0.020537 -0.169747
-0.056634 -0.053501 -0.086417
0.101514 -0.042282 0.049075
0.754774 -0.013815 0.007116
-0.327604 0.054480 0.073736
1.870041 -0.015932 -0.057073
-0.170374 -0.167815 0.064488
-0.546023 -0.018739 -0.114385
1.672054 -0.045480 -0.146169
1.180714 -0.130730 -0.045299
0.631457 -0.103137 0.010603
0.477848 -0.060763 -0.067637
1.159678 0.001322 -0.181463
0.945290 0.088515 0.031840
0.219153 -0.075360 -0.089426
1.124361 -0.060619 -0.019783
-0.021826 -0.020130 -0.083650
1.186780 -0.068011 0.030281
0.151621 -0.052513 0.136913
-0.142729 0.005429 0.103407
0.572084 0.025343 0.008432
0.968217 -0.088261 -0.116431
0.330772 0.060027 -0.004568
1.349680 -0.085062 0.120750
1.316553 -0.003355 -0.065303
0.153716 -0.110575 0.039749
0.695157 0.042493 0.138033
1.410029 -0.040898 -0.005625
-0.001662 0.067267 -0.017404
0.573466 0.011623 0.085992
1.517766 0.017321 -0.001529
0.233644 -0.060613 0.023439
0.739302 0.011068 0.028006
2.090147 -0.040920 -0.027159
-0.264706 0.058408 -0.050430
0.911619 0.096378 -0.054715
0.173165 -0.053358 -0.028611
-0.033938 0.003106 -0.065426
0.775447 0.097752 -0.049856
1.183419 -0.044581 -0.029134
0.339460 0.089808 -0.029700
-0.308363 -0.046340 0.091616
0.877412 -0.178117 -0.014914
1.126524 -0.053927 0.076115
0.480903 -0.002318 -0.072361
0.047386 -0.069602 -0.068796
1.732639 0.124494 -0.058085
1.653541 -0.083263 0.104921
0.023794 0.017859 0.130446
1.120229 0.039002 0.075208
-0.067435 -0.031810 0.162301
1.337229 0.071380 0.087358
1.187855 0.042451 0.163365
-0.090655 -0.068645 -0.051851
0.808611 -0.073434 0.033659
-0.012904 0.015469 0.160326
1.676055 -0.004850 0.002512
0.863736 -0.069324 0.088178
0.923857 0.016573 -0.078209
0.789996 -0.015497 0.089279
0.990983 0.044389 0.074897
-0.229502 0.034445 0.018749
0.003444 -0.021135 -0.028286
-0.069291 0.047475 -0.093304
0.869836 -0.091052 0.084264
-0.074336 -0.056015 -0.057098
1.318299 -0.052649 0.065753
-0.212156 0.023005 -0.044461
-0.079506 -0.007162 0.147909
-0.480021 0.008972 -0.131114
0.037335 0.002585 0.041593
-0.475043 0.002131 0.099835
1.095393 0.001095 0.133809
0.179732 -0.006139 -0.038380
-0.517264 0.021522 -0.108536
1.356192 -0.034392 0.081130
0.412298 0.080992 0.083238
1.058806 -0.048151 0.202748
1.220508 0.068581 -0.016983
-0.308219 -0.077391 0.124933
-0.199473 -0.040107 -0.132013
-0.043553 0.075089 -0.099971
0.895088 0.039249 0.018471
-0.082621 -0.053898 0.048758
-0.007177 0.088912 0.065756
-0.562404 -0.098985 -0.004790
-0.287137 0.081263 -0.062996
0.158593 -0.027016 -0.093949
-0.184619 0.033681 0.110700
0.371537 0.010066 0.025885
1.892182 -0.004091 0.045498
-0.386288 -0.041125 -0.122909
0.412426 -0.100176 0.014982
-0.281709 0.081093 0.002831
1.184194 0.045155 0.188215
-0.143344 -0.090314 -0.098417
-0.466059 -0.105818 0.014356
-0.286079 -0.085186 -0.016806
0.966080 0.106137 0.108201
-0.168630 -0.047994 -0.075675
-0.087061 0.068634 -0.037170
0.522222 -0.139213 -0.022466
-0.163099 -0.078397 0.128825
-0.210120 -0.069392 -0.105711
-0.232718 0.053635 -0.009771
-0.257167 0.114281 -0.077758
-0.247377 0.095210 -0.021818
-0.292363 0.055387 -0.084201
-0.386507 0.021618 0.031769
-0.478580 0.002835 -0.065072
-0.561019 0.018919 0.041883
-0.634181 0.006404 0.024958
-0.650381 0.021123 0.075136
-0.640073 -0.022842 -0.011929
-0.624203 -0.003901 0.112429
-0.608102 -0.030697 0.003926
-0.611510 0.010759 0.072539
-0.685628 -0.019340 -0.074069
-0.679751 0.022952 0.119286
-0.747912 -0.005058 -0.090221
-0.721915 0.040633 0.102307
-0.726965 0.041606 -0.172779
-0.706264 0.110469 0.183220
-0.702419 0.098457 -0.040332
-0.654116 0.150860 0.118243
-0.558834 0.148790 -0.147128
-0.393843 0.159541 0.117443
-0.240223 0.153206 0.008945
-0.055274 0.179241 0.075317
0.065264 0.119791 -0.015965
0.066770 0.135699 0.134786
0.002727 0.075931 -0.026199
-0.012285 0.114158 0.202350
-0.029531 0.108092 0.014524
0.028048 0.227188 0.147954
-0.419055 -0.004750 -0.094208
-0.548064 0.096185 -0.064559
-0.636124 0.068929 0.009388
-0.600042 0.064306 0.037575
-0.656428 0.035785 -0.013491
-0.700507 0.010338 0.127252
-0.800490 -0.004469 0.098526
-0.865258 0.002718 0.076435
-0.909136 0.001946 0.076967
-0.958083 -0.021274 0.086266
-0.963994 -0.034936 0.167269
-0.978750 -0.042949 0.073067
-0.951457 -0.042450 0.088929
-0.970214 -0.005811 0.126526
-0.994160 0.043354 0.008888
-0.980970 0.034976 0.108038
-1.035523 0.059121 -0.088850
-1.060403 0.058217 0.192756
-1.045151 0.087102 -0.087733
-1.054480 0.086514 0.217412
-1.000172 0.066966 -0.110300
-0.982362 0.060919 0.213955
-0.913581 0.054888 0.091491
-0.780061 0.071348 0.181813
-0.569615 0.108219 0.053722
-0.359875 0.122342 0.152699
-0.224468 0.151074 0.216308
-0.176927 0.162420 0.104764
-0.231535 0.185052 0.206361
-0.226637 0.112926 0.111008
-0.201275 0.145909 0.237751
-0.053563 0.186286 0.112492
-0.581830 0.010686 -0.058421
-0.784578 0.085648 0.024631
-0.878618 0.078792 -0.115375
-0.813785 0.095163 -0.042677
-0.770717 0.063449 -0.016219
-0.769154 0.045687 -0.006714
-0.776145 0.030122 -0.010491
-0.807395 0.051355 0.004622
-0.851646 0.026385 0.052116
-0.892916 0.011042 0.012005
-0.870551 -0.019827 -0.004460
-0.900135 -0.009390 0.017538
-0.952709 -0.007914 0.032361
-0.990921 0.005750 -0.034164
-1.091434 0.014694 -0.047360
-1.098281 0.047912 0.069631
-1.174023 0.065034 -0.036580
-1.170445 0.091719 0.000429
-1.166044 0.126895 -0.073038
-1.137807 0.182593 0.064413
-1.156941 0.188754 0.064742
-1.110272 0.202388 0.042046
-1.038801 0.157707 0.041250
-0.860381 0.194578 0.016750
-0.738323 0.147710 0.140038
-0.503343 0.162370 0.003314
-0.336954 0.116428 0.124089
-0.201379 0.150176 -0.006366
-0.258065 0.129389 0.269048
-0.265961 0.131755 0.077549
-0.327425 0.118938 0.230428
-0.146775 0.213491 0.058007
-0.401165 0.001870 -0.114291
-0.610724 0.032458 -0.048529
-0.715510 0.051261 0.027324
-0.721534 0.026190 -0.022789
-0.717135 0.023469 -0.016239
-0.755411 0.022839 0.012140
-0.796389 -0.006939 0.005738
-0.835888 -0.010444 -0.000336
-0.864283 -0.020151 0.004229
-0.889882 -0.043102 -0.001197
-0.924848 -0.067392 -0.033373
-0.953824 -0.061550 0.004960
-0.969214 -0.051711 -0.080269
-1.048697 -0.025496 0.052364
-1.074853 -0.008184 -0.078700
-1.115117 0.025822 0.059270
-1.066474 0.049117 -0.158978
-1.084658 0.116111 0.172686
-1.055469 0.116509 -0.068736
-1.103075 0.133767 0.111918
-1.080432 0.131741 -0.052887
-1.077465 0.158439 0.125277
-1.023836 0.149927 0.015666
-0.960287 0.121298 0.000935
-0.818698 0.112482 0.004367
-0.670147 0.117605 0.036675
-0.460708 0.118208 0.055716
-0.294717 0.138029 0.025747
-0.274191 0.188527 0.064278
-0.250317 0.173274 0.009756
-0.217523 0.206541 0.157412
-0.095793 0.238472 0.064976
-0.392450 -0.028582 -0.074258
-0.573507 0.029370 0.002189
-0.688763 0.067262 -0.122354
-0.646789 0.063509 -0.022788
-0.671642 0.062246 -0.055651
-0.674067 0.046598 0.001473
-0.666634 0.031905 -0.010323
-0.665295 0.023283 -0.019775
-0.738668 -0.002029 -0.008522
-0.791877 -0.028987 -0.014755
-0.881671 -0.050313 0.013174
-0.945474 -0.069848 0.023072
-1.049172 -0.072277 0.049177
-1.112611 -0.079222 0.050446
-1.235886 -0.021068 -0.017201
-1.250754 0.039839 0.086057
-1.261558 0.132220 -0.030098
-1.155089 0.151752 0.042443
-1.125430 0.210542 -0.036023
-1.072717 0.208277 0.076631
-1.090133 0.216598 -0.010886
-1.048412 0.215211 0.059363
-1.033239 0.206974 0.023279
-0.912936 0.168195 0.044213
-0.782114 0.135576 0.046888
-0.553207 0.112677 0.016271
-0.351544 0.097944 0.059577
-0.204845 0.123257 -0.024192
-0.166871 0.129659 0.105384
-0.208476 0.149786 0.040420
-0.249913 0.145555 0.234693
-0.137618 0.226355 0.120520
-0.275759 -0.045275 -0.157186
-0.470366 0.019462 0.008148
-0.553186 0.042401 -0.036154
-0.589671 0.048014 0.005015
-0.606865 0.039265 -0.051279
-0.635491 0.037736 0.023998
-0.664598 -0.009174 0.030874
-0.698277 -0.020948 0.028737
-0.757629 -0.045726 0.101499
-0.816813 -0.087405 0.027050
-0.856400 -0.131582 0.030559
-0.928902 -0.122607 0.055275
-0.962402 -0.119562 -0.081520
-1.048613 -0.055386 0.077858
-1.115317 -0.020097 -0.069060
-1.147605 0.082974 0.061056
-1.110728 0.150927 -0.141055
-1.071396 0.200397 0.073045
-1.003590 0.185135 -0.069053
-1.023808 0.192693 0.094138
-0.991530 0.178518 0.003375
-0.976306 0.193150 0.089653
-0.889162 0.165704 -0.022622
-0.832431 0.149035 0.059510
-0.678402 0.110171 0.004040
-0.498553 0.082064 0.082494
-0.268948 0.056857 0.060996
-0.170735 0.079223 0.058931
-0.155595 0.118489 0.092800
-0.261950 0.107541 0.013502
-0.225110 0.163781 0.214836
-0.139831 0.183593 0.043932
-0.339793 -0.028792 -0.095132
-0.505094 0.019840 -0.049853
-0.613507 0.051387 -0.110408
-0.583110 0.055195 -0.058115
-0.621537 0.038334 -0.042370
-0.611192 0.034534 -0.038499
-0.622918 0.004640 0.004059
-0.636796 -0.012688 -0.067811
-0.674162 0.006905 -0.018849
-0.728192 0.003018 -0.059632
-0.776533 0.013762 -0.065255
-0.862718 -0.017696 0.045798
-0.993442 -0.036453 -0.072357
-1.066938 -0.038258 0.076310
-1.188736 -0.027208 -0.163440
-1.225383 0.070591 0.087262
-1.187333 0.152588 -0.110960
-1.073917 0.209308 -0.007946
-0.966840 0.210717 -0.133886
-0.907153 0.219891 0.004634
-0.909356 0.224775 0.004473
-0.907263 0.202421 0.010032
-0.890442 0.181140 -0.034223
-0.792730 0.145354 0.011875
-0.662646 0.116118 0.048988
-0.476459 0.078915 0.025788
-0.301223 0.056834 0.008174
-0.176347 0.108641 -0.034281
-0.182091 0.102566 0.072041
-0.256175 0.115959 0.002388
-0.286035 0.085965 0.224500
-0.173982 0.146250 0.083597
-0.339719 -0.029643 -0.157866
-0.541651 0.051779 -0.053108
-0.609073 0.061748 -0.059664
-0.630684 0.073983 -0.058551
-0.614277 0.054756 -0.073993
-0.618406 0.068341 -0.046175
-0.615683 0.055816 -0.036123
-0.644843 0.052194 -0.071206
-0.685665 0.055894 -0.033238
-0.716304 0.026642 -0.010116
-0.760008 0.001187 -0.055162
-0.845585 -0.018856 0.072006
-0.911942 -0.016383 -0.181267
-0.995191 -0.004516 0.146515
-1.059184 -0.002504 -0.211146
-1.124961 0.125806 0.158365
-1.015486 0.202653 -0.336845
-0.937249 0.246987 0.149873
-0.817872 0.203984 -0.177589
-0.819816 0.167231 0.098001
-0.766630 0.161891 -0.094804
-0.797566 0.167096 0.052825
-0.745628 0.138938 -0.072682
-0.728714 0.127753 0.075885
-0.578268 0.090652 -0.033911
-0.449485 0.073898 0.041455
-0.282247 0.039796 0.017103
-0.234312 0.078396 0.036249
-0.262206 0.062789 0.041440
-0.346619 0.069844 0.034801
-0.321353 0.074371 0.240177
-0.188034 0.107038 0.030264
-0.361863 -0.026229 -0.107129
-0.526491 0.029491 -0.035123
-0.592520 0.046852 -0.088842
-0.577950 0.050304 -0.021426
-0.582166 0.031403 -0.027117
-0.551774 0.021774 -0.044771
-0.523552 0.006740 -0.040080
-0.553075 0.009435 -0.097628
-0.590552 0.010792 -0.041422
-0.658171 0.039649 -0.044174
-0.707997 0.030286 -0.022173
-0.804085 0.026020 0.023510
-0.912498 -0.010763 0.004945
-1.007256 -0.016539 0.091851
-1.152442 -0.007797 -0.129623
-1.176549 0.066982 0.015209
-1.138648 0.145224 -0.073966
-0.940054 0.194405 -0.036349
-0.835866 0.170605 -0.097990
-0.755639 0.181664 0.052557
-0.774025 0.151676 -0.058350
-0.744084 0.153109 0.051220
-0.749359 0.119553 -0.025462
-0.669856 0.090922 0.045592
-0.582689 0.066561 0.027478
-0.414270 0.058598 0.048688
-0.268283 0.049506 0.007159
-0.178872 0.097783 -0.022272
-0.226911 0.063278 0.094292
-0.310337 0.067476 0.012349
-0.303482 0.004571 0.180261
-0.177558 0.063978 0.025914
-0.341870 -0.013239 -0.145420
-0.522555 0.062680 0.002388
-0.551418 0.046396 -0.053017
-0.564291 0.053401 -0.019817
-0.538907 0.019970 -0.051431
-0.529763 0.025505 0.014086
-0.497043 0.009920 0.013454
-0.510297 0.026929 0.001743
-0.541385 0.032471 -0.001195
-0.598299 0.036734 0.062406
-0.647240 0.019303 -0.018543
-0.717301 -0.008659 0.086538
-0.780029 -0.032666 -0.119258
-0.904251 -0.012211 0.200417
-0.976706 0.015654 -0.135244
-1.065663 0.079290 0.129607
-0.962003 0.140359 -0.261719
-0.844479 0.143038 0.196285
-0.687931 0.125528 -0.150584
-0.640888 0.106911 0.132137
-0.652900 0.065914 -0.085897
-0.674187 0.065066 0.091879
-0.627870 0.055868 -0.004082
-0.553801 0.058279 0.076835
-0.406482 0.054093 0.007251
-0.321081 0.059001 0.055490
-0.232110 0.046254 0.027517
-0.243188 0.082957 0.014730
-0.279572 0.051469 0.039335
-0.345175 0.026216 -0.021426
-0.327244 0.006538 0.221771
-0.156916 0.042657 0.020949
-0.353662 0.010297 -0.108531
-0.519442 0.072321 -0.055364
-0.581413 0.080473 -0.105530
-0.545226 0.054666 -0.032308
-0.534488 0.037770 -0.034968
-0.477091 0.012158 -0.075317
-0.423046 -0.011047 -0.091565
-0.417921 -0.021277 -0.054764
-0.467334 -0.001688 -0.100365
-0.540612 0.038143 -0.017932
-0.639759 0.021414 -0.082084
-0.686433 0.015898 0.066198
-0.819970 -0.015777 -0.008422
-0.924918 -0.037543 0.024703
-1.088013 -0.016459 -0.106469
-1.066185 0.044406 0.089841
-1.054229 0.116225 -0.073208
-0.831529 0.163905 0.043059
-0.742975 0.140071 -0.123724
-0.625080 0.124683 0.037382
-0.618368 0.078277 -0.016584
-0.572699 0.066246 0.024060
-0.515507 0.024296 0.002390
-0.373331 0.018522 -0.002384
-0.266420 -0.002596 0.036592
-0.144253 0.007436 0.032650
-0.052205 0.012488 0.041052
-0.017570 0.076606 -0.075743
-0.047801 0.046473 0.086766
-0.150817 0.014428 -0.039385
-0.108745 -0.040274 0.128345
-0.026281 0.032597 -0.060988
-0.338742 0.026096 -0.155485
-0.549614 0.112326 -0.027686
-0.564864 0.084045 -0.091286
-0.574977 0.090752 -0.050235
-0.519168 0.058344 -0.101527
-0.486918 0.067934 -0.036910
-0.418765 0.037954 -0.063303
-0.366793 0.049331 -0.052015
-0.357259 0.032429 -0.102303
-0.383097 0.057334 0.040455
-0.493704 0.030307 -0.066825
-0.550400 0.025804 0.031130
-0.608011 -0.007319 -0.153403
-0.778341 -0.017960 0.146552
-0.918997 -0.029106 -0.118877
-1.019594 0.041049 0.093888
-0.900770 0.058891 -0.285922
-0.754250 0.100735 0.163329
-0.642496 0.093643 -0.160257
-0.566479 0.095118 0.104533
-0.554708 0.035617 -0.034413
-0.541599 0.046033 0.068597
-0.437009 0.009576 0.030742
-0.316305 -0.002385 0.044068
-0.167126 0.004373 -0.008807
-0.065167 0.007483 0.013590
0.039213 0.016170 0.018919
0.045249 0.065345 0.011302
-0.030103 0.057646 0.039097
-0.067074 0.021373 -0.042527
-0.037360 0.001278 0.191411
0.077880 0.057582 -0.037856
-0.451188 0.037389 -0.101286
-0.596326 0.118782 -0.000564
-0.617433 0.125157 -0.034150
-0.577799 0.108638 -0.005727
-0.541978 0.087019 -0.025747
-0.483276 0.077370 -0.010991
-0.352368 0.054902 -0.062819
-0.288851 0.040361 -0.044127
-0.270631 0.005057 -0.032467
-0.317040 0.019092 -0.025558
-0.437246 -0.018221 -0.046568
-0.488855 -0.037771 0.060234
-0.644984 -0.083704 0.053900
-0.711116 -0.084449 0.075141
-0.956084 -0.076782 -0.045137
-0.980622 -0.037445 0.055288
-0.938663 0.046113 0.010149
-0.658253 0.118374 0.003863
-0.580141 0.105506 -0.038608
-0.486817 0.104099 0.007400
-0.463063 0.031464 -0.030927
-0.389502 0.040820 0.021442
-0.288077 -0.018776 0.029835
-0.106833 -0.030437 0.028126
-0.014869 -0.086811 0.049484
0.090819 -0.054449 0.046891
0.125142 -0.073160 0.017860
0.224266 0.001763 -0.036073
0.186308 -0.002966 0.055736
0.168393 -0.011665 -0.063220
0.152404 -0.012465 0.156131
0.205063 0.084998 -0.000714
-0.384606 0.053116 -0.123769
-0.563842 0.168654 -0.000163
-0.576505 0.149015 -0.081614
-0.576330 0.158966 -0.037836
-0.518282 0.122770 -0.092119
-0.461073 0.117607 0.011079
-0.333666 0.074627 0.005544
-0.273006 0.042529 -0.030112
-0.241849 0.018747 0.001423
-0.254245 0.012892 -0.019283
-0.305724 0.001945 0.028574
-0.371517 -0.024356 0.080848
-0.502194 -0.058522 -0.093807
-0.632142 -0.083115 0.142241
-0.778616 -0.067717 -0.067128
-0.904609 -0.011632 0.053140
-0.820838 0.000405 -0.220824
-0.690282 0.042738 0.222637
-0.516014 0.053905 -0.014635
-0.472967 0.083261 0.126430
-0.439776 0.030084 0.011441
-0.443245 0.029308 0.043060
-0.273044 -0.023935 0.060432
-0.142316 -0.052207 0.057871
0.067997 -0.055282 0.040057
0.201081 -0.052716 0.131705
0.359118 -0.025726 0.013640
0.405417 0.019860 -0.007561
0.341065 0.052617 0.096828
0.227962 -0.009567 -0.044997
0.275781 0.018940 0.199372
0.310251 0.070438 0.023204
-0.444907 0.074308 -0.105022
-0.582750 0.148904 -0.084230
-0.596783 0.191073 -0.108931
-0.544815 0.153521 -0.049014
-0.565818 0.135144 -0.038556
-0.494642 0.113117 -0.098634
-0.388267 0.093938 -0.034500
-0.278916 0.067143 -0.073151
-0.205970 0.055847 0.031011
-0.194287 0.017412 -0.037338
-0.274152 -0.032003 0.059842
-0.289603 -0.039065 0.012550
-0.386014 -0.081767 0.093775
-0.466705 -0.059974 0.127488
-0.686982 -0.041974 -0.042801
-0.728996 -0.028799 0.146125
-0.790035 0.011314 0.086561
-0.594028 0.034736 0.133761
-0.524975 0.003093 -0.082390
-0.398460 0.046892 0.088848
-0.337675 -0.010362 0.050584
-0.299047 0.013874 0.051290
-0.224863 -0.036565 0.125557
-0.028886 -0.053257 0.022547
0.085862 -0.114584 0.155160
0.210586 -0.112690 0.129355
0.233520 -0.104509 0.081533
0.304756 -0.022974 0.046775
0.291426 -0.039819 0.100103
0.250972 -0.052189 0.055403
0.277041 -0.081159 0.177899
0.288365 0.058634 -0.008971
-0.271408 0.032927 -0.193622
-0.436369 0.154917 -0.018394
-0.452700 0.161344 -0.079374
-0.434819 0.158374 -0.089016
-0.399725 0.140335 -0.102888
-0.369794 0.134015 -0.064593
-0.244090 0.090675 -0.029410
-0.146248 0.039471 -0.062873
-0.099469 0.027139 -0.020167
-0.083822 0.012878 0.032967
-0.133760 0.006431 0.114056
-0.138553 -0.015556 0.049646
-0.166957 -0.015659 0.050638
-0.224507 0.010881 0.091755
-0.334493 -0.008734 0.048235
-0.466206 0.058527 0.077129
-0.481353 0.000054 -0.161894
-0.444886 0.074148 0.192903
-0.396938 0.006892 0.047304
-0.306229 0.052715 0.154792
-0.220958 0.019931 0.133830
-0.202275 0.022628 0.064298
-0.110404 -0.015103 0.166890
-0.005402 -0.082050 0.013105
0.089859 -0.073549 0.176877
0.211961 -0.078933 0.080300
0.293693 -0.035615 0.126362
0.293623 0.021668 0.104968
0.190042 0.020592 0.111042
0.124014 0.007823 0.065857
0.155155 0.005121 0.190942
0.258335 0.058612 0.066485
-0.397797 0.020438 -0.123633
-0.511134 0.100558 -0.014657
-0.506452 0.168651 -0.104262
-0.482157 0.152004 -0.078469
-0.448886 0.154310 -0.089836
-0.375788 0.133396 -0.077683
-0.245014 0.071875 -0.026957
-0.109026 0.056774 0.057346
-0.015521 -0.011428 0.071702
0.072468 -0.000565 0.064328
0.134259 -0.037747 0.030330
0.216755 -0.036530 0.100471
0.261298 -0.082371 -0.033617
0.266055 -0.023755 0.153895
0.090285 -0.047174 -0.035182
-0.027206 0.008385 0.117568
-0.085888 0.026872 -0.041454
0.051781 0.037328 0.192883
0.054777 -0.023592 -0.116041
0.164753 0.026889 0.086965
0.217547 -0.015760 -0.053260
0.250237 -0.018917 0.056999
0.249133 -0.052014 0.083813
0.323453 -0.097171 0.095484
0.349458 -0.145408 0.131675
0.435609 -0.131559 0.063859
0.357920 -0.126054 0.126094
0.310242 -0.035167 0.071780
0.197855 -0.037713 0.151528
0.184427 -0.039194 -0.030992
0.169052 -0.070903 0.212772
0.241413 0.051291 0.028566
-0.291543 0.031386 -0.150931
-0.395088 0.133404 0.032087
-0.316736 0.150704 -0.030006
-0.237685 0.151301 -0.057090
-0.169271 0.136064 -0.135828
-0.130623 0.130387 0.015624
0.027673 0.054324 0.036170
0.144886 0.025843 0.023344
0.201017 -0.004093 0.073446
0.282540 0.015211 0.039083
0.330396 0.026424 0.117020
0.370879 0.020328 0.055452
0.403445 -0.023155 0.018699
0.363360 -0.006060 0.089483
0.395264 -0.050697 0.007600
0.201154 0.057581 0.219199
0.221556 -0.013425 -0.095481
0.178393 0.037511 0.202864
0.314971 -0.034501 -0.031290
0.303832 0.019209 0.202870
0.351704 -0.024312 -0.001817
0.349598 -0.028167 0.049876
0.500926 -0.057159 0.098635
0.538687 -0.099820 0.081595
0.542110 -0.107491 0.092329
0.522957 -0.077214 0.114517
0.594121 -0.038180 0.169452
0.583628 0.002430 -0.023123
0.483875 0.002666 0.175764
0.353482 -0.029232 -0.025845
0.290613 0.005253 0.300555
0.315660 0.074430 0.047803
-0.296160 0.052339 -0.150097
-0.367290 0.138779 -0.115114
-0.322012 0.185604 -0.228693
-0.212381 0.166650 -0.062980
-0.201826 0.151135 -0.086345
-0.126426 0.118486 0.008818
0.024488 0.065004 0.012402
0.218233 0.016892 0.053013
0.293096 -0.014226 0.095174
0.372399 -0.021772 0.099988
0.467584 -0.005216 0.170703
0.639051 -0.016582 0.063893
0.689027 -0.049790 0.198642
0.679925 -0.015482 0.171730
0.589290 -0.031626 0.051006
0.537100 0.020810 0.050758
0.463381 -0.034262 0.180369
0.539358 -0.002305 0.151295
0.583104 -0.041510 0.003399
0.708242 -0.017723 -0.030993
0.642842 -0.051493 0.079442
0.621712 -0.002737 0.109249
0.598955 -0.045656 0.121725
0.736982 -0.077364 0.103713
0.695361 -0.121034 0.195804
0.697532 -0.101796 0.124298
0.632844 -0.071304 0.089620
0.669727 -0.026726 0.091567
0.544885 -0.050881 0.277777
0.518451 -0.098157 -0.053408
0.492809 -0.091795 0.205915
0.455113 0.045261 0.022412
-0.092031 0.084424 -0.183955
-0.143496 0.150261 0.008497
-0.063433 0.149787 0.019821
0.026035 0.087296 -0.071301
0.110867 0.100375 -0.045395
0.139090 0.064502 0.015845
0.294106 0.080147 0.124310
0.416208 0.025834 0.012934
0.457282 0.060602 0.110859
0.557238 0.036244 0.136788
0.687200 0.045348 0.207133
0.854813 -0.016832 0.049631
0.893600 -0.024586 0.109544
0.915971 -0.044350 0.107007
0.971694 -0.063855 0.181992
0.917701 -0.010741 0.096460
0.827540 -0.036552 0.029701
0.691145 -0.022627 0.156527
0.699533 -0.066340 0.151690
0.733842 -0.046449 0.137681
0.745956 -0.034184 0.155118
0.758160 -0.062517 0.078455
0.757872 -0.052971 0.291631
0.692192 -0.096338 0.098985
0.627319 -0.091995 0.222788
0.621980 -0.098006 0.212500
0.676329 -0.048959 0.271979
0.626976 -0.046343 0.065045
0.530521 -0.046553 0.173703
0.440558 -0.116342 0.064836
0.432573 -0.094755 0.247887
0.420671 0.010997 0.038421
-0.129648 0.068066 -0.170993
-0.122202 0.156108 -0.084478
-0.020994 0.216220 -0.143888
0.077505 0.169168 -0.086670
0.153074 0.150726 -0.105574
0.243275 0.114136 -0.029259
0.388251 0.097990 0.095500
0.600076 0.061385 0.051651
0.789078 0.031234 0.023254
0.935545 0.008852 0.107556
1.048997 0.011735 0.100460
1.154026 0.013574 0.236054
1.253891 0.015032 0.042363
1.390142 0.024721 0.081571
1.332648 0.037165 0.135816
1.328305 0.063472 0.176210
1.280811 0.018753 0.044970
1.220245 -0.022302 0.113180
1.098884 0.002633 0.078120
1.064890 0.007938 0.138051
0.967639 0.001283 0.030360
0.945123 0.011269 0.067947
0.814344 0.023991 0.165564
0.818573 -0.045510 0.182676
0.779882 -0.078225 0.110411
0.805526 -0.068367 0.076900
0.722019 -0.030492 0.158995
0.739224 -0.016089 0.142581
0.662011 -0.044235 0.149494
0.604145 -0.100284 0.037642
0.464057 -0.130158 0.191307
0.446000 -0.025527 0.067206
0.076890 0.084974 -0.133697
0.092919 0.172077 0.017052
0.174238 0.185850 0.027428
0.282088 0.173661 -0.064008
0.379534 0.153093 0.005866
0.367764 0.127760 0.002084
0.508721 0.125760 0.092220
0.621361 0.121457 -0.000434
0.748562 0.105154 0.150928
0.838749 0.077428 0.178631
1.063747 0.043726 0.067427
1.243137 -0.008250 0.117659
1.273529 -0.040710 0.145512
1.312781 -0.068251 0.272852
1.427948 -0.082857 0.090988
1.415035 -0.079736 0.147608
1.341747 -0.070905 0.213795
1.198578 -0.114450 0.251064
1.184383 -0.138383 0.100968
1.148698 -0.126945 0.166850
1.014697 -0.075813 0.193983
0.913451 -0.098617 0.197970
0.855943 -0.121302 0.183834
0.811743 -0.175139 0.096413
0.751754 -0.148353 0.250917
0.738668 -0.157102 0.184469
0.740607 -0.098553 0.186269
0.758495 -0.099450 0.065250
0.754401 -0.077918 0.165493
0.691701 -0.178372 0.036918
0.669010 -0.155056 0.189273
0.548771 -0.085631 0.079245
0.107770 0.087431 -0.101239
0.205510 0.195246 -0.162100
0.358477 0.255658 -0.138020
0.553387 0.247333 -0.165041
0.605487 0.189718 -0.029849
0.698199 0.181865 -0.132356
0.750203 0.149317 -0.003482
0.866295 0.138120 0.039346
0.974952 0.062764 0.049232
1.128112 0.048178 0.062974
1.113883 0.029241 0.009021
1.227353 0.034155 0.256957
1.286679 0.007259 0.119256
1.381946 -0.006104 0.146855
1.283347 -0.022915 0.009617
1.309227 -0.018083 0.228582
1.282232 -0.056597 0.127998
1.295364 -0.075122 0.124928
1.178397 -0.074659 0.050061
1.145689 -0.061704 0.187572
1.075936 -0.027459 0.108616
1.044492 -0.033588 0.078916
0.922969 -0.065967 0.051145
0.908351 -0.105234 0.106779
0.832256 -0.090024 0.164251
0.882968 -0.065416 0.072971
0.833494 -0.026618 0.038846
0.842685 -0.033590 0.072370
0.775531 -0.052535 0.147322
0.734529 -0.129194 0.032892
0.617806 -0.140325 0.090932
0.536679 -0.047111 -0.038087
0.327066 0.109868 -0.059990
0.287400 0.263297 0.044096
0.375105 0.279022 0.011405
0.504030 0.250079 -0.060199
0.628250 0.223173 -0.055498
0.658470 0.227067 -0.025430
0.740668 0.237300 0.036113
0.760609 0.246281 0.075631
0.873911 0.216329 0.030406
0.887048 0.170174 0.155677
1.069890 0.147248 0.120553
1.084579 0.095134 0.190574
1.174791 0.087340 0.150656
1.131443 0.046599 0.314444
1.287421 0.056003 0.202947
1.216013 0.021153 0.233275
1.200262 0.059423 0.170874
1.071479 0.001983 0.302665
1.118169 -0.009728 0.212321
1.058334 -0.024174 0.241250
1.018433 0.013404 0.156737
0.926053 0.014665 0.263772
0.923266 0.017442 0.189638
0.855698 -0.025862 0.172355
0.799515 -0.001359 0.147893
0.782225 -0.007899 0.187506
0.793254 0.035487 0.187320
0.783573 0.011560 0.124786
0.769583 0.014116 0.093051
0.727841 -0.062347 0.142652
0.664523 -0.078333 0.141895
0.557633 -0.024398 0.090268
