0.504678 -0.427371 -0.550371
0.587948 -0.353796 -0.218856
0.463462 -0.454468 0.015529
0.334102 0.103256 -0.257013
0.483480 -0.485158 0.147770
0.471226 0.303189 -0.110435
0.440792 -0.137260 0.110484
0.314030 0.255923 0.003596
0.455937 0.175915 0.017288
0.342299 0.266956 -0.009387
0.307200 0.130214 0.177843
0.475470 0.029732 0.042965
0.182985 0.221174 0.245258
0.469398 -0.098090 0.367147
0.172901 0.203324 0.211698
0.505199 -0.671956 -0.192576
0.457668 -0.454958 -0.396105
0.476617 -0.672672 -0.073144
0.259215 0.219875 -0.140824
0.073486 0.160984 -0.411293
0.551499 -0.493091 -0.071370
0.402348 0.318241 -0.077590
0.491002 0.093025 -0.249008
0.239518 -0.102402 -0.412851
0.304497 -0.085393 0.263413
0.498977 -0.258486 0.185162
0.096301 0.367954 -0.093336
0.572601 -0.610098 0.089345
-0.155677 0.265798 -0.166185
0.472559 -0.396003 -0.171130
-0.160864 0.056102 -0.487412
0.418745 -0.114074 -0.258486
0.475506 0.115220 -0.324469
0.544473 -0.137322 -0.352878
0.473315 -0.045918 -0.227877
0.495685 0.067460 -0.091736
0.501056 -0.535822 -0.086180
0.411111 -0.027351 -0.311997
0.538014 0.000452 0.207208
0.218805 0.158487 -0.338751
0.282746 0.118703 0.133377
0.435065 0.127367 0.093803
0.407738 -0.351806 0.240119
0.370882 -0.411998 -0.566095
0.291719 -0.044413 -0.312460
0.499641 -0.399743 -0.364836
0.053228 -0.453981 0.232355
0.537158 0.123067 0.237852
0.156433 0.091393 -0.354364
0.490875 -0.305711 0.227114
0.412452 -0.578418 0.017863
0.444938 0.108980 -0.085791
0.429571 0.164687 -0.045293
0.295612 -0.165225 0.393119
0.306985 -0.215874 0.274723
0.476377 -0.424451 -0.014589
0.572807 -0.347121 -0.435780
0.450892 0.227932 0.022555
-0.152905 0.246686 -0.347315
0.456516 0.019546 -0.063984
-0.005425 -0.060853 -0.444557
0.216128 0.299022 -0.334153
0.300395 -0.534008 0.089780
0.479645 -0.439318 0.032855
0.426283 -0.350675 -0.314638
0.412184 -0.330645 -0.514290
0.175911 0.193010 0.239026
0.424986 -0.133550 0.239348
0.232384 0.406939 0.194696
0.071156 0.173601 0.350379
0.545662 0.175732 -0.119666
0.494872 0.010726 -0.245393
0.086692 -0.026450 0.317616
0.506342 -0.263521 0.177302
0.402628 0.137120 -0.278925
0.457929 -0.163294 -0.257734
0.420182 -0.048928 0.189963
0.549717 -0.279417 -0.228133
0.436630 -0.226291 0.183380
0.411796 0.208362 -0.110338
0.517338 -0.425172 -0.114575
0.060299 -0.224851 0.204413
0.413015 -0.055173 -0.162557
-0.189332 0.088066 0.205125
0.489615 -0.529968 -0.273694
0.252438 -0.112020 -0.376928
0.555249 -0.428425 -0.280616
0.528984 -0.298732 -0.354762
0.069013 0.322756 -0.154475
0.500712 -0.266450 -0.364796
-0.059195 -0.214812 0.179126
0.428512 -0.559738 -0.204074
0.348386 0.197042 0.330538
0.136505 -0.018659 0.216818
0.539673 0.029298 0.008581
0.514847 -0.073403 0.150592
0.437908 -0.609361 -0.081908
0.384393 0.043121 -0.485945
0.509655 -0.382229 -0.070352
0.217541 -0.239516 -0.471675
0.010525 0.057719 0.218539
0.255515 0.292771 0.049264
0.533177 -0.251211 -0.440792
0.343862 -0.361093 0.326965
0.441414 -0.172935 -0.395502
0.370207 0.276156 -0.330520
0.090397 0.375691 -0.017786
0.210182 0.225245 -0.211597
0.490184 -0.049578 0.065146
0.386243 -0.110363 -0.405780
-0.027137 0.355433 0.014980
0.503803 -0.306114 -0.334839
0.509560 -0.404927 0.161645
0.539638 0.100133 0.021352
0.520484 -0.407744 -0.251635
-0.214552 -0.134038 -0.430095
0.292048 -0.491500 0.291900
0.483558 -0.132589 -0.235984
0.415719 -0.043679 -0.336866
-0.019154 0.210487 -0.303781
0.483106 -0.411977 0.055160
0.529245 -0.491206 0.116249
0.476630 -0.518942 -0.591877
0.522455 0.147849 -0.028011
0.539646 -0.135962 -0.137594
0.506177 0.161401 -0.027018
0.453970 -0.054309 -0.235204
0.469500 0.192875 0.169218
0.572623 -0.638010 -0.160465
-0.282068 0.005047 -0.362521
0.520278 0.063415 -0.156607
0.282008 -0.627257 -0.488036
0.071522 0.221688 -0.227488
0.508225 0.254693 0.099784
0.034339 -0.285365 -0.509391
0.495127 -0.317941 0.209805
0.483326 0.104934 -0.005847
0.275002 0.225640 0.112744
0.100527 -0.298009 -0.440658
0.209696 0.383138 -0.228200
0.566059 -0.397432 -0.695101
0.077462 0.179648 -0.319963
0.093196 -0.260087 0.301355
0.276931 0.010002 -0.333035
0.433305 -0.058354 0.246347
0.513697 -0.284317 -0.019996
0.114687 -0.145502 -0.386019
0.219481 -0.210425 0.261695
0.039155 0.331780 0.101054
0.403727 0.229331 -0.085776
0.493640 -0.292870 -0.299060
0.445222 0.245451 -0.218198
0.459175 -0.011554 -0.209951
0.408547 -0.238524 -0.697456
0.209499 -0.325926 -0.604567
0.383124 -0.039166 0.160187
0.482001 0.146496 -0.038877
0.035669 0.239567 -0.192533
0.501940 -0.605650 -0.418780
0.191371 0.023304 0.244390
-0.339730 -0.324184 -0.474122
0.459967 -0.117147 -0.440504
0.439601 0.022596 -0.089109
0.496076 0.048675 0.157966
0.448833 0.105076 -0.200869
0.488404 0.163437 -0.181001
0.491694 -0.252731 -0.228931
0.406271 0.133816 -0.186719
0.468061 0.027058 -0.116276
0.273025 -0.300541 -0.424618
0.534208 0.218088 -0.063073
0.149510 0.128348 0.245484
0.323937 0.036796 0.243858
0.468197 0.233026 -0.050291
0.522190 -0.193505 -0.399241
0.434195 0.194272 0.104687
0.460306 0.108808 0.001163
0.511392 -0.322462 -0.320968
0.463450 -0.518728 -0.167354
0.524226 -0.227943 0.112443
0.440571 0.171834 -0.010134
0.294749 0.206711 -0.023694
0.469574 0.176215 -0.114974
0.407461 0.079022 -0.206291
0.387926 -0.141414 0.031522
0.565313 -0.431407 -0.217967
0.405103 0.141787 -0.091798
-0.018956 0.075368 -0.330611
0.509402 -0.200338 0.112143
0.248200 -0.020312 -0.332792
0.186357 0.114566 -0.620465
0.501118 0.045151 -0.191233
0.564031 -0.585532 -0.446169
0.272479 0.106364 -0.441276
0.000983 0.034555 0.207057
0.534942 -0.103194 -0.048822
0.549951 -0.497878 -0.345753
0.509020 -0.447226 -0.115328
0.237135 -0.559147 -0.177448
0.447566 -0.085818 -0.363579
0.520316 0.236339 -0.033875
0.297364 0.334511 -0.100433
0.550630 0.231151 -0.075767
0.243050 0.015367 0.202252
0.526966 -0.654733 -0.279998
0.509641 0.297506 0.154397
0.064697 0.039876 -0.358655
0.545398 0.071903 0.072904
0.189988 -0.198059 0.289090
0.576425 -0.467240 -0.310705
0.411137 0.243273 -0.149768
0.484798 0.185111 -0.060690
0.451175 0.145064 -0.198846
0.460824 0.127758 0.136362
0.021228 0.291559 0.264283
0.217664 -0.466335 -0.438468
0.221021 0.084339 -0.268159
0.473637 -0.059575 -0.251732
0.112720 0.026623 -0.400734
0.450617 0.104400 0.149318
0.070349 -0.063053 -0.469080
0.016931 0.286638 0.139875
-0.406337 0.039438 -0.373703
0.390494 -0.429354 0.214040
0.028801 -0.114883 0.261503
0.498360 -0.162686 0.085519
0.375639 -0.707905 -0.283969
-0.136848 -0.162182 -0.537258
0.507414 -0.532233 0.192249
0.470840 -0.656688 -0.418568
0.454549 0.142103 0.039869
0.532438 -0.235574 -0.567083
0.098852 -0.594747 -0.350893
0.134217 -0.036105 -0.425559
0.373966 -0.237190 -0.366532
0.524605 -0.071389 -0.247741
0.274009 -0.636215 0.260993
0.354163 0.214578 0.042215
-0.068182 -0.226979 -0.295711
0.069979 0.193685 -0.191022
0.385364 0.020313 -0.302593
0.072494 -0.395657 0.292077
0.463663 -0.600138 -0.121146
0.340319 0.258466 0.146544
-0.032089 -0.359517 -0.449776
0.328952 0.093519 0.239073
-0.160525 0.156325 0.195264
0.458776 -0.354416 -0.070360
0.304848 -0.108083 -0.399456
-0.094723 -0.457486 -0.414150
0.104341 -0.483617 -0.506210
0.546343 -0.560518 -0.209589
0.212055 -0.619811 -0.372478
0.106926 0.388617 0.040256
0.303769 0.219355 -0.224100
0.318734 -0.291112 0.172109
0.416496 -0.498805 -0.177075
0.510778 -0.453529 0.159107
0.516037 -0.418195 -0.353321
0.406219 -0.355345 0.241348
0.213572 -0.440341 -0.187941
0.051308 -0.323647 0.293239
-0.003426 -0.338357 -0.589567
-0.132699 -0.241721 0.395428
-0.314245 -0.326945 -0.456166
-0.433940 -0.282859 0.214562
-0.431894 -0.315731 -0.626087
-0.524491 -0.221206 0.334324
-0.697692 -0.257913 -0.397161
-0.758457 -0.120849 0.034134
-0.781278 -0.160098 -0.646858
-0.808682 -0.022930 0.174104
-0.930323 -0.079660 -0.480490
-0.918954 0.020351 -0.059218
-0.848700 -0.031401 -0.617856
-0.795869 0.058705 0.171966
-0.813834 0.018135 -0.476606
-0.757361 0.139116 -0.007220
-0.625585 0.075396 -0.642528
-0.565740 0.101327 0.206276
-0.635180 0.047130 -0.317718
-0.640836 0.049416 -0.031413
-0.542576 -0.033536 -0.488031
-0.447017 0.018678 0.245571
-0.434107 -0.019995 -0.248837
-0.355377 0.037222 0.146879
-0.217142 0.116108 -0.337823
-0.094709 0.237007 -0.026003
0.303447 -0.484867 -0.228438
0.537051 -0.481223 -0.059347
0.452735 -0.552639 0.030965
0.454945 -0.511032 0.171824
0.217829 -0.500063 -0.360920
0.100807 -0.379377 0.248600
-0.139008 -0.414484 -0.189445
-0.197025 -0.309206 0.090073
-0.347947 -0.394566 -0.524910
-0.378432 -0.296094 0.197327
-0.519166 -0.396843 -0.328081
-0.552729 -0.282392 -0.011725
-0.696265 -0.314562 -0.542818
-0.817493 -0.153050 0.135087
-1.058287 -0.244008 -0.318557
-1.145467 -0.134157 -0.109224
-1.173234 -0.165278 -0.538172
-1.184424 -0.043299 0.010937
-1.141667 -0.150225 -0.482815
-1.100066 -0.050153 -0.120586
-1.016592 -0.114858 -0.638245
-0.975621 -0.035004 0.152573
-0.942017 -0.153930 -0.328283
-0.923261 -0.089424 0.071428
-0.810757 -0.097306 -0.495630
-0.766937 -0.050040 0.296311
-0.734631 -0.198469 -0.189123
-0.588107 -0.183141 0.144861
-0.475787 -0.213417 -0.345352
-0.382352 -0.200835 0.344534
-0.358502 -0.215975 0.171688
-0.226002 -0.006079 0.286961
0.211996 -0.398308 0.098149
0.301668 -0.427564 0.166281
0.275299 -0.392114 -0.139744
0.267438 -0.340443 0.178209
0.085540 -0.328266 -0.091449
-0.101255 -0.235710 -0.011987
-0.368808 -0.271389 -0.291498
-0.424362 -0.225754 -0.063763
-0.622037 -0.358400 -0.225494
-0.669614 -0.316829 -0.181251
-0.883938 -0.377214 -0.257331
-0.956069 -0.285867 -0.173676
-1.279780 -0.259480 0.026378
-1.330605 -0.163971 -0.302515
-1.609191 -0.135465 -0.214957
-1.551247 -0.042278 -0.237202
-1.687651 0.005100 -0.183470
-1.551597 0.026205 -0.313928
-1.549510 0.033819 -0.329815
-1.402003 0.113521 -0.129225
-1.387221 0.140525 -0.151351
-1.224531 0.179126 -0.226855
-1.208768 0.165200 -0.413631
-1.141102 0.224686 -0.079658
-1.154359 0.180292 -0.228328
-1.041509 0.152018 -0.121255
-1.042091 0.098120 -0.393514
-0.922628 0.148994 0.024426
-0.896821 0.142659 -0.090382
-0.759080 0.132564 -0.109479
-0.765564 0.132619 -0.199155
-0.482385 0.213077 -0.258907
0.231611 -0.403135 0.026282
0.368232 -0.447949 0.102190
0.252827 -0.516139 0.217847
0.426405 -0.457625 0.209897
0.288993 -0.435247 -0.164606
0.260971 -0.316859 0.026720
-0.048143 -0.333349 -0.069531
-0.063126 -0.299032 -0.159812
-0.265144 -0.379383 -0.183052
-0.437266 -0.406235 -0.132749
-0.605325 -0.455346 -0.129332
-0.821655 -0.387746 -0.150848
-1.034524 -0.352607 -0.276767
-1.239071 -0.232954 -0.022779
-1.456651 -0.228286 -0.162216
-1.506194 -0.160667 -0.198400
-1.446456 -0.111166 -0.395202
-1.408430 -0.013939 -0.057821
-1.309839 -0.047498 -0.395333
-1.218156 0.031378 -0.183186
-1.162120 0.022637 -0.556625
-1.089679 0.131194 -0.012577
-1.066941 0.073022 -0.310415
-1.034403 0.112719 -0.069833
-0.957337 0.108673 -0.444591
-0.917495 0.149900 0.165107
-0.856923 0.093906 -0.310053
-0.768776 0.088316 0.083485
-0.701568 0.090853 -0.354927
-0.617639 0.088247 0.258842
-0.515983 0.093356 0.087088
-0.345994 0.176187 0.232250
0.193198 -0.404906 0.241863
0.350069 -0.341347 0.353004
0.370419 -0.283461 0.069449
0.507214 -0.232247 0.170209
0.507268 -0.163463 -0.115950
0.466735 -0.098507 -0.091082
0.174742 -0.149834 -0.247422
-0.177283 -0.219573 -0.110132
-0.525409 -0.341852 -0.312270
-0.713237 -0.419093 -0.194277
-0.880763 -0.455729 -0.272038
-1.035414 -0.429912 -0.129586
-1.322733 -0.304668 -0.164399
-1.431625 -0.223766 -0.187423
-1.748796 -0.055328 -0.369281
-1.716298 0.025904 -0.061602
-1.771320 0.131472 -0.316778
-1.545703 0.125875 -0.220092
-1.497384 0.227483 -0.394018
-1.324132 0.227494 -0.149578
-1.297590 0.275725 -0.186619
-1.162287 0.235173 -0.184884
-1.147537 0.298309 -0.321766
-1.113276 0.322321 -0.094111
-1.069284 0.360714 -0.163368
-1.031734 0.308003 -0.067524
-0.975883 0.345641 -0.283796
-0.896562 0.364306 -0.002573
-0.820686 0.366709 -0.145458
-0.753896 0.294823 -0.026781
-0.669459 0.306973 -0.114871
-0.457670 0.343140 -0.136856
0.251584 -0.561339 0.403332
0.270038 -0.667421 0.670126
0.215297 -0.786411 0.751611
0.232013 -0.779740 0.948881
0.221035 -0.730485 0.501101
0.089276 -0.588569 0.796859
-0.038473 -0.544021 0.111725
0.019618 -0.461579 0.111562
-0.177797 -0.472762 -0.229613
-0.367450 -0.529210 -0.032697
-0.589938 -0.602678 -0.230170
-0.870861 -0.573182 -0.145105
-1.107459 -0.478522 -0.351888
-1.320092 -0.288233 0.046014
-1.515078 -0.218574 -0.279913
-1.606458 -0.084047 -0.118702
-1.542200 0.010096 -0.429033
-1.443550 0.091845 -0.026527
-1.285492 0.106330 -0.372681
-1.159596 0.146227 -0.092282
-1.083130 0.167349 -0.460104
-1.023860 0.230458 0.004483
-1.019166 0.230809 -0.271711
-0.951475 0.248038 -0.047090
-0.859956 0.267318 -0.318488
-0.839495 0.286907 0.096718
-0.829460 0.283280 -0.135632
-0.777299 0.268841 -0.004981
-0.700466 0.255011 -0.202864
-0.680990 0.228348 0.122480
-0.551286 0.207596 0.169670
-0.418658 0.258665 0.179912
0.139405 -0.495596 0.508309
0.262135 -0.501395 0.717888
0.133405 -0.529674 0.487721
0.164078 -0.532149 0.758765
0.068438 -0.386343 0.424544
0.147164 -0.234951 0.315869
0.114742 -0.252653 -0.090933
0.040499 -0.265684 0.087623
-0.287031 -0.419737 -0.440070
-0.559564 -0.521426 -0.165829
-0.677247 -0.554045 -0.457361
-0.825141 -0.509513 0.009856
-1.094092 -0.390565 -0.320747
-1.274931 -0.245021 -0.132395
-1.514305 -0.148079 -0.580999
-1.578395 -0.001506 0.077540
-1.596236 0.089682 -0.458615
-1.461560 0.129676 -0.029243
-1.344585 0.196877 -0.572826
-1.176003 0.218241 0.001352
-1.140676 0.271696 -0.412647
-1.007580 0.264103 -0.124985
-0.985996 0.302659 -0.517375
-0.926755 0.337077 0.093072
-0.973535 0.410310 -0.275057
-0.909708 0.409022 -0.074995
-0.886995 0.432903 -0.487714
-0.813936 0.457920 0.042823
-0.825489 0.490899 -0.190323
-0.760067 0.397141 -0.086453
-0.749387 0.357121 -0.200258
-0.531545 0.330011 -0.121381
-0.129282 -0.763800 0.751083
-0.246917 -1.000112 1.319998
-0.467191 -1.226604 1.272656
-0.611957 -1.317665 1.614587
-0.620317 -1.240948 1.020949
-0.852529 -1.306314 1.935962
-0.895480 -1.117352 1.060223
-0.786016 -0.949826 1.032890
-0.537026 -0.642280 -0.032897
-0.398122 -0.680405 0.569212
-0.414089 -0.718370 -0.337440
-0.516367 -0.688396 0.090253
-0.682537 -0.660910 -0.599640
-0.893480 -0.419190 0.279111
-1.072540 -0.370937 -0.524481
-1.249886 -0.175005 0.129819
-1.266372 -0.098727 -0.657952
-1.230434 0.047833 0.214632
-1.127673 0.044650 -0.568872
-1.031632 0.133419 0.048464
-0.960565 0.194316 -0.660644
-0.840994 0.250456 0.110076
-0.818200 0.203968 -0.451997
-0.760574 0.263677 0.000359
-0.697764 0.326859 -0.591724
-0.683337 0.400447 0.137850
-0.718063 0.319321 -0.301412
-0.686943 0.345715 0.052980
-0.650275 0.317536 -0.359859
-0.646523 0.267309 0.078342
-0.588807 0.169434 0.042138
-0.447867 0.186048 0.099571
0.028494 -0.567261 0.758055
0.080457 -0.621973 0.822662
-0.023043 -0.764083 0.743472
-0.127084 -0.842914 1.041203
-0.120785 -0.628790 0.713270
-0.142616 -0.586918 0.623707
0.044686 -0.552357 0.325777
-0.111076 -0.503451 0.593360
-0.228480 -0.512291 0.048037
-0.437428 -0.560338 0.039166
-0.493466 -0.644090 -0.289257
-0.577943 -0.578610 0.025534
-0.792791 -0.513601 -0.258776
-0.952126 -0.384694 -0.000317
-1.123698 -0.284134 -0.496080
-1.173629 -0.131076 0.129541
-1.279253 -0.006686 -0.467601
-1.188775 0.068716 0.027101
-1.158672 0.148438 -0.564694
-0.995454 0.184189 0.008008
-0.948075 0.245891 -0.363012
-0.798621 0.269289 -0.050586
-0.799991 0.335175 -0.477917
-0.777077 0.393167 -0.087303
-0.770751 0.471364 -0.231952
-0.732394 0.493521 -0.027787
-0.759728 0.522865 -0.385687
-0.729744 0.546900 -0.099733
-0.662998 0.537030 -0.217865
-0.637051 0.426454 0.046737
-0.629481 0.350482 -0.139410
-0.478090 0.291727 -0.090450
0.015638 -0.861039 0.912170
-0.009462 -1.120484 1.346624
-0.089110 -1.259865 1.371725
-0.213117 -1.418166 1.587744
-0.145261 -1.230755 1.139840
-0.440257 -1.415550 2.038157
-0.474847 -1.052193 1.134710
-0.513272 -1.231584 1.462600
-0.380773 -0.819722 0.441614
-0.383571 -0.835409 1.212989
-0.282396 -0.763040 0.027261
-0.373951 -0.821380 0.285648
-0.458913 -0.890608 -0.482939
-0.611122 -0.660728 0.377969
-0.726747 -0.594916 -0.455886
-0.900161 -0.358967 0.175082
-0.891294 -0.225464 -0.639030
-0.915092 -0.029533 0.202863
-0.824898 0.026591 -0.496156
-0.814751 0.095922 0.037033
-0.753632 0.119538 -0.639562
-0.671620 0.166513 0.138701
-0.635739 0.174021 -0.353227
-0.606049 0.224709 -0.039365
-0.529288 0.284920 -0.469933
-0.555317 0.364365 0.084199
-0.582156 0.350743 -0.208554
-0.617465 0.371887 -0.069920
-0.558164 0.305082 -0.336174
-0.572174 0.247015 -0.011818
-0.521077 0.175770 -0.053202
-0.424993 0.179574 0.048173
0.177455 -0.590658 0.747168
0.255500 -0.635386 0.924433
0.163501 -0.695132 0.561047
0.071145 -0.831589 1.455410
0.118804 -0.643584 0.484931
0.024685 -0.656861 0.921399
0.093291 -0.631440 0.066664
-0.127533 -0.630862 1.210808
-0.177364 -0.540171 0.105376
-0.335839 -0.552926 0.381971
-0.259429 -0.573468 -0.232223
-0.339727 -0.548585 0.343839
-0.523513 -0.498667 -0.308805
-0.663216 -0.433913 0.058196
-0.765464 -0.313184 -0.553877
-0.794029 -0.200042 0.285894
-0.885839 0.000251 -0.447935
-0.771272 0.068673 0.155098
-0.753625 0.188539 -0.626574
-0.670708 0.179677 0.279041
-0.711138 0.258189 -0.519734
-0.591710 0.288228 0.108915
-0.607057 0.369154 -0.885193
-0.572338 0.430990 0.394551
-0.657005 0.500666 -0.486036
-0.607320 0.537985 0.023829
-0.556261 0.599811 -0.769893
-0.441055 0.597543 0.120490
-0.480333 0.607609 -0.361827
-0.466197 0.452971 -0.004455
-0.423478 0.364256 -0.248736
-0.328799 0.295508 -0.034196
0.224310 -0.898704 0.887295
0.247569 -1.084595 1.644432
0.261695 -1.252286 1.187544
0.179185 -1.393095 1.799036
0.295378 -1.223273 0.629579
0.080497 -1.297919 2.292715
0.166033 -0.876818 0.705341
0.042112 -1.064924 1.766404
0.073454 -0.894601 -0.131420
-0.066134 -0.979499 1.923973
-0.075304 -0.720399 0.063441
-0.096306 -0.895068 0.961598
-0.188779 -0.842006 -0.442546
-0.272177 -0.717935 0.864208
-0.439945 -0.538710 -0.415542
-0.585904 -0.350994 0.357590
-0.601972 -0.225268 -0.801173
-0.602105 -0.058972 0.507460
-0.536916 0.022420 -0.495264
-0.494325 0.083544 0.289109
-0.464633 0.136405 -0.900572
-0.351289 0.200718 0.600931
-0.367418 0.159775 -0.618521
-0.347225 0.226449 0.369286
-0.370137 0.314995 -0.992792
-0.313094 0.377117 0.451438
-0.375386 0.310306 -0.361785
-0.362439 0.314382 0.254145
-0.383231 0.281224 -0.461648
-0.410418 0.213848 0.201244
-0.426118 0.118727 -0.124480
-0.264100 0.139498 0.071858
0.250434 -0.576603 0.793295
0.349127 -0.569432 0.846456
0.330005 -0.664949 0.858771
0.271253 -0.800126 1.006989
0.318383 -0.622149 0.708173
0.310138 -0.672794 0.625377
0.407274 -0.681728 0.372004
0.230617 -0.702204 0.897613
0.244509 -0.628457 0.316536
0.089223 -0.602418 0.381386
0.170181 -0.627400 0.041282
-0.014243 -0.643691 0.407958
-0.131563 -0.535601 -0.059527
-0.308800 -0.478371 0.097141
-0.408613 -0.363774 -0.393332
-0.491782 -0.281733 0.219914
-0.562063 -0.130276 -0.191972
-0.518650 -0.077755 0.219018
-0.512621 -0.007130 -0.530383
-0.462773 0.050344 0.167659
-0.471093 0.109176 -0.273917
-0.437157 0.204729 0.399930
-0.518761 0.258292 -0.603136
-0.481557 0.347076 0.239969
-0.465653 0.391095 -0.247755
-0.422081 0.496165 0.560738
-0.406890 0.485811 -0.408657
-0.284346 0.532382 0.306877
-0.243982 0.539587 -0.472938
-0.219639 0.435733 0.090060
-0.236606 0.351371 -0.114069
-0.184104 0.275692 -0.010498
0.315148 -0.867681 0.906801
0.349435 -1.031470 1.321473
0.347005 -1.209231 1.377196
0.387676 -1.433361 1.505271
0.487412 -1.196265 1.204196
0.380920 -1.382519 1.833807
0.414540 -0.849506 1.045280
0.434266 -1.098845 1.347432
0.486187 -0.900187 0.506803
0.395075 -1.054562 1.519044
0.342584 -0.841197 0.341830
0.239583 -0.932042 0.858294
0.142323 -0.766722 -0.054113
0.024379 -0.725411 0.627472
-0.062686 -0.511643 -0.144566
-0.194870 -0.412046 0.241960
-0.276486 -0.303329 -0.528256
-0.317651 -0.167162 0.396536
-0.313058 -0.088285 -0.290103
-0.292437 -0.027366 0.207258
-0.264830 -0.013591 -0.411907
-0.279815 0.004337 0.296175
-0.307694 0.067304 -0.242069
-0.343597 0.115678 0.073806
-0.316036 0.187281 -0.309415
-0.341590 0.177315 0.248824
-0.338158 0.244952 -0.063067
-0.294504 0.216930 0.121267
-0.226865 0.270431 -0.104162
-0.215588 0.151334 0.144910
-0.204581 0.178307 0.110457
-0.113869 0.184513 0.168893
0.297276 -0.496318 0.680772
0.372583 -0.475603 0.786530
0.342304 -0.526253 0.649983
0.335036 -0.685838 1.068404
0.338767 -0.515829 0.476183
0.413193 -0.605788 0.643151
0.503707 -0.604060 0.251975
0.489869 -0.667626 0.802834
0.520382 -0.565782 0.115705
0.450927 -0.594134 0.390427
0.384063 -0.563504 -0.079600
0.266095 -0.583671 0.418568
0.180139 -0.457615 -0.103526
0.043050 -0.421084 0.135225
0.000992 -0.322763 -0.247221
-0.044911 -0.268405 0.181176
-0.137025 -0.149620 -0.172810
-0.153048 -0.155192 0.198792
-0.154649 -0.064007 -0.426455
-0.136026 -0.008982 0.275563
-0.212740 0.089672 -0.296819
-0.193555 0.088288 0.166156
-0.229567 0.271663 -0.444458
-0.248993 0.245090 0.340137
-0.283337 0.299061 -0.122939
-0.283146 0.304602 0.257022
-0.265841 0.377034 -0.492812
-0.184982 0.362033 0.196262
-0.140243 0.396375 -0.046815
-0.095142 0.281990 0.219455
-0.042518 0.243068 -0.095341
-0.027262 0.256261 -0.024865
0.413439 -0.725917 0.731892
0.408931 -0.836020 1.364424
0.436421 -1.057706 1.158873
0.417562 -1.252178 1.514762
0.457490 -1.096758 0.803902
0.384260 -1.231354 1.889464
0.479347 -0.769122 0.804842
0.466495 -1.008529 1.449593
0.497359 -0.873750 0.106511
0.431049 -0.929001 1.632940
0.476897 -0.723040 0.058932
0.422098 -0.758387 0.914488
0.395147 -0.583978 -0.374056
0.262087 -0.499109 0.783382
0.220527 -0.274984 -0.317540
0.130191 -0.227833 0.199887
0.104502 -0.093398 -0.456257
0.057490 -0.037602 0.360478
0.056999 -0.000349 -0.334642
0.049506 0.033417 0.185734
0.030987 0.091839 -0.526651
0.022223 0.109943 0.404611
0.066246 0.128743 -0.194954
0.006316 0.117392 0.137219
-0.071590 0.220051 -0.329346
-0.150650 0.205527 0.181543
-0.169003 0.277825 0.077491
-0.147506 0.196414 0.117082
-0.113206 0.294225 0.018114
-0.110231 0.226650 0.044195
-0.088895 0.265277 0.179623
0.011807 0.262087 0.144266
0.196204 -0.440205 0.632941
0.244859 -0.393313 0.608795
0.265220 -0.502615 0.675482
0.227954 -0.637500 0.709798
0.204243 -0.505616 0.443833
0.292236 -0.543536 0.501474
0.404099 -0.520464 0.185550
0.416136 -0.615618 0.670631
0.474398 -0.558780 0.044061
0.466440 -0.540778 0.482108
0.514642 -0.507832 -0.265538
0.434185 -0.464116 0.493448
0.446471 -0.381238 -0.341737
0.378879 -0.314429 0.252198
0.438699 -0.217025 -0.410079
0.383010 -0.153509 0.288352
0.407433 -0.107333 -0.375298
0.346274 -0.076267 0.261999
0.344217 -0.015651 -0.477113
0.336895 0.074017 0.338283
0.315138 0.110887 -0.383285
0.255199 0.168451 0.314243
0.221166 0.163471 -0.338733
0.207015 0.194760 0.181676
0.150147 0.177570 -0.181909
0.083438 0.218495 0.197161
-0.004600 0.195374 -0.110842
0.013150 0.227635 0.079720
0.026069 0.238091 -0.032035
0.030077 0.252191 0.035417
0.036946 0.240137 0.110123
0.072967 0.297399 0.059424
0.349210 -0.585428 0.543025
0.350880 -0.655211 0.786636
0.359103 -0.785106 0.938960
0.445932 -0.908980 0.820822
0.486899 -0.851280 0.759043
0.481675 -0.922890 1.015782
0.479413 -0.630734 0.683139
0.534352 -0.749560 0.739493
0.560086 -0.634264 0.285180
0.531220 -0.670539 0.788068
0.545312 -0.577595 0.066381
0.571004 -0.525397 0.415120
0.588250 -0.460525 -0.225205
0.549388 -0.341503 0.419264
0.562517 -0.216014 -0.298893
0.499955 -0.118566 0.064249
0.473649 -0.054214 -0.437013
0.484011 -0.009641 0.168229
0.482921 -0.019103 -0.409254
0.462451 0.075504 0.136167
0.428280 0.071937 -0.442950
0.438095 0.153487 0.170092
0.446077 0.124634 -0.277836
0.390589 0.181069 0.085415
0.357093 0.202045 -0.187337
0.282767 0.215349 0.040541
0.204919 0.253364 -0.014664
0.153078 0.228171 0.003093
0.081408 0.252574 0.059398
0.020355 0.215004 -0.091119
0.015002 0.293685 0.302264
0.064964 0.300379 0.004927
0.242663 -0.453797 0.394706
0.296081 -0.423129 0.548194
0.339563 -0.485906 0.359278
0.484745 -0.576271 0.597043
0.462650 -0.450035 0.337061
0.484221 -0.496239 0.372614
0.483965 -0.452207 0.182862
0.565429 -0.510771 0.368065
0.578941 -0.495470 0.089121
0.608902 -0.485387 0.282140
0.600534 -0.439633 -0.031632
0.654530 -0.390890 0.214475
0.627605 -0.351323 -0.013447
0.642408 -0.291322 0.140293
0.577315 -0.194512 -0.168909
0.648689 -0.107897 0.120732
0.588568 -0.044378 -0.063680
0.613116 -0.002668 0.101167
0.537171 0.054458 -0.189530
0.618076 0.103970 0.131437
0.593039 0.110819 -0.069212
0.590619 0.152700 0.093180
0.518211 0.183029 -0.187783
0.575203 0.211209 0.102654
0.515119 0.209743 0.035466
0.514114 0.250889 0.050539
0.449798 0.217208 -0.108642
0.485563 0.239419 -0.070159
0.307420 0.252212 0.151515
0.307826 0.235409 -0.080542
0.322502 0.252771 0.084481
0.295544 0.319007 -0.054786
0.448544 -0.499830 0.316554
0.494370 -0.552110 0.497384
0.562387 -0.642877 0.499567
0.575849 -0.701524 0.603372
0.593529 -0.675312 0.280795
0.553252 -0.687492 0.666676
0.573455 -0.529089 0.304880
0.573261 -0.572816 0.391113
0.577589 -0.504014 0.102326
0.575264 -0.533292 0.299199
0.643856 -0.474556 0.098765
0.677684 -0.427076 0.121931
0.666572 -0.385652 -0.179702
0.649711 -0.315760 0.255563
0.681223 -0.287288 -0.035561
0.692208 -0.206094 0.002035
0.619080 -0.145680 -0.174158
0.621395 -0.096142 0.115770
0.661251 -0.094497 -0.009491
0.700884 -0.012176 -0.017850
0.645992 0.031763 -0.090669
0.633468 0.111765 0.104156
0.623179 0.081551 0.051430
0.588961 0.140661 -0.048431
0.506289 0.216703 0.005687
0.495846 0.270077 -0.003640
0.502461 0.280611 0.131559
0.470424 0.276517 -0.163320
0.371901 0.329524 0.131085
0.285198 0.277578 -0.171325
0.259035 0.306092 0.249326
0.300004 0.323704 -0.101195
0.390003 -0.491550 0.221775
0.546457 -0.458457 0.318859
0.587162 -0.510799 0.205386
0.645778 -0.525514 0.317691
0.626859 -0.452293 0.169048
0.641161 -0.461619 0.124465
0.633432 -0.386072 0.119301
0.665108 -0.423227 0.097071
0.681419 -0.410612 0.025990
0.692395 -0.460823 -0.034936
0.682393 -0.395455 -0.065751
0.731991 -0.405735 0.047856
0.715681 -0.324493 -0.075668
0.707831 -0.324366 -0.055845
0.664817 -0.210062 -0.106211
0.693864 -0.165578 0.145815
0.685448 -0.071705 -0.142192
0.720151 -0.043959 0.049218
0.671086 0.046687 -0.120047
0.721197 0.104698 0.181391
0.738847 0.156851 -0.144935
0.756715 0.170166 0.019910
0.682680 0.259760 0.036106
0.723916 0.302207 0.101332
0.732558 0.344505 -0.187470
0.755784 0.368558 0.016341
0.693045 0.419129 -0.029231
0.729354 0.459661 -0.015960
0.727299 0.453279 -0.209856
0.742670 0.416859 -0.192724
0.628304 0.362090 0.005717
0.500685 0.352319 -0.068052
0.530339 -0.555870 0.195695
0.593634 -0.561400 0.275730
0.650158 -0.586931 0.335280
0.656003 -0.548126 0.153038
0.679047 -0.574960 0.253067
0.640274 -0.544050 0.266568
0.683811 -0.487520 0.271422
0.663997 -0.446273 0.126898
0.680732 -0.410530 0.063821
0.666975 -0.458659 0.103007
0.717635 -0.433641 0.074876
0.724832 -0.451016 -0.034748
0.711667 -0.412211 -0.125149
0.679933 -0.420216 0.057684
0.674801 -0.394867 -0.004108
0.676733 -0.346492 -0.056631
0.615883 -0.312839 -0.110945
0.616087 -0.242756 0.099612
0.644362 -0.240209 -0.039674
0.677683 -0.139910 -0.040942
0.660186 -0.102976 0.026344
0.661351 0.010937 0.084949
0.646888 -0.004049 0.040937
0.656915 0.092226 -0.075935
0.598829 0.121384 0.109509
0.619985 0.189946 -0.060726
0.619637 0.220614 0.023591
0.629598 0.272577 -0.226290
0.607185 0.288252 0.020159
0.610347 0.263533 -0.262215
0.563821 0.256029 0.141665
0.446091 0.290720 -0.059515
0.416139 -0.533932 0.149678
0.596807 -0.501538 0.165575
0.655002 -0.452713 -0.089727
0.714884 -0.435201 0.235260
0.705445 -0.437719 0.075055
0.716536 -0.408439 0.133709
0.714668 -0.363306 -0.046732
0.728830 -0.373397 0.120735
0.700898 -0.364329 -0.067535
0.713676 -0.411513 -0.007358
0.689437 -0.365090 -0.257139
0.704035 -0.380564 0.020910
0.694366 -0.343074 -0.221377
0.682361 -0.329589 -0.003289
0.647771 -0.276159 -0.290535
0.626307 -0.254314 0.117326
0.655458 -0.195231 -0.163083
0.671771 -0.148787 0.031611
0.648500 -0.087789 -0.190112
0.652667 -0.019317 0.135275
0.660478 -0.021353 -0.038555
0.704553 0.076134 0.017908
0.664200 0.081499 -0.173454
0.680156 0.219027 0.130453
0.700252 0.202343 -0.057491
0.813917 0.275665 -0.087498
0.774367 0.290921 -0.256857
0.792986 0.354582 -0.150931
0.770994 0.283143 -0.114699
0.814278 0.242605 -0.141608
0.734360 0.167606 -0.235192
0.576754 0.292565 -0.224950
0.490270 -0.438117 0.151005
0.463292 -0.439591 0.387680
0.569522 -0.431425 0.246543
0.558697 -0.387258 0.371644
0.611666 -0.356387 0.065469
0.612660 -0.284609 0.271343
0.648461 -0.269300 0.127691
0.625404 -0.250347 0.187297
0.653569 -0.243581 -0.000980
0.626430 -0.260143 0.177123
0.665684 -0.264976 -0.012212
0.632168 -0.259124 0.049032
0.649832 -0.246860 -0.135551
0.600760 -0.224310 0.126939
0.615326 -0.229104 -0.101089
0.588791 -0.178958 0.012761
0.599278 -0.200923 -0.115835
0.566213 -0.145268 0.075007
0.588856 -0.151597 -0.009451
0.571131 -0.072247 -0.003359
0.605158 -0.038151 -0.081396
0.565734 0.080697 0.071956
0.577406 0.053617 -0.008396
0.559530 0.120088 0.028249
0.585814 0.111633 -0.117868
0.601017 0.220454 -0.018458
0.660248 0.187138 -0.076674
0.707273 0.263917 -0.187906
0.696364 0.275204 -0.135767
0.674629 0.282419 -0.134046
0.654353 0.226657 -0.093418
0.547129 0.265114 -0.107130
