1.130636 -0.053255 -0.305292
0.772416 -0.089121 -0.199877
0.749335 -0.072942 -0.004088
0.117898 0.256616 -0.267446
0.389678 -0.097035 -0.016093
1.254700 0.066967 -0.246093
0.426315 0.013934 0.067677
0.039234 0.129814 -0.238283
1.468549 0.039626 -0.108035
0.099904 0.214693 -0.080848
-0.065319 0.089195 0.047819
0.381588 0.121114 -0.059973
0.089192 0.095223 -0.049493
0.831497 -0.170935 0.053459
-0.048711 0.107311 -0.208645
1.498651 0.040214 -0.108249
0.516479 -0.066969 -0.187404
1.014651 -0.050846 -0.078145
-0.149083 0.219729 -0.272438
-0.234898 0.121416 -0.419858
0.933489 -0.145271 -0.137882
0.831661 0.099243 -0.168042
0.932164 0.134326 -0.303049
-0.078906 0.087685 -0.411673
0.111384 -0.050347 0.074775
1.013822 -0.158675 -0.071824
0.021495 0.239651 -0.149600
0.986270 -0.168818 -0.098131
-0.377753 0.154157 -0.053994
0.532212 -0.100837 -0.208033
-0.481079 0.138041 -0.485397
0.194398 0.091089 -0.214547
0.730818 0.126198 -0.296755
0.761829 -0.004483 -0.246078
1.151818 0.098387 -0.252705
1.100762 0.096723 -0.199167
1.289604 -0.004914 -0.040440
0.521232 0.152719 -0.282518
0.878172 -0.108389 0.011689
0.068432 0.102197 -0.357519
-0.217392 0.109849 0.044048
0.159482 0.125733 -0.013038
0.222251 -0.055834 0.061247
0.067044 0.016550 -0.405460
-0.056999 -0.061630 -0.358146
0.118997 -0.138789 -0.315417
-0.303498 -0.151881 -0.075865
1.216596 -0.032939 0.030115
-0.097906 0.160754 -0.368178
1.381756 -0.003866 -0.034249
1.627993 0.000108 -0.005513
0.474913 0.148970 -0.214762
0.419158 0.025494 -0.131956
-0.036967 -0.016087 0.120068
-0.005150 -0.030006 -0.002480
1.282169 -0.052669 -0.174790
1.602741 -0.047771 -0.434281
0.419945 -0.079801 -0.127602
-0.481303 0.214233 -0.341975
1.155755 0.103350 -0.139261
-0.422654 0.000914 -0.421055
0.192969 0.142033 -0.319411
-0.294310 -0.202979 0.005668
0.135035 -0.287540 -0.002017
-0.152787 -0.103103 -0.303992
0.504419 0.005769 -0.401850
-0.252772 0.076910 0.079907
0.269599 -0.045676 0.079300
0.025755 0.032679 -0.181984
-0.375885 0.015051 0.197838
0.771306 -0.119353 -0.288766
0.957800 0.127814 -0.183770
-0.295071 0.017698 0.121200
1.016262 0.009861 0.036394
1.246193 0.194665 -0.233742
0.503713 -0.013980 -0.188760
0.654692 0.075321 0.097017
0.314284 -0.170670 -0.273807
0.418160 -0.056269 0.055498
0.370280 0.164055 -0.152262
0.175213 -0.173138 -0.174267
-0.341142 -0.076750 0.013178
1.587272 -0.016706 -0.247452
-0.563865 0.060543 0.020430
0.425389 -0.211310 -0.277027
0.040412 0.039151 -0.384119
0.619902 -0.066210 -0.313658
1.041969 -0.036406 -0.308581
-0.194392 0.173558 -0.189134
1.318282 0.033845 -0.332165
-0.401640 -0.108689 -0.043129
0.933452 0.075358 -0.202937
0.105420 -0.026762 0.119656
-0.310890 -0.012637 0.077350
1.016495 -0.031733 -0.169189
1.308381 -0.104565 -0.188553
-0.119151 -0.181357 -0.025566
0.687825 0.154200 -0.356896
0.764347 -0.015794 -0.035409
-0.168425 0.019331 -0.423540
-0.301306 0.054476 -0.000371
-0.086117 0.246897 -0.016508
0.826141 -0.054239 -0.381865
0.313494 0.092016 0.044391
0.477120 -0.077748 -0.337715
0.463000 0.159203 -0.325526
-0.183786 0.214453 -0.129235
-0.098861 0.241226 -0.262178
0.477611 0.037483 -0.048173
0.396047 0.110146 -0.425227
-0.435389 0.162220 0.003360
0.319640 -0.090827 -0.388558
0.727881 -0.168496 0.011668
0.617536 0.046481 -0.070565
1.143825 0.021206 -0.191382
-0.668040 -0.002433 -0.421421
0.117088 -0.074883 0.035499
0.913367 0.050711 -0.186747
1.041489 0.006863 -0.374831
-0.316686 0.185161 -0.362174
0.636905 -0.084263 -0.063336
0.416242 -0.096293 0.056933
0.158676 -0.010369 -0.334327
0.822094 0.047198 -0.187501
0.817327 -0.060764 -0.290986
0.661301 0.074323 -0.131009
0.628149 0.078265 -0.303271
0.390297 0.077127 -0.144203
0.781757 -0.112767 -0.153878
-0.435980 -0.031741 -0.333785
0.920703 0.025923 -0.231697
0.124596 -0.065771 -0.315067
-0.120565 0.149677 -0.246480
0.804391 -0.011354 -0.197190
-0.394679 0.003505 -0.467844
0.644622 0.044660 0.114439
0.802318 -0.051019 -0.081423
-0.174456 0.113136 -0.011779
-0.283294 -0.127297 -0.357417
0.165243 0.220579 -0.189472
1.042701 -0.049979 -0.388974
-0.214511 0.184082 -0.308006
-0.134342 -0.045906 0.088366
-0.053872 0.055025 -0.315082
0.463724 0.052040 0.038452
0.591165 -0.077010 -0.025656
-0.328695 -0.097192 -0.357342
-0.020408 -0.002633 0.043416
-0.296891 0.200664 -0.146169
0.314608 0.206606 -0.237171
1.277776 -0.016644 -0.127501
0.939533 0.149126 -0.321543
0.521708 0.031041 -0.207113
0.088376 0.052145 -0.462810
-0.119994 -0.063538 -0.447559
0.102788 0.032836 0.017359
0.638131 0.046219 -0.162701
-0.360675 0.212347 -0.147140
1.602741 -0.077587 -0.328100
-0.235353 -0.126132 -0.004997
-0.628677 -0.110295 -0.444885
1.427747 0.042636 -0.457385
1.002618 -0.000904 -0.263854
0.524213 -0.045619 -0.071927
0.443405 0.077241 -0.339421
0.969003 0.093770 -0.373257
0.775563 0.020970 -0.206728
0.223005 0.110502 -0.282703
0.899408 0.057400 -0.221356
-0.106116 -0.112433 -0.385000
1.035204 -0.004842 -0.238513
-0.036735 -0.004405 0.009039
-0.162598 0.007621 0.036457
0.487326 0.113932 -0.207059
0.778630 0.014703 -0.400409
0.264143 0.180165 -0.151782
1.142568 0.016002 -0.136519
1.119957 -0.034257 -0.312967
0.084441 -0.243560 -0.103061
0.601659 -0.097507 0.040155
1.178112 0.021477 -0.220546
0.023135 0.208711 -0.192660
0.543300 0.176624 -0.184685
1.273142 0.070781 -0.258837
0.277018 -0.100474 -0.068108
0.632555 -0.138395 -0.135139
1.725327 0.041102 -0.290297
-0.360267 0.079249 -0.341219
0.737604 -0.052751 -0.088841
0.117403 0.047049 -0.354136
-0.084498 0.156314 -0.504019
0.655203 0.177012 -0.256678
0.946944 -0.105328 -0.360667
0.209004 0.223163 -0.397485
-0.387772 -0.023325 0.029267
0.718141 -0.136102 -0.153335
0.897549 -0.141775 -0.200645
0.433201 -0.204659 -0.138241
-0.094239 -0.181648 -0.174354
1.450173 0.158826 -0.352482
1.368640 -0.062616 -0.111955
-0.031897 0.191615 -0.117014
0.942836 0.073696 -0.211098
-0.106331 0.008845 0.094947
1.117711 -0.069054 -0.183971
0.933786 0.047232 -0.066978
-0.169207 0.011566 -0.282625
0.642864 -0.017271 -0.097831
-0.102107 -0.039902 0.075182
1.430933 -0.038006 -0.272022
0.677061 0.104334 -0.234872
0.776315 0.091013 -0.261587
0.661965 0.121665 -0.235813
0.717475 0.074488 -0.052261
-0.300895 0.117772 -0.062678
-0.135127 -0.125268 -0.276912
-0.125347 0.161080 -0.284771
0.711157 -0.003313 -0.223017
-0.136939 0.056845 -0.389416
1.127920 0.027697 -0.148989
-0.302339 0.102227 -0.437768
-0.126924 0.047513 -0.030197
-0.530922 0.083123 -0.487911
0.014155 -0.102602 -0.039377
-0.434181 -0.049950 0.095916
0.874418 -0.087300 -0.065926
0.089843 -0.142606 -0.282912
-0.599159 0.024219 -0.485257
1.137267 -0.067374 -0.087503
0.244039 -0.064973 -0.199837
0.898038 0.125661 -0.054429
1.035988 0.083514 -0.355428
-0.357185 -0.187053 -0.085028
-0.228709 -0.002207 -0.362573
-0.043444 -0.016903 -0.358866
0.736892 0.087353 -0.233382
-0.149234 -0.166418 -0.045464
-0.004194 0.216695 -0.029609
-0.466892 -0.141232 -0.182734
-0.310061 0.108366 -0.232719
0.129249 0.115901 -0.375193
-0.212846 -0.075034 0.053168
0.305442 -0.182863 -0.098114
1.651091 -0.006672 -0.182131
-0.467801 -0.179034 -0.408968
0.287227 0.042050 -0.053086
-0.342350 0.148826 -0.068016
0.989933 -0.039004 0.023845
-0.182570 -0.123047 -0.315942
-0.518906 -0.241817 -0.216704
-0.371027 -0.191849 -0.384495
0.804715 -0.042890 -0.157306
-0.243611 -0.153465 -0.268391
-0.108729 0.147031 -0.205082
0.426586 0.084712 -0.255979
-0.112020 -0.161148 -0.005116
-0.154663 -0.250567 -0.153462
-0.203601 -0.177185 0.146888
-0.211567 -0.129334 -0.283140
-0.172278 -0.125778 0.254680
-0.244870 -0.154112 -0.157779
-0.306748 -0.117387 0.243639
-0.316852 -0.108118 -0.368777
-0.373146 -0.031984 0.354838
-0.527095 -0.086521 -0.333636
-0.587389 -0.015380 0.295386
-0.623320 -0.113005 -0.608134
-0.707575 -0.025595 0.548812
-0.880971 -0.163657 -0.404497
-0.953186 -0.058293 0.356914
-0.942206 -0.111515 -0.679157
-0.941170 0.062856 0.485482
-1.035187 -0.025968 -0.522095
-0.996465 0.131735 0.225245
-0.873330 0.021332 -0.701059
-0.782712 0.154609 0.436741
-0.825769 0.092698 -0.419041
-0.743156 0.195082 0.091120
-0.577590 0.155352 -0.605595
-0.450924 0.204335 0.294593
-0.436474 0.167551 -0.272322
-0.352638 0.167984 0.056255
-0.195486 0.128896 -0.415961
-0.106613 0.145332 0.292697
-0.105259 0.121662 -0.148146
-0.076286 0.164073 0.228356
0.001230 0.222573 -0.212094
0.050481 0.324325 0.081572
-0.446984 -0.189081 -0.179011
-0.523719 -0.171172 0.004135
-0.614064 -0.235771 -0.031418
-0.550735 -0.198763 0.156618
-0.578444 -0.170650 -0.203918
-0.580126 -0.100831 0.263024
-0.646853 -0.133432 -0.041060
-0.671484 -0.070483 0.218364
-0.792785 -0.118184 -0.253712
-0.891587 -0.031945 0.299456
-1.048073 -0.160665 -0.115374
-1.127408 -0.067776 0.212069
-1.212467 -0.181458 -0.404631
-1.308017 -0.030011 0.434526
-1.356221 -0.143772 -0.202605
-1.368342 0.017238 0.204201
-1.272964 -0.014330 -0.517769
-1.225359 0.091802 0.336651
-1.154584 -0.020693 -0.325639
-1.091545 0.060666 0.140025
-0.971369 0.038901 -0.546874
-0.897253 0.100923 0.325843
-0.781260 0.005018 -0.176557
-0.591084 0.036820 0.163737
-0.432657 0.040320 -0.391804
-0.320144 0.046850 0.363443
-0.354198 -0.046742 0.073759
-0.237761 -0.027719 0.295439
-0.182243 0.023094 -0.188288
-0.107290 0.003985 0.347414
-0.102198 0.037947 0.288757
-0.006509 0.148012 0.314704
-0.525630 -0.157109 0.022787
-0.702043 -0.163402 0.079030
-0.760121 -0.216033 -0.074541
-0.669708 -0.156952 0.088060
-0.714424 -0.194940 0.026640
-0.682810 -0.153715 -0.029847
-0.846340 -0.178417 -0.051378
-0.855767 -0.087476 0.020585
-1.109226 -0.108407 0.118848
-1.073764 -0.040174 -0.097372
-1.337858 -0.115353 -0.054749
-1.354348 -0.046520 0.005696
-1.658327 -0.102290 0.153510
-1.682628 -0.042249 -0.098160
-1.996690 -0.083247 -0.115031
-1.954774 0.054266 0.119813
-2.020790 0.040130 0.023077
-1.745238 0.125785 -0.036124
-1.627532 0.115074 -0.292306
-1.411868 0.238552 0.053023
-1.358033 0.222331 -0.102637
-1.176206 0.270059 -0.114430
-1.113004 0.230325 -0.353991
-0.972607 0.298979 -0.032531
-0.942930 0.258998 -0.116105
-0.682146 0.229100 -0.101444
-0.642438 0.205825 -0.293845
-0.515528 0.229832 0.051273
-0.555189 0.209905 0.040038
-0.461226 0.207295 0.115888
-0.513866 0.183640 -0.025960
-0.250068 0.267399 -0.095134
-0.494947 -0.156935 -0.139859
-0.668077 -0.197784 -0.015323
-0.726092 -0.204825 0.011711
-0.680752 -0.205821 -0.009313
-0.695453 -0.210161 -0.068372
-0.752664 -0.197321 0.053037
-0.872289 -0.248533 -0.008904
-0.935955 -0.232551 0.029285
-1.078122 -0.265675 -0.148630
-1.195957 -0.225060 0.092540
-1.331361 -0.248440 0.023473
-1.433316 -0.222555 -0.033866
-1.593290 -0.195947 -0.182930
-1.738431 -0.121659 0.132035
-1.819057 -0.101370 -0.032605
-1.902460 -0.018294 -0.042564
-1.716972 0.022407 -0.320957
-1.611869 0.113661 0.180230
-1.396029 0.058888 -0.212805
-1.272561 0.133365 0.006152
-1.106658 0.165029 -0.408020
-1.013380 0.248033 0.134899
-0.925040 0.207305 -0.242006
-0.815813 0.230142 0.004831
-0.686445 0.227623 -0.447786
-0.567616 0.228383 0.204939
-0.505848 0.220289 -0.117475
-0.424576 0.179951 0.192885
-0.381122 0.231867 -0.221520
-0.328406 0.174317 0.272699
-0.255244 0.212407 0.135471
-0.139260 0.248996 0.296736
-0.430030 -0.174838 -0.031943
-0.570250 -0.155109 0.070461
-0.603546 -0.177186 -0.108943
-0.565903 -0.183270 -0.008594
-0.624962 -0.209005 -0.029047
-0.687658 -0.238949 -0.101006
-0.864266 -0.245354 -0.034507
-0.922967 -0.249542 -0.023217
-1.089444 -0.232083 0.065455
-1.086527 -0.226829 -0.053397
-1.288984 -0.209127 -0.142348
-1.395041 -0.182759 0.049348
-1.658331 -0.122480 -0.053939
-1.736855 -0.098740 0.027082
-2.034094 0.003740 -0.307322
-2.054452 0.062741 0.238846
-2.070759 0.149125 -0.122754
-1.788807 0.153038 0.042899
-1.627237 0.279799 -0.280185
-1.456385 0.330021 0.007130
-1.366365 0.409415 -0.091976
-1.235949 0.387722 -0.070586
-1.208269 0.428741 -0.271365
-1.070633 0.411658 -0.123795
-0.959074 0.402771 -0.092239
-0.807968 0.320576 -0.038783
-0.689818 0.351951 -0.192068
-0.552845 0.348880 -0.075122
-0.441712 0.342185 -0.038897
-0.450314 0.286529 0.087613
-0.442401 0.275863 0.043593
-0.256942 0.308961 0.010861
-0.379720 -0.175722 -0.164433
-0.509872 -0.157596 -0.026357
-0.551544 -0.171376 0.000152
-0.533433 -0.193982 -0.029280
-0.585640 -0.209266 -0.050018
-0.672377 -0.254651 0.016607
-0.791340 -0.312333 -0.000398
-0.886506 -0.380586 0.016535
-0.984541 -0.388389 -0.186965
-1.072470 -0.371126 0.168077
-1.191406 -0.357071 -0.139455
-1.325822 -0.310760 0.080315
-1.479329 -0.250668 -0.438130
-1.595810 -0.108473 0.286836
-1.722388 -0.077511 -0.272166
-1.853174 0.021361 0.134273
-1.741264 0.071682 -0.398187
-1.641571 0.153834 0.291609
-1.412232 0.180061 -0.255146
-1.273517 0.246980 0.112008
-1.120368 0.297843 -0.341905
-1.078305 0.362147 0.122338
-0.995902 0.364535 -0.243498
-0.888494 0.353601 0.000852
-0.748394 0.325767 -0.291377
-0.661237 0.314820 0.104580
-0.561656 0.302522 -0.096728
-0.465814 0.273610 0.092389
-0.356783 0.304913 -0.115485
-0.334773 0.261096 0.128537
-0.204972 0.281744 0.204036
-0.163604 0.296285 0.232428
-0.377151 -0.142366 -0.079135
-0.474678 -0.104388 0.050742
-0.488128 -0.115157 -0.133663
-0.413910 -0.142011 0.048508
-0.498932 -0.163475 -0.088931
-0.552467 -0.219470 -0.074313
-0.663377 -0.253307 -0.184723
-0.710093 -0.279280 0.108171
-0.869286 -0.272244 -0.158646
-0.912298 -0.267667 0.134671
-1.070408 -0.272329 -0.391635
-1.174492 -0.209663 0.354390
-1.385959 -0.129803 -0.350544
-1.508916 -0.068461 0.286076
-1.669964 -0.033473 -0.597044
-1.716614 0.035302 0.490419
-1.736041 0.124730 -0.405828
-1.615468 0.149760 0.221097
-1.446276 0.219864 -0.620497
-1.298616 0.284111 0.270548
-1.279402 0.383853 -0.386166
-1.216776 0.394948 0.029061
-1.169667 0.382351 -0.584814
-1.075256 0.371953 0.123895
-1.042243 0.399222 -0.327411
-0.857889 0.336787 -0.069839
-0.734555 0.365694 -0.473335
-0.582551 0.355359 -0.048077
-0.531254 0.386072 -0.117584
-0.496043 0.298474 -0.022740
-0.479687 0.278996 0.015462
-0.317589 0.280293 -0.051008
-0.296453 -0.103196 -0.178442
-0.407516 -0.067262 0.000726
-0.430274 -0.077497 -0.062640
-0.390082 -0.114260 0.000697
-0.390380 -0.122464 -0.171903
-0.420901 -0.173389 0.067041
-0.542730 -0.240529 -0.149808
-0.603015 -0.302749 0.062427
-0.656464 -0.289011 -0.407399
-0.738672 -0.268297 0.358582
-0.900316 -0.286053 -0.427157
-1.057865 -0.240775 0.353832
-1.153797 -0.207129 -0.732078
-1.208296 -0.103489 0.578210
-1.255168 -0.101768 -0.562063
-1.393351 0.003735 0.397140
-1.343387 0.052297 -0.806639
-1.318226 0.159545 0.542395
-1.132228 0.168337 -0.535000
-1.060061 0.228346 0.341019
-0.929441 0.277242 -0.702241
-0.879674 0.325230 0.307715
-0.838878 0.242448 -0.447998
-0.783778 0.276414 0.075146
-0.686001 0.305762 -0.615661
-0.613821 0.328892 0.110165
-0.556837 0.274362 -0.306709
-0.468695 0.278828 0.054984
-0.401440 0.281877 -0.325650
-0.401174 0.253513 0.105870
-0.309277 0.237663 0.037080
-0.215923 0.248101 0.166552
-0.329496 -0.080934 -0.070906
-0.405806 -0.023932 0.051412
-0.379166 -0.018525 -0.132683
-0.287876 -0.035823 0.005875
-0.310648 -0.079456 -0.096487
-0.325713 -0.130310 -0.084886
-0.381585 -0.176440 -0.216496
-0.487938 -0.208945 0.025878
-0.649313 -0.205589 -0.236214
-0.682625 -0.195488 0.142557
-0.810447 -0.186399 -0.410136
-0.920861 -0.144498 0.306958
-1.084221 -0.119960 -0.318154
-1.106394 -0.072584 0.362330
-1.205306 -0.060996 -0.567099
-1.266165 0.014327 0.420642
-1.317453 0.086679 -0.360417
-1.229927 0.116432 0.271890
-1.149940 0.160528 -0.581537
-1.056175 0.210361 0.182867
-0.970403 0.264698 -0.406570
-0.892957 0.254720 0.046366
-0.939797 0.269953 -0.603058
-0.894107 0.271221 -0.026479
-0.853860 0.290163 -0.350956
-0.717651 0.263434 -0.008281
-0.646536 0.285674 -0.422465
-0.530322 0.308920 -0.111483
-0.486615 0.324238 -0.191300
-0.469824 0.253593 0.000576
-0.462633 0.217775 -0.037044
-0.296337 0.209275 -0.069665
-0.259560 -0.037301 -0.180560
-0.345536 0.012875 0.019971
-0.325017 -0.001692 -0.030279
-0.249683 -0.040781 0.043155
-0.221016 -0.054460 -0.100421
-0.187359 -0.120527 0.076175
-0.234685 -0.172136 -0.119970
-0.316197 -0.226588 0.085190
-0.437655 -0.240809 -0.357902
-0.526338 -0.217064 0.304029
-0.598235 -0.220527 -0.411608
-0.693508 -0.187465 0.296441
-0.768327 -0.213477 -0.738371
-0.875912 -0.144653 0.565967
-0.879381 -0.110283 -0.559632
-0.968241 -0.030592 0.378981
-0.919071 0.032817 -0.770052
-0.935066 0.104942 0.560721
-0.799471 0.143527 -0.504611
-0.731380 0.135263 0.251179
-0.626442 0.157602 -0.552841
-0.581302 0.140901 0.262191
-0.595171 0.135059 -0.400356
-0.556010 0.121893 -0.038445
-0.545889 0.147339 -0.580715
-0.489885 0.161698 0.018140
-0.485367 0.170934 -0.297158
-0.427434 0.166111 -0.101752
-0.394633 0.159517 -0.322190
-0.395376 0.142401 -0.008833
-0.366353 0.145545 0.012703
-0.251486 0.178258 0.046847
-0.300464 -0.031471 -0.076846
-0.398324 0.017036 0.002411
-0.386980 0.028921 -0.126208
-0.279077 0.002034 -0.008340
-0.250472 -0.005134 -0.088484
-0.216430 -0.074542 -0.086627
-0.230746 -0.137236 -0.273640
-0.292567 -0.161433 0.156264
-0.443900 -0.156420 -0.257442
-0.487643 -0.114751 0.189887
-0.598159 -0.151570 -0.564818
-0.614694 -0.104867 0.512732
-0.773732 -0.107371 -0.429492
-0.790052 -0.046082 0.339120
-0.856503 -0.079400 -0.753612
-0.863468 -0.025980 0.631204
-0.926877 0.056523 -0.552499
-0.763789 0.109761 0.310620
-0.631162 0.115051 -0.922320
-0.538175 0.111231 0.558268
-0.603105 0.171589 -0.659496
-0.562768 0.165277 0.047025
-0.594173 0.194215 -1.104009
-0.520008 0.142678 0.242543
-0.605607 0.206801 -0.650883
-0.487869 0.181580 0.000453
-0.426896 0.221904 -0.786585
-0.282329 0.233308 0.003704
-0.305298 0.264900 -0.283150
-0.311199 0.175473 -0.038636
-0.280685 0.169346 -0.122559
-0.173816 0.191008 -0.089517
-0.294767 -0.012838 -0.174590
-0.417897 0.066563 0.032681
-0.404907 0.065515 -0.058777
-0.341414 0.038338 0.002376
-0.288011 0.030307 -0.147370
-0.260025 -0.028352 0.065090
-0.280560 -0.091938 -0.153262
-0.276712 -0.133736 0.047489
-0.291220 -0.172682 -0.531481
-0.304187 -0.120551 0.443964
-0.397569 -0.173700 -0.495555
-0.434101 -0.098827 0.379112
-0.447871 -0.182112 -0.941133
-0.508281 -0.094441 0.807705
-0.570291 -0.137384 -0.611417
-0.647573 -0.059406 0.482146
-0.558322 -0.013323 -1.251482
-0.447746 0.079330 1.046800
-0.302516 0.066881 -0.772646
-0.216878 0.070482 0.609517
-0.222194 0.170197 -1.189483
-0.172662 0.127976 0.717627
-0.225469 0.098807 -0.673026
-0.197819 0.083100 0.341024
-0.268140 0.106182 -1.075396
-0.183634 0.126875 0.309298
-0.236828 0.074142 -0.496287
-0.199212 0.091646 0.196823
-0.245344 0.099221 -0.378128
-0.268141 0.089508 0.057462
-0.254165 0.088987 -0.042105
-0.118478 0.144614 -0.011544
-0.397527 -0.005059 -0.071531
-0.499634 0.063755 0.052395
-0.488962 0.062252 -0.058108
-0.384190 0.070834 0.015560
-0.362268 0.050402 0.009410
-0.302410 0.026560 -0.115043
-0.263746 -0.023632 -0.110738
-0.246700 -0.043996 0.033662
-0.333715 -0.070231 -0.044222
-0.324484 -0.047687 0.060349
-0.361721 -0.059009 -0.258582
-0.334702 -0.008129 0.271634
-0.478752 -0.068887 -0.187651
-0.484888 -0.037283 0.201294
-0.610112 -0.099398 -0.394539
-0.606128 -0.033958 0.321029
-0.640533 0.027674 -0.102767
-0.467820 0.063487 0.227789
-0.314370 0.042419 -0.429290
-0.205562 0.084012 0.187567
-0.228210 0.066813 -0.172668
-0.260726 0.132483 0.238168
-0.365920 0.092249 -0.614260
-0.282834 0.075425 0.102957
-0.277922 0.071584 -0.315585
-0.205974 0.096046 0.292714
-0.219481 0.098945 -0.470841
-0.081953 0.180122 0.141764
-0.087638 0.212620 -0.394928
-0.084907 0.197952 -0.003200
-0.111290 0.190486 -0.035589
-0.029684 0.197618 -0.013771
-0.335106 0.014609 -0.130380
-0.465292 0.092359 0.058609
-0.438568 0.081160 -0.002600
-0.378507 0.064844 0.024827
-0.307285 0.059759 -0.036836
-0.264485 0.018696 0.023657
-0.224232 -0.033089 0.038421
-0.170691 -0.103757 -0.048219
-0.170791 -0.110437 -0.082151
-0.083676 -0.097300 0.175078
-0.060756 -0.066837 -0.094918
0.011947 -0.045246 0.156417
-0.051186 -0.102072 -0.389665
-0.174707 -0.073332 0.435904
-0.248279 -0.089762 -0.186232
-0.347585 -0.075808 0.096717
-0.324663 -0.031591 -0.426370
-0.290140 0.046534 0.576281
-0.152410 0.073430 -0.091179
-0.051126 0.044373 0.079203
-0.088280 0.073985 -0.338823
-0.114051 0.040564 0.161566
-0.155566 0.043198 -0.081314
-0.112100 -0.038019 0.022349
-0.044938 -0.014961 -0.410345
0.005971 -0.033668 0.197882
0.014285 -0.004946 -0.263156
0.043634 0.019918 0.081039
0.015724 0.104756 -0.121954
0.023769 0.082508 0.030359
0.011323 0.116364 0.072392
0.080170 0.154378 0.054174
-0.403338 0.026046 -0.076455
-0.518631 0.094169 0.005290
-0.482545 0.114431 -0.085639
-0.375828 0.089530 0.045772
-0.359949 0.080130 -0.005615
-0.310229 0.032295 0.002310
-0.265927 -0.000982 -0.086503
-0.172618 -0.040335 0.071279
-0.148255 -0.022994 -0.075327
-0.076300 -0.048563 0.083700
-0.051947 -0.043431 -0.254141
0.034758 -0.021250 0.297033
-0.041292 -0.018035 -0.174052
-0.149476 -0.042078 0.122180
-0.305382 -0.039582 -0.365001
-0.341405 -0.037107 0.420633
-0.405805 0.043271 -0.087502
-0.224972 0.037225 0.119278
-0.076105 0.057600 -0.381007
0.084669 0.068347 0.180642
0.001557 0.081409 -0.110165
-0.033027 0.076028 0.059564
-0.085755 0.105576 -0.540356
-0.022978 0.030295 0.145252
-0.051773 0.025514 -0.221576
-0.001135 -0.003855 0.214161
-0.021394 0.070032 -0.501622
0.036958 0.116880 0.190056
0.029294 0.179798 -0.199282
0.049934 0.144164 0.144653
0.053973 0.145982 -0.012383
0.076123 0.189484 -0.000729
-0.273121 0.015703 -0.157106
-0.391165 0.104987 0.049067
-0.361741 0.093116 -0.024848
-0.305892 0.065795 0.020141
-0.252175 0.061372 -0.063919
-0.214786 0.020885 0.079188
-0.151566 -0.014509 0.003237
-0.091764 -0.098547 0.056198
-0.022610 -0.091457 -0.192115
0.067176 -0.095420 0.361666
0.157643 -0.071837 -0.112783
0.199803 -0.044293 0.226373
0.216072 -0.066000 -0.548716
0.127638 0.003869 0.592681
0.082324 -0.036307 -0.267495
-0.084987 0.013900 0.238523
-0.113726 0.065669 -0.649170
-0.102146 0.126529 0.707199
0.000218 0.119888 -0.076315
0.104945 0.081664 0.177449
0.157790 0.114838 -0.385126
0.152263 0.065549 0.319526
0.205298 0.028321 -0.118352
0.188173 -0.049784 0.152028
0.236951 -0.042324 -0.408700
0.189888 -0.050836 0.189096
0.172822 -0.001916 -0.114605
0.101224 0.044267 0.141301
0.042315 0.146217 -0.064742
0.002123 0.141577 0.077171
0.033355 0.152959 0.057654
0.103198 0.180967 0.081254
-0.398356 0.022898 -0.071552
-0.484454 0.097999 0.051013
-0.438717 0.127089 -0.010248
-0.336723 0.112312 0.038608
-0.305924 0.089171 -0.005169
-0.233611 0.031008 0.002885
-0.155285 -0.043697 -0.018041
-0.071227 -0.083399 0.161948
0.021360 -0.119052 0.000741
0.181419 -0.094217 0.152213
0.274324 -0.094646 -0.154559
0.376058 -0.030931 0.233554
0.377568 -0.056050 -0.130115
0.331296 0.016905 0.231853
0.203986 -0.045088 -0.181127
0.120009 0.043819 0.305138
0.138195 0.054135 -0.109897
0.219073 0.080406 0.220730
0.287210 0.047541 -0.207594
0.336373 0.079626 0.168236
0.288417 0.063412 -0.154327
0.279634 0.077249 0.167309
0.209161 0.038636 -0.299701
0.282227 0.007226 0.164185
0.247111 -0.042791 -0.124400
0.280520 -0.048436 0.170073
0.201640 -0.043184 -0.135621
0.219136 0.053558 0.109036
0.108350 0.094265 -0.114783
0.068766 0.137087 0.021440
0.073930 0.113199 0.117685
0.127437 0.188579 0.042601
-0.283267 0.018709 -0.120958
-0.383619 0.100917 0.102589
-0.311713 0.080262 0.025956
-0.216851 0.058636 0.032543
-0.100175 0.041012 -0.015784
-0.058465 -0.010140 0.078429
0.040259 -0.072257 0.119802
0.145361 -0.142926 0.048875
0.222053 -0.149223 0.033181
0.311927 -0.126071 0.161543
0.424864 -0.099187 0.061237
0.515255 -0.058985 0.108579
0.628299 -0.048665 -0.073253
0.603087 0.008264 0.264289
0.640272 0.017251 -0.127793
0.469875 0.101128 0.087844
0.462679 0.099092 -0.168900
0.337329 0.134317 0.233414
0.409722 0.106041 -0.119587
0.372240 0.112612 0.092000
0.416633 0.090588 -0.100555
0.357172 0.039734 0.090540
0.400669 0.021516 -0.072396
0.436215 -0.020119 0.094435
0.507849 -0.028671 -0.073296
0.495902 -0.042901 0.051379
0.436831 -0.001248 0.006225
0.339613 0.043391 -0.039571
0.248628 0.087843 0.065802
0.130064 0.067763 -0.051069
0.071331 0.136565 0.262679
0.114000 0.160158 0.024152
-0.390087 0.040794 -0.078146
-0.462923 0.115395 0.024286
-0.382634 0.127137 -0.090527
-0.228478 0.110669 0.059247
-0.144901 0.084232 -0.003476
-0.045188 0.022568 0.044153
0.045594 -0.031017 0.026586
0.227508 -0.088332 0.077396
0.332999 -0.114154 0.059564
0.459711 -0.139750 0.114499
0.524679 -0.111677 -0.009623
0.708378 -0.060190 0.067040
0.765192 -0.053163 0.076288
0.791370 -0.037597 0.133204
0.730676 -0.024809 -0.089520
0.757150 0.056666 0.152225
0.668682 0.036073 0.062459
0.629975 0.058121 0.190593
0.601787 0.038329 -0.105031
0.651587 0.060016 0.036826
0.564429 0.026657 0.016796
0.527660 0.045779 0.124357
0.475275 0.017124 -0.127520
0.620185 0.008626 0.100044
0.520214 -0.031023 0.050130
0.559760 -0.005232 0.111395
0.487059 0.008483 -0.103188
0.527842 0.063693 0.050268
0.328499 0.044795 0.102150
0.291599 0.048956 -0.016542
0.297124 0.053398 0.096037
0.281836 0.162898 -0.050378
-0.193938 0.038438 -0.101570
-0.277996 0.098232 0.078408
-0.200115 0.075154 0.072992
-0.089747 0.023578 0.063812
0.031071 0.019385 0.044197
0.098577 -0.003000 0.146350
0.262850 0.017013 0.133928
0.436645 -0.072370 0.061188
0.522970 -0.063399 0.088158
0.658869 -0.105700 0.196841
0.836738 -0.107371 0.113460
1.036783 -0.108210 0.082704
1.115749 -0.057636 -0.008276
1.123689 -0.029141 0.246038
1.160553 -0.046657 0.034146
1.163899 0.034192 0.142108
1.051541 0.014024 -0.164110
0.876848 0.057285 0.253450
0.858937 0.026628 -0.013517
0.892554 0.065961 0.172876
0.835870 0.052911 -0.049820
0.689106 0.048494 0.144821
0.683427 0.034548 0.080457
0.673454 0.048425 0.110478
0.664995 0.048868 -0.040288
0.619485 0.066392 0.140023
0.613236 0.062803 0.127353
0.520627 0.070113 0.019228
0.413636 0.086696 0.092578
0.257012 0.041239 -0.008917
0.233299 0.094415 0.231932
0.252638 0.169055 0.007177
-0.271444 0.043420 -0.102263
-0.312888 0.119479 0.070975
-0.186575 0.129984 -0.047462
-0.010044 0.105405 0.019706
0.071083 0.096193 -0.049229
0.221887 0.066863 -0.054015
0.358816 0.065444 0.071885
0.603702 0.018645 0.046148
0.831329 -0.030627 -0.025052
1.033199 -0.046576 0.021982
1.112875 -0.033563 0.018561
1.240928 0.017300 0.163111
1.319437 0.015188 -0.101128
1.467570 0.049724 -0.017279
1.448711 0.064007 -0.004421
1.477106 0.121646 0.213155
1.473144 0.096664 -0.191665
1.465951 0.125480 0.041189
1.340688 0.130325 -0.045401
1.269963 0.143647 0.215644
1.204283 0.101359 -0.173280
1.180305 0.112005 -0.016124
1.020514 0.133723 0.007734
0.979322 0.144434 0.098808
0.857522 0.096201 -0.042895
0.828648 0.113134 0.046449
0.717945 0.131420 0.099117
0.668723 0.133323 0.045820
0.536981 0.117932 0.077285
0.459915 0.076879 -0.050335
0.328945 0.083415 0.135313
0.285350 0.176495 -0.009291
-0.062738 0.024992 -0.111548
-0.103706 0.126331 0.103201
-0.002275 0.121877 0.060333
0.136969 0.096801 -0.035460
0.284991 0.091573 0.025183
0.304996 0.071155 0.026721
0.457574 0.087794 0.082951
0.636329 0.073320 -0.022111
0.775033 0.023971 0.073331
0.901542 -0.017882 0.114856
1.118945 -0.045069 -0.042967
1.286426 -0.029905 0.070459
1.315871 -0.015546 0.064903
1.357919 -0.021577 0.285613
1.487429 -0.048727 -0.100594
1.536040 -0.005803 0.101606
1.453791 0.000936 0.079980
1.328818 0.023407 0.271200
1.338234 -0.009153 -0.046305
1.313375 0.019461 0.098103
1.188528 0.031226 0.052429
1.021723 0.045261 0.162929
0.976835 0.035017 -0.002134
0.879639 0.062590 0.030680
0.798323 0.082540 0.111496
0.675612 0.096764 0.053161
0.659670 0.111345 0.124381
0.579825 0.136136 -0.007148
0.553424 0.145807 0.122960
0.401667 0.078262 -0.001742
0.399005 0.112866 0.265772
0.324561 0.160814 0.105920
-0.142652 0.046439 -0.047595
-0.116364 0.140992 -0.005751
-0.009751 0.161349 -0.064490
0.225910 0.142531 -0.067045
0.337420 0.094557 0.018916
0.501782 0.096547 -0.121450
0.578619 0.104429 -0.065364
0.752757 0.098965 -0.033274
0.913719 0.037190 -0.062652
1.069326 0.031242 -0.060868
1.086306 0.029093 -0.147098
1.181284 0.070244 0.083705
1.271757 0.044343 -0.049942
1.381560 0.048747 0.010164
1.335204 -0.008443 -0.140376
1.369690 0.030077 0.123680
1.361452 0.020293 -0.009108
1.422968 0.066020 -0.004568
1.308508 0.042100 -0.093402
1.267440 0.058457 0.052575
1.191228 0.050505 0.002980
1.182199 0.089206 -0.066901
1.021959 0.074287 -0.071437
0.968065 0.096570 -0.015559
0.869648 0.098690 0.065051
0.931161 0.126293 -0.059038
0.813599 0.144389 -0.042441
0.764673 0.152106 -0.040487
0.577135 0.135281 0.152680
0.476361 0.072764 -0.048490
0.305338 0.073801 0.041859
0.263831 0.152996 -0.110546
0.054007 0.070057 -0.047695
-0.035893 0.206108 0.116848
0.055746 0.212685 0.052914
0.215921 0.163604 0.007354
0.397183 0.146831 -0.028170
0.489503 0.162648 0.005596
0.592924 0.183525 0.020977
0.666299 0.208772 -0.003976
0.779790 0.187497 -0.085256
0.845321 0.180719 0.035146
0.990250 0.170398 -0.042334
1.039922 0.176818 0.034658
1.085635 0.183008 -0.053767
1.088685 0.138785 0.119260
1.227107 0.113146 0.009026
1.206736 0.087603 0.061732
1.161411 0.135887 0.001451
1.058325 0.110164 0.203791
1.150847 0.130863 0.084682
1.071081 0.120534 0.075902
0.964555 0.158016 0.031226
0.813166 0.148485 0.116929
0.865492 0.161155 0.040609
0.791546 0.147612 0.016528
0.772771 0.184793 0.015808
0.696667 0.185505 0.082836
0.714399 0.189688 0.110867
0.646429 0.188004 0.009325
0.604222 0.207756 0.082788
0.522071 0.181859 0.117072
0.479425 0.182399 0.220072
0.409676 0.186397 0.112962
