0.805772 -0.259386 -0.521001
0.579041 -0.221451 -0.355778
0.605676 -0.274804 -0.043640
0.387391 0.070815 -0.169646
0.553683 -0.268964 0.317906
0.836843 0.207719 -0.082048
0.493344 -0.080912 0.408232
0.476625 0.252316 0.261509
0.941778 0.011487 -0.060891
0.388800 0.164894 0.085527
0.428347 0.113286 0.427072
0.566320 0.016206 0.346491
0.350155 0.189499 0.692639
0.570488 -0.003832 0.874086
0.283858 0.241322 0.495465
0.986590 -0.391080 -0.341125
0.475231 -0.265843 -0.528402
0.799119 -0.374192 -0.202189
0.471128 0.021986 0.148789
0.283924 0.152619 -0.326747
0.621446 -0.160051 0.274832
0.663762 0.206946 0.108975
0.642676 -0.062845 -0.222153
0.409219 -0.117775 -0.437996
0.404190 -0.055044 0.566835
0.697630 -0.105264 0.702054
0.264285 0.275898 0.111348
0.718637 -0.230509 0.180204
0.216747 0.082443 0.064049
0.544872 -0.237210 -0.262205
0.210549 0.068790 -0.457517
0.440226 -0.122825 -0.317388
0.554079 0.017943 -0.288393
0.509213 -0.164715 -0.358595
0.676767 -0.100996 -0.474244
0.548011 -0.007895 0.033984
0.933538 -0.288202 -0.177235
0.447796 -0.040254 -0.423848
0.591140 0.006657 0.607004
0.449206 -0.014347 -0.203267
0.477307 0.079840 0.325129
0.506753 0.116040 0.364202
0.514084 -0.278751 0.177057
0.320063 -0.294126 -0.603335
0.442527 -0.112991 -0.117896
0.393637 -0.288016 -0.352427
0.252199 -0.265659 0.225163
0.746600 0.085163 0.629602
0.337310 0.002880 -0.214509
0.847048 -0.140186 0.540208
0.997954 -0.265838 -0.069949
0.517105 -0.085835 -0.036181
0.443466 0.205453 0.327639
0.422901 -0.107826 0.747062
0.502029 -0.192113 0.329158
0.769166 -0.146538 0.312959
0.991511 -0.211619 -0.575331
0.522774 0.268821 0.349401
0.206216 0.044779 -0.309843
0.759813 -0.118673 -0.298094
0.366625 -0.135551 -0.577890
0.445823 0.153082 -0.360010
0.385475 -0.277239 -0.087698
0.486928 -0.320723 -0.118866
0.376935 -0.235245 -0.227643
0.633437 -0.200574 -0.599566
0.306001 0.210530 0.268575
0.500910 -0.025241 0.654492
0.501885 0.250908 0.525022
0.273444 0.070334 0.717738
0.599330 0.194233 0.414813
0.637548 -0.085012 -0.337944
0.357632 0.024167 0.479289
0.619836 -0.127807 0.440282
0.946929 0.097996 -0.573562
0.522307 -0.161159 -0.203235
0.631920 -0.085753 0.477983
0.463809 -0.229064 -0.333004
0.482173 -0.124629 0.487447
0.435261 0.274902 0.153720
0.448180 -0.259955 -0.241299
0.395404 -0.151717 0.280573
1.003130 -0.055134 -0.334590
0.145310 0.007501 0.486955
0.488690 -0.299725 -0.403924
0.335331 -0.161074 -0.467639
0.623482 -0.302870 -0.424653
0.690370 -0.228899 -0.434933
0.248356 0.191649 -0.016200
0.910269 -0.134669 -0.312127
0.209869 -0.173036 0.339342
0.744551 -0.350951 -0.028910
0.547470 0.119368 0.771289
0.352309 0.006246 0.397402
0.677567 -0.036780 0.441364
0.745891 -0.060376 0.524682
0.364726 -0.356887 -0.273012
0.706344 0.023984 -0.706395
0.569415 -0.274919 -0.195610
0.389927 -0.214976 -0.469276
0.385453 0.022505 0.258897
0.401561 0.232180 0.234432
0.700481 -0.167818 -0.373496
0.593100 -0.138903 0.630441
0.458251 -0.171824 -0.486051
0.677799 0.148595 -0.416783
0.390398 0.118173 0.206485
0.375363 0.259674 -0.000721
0.518847 -0.059718 0.458271
0.515901 -0.089391 -0.557709
0.186609 0.180601 0.206437
0.572401 -0.219528 -0.501304
0.549359 -0.168141 0.402816
0.585619 0.098919 0.314615
0.743808 -0.229589 -0.307350
0.276257 -0.125066 -0.299899
0.429688 -0.255123 0.409184
0.604491 -0.125279 -0.271668
0.751497 0.006200 -0.383963
0.285572 0.195148 -0.133518
0.598436 -0.229421 0.106752
0.553323 -0.310979 0.000502
0.546655 -0.361181 -0.707118
0.541609 0.032958 0.145903
0.603614 -0.171577 -0.102453
0.494521 0.114535 0.217824
0.480915 -0.074673 -0.299865
0.549091 0.103635 0.506942
0.598196 -0.399854 -0.291727
0.206557 0.003611 -0.210646
0.581887 -0.014990 -0.150761
0.385912 -0.398087 -0.522188
0.381945 0.079588 -0.019585
0.681587 0.161675 0.327245
0.208986 -0.220854 -0.610549
0.516771 -0.201450 0.541981
0.594483 0.147911 0.274905
0.417663 0.148029 0.295378
0.286231 -0.161969 -0.381515
0.570053 0.181695 -0.186361
0.863918 -0.298222 -0.823532
0.201458 0.122816 -0.235235
0.275257 -0.220020 0.429109
0.417605 -0.032204 -0.173939
0.552974 -0.036905 0.512547
0.532465 -0.159369 0.193197
0.367315 -0.065661 -0.282102
0.358622 -0.177298 0.561672
0.301108 0.119748 0.317384
0.465658 0.148105 0.159942
0.852232 -0.145638 -0.215206
0.691850 0.057406 -0.193622
0.476701 -0.079560 -0.223367
0.564886 -0.144039 -0.804202
0.406232 -0.230435 -0.718315
0.475293 0.040133 0.467803
0.564802 0.148710 0.289019
0.251223 0.089387 -0.102000
0.989772 -0.396902 -0.639873
0.319145 0.109334 0.559719
0.167054 -0.197284 -0.434943
0.978822 -0.075199 -0.803209
0.751424 -0.112320 -0.079347
0.491399 0.102992 0.566668
0.449032 -0.000530 -0.062083
0.606412 0.078910 -0.026390
0.652212 -0.178196 -0.289696
0.486574 0.026526 0.064569
0.643154 -0.061226 -0.048926
0.336853 -0.221971 -0.406570
0.710553 0.119142 0.354928
0.344615 0.153968 0.414059
0.444171 0.025775 0.577983
0.571572 0.243642 0.202043
0.582651 -0.149219 -0.468303
0.517523 0.173075 0.394428
0.700299 -0.009551 -0.009990
0.700860 -0.131515 -0.187764
0.349121 -0.348899 -0.117778
0.568873 -0.112899 0.332738
0.798714 0.064232 0.099894
0.408403 0.095907 0.114688
0.472255 0.156755 0.077639
0.811545 -0.034111 -0.225475
0.511403 -0.081871 0.305247
0.500732 -0.338203 -0.291120
0.991119 0.118935 -0.282045
0.320898 -0.056628 -0.392950
0.531530 -0.102597 0.539000
0.394232 -0.021015 -0.357177
0.344122 0.023838 -0.697133
0.559713 -0.057061 -0.147821
0.666080 -0.341958 -0.536486
0.502352 0.095610 -0.586631
0.172236 0.150244 0.538861
0.589565 -0.029811 0.363217
0.680528 -0.320165 -0.300827
0.505664 -0.323969 -0.132552
0.236636 -0.274496 -0.093937
0.818259 -0.089120 -0.493827
0.839923 0.107733 0.444711
0.485391 0.177337 -0.024671
0.608663 0.027996 0.389873
0.434525 0.035692 0.394995
0.773916 -0.370918 -0.385929
0.647616 0.191561 0.552001
0.311853 0.030537 -0.310296
0.550305 0.073661 0.386567
0.407122 -0.123390 0.445246
0.916677 -0.244009 -0.365748
0.554519 0.103154 0.069018
0.596567 0.136898 0.197879
0.512309 0.061569 -0.090511
0.577707 0.002060 0.486575
0.187696 0.255392 0.381532
0.326882 -0.327161 -0.447844
0.352871 -0.004310 -0.158689
0.577587 -0.021619 -0.424651
0.320546 0.105846 -0.494477
0.748929 0.068810 0.319663
0.223825 -0.014337 -0.633305
0.366160 0.286030 0.428102
0.186882 -0.016115 -0.372936
0.432889 -0.236120 0.140822
0.239454 -0.096763 0.610265
0.668543 -0.099961 0.373146
0.422405 -0.390757 -0.371173
0.190394 -0.088013 -0.528798
0.686358 -0.162840 0.439562
0.542881 -0.392523 -0.427773
0.653809 -0.026385 0.147749
0.746858 -0.154739 -0.496162
0.253995 -0.312617 -0.198235
0.334208 -0.079309 -0.287957
0.380141 -0.198166 -0.301411
0.520961 -0.106430 -0.388148
0.343374 -0.302186 0.068910
0.523308 0.111421 0.247023
0.190991 -0.106887 -0.130220
0.346572 -0.059495 -0.063972
0.481650 0.016885 -0.253225
0.383415 -0.219746 0.343645
0.443320 -0.383174 -0.223827
0.911045 0.184898 0.250375
0.230252 -0.256072 -0.369828
0.424547 0.170260 0.492873
0.139355 0.114950 0.325506
0.683572 -0.207115 -0.157671
0.340916 -0.155509 -0.214398
0.183679 -0.261774 -0.275654
0.212437 -0.289817 -0.497466
0.654312 -0.334524 -0.198282
0.276121 -0.377897 -0.350202
0.284682 0.299890 0.337905
0.427339 0.150021 -0.200235
0.249914 -0.118447 0.124646
0.256093 -0.150867 -0.634003
0.201747 -0.067302 -0.606857
0.117214 -0.162637 -0.479104
0.008311 -0.005046 -0.345028
-0.038736 -0.256578 -0.569933
-0.031246 -0.019567 -0.377893
0.087676 -0.271287 -0.618127
-0.006888 -0.218047 -0.014218
-0.131065 -0.612663 -0.263653
-0.058879 -0.588748 0.100836
-0.069311 -0.877054 -0.231521
-0.127166 -0.616875 0.154702
-0.305017 -0.664135 -0.139946
-0.180223 -0.326148 -0.237027
-0.129631 -0.337610 -0.515778
-0.059532 -0.255747 -0.345155
0.007634 -0.262276 -0.416964
0.061679 -0.226669 -0.289488
0.014731 -0.248510 -0.351469
-0.077003 -0.325624 -0.121601
-0.078253 -0.374984 -0.353234
-0.175929 -0.366905 0.067862
-0.134991 -0.484747 -0.437410
-0.321606 -0.484468 0.195292
-0.339149 -0.449293 -0.326270
-0.377951 -0.346729 0.052820
-0.271479 -0.469814 -0.351668
-0.416084 -0.423657 0.054490
-0.369341 -0.436336 -0.300047
-0.341069 -0.284179 0.018846
-0.114072 -0.383192 -0.038832
0.206940 -0.047947 -0.181088
0.120272 -0.573299 -0.719421
-0.165388 -0.788470 -0.348395
0.055065 -0.836928 -0.765008
-0.323297 -0.837220 -0.459608
-0.133636 -0.948823 -0.829649
-0.508290 -0.987527 -0.092610
-0.280858 -0.904863 -0.625372
-0.448483 -0.865604 -0.452075
-0.434637 -0.946846 -0.906130
-0.848832 -0.985841 0.127713
-0.938688 -1.082052 -0.239297
-0.988416 -1.352241 0.027606
-0.819756 -1.417997 -0.261067
-0.912082 -0.976918 0.457417
-0.474055 -0.681441 -0.190518
-0.510204 -0.570181 -0.026252
-0.293666 -0.506266 -0.370180
-0.411078 -0.609379 0.266613
-0.356478 -0.731200 -0.078886
-0.556080 -0.931942 0.175140
-0.486563 -0.975754 -0.053889
-0.721263 -0.887953 0.483843
-0.595179 -0.837541 -0.069594
-0.737671 -0.979164 0.369275
-0.495922 -1.162210 -0.067155
-0.834133 -1.115680 0.774870
-0.564281 -1.086399 0.188357
-0.864663 -1.153770 0.408066
-0.564511 -1.325917 0.201237
-0.945016 -1.325099 0.366480
-0.423905 -1.371240 0.185746
-0.244737 -0.852956 0.033559
-0.236793 -0.336973 -0.740794
-0.504449 -0.127009 -0.412318
-0.782810 -0.329919 -0.811011
-0.719593 -0.117858 -0.178170
-0.967518 -0.354984 -0.800811
-0.707614 -0.022709 -0.497443
-0.861640 -0.400227 -0.950855
-0.599428 -0.394310 0.036800
-1.239622 -0.923366 -0.449031
-0.986058 -0.834354 0.019569
-1.487348 -1.277840 -0.657927
-1.171579 -0.842938 0.245986
-1.434367 -1.176776 -0.174823
-1.019458 -0.546363 -0.421874
-0.736449 -0.505013 -1.284860
-0.545913 -0.208576 -0.562736
-0.690789 -0.387494 -1.080885
-0.736140 -0.219358 -0.782894
-0.786047 -0.308701 -1.282476
-1.039468 -0.301491 -0.619293
-1.132648 -0.480873 -1.062902
-1.347770 -0.214176 -0.370135
-1.220696 -0.329987 -1.382249
-1.475696 -0.427901 -0.258392
-1.432734 -0.279835 -1.172182
-1.641893 -0.266912 -0.416191
-1.426438 -0.175507 -1.332056
-1.714358 -0.407293 -0.337189
-1.615282 -0.090108 -1.098152
-1.633000 -0.186221 -0.245804
-1.253843 0.021785 -0.605351
-0.457628 0.330060 -0.449000
0.012548 -0.643322 -0.717334
-0.367072 -0.853555 -0.234329
-0.289427 -1.139706 -0.643817
-0.461253 -0.942975 -0.374327
-0.362608 -1.136263 -0.789628
-0.658443 -1.123452 0.092434
-0.568688 -1.104827 -0.668428
-0.794054 -1.062900 -0.569737
-0.973234 -1.158866 -1.015478
-1.481489 -1.083299 0.083905
-1.521149 -1.185719 -0.560667
-1.846108 -0.916531 -0.098247
-1.627002 -1.179365 -0.551886
-1.618366 -0.525989 1.007372
-1.033424 -0.980719 0.350688
-0.700567 -0.629459 0.610856
-0.582545 -0.873392 -0.031157
-0.641231 -0.439360 0.966151
-0.597302 -0.942715 0.492748
-0.667266 -0.867287 0.633236
-0.614692 -1.018841 0.096210
-0.906913 -0.735845 0.865168
-0.761424 -0.801451 0.226688
-0.928972 -0.878813 0.671433
-0.661425 -1.046705 -0.041295
-1.067833 -0.764561 1.067039
-0.853970 -0.914498 0.408091
-1.215661 -0.951742 0.755612
-0.985999 -1.199451 0.105793
-1.251013 -1.117192 0.658173
-0.683174 -1.197398 0.073319
-0.444076 -0.845098 0.312366
-0.350810 -0.264078 -0.702045
-0.571773 -0.076108 -0.475066
-0.959789 -0.207740 -0.660182
-0.863219 -0.183780 -0.413465
-1.182101 -0.383343 -0.446396
-0.898194 -0.310165 -0.668303
-1.140846 -0.583031 -0.749654
-0.928797 -0.659274 -0.353443
-1.614685 -1.171916 -0.342631
-1.432382 -0.777745 -0.025712
-2.017968 -1.138994 -0.496543
-1.645480 -0.995178 0.416817
-2.110435 -1.089946 0.060221
-1.612282 -0.626307 0.224258
-1.528970 -1.012096 -0.515562
-1.241683 -0.706883 0.623018
-1.770688 -0.524579 -0.448678
-1.666212 -0.543007 0.104442
-1.828971 -0.730500 -0.648514
-1.684384 -0.726730 -0.125844
-1.726711 -0.438385 -0.838565
-1.821060 -0.718376 -0.143014
-1.742033 -0.383746 -0.977380
-1.774772 -0.774761 -0.221327
-1.629826 -0.301996 -0.943808
-1.881258 -0.692078 -0.181609
-1.797231 -0.570482 -0.746608
-2.009411 -0.892784 -0.151035
-1.915606 -0.231155 -0.917639
-1.883614 -0.531064 0.062754
-1.668596 -0.264248 -0.176700
-0.519703 0.031079 -0.250224
-0.073898 -0.546399 -0.732960
-0.597456 -0.743776 -0.359855
-0.625181 -1.024503 -0.553500
-0.899966 -0.928973 -0.463484
-0.696681 -1.207475 -0.851009
-0.898859 -1.098910 -0.042778
-0.812085 -1.095758 -0.640081
-1.091512 -1.190911 -0.660250
-1.158694 -1.297549 -1.144486
-1.687365 -1.169036 0.045528
-1.739238 -1.184816 -0.902159
-2.058816 -0.872803 0.077183
-1.886784 -0.968088 -0.781257
-2.055267 -0.624595 0.957410
-1.607526 -0.958025 0.374632
-1.674971 -0.712996 0.791988
-1.350026 -0.779003 0.304514
-1.298686 -0.468581 1.195031
-1.118032 -0.747939 0.694221
-1.131937 -0.740452 0.913482
-1.112805 -0.809600 0.613788
-1.291016 -0.947767 0.859954
-1.122955 -0.718901 0.485055
-1.300814 -0.841922 0.593262
-1.140666 -0.840701 0.333960
-1.324972 -0.890869 0.615967
-1.123342 -0.914659 0.475933
-1.497520 -0.894880 0.520333
-1.277083 -1.020552 0.355395
-1.308876 -1.117192 0.309898
-0.691791 -1.286760 0.184109
-0.518292 -0.638733 0.411804
-0.203256 -0.256935 -0.678924
-0.370502 0.166935 -0.355389
-0.581721 -0.065012 -0.655102
-0.618124 0.080701 0.012715
-0.733108 -0.367428 -0.727906
-0.622217 -0.147114 -0.614756
-0.514851 -0.562150 -1.120328
-0.622309 -0.500050 -0.196877
-1.018214 -0.901942 -0.803127
-1.112863 -0.481145 0.042691
-1.320109 -0.547659 -0.985236
-1.459423 -0.508613 0.824035
-1.829241 -1.096949 -0.605866
-1.769170 -0.825015 0.537678
-1.784657 -0.114356 -1.214017
-2.029324 -0.203728 0.924807
-2.396223 -0.270013 -0.640580
-2.206536 -0.138970 0.319675
-2.187825 0.115159 -1.078884
-2.225777 -0.468030 0.152723
-2.082762 -0.089983 -1.209765
-2.067899 -0.619844 -0.250496
-1.817150 0.260554 -1.657283
-1.958215 -0.573211 -0.165649
-1.905368 -0.280218 -1.000710
-2.012352 -0.631167 -0.227815
-1.758443 -0.335547 -1.091456
-2.031433 -0.760567 -0.069762
-1.938150 -0.599464 -0.533493
-1.603689 -0.696818 0.084480
-1.449130 -0.410826 0.090705
-0.381567 -0.051064 -0.007410
-0.065383 -0.661875 -0.668260
-0.657023 -0.938141 -0.128573
-0.568141 -1.284002 -0.590641
-0.882541 -1.005163 -0.396851
-0.364312 -1.204607 -0.991367
-0.830111 -1.184503 0.673033
-0.517108 -1.207662 -0.712178
-0.904323 -1.287333 -0.424140
-0.678646 -1.386122 -1.579975
-1.696674 -1.177761 0.683827
-1.155630 -1.372743 -1.255827
-1.760063 -0.917118 0.234952
-1.281034 -1.051631 -1.602385
-2.319107 -0.639808 1.524698
-1.454967 -0.939076 -0.413525
-1.615795 -0.688489 0.886821
-1.150668 -0.707734 -0.592433
-1.525000 -0.087230 1.622483
-1.200717 -0.542433 0.497761
-1.303019 -0.533897 1.141725
-1.181329 -0.436293 0.441355
-1.325923 -0.699323 1.231195
-1.281426 -0.491320 0.464206
-1.424408 -0.796281 0.607867
-1.228504 -0.672862 0.012605
-1.440170 -0.682932 0.872169
-1.230725 -0.738648 0.507069
-1.592485 -0.846918 0.524136
-1.256819 -0.905588 0.062920
-1.385966 -0.730885 0.419699
-0.767318 -1.046127 0.160200
-0.428383 -0.682324 0.252030
-0.192725 -0.338980 -0.698822
-0.544491 0.007448 -0.409503
-0.579957 -0.285590 -0.921953
-0.828460 -0.023663 0.045325
-0.701811 -0.396349 -0.772020
-0.803772 -0.039892 -0.312254
-0.488574 -0.552552 -1.156933
-0.845515 -0.403727 -0.179626
-0.915623 -0.717856 -0.819574
-1.179122 -0.447830 -0.039861
-1.076789 -0.540707 -0.846638
-1.414113 -0.562332 0.287213
-1.676632 -0.533068 -0.432437
-2.102942 -0.408774 0.282512
-1.854173 -0.473772 -0.979701
-2.100285 -0.510599 0.620295
-2.151608 -0.350802 -0.615104
-2.223721 -0.288757 0.377119
-2.030587 -0.649957 -0.657074
-1.839301 -0.764429 0.101973
-1.834829 -0.260466 -1.156745
-1.753624 -0.889575 0.049151
-1.673561 -0.728456 -1.137222
-1.603851 -0.874922 0.048543
-1.766596 -0.561597 -0.696460
-1.934262 -0.625921 0.198923
-1.830762 -0.572178 -0.667795
-1.775394 -0.545164 -0.069552
-1.548692 -0.488066 -0.441318
-1.320773 -0.497391 0.237063
-1.104513 -0.482087 0.112323
-0.129534 -0.313674 -0.000762
-0.068420 -0.707909 -0.674224
-0.672141 -1.133206 -0.021940
-0.583463 -1.447539 -0.335645
-1.078647 -1.666031 -0.230191
-0.571161 -1.680589 -0.998191
-1.130938 -1.658404 0.735288
-0.661361 -1.375351 -0.481888
-1.231447 -1.479764 -0.186201
-0.865182 -1.580936 -1.455124
-1.592196 -1.427648 0.446369
-0.754235 -1.238967 -0.977750
-1.486192 -0.996523 0.035266
-0.871181 -1.034645 -1.415293
-1.757487 -0.845130 0.949702
-1.020737 -0.626419 -0.355997
-1.531174 -0.680635 0.406720
-1.217840 -0.578491 -0.343978
-1.469765 -0.495575 1.144527
-1.344359 -0.430504 0.428515
-1.368516 -0.665377 0.469012
-1.282005 -0.715291 0.270130
-1.255015 -1.001736 0.497788
-1.290322 -0.703806 0.240610
-1.089540 -0.526071 0.459270
-1.043137 -0.638585 0.245874
-1.095113 -0.453976 0.888763
-1.113413 -0.561422 0.685014
-1.220719 -0.276473 0.657822
-0.883031 -0.765257 0.291340
-0.741064 -0.622040 0.389267
-0.241823 -0.971315 0.444770
-0.008716 -0.591638 0.467895
-0.277051 -0.331100 -0.584446
-0.765867 -0.012917 -0.344735
-0.673550 -0.384530 -0.928537
-1.170153 -0.108359 0.314370
-0.963447 -0.268180 -0.796496
-1.111243 -0.167549 -0.448130
-0.689998 -0.569178 -1.411479
-1.202329 -0.528783 0.090163
-1.202018 -0.731199 -1.222119
-1.100175 -0.569923 -0.115175
-0.526338 -0.577108 -1.275266
-1.052372 -0.617083 0.566976
-1.151227 -0.676674 -1.239904
-1.300010 -0.739328 0.135626
-1.018857 -0.402343 -1.637879
-1.649668 -0.195463 0.724809
-1.838641 -0.571524 -1.104478
-1.683229 -0.505020 0.239095
-1.506199 -0.664074 -1.486404
-1.440915 -0.803656 0.384330
-1.214753 -1.069971 -0.628076
-0.567943 -0.634527 0.356567
-0.570733 -1.112314 0.087076
-0.473118 -0.443915 0.804145
-0.749811 -0.707439 0.773092
-0.826720 -0.034733 0.807309
-0.888664 -0.631391 0.125469
-1.064440 -0.384383 0.493769
-0.873509 -0.673470 0.239094
-0.638279 -0.296154 0.616236
-0.497262 -0.356030 0.253713
0.165310 0.004087 0.191046
0.023739 -0.665029 -0.627608
-0.600290 -1.117294 0.401844
-0.250173 -1.671758 -0.349395
-0.830516 -1.633856 0.226315
-0.074803 -1.638332 -1.188224
-0.957313 -1.170713 1.380279
-0.230625 -1.220681 -0.898306
-0.831931 -1.163927 -0.097022
-0.354608 -1.328361 -1.822824
-1.595400 -1.217982 1.277660
-0.600378 -1.124667 -1.314107
-1.289935 -0.839934 0.093599
-0.283326 -1.001111 -1.888692
-1.828461 -0.696249 1.584628
-0.779952 -0.751097 -0.850738
-1.466961 -0.564295 0.248351
-0.918253 -0.634389 -1.433043
-1.759918 -0.483219 1.335148
-1.186203 -0.750997 -0.220402
-1.227573 -0.759684 0.139834
-0.971104 -0.974653 -0.755362
-0.877850 -0.233500 0.963516
-0.484076 -0.640438 0.454694
-0.031833 -0.033691 0.990848
0.165213 -0.082544 0.725765
-0.011472 0.338336 1.231665
0.141243 -0.223152 1.070499
-0.015714 -0.098457 0.961284
0.445648 -0.492703 0.594027
0.345779 -0.290681 0.807160
0.645917 -0.843346 0.453606
0.580556 -0.675636 0.459125
-0.321514 -0.254122 -0.456287
-0.781886 0.154570 -0.455627
-0.642680 0.007001 -0.697418
-0.973573 0.008326 -0.072161
-0.806329 -0.194884 -0.583088
-0.791463 -0.196926 -0.604470
-0.291399 -0.461191 -0.885013
-0.496652 -0.486571 -0.358884
-0.399467 -0.639092 -0.873685
-0.587259 -0.498921 -0.469990
0.097191 -0.627135 -1.028995
-0.522942 -0.608120 0.121732
-0.548929 -0.490526 -1.040461
-1.247257 -0.305001 0.083803
-0.633271 -0.465984 -1.498867
-1.342102 -0.131579 0.638199
-1.305001 -0.437555 -1.342490
-1.443846 -0.464388 0.837377
-0.788884 -1.129804 -0.659184
-0.388783 -0.359872 1.393921
-0.396738 -0.658900 0.943281
-0.438248 0.130471 1.593489
-0.087913 -0.328078 1.535521
-0.107779 0.559821 1.565673
0.172708 0.043707 1.511822
0.045518 0.562198 1.678477
0.485308 -0.137689 1.415361
0.281002 0.431704 1.411543
0.444931 -0.026189 0.678093
0.322917 0.122770 0.979972
0.262794 0.091046 0.485721
0.641616 -0.036015 0.389437
0.082954 -0.467080 -0.566130
-0.404042 -1.040587 -0.004919
-0.090950 -1.400077 -0.020465
-0.473467 -0.770186 -0.234694
0.016046 -1.232226 -0.841889
-0.363518 -0.816698 0.443964
0.143070 -0.774946 -0.533723
-0.245357 -0.845888 -0.452671
0.040706 -1.114118 -1.097018
-0.770221 -1.082065 0.407399
0.034345 -0.922484 -0.670053
-0.607333 -0.825019 -0.076616
-0.043622 -0.938921 -1.043444
-1.102333 -1.184559 0.714783
-0.356070 -0.666391 -0.760519
-1.099914 -0.587903 -0.015167
-0.530004 -0.772587 -0.984932
-1.042395 -0.688195 0.933314
-0.380901 -1.009785 -0.161177
-0.414624 -0.450810 0.683468
-0.199614 -0.724045 0.357545
-0.369956 0.022386 1.542430
-0.202881 -0.193559 1.008923
-0.261204 0.324652 0.997829
0.315928 0.093087 1.014809
0.020617 0.296372 1.481107
0.396685 0.225009 1.461682
0.240586 0.465921 1.162242
0.702678 -0.074338 0.940331
0.491476 -0.126139 1.107897
0.950051 -0.597012 0.943299
0.707088 -0.439038 0.683722
-0.163485 -0.111431 -0.447496
-0.507599 0.389756 -0.463075
-0.394525 0.141893 -0.742629
-0.593578 0.092979 -0.042165
-0.325485 -0.141426 -0.801516
-0.090480 -0.101406 -0.715155
0.313895 -0.409352 -1.078095
-0.203403 -0.421955 -0.005756
0.085592 -0.530680 -1.041868
-0.025596 -0.344552 -0.515971
0.586558 -0.434315 -1.282700
-0.282411 -0.372290 0.087190
0.032150 -0.458548 -1.344871
-0.465864 -0.384487 0.321437
0.226755 -0.403141 -1.636557
-0.752436 0.044188 1.454380
-0.528661 -0.414030 -0.831095
-0.357131 -0.224483 1.132052
0.270309 0.236969 0.250965
-0.397383 0.564673 1.661543
-0.184345 -0.384918 1.121634
-0.562635 0.476213 1.123882
-0.019569 0.310663 0.346105
-0.838686 0.656630 1.642349
-0.187052 0.231319 1.176540
-0.241719 0.889063 1.327237
0.464228 0.846045 -0.383069
0.033440 0.622803 1.057415
0.139295 0.165845 0.811318
0.089599 0.518370 1.232894
0.395628 1.313766 -0.191840
0.669456 0.758993 0.170948
0.187306 -0.369365 -0.530506
-0.298802 -0.701409 0.210970
0.127823 -1.370543 -0.193408
-0.145504 -0.747700 -0.091388
0.514031 -0.934671 -0.959956
-0.389915 -0.742904 1.248281
0.494038 -0.864276 -0.601127
-0.176089 -0.870296 0.235189
0.526968 -1.168012 -1.361083
-0.894174 -0.943880 1.392487
0.349814 -0.894746 -1.003202
-0.388656 -0.707454 0.310413
0.386473 -0.862574 -1.420543
-1.049428 -0.694859 1.279344
0.115375 -0.690628 -1.101714
-0.483550 -0.379839 0.812834
0.203263 -0.643066 -1.621251
-1.027027 -0.240918 1.648247
0.064297 -0.726913 -0.193781
-0.243003 -0.105946 1.211340
0.068574 -0.313115 -0.065380
-0.784152 0.297701 1.689489
0.144742 -0.051415 1.074413
0.048553 0.063031 1.354379
0.422955 -0.024425 0.427722
-0.236699 0.687574 1.581484
0.341836 0.181044 1.208526
0.218907 0.291112 1.322111
0.745630 0.102352 0.444578
0.245934 0.260280 1.162991
0.836479 -0.283772 0.691121
0.747705 -0.301902 0.613365
-0.086714 -0.145074 -0.327252
-0.438279 0.375887 -0.323412
-0.344951 0.223659 -0.674896
-0.518329 0.088897 -0.083183
-0.267109 -0.056895 -0.654609
-0.508539 -0.039075 -0.346332
0.014013 -0.206531 -0.784213
-0.351315 -0.192567 0.121568
0.033035 -0.174518 -0.812742
-0.311603 -0.077967 0.084431
0.228199 -0.237464 -0.814676
-0.077375 -0.164162 0.748591
0.302991 -0.315441 -1.021392
-0.187335 0.226056 1.000442
0.340507 -0.121949 -0.611278
-0.051720 0.126958 1.525937
0.102439 0.131283 -0.132288
-0.295032 0.543260 1.273841
0.058287 0.329089 0.736574
-0.125733 0.593092 1.229204
-0.073170 0.349938 0.820493
-0.694012 0.914507 1.457175
-0.031919 0.391300 0.570540
-0.263678 0.995332 1.307611
0.095823 0.883531 0.115967
-0.483638 1.338657 1.569689
0.176967 0.347074 0.165478
-0.218504 1.149794 1.506882
0.271089 1.421804 -0.596833
0.214298 0.869218 0.996175
0.301868 1.196486 0.425275
0.695143 0.589996 0.417871
0.301071 -0.390788 -0.362112
-0.134133 -0.810766 0.274186
0.200690 -1.299063 0.324378
-0.145800 -0.697023 0.207721
0.342630 -0.959999 -0.494186
-0.246461 -0.918954 0.770218
0.382831 -0.732535 -0.187162
-0.068578 -0.678775 0.201594
0.256205 -0.877364 -0.482457
-0.271178 -0.809487 0.716587
0.350214 -0.559043 -0.646247
-0.187153 -0.481256 0.158635
0.197832 -0.680105 -0.530771
-0.360975 -0.563982 1.060837
0.480229 -0.506760 -0.889304
0.047188 -0.229127 1.038125
0.494402 -0.458817 -0.279024
-0.049325 -0.102303 1.491221
0.530900 -0.216721 -0.414290
0.071053 0.098616 1.046416
0.239219 -0.113248 0.463455
-0.022778 0.087600 1.514029
0.281205 0.098335 0.638885
-0.056184 0.303559 1.087438
0.416967 0.228581 0.642250
0.228225 0.248360 1.382399
0.471761 0.163661 0.542359
0.028068 0.327918 1.093145
0.556898 0.144413 0.348085
0.229343 0.137156 1.185781
0.798456 -0.254114 0.623928
0.681642 -0.077998 0.905457
-0.025746 -0.105401 -0.219319
-0.308816 0.330289 -0.108286
-0.141510 0.123060 -0.613618
-0.417329 0.124629 0.009746
-0.216242 0.101239 -0.704242
-0.049324 0.046228 -0.451486
0.500446 -0.195575 -1.019181
-0.053018 -0.214036 0.141843
0.126336 -0.156840 -0.645469
0.136159 -0.106917 0.118816
0.819019 -0.321644 -1.024638
0.256578 -0.169706 1.205793
0.573774 -0.249498 -0.778225
0.494955 0.098954 0.977697
0.881209 0.023574 -0.899408
0.272802 0.153643 1.421028
0.280012 0.177114 -0.219940
0.390597 0.378661 0.964653
0.684974 0.456065 -0.185191
0.266165 0.473725 1.393246
0.330989 0.343019 0.132989
0.640165 0.542676 0.864941
1.133283 0.827317 -0.832431
0.460555 0.841590 1.580250
0.692803 0.515990 -0.264946
0.574344 0.826856 1.072151
1.055916 1.148317 -1.212323
0.473402 1.151360 1.217081
0.715363 0.503990 0.031045
0.598051 1.000337 0.997566
0.847617 1.494562 -0.252751
1.002307 0.931692 0.351155
0.483512 -0.388718 -0.427781
0.081278 -0.857238 0.204219
0.582965 -1.494701 -0.045232
0.237849 -0.599590 0.485889
0.967697 -0.892501 -0.590090
0.310969 -0.630994 1.294452
1.079377 -0.707187 -0.399053
0.537077 -0.576726 0.597691
1.088679 -0.829462 -0.767413
0.023132 -0.542138 1.104881
1.057654 -0.592620 -0.751200
0.374603 -0.322170 0.987881
1.036028 -0.590073 -1.040100
0.065740 -0.216246 1.833508
1.187854 -0.417085 -0.789001
0.693483 -0.121276 1.406612
1.117381 -0.408472 -1.376869
0.337897 0.059791 1.922899
1.248577 -0.192599 -0.589254
0.904569 0.306599 1.434042
1.197787 0.058909 -1.007136
0.398972 0.485836 1.936610
1.258118 0.210768 0.031862
0.936705 0.568369 1.499138
1.304824 0.389183 -1.051987
0.393482 0.585689 1.502909
1.122175 0.241545 0.139669
0.604171 0.408869 1.303459
1.118490 0.309952 -0.240896
0.411585 0.317674 1.368615
1.006377 0.055008 0.260852
0.930338 0.026664 0.809570
-0.107474 -0.072255 -0.335186
-0.464692 0.457591 -0.114326
-0.345637 0.487436 -0.533890
-0.106915 0.190570 -0.133202
0.250314 0.066401 -0.519252
0.138403 0.023851 -0.416900
0.494714 -0.003734 -0.435042
0.347873 0.054980 -0.093911
0.742695 -0.150963 -0.463921
0.244799 -0.025804 0.477869
0.584763 -0.146787 0.107839
0.875857 -0.034579 0.884715
1.152034 -0.125963 -0.204808
1.324919 0.125671 0.698844
1.201947 0.178118 0.146339
1.228619 0.224354 0.944186
1.304397 0.270292 0.003095
1.308544 0.471060 0.760069
1.206365 0.435631 0.262248
1.244081 0.550107 1.023018
1.268293 0.553347 -0.006681
1.168956 0.629993 0.820141
1.143756 0.685514 0.006698
0.931264 0.792553 1.090911
1.165338 0.775108 -0.431599
0.755406 1.006346 1.167724
0.848238 0.705351 -0.024978
0.633788 1.000448 1.149062
0.928590 1.012399 -0.602168
1.094877 1.094493 0.491105
0.877382 1.220492 0.429918
1.016949 0.767743 0.154588
0.462245 -0.430970 -0.414036
0.129578 -1.038807 -0.063781
0.549728 -1.461435 -0.026908
-0.032113 -0.337271 0.184698
0.502195 -0.681487 -0.298667
0.263545 -0.560781 0.451943
0.718160 -0.638960 -0.059140
0.222314 -0.419772 -0.028305
0.473348 -0.559079 -0.415102
0.060577 -0.269644 0.338492
0.495491 -0.350035 -0.254713
0.509847 -0.185707 0.749752
0.530089 -0.091765 0.474132
0.602295 -0.126844 1.229167
0.843662 0.002676 0.576054
1.023706 -0.020569 1.083031
0.772085 0.067674 0.397679
0.750757 0.129897 1.394707
0.988615 0.230425 0.333909
1.107228 0.324025 1.053499
0.874120 0.306876 0.460397
0.800847 0.359232 1.353585
0.989331 0.267047 0.435618
0.962083 0.516872 1.147911
0.852217 0.369972 0.409266
0.769572 0.349061 1.132598
0.927306 0.316802 0.202720
0.709086 0.382380 1.107668
0.907853 0.312891 0.561553
0.827060 0.361574 1.023541
0.979975 -0.005650 0.394302
0.780246 0.299594 0.810531
0.058412 -0.121266 -0.229042
-0.158831 0.236068 0.082322
-0.160599 0.488950 -0.379155
-0.237022 0.066365 0.061519
-0.313086 0.231732 -0.243085
-0.075918 0.047399 -0.160324
0.131264 0.126242 -0.416737
0.026065 0.025671 0.373164
0.070103 0.095290 0.164836
0.504274 0.017626 0.557507
0.970601 0.016591 0.385840
1.060992 -0.133740 0.696560
1.162808 0.025144 0.552470
1.227041 -0.006012 0.553992
1.458773 0.165849 0.221838
1.160667 0.171206 0.763062
1.317383 0.325714 0.508725
1.277177 0.356317 0.588626
1.442977 0.414804 0.311658
1.238526 0.436780 0.755869
1.344278 0.448920 0.527502
1.264362 0.435212 0.633906
1.432764 0.572330 0.079739
1.128698 0.644557 0.774859
1.231324 0.452838 0.367714
1.151071 0.542253 0.693142
1.225550 0.720083 -0.001357
1.079276 0.868417 0.663691
1.130484 0.500637 0.407302
1.047039 0.567012 0.690372
0.955431 0.564056 0.429785
0.942356 0.210079 0.367219
0.477566 -0.415585 -0.167410
0.220468 -0.533068 0.119725
0.399847 -0.597680 0.219410
0.282975 -0.266857 0.315779
0.366840 -0.286620 0.236707
0.246026 -0.290503 0.398171
0.310148 -0.317488 0.176331
0.342122 -0.262358 0.311701
0.282092 -0.224930 0.092954
0.151515 -0.115974 0.623100
0.393421 -0.032631 0.536856
0.478510 -0.102614 0.678640
0.622027 -0.017742 0.566426
0.635565 -0.021556 0.759833
0.897483 0.048330 0.689621
0.852285 0.098163 0.791154
0.888888 0.145043 0.563157
0.834320 0.254762 0.818396
1.022763 0.278319 0.695776
0.955827 0.357638 0.823691
0.930166 0.329281 0.561583
0.731001 0.428198 0.802079
0.941308 0.395890 0.642937
0.817448 0.531111 0.781563
0.804831 0.381414 0.507900
0.626001 0.606463 0.784470
0.872211 0.403486 0.668423
0.861140 0.599153 0.739969
0.896668 0.378687 0.592221
0.776329 0.573521 0.892268
1.001235 0.213570 0.630008
0.854443 0.245654 0.719160
