0.581142 -0.129212 -0.358943
0.368137 -0.093869 -0.252580
0.373841 -0.243452 -0.011684
0.244171 0.288394 -0.282004
0.356268 -0.291762 0.284495
0.590740 0.414299 -0.274515
0.289665 -0.000861 0.242475
0.294385 0.421261 0.060798
0.665399 0.262497 -0.153854
0.233956 0.363389 -0.147743
0.269878 0.202232 0.272441
0.322872 0.131002 0.195868
0.263270 0.300091 0.521307
0.400239 0.076079 0.689218
0.206286 0.303760 0.340216
0.756451 -0.288735 -0.209147
0.319246 -0.130848 -0.383085
0.530650 -0.287351 -0.124953
0.251119 0.226923 -0.080579
0.202715 0.316829 -0.391169
0.389404 -0.172212 0.227170
0.449176 0.424883 -0.133625
0.388921 0.168525 -0.258841
0.269255 0.029213 -0.357623
0.267636 0.040632 0.384943
0.488644 -0.013972 0.492990
0.178730 0.397412 -0.084714
0.468372 -0.252761 0.182354
0.180527 0.238599 -0.127318
0.334303 -0.102776 -0.195269
0.185987 0.155802 -0.426603
0.271046 0.045805 -0.254988
0.351941 0.235934 -0.376163
0.317390 -0.025956 -0.287004
0.454126 0.047435 -0.381898
0.342424 0.264799 -0.190768
0.633458 -0.183962 -0.114801
0.290843 0.115934 -0.399340
0.403711 0.135502 0.434811
0.255483 0.209935 -0.278775
0.262347 0.148319 0.157163
0.300377 0.226172 0.175864
0.288398 -0.312657 0.202485
0.232609 -0.155336 -0.468964
0.237656 0.056101 -0.190923
0.267718 -0.155881 -0.244681
0.169217 -0.156712 0.192260
0.541858 0.214167 0.457443
0.226428 0.174459 -0.245001
0.626645 -0.093765 0.366045
0.772515 -0.214208 -0.040269
0.304614 0.173542 -0.174025
0.282696 0.339205 0.174144
0.277672 -0.050550 0.573379
0.303804 -0.136987 0.257769
0.529044 -0.152724 0.176427
0.792561 -0.060176 -0.401457
0.338992 0.416075 0.173184
0.176840 0.154284 -0.317551
0.501184 0.092247 -0.236653
0.256741 -0.004043 -0.476445
0.297915 0.367254 -0.453148
0.218956 -0.175083 0.066383
0.259557 -0.235462 0.061584
0.247423 -0.126906 -0.162812
0.422887 -0.054689 -0.456832
0.196950 0.297812 0.083616
0.314932 0.054043 0.481863
0.343853 0.368780 0.371641
0.218138 0.124073 0.523750
0.400312 0.345799 0.248904
0.408299 0.096051 -0.281841
0.231239 0.083705 0.308841
0.405151 -0.089053 0.282808
0.692630 0.270238 -0.510767
0.315684 0.007061 -0.188857
0.421684 0.001527 0.276800
0.295978 -0.088539 -0.274084
0.299835 -0.064438 0.347223
0.265822 0.446618 -0.112177
0.293117 -0.164901 -0.175642
0.248778 -0.076453 0.205202
0.755985 0.156572 -0.259503
0.109054 0.052900 0.349086
0.321872 -0.187745 -0.289165
0.231889 -0.020348 -0.348792
0.394391 -0.159471 -0.294102
0.458496 -0.086705 -0.303410
0.180943 0.336065 -0.187385
0.675400 0.039579 -0.200795
0.109091 -0.071308 0.237738
0.497553 -0.298971 -0.021695
0.376224 0.227475 0.589337
0.200539 0.037895 0.237772
0.471517 0.096331 0.223669
0.532275 0.073405 0.302978
0.237646 -0.243124 -0.167753
0.477859 0.163753 -0.590410
0.336429 -0.176365 -0.131179
0.260088 -0.070126 -0.366571
0.195018 0.061493 0.155233
0.247876 0.374625 0.010893
0.455032 -0.012569 -0.268941
0.407981 -0.153103 0.507670
0.308355 -0.022897 -0.398543
0.476019 0.359501 -0.475009
0.222139 0.220884 0.026924
0.235834 0.433967 -0.228741
0.319834 0.042464 0.273136
0.344005 0.060035 -0.472476
0.148770 0.314658 -0.014851
0.372531 -0.070120 -0.358802
0.331440 -0.140858 0.305716
0.376738 0.245311 0.137317
0.489503 -0.113689 -0.203009
0.156390 -0.015103 -0.238609
0.252403 -0.269980 0.348377
0.375539 0.037257 -0.221794
0.484985 0.193606 -0.362828
0.205717 0.379944 -0.266346
0.360511 -0.241045 0.152049
0.338849 -0.317437 0.083128
0.375416 -0.220024 -0.535683
0.328708 0.261168 -0.117256
0.357907 0.084957 -0.140905
0.296058 0.324655 -0.069458
0.303511 0.100116 -0.296759
0.370989 0.225263 0.331687
0.367141 -0.347132 -0.200370
0.149256 0.122874 -0.215383
0.364866 0.233400 -0.279523
0.260635 -0.258382 -0.380889
0.235548 0.272685 -0.207587
0.461412 0.342251 0.111131
0.150619 -0.079306 -0.481935
0.319258 -0.219725 0.436533
0.382309 0.348851 0.045994
0.241661 0.248380 0.128964
0.205371 -0.036033 -0.292537
0.377559 0.421133 -0.344249
0.625291 -0.122499 -0.613450
0.172521 0.271575 -0.287991
0.182927 -0.126831 0.305309
0.264810 0.154092 -0.202630
0.363178 0.084967 0.339865
0.335089 -0.122596 0.181042
0.249015 0.103661 -0.257352
0.243934 -0.125426 0.438389
0.185359 0.205675 0.154068
0.272131 0.338304 -0.065381
0.594298 -0.000217 -0.123073
0.448808 0.279491 -0.283561
0.286383 0.136900 -0.256450
0.384355 0.010020 -0.653690
0.270269 -0.094221 -0.563441
0.287348 0.134949 0.312905
0.336780 0.299499 0.070091
0.196144 0.241302 -0.199974
0.814976 -0.238075 -0.413244
0.221422 0.188218 0.407030
0.120237 -0.091443 -0.311934
0.812050 0.072537 -0.587032
0.482266 0.141894 -0.129886
0.328043 0.222328 0.396818
0.299257 0.256380 -0.231855
0.394420 0.343859 -0.248048
0.409859 -0.034243 -0.201394
0.282792 0.262590 -0.161543
0.390933 0.200803 -0.176649
0.233500 -0.085414 -0.304094
0.490632 0.251814 0.176565
0.218099 0.197612 0.250087
0.301153 0.145631 0.392381
0.337687 0.437999 -0.026719
0.381223 0.019554 -0.364174
0.328392 0.296349 0.240690
0.436575 0.263941 -0.184584
0.460798 0.042597 -0.143761
0.224830 -0.251419 -0.065434
0.349562 -0.062045 0.207406
0.531552 0.312735 -0.099247
0.243985 0.292004 -0.121395
0.280747 0.361646 -0.162939
0.529903 0.206532 -0.259701
0.300253 0.006968 0.163653
0.326679 -0.255278 -0.198792
0.823580 0.336233 -0.345760
0.224852 0.069020 -0.344336
0.351709 -0.031182 0.388829
0.251013 0.130399 -0.359724
0.247992 0.124921 -0.616029
0.336761 0.174714 -0.244351
0.451508 -0.203819 -0.383648
0.337557 0.245318 -0.574613
0.152159 0.170906 0.344188
0.382590 0.074958 0.177630
0.420783 -0.211230 -0.210518
0.317304 -0.261430 -0.104666
0.161601 -0.162853 -0.029102
0.587846 0.070446 -0.378094
0.591325 0.214547 0.253491
0.304753 0.413390 -0.250722
0.404851 0.161977 0.185671
0.256598 0.103860 0.218398
0.527704 -0.249600 -0.270848
0.446342 0.320931 0.390328
0.224257 0.189009 -0.332364
0.350012 0.188947 0.210948
0.256518 -0.047493 0.306985
0.673388 -0.105070 -0.220693
0.350490 0.360419 -0.175746
0.379857 0.343062 -0.077528
0.310646 0.304761 -0.289389
0.399371 0.129315 0.306729
0.154222 0.305918 0.221050
0.231967 -0.187066 -0.315149
0.217441 0.184333 -0.179111
0.375009 0.144149 -0.403827
0.240281 0.246370 -0.478096
0.494131 0.241335 0.006360
0.164209 0.065897 -0.526487
0.242335 0.390469 0.258693
0.136267 0.077990 -0.297909
0.273813 -0.197469 0.194581
0.172865 -0.027994 0.424517
0.463988 -0.045141 0.151279
0.270298 -0.287853 -0.254960
0.137577 0.002506 -0.396834
0.472882 -0.203387 0.347799
0.368887 -0.294235 -0.331048
0.404288 0.200581 -0.079990
0.520578 -0.000627 -0.324437
0.211039 -0.199892 -0.125068
0.220201 0.036178 -0.252748
0.247295 -0.051056 -0.237699
0.324985 0.061156 -0.308829
0.208477 -0.255445 0.150590
0.285333 0.266070 0.033388
0.112469 -0.071277 -0.145030
0.195335 0.122403 -0.115315
0.286702 0.220781 -0.335690
0.238359 -0.187835 0.263712
0.260454 -0.312427 -0.139609
0.727038 0.328912 -0.030453
0.166504 -0.149386 -0.254297
0.279390 0.277999 0.328846
0.110501 0.121499 0.198648
0.431445 -0.104255 -0.116780
0.206326 -0.032705 -0.167374
0.142205 -0.133006 -0.188312
0.166356 -0.152356 -0.359598
0.402359 -0.231627 -0.129158
0.191403 -0.247864 -0.236678
0.187914 0.386557 0.141153
0.256890 0.373522 -0.351258
0.166007 -0.018891 0.146742
-0.137327 0.012951 -0.491544
-0.252632 0.172738 -0.336211
-0.364096 0.190463 -0.362621
-0.459214 0.325679 -0.163865
-0.429061 0.167241 -0.399628
-0.387164 0.341857 -0.194257
-0.311734 0.100417 -0.401422
-0.318911 0.203245 -0.080771
-0.416830 -0.013394 -0.269730
-0.318685 0.189077 0.000661
-0.399303 -0.017521 -0.287307
-0.409880 0.092914 0.087578
-0.630912 -0.155106 -0.226712
-0.619749 -0.102055 0.226354
-0.830333 -0.249981 -0.227386
-0.766474 -0.238640 0.228599
-0.839083 -0.169613 -0.294154
-0.735581 -0.052879 0.064665
-0.600890 -0.192252 -0.296729
-0.496074 0.361966 -0.000791
-0.424809 0.417432 0.015870
-0.380278 0.545971 0.255929
-0.312036 0.463270 -0.047087
-0.260406 0.439232 0.287296
-0.317384 0.523120 0.076093
-0.321124 0.662105 0.263426
-0.234100 0.576436 -0.074645
-0.216412 0.593359 0.185728
-0.296855 0.723397 -0.003141
-0.224525 0.785804 0.209994
0.020045 0.671053 0.095030
0.285289 0.494426 -0.122543
-0.283668 -0.370989 -0.486978
-0.609219 -0.536639 -0.239675
-0.632886 -0.539716 -0.569484
-0.834689 -0.479797 -0.201958
-0.775507 -0.567613 -0.603409
-0.871637 -0.540103 -0.065443
-0.860364 -0.528638 -0.436489
-0.748966 -0.525908 -0.331475
-0.752727 -0.610237 -0.679929
-0.889734 -0.654033 -0.032588
-0.998733 -0.666619 -0.407043
-1.090794 -0.685782 -0.161556
-1.108328 -0.704173 -0.516366
-1.423259 -0.657340 0.332082
-1.358460 -0.660003 -0.241505
-1.518485 -0.477581 0.170984
-1.216324 -0.525133 -0.209010
-1.405313 -0.396123 0.446621
-1.053422 -0.518459 -0.340580
-1.076007 -0.626051 -0.110707
-0.616421 -0.779663 -0.541757
-0.770862 -0.412344 0.514443
-0.557742 -0.341238 0.012454
-0.719629 -0.282427 0.271759
-0.331359 -0.486409 -0.228521
-0.568072 -0.390225 0.635531
-0.461752 -0.542732 0.098742
-0.623722 -0.492722 0.313741
-0.332219 -0.630725 -0.177859
-0.601652 -0.586366 0.553577
-0.270751 -0.309509 0.111414
-0.091341 -0.250692 0.102493
-0.523256 -0.224441 -0.476999
-0.817910 0.073070 -0.164822
-1.056356 0.037725 -0.484224
-1.002881 0.245082 0.022589
-1.107082 0.000747 -0.540210
-0.918578 0.352886 -0.234346
-0.906800 0.025548 -0.642556
-0.838133 0.344400 0.095652
-1.151432 -0.002428 -0.423994
-0.917407 0.296116 -0.173103
-1.108211 -0.132779 -0.765656
-1.050747 0.025676 0.310007
-1.505822 -0.287745 -0.688569
-1.465057 -0.238067 0.144666
-1.804389 -0.281132 -0.732799
-1.662058 -0.147533 0.389902
-1.901078 -0.246870 -0.489115
-1.766337 -0.062785 -0.275925
-1.648918 -0.065454 -0.760391
-1.375436 0.483276 0.287117
-1.442545 0.529090 -0.079574
-1.260312 0.657583 0.094683
-1.241533 0.755434 -0.528829
-1.173839 0.813348 0.295657
-1.223692 0.806435 -0.153011
-1.146308 0.817333 -0.051837
-1.044040 0.859114 -0.531611
-1.149599 1.029048 0.217712
-1.125975 1.056469 -0.210076
-0.989031 1.071182 0.087715
-0.711891 0.995732 -0.216330
-0.151697 0.793646 -0.232558
-0.323656 -0.471366 -0.471594
-0.814035 -0.816318 -0.204422
-0.808815 -0.938420 -0.421210
-1.130973 -0.918966 -0.355700
-0.983788 -1.030310 -0.712301
-1.177774 -1.059819 0.017604
-1.027186 -0.995361 -0.578514
-1.142639 -0.863900 -0.500581
-1.016647 -1.099836 -1.180474
-1.297118 -0.894258 0.272933
-1.079139 -0.933416 -0.649429
-1.426661 -0.700952 -0.089481
-1.251840 -0.799712 -0.972701
-1.512185 -0.535500 0.635379
-1.286459 -0.648024 -0.649154
-1.591921 -0.436925 0.189131
-1.296429 -0.425783 -0.638438
-1.729415 -0.120127 0.740615
-1.578748 -0.437556 -0.128839
-1.592801 -0.228730 0.032424
-1.125530 -0.226243 -0.714525
-1.118105 0.186248 0.647967
-0.829014 -0.125585 0.228961
-0.961885 -0.069313 0.463632
-0.613034 0.042229 -0.185772
-0.852461 0.109494 0.629134
-0.620379 -0.149544 0.173229
-0.686633 -0.308096 0.496128
-0.552899 -0.195162 -0.170558
-0.669425 -0.261675 0.503078
-0.335982 -0.361501 0.079290
-0.110219 -0.271126 0.335923
-0.531829 -0.313689 -0.537484
-0.918453 0.032348 -0.259196
-1.231719 0.049615 -0.612526
-1.235623 0.217758 -0.048711
-1.350023 -0.070884 -0.441442
-1.361256 0.309239 0.057323
-1.344691 -0.111479 -0.684048
-1.258928 0.199843 0.331856
-1.536000 -0.111024 -0.179795
-1.433579 0.319518 0.272557
-1.713310 -0.015673 -0.524257
-1.645834 0.137614 0.461930
-2.140446 -0.153699 -0.380702
-1.990817 -0.038349 0.203650
-2.185276 -0.137786 -0.732926
-2.067911 0.177292 0.619900
-2.219825 0.070591 -0.308772
-2.116189 0.420109 0.490758
-1.854703 0.591099 -0.578232
-1.622495 0.695241 0.573424
-1.744642 0.853760 0.118933
-1.624882 0.938033 0.505406
-1.630453 0.951558 -0.204265
-1.490542 0.848218 0.161079
-1.535708 1.013397 -0.041739
-1.500273 1.075744 0.228808
-1.376575 0.997125 -0.273755
-1.354818 1.049603 0.048312
-1.387602 1.079081 -0.205880
-1.367157 1.209744 0.228037
-1.090031 1.046939 -0.100746
-0.253184 0.825319 -0.224615
-0.401243 -0.483183 -0.466696
-0.930121 -0.992247 -0.138645
-0.923383 -1.388400 -0.259468
-1.406682 -1.553170 -0.225273
-1.010132 -1.583928 -0.891455
-1.504238 -1.537645 0.185816
-1.139233 -1.482220 -0.791290
-1.511359 -1.203989 -0.215776
-1.004022 -1.526797 -1.493102
-1.555075 -1.270044 0.417130
-1.296348 -1.330973 -1.003945
-1.751895 -0.788097 -0.052688
-1.408831 -0.910419 -1.344108
-1.874347 -0.654807 0.642972
-1.457338 -0.855198 -0.545135
-1.901619 -0.105111 0.336733
-1.514735 -0.243883 -0.849675
-1.786717 0.042003 0.893579
-1.406000 -0.029192 -0.180185
-1.367627 -0.060628 0.367254
-0.964951 0.110894 -0.574583
-1.170466 0.351536 0.820591
-0.847773 0.295014 0.095874
-1.119018 0.311310 0.352068
-0.823455 0.265738 -0.037170
-1.129766 -0.065192 0.564806
-0.850773 -0.300687 0.169780
-1.101387 -0.234115 0.358970
-0.809151 -0.141591 -0.028767
-0.905605 -0.460827 0.300271
-0.387199 -0.616822 0.298677
-0.325805 -0.261606 0.334816
-0.539006 -0.211049 -0.461838
-1.017083 0.168606 -0.262335
-1.169747 0.203590 -0.626025
-1.612513 0.460407 0.339532
-1.596621 0.184311 -0.487347
-1.791829 0.623834 0.212241
-1.524297 0.149400 -0.962262
-1.731614 0.415313 0.633950
-2.007486 0.108874 -0.475406
-1.868576 0.338141 0.201888
-2.044387 0.051699 -0.741116
-1.930821 0.181209 0.727896
-2.379580 -0.046390 -0.688931
-2.003783 0.078087 0.368623
-1.994935 0.083626 -0.949602
-1.856718 0.269976 1.171869
-1.953906 0.185707 -0.613043
-1.887339 0.443550 0.437662
-1.750832 0.586614 -0.954219
-1.955318 0.735548 1.049967
-1.845756 0.754682 -0.281800
-1.759740 0.788057 0.263939
-1.497859 1.003881 -0.853196
-1.722631 1.025662 0.564176
-1.627080 0.985818 -0.443938
-1.688692 0.868764 -0.052213
-1.309568 1.109147 -0.840075
-1.603243 1.300700 0.263585
-1.534887 1.155208 -0.359652
-1.598728 1.211004 0.093586
-1.224184 1.131812 -0.374116
-0.345538 0.906748 -0.285447
-0.473740 -0.433833 -0.423091
-1.055211 -0.995320 0.071514
-0.901703 -1.641508 -0.169185
-1.642752 -1.764290 -0.164542
-0.979267 -1.684826 -1.149178
-1.740767 -1.290425 0.514429
-1.025143 -1.440800 -1.038147
-1.710144 -0.872097 -0.031900
-1.041508 -1.204383 -1.955134
-1.812401 -0.753337 0.814474
-1.432682 -0.738091 -1.014201
-1.870605 -0.452747 0.205269
-1.565870 -0.319408 -1.365011
-1.922444 -0.115743 1.094131
-1.578079 -0.109327 -0.310659
-1.809200 0.049858 0.763506
-1.330910 0.009252 -0.850913
-1.784552 0.167495 1.455776
-1.303300 0.127703 -0.183346
-1.444762 0.257978 0.728990
-0.833896 0.297124 -0.848522
-1.206141 0.525688 1.320797
-0.957856 0.395767 0.099377
-1.174198 0.374363 0.653217
-0.968708 0.373512 -0.304146
-1.222647 0.209572 0.943025
-1.045983 -0.099592 0.358813
-1.212084 -0.378824 0.497432
-0.997785 -0.273597 -0.166333
-1.058567 -0.159937 0.464498
-0.667773 -0.074404 0.161768
-0.358561 -0.070670 0.091243
-0.614491 -0.102752 -0.467424
-1.336579 0.528103 -0.364301
-1.462648 0.505328 -0.653532
-2.025936 0.665290 0.397655
-2.106616 0.360620 -0.322606
-2.317799 0.700224 0.290176
-2.075946 0.216000 -0.699757
-2.205879 0.363876 0.355092
-2.474997 0.109110 -0.329248
-2.418675 0.332658 0.214736
-2.320331 0.049285 -0.552085
-2.127766 0.274105 0.452934
-2.231328 0.133354 -0.263785
-2.053814 0.163029 0.430220
-1.893658 0.086382 -0.639866
-1.906323 0.262047 0.644923
-1.862323 0.443837 -0.316048
-1.934741 0.599170 0.677261
-1.656172 0.416491 -0.775239
-1.720109 0.635157 0.461879
-1.729803 0.560505 -0.664912
-1.840057 0.511905 0.638983
-1.565604 0.311464 -1.054758
-1.609486 0.192005 0.314538
-1.517775 0.207267 -0.862647
-1.733829 0.046992 0.723656
-1.548250 0.075097 -0.827132
-1.613470 0.565731 0.456765
-1.527825 1.180666 -0.673763
-1.596646 1.244899 0.429105
-1.291349 1.061424 -0.273602
-0.358540 0.832395 -0.245219
-0.525996 -0.314659 -0.426279
-1.051128 -0.957555 -0.111655
-0.984114 -1.567766 -0.032649
-1.852474 -0.605937 -0.357210
-1.348608 -1.134533 -1.105622
-2.095212 -0.469692 0.411670
-1.394543 -0.675026 -0.641459
-2.028884 -0.489268 0.131101
-1.606347 -0.778342 -1.227572
-2.197085 -0.580605 0.479752
-1.475713 -0.458674 -0.320484
-1.950484 -0.345141 0.286399
-1.732174 -0.274876 -0.783925
-1.987514 -0.252122 0.419212
-1.376863 -0.187559 -0.203287
-1.631328 -0.069011 0.543968
-1.259988 -0.144663 -0.515119
-1.399162 -0.015777 1.063453
-0.912769 0.239954 -0.087155
-1.077207 0.227736 0.577224
-1.039600 0.137546 -0.442255
-1.209028 0.175895 0.976438
-1.089742 0.122302 -0.097609
-1.061241 -0.172266 0.409897
-1.062165 0.037707 -0.274331
-1.062217 -0.320531 0.553781
-1.074429 -0.271828 -0.067406
-1.064347 -0.356154 0.449519
-1.030863 -0.349671 -0.183594
-0.955877 -0.504731 0.356616
-0.721566 -0.664400 0.037219
-0.399318 -0.316085 0.252569
-0.594989 0.023102 -0.532020
-1.431386 0.941915 -0.309941
-1.567893 0.689595 -0.639950
-1.995617 0.750215 0.357647
-1.985259 0.310820 -0.467452
-2.064183 0.468458 0.118226
-1.550332 -0.078951 -0.944510
-1.876939 0.133278 0.745230
-1.845202 -0.119986 -0.898446
-1.838308 0.104339 0.525469
-1.582290 -0.127354 -0.847846
-1.686948 0.155887 0.821817
-1.898417 0.009627 -0.866721
-1.668444 0.193064 0.631902
-1.643754 0.119578 -0.812006
-1.641391 0.309266 1.078141
-1.747138 0.191114 -0.692923
-1.568856 0.300399 0.443136
-1.368572 0.336539 -1.230545
-1.549676 0.670131 0.947262
-1.548270 0.266814 -1.317190
-1.503568 0.139855 0.454126
-1.256364 0.487858 -1.746435
-1.455787 0.803737 0.936928
-1.245511 0.373515 -1.221949
-1.219969 0.398240 0.661717
-1.161146 1.090947 -1.579090
-1.444768 1.183410 0.393089
-1.488566 1.150843 -0.554398
-1.329463 1.219237 0.316053
-1.204992 1.073757 -0.538868
-0.329535 0.808476 -0.202645
-0.375872 -0.268455 -0.503223
-0.854783 -0.921849 0.027712
-0.609324 -1.473465 -0.257571
-1.123194 0.058090 -0.217638
-0.303064 -0.592489 -1.015794
-0.911536 -0.425829 0.823471
-0.121920 -0.798919 -0.845281
-0.757629 -0.790562 0.293502
-0.189629 -1.288669 -1.569528
-1.406506 -0.932114 1.317896
-0.574400 -0.971110 -1.057073
-1.243928 -0.601745 0.769232
-0.727802 -0.753710 -1.576424
-1.603716 -0.483700 1.582317
-0.997253 -0.496734 -0.685693
-1.276949 -0.191336 0.704341
-0.777331 -0.234035 -1.253000
-1.412011 -0.070538 1.811930
-0.954611 -0.133559 -0.134360
-1.040892 0.103489 0.710124
-0.742654 -0.001795 -0.882218
-1.151836 0.205607 1.759377
-0.957697 -0.054906 -0.210713
-0.938994 -0.087833 0.846506
-0.851880 0.131666 -0.695378
-0.950004 0.291406 1.297813
-0.722047 0.119446 -0.076294
-0.686884 -0.122859 0.857052
-0.631444 -0.208601 -0.164205
-0.585201 -0.270617 0.753080
-0.429423 0.039733 -0.022964
-0.154478 -0.242707 0.151265
-0.460589 0.078950 -0.539466
-1.114720 1.057999 -0.149472
-1.092537 0.824746 -0.524987
-1.239390 0.647752 0.309575
-1.371065 0.212332 -0.524579
-1.321520 0.359679 0.314960
-0.667890 -0.141727 -0.687455
-0.823533 -0.074652 0.686083
-0.999579 -0.130380 -0.507004
-1.082950 0.044563 0.629777
-0.993974 -0.110357 -0.293883
-1.033578 -0.033511 0.794512
-1.420074 0.152951 -0.446128
-1.502683 0.210700 0.773299
-1.351112 0.146823 -0.426598
-1.182490 0.218760 0.793113
-1.279972 0.412449 -0.526888
-1.414109 0.422922 0.832957
-1.251035 0.264838 -0.984673
-1.128808 0.511064 0.647305
-1.189021 0.616416 -0.947158
-1.383278 0.803295 1.002986
-1.203384 0.457827 -1.302400
-1.040939 0.497372 0.964937
-0.950992 0.907352 -0.953828
-1.121958 1.210319 1.135167
-1.022327 0.676142 -0.747819
-0.921907 0.818958 0.923768
-0.777334 1.351480 -0.820963
-0.831816 1.183949 0.480575
-0.772764 1.048636 0.047287
-0.150252 0.786121 0.045647
-0.267606 -0.221330 -0.628358
-0.686615 -0.878662 -0.085900
-0.419019 -1.546562 -0.261039
-1.018250 -0.135727 -0.058784
-0.431910 -0.848277 -0.799002
-0.899126 -0.590920 0.685883
-0.249180 -0.913731 -0.417993
-0.796058 -0.921324 0.565774
-0.405436 -1.429410 -0.836953
-0.948235 -1.230333 1.142716
-0.397457 -0.983714 -0.037168
-0.670634 -0.701558 0.773537
-0.482295 -0.841234 -0.442742
-0.848348 -0.652266 1.284080
-0.468786 -0.332349 0.147156
-0.631021 -0.239539 0.740676
-0.596810 -0.292026 -0.200262
-0.762440 -0.208386 1.189559
-0.494427 -0.078076 0.251977
-0.584994 -0.028585 0.872658
-0.599739 -0.105038 -0.053684
-0.576811 -0.277859 1.172621
-0.408163 -0.007142 0.122008
-0.464666 -0.052286 0.749051
-0.444947 0.065992 -0.095661
-0.359056 -0.095909 0.890379
-0.308258 -0.040911 -0.001276
-0.501125 -0.099159 0.762510
-0.510301 0.018775 0.233487
-0.482509 -0.382702 0.612933
-0.311573 -0.332335 0.245786
-0.202959 -0.276390 0.320381
-0.446107 0.217951 -0.524415
-1.141912 0.997629 -0.169232
-1.163832 0.902908 -0.744757
-1.433163 0.656054 0.162202
-1.523959 0.352335 -0.754440
-1.537590 0.507224 0.012652
-0.969825 0.041051 -0.857282
-1.137272 -0.058592 0.465651
-1.271440 -0.102168 -0.638763
-0.836727 -0.043294 -0.085254
-0.673060 0.013214 -0.770736
-0.622466 -0.044756 0.671242
-0.998743 0.032457 -0.426260
-0.556150 0.077675 0.175950
-0.424894 0.235917 -1.070007
-0.516689 0.323042 0.893918
-0.848500 0.261416 -0.555788
-0.526939 0.028362 0.294565
-0.618807 0.487094 -1.235203
-0.866499 0.636416 0.912479
-0.889006 0.417203 -0.870190
-0.632448 0.187789 0.391546
-0.509564 0.775158 -1.411904
-1.026224 1.030544 1.103047
-0.865200 0.528663 -0.756178
-0.627630 0.555452 0.543102
-0.346319 1.077286 -1.244865
-0.609761 0.884015 0.603741
-0.676899 0.931411 -0.422317
-0.757670 0.517567 0.438534
-0.554211 1.071981 -0.559503
-0.074499 0.710575 -0.179101
-0.326020 -0.046819 -0.486809
-0.852260 -0.189636 0.259207
-0.621185 -0.664153 -0.277961
-1.097741 0.057448 0.172086
-0.341038 -0.416444 -0.977401
-0.810473 -0.224143 1.024095
-0.014962 -0.487949 -0.675556
-0.340930 -0.490812 0.752493
0.217155 -0.895347 -1.330196
-0.501702 -0.674375 1.660552
0.225879 -0.634081 -0.541368
-0.111774 -0.403679 0.940521
0.457755 -0.507938 -1.162890
-0.450265 -0.351272 1.910722
0.301137 -0.296465 -0.230730
-0.020751 -0.095617 1.048706
0.299066 -0.114481 -0.883108
-0.533260 0.039624 1.859421
-0.063525 -0.130552 -0.018206
-0.274782 -0.102907 1.054854
-0.133832 0.208084 -0.625020
-0.757660 0.344972 1.799238
-0.372802 -0.085280 0.085990
-0.505314 -0.306081 0.963448
-0.274518 0.357334 -0.810012
-0.778919 0.483595 1.267334
-0.411215 0.229800 0.091527
-0.654159 -0.142951 0.775676
-0.600816 0.158561 -0.077391
-0.749817 -0.342477 0.719722
-0.364634 -0.213200 0.307404
-0.158834 -0.632167 -0.008769
-0.470990 0.008452 -0.298535
-1.232356 0.734030 -0.062920
-1.312717 0.933097 -0.662727
-1.368294 0.614736 -0.096643
-1.344154 0.486101 -0.563075
-1.461686 0.483001 -0.035776
-1.173051 0.272492 -0.320731
-0.965021 0.071576 -0.047493
-0.646286 0.027277 -0.301884
-0.780232 0.258710 0.079101
-0.547444 0.174132 0.005471
-0.317129 0.115586 0.259458
0.001430 0.186571 -0.118164
-0.545590 0.449168 0.150560
-0.406035 0.394234 -0.304165
-0.325088 0.422279 0.245196
-0.040348 0.695114 -0.457600
-0.627313 0.735195 0.467738
-0.687462 0.602106 -0.416708
-0.579228 0.684674 0.435834
-0.262204 0.926284 -0.935370
-0.956186 0.942642 0.654367
-0.976386 0.659387 -0.747396
-1.024108 0.710802 0.630153
-0.494874 1.032348 -1.001244
-1.048973 1.158340 0.905845
-1.014734 0.680328 -0.793350
-1.037039 0.551132 0.536304
-0.607357 1.063620 -1.199765
-0.975164 0.290339 0.051668
-0.790961 0.078240 -0.444802
-0.196290 0.243114 -0.240249
-0.351525 -0.225130 -0.318219
-0.924280 -0.404046 0.182129
-0.788674 -0.608764 0.143182
-1.254180 0.143278 -0.001962
-0.731851 -0.065433 -0.461979
-0.973557 -0.031056 0.423324
-0.479007 0.039600 -0.240006
-0.767937 -0.092747 0.037312
-0.485417 -0.449065 -0.184981
-0.633147 -0.461956 0.617358
-0.136081 -0.321172 -0.249266
-0.338479 -0.184967 0.158247
-0.054569 -0.310061 -0.000792
-0.243280 -0.308673 0.777633
-0.075933 -0.150443 -0.050637
-0.349930 -0.014093 0.196536
-0.268514 -0.144085 -0.022342
-0.360376 -0.187353 0.713896
-0.335780 0.202385 -0.215657
-0.609761 0.188612 0.367545
-0.655648 0.014776 0.130966
-0.597957 -0.278074 0.758361
-0.626134 0.125391 -0.232430
-0.952079 -0.061217 0.610277
-0.804572 0.156809 0.041604
-0.845042 -0.302264 0.643089
-0.660056 0.213096 -0.305993
-0.974496 -0.247796 0.495761
-0.735215 0.007273 0.183805
-0.800974 -0.751027 0.292203
-0.646071 -0.775389 0.011359
-0.426443 -0.750624 -0.095125
-0.495040 -0.289902 -0.205038
-1.107068 0.331532 -0.177699
-1.257842 0.719296 -0.783896
-1.312497 0.676785 -0.264240
-1.385217 0.671700 -0.839442
-1.282125 0.598651 -0.390999
-0.996713 0.247628 -0.780544
-0.968878 0.238040 0.088432
-1.047088 0.137371 -0.537795
-0.808799 0.345563 -0.102488
-0.410164 0.122618 -0.732858
-0.365760 0.167723 0.504834
-0.465540 0.161447 -0.342092
-0.412646 0.347782 -0.070828
-0.246477 0.250200 -0.930886
-0.487606 0.295308 0.530494
-0.586580 0.439531 -0.388021
-0.499479 0.603247 -0.069208
-0.427953 0.608090 -1.025727
-0.759023 0.555619 0.505157
-0.980756 0.410415 -0.819325
-0.934910 0.277669 0.154906
-0.728405 0.745414 -1.312186
-1.277317 0.490709 0.870156
-1.319081 0.387103 -1.022049
-1.409006 0.296509 0.341484
-0.997203 0.897442 -1.325464
-1.518157 0.332840 0.497902
-1.420740 -0.239573 -0.774759
-1.421725 0.062138 -0.027251
-1.178023 0.805484 -0.788007
-0.282359 0.839728 -0.402396
-0.290604 -0.554258 -0.250216
-0.941386 -0.861407 0.244337
-0.837729 -1.482536 0.061502
-1.259592 -0.197972 0.141426
-0.804362 -0.208663 -0.667556
-1.259236 0.047956 0.657909
-0.620588 -0.061263 -0.478042
-0.696577 -0.114464 0.333392
-0.088023 -0.427492 -0.904094
-0.563840 -0.232373 1.034077
0.134733 -0.420630 -0.516330
-0.001527 -0.362861 0.662808
0.646207 -0.391564 -1.065390
-0.226747 -0.147818 1.210772
0.199396 -0.238743 -0.448144
-0.168363 -0.128436 0.544480
0.300909 -0.039815 -1.078943
-0.434835 0.134342 1.091212
-0.090632 0.082305 -0.431814
-0.441537 -0.007631 0.461457
-0.137175 0.303129 -0.872958
-0.873531 0.243091 1.069924
-0.511923 0.029262 -0.427306
-0.774440 -0.287189 0.646231
-0.325429 0.236986 -1.103433
-1.227536 -0.154665 0.826166
-0.901438 0.040947 -0.290458
-1.403330 -0.686076 0.455745
-1.134014 -0.557114 -0.355560
-1.295193 -1.013376 0.387915
-1.008091 -0.789172 -0.208928
-0.468010 -0.653050 -0.221516
-0.421980 -0.557364 -0.192595
-0.967212 -0.092021 0.118212
-1.225988 0.357978 -0.348669
-1.148621 0.467059 0.033595
-1.253244 0.487710 -0.504391
-1.308691 0.563181 -0.061194
-1.367192 0.455352 -0.526296
-1.070599 0.361713 -0.067818
-0.800102 0.206398 -0.503032
-0.913746 0.278010 0.109035
-0.891643 0.277673 -0.407561
-0.756889 0.276524 0.138990
-0.363450 0.221870 -0.467915
-0.614944 0.290204 0.159563
-0.665871 0.369191 -0.387969
-0.644678 0.447522 0.185336
-0.285769 0.556007 -0.553105
-0.679333 0.579425 0.035193
-0.782350 0.599123 -0.513771
-0.827958 0.712106 -0.000160
-0.549018 0.805017 -0.855028
-0.930029 0.811203 0.051002
-1.130568 0.757182 -0.760739
-1.232489 0.393954 0.263014
-1.059056 0.898705 -1.197557
-1.512440 0.272049 0.244268
-1.849689 -0.045335 -0.841310
-1.798660 0.089519 0.262900
-1.681873 1.092020 -1.306834
-1.263897 1.490368 0.028295
-1.262182 1.286868 -0.178064
-0.116569 1.016741 -0.330375
-0.097326 -0.795275 -0.050232
-0.529121 -1.182329 0.205149
-0.434720 -1.426271 0.153630
-0.971056 -0.407897 0.449917
-0.842531 -0.408595 0.143381
-1.192501 -0.174983 0.699110
-0.974697 -0.194415 0.289767
-1.232347 -0.044380 0.480652
-0.933768 -0.250985 0.070206
-1.024194 -0.307156 0.445165
-0.658964 -0.324331 0.061217
-0.949616 -0.233407 0.400684
-0.596943 -0.330277 -0.076292
-0.737537 -0.230339 0.398546
-0.531209 -0.076953 0.039848
-0.752048 -0.007840 0.322625
-0.629746 -0.111959 0.013698
-0.755530 -0.131845 0.367276
-0.681832 0.048176 -0.100132
-0.821684 -0.013342 0.111122
-0.805780 0.068074 -0.236610
-0.836822 -0.002996 0.224673
-0.896329 0.140669 -0.152748
-1.017487 0.100478 0.338055
-1.091493 0.097608 -0.108824
-1.165967 -0.163060 0.307687
-1.183323 -0.445135 -0.195447
-1.374205 -0.563057 0.180259
-1.206390 -0.733420 -0.038069
-0.980467 -0.639469 0.187061
-0.713226 -0.339322 -0.342819
-0.199180 0.336629 0.103020
0.034079 -0.653787 0.113648
-0.324127 -0.415584 0.329807
-0.451604 -0.000283 0.096406
-0.646607 0.038462 0.387369
-0.930526 0.356757 0.185661
-0.951465 0.302248 -0.024723
-1.039237 0.322621 -0.224919
-0.974621 0.167241 0.210784
-0.965910 0.145867 0.109972
-0.950897 0.108580 0.100216
-0.731754 0.100308 -0.196416
-0.821725 0.135978 0.328091
-0.727957 0.189958 0.041077
-0.786660 0.180758 0.097006
-0.605613 0.209895 -0.244101
-0.697677 0.279052 0.282729
-0.715265 0.355871 -0.169912
-0.766246 0.311162 -0.234165
-0.766448 0.389360 -0.525344
-0.834036 0.514565 0.068683
-0.890811 0.497530 -0.274950
-0.775772 0.449073 -0.159648
-0.969847 0.431889 -0.577437
-1.088787 0.266103 0.167406
-1.359969 0.067008 -0.378538
-1.279004 0.595471 -0.086316
-1.529583 0.893216 -0.539247
-1.153171 1.028385 0.404357
-1.321517 1.001869 0.124233
-0.653993 1.167818 0.578368
-0.831242 1.267091 0.428832
0.107857 0.905537 0.057603
0.359611 -0.712499 0.097203
0.101517 -0.832138 0.460129
0.254139 -0.866567 0.548100
0.155608 -0.600439 0.644639
0.132336 -0.371607 0.644712
-0.113355 -0.224124 0.775733
-0.189968 -0.126874 0.629873
-0.343578 -0.082354 0.436404
-0.282868 -0.060585 0.327663
-0.421112 -0.095491 0.443330
-0.258478 -0.064024 0.377222
-0.285433 -0.094454 0.328791
-0.198408 -0.001797 0.216900
-0.267472 -0.025523 0.422970
-0.172966 0.041616 0.282497
-0.189387 -0.026672 0.224552
-0.202355 0.050451 0.042447
-0.254804 0.035786 0.272301
-0.187237 0.062009 0.021247
-0.182805 0.042342 0.042433
-0.352431 0.121668 -0.204496
-0.422459 0.158800 0.120394
-0.392119 0.035455 -0.124613
-0.374893 0.025040 0.023938
-0.513798 -0.024709 -0.124916
-0.418843 0.020827 0.267624
-0.499160 -0.150981 -0.026466
-0.156374 0.267357 0.216470
-0.094969 0.253273 0.266569
0.279144 0.634190 0.854425
0.329241 0.543264 0.718242
0.363391 0.509992 0.655752
