0.694330 0.058213 -0.306407
0.511316 0.086492 -0.244513
0.569718 -0.021966 -0.045691
0.297147 0.207750 -0.362509
0.596512 -0.100070 0.041421
0.730935 0.370037 -0.381782
0.443978 0.073689 -0.083288
0.469250 0.269448 -0.220730
0.792147 0.277423 -0.293209
0.318762 0.239846 -0.325093
0.399588 0.187778 -0.069614
0.483938 0.178689 -0.137555
0.421708 0.212338 0.066366
0.590245 0.030991 0.521470
0.312703 0.218717 0.003115
0.854518 -0.115368 -0.145346
0.429112 0.072333 -0.312072
0.666357 -0.077588 -0.091531
0.264704 0.197803 -0.294068
0.228752 0.266082 -0.445282
0.611014 -0.015902 -0.033979
0.635340 0.373753 -0.301007
0.589091 0.208887 -0.369156
0.367251 0.166877 -0.357828
0.419550 0.077292 0.013725
0.689593 0.037958 0.173158
0.241122 0.227737 -0.270765
0.668012 -0.090332 -0.029510
0.119770 0.209199 -0.282630
0.485908 0.088957 -0.218713
0.132986 0.206493 -0.447948
0.351516 0.153143 -0.310624
0.517351 0.232518 -0.428567
0.458078 0.142540 -0.315230
0.607218 0.132901 -0.422575
0.529357 0.261517 -0.353631
0.766627 -0.007739 -0.115462
0.404264 0.190681 -0.409418
0.566083 0.115396 0.041269
0.319019 0.221481 -0.362973
0.372763 0.195272 -0.129829
0.432366 0.206153 -0.135000
0.512350 -0.017565 -0.040148
0.298256 0.087248 -0.337706
0.242428 0.170123 -0.293254
0.344013 0.067157 -0.215807
0.170391 -0.022187 -0.021226
0.667823 0.220379 0.028378
0.174369 0.192803 -0.346438
0.791989 -0.038725 0.095219
0.865802 -0.022125 -0.029102
0.440338 0.206483 -0.307893
0.443855 0.262629 -0.176145
0.429320 -0.011223 0.332511
0.475315 -0.000125 -0.031808
0.700659 -0.010655 -0.052742
0.885489 0.088163 -0.379647
0.541250 0.313430 -0.184507
0.100067 0.196130 -0.393756
0.658912 0.160658 -0.338058
0.319244 0.143664 -0.384732
0.423230 0.268098 -0.473681
0.280722 0.005597 -0.117071
0.435516 -0.018772 -0.095697
0.265329 0.061443 -0.184942
0.569692 0.116078 -0.394212
0.237948 0.242575 -0.161788
0.499450 0.079438 0.067496
0.536498 0.324079 -0.047067
0.271167 0.114902 0.175212
0.609770 0.337551 -0.131601
0.578454 0.174648 -0.366912
0.297215 0.111854 -0.016753
0.618034 0.018626 -0.019554
0.799626 0.278028 -0.560561
0.425166 0.146895 -0.287286
0.602502 0.064601 -0.051960
0.385128 0.089353 -0.262877
0.493459 0.029538 -0.004954
0.416837 0.258292 -0.304378
0.389814 0.059368 -0.164744
0.323097 0.042942 -0.049966
0.838049 0.173183 -0.348364
0.084907 0.075825 0.076034
0.449437 0.039540 -0.216225
0.264339 0.128609 -0.345110
0.554136 0.039058 -0.228274
0.628314 0.088579 -0.284948
0.150183 0.253303 -0.320544
0.799112 0.149397 -0.271794
0.079922 -0.018793 -0.057616
0.676216 -0.074746 -0.008489
0.541400 0.191632 0.233947
0.210931 0.131347 -0.055225
0.618011 0.143790 -0.113810
0.676801 0.101622 -0.025416
0.342544 0.016989 -0.134757
0.643402 0.222090 -0.620656
0.509664 0.051281 -0.110060
0.358018 0.116483 -0.319608
0.210160 0.183632 -0.084423
0.358455 0.244488 -0.235162
0.613214 0.134876 -0.316080
0.629193 -0.123730 0.434059
0.430020 0.130171 -0.365466
0.617477 0.306224 -0.545267
0.197537 0.223479 -0.207608
0.340594 0.236968 -0.346553
0.488752 0.112374 -0.070641
0.472237 0.146073 -0.451550
0.130184 0.245253 -0.210558
0.483090 0.109568 -0.316073
0.537419 0.004010 -0.012907
0.558979 0.235093 -0.196662
0.658174 0.052621 -0.194523
0.131336 0.111703 -0.286884
0.438566 -0.033686 0.027988
0.527332 0.146573 -0.306902
0.669450 0.209664 -0.433148
0.199243 0.255918 -0.372167
0.590612 -0.032247 -0.076365
0.557725 -0.048705 -0.099683
0.501493 0.022605 -0.372768
0.515148 0.228618 -0.322236
0.529383 0.187473 -0.277894
0.468603 0.236634 -0.313526
0.438248 0.185826 -0.345905
0.524131 0.220929 -0.073335
0.533944 -0.073446 -0.142735
0.100996 0.182359 -0.282798
0.539855 0.234937 -0.378001
0.367674 0.021876 -0.224723
0.215657 0.232503 -0.350779
0.643140 0.325029 -0.224330
0.177879 0.083830 -0.395750
0.540887 -0.051327 0.151822
0.584373 0.280301 -0.230790
0.304254 0.200215 -0.134490
0.206387 0.100368 -0.312453
0.534412 0.347260 -0.444831
0.756048 0.027323 -0.547395
0.114626 0.248560 -0.400425
0.217215 -0.019364 0.042344
0.273101 0.211440 -0.316606
0.520050 0.096125 -0.049908
0.504802 0.048177 -0.102141
0.284442 0.175077 -0.351803
0.373054 0.001383 0.125843
0.167151 0.215740 -0.082311
0.401521 0.238787 -0.290057
0.760219 0.125268 -0.233135
0.610208 0.270588 -0.407152
0.358878 0.196507 -0.323645
0.495554 0.140454 -0.606318
0.350834 0.107043 -0.459551
0.407577 0.146760 -0.065472
0.502548 0.234389 -0.225631
0.126346 0.242294 -0.338880
0.907358 -0.071757 -0.298230
0.327393 0.143787 0.033709
0.114301 0.059044 -0.303731
0.891813 0.158749 -0.572759
0.668532 0.192440 -0.286359
0.481202 0.180244 -0.000799
0.403782 0.267368 -0.347125
0.576437 0.309879 -0.404829
0.564387 0.113893 -0.255325
0.361363 0.227973 -0.340731
0.571249 0.213560 -0.307515
0.268717 0.092474 -0.279455
0.654317 0.264378 -0.200806
0.269356 0.197878 -0.061752
0.448192 0.152923 -0.002183
0.532007 0.312552 -0.264365
0.540845 0.142050 -0.365341
0.490735 0.249505 -0.144148
0.622113 0.257645 -0.337189
0.613035 0.135576 -0.283643
0.289419 0.005655 -0.086728
0.541400 0.043338 -0.092108
0.680960 0.302915 -0.275972
0.271379 0.207925 -0.314361
0.449960 0.247712 -0.342047
0.701063 0.227265 -0.369500
0.403233 0.086669 -0.097239
0.489804 -0.003313 -0.161975
0.885518 0.325999 -0.399161
0.204957 0.157501 -0.351635
0.573061 0.023196 0.045185
0.289112 0.172369 -0.395689
0.324212 0.199260 -0.541522
0.493853 0.232911 -0.355476
0.585022 0.023624 -0.281050
0.465338 0.246304 -0.571436
0.151625 0.169776 0.061019
0.548570 0.136318 -0.147718
0.603408 -0.007238 -0.180995
0.491372 -0.022678 -0.080489
0.122918 -0.013353 -0.071690
0.713739 0.126846 -0.413809
0.700200 0.275632 -0.152801
0.459966 0.305383 -0.369360
0.591224 0.214528 -0.169119
0.363521 0.168147 -0.085360
0.670651 -0.037502 -0.200010
0.622598 0.303810 -0.016342
0.204798 0.186036 -0.385214
0.526524 0.200862 -0.158001
0.393833 0.049810 -0.022485
0.793708 0.040713 -0.212939
0.536851 0.327420 -0.353383
0.558786 0.299043 -0.294247
0.472731 0.234557 -0.392911
0.566687 0.173971 -0.063500
0.169893 0.231691 -0.056879
0.303568 0.046673 -0.210269
0.182171 0.218305 -0.297977
0.534061 0.187561 -0.456904
0.265735 0.234335 -0.485427
0.661111 0.242165 -0.233649
0.168065 0.163432 -0.497945
0.389594 0.253264 -0.096741
0.069337 0.174128 -0.329127
0.445008 -0.028660 -0.029655
0.219060 0.003629 0.140863
0.621063 0.041514 -0.146487
0.402688 0.011105 -0.164408
0.094966 0.122643 -0.415008
0.703770 -0.111925 0.143314
0.504960 -0.020125 -0.221791
0.606453 0.240590 -0.282716
0.677822 0.132514 -0.338757
0.204185 -0.025688 -0.126172
0.178574 0.148355 -0.338434
0.313179 0.105289 -0.281725
0.486570 0.156840 -0.344814
0.335088 -0.006422 -0.059667
0.388059 0.223873 -0.195871
0.106551 0.035471 -0.277815
0.155273 0.154213 -0.276711
0.386302 0.205493 -0.406229
0.369458 -0.030348 -0.001236
0.415613 -0.010998 -0.110844
0.815180 0.301719 -0.208929
0.164980 0.034839 -0.219521
0.461602 0.250067 -0.073033
0.073709 0.141366 -0.040410
0.618369 0.046361 -0.165313
0.192400 0.112195 -0.270472
0.108467 0.018464 -0.167739
0.200478 0.022347 -0.274640
0.588841 -0.010698 -0.105218
0.251125 -0.002840 -0.182026
0.312156 0.243817 -0.130853
0.381892 0.242717 -0.410647
0.145613 0.087937 -0.080884
-0.060103 0.199113 -0.421547
-0.158092 0.369077 -0.280227
-0.287369 0.425638 -0.360587
-0.347947 0.577321 -0.109046
-0.373945 0.533066 -0.273389
-0.397799 0.698048 0.059092
-0.420603 0.581057 -0.198253
-0.462248 0.708662 0.032325
-0.459078 0.573587 -0.125289
-0.389041 0.615210 0.001549
-0.404259 0.487295 -0.160395
-0.400326 0.637141 -0.037984
-0.437674 0.669222 -0.272412
-0.341988 0.782042 -0.394410
-0.443293 0.742200 -0.592679
-0.543570 0.767878 -0.460033
-0.679193 0.798638 -0.587818
-0.655203 0.800481 -0.417102
-0.759652 0.760598 -0.618399
-0.692534 0.796972 -0.229074
-0.739711 0.812838 -0.326058
-0.653239 0.796318 -0.074484
-0.674088 0.724867 -0.348891
-0.583406 0.657916 -0.055882
-0.646377 0.666209 -0.153094
-0.615605 0.693794 0.024942
-0.513767 0.467841 -0.283766
-0.490712 0.548377 -0.073053
-0.353813 0.691981 -0.264849
-0.193496 0.729238 -0.076612
0.179620 0.621430 -0.131857
0.360245 0.482420 -0.205931
-0.270350 -0.055662 -0.511143
-0.686761 -0.250796 -0.258547
-0.730138 -0.173129 -0.599646
-1.083970 0.052719 -0.039520
-0.824863 0.041239 -0.431060
-1.147548 0.150360 0.279343
-0.850171 0.042356 -0.225001
-1.107441 0.153716 0.312359
-0.877553 0.092423 -0.245334
-1.116728 0.222615 0.301644
-0.879039 0.187847 -0.142469
-1.119269 0.340699 0.259413
-0.939186 0.416519 -0.227858
-0.992243 0.583921 0.441534
-0.707473 0.645191 -0.180971
-0.797466 0.639234 0.177435
-0.810053 0.672704 -0.245829
-1.009511 0.553353 0.433552
-0.921855 0.596517 -0.187179
-0.970775 0.481207 0.077929
-0.825771 0.540295 -0.411576
-0.996736 0.438918 0.308302
-0.938722 0.459517 -0.090588
-1.039965 0.395132 0.138120
-0.862318 0.407857 -0.202819
-1.035409 0.275632 0.295070
-0.796450 0.180381 0.116571
-0.910949 0.137644 0.239295
-0.395766 -0.002744 -0.018655
-0.510174 -0.227606 0.305475
0.071119 -0.121936 0.034666
0.068269 -0.115255 -0.006944
-0.584493 0.228599 -0.454647
-0.977001 0.483535 -0.084141
-1.289500 0.513737 -0.521974
-1.331075 0.611104 0.286008
-1.454100 0.564669 -0.397240
-1.304374 0.783217 0.096227
-1.358575 0.558267 -0.421600
-1.396807 0.710852 0.204743
-1.511938 0.473445 -0.346449
-1.313959 0.640279 0.139079
-1.360409 0.420932 -0.321671
-1.293876 0.595772 0.220986
-1.561171 0.677742 -0.525844
-1.331020 0.809953 -0.469323
-1.645551 0.770547 -1.042287
-1.535098 0.737509 -0.294888
-1.911836 0.834208 -0.923076
-1.759930 0.787393 -0.338004
-1.911702 0.854179 -0.790219
-1.648096 0.829826 0.049993
-1.824835 0.830261 -0.379085
-1.548751 0.791227 -0.304356
-1.601752 0.765317 -0.547362
-1.545568 0.781237 0.063001
-1.562336 0.819478 -0.385926
-1.544142 0.708028 -0.056902
-1.504350 0.830687 -0.598540
-1.546619 0.801055 -0.094154
-1.372586 0.887611 -0.445440
-1.120221 0.864632 -0.107309
-0.692100 0.949921 -0.390955
-0.000325 0.690704 -0.418313
-0.485581 -0.002326 -0.525647
-1.061104 -0.186261 -0.231024
-1.102925 -0.104196 -0.426310
-1.439128 0.016775 -0.104520
-1.268854 0.003068 -0.332710
-1.497572 0.013092 0.280418
-1.246617 -0.034252 -0.215126
-1.484023 0.042470 -0.030230
-1.259248 0.033278 -0.449168
-1.504632 0.102386 0.393268
-1.223436 0.167069 -0.061641
-1.434289 0.235063 0.243407
-1.293194 0.410738 -0.333459
-1.509641 0.443863 0.591071
-1.160371 0.705557 -0.131645
-1.331102 0.626545 0.185407
-1.100251 0.699176 -0.579529
-1.279102 0.565725 0.441702
-1.024478 0.766644 -0.486744
-1.114595 0.538824 -0.044433
-0.946799 0.704169 -0.530503
-1.182723 0.500498 0.015084
-1.017936 0.647771 -0.193102
-1.221546 0.504539 -0.079321
-0.966297 0.622856 -0.249659
-1.352301 0.427414 0.046643
-1.068843 0.492234 0.153437
-1.315870 0.267856 0.177686
-0.787202 0.256187 -0.078105
-0.679910 0.094539 0.113332
0.185832 0.025920 -0.000410
0.205632 -0.069714 0.287309
-0.690799 0.248114 -0.427357
-1.192205 0.615922 -0.035004
-1.551344 0.660383 -0.323917
-1.589797 0.506160 0.252286
-1.740636 0.493559 -0.221332
-1.578514 0.729241 0.043176
-1.570443 0.477797 -0.345307
-1.548682 0.492169 0.397097
-1.691440 0.319660 -0.224614
-1.381468 0.596416 0.304762
-1.456178 0.439628 -0.275047
-1.296411 0.490602 0.462363
-1.663559 0.730624 -0.436573
-1.514834 0.929462 -0.175732
-1.695607 0.883394 -1.003673
-1.777021 0.836247 -0.203229
-1.866612 0.886596 -0.946163
-1.737990 0.934504 -0.274052
-1.849460 0.919312 -0.838714
-1.649626 0.894449 -0.179258
-1.605497 0.880888 -0.406229
-1.441367 0.864053 -0.144431
-1.481444 0.882255 -0.475849
-1.507848 0.782603 -0.204606
-1.490857 0.859659 -0.336419
-1.458361 0.875219 -0.068664
-1.556755 1.006380 -0.550941
-1.551525 0.899167 -0.421224
-1.538781 1.025708 -0.478329
-1.048091 0.985321 -0.146054
-0.625891 1.063031 -0.256520
0.143876 0.740652 -0.499438
-0.579914 0.043739 -0.523253
-1.301541 -0.110319 -0.199196
-1.364235 -0.146763 -0.337918
-1.801935 -0.077063 -0.205329
-1.470181 -0.189913 -0.344926
-1.737588 -0.234184 0.210823
-1.475484 -0.138471 -0.083047
-1.701765 -0.163113 -0.056490
-1.464242 -0.172361 -0.518807
-1.761276 -0.185969 0.435646
-1.431756 -0.004682 0.108822
-1.791870 0.051270 0.536342
-1.462966 0.293717 -0.095288
-1.785068 0.302448 0.899821
-1.199523 0.658002 -0.014808
-1.566683 0.601051 0.538044
-1.062872 0.746502 -0.324794
-1.317168 0.607453 0.402464
-0.883742 0.845595 -0.352298
-1.071538 0.597715 -0.023224
-0.951523 0.761894 -0.455846
-1.030141 0.608209 -0.114865
-0.916921 0.811831 -0.304879
-1.097813 0.640696 -0.198917
-0.924716 0.766510 -0.159047
-1.051607 0.527769 -0.154228
-0.713893 0.629143 -0.007312
-0.920204 0.341016 -0.072557
-0.418742 0.476021 0.063646
-0.184216 0.282465 -0.111801
0.582415 0.016975 0.145520
0.301228 -0.088801 0.076137
-0.616500 0.322647 -0.385093
-1.162283 0.660796 -0.011461
-1.527974 0.557656 -0.399774
-1.668743 0.329266 0.360070
-1.755244 0.349486 -0.368611
-1.629918 0.670325 0.138308
-1.520601 0.290809 -0.628362
-1.588715 0.234948 0.688813
-1.778852 0.164610 -0.415863
-1.472683 0.393933 0.605376
-1.590931 0.243532 -0.549827
-1.621471 0.233711 0.912721
-1.900557 0.471682 -0.615933
-1.838111 0.659695 0.387059
-1.870116 0.760149 -1.274373
-2.050572 0.741971 0.437173
-1.917674 0.713822 -1.132215
-1.891049 0.840301 -0.179117
-1.660842 0.745534 -1.167745
-1.582597 0.895032 0.096632
-1.458905 0.770258 -0.775705
-1.272204 0.795067 -0.303512
-1.285301 0.799057 -0.860019
-1.281918 0.846801 -0.108951
-1.291707 0.851749 -0.686337
-1.322774 0.890259 -0.505857
-1.246310 0.998871 -0.860744
-1.284056 1.013180 -0.403415
-1.274558 1.086276 -0.603793
-1.063747 1.002606 -0.452222
-0.800328 1.113289 -0.544861
0.039817 0.759711 -0.586147
-0.546960 0.101337 -0.587134
-1.308186 0.024994 -0.099676
-1.334028 -0.111247 -0.330025
-1.817874 -0.144772 -0.124567
-1.368678 -0.357528 -0.517232
-1.653489 -0.389775 0.485766
-1.181571 -0.244816 -0.443269
-1.594541 -0.275129 0.156307
-1.352376 -0.338669 -1.040103
-1.841676 -0.375346 0.874460
-1.270313 -0.258539 -0.695708
-1.714221 -0.249358 0.665311
-1.349701 -0.109963 -1.050746
-1.961866 0.025918 1.429004
-1.337419 0.173591 -0.367290
-1.770291 0.388463 0.689906
-1.081679 0.561394 -0.904451
-1.623891 0.502496 0.931524
-1.045971 0.622193 -0.516519
-1.266014 0.494550 -0.109698
-1.031745 0.640168 -0.898444
-1.089893 0.613399 0.129269
-0.980149 0.597000 -0.617405
-1.016416 0.517057 -0.244179
-0.903648 0.652152 -0.792948
-1.073339 0.527746 -0.112754
-0.809611 0.619777 -0.394787
-0.930338 0.359850 -0.216744
-0.577855 0.342532 -0.334156
-0.463627 0.206869 -0.163797
0.125486 0.191612 -0.127918
0.233769 -0.059821 -0.233097
-0.469258 0.437478 -0.441169
-1.043246 0.765478 -0.176308
-1.383327 0.505769 -0.623725
-1.643486 0.249387 -0.002392
-1.743908 0.177164 -0.359167
-1.754152 0.431900 -0.006152
-1.466875 0.082607 -0.504995
-1.598481 0.076570 0.258223
-1.719828 0.092234 -0.354501
-1.828226 0.326384 0.528633
-1.682984 0.062517 -0.388068
-1.825974 0.015134 0.673794
-2.027843 0.147370 -0.452858
-2.198123 0.317952 0.604289
-2.098284 0.290850 -1.108644
-2.251765 0.554955 0.247214
-2.017686 0.624706 -1.142569
-2.078993 0.686849 -0.019868
-1.721627 0.642767 -1.158203
-1.677458 0.788179 -0.165217
-1.439433 0.710438 -0.799174
-1.315478 0.765652 -0.083703
-1.183005 0.723185 -0.968922
-1.240509 0.777388 -0.361593
-1.158165 0.814096 -0.826998
-1.221337 0.972688 -0.134287
-1.207091 1.030459 -1.083559
-1.288238 0.966041 -0.556603
-1.216187 1.102847 -0.931321
-1.103629 1.080586 -0.315588
-0.802952 1.086355 -0.642844
-0.052022 0.710070 -0.695998
-0.214935 0.155293 -0.603864
-0.930723 0.118755 -0.169980
-1.059255 -0.174945 -0.444795
-1.633838 -0.127111 -0.156393
-1.296537 -0.467563 -0.762574
-1.669904 -0.424740 0.273392
-0.974197 -0.422503 -0.470833
-1.523510 -0.308391 -0.088183
-1.359015 -0.567994 -1.099838
-1.886554 -0.553964 0.489398
-1.141958 -0.274995 -0.635705
-1.701301 -0.297274 0.451024
-1.479353 -0.199381 -0.933994
-2.057210 -0.192059 1.007809
-1.412630 0.112889 -0.136755
-1.868391 0.182476 0.950607
-1.239039 0.292805 -0.516323
-1.775953 0.221345 0.633878
-1.183998 0.543632 -0.184350
-1.440011 0.393781 -0.179461
-1.228202 0.481814 -0.824633
-1.304880 0.471619 -0.066181
-1.106355 0.563952 -0.618330
-1.118108 0.534653 -0.358649
-0.983747 0.592352 -0.894805
-0.995886 0.309554 -0.286030
-0.616454 0.458757 -0.578125
-0.743354 0.415050 -0.311112
-0.541431 0.421861 -0.545505
-0.516144 -0.094091 -0.346817
-0.049559 -0.451001 -0.110599
-0.005554 -0.353367 -0.257348
-0.116860 0.378638 -0.498387
-0.602048 0.747316 -0.344094
-0.975370 0.420370 -0.919735
-1.244748 0.249373 -0.152042
-1.311266 -0.014202 -0.901633
-1.262230 0.369209 -0.175846
-0.778032 -0.200924 -1.022897
-1.064844 0.041009 0.516027
-1.068974 -0.058773 -0.936076
-1.296567 0.186854 0.527987
-1.028121 -0.125706 -0.927241
-1.623723 -0.029186 1.114681
-1.838444 -0.158828 -0.958524
-2.196772 -0.026865 0.441984
-1.988701 0.036581 -1.445087
-2.406037 0.353460 0.374062
-2.012110 0.257227 -1.182095
-2.058590 0.400770 -0.166045
-1.577229 0.321642 -1.413886
-1.730505 0.677812 0.379120
-1.462152 0.538425 -1.089803
-1.473018 0.727451 -0.046434
-1.207589 0.619189 -1.434132
-1.441871 0.822534 0.304265
-1.144804 0.581795 -1.271559
-1.197690 0.717059 -0.075016
-0.928513 1.124126 -1.561752
-1.147176 1.089579 -0.284208
-1.214545 1.002566 -1.144736
-1.131222 0.963532 -0.448345
-0.887761 1.093112 -0.957932
-0.017046 0.745173 -0.693803
0.133500 0.079915 -0.611354
-0.439773 0.028628 0.044295
-0.358664 -0.315265 -0.597258
-0.530422 -0.085082 -0.059874
-0.007826 -0.571538 -1.187005
-0.443477 -0.434462 0.517766
0.414979 -0.610592 -1.122035
0.154553 -0.458969 0.028913
0.435360 -0.771864 -1.681725
-0.754711 -0.578267 0.859526
0.061995 -0.607040 -1.401745
-0.972854 -0.394178 0.501800
-0.549571 -0.469494 -1.969688
-2.234123 -0.251343 1.616511
-1.259990 -0.242969 -0.739999
-2.072207 0.068411 0.825376
-1.162676 0.025759 -1.285202
-2.242162 0.024577 1.045444
-1.519239 0.083739 -0.706232
-1.733183 0.310766 -0.216552
-1.221218 0.165609 -1.337528
-1.589454 0.325090 0.631215
-0.951673 0.307490 -1.039560
-0.869496 0.426780 -0.161751
-0.271639 0.395984 -1.256973
-0.639882 0.359019 0.416881
-0.023988 0.356348 -0.900183
-0.364179 -0.040436 -0.090466
-0.092761 0.308022 -0.812049
-0.268215 -0.252701 0.084697
0.152946 -0.173580 -0.465208
0.232441 -0.467815 -0.396646
0.168748 0.291072 -0.453347
-0.084436 0.806241 -0.356051
-0.207278 0.553587 -0.899839
-0.075322 0.421358 -0.202857
-0.018417 0.061580 -0.789391
0.350926 0.262538 -0.075845
0.839088 -0.190104 -0.881590
0.685725 -0.032130 0.421449
0.552184 -0.156029 -0.858586
0.215854 0.130290 0.829084
0.578102 -0.141056 -0.902667
-0.255299 -0.054725 1.086385
-0.501715 -0.076597 -0.953825
-1.433525 -0.322182 0.860646
-0.940782 0.052193 -1.265466
-1.903697 0.427210 0.663899
-1.721061 0.468894 -1.349112
-1.916574 0.664852 0.465009
-1.033664 0.482788 -1.322822
-1.125400 0.791994 0.563597
-1.072907 0.783405 -1.282860
-1.483364 0.926052 0.682325
-0.714824 0.691148 -1.476353
-0.933305 0.954879 0.498423
-0.668885 0.996674 -1.607971
-1.238575 1.178898 0.788139
-0.723602 0.920660 -1.411559
-0.952614 1.042523 0.569314
-0.721133 1.234272 -1.505575
-0.723037 0.676448 0.110883
-0.511645 1.044858 -0.708729
0.123507 0.684145 -0.491839
0.441378 0.049977 -0.595632
0.052012 -0.018484 -0.043004
0.105420 -0.502809 -0.301176
-0.007736 -0.093139 0.036348
0.362279 -0.645484 -0.855732
0.215831 -0.438597 0.356497
0.745630 -0.633890 -0.637405
0.704617 -0.608045 0.058229
0.881781 -0.911998 -0.945269
0.222979 -0.711167 0.855334
0.965449 -0.599273 -0.672271
0.346821 -0.479690 0.803007
0.594554 -0.559634 -0.729228
-0.801290 -0.518528 1.309427
0.223135 -0.291972 -0.339400
-0.848705 -0.262193 0.751447
-0.284171 -0.256081 -0.804877
-1.053825 -0.405487 1.191690
-0.274620 -0.028877 -0.537349
-0.621264 0.160972 0.003648
-0.400759 0.109859 -0.959178
-0.587065 -0.124727 0.729003
0.095902 0.291923 -0.429849
-0.138287 0.343012 0.130978
0.254844 0.220755 -0.868546
-0.004047 -0.184631 0.412998
0.602539 0.281590 -0.784363
0.181435 0.081933 0.134215
0.363639 0.223750 -0.744578
-0.027764 -0.603208 0.185289
0.341814 -0.428294 -0.345678
0.132705 -0.555203 -0.130361
0.183144 0.317614 -0.436869
-0.071049 0.834243 -0.364043
-0.185433 0.696632 -0.873027
-0.194771 0.486880 -0.287357
-0.044943 0.088032 -0.826436
0.307701 0.232754 -0.516950
0.830912 -0.238166 -1.069896
0.514706 -0.101269 0.451608
0.731682 -0.231313 -1.031318
0.510751 -0.062358 0.404376
0.842390 -0.081518 -1.291603
0.120764 -0.069432 1.051026
0.194318 0.038255 -1.359926
-0.231905 -0.115120 0.384123
0.232614 0.145063 -1.445514
-0.629213 0.466566 0.956666
-0.539103 0.298645 -1.116186
-0.725758 0.598499 0.185706
-0.289975 0.532581 -1.347402
-0.757365 0.832435 1.016488
-0.482224 0.462422 -1.123055
-0.718236 0.610052 0.421768
-0.251863 0.797908 -1.776790
-0.929754 0.868353 0.817956
-0.285002 0.546088 -1.316215
-0.496602 0.781121 0.352231
0.179158 1.208192 -1.809877
-0.238501 1.082952 0.067738
-0.020874 0.820335 -1.291994
-0.368514 0.268021 -0.056088
-0.167657 1.020577 -1.141295
0.239124 0.706011 -0.642476
0.358248 0.011381 -0.502343
-0.195095 -0.074850 0.144159
-0.006106 -0.476178 -0.275210
-0.143141 -0.142968 0.081492
0.489747 -0.533630 -0.874780
-0.174867 -0.414374 0.789111
0.656971 -0.633641 -0.609158
0.531487 -0.566705 0.417831
0.866881 -0.754288 -1.061539
0.020569 -0.650154 1.617801
1.040618 -0.543196 -0.661243
0.422976 -0.402986 1.051282
0.912139 -0.534942 -1.327473
-0.534348 -0.322090 2.233927
0.618984 -0.362570 -0.566776
-0.127421 -0.232994 1.196038
0.328452 -0.248473 -1.602683
-0.808577 0.036729 2.162774
0.142975 -0.148427 -0.814583
-0.230264 0.093058 0.706773
0.176845 0.074044 -1.266249
-0.770941 0.221760 1.700376
0.301043 0.070593 -0.468702
-0.049454 0.107081 0.496856
0.546638 0.286103 -1.180958
-0.153180 0.303225 0.774341
0.746100 0.136986 -0.492325
0.302911 -0.222984 0.448885
0.661984 0.289378 -0.654785
0.112480 -0.551676 0.222489
0.423615 -0.275752 -0.286619
0.232919 -0.696147 -0.351783
0.181811 0.195649 -0.269414
-0.164745 0.750315 -0.071864
-0.211154 0.786386 -0.743138
-0.190776 0.468544 -0.325900
-0.055495 0.197944 -0.814691
0.057431 0.256112 -0.429636
0.466413 0.026013 -0.629452
0.300597 -0.098465 0.096000
0.530845 -0.004827 -0.567867
0.344529 0.055475 0.282096
0.695425 -0.001343 -0.640560
0.191202 -0.051587 0.563863
0.448075 0.098210 -0.762294
-0.167529 0.312013 0.179498
0.402568 0.128277 -0.779392
0.038956 0.381008 0.544540
0.291910 0.337947 -1.002698
-0.429234 0.634380 0.460642
0.036321 0.341745 -0.881352
-0.248860 0.619123 0.774183
0.072090 0.496331 -1.215874
-0.545316 0.718284 0.586772
0.075233 0.438162 -1.135797
-0.146252 0.742473 0.587389
0.594364 0.734801 -1.449030
-0.181135 0.878661 0.753979
0.246834 0.674800 -1.316333
-0.301058 0.721707 0.340952
0.184163 0.879840 -1.698337
-0.120488 0.100390 -0.006211
-0.127111 0.502083 -0.899726
0.278255 0.504586 -0.563593
0.537538 -0.073674 -0.307553
0.084666 -0.208417 0.259816
0.209040 -0.576830 0.110705
0.021637 -0.163845 0.218713
0.463851 -0.554737 -0.444496
0.184458 -0.502125 0.486191
0.762781 -0.503262 -0.073856
0.744549 -0.463433 0.050764
0.805179 -0.649210 -0.286829
0.332831 -0.724274 0.866053
0.731181 -0.454101 -0.202240
0.457569 -0.327119 0.614580
0.743629 -0.383742 0.021223
0.194631 -0.357613 1.115781
0.580777 -0.228459 -0.451986
0.137610 0.008837 0.566103
0.361272 -0.130559 -0.293244
0.173495 -0.171740 1.048843
0.622321 0.000173 -0.836346
0.167735 0.155751 0.151820
0.407884 -0.017743 -0.687550
0.240440 -0.163173 0.784640
0.885116 0.030877 -0.869223
0.383664 0.131790 0.062429
0.825164 0.010488 -0.792480
0.487713 -0.354047 0.300169
0.946924 0.134417 -0.929285
0.220328 -0.194002 0.058745
0.496505 -0.065933 -0.674314
0.074511 -0.856787 -0.150795
0.281117 -0.658023 -0.655563
0.089929 -0.644745 -0.176126
0.299661 0.106967 -0.148312
0.100387 0.564288 -0.003461
0.010589 0.665247 -0.745423
-0.068143 0.523982 -0.200547
0.038633 0.317514 -0.865377
0.280597 0.343549 -0.510370
0.738699 -0.123057 -0.944384
0.459574 -0.048459 0.424370
0.453033 -0.119794 -0.706265
0.462787 0.055512 0.099558
0.875458 -0.100089 -0.953837
0.418452 0.057220 0.757344
0.551811 -0.079405 -0.739001
0.563485 0.193472 0.104808
0.943162 0.196855 -1.145050
0.326226 0.380409 0.771188
0.419792 0.151519 -0.838463
0.455988 0.518573 0.051322
0.756691 0.479271 -1.185265
0.218003 0.645617 0.671533
0.461255 0.345322 -0.934872
0.550268 0.780798 -0.045999
1.068802 0.718561 -1.424234
0.439621 0.816568 0.640149
0.739382 0.480365 -1.159258
0.477394 0.894303 0.225179
0.784853 0.940363 -1.744645
0.018496 0.627628 0.091592
0.093583 0.343220 -1.443123
-0.058181 0.605839 -0.114713
-0.063656 1.047625 -0.913909
0.444959 0.915383 -0.528831
0.481116 -0.157933 -0.274778
-0.124058 -0.452849 0.383803
0.168883 -1.108107 0.230993
-0.011057 -0.293421 0.418009
0.682414 -0.529138 -0.586698
0.092037 -0.375546 0.935303
0.928833 -0.614781 -0.522600
0.582015 -0.578384 0.777945
1.197644 -0.806567 -0.851892
0.227049 -0.561854 1.733966
1.238976 -0.550118 -0.541818
0.598217 -0.382227 1.200752
1.256010 -0.439380 -0.825561
0.257997 -0.212458 1.867505
1.247092 -0.222187 -0.592709
0.649980 0.007732 0.996027
1.063745 -0.036641 -1.012486
0.205830 0.226706 1.601410
1.198691 0.022879 -0.782613
0.666884 0.264674 0.575370
1.087408 0.175445 -1.092985
0.249230 0.445988 1.193196
1.131868 0.168850 -0.820046
0.675019 0.339677 0.363778
1.057683 0.332001 -1.317669
0.300626 0.391410 0.458626
0.922371 0.138430 -0.832014
0.396575 -0.153237 0.370633
0.585916 -0.150143 -0.945894
0.119638 -0.679939 0.132621
0.381274 -0.614840 -0.782390
0.339732 -0.466683 -0.113174
0.056175 0.012186 -0.191759
-0.303353 0.464568 0.025409
-0.502122 0.698075 -0.577459
-0.422179 0.543147 -0.135211
-0.336589 0.389828 -0.725538
-0.455111 0.321279 -0.299766
-0.035719 0.150210 -0.658632
-0.050991 0.045759 0.026175
0.492858 -0.121666 -0.628288
0.123930 0.029889 -0.079879
0.674742 0.053016 -0.571712
0.642226 0.097371 0.075699
1.241712 -0.003847 -0.633713
0.754832 0.167553 -0.237124
1.011371 0.273847 -0.613135
0.815463 0.521930 -0.022493
1.253896 0.399746 -0.717333
0.833063 0.567703 -0.170077
0.914289 0.557764 -0.606895
0.660736 0.901786 -0.065572
1.054797 0.742183 -0.808246
0.533689 0.895581 -0.269405
0.570047 0.789758 -0.795081
0.347582 0.976925 -0.028100
0.664330 0.867562 -1.217371
0.041266 0.888585 0.167889
-0.160599 0.635977 -1.106052
-0.392356 0.222589 0.162181
-0.164506 0.952114 -1.569303
-0.085882 1.308011 0.018963
-0.276235 1.274502 -0.168859
0.412349 1.024759 -0.416103
0.512354 -0.291847 -0.213121
0.065680 -0.863198 0.314482
0.312504 -1.227081 0.272281
-0.134465 -0.191383 0.372308
0.222209 -0.369378 -0.085732
-0.117113 -0.135569 0.722552
0.407254 -0.343940 0.075181
0.147958 -0.306189 0.395594
0.392790 -0.571968 -0.175545
0.082817 -0.511320 0.971955
0.481671 -0.497558 0.002595
0.311779 -0.242224 0.587433
0.555274 -0.266647 -0.094402
0.372264 -0.226434 0.835510
0.652250 -0.270001 -0.131653
0.372614 -0.046574 0.367156
0.491020 0.089577 -0.337230
0.364796 0.178621 0.503782
0.674014 0.152679 -0.365152
0.441471 0.270980 0.189370
0.443308 0.373824 -0.439970
0.353651 0.443912 0.228392
0.533420 0.336320 -0.548017
0.321188 0.502256 0.015941
0.340724 0.327388 -0.650362
0.227137 0.311418 0.058017
0.401014 0.015401 -0.687177
0.049794 -0.260656 0.056067
0.148461 -0.329847 -0.358389
0.072074 -0.450742 0.188025
0.347445 -0.437232 -0.559611
0.317234 0.276764 0.202239
0.370504 -0.088446 0.035196
0.078277 0.260975 0.314438
-0.191719 0.569231 -0.127068
-0.334695 0.244207 0.198866
-0.519745 0.438956 0.027144
-0.360411 0.205743 -0.061289
-0.183494 0.131664 -0.474398
-0.288786 -0.101115 0.261988
-0.282659 -0.073970 -0.211638
-0.035190 -0.058730 0.104225
0.491967 -0.059560 -0.508404
0.254319 -0.029128 0.326597
0.392111 0.100162 -0.344104
0.532114 0.174207 -0.117890
0.969805 0.220181 -0.480357
0.690922 0.457753 0.123990
0.759503 0.460973 -0.300573
0.745215 0.494152 -0.135446
0.893729 0.613868 -0.525408
0.556406 0.859168 -0.141992
0.622950 0.723484 -0.509091
0.649458 0.757846 -0.245502
0.744881 0.773234 -0.819220
0.318314 0.831203 -0.164199
0.190560 0.709327 -0.582893
0.114850 0.854073 -0.209413
-0.030138 0.847093 -0.883162
0.007612 1.020107 0.026848
-0.046014 0.977035 -0.189297
0.207705 1.108458 0.393327
0.023064 1.227679 0.233905
0.488378 0.879766 -0.117422
0.719640 -0.359418 0.119515
0.503588 -0.428909 0.476134
0.600979 -0.476333 0.627734
0.479180 -0.227418 0.621834
0.574245 -0.116927 0.554218
0.409421 -0.083334 0.771317
0.483261 -0.052902 0.602905
0.467093 -0.162606 0.605224
0.435419 -0.210522 0.263955
0.305047 -0.244271 0.758571
0.481057 -0.216471 0.418757
0.467300 -0.211772 0.540742
0.451565 -0.154461 0.047661
0.279836 -0.051729 0.508179
0.523131 -0.028165 0.070284
0.487572 0.071775 0.237731
0.511773 0.162510 -0.130221
0.434859 0.353713 0.304775
0.586900 0.314075 -0.123667
0.521266 0.379411 0.115105
0.401599 0.422290 -0.241095
0.313264 0.556813 0.168821
0.567072 0.435440 -0.265384
0.522043 0.493061 -0.015651
0.472271 0.320040 -0.420573
0.445781 0.453743 0.159440
0.473000 0.189737 -0.259862
0.575401 0.339238 0.061802
0.443781 0.314985 -0.059146
0.554136 0.689578 0.630861
0.676127 0.527846 0.415241
0.614023 0.564548 0.508381
