0.498190 -0.134296 -0.379441
0.338954 -0.104448 -0.316648
0.346033 -0.213590 -0.053421
0.245148 0.298715 -0.334285
0.323821 -0.309573 0.248731
0.526453 0.466585 -0.341774
0.253945 -0.016548 0.225834
0.279652 0.456746 -0.027746
0.585827 0.286398 -0.223726
0.259928 0.384492 -0.241574
0.261448 0.156761 0.233462
0.301290 0.105439 0.144769
0.268469 0.303214 0.413730
0.340015 0.065918 0.592405
0.236887 0.258172 0.274906
0.630642 -0.293473 -0.296276
0.307281 -0.141057 -0.408023
0.436496 -0.264573 -0.228642
0.258490 0.214388 -0.155830
0.215472 0.324180 -0.415205
0.303591 -0.157840 0.191699
0.382294 0.531139 -0.225883
0.328736 0.169804 -0.317735
0.244603 0.046837 -0.392412
0.249949 0.023738 0.326681
0.415193 -0.008282 0.407453
0.217283 0.409214 -0.170984
0.351233 -0.234352 0.119054
0.152941 0.197931 -0.164420
0.312797 -0.102138 -0.268955
0.158621 0.165162 -0.436258
0.269436 0.059607 -0.294633
0.330464 0.262654 -0.402176
0.311281 -0.026294 -0.317141
0.404010 0.047136 -0.401633
0.298867 0.298975 -0.260335
0.532384 -0.173509 -0.225606
0.266609 0.120912 -0.412008
0.344061 0.120805 0.319364
0.248130 0.207166 -0.326642
0.247315 0.102693 0.107195
0.283738 0.178742 0.124925
0.260389 -0.316734 0.157086
0.226726 -0.147809 -0.457732
0.234576 0.084667 -0.208326
0.263946 -0.160297 -0.320982
0.133433 -0.145970 0.146217
0.425689 0.177624 0.305448
0.196768 0.168697 -0.297373
0.463748 -0.099548 0.316618
0.659521 -0.200513 -0.173902
0.279792 0.173830 -0.243751
0.288825 0.324020 0.100386
0.254165 -0.077756 0.525200
0.264136 -0.154780 0.245348
0.373217 -0.142979 0.141938
0.657589 -0.059974 -0.371904
0.305505 0.466871 0.111355
0.130293 0.156024 -0.349362
0.438606 0.089539 -0.302563
0.232874 0.009452 -0.477076
0.281952 0.405674 -0.472548
0.229508 -0.144794 0.015547
0.263936 -0.225905 -0.003056
0.275671 -0.131276 -0.243626
0.384243 -0.048420 -0.427877
0.225101 0.258410 0.011596
0.277503 0.027296 0.401498
0.323960 0.412500 0.323168
0.214130 0.109725 0.422176
0.325986 0.336828 0.170004
0.360711 0.094757 -0.315224
0.225420 0.048059 0.253899
0.326543 -0.094328 0.244305
0.611904 0.303477 -0.505622
0.299333 -0.016727 -0.249426
0.331984 -0.017236 0.239542
0.286572 -0.090162 -0.322022
0.248665 -0.084047 0.327823
0.276891 0.513034 -0.206931
0.293266 -0.182163 -0.270177
0.209447 -0.085966 0.184256
0.690331 0.192118 -0.311976
0.075586 0.024938 0.292372
0.311571 -0.192967 -0.354871
0.224227 -0.002060 -0.354046
0.352515 -0.168709 -0.358474
0.385829 -0.088605 -0.335785
0.189719 0.316183 -0.247507
0.559034 0.049136 -0.269855
0.049455 -0.081251 0.209204
0.402720 -0.302399 -0.118262
0.353767 0.211122 0.439877
0.180854 0.017436 0.173247
0.339812 0.078245 0.138597
0.400639 0.061036 0.222906
0.239952 -0.230686 -0.238180
0.426298 0.180887 -0.565915
0.308712 -0.163416 -0.209482
0.252167 -0.052530 -0.377139
0.175510 0.043841 0.092552
0.275681 0.374076 -0.077750
0.413635 0.003620 -0.297699
0.354756 -0.189678 0.468355
0.301989 -0.003586 -0.413107
0.418946 0.440032 -0.491287
0.220746 0.183069 -0.055902
0.257642 0.487388 -0.303615
0.286145 0.032296 0.239962
0.317895 0.057684 -0.457274
0.168125 0.271903 -0.097315
0.335372 -0.073818 -0.383809
0.281385 -0.155996 0.284235
0.308952 0.219326 0.062947
0.407716 -0.123217 -0.290941
0.107702 0.012082 -0.231136
0.223734 -0.275011 0.283666
0.338002 0.047748 -0.268244
0.412625 0.185949 -0.380885
0.220921 0.383742 -0.310348
0.311153 -0.216459 0.093297
0.322064 -0.328389 0.009521
0.359704 -0.228413 -0.547836
0.301905 0.294149 -0.207471
0.311281 0.085121 -0.204810
0.289384 0.394252 -0.165587
0.281391 0.095054 -0.332815
0.322474 0.204373 0.233220
0.349012 -0.360322 -0.277746
0.094720 0.138468 -0.227532
0.319956 0.255191 -0.324179
0.255720 -0.284565 -0.422825
0.244083 0.266303 -0.279143
0.358287 0.335791 0.035449
0.147685 -0.059335 -0.448719
0.290169 -0.240508 0.396482
0.327919 0.396658 -0.048013
0.265848 0.215306 0.077287
0.206758 -0.016049 -0.299064
0.351234 0.545106 -0.398589
0.542255 -0.154180 -0.584031
0.164527 0.256110 -0.336892
0.122791 -0.115016 0.286718
0.242598 0.152214 -0.277991
0.310156 0.063155 0.287631
0.301527 -0.097805 0.140134
0.231463 0.115496 -0.313114
0.199737 -0.156125 0.394269
0.195818 0.160104 0.072530
0.295237 0.335126 -0.151602
0.490871 -0.003470 -0.191662
0.379259 0.290871 -0.335729
0.257507 0.146121 -0.311737
0.372573 0.005558 -0.626203
0.270996 -0.090064 -0.514951
0.279040 0.107910 0.233431
0.296709 0.313679 -0.011140
0.164650 0.231110 -0.242875
0.790415 -0.259620 -0.475143
0.227681 0.141288 0.336805
0.118546 -0.078620 -0.312800
0.730879 0.095895 -0.541197
0.408753 0.130211 -0.211970
0.298662 0.195801 0.315677
0.287069 0.262182 -0.300232
0.340488 0.388360 -0.314670
0.373414 -0.035721 -0.247347
0.279751 0.273746 -0.244539
0.325236 0.193978 -0.241275
0.229852 -0.083971 -0.340077
0.339049 0.220515 0.106318
0.224969 0.137701 0.193876
0.284104 0.125037 0.308202
0.323402 0.515965 -0.120608
0.347526 0.028372 -0.381196
0.292395 0.257848 0.180504
0.346707 0.280330 -0.255736
0.401564 0.054046 -0.188210
0.281524 -0.236953 -0.113903
0.287110 -0.061025 0.205360
0.422740 0.343347 -0.205778
0.255807 0.301177 -0.203579
0.277422 0.440179 -0.251206
0.456363 0.221369 -0.310724
0.259080 -0.023225 0.130980
0.316361 -0.266258 -0.289777
0.787838 0.398986 -0.386013
0.191938 0.083408 -0.365040
0.308353 -0.055730 0.342619
0.223325 0.135844 -0.377427
0.223495 0.132930 -0.562775
0.309970 0.168106 -0.292499
0.406604 -0.224381 -0.432666
0.303455 0.253305 -0.548488
0.160420 0.099001 0.269308
0.319681 0.026421 0.125215
0.360707 -0.199143 -0.299363
0.311212 -0.262529 -0.171344
0.198353 -0.111763 -0.041942
0.519214 0.090338 -0.397237
0.439538 0.180211 0.167535
0.301132 0.497792 -0.322123
0.285006 0.131844 0.120869
0.244147 0.071218 0.176206
0.441854 -0.248056 -0.355226
0.355802 0.298092 0.282525
0.211274 0.195706 -0.366628
0.293786 0.181329 0.148697
0.206486 -0.074705 0.283663
0.571382 -0.113125 -0.270850
0.323144 0.439086 -0.262167
0.335509 0.389292 -0.173872
0.283168 0.336134 -0.333359
0.311092 0.107684 0.211134
0.183824 0.229692 0.144738
0.227727 -0.192826 -0.378567
0.198893 0.164884 -0.223430
0.326618 0.149271 -0.408363
0.228632 0.244899 -0.454533
0.380801 0.246643 -0.125814
0.143870 0.080334 -0.482731
0.250957 0.393719 0.209196
0.086291 0.097265 -0.313053
0.252534 -0.183366 0.153449
0.139741 -0.054749 0.389571
0.353439 -0.040719 0.113805
0.261574 -0.311145 -0.334942
0.125046 0.021750 -0.379618
0.360086 -0.229729 0.297627
0.358995 -0.330658 -0.404984
0.319384 0.210625 -0.178310
0.451144 -0.003055 -0.363338
0.227803 -0.169036 -0.165127
0.193563 0.061962 -0.293089
0.247205 -0.043472 -0.277710
0.305635 0.063575 -0.348947
0.210155 -0.241070 0.085488
0.284658 0.253561 -0.040263
0.066121 0.035791 -0.120643
0.155632 0.083504 -0.150308
0.262399 0.235148 -0.370000
0.191183 -0.172499 0.230760
0.266215 -0.322781 -0.225376
0.641892 0.416013 -0.151705
0.191058 -0.125666 -0.286837
0.275826 0.263474 0.244768
0.092505 0.067936 0.155166
0.377700 -0.085385 -0.199790
0.225296 -0.022389 -0.180219
0.150392 -0.114244 -0.181089
0.180316 -0.145945 -0.366160
0.344697 -0.214209 -0.219130
0.199090 -0.248763 -0.309591
0.219026 0.365093 0.064977
0.261145 0.429945 -0.401581
0.108153 -0.031169 0.108279
-0.139596 0.150070 -0.550783
-0.239156 0.350534 -0.409809
-0.387991 0.368576 -0.411808
-0.475760 0.546248 -0.203229
-0.480728 0.379287 -0.390797
-0.403986 0.565901 -0.047757
-0.340046 0.340364 -0.477015
-0.399765 0.537277 -0.055036
-0.512016 0.351785 -0.423264
-0.423926 0.633592 -0.038569
-0.338009 0.444406 -0.409711
-0.283797 0.594114 0.266032
-0.533679 0.571102 -0.182946
-0.496664 0.587189 0.254321
-0.783570 0.530468 -0.342409
-0.832346 0.554424 0.197396
-0.952968 0.623769 -0.405928
-0.827935 0.732010 0.069227
-0.790231 0.623826 -0.693917
-0.693474 0.662752 -0.145534
-0.595357 0.622657 -0.465952
-0.493325 0.666361 -0.082013
-0.357121 0.538001 -0.515060
-0.285928 0.546171 0.054967
-0.362656 0.569729 -0.207156
-0.392166 0.692482 0.170516
-0.267421 0.569260 -0.268534
-0.293481 0.446864 0.140535
-0.360906 0.699585 -0.112167
-0.275164 0.737549 0.092710
0.004140 0.523114 0.028922
0.279374 0.396500 -0.189975
-0.311948 -0.225615 -0.573093
-0.669176 -0.367305 -0.272826
-0.628082 -0.316704 -0.667978
-1.001535 -0.213539 -0.199318
-0.899938 -0.347586 -0.661665
-1.196201 -0.287861 0.067662
-0.978523 -0.271293 -0.354798
-1.047850 -0.283515 -0.006399
-0.951216 -0.405283 -0.649807
-1.183797 -0.319324 0.113060
-0.981302 -0.191909 -0.447270
-1.087384 0.015669 -0.041423
-0.917241 0.132888 -0.462837
-1.239316 0.069254 0.847879
-1.072912 0.174384 -0.063708
-1.470925 0.065435 0.864326
-1.174535 0.054339 -0.344268
-1.438871 0.063114 1.023464
-0.854631 0.062917 -0.182848
-0.866385 0.168460 0.599885
-0.351661 0.080008 -0.421587
-0.625146 0.061278 0.733427
-0.550044 -0.142776 -0.086946
-0.756982 -0.150377 0.205924
-0.520762 -0.151798 -0.338429
-0.728758 -0.282044 0.725205
-0.591039 -0.286522 0.040628
-0.767437 -0.283943 0.373570
-0.447357 -0.568395 -0.042437
-0.683194 -0.558175 0.648348
-0.300566 -0.179264 0.181476
-0.123289 -0.207189 0.086116
-0.610558 -0.003170 -0.529029
-0.952861 0.344966 -0.051323
-1.235921 0.270244 -0.584586
-1.286957 0.390672 0.185971
-1.486914 0.198133 -0.575990
-1.316436 0.618448 0.008463
-1.289360 0.212457 -0.834256
-1.329136 0.450645 0.197191
-1.636141 0.161342 -0.819673
-1.480789 0.780199 0.039698
-1.528961 0.557204 -0.886405
-1.247070 0.729122 0.393278
-1.681014 0.542507 -0.745635
-1.469417 0.442279 0.128237
-2.019489 0.478639 -1.116222
-1.857021 0.451069 0.232045
-2.085384 0.584213 -0.855320
-1.967620 0.685055 -0.011509
-2.003655 0.746936 -0.918434
-1.698708 0.834639 0.069717
-1.587289 0.800062 -0.701323
-1.295677 0.619411 -0.508058
-1.150978 0.681957 -1.101495
-1.225993 0.745095 0.003724
-1.124992 0.739976 -0.681186
-1.181401 0.703440 -0.181409
-1.037569 0.821451 -0.865649
-1.235770 0.957894 0.176155
-1.117753 1.025893 -0.418523
-1.088959 1.029478 -0.069230
-0.730724 1.064804 -0.452793
-0.190299 0.794626 -0.386093
-0.513023 -0.343460 -0.513192
-1.040395 -0.733813 -0.112347
-1.044436 -0.738977 -0.496790
-1.358226 -0.740002 -0.235417
-1.222420 -0.955208 -0.744052
-1.603974 -0.964674 0.355094
-1.348710 -1.047444 -0.468559
-1.645070 -0.883233 -0.197158
-1.474798 -1.051484 -1.032262
-1.815608 -0.737131 0.599073
-1.523226 -0.642242 -0.773515
-1.871000 -0.063839 0.254795
-1.657893 0.146636 -0.778484
-1.871337 0.123778 0.971103
-1.360603 0.202695 -0.459614
-1.730592 0.091576 0.794475
-1.308368 0.335572 -0.619933
-1.670989 0.259103 1.047226
-1.220161 0.320830 -0.130208
-1.328417 0.320912 0.573381
-0.832023 0.390295 -0.571024
-0.978213 0.368684 0.709442
-0.815007 0.236372 -0.034858
-0.850947 0.126958 0.443188
-0.632476 0.158559 -0.510834
-0.860487 0.124614 0.603481
-0.657299 -0.042737 0.038560
-0.756509 -0.166746 0.565312
-0.572473 -0.030541 -0.139267
-0.733380 -0.175626 0.680899
-0.324906 -0.246270 0.160839
-0.137025 -0.288274 0.349204
-0.659895 -0.166218 -0.504051
-1.118398 0.175612 -0.072090
-1.517627 0.136348 -0.455058
-1.505532 0.131130 0.126690
-1.827914 -0.085495 -0.367960
-1.701216 0.273805 0.072945
-1.773102 -0.128078 -0.595268
-1.717269 0.146430 0.382958
-2.167954 -0.069750 -0.460475
-1.908096 0.461265 0.269891
-2.173549 0.418335 -0.561216
-1.832096 0.573356 0.516526
-2.355334 0.626984 -0.394812
-1.987051 0.633528 0.485173
-2.383933 0.603396 -0.695477
-2.230050 0.596758 0.340524
-2.285804 0.719600 -0.801653
-2.235198 0.884908 0.215621
-2.027593 0.950663 -0.949858
-1.824435 0.940060 0.005860
-1.672762 1.040434 -0.557905
-1.475462 0.922967 0.146325
-1.334589 0.878154 -0.818762
-1.334244 0.814974 -0.110594
-1.302042 0.972511 -0.517666
-1.397331 1.006205 0.340324
-1.383423 0.939894 -0.566008
-1.382316 0.877385 -0.005517
-1.337778 1.091246 -0.478738
-1.454925 1.204381 0.153659
-1.121005 1.066596 -0.243767
-0.319715 0.838930 -0.309402
-0.534295 -0.432935 -0.471785
-1.056435 -1.025474 -0.169597
-1.145472 -1.295181 -0.377431
-1.624460 -1.113023 -0.240116
-1.347522 -1.342808 -0.887372
-1.773679 -1.537853 0.226008
-1.523300 -1.372776 -0.757161
-1.815527 -1.175921 -0.068982
-1.484173 -1.316791 -1.493794
-1.950431 -0.943048 0.805363
-1.771121 -0.895586 -1.108072
-2.225679 -0.302776 0.401591
-1.779119 -0.050913 -1.082363
-2.163372 0.202687 1.081718
-1.331967 0.478591 -0.475377
-1.843127 0.324019 0.758969
-1.195609 0.393833 -0.812347
-1.636707 0.311130 1.037476
-1.061637 0.570337 -0.482603
-1.178046 0.404072 0.472735
-0.939456 0.599523 -0.724543
-1.159765 0.395864 0.664803
-0.958807 0.521802 -0.421025
-0.965143 0.315002 0.142777
-0.748676 0.370736 -0.506481
-1.042605 0.122186 0.424832
-0.815845 0.231092 -0.189184
-1.054999 -0.029644 0.324345
-0.810316 -0.042106 0.010046
-0.970411 -0.511112 0.402750
-0.431203 -0.659897 0.324948
-0.373865 -0.404360 0.316118
-0.637494 -0.132298 -0.394869
-1.170368 0.444153 -0.069706
-1.486114 0.247751 -0.517368
-1.681746 0.279252 0.368717
-1.918236 0.098503 -0.513394
-1.849360 0.504661 0.200937
-1.726756 0.037072 -0.720552
-1.870871 0.259746 0.703383
-2.393059 0.113439 -0.502181
-2.199504 0.290485 0.253944
-2.135221 0.359132 -0.847337
-1.978599 0.458883 0.822023
-2.414726 0.495206 -0.600628
-2.072341 0.557414 0.478379
-2.172911 0.639791 -1.301896
-2.169658 0.583693 0.939928
-2.104229 0.545642 -1.072551
-2.139674 0.770051 0.147717
-1.655720 0.758542 -1.462315
-1.932157 0.877474 0.741540
-1.603043 0.837491 -0.939625
-1.534681 0.895071 0.024956
-1.180233 1.066772 -1.325205
-1.553164 1.148562 0.677010
-1.468296 1.111456 -0.790216
-1.568373 1.090570 -0.007868
-1.179253 1.164869 -1.059025
-1.526465 1.298969 0.250112
-1.448052 1.220603 -0.481041
-1.537839 1.228314 -0.055642
-1.217147 1.164284 -0.507845
-0.400675 0.916735 -0.376936
-0.498530 -0.433891 -0.367014
-0.997173 -0.975928 0.046721
-0.986897 -1.309211 -0.280448
-1.549333 -0.722625 -0.225615
-1.231832 -1.111830 -1.111990
-1.598663 -0.991221 0.567093
-1.174525 -0.874394 -0.858517
-1.544964 -0.716092 0.280820
-1.201070 -0.741223 -1.603785
-1.876889 -0.727175 1.146410
-1.381016 -0.500414 -0.800318
-1.701687 -0.290444 0.610415
-1.405552 0.067143 -1.313112
-2.016411 0.067205 1.260479
-1.385377 0.332963 -0.442729
-1.759657 0.285305 0.927408
-1.011556 0.454673 -1.158421
-1.758659 0.385720 1.540087
-1.050385 0.486084 -0.658949
-1.218330 0.363421 0.745394
-0.715826 0.471672 -1.225866
-1.062687 0.484111 1.305173
-0.849968 0.524707 -0.455579
-0.969022 0.351722 0.351767
-0.762154 0.558693 -0.796636
-1.135595 0.442238 0.933891
-0.949838 0.441737 -0.041565
-1.122326 -0.180625 0.565664
-0.944036 -0.205669 -0.153773
-1.069128 -0.295262 0.600486
-0.706222 -0.143984 0.187278
-0.397627 -0.296157 0.080566
-0.557060 -0.108395 -0.312491
-1.125629 0.491131 0.054515
-1.355495 0.315215 -0.356814
-1.547861 0.273086 0.522728
-1.718953 -0.042728 -0.231174
-1.592711 0.430483 0.472124
-1.307694 -0.035117 -0.513160
-1.202397 0.018683 0.543308
-1.503988 -0.064631 -0.374231
-1.526356 0.364018 0.308114
-1.583036 0.178885 -0.805336
-1.602208 0.413548 0.675261
-1.876955 0.378060 -0.460783
-1.894266 0.559749 0.526207
-1.866267 0.489716 -1.119714
-1.988936 0.592030 0.459348
-1.905978 0.618687 -0.945303
-2.072952 0.761785 0.558730
-1.602971 0.603766 -1.264753
-1.663353 0.717040 0.237730
-1.443574 0.746673 -0.972752
-1.635982 0.843568 0.590065
-1.401576 0.757050 -1.284909
-1.463901 0.805351 0.402882
-1.373696 1.060691 -0.987809
-1.721780 0.980691 0.749362
-1.544008 0.880251 -1.015992
-1.591349 0.754167 0.435130
-1.401155 1.446418 -0.847385
-1.556904 1.341937 0.297760
-1.255898 1.159278 -0.373773
-0.421690 0.868263 -0.290828
-0.463784 -0.360262 -0.338757
-0.932402 -0.819372 -0.022155
-0.843261 -1.358736 -0.077523
-1.384911 -0.776435 -0.106480
-0.903236 -1.227468 -0.891856
-1.322969 -1.005013 0.562699
-0.761740 -1.022952 -0.338856
-1.279957 -0.873477 0.240107
-0.856345 -1.092085 -1.105953
-1.592628 -0.991027 0.768319
-1.003415 -0.700573 -0.512473
-1.418552 -0.333209 0.187889
-1.094185 -0.300735 -1.069027
-1.460814 -0.174450 0.814636
-1.009303 0.138961 -0.309047
-1.274551 0.149350 0.561698
-1.053225 0.063504 -0.666700
-1.391139 0.162102 1.037911
-0.982822 0.473460 -0.365069
-1.113660 0.348621 0.437652
-0.946612 0.290590 -0.825046
-1.116386 0.239360 0.759015
-0.973070 0.317178 -0.313256
-1.030421 0.167825 0.138061
-1.024359 0.210957 -0.652707
-1.165126 -0.285792 0.551359
-1.029763 -0.035795 -0.173140
-1.087286 -0.308400 0.478303
-1.045528 -0.148562 0.111741
-0.974234 -0.550827 0.452232
-0.710919 -0.529933 0.157095
-0.459606 -0.367278 0.169895
-0.500629 -0.073024 -0.351132
-1.162044 0.479815 -0.042687
-1.203501 0.145172 -0.681329
-1.597113 0.269424 0.504624
-1.414584 -0.029702 -0.722727
-1.311105 0.144414 0.265498
-0.797161 -0.348957 -1.164261
-1.163708 -0.163558 0.753240
-1.296396 -0.161211 -0.916857
-1.307904 0.086310 0.420039
-1.238394 -0.059148 -1.390367
-1.229326 0.222355 0.748847
-1.407691 0.144584 -1.250608
-1.279142 0.264366 0.272520
-1.380464 0.183341 -1.476991
-1.485324 0.476082 0.791592
-1.559155 0.277890 -1.280631
-1.502749 0.404874 0.193188
-1.261251 0.336490 -1.687654
-1.476369 0.591699 0.779902
-1.441410 0.314625 -1.459668
-1.354255 0.491704 0.154390
-1.178690 0.612054 -1.768261
-1.517010 0.894613 0.812424
-1.459246 0.545916 -1.247934
-1.456713 0.346869 0.340223
-1.263401 1.093204 -1.699754
-1.491226 0.760490 0.400951
-1.483103 1.170549 -0.678143
-1.430637 0.854869 0.047181
-1.246064 1.034913 -0.721787
-0.377160 0.738221 -0.439407
-0.307475 -0.345204 -0.366842
-0.842900 -0.853182 0.373050
-0.494170 -1.460813 -0.212523
-0.918261 -0.973828 0.278046
0.078707 -1.302990 -1.292978
-0.854076 -0.943665 1.280363
-0.114050 -1.155672 -0.945716
-0.777787 -0.921274 0.784579
-0.012396 -1.202231 -1.710085
-1.203460 -0.912508 1.703665
-0.660328 -0.840045 -0.957207
-1.024944 -0.442961 0.870920
-0.494232 -0.546942 -1.538677
-1.086074 -0.242680 1.723134
-0.746656 -0.265293 -0.738374
-0.923769 -0.010915 0.830888
-0.532587 -0.083126 -1.414248
-1.204468 0.135105 1.735353
-0.953161 -0.012165 -0.616401
-1.008886 0.221055 0.704612
-0.745399 0.069526 -1.219870
-1.158270 0.271868 1.668391
-0.961925 0.012661 -0.517945
-1.026106 -0.096886 0.445833
-0.835340 0.196039 -0.994563
-1.089001 0.210074 1.100689
-0.785316 0.174293 -0.078935
-0.957013 -0.401602 0.596945
-0.898413 -0.214651 -0.137845
-0.965996 -0.357406 0.716289
-0.643354 -0.089526 0.079854
-0.399895 -0.500867 0.061450
-0.476777 -0.006467 -0.208174
-1.144510 0.542037 0.018543
-1.162999 0.344462 -0.447734
-1.500608 0.264805 0.337421
-1.310826 0.131750 -0.362401
-1.366781 0.144527 0.209669
-0.824086 -0.165475 -0.420696
-1.022350 -0.183134 0.463272
-1.129102 -0.036830 -0.479326
-1.172046 0.070772 0.431776
-0.917084 -0.046421 -0.661940
-0.869108 0.066230 0.586516
-1.083729 0.228929 -0.562195
-1.090023 0.294220 0.503021
-1.028750 0.205153 -0.840271
-0.991061 0.318872 0.498712
-0.985946 0.395197 -0.845328
-1.197948 0.491353 0.787366
-1.102595 0.272620 -1.142397
-1.020619 0.594655 0.692743
-1.138552 0.530489 -1.193450
-1.473014 0.605674 1.012589
-1.396084 0.372481 -1.573138
-1.341551 0.358437 0.862947
-1.327846 0.863699 -1.202526
-1.566231 0.763831 0.982411
-1.516740 0.356235 -1.023068
-1.388291 0.248955 0.617393
-1.208727 1.176148 -1.043687
-1.243426 0.577643 0.168554
-1.078374 0.446960 -0.332120
-0.371683 0.199102 -0.141945
-0.166393 -0.210907 -0.279656
-0.618354 -0.550425 0.314819
-0.367138 -0.613393 0.175057
-0.780002 -0.425409 0.197714
-0.246348 -0.905097 -0.378772
-0.702138 -0.706841 0.732171
-0.293269 -0.690711 0.140798
-0.677572 -0.745960 0.364100
-0.482161 -0.958233 -0.354133
-0.846097 -0.901490 0.950316
-0.531865 -0.607799 0.179765
-0.643929 -0.532787 0.613623
-0.457624 -0.647407 -0.458568
-0.671680 -0.534562 1.099789
-0.380957 -0.179599 0.107032
-0.564022 -0.078025 0.602722
-0.568820 -0.196601 -0.467549
-0.673162 -0.086757 1.107701
-0.531041 0.026064 -0.037708
-0.566896 0.095189 0.743331
-0.715696 -0.134234 -0.291729
-0.777294 -0.211101 1.152899
-0.624474 -0.081704 -0.161143
-0.859791 -0.095494 0.704033
-0.923618 -0.077653 -0.324143
-0.969074 -0.426781 0.789607
-0.731190 -0.037209 -0.149064
-0.842881 -0.181821 0.677731
-0.797078 -0.028142 0.035906
-0.785115 -0.539101 0.406875
-0.547661 -0.597230 0.059375
-0.430115 -0.549768 0.026947
-0.439188 0.099850 -0.136305
-1.040128 0.574041 0.025176
-1.177256 0.590184 -0.504713
-1.469632 0.362822 0.114468
-1.421877 0.326804 -0.562088
-1.282667 0.399668 -0.162690
-0.897617 0.022547 -0.802044
-0.969829 -0.119086 0.399428
-1.060332 -0.086266 -0.600894
-0.829377 0.081566 -0.043009
-0.622119 0.061931 -1.059692
-0.677810 0.077533 0.571937
-0.895612 0.073389 -0.616092
-0.590498 0.170561 0.078700
-0.417471 0.179359 -1.293897
-0.519999 0.271702 0.852653
-0.790928 0.199205 -0.811942
-0.517208 -0.095253 0.217940
-0.488575 0.428384 -1.406603
-0.928883 0.615599 0.976861
-1.045479 0.281348 -1.129061
-0.931588 0.137254 0.337928
-0.868238 0.632347 -1.714548
-1.425489 1.026003 1.090114
-1.471986 0.457712 -1.159788
-1.294182 0.545125 0.544196
-1.030245 0.996680 -1.653043
-1.268275 0.566998 0.501862
-1.271758 0.265417 -0.723961
-1.282144 -0.183408 0.245348
-1.033296 -0.063905 -0.745378
-0.339507 -0.142554 -0.387713
-0.269990 -0.109323 -0.281254
-0.806677 -0.289451 0.418970
-0.608150 -0.467754 0.116264
-1.005806 -0.312210 0.224092
-0.160398 -0.610227 -0.587812
-0.684449 -0.388700 0.978023
0.036172 -0.576401 -0.309742
-0.360453 -0.580140 0.611479
0.173573 -0.897729 -0.904136
-0.647988 -0.662510 1.630873
0.047465 -0.704915 -0.304258
-0.205724 -0.494501 0.910000
0.396859 -0.533457 -0.928614
-0.398939 -0.327710 1.805813
0.108978 -0.250472 -0.339126
-0.103061 -0.070483 0.983333
0.167134 -0.024770 -0.949960
-0.572015 0.112360 1.879961
-0.256311 -0.041920 -0.242982
-0.484419 -0.124120 1.104718
-0.305917 0.167567 -0.883324
-1.016708 0.333149 2.013868
-0.546705 -0.060201 -0.041901
-0.803737 -0.308540 1.135520
-0.512595 0.203040 -0.822260
-1.215946 0.255452 1.393553
-0.756784 0.105167 -0.149830
-0.997013 -0.360799 0.816471
-0.832744 0.036862 -0.274122
-1.013192 -0.603481 0.571965
-0.648875 -0.540377 0.093643
-0.398712 -0.895631 -0.158357
-0.357843 -0.084265 -0.139569
-1.006892 0.468666 -0.097350
-1.097778 0.725275 -0.568148
-1.319018 0.517843 -0.205608
-1.273566 0.420404 -0.570867
-1.465890 0.438969 -0.260499
-1.202572 0.202178 -0.437217
-1.170629 0.019606 -0.136363
-0.828922 -0.083110 -0.503563
-1.124179 0.171652 -0.009062
-0.799415 0.067108 -0.354726
-0.756097 0.092773 0.137679
-0.382376 0.138440 -0.346254
-0.781825 0.352069 0.050688
-0.554441 0.314200 -0.547960
-0.399491 0.254918 0.194304
-0.090942 0.494172 -0.763311
-0.701824 0.554627 0.355451
-0.808484 0.428347 -0.774686
-0.908417 0.482827 0.399484
-0.571994 0.752379 -1.113406
-1.238021 0.699344 0.617846
-1.252419 0.466624 -1.205442
-1.222360 0.441048 0.648426
-0.730857 1.058798 -1.513062
-1.331650 1.221360 0.972407
-1.497995 0.641202 -1.160401
-1.445844 0.442966 0.533315
-0.973612 0.682178 -1.501234
-1.218243 -0.210601 -0.026082
-1.058363 -0.409080 -0.556654
-0.354966 -0.365364 -0.346562
-0.285544 -0.266753 -0.253047
-0.852543 -0.580688 0.240342
-0.749807 -0.845707 0.271849
-1.311924 -0.336072 -0.093300
-0.782474 -0.507439 -0.316866
-1.109031 -0.218144 0.265556
-0.643391 -0.229186 -0.121068
-1.152808 -0.160581 -0.012204
-0.748687 -0.585631 -0.130326
-0.947727 -0.570666 0.574678
-0.452699 -0.451726 -0.185403
-0.688787 -0.324744 0.257288
-0.312832 -0.472347 -0.216777
-0.501700 -0.406481 0.740197
-0.286713 -0.157251 -0.238358
-0.503220 0.001836 0.143427
-0.353586 -0.098053 -0.164043
-0.437090 -0.049451 0.687111
-0.334679 0.108665 -0.277545
-0.754971 0.152640 0.259653
-0.821023 -0.045979 -0.084317
-0.828526 -0.385689 0.841400
-0.850223 0.175999 -0.379403
-1.107607 0.038107 0.494082
-0.939133 0.088125 -0.083791
-1.003445 -0.489729 0.642259
-0.731475 0.077310 -0.484271
-1.116309 -0.336380 0.584119
-0.933743 -0.102354 0.028064
-1.044264 -0.886289 0.228775
-0.827456 -0.923431 -0.062412
-0.567779 -0.958959 -0.192367
-0.396294 -0.234168 -0.318117
-1.050887 0.309551 -0.314532
-1.191272 0.607512 -0.867380
-1.492127 0.596685 -0.450386
-1.497569 0.587537 -0.804256
-1.491583 0.545665 -0.475042
-1.079668 0.227812 -0.747127
-1.188914 0.159888 -0.025399
-1.214895 -0.056747 -0.588764
-1.161533 0.097857 -0.301968
-0.767219 -0.158723 -0.827167
-0.788601 0.008401 0.224313
-0.864618 0.041972 -0.486034
-0.683314 0.189020 -0.322608
-0.518373 0.127125 -0.990546
-0.630888 0.179522 0.303127
-0.737506 0.227447 -0.550957
-0.682301 0.390076 -0.316626
-0.610723 0.328371 -1.168983
-0.979501 0.168312 0.485495
-1.195165 0.279396 -1.017303
-1.180738 0.009929 -0.054988
-0.921083 0.684237 -1.603413
-1.492712 0.409267 0.695684
-1.514953 0.357495 -1.283722
-1.599700 0.174906 0.279272
-1.257852 0.866937 -1.578715
-1.754002 0.359214 0.250241
-1.553410 -0.283014 -0.845596
-1.475246 -0.449859 -0.165547
-1.278239 -0.082904 -0.828761
-0.352575 0.322686 -0.638251
-0.300433 -0.457166 -0.390145
-0.925307 -1.139295 0.199697
-0.810609 -1.613619 0.064095
-1.392127 -0.381655 0.054749
-0.869935 -0.538148 -0.580791
-1.421895 -0.208050 0.393280
-0.864250 -0.301141 -0.500866
-1.105414 -0.172582 0.124689
-0.541363 -0.416754 -0.778048
-1.102402 -0.295967 0.731093
-0.492380 -0.547504 -0.494866
-0.691980 -0.518578 0.408595
-0.076197 -0.490453 -0.882766
-0.835393 -0.263081 1.002720
-0.264998 -0.296094 -0.414096
-0.580256 -0.232447 0.341384
-0.057367 -0.079639 -0.999209
-0.746848 0.042845 0.988858
-0.398010 -0.010065 -0.338013
-0.866032 -0.130687 0.420199
-0.542037 0.177794 -1.013308
-1.276378 0.022167 1.140647
-0.822994 0.053052 -0.375331
-1.087366 -0.365683 0.596638
-0.550210 0.226523 -1.202431
-1.408411 -0.272424 0.635064
-1.005634 -0.030778 -0.313315
-1.649717 -0.755167 0.521283
-1.235542 -0.649686 -0.371438
-1.479744 -1.317551 0.396612
-1.082838 -0.965076 -0.114924
-0.590393 -1.074403 -0.292322
-0.521255 -0.292048 -0.324618
-1.149268 0.186772 0.014710
-1.469840 0.571560 -0.554517
-1.515550 0.493029 -0.172260
-1.545518 0.457612 -0.609621
-1.571404 0.513109 -0.269105
-1.565390 0.372895 -0.438489
-1.382205 0.244098 -0.209899
-1.118711 0.042446 -0.632332
-1.236792 0.018125 -0.176272
-1.160916 -0.017993 -0.535916
-1.069668 0.054833 -0.166677
-0.748583 0.002832 -0.604905
-0.918207 0.078074 -0.189628
-0.960296 0.158592 -0.618028
-0.941783 0.233588 -0.180551
-0.625830 0.340459 -0.693290
-0.976066 0.346575 -0.348565
-1.017376 0.384406 -0.777016
-1.187472 0.445747 -0.371656
-0.834207 0.730204 -1.061766
-1.278004 0.558950 -0.280400
-1.333452 0.621562 -1.144652
-1.489097 0.125843 0.037564
-1.177366 0.879975 -1.499653
-1.657516 0.245756 0.071249
-2.030124 0.173456 -1.105675
-2.165479 -0.351676 0.123534
-1.875762 0.555923 -1.427780
-1.560577 0.932558 -0.243889
-1.465050 1.091898 -0.539561
-0.288440 0.869698 -0.652583
-0.289124 -0.530986 -0.213838
-0.824041 -0.896166 0.185918
-0.815390 -1.234527 0.114260
-1.259920 -0.332696 0.403159
-0.961250 -0.489941 -0.006630
-1.341146 -0.206252 0.552321
-0.891408 -0.194367 0.082497
-1.252308 0.015876 0.321056
-0.962962 -0.298843 0.016290
-1.266413 -0.340601 0.350575
-0.877282 -0.494500 -0.004268
-1.211056 -0.475678 0.213816
-0.877395 -0.613270 -0.227435
-1.095275 -0.525663 0.169098
-0.856543 -0.380331 -0.133482
-1.075182 -0.294447 0.095560
-0.867159 -0.304282 -0.233715
-0.967714 -0.328385 0.075690
-0.854117 -0.110264 -0.252261
-1.084979 -0.203609 -0.137178
-1.040130 -0.023442 -0.292331
-1.062200 -0.176234 0.031310
-1.077695 0.113123 -0.315389
-1.176852 -0.090480 0.047898
-1.205021 0.032999 -0.193607
-1.310449 -0.347496 0.184583
-1.220540 -0.340510 -0.228711
-1.591262 -0.729412 0.134606
-1.405151 -0.787336 -0.064085
-1.316363 -1.049979 0.063052
-0.981096 -0.864910 -0.368620
-0.457578 -0.240764 -0.056246
-0.099973 -0.333758 0.135095
-0.495112 -0.072426 0.287307
-0.810432 0.329168 -0.026642
-0.920814 0.218150 0.233148
-1.107126 0.506786 0.091400
-1.011545 0.382846 -0.176738
-1.055620 0.346286 -0.306313
-1.020916 0.100377 -0.002022
-1.079792 -0.012847 -0.123481
-1.112327 -0.124194 -0.164701
-1.013452 -0.179769 -0.487055
-1.048208 -0.052218 -0.007509
-0.926521 -0.033190 -0.198381
-0.951026 -0.050708 -0.164260
-0.862166 0.003924 -0.512910
-0.915212 0.072026 -0.066255
-0.932841 0.154960 -0.412586
-0.980976 0.102558 -0.497745
-1.010741 0.202116 -0.745764
-1.041446 0.393496 -0.299143
-1.067610 0.382004 -0.672280
-0.926229 0.355572 -0.490358
-1.121154 0.366947 -0.962217
-1.191240 0.084827 -0.042271
-1.465712 0.042211 -0.752494
-1.462029 0.083001 -0.277728
-1.857659 0.226485 -0.807498
-1.632144 0.092415 -0.060439
-1.696909 0.353301 -0.369037
-1.071470 0.922977 0.119154
-1.154723 1.122608 0.177781
-0.050148 0.819137 -0.145352
0.299527 -0.521235 0.095507
0.033095 -0.596129 0.467580
0.095621 -0.573291 0.570133
0.020443 -0.402125 0.578764
0.012921 -0.271080 0.567991
-0.219431 -0.161135 0.682426
-0.236396 -0.060754 0.505482
-0.412149 -0.062915 0.319815
-0.404661 -0.095811 0.224068
-0.575781 -0.178507 0.313406
-0.386171 -0.248621 0.181047
-0.453447 -0.293475 0.195401
-0.384840 -0.273071 -0.001569
-0.452615 -0.218974 0.220229
-0.345248 -0.198405 0.035548
-0.340428 -0.188952 0.034084
-0.357176 -0.130824 -0.199754
-0.401504 -0.126632 0.046897
-0.342538 -0.162331 -0.206612
-0.370790 -0.162682 -0.128929
-0.467087 -0.052264 -0.432949
-0.547081 -0.002226 -0.083261
-0.476561 -0.077393 -0.366509
-0.439170 -0.113386 -0.199086
-0.544025 -0.133538 -0.368351
-0.497371 -0.141977 0.067170
-0.636728 -0.371383 -0.195293
-0.416265 -0.296506 0.016374
-0.447784 -0.365999 -0.052851
-0.101885 0.144191 0.541486
0.056616 0.150424 0.445960
0.204765 0.305201 0.554073
