0.692743 -0.258046 -0.578172
0.416587 -0.182175 -0.384559
0.392315 -0.334137 -0.109003
0.170862 0.321090 -0.346701
0.335196 -0.354426 0.259985
0.702327 0.460500 -0.431880
0.198821 -0.063239 0.238024
0.242834 0.426348 -0.048562
0.840226 0.353830 -0.365551
0.165185 0.430085 -0.236206
0.193065 0.238812 0.214332
0.251565 0.182916 0.149078
0.223292 0.277080 0.335140
0.432485 -0.013585 0.613414
0.142604 0.324598 0.247687
0.878676 -0.478667 -0.473401
0.336216 -0.189477 -0.482836
0.637749 -0.436424 -0.302371
0.142746 0.324977 -0.154447
0.129315 0.349396 -0.434055
0.359799 -0.254576 0.209167
0.493621 0.455258 -0.246331
0.441869 0.208308 -0.399544
0.243831 0.044303 -0.404243
0.191456 -0.013466 0.327187
0.524531 -0.099366 0.434111
0.114715 0.445525 -0.180148
0.468634 -0.346633 0.148265
0.116909 0.333498 -0.220105
0.354519 -0.173674 -0.307381
0.097219 0.222166 -0.462533
0.229469 0.050415 -0.318208
0.356250 0.257509 -0.447847
0.348219 -0.065912 -0.361050
0.556076 0.063931 -0.542345
0.340704 0.287962 -0.274303
0.784333 -0.371687 -0.325693
0.281583 0.158076 -0.443924
0.401385 0.095365 0.316705
0.174806 0.260988 -0.341231
0.161278 0.246303 0.125505
0.215452 0.290659 0.129136
0.246805 -0.348413 0.174816
0.204537 -0.191617 -0.510755
0.127883 0.127501 -0.274588
0.211580 -0.224141 -0.331720
0.089043 -0.242718 0.150731
0.550945 0.230797 0.370858
0.125484 0.240461 -0.302514
0.651992 -0.219225 0.396242
0.860240 -0.350782 -0.213948
0.260449 0.237264 -0.272210
0.216455 0.377540 0.078107
0.220972 -0.104283 0.535111
0.212516 -0.234186 0.253196
0.533904 -0.258796 0.192678
0.870655 -0.160474 -0.644527
0.297710 0.377198 0.043178
0.087719 0.217463 -0.367584
0.636498 0.134261 -0.430956
0.226570 -0.015277 -0.515576
0.278893 0.380252 -0.466081
0.129173 -0.270054 0.026524
0.208274 -0.323556 -0.022873
0.167680 -0.208370 -0.268145
0.515252 -0.117127 -0.585863
0.125406 0.380894 0.025633
0.263335 0.000470 0.394468
0.306783 0.374809 0.184359
0.121543 0.099059 0.412096
0.384000 0.360925 0.123935
0.481206 0.110301 -0.407310
0.141121 0.098683 0.265445
0.385895 -0.187949 0.247645
0.863916 0.351366 -0.759442
0.299076 -0.053994 -0.299954
0.371112 -0.059078 0.232172
0.260828 -0.163927 -0.350083
0.239662 -0.139034 0.308029
0.214969 0.453305 -0.193101
0.233649 -0.255077 -0.280523
0.148813 -0.167421 0.200368
0.935425 0.223365 -0.500101
0.052003 0.036162 0.319871
0.324037 -0.260795 -0.381647
0.180175 -0.026225 -0.382266
0.458895 -0.255718 -0.457925
0.555076 -0.201121 -0.465367
0.107229 0.395525 -0.277476
0.794769 0.019405 -0.444079
0.052271 -0.130050 0.238291
0.579549 -0.376178 -0.126479
0.358386 0.184506 0.426495
0.107451 0.074997 0.201560
0.468774 0.089430 0.185783
0.549243 0.003862 0.265856
0.180481 -0.331507 -0.266208
0.575483 0.195680 -0.750918
0.346411 -0.279149 -0.237058
0.246018 -0.111535 -0.421894
0.116022 0.173535 0.147694
0.182691 0.430947 -0.077755
0.567634 -0.061097 -0.434123
0.397637 -0.257128 0.499133
0.324688 -0.022815 -0.454577
0.509359 0.371381 -0.593676
0.139926 0.366172 -0.050685
0.185908 0.440387 -0.291003
0.249731 0.034821 0.220628
0.359827 0.066916 -0.547717
0.093021 0.403247 -0.089934
0.404652 -0.112907 -0.484693
0.291660 -0.220704 0.262465
0.307983 0.303787 0.065256
0.598507 -0.234162 -0.372631
0.093394 0.004232 -0.316140
0.189910 -0.330750 0.307123
0.434882 0.015610 -0.340134
0.579515 0.239316 -0.545369
0.140563 0.416922 -0.341911
0.333137 -0.321515 0.112819
0.298347 -0.355670 0.014271
0.432777 -0.277879 -0.642602
0.289319 0.337765 -0.213713
0.389896 0.123538 -0.271816
0.242460 0.365387 -0.170031
0.289122 0.111754 -0.349497
0.323615 0.257368 0.228945
0.420830 -0.408144 -0.337712
0.078253 0.191880 -0.307339
0.375725 0.273927 -0.363803
0.249620 -0.314460 -0.442831
0.150398 0.342087 -0.292040
0.444461 0.359930 0.022644
0.123664 -0.101066 -0.510663
0.294157 -0.289244 0.405870
0.322813 0.371056 -0.040970
0.147755 0.335657 0.070490
0.147353 -0.052978 -0.344331
0.370151 0.422493 -0.403786
0.731186 -0.266948 -0.831639
0.073244 0.336698 -0.365074
0.087306 -0.207337 0.306602
0.164015 0.219273 -0.293960
0.316119 0.037254 0.264398
0.266738 -0.206088 0.146655
0.178647 0.138452 -0.324228
0.162639 -0.210937 0.404472
0.115718 0.303072 0.116999
0.188020 0.411375 -0.154125
0.719016 -0.078954 -0.339765
0.500901 0.336275 -0.426614
0.225181 0.185857 -0.320251
0.456503 -0.021492 -0.757246
0.293431 -0.107809 -0.616042
0.211890 0.146363 0.226797
0.248689 0.353123 -0.015081
0.111595 0.330513 -0.275021
0.913112 -0.427755 -0.711153
0.126832 0.200812 0.326420
0.082091 -0.116809 -0.365960
0.914531 0.092746 -0.817576
0.579334 0.218378 -0.334892
0.279653 0.213088 0.277525
0.208348 0.312978 -0.298528
0.395427 0.372360 -0.330038
0.490977 -0.107922 -0.334742
0.187242 0.331153 -0.237622
0.426522 0.251359 -0.293048
0.184761 -0.123215 -0.384535
0.497377 0.316869 0.097418
0.124977 0.290634 0.203727
0.227461 0.122411 0.303549
0.277524 0.423498 -0.127573
0.445041 0.016038 -0.475886
0.258815 0.340125 0.132701
0.499016 0.322175 -0.318811
0.575897 0.033900 -0.321421
0.191466 -0.324974 -0.159092
0.282809 -0.135033 0.190872
0.627886 0.379957 -0.268521
0.150218 0.367779 -0.207801
0.231893 0.401183 -0.244405
0.668865 0.267120 -0.470337
0.180715 -0.061581 0.167068
0.335492 -0.314309 -0.300479
0.950873 0.417064 -0.566515
0.146461 0.114561 -0.389388
0.334822 -0.117201 0.327877
0.179760 0.171790 -0.421591
0.209670 0.151277 -0.636034
0.325627 0.222645 -0.339163
0.550653 -0.348287 -0.571448
0.352855 0.255551 -0.606879
0.081562 0.215819 0.281531
0.339694 0.084705 0.124597
0.505176 -0.337970 -0.363424
0.307602 -0.337706 -0.178382
0.136238 -0.266500 -0.146523
0.743401 0.105911 -0.594842
0.617378 0.280239 0.172193
0.263088 0.410033 -0.292546
0.393712 0.216942 0.105684
0.162713 0.157335 0.179939
0.635996 -0.396625 -0.474408
0.440958 0.344511 0.262314
0.131828 0.239541 -0.368994
0.293334 0.248432 0.113596
0.156273 -0.123754 0.289480
0.808384 -0.250328 -0.450734
0.337482 0.403394 -0.266042
0.355702 0.388653 -0.161687
0.284754 0.325650 -0.335707
0.373059 0.166907 0.228116
0.091508 0.364396 0.162075
0.193929 -0.250592 -0.397056
0.111164 0.250011 -0.263086
0.423079 0.160568 -0.480639
0.166941 0.282484 -0.515444
0.534416 0.330024 -0.149383
0.115344 0.097971 -0.526512
0.178411 0.381454 0.156113
0.066759 0.127109 -0.351115
0.200833 -0.283731 0.152467
0.095240 -0.085324 0.389099
0.441936 -0.123788 0.147649
0.259196 -0.352426 -0.345902
0.085307 0.020186 -0.428279
0.476862 -0.279195 0.349783
0.408085 -0.374228 -0.473433
0.405435 0.304265 -0.215216
0.632263 -0.042067 -0.555975
0.133690 -0.290056 -0.216620
0.144473 0.063285 -0.341413
0.196775 -0.109807 -0.309348
0.361732 0.075448 -0.392803
0.154489 -0.317305 0.101516
0.176896 0.367383 -0.024356
0.088946 -0.053062 -0.289739
0.120373 0.236661 -0.241959
0.249604 0.249600 -0.395624
0.153941 -0.268331 0.229154
0.241487 -0.361713 -0.233331
0.837568 0.427383 -0.207215
0.118441 -0.209750 -0.335666
0.222960 0.306932 0.208126
0.059767 0.216734 0.177565
0.489989 -0.234200 -0.262319
0.122319 -0.079461 -0.276381
0.092547 -0.191673 -0.269408
0.121321 -0.210455 -0.404265
0.463551 -0.357145 -0.239185
0.141267 -0.315328 -0.331684
0.145300 0.430727 0.061928
0.215991 0.380596 -0.391733
0.088322 -0.079179 0.152663
-0.153918 -0.076899 -0.560411
-0.309624 0.053677 -0.432022
-0.413175 0.010654 -0.405040
-0.516686 0.135705 -0.182086
-0.491427 -0.053065 -0.382434
-0.444151 0.094161 -0.149170
-0.373711 -0.171709 -0.351210
-0.409505 -0.086750 0.011627
-0.484325 -0.514468 -0.150503
-0.411910 -0.487695 0.071667
-0.465963 -0.863562 -0.104908
-0.534628 -0.583426 0.132470
-0.625712 -0.782524 -0.093486
-0.634375 -0.441427 0.092901
-0.725256 -0.719313 -0.318472
-0.813727 -0.389985 0.050327
-0.886431 -0.469018 -0.404626
-0.922542 0.231782 -0.051841
-0.876204 -0.119747 -0.469982
-0.865807 0.790410 -0.040743
-0.812492 0.834662 -0.216673
-0.803174 1.108166 0.155817
-0.753137 0.857456 -0.253349
-0.702893 0.901458 0.174765
-0.745348 0.855642 -0.005245
-0.758103 1.002539 0.251046
-0.672462 0.824714 -0.089346
-0.638440 0.852980 0.097563
-0.602695 0.826970 0.025374
-0.489232 0.891699 0.164669
-0.229956 0.777454 0.079543
0.106687 0.610013 -0.182804
-0.352590 -0.465006 -0.566772
-0.781177 -0.785600 -0.324124
-0.779605 -0.680717 -0.675509
-1.133956 -0.646519 -0.238487
-1.016299 -0.783686 -0.602686
-1.203948 -0.837555 0.078251
-1.137074 -0.860442 -0.262929
-1.155164 -0.864426 -0.145507
-1.101257 -0.973005 -0.467719
-1.266959 -0.895461 0.205999
-1.195028 -1.024397 -0.079773
-1.313193 -1.034766 0.153687
-1.248687 -1.202239 -0.039200
-1.453662 -0.716656 0.487792
-1.376528 -0.863574 0.173574
-1.562029 -0.972123 0.330675
-1.296765 -1.440715 -0.001962
-1.545581 -1.061643 0.486758
-1.331711 -1.072817 -0.067279
-1.387089 -0.966727 -0.134878
-1.094193 -1.153828 -0.517016
-1.357597 -0.864387 0.361044
-1.162118 -0.501759 -0.475347
-1.236633 -0.175755 -0.125022
-1.020180 -0.319940 -0.755431
-1.162541 -0.223833 0.477176
-1.099630 -0.285133 -0.161478
-1.226753 -0.091114 0.320590
-0.948658 -0.265328 -0.251352
-1.051202 -0.223276 0.493830
-0.592698 -0.293958 0.182167
-0.328919 -0.020401 0.164043
-0.640710 -0.271663 -0.629575
-1.027897 -0.077839 -0.226160
-1.278455 -0.141247 -0.623773
-1.267611 -0.057175 -0.021959
-1.394444 -0.246801 -0.484873
-1.218944 -0.026340 -0.248276
-1.269366 -0.344587 -0.595923
-1.180838 -0.288406 0.065910
-1.431692 -0.647979 -0.279445
-1.239248 -0.576153 -0.143253
-1.437832 -0.790760 -0.573115
-1.397479 -0.647291 0.146654
-1.694955 -0.907559 -0.306385
-1.701978 -0.568597 -0.010024
-1.875668 -0.690988 -0.853012
-1.960015 -0.483623 0.232887
-2.022934 -0.462641 -0.564037
-2.189315 0.629098 -0.183956
-2.146382 0.574259 -0.808038
-2.106828 1.039317 0.294336
-2.215490 1.037026 -0.174692
-2.042772 1.277506 -0.004545
-2.001817 1.083475 -0.506066
-1.812740 1.251959 0.374340
-1.996599 1.134399 -0.139468
-1.824495 1.117511 0.002085
-1.769499 1.049370 -0.333974
-1.745009 1.176718 0.204910
-1.685984 1.124146 -0.230184
-1.477259 1.083241 0.079343
-1.079317 1.143893 -0.199352
-0.422960 0.928812 -0.270810
-0.466957 -0.496671 -0.567616
-0.970611 -0.866695 -0.167740
-0.881820 -0.888923 -0.512503
-1.263809 -0.940704 -0.210492
-1.035780 -1.154871 -0.672845
-1.316127 -1.206604 0.195190
-1.002791 -1.218109 -0.398691
-1.298249 -1.095601 -0.264811
-1.029057 -1.235137 -0.795775
-1.384094 -1.070224 0.295421
-1.130345 -1.121418 -0.224886
-1.422377 -0.916392 0.044234
-1.194870 -0.960115 -0.476163
-1.573883 -0.582053 0.822118
-1.367777 -0.740194 0.128448
-1.818475 -0.709712 0.441991
-1.391773 -0.924108 -0.179066
-1.831258 -0.577677 0.688248
-1.542819 -0.563924 -0.227990
-1.629714 -0.199066 -0.107876
-1.193291 -0.292327 -0.902121
-1.397220 0.048002 0.222645
-1.207868 0.041486 -0.620906
-1.229791 0.300408 -0.053168
-1.078445 0.249776 -0.618021
-1.346781 0.287427 0.367263
-1.226780 0.138122 -0.130563
-1.375796 0.334950 0.356219
-1.216638 0.288267 -0.173189
-1.260243 0.372488 0.474242
-0.829565 0.153987 0.133605
-0.472653 0.238130 0.369873
-0.627538 -0.309945 -0.635104
-1.098870 -0.112529 -0.246873
-1.386082 -0.149210 -0.556942
-1.394895 -0.165160 -0.103201
-1.568916 -0.371144 -0.327512
-1.496988 -0.228107 -0.118737
-1.506226 -0.519318 -0.511624
-1.414003 -0.440409 0.141906
-1.747369 -0.779847 -0.200307
-1.548591 -0.531524 0.050082
-1.810843 -0.578397 -0.386649
-1.675864 -0.577279 0.285888
-1.940322 -0.858123 -0.040043
-2.045846 -0.600765 -0.014774
-2.021835 -0.428287 -0.876561
-2.259484 0.220118 0.092067
-2.207507 0.615006 -0.540351
-2.365596 1.051774 0.181666
-2.358795 1.014908 -0.541481
-2.251084 1.118019 0.195883
-2.316189 1.153205 -0.029893
-2.119317 1.307246 0.376615
-2.043488 1.244449 -0.021338
-1.846453 1.154337 0.161351
-1.948095 1.135674 -0.009944
-1.850588 1.227610 0.242699
-1.932943 1.210775 -0.145526
-1.786266 1.164958 -0.001519
-1.906452 1.110446 -0.216228
-1.618215 1.136061 0.245872
-1.335703 1.208029 -0.174591
-0.476440 0.986884 -0.308142
-0.489163 -0.537840 -0.525059
-1.065879 -0.972430 -0.146721
-1.020359 -1.128305 -0.389772
-1.488148 -1.095639 -0.353380
-1.107690 -1.284546 -0.817288
-1.486709 -1.324883 0.128980
-1.182672 -1.291279 -0.488746
-1.552393 -1.282752 -0.180304
-1.223145 -1.442181 -1.090834
-1.720534 -1.148104 0.349538
-1.536763 -1.257272 -0.453442
-1.984064 -0.828303 0.360763
-1.556499 -0.910263 -0.626747
-1.951366 -0.606972 0.928944
-1.568237 -1.032460 0.245264
-1.998093 -1.034082 0.511061
-1.623067 -1.169239 -0.209598
-1.874608 -0.468620 0.596194
-1.564998 -0.103160 -0.297798
-1.798288 0.441137 0.191464
-1.499276 0.389744 -0.983402
-1.545714 0.470929 0.270059
-1.351422 0.582961 -0.662803
-1.511118 0.628420 0.145509
-1.329279 0.561192 -0.414557
-1.360921 0.446493 0.195077
-1.219943 0.482582 -0.296497
-1.478038 0.625536 0.080172
-1.338066 0.644399 0.069645
-1.296970 0.589481 0.303272
-0.765958 0.418599 0.314955
-0.584570 0.610914 0.215289
-0.539331 -0.343099 -0.651565
-1.096148 -0.082830 -0.313287
-1.291826 -0.205152 -0.783594
-1.576497 -0.051812 0.177919
-1.598913 -0.408049 -0.584207
-1.711040 -0.143259 0.011087
-1.435744 -0.562502 -0.851528
-1.618661 -0.439388 0.528047
-1.908442 -0.741986 -0.496244
-1.850451 -0.651446 0.213783
-1.907778 -0.511216 -0.636186
-2.006841 -0.409087 0.619917
-2.203161 -1.218101 -0.744808
-2.287031 -0.680246 0.195018
-2.155195 -0.003054 -1.833347
-2.428207 0.488132 0.534692
-2.239607 0.486150 -1.277921
-2.313395 0.874984 0.166598
-2.179976 0.873043 -1.294397
-2.282376 1.075639 0.570897
-2.051147 1.001537 -0.628586
-2.071963 1.098012 0.165793
-1.815585 1.060296 -0.900420
-1.909039 1.133235 0.575968
-1.810896 1.054349 -0.451862
-1.885004 1.163018 0.103819
-1.619450 1.183733 -0.521448
-1.636066 1.320595 0.319420
-1.736114 1.187286 -0.261574
-1.490246 1.164328 -0.005469
-1.313520 1.194143 -0.300141
-0.422448 1.022960 -0.254785
-0.414099 -0.609236 -0.556364
-1.089192 -1.005809 0.047197
-1.006486 -1.431763 -0.335706
-1.556200 -1.323852 -0.175237
-1.090066 -1.310560 -1.183397
-1.678020 -1.163252 0.547494
-1.221204 -1.312574 -0.844389
-1.720853 -1.203232 -0.057197
-1.307085 -1.419759 -1.560176
-2.083916 -1.083344 0.826229
-1.634365 -1.172676 -0.655475
-2.148986 -0.748904 0.485176
-1.499727 -0.877457 -1.093837
-2.105966 -0.589899 1.345259
-1.595611 -0.764480 -0.057136
-2.047761 -0.621000 0.432165
-1.462687 -0.296314 -1.261109
-1.928464 0.074234 1.025837
-1.375936 0.075450 -0.750555
-1.707008 0.352714 0.609983
-1.147757 0.481026 -1.440951
-1.531037 0.687580 0.804245
-1.151975 0.574261 -0.793354
-1.347858 0.670165 0.348587
-1.129497 0.730750 -0.893277
-1.355780 0.707936 0.511612
-1.188759 0.693000 -0.406867
-1.342419 0.681460 0.209952
-1.190333 0.838455 -0.456571
-1.226121 0.738694 0.470402
-0.873008 0.627768 0.138009
-0.552214 0.647436 0.030039
-0.520495 -0.340788 -0.632487
-1.161247 -0.081378 -0.419366
-1.284517 -0.338046 -0.944519
-1.656819 -0.173457 0.024691
-1.588839 -0.577726 -0.660686
-1.856668 -0.155082 0.106231
-1.521462 -0.538190 -0.863705
-1.899454 -0.359596 0.322717
-1.954434 -0.636411 -0.377263
-2.048233 -0.347234 0.222787
-1.989636 -0.426391 -0.734068
-2.145588 -0.277738 0.300694
-2.193626 -0.368230 -0.903760
-2.361134 -0.154381 -0.070754
-2.091281 0.030496 -1.636537
-2.404803 0.384480 0.246060
-2.138684 0.517169 -1.089098
-2.292293 0.784247 0.425645
-1.974318 0.734278 -1.349024
-2.146467 0.955919 0.235978
-1.887849 0.940884 -0.929697
-1.913805 1.111218 0.562817
-1.567640 0.927123 -0.960995
-1.554497 1.078217 0.333110
-1.520099 0.999698 -0.501092
-1.664464 1.260888 0.675116
-1.610769 1.240026 -0.645410
-1.509386 1.264286 0.321636
-1.519981 1.325505 -0.401052
-1.419510 1.230136 0.418237
-1.250276 1.241214 -0.235779
-0.434680 0.967179 -0.304294
-0.334507 -0.614879 -0.584059
-0.953250 -1.022989 -0.013804
-0.797236 -1.446207 -0.204806
-1.401939 -1.346273 -0.235312
-0.946630 -1.561775 -1.145363
-1.630177 -1.235043 0.456872
-0.935783 -1.259409 -0.758999
-1.753229 -1.182510 -0.018952
-1.232164 -1.438962 -1.447522
-2.052536 -1.081809 0.374680
-1.211543 -1.020138 -0.608507
-1.954720 -0.748081 0.370045
-1.398363 -0.860891 -0.828388
-1.980976 -0.703754 0.789271
-1.393724 -0.716517 -0.207907
-1.913855 -0.493031 0.330961
-1.422629 -0.432979 -1.054704
-1.819029 0.013464 0.889359
-1.384684 0.077953 -0.589799
-1.677434 0.426249 0.507801
-1.334797 0.350748 -0.972744
-1.563247 0.523724 0.575253
-1.355659 0.637131 -0.738473
-1.355861 0.682417 0.098645
-1.250194 0.671644 -0.991286
-1.237943 0.594368 0.264802
-1.156817 0.584367 -0.505948
-1.148719 0.735449 0.167473
-1.187338 0.809641 -0.311393
-1.090907 0.628770 0.219927
-0.730771 0.523496 0.036935
-0.489129 0.571493 -0.011793
-0.440782 -0.365164 -0.664525
-1.165126 -0.107318 -0.325456
-1.076589 -0.496380 -1.204340
-1.534778 -0.166611 0.345719
-1.267963 -0.413710 -1.020841
-1.490773 -0.143487 0.166254
-1.054255 -0.555369 -1.274424
-1.635460 -0.324995 0.628476
-1.808665 -0.548157 -1.132297
-2.070912 -0.509508 0.352651
-1.851034 -0.320685 -1.354998
-2.159691 -0.186237 0.488136
-2.161191 -0.340681 -1.534117
-2.403255 -0.035779 -0.013990
-1.965774 -0.003771 -1.711150
-2.276825 0.496475 0.725692
-2.178620 0.265041 -1.412683
-2.182142 0.498698 0.086526
-1.796388 0.506809 -1.712804
-2.026296 0.940034 0.847726
-1.888294 0.679092 -1.477732
-1.706703 0.882810 0.281223
-1.410647 0.765442 -1.562187
-1.566849 1.087019 0.941188
-1.473842 0.788596 -1.004040
-1.237252 1.022608 0.381954
-1.186243 1.217036 -1.162482
-1.283132 1.289736 0.428342
-1.384957 1.178107 -0.635750
-1.268610 1.044000 0.100631
-1.165260 1.079800 -0.663160
-0.332220 0.824479 -0.433583
-0.176915 -0.606970 -0.598020
-0.821157 -1.021177 0.375834
-0.408427 -1.598151 -0.434106
-0.884538 -1.325403 0.038804
0.034542 -1.454220 -1.473244
-0.970293 -1.091789 1.252898
-0.067134 -1.245289 -1.295962
-0.958169 -1.099788 0.117439
-0.251045 -1.381326 -1.849400
-1.820886 -0.998357 1.288632
-1.018224 -1.151473 -1.285919
-1.895739 -0.813754 0.323968
-0.994037 -0.985925 -1.705587
-1.964540 -0.594741 1.441769
-1.319142 -0.650119 -0.895974
-1.875111 -0.126930 0.612377
-1.207385 -0.341057 -1.556080
-1.858876 0.035080 1.636783
-1.450760 -0.200171 -0.854967
-1.577396 0.216559 0.684526
-1.267742 0.090677 -1.525460
-1.618700 0.376731 1.415337
-1.316895 0.362271 -1.177104
-1.135150 0.585902 0.697765
-0.861887 0.542638 -1.615582
-1.063570 0.647410 0.993839
-0.770641 0.680246 -0.699070
-0.886204 0.638874 0.461723
-0.795473 0.674765 -0.572587
-0.824158 0.415993 0.472151
-0.604719 0.374996 -0.146455
-0.393205 0.107252 -0.163730
-0.444395 -0.385220 -0.537628
-1.062561 -0.122628 -0.331951
-0.876160 -0.390585 -0.985588
-1.256102 -0.249677 0.405200
-1.053883 -0.410275 -0.740380
-1.257421 -0.265901 0.043122
-0.648087 -0.507791 -0.946851
-1.177909 -0.290121 0.473706
-1.249240 -0.343836 -0.815300
-1.782722 -0.105401 0.275227
-1.546054 -0.340233 -1.165468
-2.146662 -0.028474 0.529919
-2.037943 -0.029997 -1.193424
-2.454488 0.417962 0.365691
-1.991292 0.163956 -1.378276
-2.072409 0.487018 0.399678
-1.892304 0.367244 -1.147150
-2.031332 0.631563 0.506249
-1.774952 0.496009 -1.447017
-1.671468 0.872059 0.646730
-1.518124 0.895431 -1.193286
-1.458686 1.038555 1.122017
-1.075389 0.808086 -1.450751
-0.919640 1.108577 0.876727
-0.970270 1.186371 -1.127543
-1.135346 1.299476 1.361156
-1.024104 1.038312 -1.028336
-0.989484 1.101933 0.766071
-0.890955 1.293225 -1.264548
-1.079527 0.735897 0.313517
-0.918725 0.925183 -0.538364
-0.322063 0.688127 -0.355693
-0.156342 -0.565400 -0.492646
-0.722042 -1.069588 0.286646
-0.360262 -1.352309 0.079168
-0.783977 -1.170004 -0.136927
-0.238693 -1.397150 -0.853751
-0.891558 -1.301757 0.801414
-0.311254 -1.035476 -0.321164
-1.000030 -1.050629 -0.261116
-0.598858 -1.306355 -1.236278
-1.552526 -1.363642 0.679796
-0.878847 -1.097879 -0.468262
-1.692434 -0.949830 0.329183
-1.201509 -1.078786 -1.037695
-1.817577 -1.195640 1.006994
-1.321892 -0.634951 -0.554566
-1.762892 -0.170041 0.410495
-1.307761 -0.435955 -1.079995
-1.494875 -0.143696 1.055305
-1.043813 -0.120513 -0.589836
-1.004276 0.066866 0.498656
-1.005805 -0.060807 -0.950254
-0.843562 0.248713 0.878267
-0.585485 0.399567 -0.518989
-0.417166 0.601012 0.754634
-0.446761 0.412352 -0.754199
-0.417549 0.390704 0.862107
-0.190591 0.574386 -0.400887
-0.316701 0.482160 0.702978
-0.512934 0.484527 -0.204610
-0.681986 -0.194138 0.390429
-0.405629 0.016042 -0.135189
-0.384311 -0.188962 -0.044854
-0.464707 -0.377718 -0.502941
-1.032519 -0.332167 -0.381209
-0.974110 -0.332258 -1.005930
-1.473999 -0.290052 0.200142
-1.185936 -0.243923 -1.053519
-1.144340 -0.281006 -0.549184
-0.738166 -0.346122 -1.372414
-1.370946 -0.185260 0.144668
-1.333558 -0.181543 -1.252776
-1.727949 -0.052727 -0.126052
-1.382857 -0.088117 -1.521322
-2.042460 0.165567 0.342833
-1.991713 0.000843 -1.503457
-2.210009 0.372104 -0.131689
-1.679377 0.242670 -1.498107
-1.914877 0.683446 0.458618
-1.661538 0.270216 -1.223393
-1.531584 0.530367 0.001275
-1.223823 0.463352 -1.563150
-1.408873 0.819821 0.723346
-1.108760 0.554018 -1.183670
-0.787037 0.846192 0.213478
-0.654918 0.861192 -1.648561
-1.017656 1.165089 1.070220
-0.849099 0.730546 -1.106175
-0.616097 1.082165 0.442110
-0.407421 1.320869 -1.586276
-0.743732 1.321196 0.422508
-0.896097 0.927209 -0.993296
-1.026256 0.372466 0.095491
-0.921108 0.971476 -1.015661
-0.264645 0.687012 -0.520736
-0.245758 -0.505055 -0.498647
-0.913800 -0.941049 0.465193
-0.437084 -1.489839 0.023384
-0.982270 -1.399107 0.191602
-0.075351 -1.227992 -1.039688
-0.971299 -0.965511 1.415706
-0.035531 -1.182226 -0.680957
-0.875613 -1.000524 0.137933
-0.167802 -1.195942 -1.513658
-1.464586 -0.927149 1.428675
-0.564949 -1.178273 -1.067571
-1.420813 -1.008896 0.620642
-0.577322 -0.858774 -1.519517
-1.772961 -0.442378 1.917142
-0.971623 -0.564560 -1.026459
-1.442996 -0.057800 0.784448
-0.564299 -0.302603 -1.489701
-1.298083 0.111523 1.988903
-0.597613 -0.146292 -0.930438
-0.730983 0.220774 0.880371
-0.075974 0.153000 -1.261548
-0.707751 0.505457 1.805456
-0.208894 0.359952 -0.723355
-0.367814 0.573725 0.931430
-0.041627 0.695732 -1.338537
-0.740694 0.738830 1.357514
-0.335168 0.648342 -0.336240
-0.679118 0.414709 0.745113
-0.503999 0.666942 -0.447017
-0.866099 -0.171778 0.504430
-0.524656 -0.062060 -0.008035
-0.354941 -0.517574 -0.257753
-0.449720 -0.467589 -0.478388
-1.075978 -0.478473 -0.439947
-1.130982 -0.234441 -0.947758
-1.521361 -0.208663 -0.217856
-1.271659 -0.212439 -0.877370
-1.703961 -0.163146 -0.575289
-1.378981 -0.217972 -0.917623
-1.695667 -0.062713 -0.149661
-1.245740 0.007007 -0.800769
-1.849000 0.227986 0.086393
-1.624207 0.013076 -0.813990
-1.873487 0.215256 0.235524
-1.491045 0.301004 -1.114365
-2.056879 0.640117 -0.094226
-1.730620 0.480638 -1.111160
-1.586818 0.731158 0.057965
-1.001152 0.671755 -0.959694
-1.375746 0.871365 0.190945
-1.193344 0.668332 -0.952715
-1.008766 0.841073 0.452724
-0.484072 0.917579 -1.024930
-0.959687 1.092693 0.697697
-0.878789 0.889680 -0.988378
-0.779676 1.091913 0.572710
-0.298599 1.271915 -1.298511
-0.951104 1.444417 1.056576
-0.960545 0.988730 -1.050594
-1.143592 1.101898 0.455936
-0.655522 1.181409 -1.651683
-1.001122 0.528330 0.078016
-0.946969 0.281187 -0.644771
-0.207788 0.482785 -0.485680
-0.304677 -0.566762 -0.427641
-0.983343 -1.091866 0.141377
-0.704248 -1.372865 0.195931
-1.335111 -1.403697 0.073485
-0.697747 -1.200958 -0.548733
-1.235421 -1.186454 0.450099
-0.672640 -0.904677 -0.335470
-1.366223 -0.818727 -0.432732
-0.903091 -1.077786 -0.889840
-1.536936 -0.798447 0.181300
-1.137111 -0.682053 -0.733963
-1.630991 -0.362746 0.009345
-1.209156 -0.674660 -0.703687
-1.506316 -0.463327 0.856621
-1.245071 -0.287037 -0.521752
-1.502542 0.150040 -0.014801
-1.156396 -0.139957 -0.784880
-1.162169 0.052084 0.529850
-0.960882 0.192971 -0.790464
-1.109209 0.379261 -0.084128
-0.999903 0.117144 -0.642978
-0.841356 0.242837 0.539728
-0.685685 0.540142 -0.732790
-0.868989 0.596215 0.317212
-0.799993 0.436494 -0.400698
-0.783138 0.043678 0.545119
-0.654567 0.486039 -0.693980
-1.048076 0.091371 0.355630
-0.975640 0.267571 -0.288340
-1.032095 -0.657180 -0.066624
-0.778954 -0.503998 -0.538612
-0.540299 -0.458335 -0.305528
-0.508621 -0.496160 -0.512848
-1.095479 -0.708601 -0.451903
-1.195185 -0.234887 -0.986161
-1.663265 -0.096313 -0.359423
-1.553616 -0.095934 -1.093685
-1.659837 -0.152378 -0.743404
-1.266744 -0.207296 -1.179432
-1.651493 0.051292 -0.066854
-1.595285 -0.025740 -0.943779
-1.694670 0.087628 -0.359387
-1.466056 -0.043440 -1.045944
-1.664969 0.247164 0.067540
-1.738418 0.277568 -0.900097
-1.626942 0.448412 -0.585261
-1.473296 0.344406 -1.279044
-1.554138 0.630731 0.093839
-1.419860 0.484090 -0.789488
-1.140481 0.615034 -0.393949
-0.950283 0.452594 -1.334664
-1.028967 0.751170 0.485096
-1.138743 0.594910 -0.869655
-0.830865 0.902508 -0.195267
-0.565511 0.855691 -1.484880
-0.923638 1.022547 0.660641
-0.997000 0.734476 -1.188048
-1.246265 1.114348 0.057998
-1.011108 1.078419 -1.608235
-1.566696 0.724256 0.121858
-1.384850 0.238631 -1.238184
-1.208951 0.682096 -0.069216
-1.044512 1.254900 -0.764667
-0.123590 1.104766 -0.482674
-0.398997 -0.626983 -0.492378
-1.139725 -1.225191 0.091628
-0.792922 -1.833489 -0.037765
-1.395132 -1.462899 0.228533
-0.679980 -1.335677 -0.631905
-1.452742 -0.734352 0.701002
-0.791273 -0.956180 -0.726400
-1.207202 -0.798489 0.107351
-0.625285 -0.933047 -1.179503
-1.543955 -0.465429 0.705234
-0.916292 -0.669598 -0.832789
-1.385486 -0.462738 0.425976
-0.906385 -0.615731 -1.040391
-1.647011 -0.205446 1.047655
-0.932614 -0.230879 -0.705089
-1.187228 0.016433 0.304856
-0.627136 -0.029653 -1.192610
-1.394354 0.351645 1.108240
-0.510581 0.155036 -0.887555
-0.627516 0.231323 0.524168
0.012425 0.265242 -1.194102
-0.779682 0.430259 1.332484
-0.036664 0.428304 -0.826823
-0.366000 0.384192 0.409106
0.194003 0.684636 -1.369788
-0.895647 0.417089 0.591967
-0.604972 0.360195 -0.799641
-1.257375 -0.348456 0.198393
-0.911600 -0.093880 -1.038027
-1.245541 -0.838593 0.141091
-0.762098 -0.148615 -0.842242
-0.400642 0.017406 -0.345113
-0.585295 -0.500103 -0.587614
-1.255667 -0.349305 -0.305476
-1.437737 -0.050329 -0.852885
-1.602766 -0.012657 -0.241626
-1.562526 -0.058260 -0.946030
-1.779194 -0.010707 -0.334695
-1.777308 -0.072056 -0.789645
-1.711465 0.069330 -0.164167
-1.460082 0.059567 -0.866846
-1.738402 0.104637 -0.044283
-1.816365 0.091715 -0.703507
-1.803291 0.247599 -0.111895
-1.586758 0.380373 -1.011345
-1.833373 0.470897 -0.305021
-1.759705 0.556982 -1.021344
-1.566192 0.631991 -0.246545
-1.182175 0.670100 -0.959080
-1.493911 0.728751 -0.342407
-1.320886 0.745888 -0.890485
-1.005137 0.885277 -0.193631
-0.343195 0.892320 -0.957733
-0.734905 1.027451 -0.187794
-0.776474 1.009184 -0.975689
-0.802963 1.081479 0.031746
-0.512833 1.121821 -1.372092
-1.232404 0.914637 0.022978
-1.704280 0.939653 -1.314805
-1.782446 0.864393 -0.134661
-1.523498 1.445797 -1.606307
-1.152062 1.675929 0.144308
-1.183078 1.574393 -0.027712
-0.069128 1.270603 -0.353248
-0.381347 -0.731504 -0.417333
-1.037109 -1.258409 0.006785
-0.953164 -1.512351 -0.137564
-1.486455 -0.675376 0.088259
-1.114738 -0.953581 -0.303431
-1.547189 -0.664662 0.412126
-1.201832 -0.741751 -0.143427
-1.533710 -0.398959 0.307865
-1.336514 -0.715530 -0.219059
-1.603821 -0.561201 0.368900
-1.405149 -0.621778 -0.041042
-1.696327 -0.276338 0.287695
-1.509806 -0.443935 -0.123694
-1.584604 -0.196064 0.351586
-1.332925 -0.018240 -0.135935
-1.546154 0.335211 0.187491
-1.313090 0.149973 -0.399792
-1.338082 0.219895 0.179720
-0.975937 0.344866 -0.416994
-1.025009 0.438871 0.021831
-0.825671 0.322497 -0.518834
-0.752067 0.233282 0.180486
-0.621381 0.414767 -0.353328
-0.774748 0.552404 0.198654
-0.888445 0.521370 -0.300421
-0.982404 0.230921 0.423414
-1.040512 -0.121443 -0.270639
-1.341261 -0.332281 0.143616
-1.182253 -0.362675 -0.207347
-1.010759 0.427910 0.143544
-0.647618 0.832504 -0.439172
-0.174328 1.085823 0.148678
-0.261019 -0.538048 -0.210701
-0.674331 -0.325791 0.006554
-0.996763 0.068401 -0.217109
-1.083333 -0.067408 0.143418
-1.381882 0.211212 0.065303
-1.145587 0.001444 -0.034141
-1.233081 0.072262 -0.158302
-1.115923 -0.064134 0.157242
-1.374566 -0.008553 0.100546
-1.283676 -0.066233 0.059717
-1.451056 0.053210 -0.157605
-1.372040 0.039020 0.206129
-1.508658 0.268619 0.112114
-1.261013 0.320837 0.013379
-1.262358 0.501632 -0.504016
-1.125867 0.422273 0.020963
-1.129435 0.659117 -0.346231
-0.905811 0.671025 -0.228835
-0.844569 0.713951 -0.674126
-0.796902 0.798003 -0.083746
-0.726908 0.788408 -0.387908
-0.419461 0.825356 -0.251411
-0.532803 0.815847 -0.806412
-0.729557 0.755946 0.022492
-1.190454 0.608260 -0.560498
-1.170422 0.767436 -0.391599
-1.568958 1.110956 -0.753516
-1.224936 1.301669 0.262021
-1.326568 1.393064 0.203378
-0.621234 1.369662 0.641615
-0.800528 1.443312 0.495041
0.122544 1.104287 -0.051298
0.211158 -0.664093 -0.068073
-0.044566 -0.818233 0.287077
0.008677 -0.839746 0.321824
-0.112512 -0.610945 0.446038
-0.166185 -0.433523 0.422262
-0.358064 -0.273377 0.655850
-0.311817 -0.302400 0.535902
-0.421489 -0.296213 0.502588
-0.422537 -0.292539 0.369627
-0.623242 -0.242143 0.528529
-0.561799 -0.306059 0.414913
-0.654683 -0.219010 0.426476
-0.631618 -0.064579 0.395501
-0.659329 0.097459 0.609342
-0.508280 0.128070 0.547313
-0.513111 0.082429 0.545200
-0.382369 0.210408 0.273710
-0.372359 0.236278 0.455131
-0.135382 0.308247 0.094058
-0.219654 0.351007 0.180218
-0.197406 0.399653 -0.133644
-0.295259 0.479138 0.288112
-0.068005 0.418388 -0.109195
-0.187919 0.384910 0.102580
-0.286980 0.316225 -0.134962
-0.346609 0.225724 0.295790
-0.368108 0.122049 0.016137
-0.193599 0.477046 0.214319
-0.138853 0.582494 0.227464
0.171475 0.934854 0.776753
0.276725 0.924909 0.655900
0.310442 0.822615 0.569214
