0.644263 -0.075300 -0.509097
0.374146 -0.087305 -0.428131
0.403255 -0.168982 -0.088993
0.189010 0.214040 -0.336469
0.372508 -0.216399 0.333046
0.662725 0.308457 -0.359314
0.276267 0.007270 0.323084
0.271807 0.288630 0.014105
0.813364 0.207015 -0.309596
0.197816 0.285226 -0.182883
0.238670 0.177720 0.339445
0.316910 0.145850 0.271491
0.258505 0.203326 0.495596
0.486786 -0.002272 0.795822
0.187867 0.242779 0.333053
0.841947 -0.159658 -0.330164
0.296803 -0.120591 -0.498804
0.568404 -0.159127 -0.226517
0.175398 0.203984 -0.106877
0.145446 0.257767 -0.431325
0.403814 -0.125263 0.286247
0.465743 0.314619 -0.229392
0.436863 0.124639 -0.396309
0.224780 0.019223 -0.470703
0.246766 0.022627 0.428288
0.542852 -0.036025 0.605270
0.140676 0.293440 -0.121137
0.450170 -0.184383 0.230858
0.129087 0.223264 -0.206108
0.343611 -0.086972 -0.330334
0.082198 0.147367 -0.487972
0.225550 0.007920 -0.379135
0.354042 0.169200 -0.457255
0.317917 -0.053050 -0.419022
0.542457 0.022703 -0.548315
0.354572 0.191767 -0.254894
0.724596 -0.123683 -0.260110
0.266402 0.094516 -0.490098
0.435398 0.088504 0.506517
0.217961 0.170556 -0.352173
0.247105 0.180275 0.193607
0.262702 0.200443 0.244400
0.303122 -0.221601 0.217824
0.197326 -0.116970 -0.521146
0.173804 0.071584 -0.263281
0.208792 -0.149428 -0.353988
0.097912 -0.181828 0.160611
0.566438 0.134803 0.514094
0.126972 0.147216 -0.342124
0.673869 -0.064888 0.506689
0.894876 -0.135023 -0.148824
0.292749 0.141346 -0.271052
0.260516 0.252330 0.158660
0.279553 -0.038395 0.642485
0.281329 -0.120912 0.316537
0.518953 -0.106015 0.320710
0.872488 -0.037445 -0.588795
0.319333 0.256829 0.130919
0.081969 0.131328 -0.404446
0.602867 0.060916 -0.425910
0.197328 -0.025767 -0.543455
0.281755 0.265979 -0.466458
0.153839 -0.182305 -0.006582
0.252531 -0.233787 -0.035604
0.164329 -0.136278 -0.275918
0.458157 -0.048191 -0.579216
0.146773 0.259095 0.074764
0.328485 0.048339 0.512205
0.320744 0.237391 0.292798
0.170325 0.094430 0.530708
0.389975 0.210234 0.251578
0.479190 0.071506 -0.440843
0.187389 0.103049 0.372208
0.402360 -0.068059 0.402033
0.833656 0.244907 -0.640694
0.284233 -0.022315 -0.336187
0.434368 0.013725 0.390705
0.253446 -0.116200 -0.395817
0.310384 -0.056479 0.399204
0.244992 0.318277 -0.137430
0.249242 -0.140232 -0.294980
0.198888 -0.083410 0.232723
0.929098 0.124749 -0.467091
0.071386 0.058361 0.379054
0.309188 -0.152172 -0.380579
0.157642 -0.036456 -0.467597
0.434916 -0.124959 -0.424718
0.522952 -0.073908 -0.456878
0.112649 0.276057 -0.230885
0.779520 0.043300 -0.413321
0.067121 -0.080544 0.261334
0.548867 -0.197165 -0.089495
0.383759 0.109282 0.591088
0.160568 0.062800 0.257658
0.492877 0.073684 0.387956
0.593766 0.026092 0.470342
0.201437 -0.196472 -0.279484
0.566864 0.143975 -0.728454
0.340744 -0.158417 -0.226478
0.228093 -0.077099 -0.460284
0.163693 0.130928 0.164932
0.206207 0.287582 -0.026684
0.504422 -0.028858 -0.465998
0.430149 -0.118764 0.650743
0.290593 -0.031732 -0.506625
0.478114 0.260695 -0.548417
0.151446 0.222466 0.005564
0.203718 0.295717 -0.247845
0.326891 0.059000 0.368148
0.330055 0.039761 -0.572830
0.090456 0.275560 -0.038787
0.364213 -0.064707 -0.519139
0.344135 -0.106516 0.379541
0.353978 0.187649 0.167679
0.564724 -0.077749 -0.376780
0.106745 -0.016153 -0.367962
0.247692 -0.197029 0.361412
0.410958 0.005553 -0.401609
0.566793 0.153416 -0.510221
0.137490 0.281486 -0.293608
0.367853 -0.206825 0.173086
0.332455 -0.249964 0.049776
0.385867 -0.148767 -0.583693
0.324216 0.215577 -0.183910
0.399345 0.048548 -0.291005
0.288934 0.231104 -0.126421
0.295490 0.066864 -0.407603
0.348870 0.161453 0.383989
0.388103 -0.205420 -0.301399
0.089248 0.113191 -0.313195
0.370918 0.176274 -0.362100
0.241736 -0.183371 -0.427227
0.156022 0.231312 -0.257250
0.441530 0.213418 0.120126
0.096360 -0.094665 -0.547678
0.334264 -0.155258 0.511763
0.377414 0.230319 0.026640
0.188237 0.231634 0.135272
0.136514 -0.048648 -0.424766
0.366989 0.315441 -0.408226
0.697002 -0.100015 -0.729218
0.077244 0.230837 -0.370595
0.109471 -0.143731 0.360313
0.181435 0.139469 -0.320429
0.372871 0.066172 0.423451
0.318271 -0.116813 0.206787
0.174206 0.083067 -0.386295
0.204324 -0.118046 0.459568
0.137567 0.208390 0.149718
0.233317 0.273510 -0.102706
0.673114 0.004408 -0.322209
0.488635 0.213259 -0.406725
0.241661 0.113643 -0.366880
0.400896 -0.011236 -0.754984
0.258645 -0.080946 -0.618607
0.258684 0.116757 0.371385
0.304730 0.235778 0.068685
0.125071 0.216463 -0.286084
0.963190 -0.136975 -0.526778
0.162964 0.160619 0.445395
0.075041 -0.098965 -0.438954
0.940498 0.094000 -0.758546
0.554093 0.116816 -0.280028
0.324926 0.158167 0.427101
0.245060 0.216617 -0.274314
0.399039 0.239534 -0.318018
0.441596 -0.051806 -0.367840
0.232576 0.218149 -0.207012
0.420547 0.149499 -0.279606
0.179422 -0.098881 -0.445287
0.491077 0.164499 0.239681
0.164428 0.216426 0.281890
0.284476 0.118118 0.436417
0.319335 0.282953 -0.045098
0.419372 0.012658 -0.521599
0.303472 0.228385 0.243733
0.492438 0.192450 -0.287642
0.500640 0.014588 -0.346946
0.194114 -0.214630 -0.163356
0.354778 -0.044109 0.292978
0.609505 0.215338 -0.204515
0.172633 0.245932 -0.175439
0.274397 0.284145 -0.197106
0.655486 0.140204 -0.418473
0.259643 0.011385 0.212907
0.325046 -0.169850 -0.278937
1.007343 0.267854 -0.473238
0.122640 0.071926 -0.441575
0.375240 -0.033248 0.453632
0.185876 0.109964 -0.464295
0.195651 0.103510 -0.641663
0.334877 0.133334 -0.363058
0.485392 -0.125024 -0.495654
0.342213 0.182123 -0.606866
0.108139 0.169495 0.359116
0.400763 0.081057 0.306187
0.468041 -0.133503 -0.335213
0.319702 -0.204057 -0.160067
0.120185 -0.158109 -0.095553
0.716145 0.068959 -0.529311
0.614874 0.135400 0.326149
0.282170 0.289192 -0.272166
0.424856 0.122413 0.309596
0.226425 0.125951 0.269377
0.574486 -0.150604 -0.374649
0.428759 0.196959 0.366424
0.125419 0.162411 -0.410831
0.358888 0.168850 0.276048
0.226309 -0.044055 0.355684
0.739173 -0.061731 -0.421775
0.349175 0.274261 -0.229272
0.377525 0.258641 -0.139108
0.308828 0.217086 -0.320070
0.394976 0.126489 0.417685
0.108174 0.268234 0.221825
0.198064 -0.167431 -0.411504
0.142901 0.156474 -0.275478
0.405470 0.100447 -0.516774
0.181232 0.212433 -0.529475
0.526477 0.190299 -0.111135
0.110413 0.059811 -0.577263
0.214512 0.271334 0.243433
0.052639 0.067245 -0.399881
0.251295 -0.185543 0.166809
0.118186 -0.038148 0.456878
0.455421 -0.022597 0.317114
0.275829 -0.196087 -0.325335
0.055270 0.001077 -0.500715
0.475274 -0.127833 0.484614
0.378525 -0.182900 -0.396677
0.424572 0.175176 -0.185460
0.636884 0.001322 -0.506848
0.140276 -0.186887 -0.235265
0.132407 0.036405 -0.371310
0.180262 -0.081506 -0.356732
0.350415 0.026499 -0.470010
0.175372 -0.215897 0.111487
0.238999 0.252141 0.024779
0.113366 -0.060402 -0.261349
0.148826 0.129900 -0.189120
0.265799 0.171274 -0.421805
0.207899 -0.175674 0.283268
0.260159 -0.213268 -0.227035
0.873509 0.249719 -0.166212
0.118106 -0.130967 -0.385392
0.272894 0.214200 0.354355
0.045859 0.139381 0.219023
0.450614 -0.075346 -0.269384
0.140706 -0.043707 -0.314688
0.098587 -0.129986 -0.311531
0.111359 -0.157914 -0.444874
0.431146 -0.164392 -0.231239
0.150261 -0.193282 -0.345677
0.190616 0.300930 0.122935
0.248382 0.264766 -0.369649
0.082772 -0.028252 0.096268
-0.119594 0.058904 -0.444412
-0.247393 0.277207 -0.343787
-0.402886 0.393301 -0.315545
-0.507021 0.550236 -0.059667
-0.522542 0.371071 -0.259620
-0.449615 0.538844 -0.016546
-0.391417 0.323644 -0.266725
-0.470419 0.457960 0.061357
-0.564003 0.255240 -0.149617
-0.461034 0.408580 0.006649
-0.418611 0.202244 -0.355776
-0.495099 0.304158 -0.090782
-0.590212 -0.174070 -0.301990
-0.590582 0.356974 -0.211005
-0.662501 -0.114146 -0.605032
-0.685954 0.475608 -0.212395
-0.763030 0.481875 -0.461226
-0.626168 0.609393 -0.153486
-0.628903 0.503008 -0.654463
-0.561487 0.595733 -0.252389
-0.629890 0.584550 -0.455153
-0.532115 0.677899 -0.145832
-0.484321 0.483447 -0.626228
-0.344348 0.496192 -0.113212
-0.442631 0.531075 -0.459196
-0.422254 0.644984 0.000419
-0.336660 0.464457 -0.495853
-0.334967 0.286740 -0.001272
-0.411352 0.553252 -0.393132
-0.301120 0.513541 -0.143195
0.002719 0.369963 -0.205908
0.243564 0.194595 -0.295211
-0.391077 -0.307424 -0.505228
-0.785190 -0.954172 -0.193076
-0.774726 -0.706396 -0.550854
-1.157864 -0.230132 -0.244004
-0.959345 -0.315461 -0.499337
-1.302778 -0.253417 0.253678
-1.118697 -0.323763 -0.198595
-1.285308 -0.380950 0.067221
-1.194451 -0.422456 -0.272104
-1.444541 -0.422662 0.356274
-1.213529 -0.370042 -0.050598
-1.264374 -0.366563 0.169236
-1.114796 -0.418663 -0.274987
-1.403698 -0.470491 0.530493
-1.109498 -0.616035 -0.037994
-1.228819 -0.557668 0.156016
-0.713752 -0.628763 -0.408950
-1.007236 -0.191195 0.403545
-0.490986 -0.187811 -0.263681
-0.680205 -0.158248 0.109435
-0.267011 -0.184703 -0.488837
-0.608495 -0.225618 0.531639
-0.526700 -0.337849 -0.165303
-0.696628 -0.354723 0.127794
-0.432141 -0.346142 -0.354616
-0.698693 -0.423059 0.686458
-0.503619 -0.390462 -0.035519
-0.645301 -0.420577 0.355190
-0.301709 -0.606975 -0.075540
-0.585339 -0.751072 0.592788
-0.153756 -0.376924 0.106832
-0.089818 -0.491691 -0.102048
-0.637567 -0.072427 -0.558729
-1.091652 0.315340 -0.112477
-1.378103 0.340490 -0.681064
-1.451993 0.421834 0.254740
-1.614444 0.204857 -0.430767
-1.436314 0.492484 -0.062763
-1.485754 0.128013 -0.617869
-1.427189 0.204027 0.218466
-1.667603 -0.065118 -0.431173
-1.461713 0.255690 0.002643
-1.698180 -0.018830 -0.517577
-1.501494 0.179250 0.071792
-1.840192 -0.137551 -0.726325
-1.698503 0.167184 -0.303070
-2.001872 0.176885 -1.133071
-1.860524 0.307054 0.109524
-2.085833 0.425832 -0.669751
-1.900728 0.604375 -0.282945
-1.873508 0.633515 -0.911837
-1.696588 0.778945 0.008324
-1.743787 0.724657 -0.760271
-1.509290 0.684124 -0.468144
-1.492495 0.712200 -1.065773
-1.353356 0.787331 -0.016372
-1.412250 0.760304 -0.782906
-1.306485 0.689367 -0.297072
-1.223043 0.764584 -1.043937
-1.364397 0.818049 -0.210194
-1.294893 0.809484 -0.713339
-1.226688 0.731615 -0.380460
-0.861893 0.782862 -0.723320
-0.276369 0.572210 -0.641318
-0.537237 -0.338642 -0.495685
-1.051044 -0.962142 -0.095787
-1.148037 -0.969430 -0.444990
-1.541847 -0.423562 -0.284410
-1.324546 -0.602934 -0.655527
-1.620319 -0.593617 0.463493
-1.356831 -0.747868 -0.288478
-1.684316 -0.802041 -0.173419
-1.441197 -0.977691 -0.721294
-1.799667 -0.817901 0.522322
-1.505707 -0.833090 -0.315347
-1.810894 -0.596637 0.049969
-1.483964 -0.705636 -0.673541
-1.762764 -0.496639 0.913333
-1.431190 -0.562000 -0.382260
-1.740476 -0.361295 0.215405
-1.249002 -0.266856 -0.776380
-1.606257 -0.072013 0.695230
-1.208868 -0.090066 -0.286914
-1.329005 0.047577 0.148034
-0.838739 -0.009458 -0.636383
-1.010876 0.027004 0.540686
-0.838986 -0.130716 -0.105972
-0.919419 -0.177616 0.280781
-0.752130 -0.054743 -0.441959
-0.957461 -0.037168 0.693793
-0.767849 -0.151624 0.035505
-0.918031 -0.360869 0.759994
-0.623464 -0.211022 -0.160559
-0.825288 -0.446213 0.716940
-0.286539 -0.351843 0.099790
-0.166169 -0.530834 0.260177
-0.706481 -0.082291 -0.549476
-1.219033 0.334198 -0.080949
-1.667369 0.280673 -0.568483
-1.689915 0.263933 0.260221
-1.991827 0.070867 -0.283962
-1.827895 0.263938 -0.158022
-1.875148 -0.131784 -0.717096
-1.747872 0.002676 0.201818
-2.138800 -0.317271 -0.429402
-1.864023 0.103417 0.036059
-2.127192 -0.068201 -0.612457
-1.848109 0.112656 0.110703
-2.194256 0.042645 -0.433668
-1.940495 0.205033 -0.160156
-2.101538 0.332547 -0.779085
-1.978960 0.490279 0.055741
-2.077486 0.619565 -0.444048
-2.068663 0.829592 0.040625
-2.018379 0.858034 -0.721609
-1.876474 0.881900 -0.092227
-1.857327 0.866374 -0.414746
-1.750743 0.881574 -0.018961
-1.718184 0.846173 -0.563329
-1.577073 0.772778 -0.073538
-1.647906 0.857978 -0.446779
-1.624726 0.840457 0.012941
-1.586701 0.795663 -0.579642
-1.628587 0.750954 -0.224556
-1.553614 0.901692 -0.669070
-1.545174 0.828674 -0.192525
-1.246152 0.730949 -0.595908
-0.441242 0.547368 -0.552268
-0.613239 -0.323073 -0.475046
-1.241360 -0.923060 -0.145009
-1.419221 -1.192426 -0.380872
-1.925080 -0.496240 -0.297078
-1.601422 -0.844207 -0.857086
-1.886383 -0.758571 0.411515
-1.584462 -0.941446 -0.362320
-1.942827 -0.950160 -0.232751
-1.654387 -1.215646 -1.068058
-2.105059 -0.997872 0.584638
-1.728997 -1.048479 -0.614198
-2.070997 -0.639452 0.210565
-1.621614 -0.718711 -1.037657
-1.862332 -0.353896 0.934854
-1.374419 -0.302583 -0.499068
-1.826424 -0.066765 0.264592
-1.425163 0.091589 -0.916930
-1.817337 0.243352 0.687504
-1.296855 0.216725 -0.367022
-1.485758 0.378747 0.372617
-1.062291 0.323117 -0.686667
-1.191513 0.272094 0.338636
-0.956423 0.209662 -0.452723
-1.158441 0.096999 -0.069118
-0.939264 0.100824 -0.411893
-1.122229 -0.096493 0.307871
-0.791780 -0.156101 -0.050627
-1.138303 -0.331038 0.364339
-0.836216 -0.263698 0.122882
-1.027065 -0.703984 0.400301
-0.340077 -0.720128 0.391934
-0.410741 -0.540537 0.221798
-0.619882 -0.025508 -0.413663
-1.183674 0.493445 -0.064782
-1.601763 0.338528 -0.607995
-1.728836 0.259023 0.388140
-1.937321 0.148912 -0.460581
-1.938027 0.460496 -0.219610
-1.703254 -0.109721 -1.097594
-1.832343 0.028241 0.430229
-2.120967 -0.267323 -0.788396
-1.994367 0.011685 -0.094204
-1.852272 -0.148332 -0.965085
-1.850451 0.093331 0.443572
-2.294336 0.023902 -0.952360
-2.168687 0.164193 0.044115
-2.055967 0.267367 -1.637324
-2.085109 0.606963 0.687607
-2.034785 0.497972 -1.086470
-2.111428 0.733291 0.034328
-1.827450 0.754907 -1.461574
-2.091091 0.917006 0.580255
-1.815310 0.770835 -0.909162
-1.885045 0.828496 -0.125139
-1.449634 0.790125 -1.184524
-1.688063 0.915074 0.455115
-1.625225 0.705343 -0.665132
-1.766291 0.736681 -0.140765
-1.428448 0.808112 -0.970365
-1.633179 0.843375 0.022314
-1.605182 0.762159 -0.705403
-1.668553 0.313733 -0.299294
-1.361228 0.726090 -0.719204
-0.510574 0.527698 -0.539659
-0.490921 -0.277047 -0.448896
-1.075254 -0.924577 0.000837
-1.200393 -1.219566 -0.303546
-1.783209 -0.499485 -0.228592
-1.317090 -0.904413 -1.045572
-1.843788 -0.820322 0.780561
-1.189678 -0.840701 -0.688927
-1.782066 -0.709306 -0.128377
-1.299595 -1.056994 -1.548684
-2.071192 -0.920719 0.864579
-1.261001 -0.845432 -0.879685
-1.704533 -0.368407 0.231615
-1.230262 -0.484362 -1.462813
-2.108638 -0.282830 1.319393
-1.461758 -0.221275 -0.640565
-1.908455 0.132692 0.457975
-1.281770 0.154238 -1.451572
-1.921525 0.366195 1.228320
-1.280098 0.237517 -0.604708
-1.498457 0.375208 0.387684
-0.885436 0.301202 -1.104562
-1.413088 0.453472 1.037001
-1.041685 0.171673 -0.526960
-1.269971 0.071874 0.119946
-0.834488 0.190417 -0.950512
-1.228606 0.235922 0.644018
-0.810932 0.096157 -0.123394
-1.211743 -0.217079 0.463661
-0.812307 -0.299320 -0.102188
-1.094409 -0.491080 0.642215
-0.511808 -0.478371 0.231208
-0.441954 -0.576605 0.064855
-0.607219 0.041780 -0.357530
-1.239745 0.485153 -0.128587
-1.598793 0.337220 -0.621329
-1.881179 0.221746 0.257586
-1.939031 0.170289 -0.415874
-2.020915 0.507315 -0.042089
-1.445231 -0.040071 -0.811602
-1.622902 0.063483 0.332427
-1.719490 -0.192600 -0.487731
-1.730929 0.231832 0.388450
-1.371038 -0.042238 -0.559951
-1.335578 0.049031 0.700018
-1.746325 0.017382 -0.581279
-1.827842 0.266190 0.521663
-1.867623 0.237453 -1.455111
-2.095733 0.508315 0.539056
-2.051910 0.597370 -1.014079
-2.284448 0.828447 0.499922
-1.799544 0.582625 -1.430148
-2.006902 0.797146 0.298821
-1.758799 0.689544 -1.037133
-1.977276 0.835952 0.537666
-1.512099 0.612367 -1.134774
-1.659756 0.779302 0.264890
-1.422325 0.684285 -0.821302
-1.683288 0.785483 0.505758
-1.532901 0.640841 -0.890153
-1.644819 0.456191 0.064926
-1.569837 0.784082 -0.881935
-1.692948 0.352362 -0.028660
-1.397494 0.631580 -0.744370
-0.564595 0.403685 -0.559703
-0.484240 -0.214962 -0.503978
-1.112555 -0.937258 0.014478
-1.150348 -1.064931 -0.125735
-1.816030 -0.462206 -0.043464
-1.204442 -1.003896 -0.992839
-1.830090 -0.752641 0.606618
-1.011798 -0.793035 -0.451892
-1.763080 -0.695262 0.023926
-1.446107 -1.095074 -1.285931
-2.080666 -0.928059 0.594634
-1.121450 -0.596557 -0.425218
-1.717989 -0.288411 0.728382
-1.385581 -0.370309 -0.614698
-1.909105 -0.313764 1.335704
-1.225780 0.006533 0.237295
-1.651451 0.043377 0.810499
-1.309320 -0.010802 -0.768840
-1.650386 0.200323 1.391937
-1.088629 0.284117 -0.166647
-1.386682 0.320190 0.415313
-1.065159 0.073810 -0.821492
-1.318919 0.165114 0.751373
-0.980650 0.112054 -0.309807
-1.170692 0.137190 0.118730
-0.869997 0.040506 -0.766844
-1.136540 -0.125956 0.539106
-0.856072 -0.041143 -0.247481
-1.086987 -0.226165 0.469956
-0.822279 -0.181156 0.079801
-1.060728 -0.593473 0.410684
-0.586218 -0.789821 0.317321
-0.517573 -0.669582 0.166168
-0.548578 0.003943 -0.338538
-1.358712 0.467470 0.012114
-1.626732 0.319481 -0.929354
-2.064253 0.155067 0.285541
-1.945637 0.170448 -0.833204
-2.134136 0.352357 -0.113614
-1.346980 -0.206360 -1.487261
-1.840019 -0.129921 0.613789
-1.695187 -0.236376 -0.907191
-1.632811 0.041958 0.611834
-1.143533 -0.103194 -0.898711
-1.286810 -0.156387 1.197029
-1.698100 -0.063380 -0.840167
-1.653633 0.050142 0.626024
-1.550823 0.187235 -1.641953
-1.828300 0.441674 1.112513
-1.820405 0.276725 -1.300004
-2.034267 0.597725 0.078546
-1.528908 0.495675 -1.842834
-2.029675 0.879272 0.898912
-1.757685 0.390756 -1.289797
-1.768505 0.665577 0.024673
-1.248280 0.529836 -1.738450
-1.665200 0.806940 0.658335
-1.483800 0.339143 -1.009261
-1.468699 0.572764 0.294342
-1.300306 0.663505 -1.389245
-1.569073 0.347010 0.349363
-1.607121 0.293741 -0.836579
-1.619877 -0.184167 0.015944
-1.421310 0.305145 -0.734127
-0.534666 0.362596 -0.432961
-0.465290 -0.242354 -0.420178
-1.029281 -0.902694 0.157023
-0.909826 -1.178923 -0.227311
-1.463315 -0.239298 0.192662
-0.781176 -0.793918 -1.225928
-1.580517 -0.635684 1.094411
-0.570571 -0.721825 -0.918842
-1.107809 -0.557815 0.270404
-0.486037 -0.929933 -1.878578
-1.762998 -0.790324 1.241124
-0.539389 -0.654244 -0.962132
-1.152617 -0.466255 1.063476
-0.380865 -0.571835 -1.522457
-1.773289 -0.465558 2.123013
-0.793393 -0.319289 0.070390
-1.385530 -0.037416 1.154663
-0.657037 -0.198231 -1.046863
-1.731611 0.006452 2.295253
-1.053200 -0.220580 -0.067478
-1.379771 -0.004196 0.708841
-0.739592 -0.168471 -0.845024
-1.429193 0.115419 1.710048
-0.863049 -0.017949 -0.230768
-1.057686 0.023240 0.476359
-0.676371 0.003645 -1.022834
-1.217639 0.197429 1.048192
-0.776984 -0.017479 -0.215119
-1.142139 -0.179812 0.694969
-0.807855 -0.249698 -0.075537
-1.067571 -0.491946 0.747130
-0.553214 -0.607805 0.209531
-0.444616 -0.756863 0.082865
-0.408254 0.024573 0.100246
-0.971012 0.561105 0.584877
-1.272647 0.470251 -0.144986
-1.410393 0.237878 0.666407
-1.400594 0.234371 -0.255435
-1.480433 0.321172 0.575131
-0.749912 -0.014151 -0.481263
-0.988497 -0.142635 1.057485
-0.778560 -0.092581 -0.450709
-0.960087 0.027953 1.150161
-0.321352 -0.183469 -0.260323
-0.804985 -0.240130 1.329274
-1.032948 0.078319 -0.468731
-1.401930 0.271968 1.164382
-0.655440 0.090614 -1.218429
-1.351673 0.396292 1.168366
-1.186928 0.354191 -1.191830
-1.896838 0.814887 1.014045
-1.057968 0.241745 -1.482865
-1.551657 0.801129 0.892116
-1.345617 0.596463 -1.095323
-1.763110 0.909075 0.729427
-1.116717 0.370464 -1.139463
-1.346044 0.724628 0.570579
-1.213907 0.569987 -0.963303
-1.487193 0.707661 0.853302
-1.398327 0.352593 -1.019320
-1.434196 0.058712 0.509638
-1.334416 0.801910 -1.126837
-1.436065 -0.067608 0.157206
-1.126806 0.094677 -0.428123
-0.390505 0.150299 -0.267315
-0.151534 -0.091287 -0.012549
-0.529767 -0.121087 0.397774
-0.387091 -0.332149 0.415805
-0.743486 -0.123365 0.638407
-0.369638 -0.584023 -0.131186
-1.008006 -0.472567 1.303680
-0.281199 -0.388320 0.372270
-0.692397 -0.547785 0.858842
-0.312441 -0.749290 -0.201100
-1.143554 -0.762550 1.478846
-0.182000 -0.465226 0.258980
-0.715344 -0.517114 1.318493
-0.151795 -0.557723 -0.194778
-1.313997 -0.509479 1.846098
-0.412851 -0.163866 0.458662
-1.085288 -0.049318 1.518724
-0.409090 -0.372874 -0.183006
-1.216601 -0.156363 1.987004
-0.551110 -0.232368 0.163858
-1.086786 0.007017 1.161445
-0.764670 -0.193968 -0.267692
-1.120678 -0.390212 1.407378
-0.590301 -0.071132 0.141943
-1.036571 0.158036 0.561716
-0.859172 -0.137544 -0.376083
-1.130346 -0.200285 0.753232
-0.657063 -0.121054 0.021842
-0.979809 -0.182243 0.813034
-0.713889 -0.183752 0.256396
-0.918110 -0.664384 0.631021
-0.506124 -0.705326 0.307038
-0.449968 -0.661232 0.222055
-0.133917 0.185370 0.588426
-0.457706 0.533483 0.874480
-0.644653 0.450911 0.206402
-0.895174 0.055364 0.773790
-0.917201 0.112523 0.217672
-0.797629 0.115977 0.590647
-0.351572 -0.103478 -0.351352
-0.627283 -0.475441 1.119382
-0.466746 -0.214575 0.044780
-0.234278 -0.191393 1.057322
0.416387 -0.253702 -0.663312
-0.260044 -0.326538 1.336777
-0.215607 0.006358 -0.541492
-0.417108 0.115714 0.987523
0.360171 0.091153 -1.661191
-0.768348 0.228514 1.445231
-0.542808 0.072546 -1.147142
-0.978332 0.397842 0.649721
-0.303916 0.408358 -1.690763
-1.198228 0.671561 1.097989
-1.002555 0.166115 -1.082097
-1.094418 0.496880 0.196488
-0.563020 0.484717 -1.682745
-1.357935 0.747811 0.711154
-1.239115 0.206927 -0.926942
-1.361366 0.458613 0.157445
-1.014913 0.619258 -1.483468
-1.439347 0.254084 0.219335
-1.339371 0.195991 -0.793488
-1.394047 -0.295188 0.075082
-1.059436 0.255164 -0.823693
-0.339149 0.114033 -0.372129
0.068307 -0.099632 0.512119
-0.257104 -0.044257 0.903763
-0.109292 -0.288913 0.719779
-0.146290 -0.295538 0.749700
-0.003028 -0.493435 0.220994
-0.679569 -0.533936 1.165956
-0.123399 -0.399290 0.711578
-0.263790 -0.600076 0.992305
0.305293 -0.618957 -0.292388
-0.723019 -0.634562 1.516994
0.489641 -0.373494 0.470746
0.021192 -0.373409 1.453362
0.832565 -0.576529 -1.090116
-0.723500 -0.422743 2.014248
0.699982 -0.370678 -0.004212
-0.041761 -0.017869 1.698143
0.758305 -0.334552 -1.318909
-0.932556 -0.002304 2.456537
0.145229 -0.242094 -0.174006
-0.500999 -0.078429 1.349825
0.160635 0.001236 -1.020052
-1.113872 0.142746 2.126493
-0.314725 -0.384220 0.023327
-0.702782 -0.188733 0.836240
-0.301362 0.101721 -0.859316
-1.132120 0.188580 1.242130
-0.560710 -0.062454 0.043914
-1.015900 -0.377161 0.849773
-0.733325 -0.140950 0.074169
-1.038051 -0.617988 0.734954
-0.556731 -0.635203 0.413459
-0.429291 -0.834315 0.027872
0.321005 0.021679 0.922819
0.280187 0.277910 0.970414
0.268696 0.201722 0.723600
0.152036 -0.182651 0.917807
-0.020544 -0.171347 0.834162
-0.257231 -0.062391 0.833952
0.032874 -0.034918 0.555974
0.042883 -0.362154 0.994682
0.219997 -0.192437 0.698330
0.122914 -0.126106 0.982832
0.430782 -0.189009 0.446466
0.287981 -0.251612 1.151030
0.369857 -0.044220 0.196944
-0.029234 0.172672 1.031238
0.440149 -0.027842 -0.527513
-0.014499 0.072557 1.206274
0.171478 0.295292 -0.975911
-0.764942 0.519837 0.889699
-0.266884 0.222415 -0.841386
-0.643935 0.501998 0.907214
-0.459066 0.477110 -1.142496
-1.174853 0.665280 0.608752
-0.919363 0.295409 -0.995263
-0.946563 0.601755 0.593800
-0.617099 0.584927 -1.195139
-1.253264 0.452525 0.603073
-1.277735 0.244894 -1.026750
-1.531093 -0.004626 0.254219
-1.337178 0.438871 -1.336819
-1.493424 -0.334890 -0.140970
-1.189801 -0.110956 -0.657903
-0.348227 -0.038263 -0.449798
0.635328 -0.180800 0.865729
0.539688 -0.235534 1.016001
0.661875 -0.463135 0.876462
0.599841 -0.504945 0.940550
0.580772 -0.564465 0.864583
0.076052 -0.640709 1.127093
0.430038 -0.459510 1.228950
0.258896 -0.544221 1.027080
0.477871 -0.454818 1.115491
-0.069160 -0.601520 1.368547
0.524841 -0.207702 1.144497
0.378918 -0.331777 1.260389
0.648078 -0.288864 1.119574
-0.053519 -0.342719 1.631420
0.438111 -0.135127 0.488973
0.051532 -0.035111 1.373988
0.321469 -0.153099 0.568678
-0.343920 -0.096295 1.753428
-0.002169 -0.010321 -0.099844
-0.592232 0.204811 1.023350
-0.549902 -0.033307 0.381025
-0.875338 0.092735 1.541932
-0.594636 -0.040995 0.045559
-1.049260 0.064691 0.882848
-0.862508 -0.037968 0.155011
-1.014911 -0.097536 1.135616
-0.723384 -0.078336 0.120014
-1.082394 -0.221870 0.971627
-0.911637 -0.300093 0.422975
-1.097453 -0.882143 0.689863
-0.776307 -0.935078 0.317511
-0.574580 -0.846859 0.032653
0.748558 -0.066434 0.941420
0.798767 0.016677 0.916572
0.795241 -0.113533 0.728542
0.587006 -0.296171 0.909373
0.564069 -0.230807 0.874380
0.585765 -0.085969 0.849277
0.809030 -0.254225 0.469685
0.624031 -0.328960 1.049466
0.769287 -0.253087 0.840196
0.756330 -0.136996 1.051904
1.103406 -0.384655 -0.102186
0.563829 -0.294450 1.338058
0.620418 -0.076464 0.191031
0.709152 0.070747 1.053411
0.918543 -0.092527 -0.901087
0.218944 -0.061360 1.452637
0.023712 0.058619 -0.328982
0.055257 0.304199 0.826693
0.230515 0.245136 -1.194556
-0.287381 0.267286 1.297942
-0.559980 0.175922 -0.704700
-0.297511 0.217898 0.614212
0.031469 0.512985 -1.443133
-0.564960 0.450764 1.088997
-0.858393 0.227963 -0.794252
-1.151260 0.043656 0.612889
-1.149009 0.530751 -1.265256
-1.690956 -0.259742 0.557824
-1.633476 -0.567455 -0.560607
-1.596112 -0.260960 -0.128066
-1.271388 0.263877 -0.898001
-0.304764 0.479868 -0.435839
0.665840 -0.160385 0.922374
0.443415 -0.204838 1.014968
0.620613 -0.413615 0.967329
0.638215 -0.499117 1.027285
0.854025 -0.552725 0.762016
0.286495 -0.545603 1.314651
0.730559 -0.424280 1.095831
0.471257 -0.464191 1.147748
0.996930 -0.468605 0.286235
0.142548 -0.451469 1.530663
1.009819 -0.271116 0.693927
0.564327 -0.317433 1.493348
1.164104 -0.440581 -0.632787
0.168525 -0.277627 1.840396
1.225353 -0.277461 -0.049728
0.692680 -0.093120 1.665044
1.142272 -0.359683 -1.342228
-0.040352 0.062452 1.987576
0.958137 -0.109204 -0.325046
0.370206 0.147407 1.501064
0.806535 0.007405 -1.186054
-0.383749 0.278909 2.051274
0.544988 0.050968 -0.332792
0.165727 0.096546 1.308836
0.550983 0.151292 -1.125747
-0.684131 -0.017433 1.563966
-0.277282 -0.138977 0.152230
-0.986662 -0.434061 1.213130
-0.801907 -0.505933 0.272164
-1.176115 -0.846382 0.997258
-0.789874 -0.812691 0.447276
-0.380888 -0.875804 0.167326
0.836042 -0.085286 0.891623
0.994767 -0.037620 0.970799
1.087454 -0.055004 0.783161
1.015704 -0.205743 1.029083
1.086517 -0.261301 0.821268
1.028655 -0.044751 0.994389
1.168496 -0.148032 0.772970
1.090396 -0.191304 1.126032
1.308268 -0.235501 0.489113
1.333334 -0.099443 1.185297
1.345688 -0.187811 0.526938
1.323567 -0.229610 1.333749
1.479453 -0.249717 -0.055221
1.568367 0.020183 1.302009
1.434973 -0.032198 0.141195
1.346343 -0.001034 1.469980
1.412893 -0.032596 -0.304077
1.288687 -0.109577 1.035202
1.122588 0.089458 0.006474
1.047599 0.015841 1.204097
1.039985 0.241202 -0.487554
0.565475 -0.202853 0.817320
0.361583 0.305311 -0.335348
0.256721 0.047709 1.074287
0.296368 0.533095 -0.780471
-0.327776 -0.111632 0.813276
-0.760667 -0.366611 -0.277075
-1.122954 -0.271552 0.577421
-1.073040 0.207448 -0.897919
-0.799081 0.169866 -0.028504
-0.708546 0.681144 -0.338657
0.215576 0.779150 -0.388476
0.852727 -0.190143 0.906414
0.729495 -0.244146 1.030993
0.775525 -0.497403 1.045041
0.795539 -0.504380 1.101933
0.871296 -0.583901 0.962259
0.543643 -0.585179 1.275569
0.815055 -0.505612 1.252128
0.719151 -0.470455 1.140706
0.742477 -0.436298 1.081956
0.494209 -0.453347 1.430438
0.858546 -0.276338 1.099496
0.924290 -0.382896 1.419768
0.851299 -0.262304 1.046146
0.798047 -0.348469 1.672616
1.117993 -0.145221 0.856817
1.155852 -0.094319 1.611213
0.872401 -0.025349 0.912794
0.674099 -0.012187 1.731352
0.752722 -0.087872 0.851001
0.716060 0.034713 1.422332
0.399676 0.068661 0.948187
0.168304 0.167631 1.619767
0.160340 -0.077869 0.889308
-0.095996 0.154719 1.492955
-0.033220 -0.078798 0.910844
-0.218796 0.029192 1.443631
0.048014 -0.232682 0.555176
-0.402510 -0.106702 1.363179
-0.131455 -0.385318 0.858402
-0.444957 -0.457899 0.946521
-0.036227 -0.726337 0.398795
0.115066 -0.284197 0.470302
0.985045 -0.141627 0.910766
0.984500 -0.193018 0.964346
1.228390 -0.042992 0.768044
1.114528 -0.292533 0.974486
1.179189 -0.318440 1.063868
1.138640 -0.287336 0.995039
1.420035 -0.192840 0.637722
1.203918 -0.264162 1.008907
1.278986 -0.196932 1.101950
1.334853 -0.299027 1.162115
1.596034 -0.208775 0.741736
1.410913 -0.322646 1.204551
1.498487 -0.191152 1.195873
1.492423 -0.301641 1.259177
1.712550 -0.005116 0.561462
1.381841 -0.047218 1.215428
1.362154 -0.014791 1.203000
1.249950 -0.190834 1.143707
1.457793 0.103283 0.617491
1.089933 -0.070509 1.019680
0.959280 0.142033 1.020306
0.836666 -0.137839 0.829861
0.814656 0.073066 0.617453
0.415393 0.008750 0.978100
0.195467 0.007579 0.926581
0.001030 0.067684 0.734556
-0.096134 0.015483 0.575462
-0.329423 0.006270 0.730771
-0.268795 -0.008884 0.559562
-0.097631 0.202609 0.554607
-0.132105 0.530867 0.412287
0.431341 0.261617 0.263593
0.977112 -0.176054 0.810408
0.757280 -0.219558 1.019718
0.770899 -0.411587 1.098861
0.810105 -0.346995 1.076249
0.886694 -0.265215 1.018214
0.774536 -0.372652 1.182561
0.917242 -0.361987 1.147118
0.851538 -0.328763 1.140520
0.864608 -0.226022 1.061553
0.728425 -0.272853 1.262290
0.997378 -0.224079 1.298460
0.913437 -0.297456 1.239839
0.967349 -0.202799 1.141700
0.850674 -0.212960 1.261634
1.063410 -0.091161 1.380060
0.944136 -0.105105 1.315816
0.760107 -0.047396 1.168228
0.548809 0.069598 1.253302
0.670976 0.050059 1.298638
0.590103 0.044341 1.245324
0.492892 -0.024063 1.081075
0.175496 0.193455 1.146703
0.434239 0.032196 1.139489
0.311377 0.152210 1.115049
0.447272 0.017160 1.111279
0.145714 0.238860 1.184019
0.372496 -0.019827 1.098070
0.152245 0.005442 1.033418
0.203191 -0.220404 0.935678
0.112841 0.015800 0.995224
0.439638 -0.164731 0.848180
0.394454 0.070450 0.805585
