0.861294 -0.072819 -0.488266
0.677520 -0.009213 -0.355772
0.704916 -0.228463 0.008814
0.351720 0.364464 -0.377148
0.639720 -0.311458 0.359883
0.827006 0.561020 -0.343393
0.527453 0.089188 0.288101
0.452846 0.409014 0.002895
0.897703 0.384335 -0.241545
0.355556 0.412567 -0.236305
0.426362 0.250206 0.334085
0.535582 0.229701 0.237738
0.417594 0.286616 0.470055
0.607512 0.098827 0.751123
0.326002 0.294242 0.345642
0.971776 -0.387062 -0.349616
0.597751 -0.031856 -0.432439
0.858571 -0.286972 -0.166458
0.352321 0.300190 -0.120709
0.266405 0.421152 -0.502713
0.656474 -0.164991 0.284575
0.683412 0.534064 -0.192796
0.614893 0.306196 -0.353465
0.481915 0.145146 -0.427302
0.488668 0.096453 0.447418
0.718235 0.017846 0.612875
0.272682 0.398351 -0.175118
0.750007 -0.335229 0.253677
0.211846 0.293081 -0.201527
0.645473 -0.007478 -0.279591
0.216194 0.290037 -0.526243
0.478631 0.163922 -0.340612
0.547713 0.336307 -0.434109
0.594180 0.065914 -0.363680
0.715748 0.141487 -0.459387
0.555318 0.390909 -0.255060
0.966043 -0.148210 -0.191831
0.458903 0.232193 -0.429483
0.632675 0.165838 0.536521
0.389457 0.336250 -0.362207
0.416455 0.252229 0.164212
0.459117 0.275967 0.224163
0.568091 -0.353871 0.247120
0.468321 -0.036103 -0.513828
0.395599 0.219161 -0.216628
0.519970 -0.034298 -0.284578
0.439872 -0.122045 0.131828
0.749140 0.246271 0.541132
0.287919 0.285119 -0.351428
0.797576 -0.084396 0.526586
0.931136 -0.303013 -0.063636
0.487386 0.322755 -0.247458
0.429379 0.340488 0.133664
0.498444 0.003564 0.685642
0.555179 -0.083515 0.301013
0.763737 -0.152825 0.332713
0.972797 -0.001108 -0.567578
0.503201 0.402331 0.109307
0.194370 0.271450 -0.423680
0.765355 0.197624 -0.352618
0.462204 0.098658 -0.533631
0.461695 0.435293 -0.514013
0.526269 -0.128790 0.022096
0.585545 -0.224251 0.050332
0.520202 0.017480 -0.217744
0.724851 0.018118 -0.556651
0.282201 0.327694 0.038344
0.518312 0.140305 0.551737
0.520642 0.382580 0.295045
0.332896 0.190937 0.578790
0.611561 0.376812 0.215482
0.641064 0.195947 -0.377013
0.392764 0.166584 0.356563
0.668079 -0.046084 0.351127
0.904592 0.403802 -0.710612
0.559537 0.141857 -0.315641
0.617529 0.073931 0.396390
0.561235 0.029260 -0.332032
0.539693 0.006365 0.402365
0.430962 0.449404 -0.153123
0.567782 -0.051904 -0.224075
0.522089 0.001202 0.211413
0.940521 0.271361 -0.379004
0.247554 0.122901 0.417008
0.614017 -0.087692 -0.318486
0.424554 0.129502 -0.418682
0.711510 -0.086609 -0.353493
0.780627 0.000029 -0.385935
0.218966 0.389358 -0.292564
0.904130 0.132060 -0.374822
0.337156 0.015232 0.233542
0.827145 -0.358540 0.009932
0.555099 0.241534 0.626909
0.370583 0.139808 0.240192
0.706498 0.167428 0.354032
0.758834 0.100071 0.440336
0.514966 -0.119539 -0.187937
0.722853 0.243949 -0.726631
0.659168 -0.100638 -0.116274
0.506517 0.036554 -0.419273
0.348669 0.205048 0.122168
0.372808 0.380796 -0.063704
0.745344 0.078016 -0.399422
0.657215 -0.194303 0.668186
0.559545 0.083375 -0.444382
0.672544 0.472179 -0.590987
0.303627 0.276316 -0.029229
0.382596 0.431857 -0.290039
0.532572 0.136425 0.351150
0.559602 0.162458 -0.523197
0.187811 0.343101 -0.086196
0.640760 0.045518 -0.433978
0.577966 -0.078633 0.374272
0.569978 0.310279 0.140500
0.822311 -0.066827 -0.280253
0.319372 0.134324 -0.312045
0.511881 -0.232983 0.387952
0.670538 0.127065 -0.329165
0.711308 0.272987 -0.467809
0.265694 0.435561 -0.381762
0.647281 -0.279934 0.192849
0.636697 -0.369379 0.100822
0.678731 -0.194658 -0.629697
0.519693 0.378242 -0.192844
0.617965 0.219767 -0.268703
0.479475 0.405820 -0.146629
0.501475 0.215963 -0.352500
0.560611 0.274163 0.384410
0.687577 -0.294342 -0.241285
0.226354 0.257029 -0.286968
0.565851 0.360798 -0.327925
0.514692 -0.156290 -0.408086
0.314601 0.370801 -0.299535
0.644265 0.403114 0.085264
0.335027 0.040942 -0.553986
0.589847 -0.184935 0.505125
0.554826 0.398661 0.035253
0.377205 0.269667 0.106867
0.406340 0.120223 -0.367512
0.562440 0.519468 -0.420918
0.946613 -0.163886 -0.857465
0.180648 0.375937 -0.426549
0.430069 -0.062259 0.359597
0.366880 0.302938 -0.313073
0.574744 0.137992 0.444372
0.603536 -0.047085 0.156358
0.396583 0.215408 -0.367708
0.488664 -0.089998 0.514272
0.266009 0.259590 0.109424
0.411365 0.395259 -0.123833
0.902463 0.093136 -0.254599
0.662809 0.403828 -0.372410
0.437327 0.275437 -0.330137
0.648695 0.062472 -0.799083
0.496651 0.003746 -0.650443
0.482921 0.199158 0.347608
0.487512 0.338488 0.059161
0.222659 0.341923 -0.297527
0.953266 -0.314879 -0.618918
0.348951 0.229653 0.455985
0.309232 0.058406 -0.408236
0.948935 0.141921 -0.805613
0.722471 0.275938 -0.237301
0.501369 0.239748 0.398295
0.415041 0.384539 -0.300238
0.604050 0.449983 -0.314702
0.723732 0.060356 -0.287224
0.399569 0.385766 -0.222090
0.626875 0.334854 -0.251037
0.478607 0.061332 -0.380982
0.697865 0.304889 0.196867
0.319364 0.268338 0.262664
0.488856 0.200729 0.481495
0.486958 0.458369 -0.050857
0.642792 0.110870 -0.469738
0.507785 0.325896 0.209989
0.680536 0.387323 -0.249457
0.771028 0.151627 -0.275117
0.536257 -0.152575 -0.084111
0.599231 0.026126 0.263089
0.775096 0.427756 -0.178715
0.324137 0.355595 -0.223020
0.447938 0.431482 -0.237379
0.748905 0.326528 -0.364270
0.539725 0.127880 0.182039
0.641942 -0.152000 -0.206241
0.945559 0.484867 -0.492151
0.325718 0.213427 -0.422757
0.597756 0.024594 0.490729
0.378716 0.250068 -0.439295
0.392087 0.219727 -0.659458
0.521580 0.312541 -0.320563
0.763631 -0.145378 -0.463897
0.510518 0.330945 -0.608405
0.203936 0.243114 0.420025
0.624049 0.178068 0.285388
0.740193 -0.150832 -0.262706
0.608227 -0.198318 -0.060811
0.402307 -0.033035 0.002070
0.821971 0.163343 -0.520186
0.774905 0.273088 0.292139
0.471832 0.466045 -0.311650
0.630009 0.238641 0.291967
0.439989 0.201520 0.269971
0.820344 -0.215603 -0.306983
0.671420 0.341933 0.384381
0.298476 0.301146 -0.437607
0.549336 0.272502 0.259149
0.487009 0.049033 0.356791
0.942596 -0.046344 -0.342133
0.541378 0.472442 -0.249776
0.570896 0.450802 -0.152885
0.495816 0.383206 -0.336153
0.614185 0.223445 0.425438
0.194814 0.307904 0.203485
0.491024 -0.056751 -0.358117
0.310467 0.286063 -0.242899
0.565948 0.238833 -0.449208
0.331262 0.336915 -0.556748
0.717832 0.391224 -0.055354
0.273752 0.179356 -0.603207
0.358332 0.338693 0.216160
0.210238 0.208306 -0.383548
0.584073 -0.180684 0.196459
0.357208 0.040951 0.511898
0.683370 0.033274 0.295072
0.547466 -0.160417 -0.272251
0.241979 0.140691 -0.495750
0.731941 -0.387975 0.475421
0.667919 -0.218968 -0.389661
0.656389 0.375441 -0.158626
0.771927 0.083553 -0.504155
0.466801 -0.076875 -0.148975
0.376764 0.183222 -0.346661
0.477112 0.078263 -0.313722
0.571281 0.153849 -0.384983
0.527520 -0.228814 0.115312
0.403828 0.324156 0.018020
0.240959 0.052738 -0.127189
0.294709 0.203354 -0.140055
0.448584 0.323176 -0.405315
0.515861 -0.154683 0.272722
0.545538 -0.212662 -0.142651
0.904672 0.518890 -0.059229
0.408553 0.014166 -0.320960
0.455603 0.300844 0.334090
0.153473 0.169836 0.172450
0.760095 -0.054470 -0.203090
0.426025 0.109867 -0.261377
0.366331 0.021566 -0.216309
0.387741 -0.023557 -0.421424
0.736253 -0.187407 -0.137243
0.443747 -0.116420 -0.278404
0.314671 0.359307 0.082154
0.416161 0.414220 -0.411727
0.411038 0.074499 0.041435
0.642944 0.137770 -0.412504
0.662525 0.249578 -0.174402
0.694480 0.265866 -0.297010
0.652516 0.299115 0.053834
0.649250 0.116871 -0.292170
0.547163 0.259285 0.039806
0.728851 0.077611 -0.493537
0.480044 0.262825 0.202486
0.471631 0.109339 -0.401003
0.268007 0.223002 0.088831
0.281767 0.361823 -0.527249
0.058918 0.699362 -0.069661
-0.016504 0.536775 -0.341020
0.048016 0.744896 -0.350505
0.123325 0.621458 -0.443816
0.140364 0.805227 -0.120795
0.100909 0.779717 -0.317800
0.092683 0.896493 -0.225523
0.046646 0.865157 -0.595859
0.088723 0.879822 -0.347766
0.042023 0.840896 -0.400733
0.225510 0.894207 -0.307707
0.275657 0.782796 -0.546149
0.385770 0.798920 -0.217452
0.285994 0.822156 -0.410618
0.356518 0.906505 -0.222004
0.406020 0.882151 -0.549989
0.458849 0.863796 -0.215035
0.395421 0.830734 -0.382246
0.506183 0.881403 -0.195965
0.740338 0.818082 -0.288298
0.821858 0.628753 -0.288658
0.783098 -0.210723 -0.469431
0.691373 -0.160547 -0.044220
0.842193 -0.292281 -0.541743
0.566641 -0.092956 0.162100
0.816884 -0.276644 -0.551184
0.369841 -0.282449 0.293080
0.703313 -0.532023 -0.294970
0.139929 -0.405599 0.137121
0.511222 -0.550489 -0.717972
-0.140994 -0.706952 0.282507
0.177569 -0.768215 -0.455615
-0.372573 -0.799660 0.066145
-0.009753 -0.495738 -0.677101
-0.351100 0.095678 -0.123969
0.100670 0.153929 -0.555290
-0.104018 0.556497 0.033631
0.395467 0.500087 -0.563590
0.166571 0.600856 0.491891
0.576669 0.438680 -0.145499
0.346548 0.535362 0.429947
0.764072 0.460397 -0.445352
0.660024 0.411697 0.430307
0.962816 0.269139 -0.086908
0.918040 0.358898 0.179088
1.105852 0.356629 -0.315401
0.954317 0.322052 0.437893
1.038237 0.224797 -0.008600
0.924792 0.285994 0.177696
1.112243 0.262389 -0.168567
0.975773 0.265218 0.256324
1.053473 0.168040 0.022045
0.756751 0.246035 -0.040870
0.691070 0.064894 -0.324173
0.667399 0.375547 0.273552
0.587186 0.309549 -0.524234
0.558492 0.391900 0.177591
0.556801 0.139643 -0.753284
0.531492 0.480381 0.028644
0.638162 0.106741 -1.015394
0.213840 0.368739 0.275637
0.108447 0.127689 -0.732021
-0.249170 0.654825 0.268456
-0.437159 0.482893 -0.938992
-0.859536 0.901292 0.043677
-0.998268 0.608744 -0.663061
-0.860280 0.944224 0.023950
-0.744429 0.826365 -0.735835
-0.489083 1.010954 0.028720
-0.790103 0.922166 -0.724670
-0.790837 1.048236 -0.101507
-1.239089 0.893903 -0.996585
-1.120666 1.117263 -0.127206
-1.346249 1.027589 -0.547047
-0.852049 1.115766 -0.235943
-0.825749 1.017117 -0.735845
-0.405856 1.068099 -0.158223
-0.481612 1.055727 -0.492743
-0.220759 1.055476 -0.233890
-0.302180 1.159753 -0.699641
-0.153908 1.135323 -0.280822
0.000142 1.104183 -0.525039
0.381702 1.103449 -0.258360
0.463746 1.101876 -0.485246
0.758151 0.884115 -0.509044
0.792157 -0.250793 -0.398394
0.536523 -0.116360 0.061100
0.525121 -0.419884 -0.652584
0.327919 -0.160899 0.260844
0.435183 -0.449487 -0.862268
-0.016495 -0.293867 0.406404
0.248752 -0.518230 -0.708343
-0.141519 -0.302879 0.454308
0.164068 -0.509081 -1.043425
-0.349837 -0.411657 0.436919
0.045959 -0.370928 -0.943064
-0.438851 -0.111629 0.147762
-0.231198 0.080571 -1.096474
-0.508522 0.603090 0.332072
0.043140 0.587008 -0.628241
0.056153 0.689794 0.330949
0.119284 0.844978 -0.675676
-0.229810 0.726394 0.675121
0.031617 0.767138 -0.155571
-0.148317 0.596279 0.638357
0.127838 0.576379 -0.686691
0.198570 0.660365 0.462436
0.650075 0.585842 -0.214628
0.725732 0.607898 0.280356
0.865138 0.600250 -0.497887
0.767097 0.548243 0.271215
0.927482 0.479918 -0.092513
0.854604 0.463429 0.235449
0.875736 0.411418 -0.331092
0.893768 0.429110 0.159751
1.192295 0.267718 -0.090999
1.014100 0.382517 0.155037
0.548382 0.081375 -0.315034
0.507850 0.413848 0.127570
0.187084 0.411946 -0.384718
0.110198 0.415937 -0.012299
-0.157881 0.374012 -0.416183
-0.151150 0.533267 0.011473
-0.178866 0.317096 -0.591822
-0.029400 0.342894 -0.207719
-0.268161 0.289645 -0.457500
-0.405253 0.646744 0.169414
-0.589191 0.593188 -0.396577
-0.507083 0.819871 0.503182
-0.685639 0.848033 -0.148816
-0.437905 0.885558 0.297647
-0.464644 0.943381 -0.196945
-0.249574 0.997431 0.079095
-0.709238 1.244686 -0.802307
-0.847593 1.068142 -0.235518
-1.519754 1.133711 -0.798746
-1.561914 1.173826 -0.162052
-1.732916 1.238520 -0.354356
-1.214107 1.180666 -0.034359
-1.150427 1.168460 -0.339460
-0.879893 1.089407 -0.285739
-0.829664 1.169474 -0.453361
-0.437194 1.136153 -0.240221
-0.517259 1.182980 -0.549355
-0.411368 1.131695 -0.450982
-0.561626 1.175265 -0.638127
-0.123879 1.176324 -0.224042
0.122177 1.190522 -0.194240
0.757788 0.954812 -0.506864
0.668601 -0.217108 -0.442038
0.259496 -0.183123 -0.090048
0.161937 -0.521179 -0.582461
-0.208879 -0.431570 -0.123382
-0.187038 -0.641462 -0.718041
-0.414029 -0.437672 -0.020617
-0.396325 -0.502073 -0.537242
-0.409537 -0.282103 -0.042953
-0.346563 -0.387507 -0.787615
-0.394844 -0.197465 -0.101246
-0.309429 -0.128234 -0.541136
-0.687854 0.120248 0.194635
-0.661198 0.210240 -0.463728
-0.963955 0.460343 0.710979
-0.459970 0.666821 0.080680
-0.411441 0.672108 0.470962
-0.083221 0.910960 -0.297974
-0.451419 0.769285 0.682783
-0.238282 1.063813 -0.143659
-0.420592 0.690111 0.246767
-0.287152 0.871507 -0.654379
-0.337142 0.651974 0.399514
0.204821 0.908559 -0.311121
0.245399 0.795398 -0.033697
0.437090 0.914518 -0.323604
0.451652 0.701223 0.159632
0.549172 0.685522 -0.117575
0.494182 0.591719 0.012902
0.581594 0.596955 -0.084687
0.697306 0.584570 -0.003578
1.142977 0.393046 0.027288
0.789339 0.542323 -0.038433
0.325694 0.064133 -0.334476
0.220870 0.436934 0.093982
-0.071839 0.250472 -0.473469
-0.223618 0.451211 0.190376
-0.580921 0.294558 -0.468361
-0.247485 0.712565 0.119677
-0.258668 0.267343 -0.774516
0.080964 0.464470 0.091308
-0.335534 0.318124 -0.559678
-0.252088 0.736160 0.513984
-0.465886 0.483324 -0.480868
-0.526380 0.590338 0.921357
-0.956414 0.614768 -0.126528
-0.911953 0.564550 0.502999
-1.079437 0.789437 -0.649909
-1.168444 0.695807 0.440305
-1.305090 1.021736 -0.908100
-1.407439 1.043336 -0.180786
-1.407516 1.164397 -1.387904
-1.738524 1.250884 0.318288
-1.547231 1.043871 -0.627286
-1.479670 1.052369 -0.044161
-1.154783 1.039915 -0.948090
-1.023647 1.135956 0.223039
-0.971853 1.106266 -0.469743
-0.842386 1.193612 -0.321987
-0.875490 1.232157 -0.755233
-0.879439 1.315513 -0.247999
-0.959468 1.328731 -0.520929
-0.578225 1.213162 -0.310935
-0.339211 1.291434 -0.393793
0.441520 0.989248 -0.523040
0.431674 -0.306420 -0.508390
-0.143460 -0.340584 -0.155214
-0.262070 -0.708474 -0.759164
-0.430960 -0.547055 -0.155189
-0.352898 -0.883610 -1.121666
-0.502980 -0.582064 0.079140
-0.234443 -0.594827 -1.053437
-0.102512 -0.230484 -0.131361
-0.191392 -0.416992 -1.422153
-0.335824 -0.114279 -0.018592
-0.236172 -0.117345 -1.024174
-0.768125 0.151011 0.346261
-0.838096 0.140449 -0.988569
-1.686731 0.157608 0.855819
-0.967519 0.330264 -0.452552
-1.544486 0.387988 0.764206
-0.844962 0.662847 -0.833415
-1.597569 0.550351 1.041402
-0.596760 0.853613 -0.631174
-0.889629 0.673016 0.293052
-0.307493 0.869199 -1.278165
-0.655365 0.785278 0.427265
-0.013789 0.731070 -0.871304
-0.114874 0.750623 0.069537
0.096930 0.823057 -0.982570
-0.106523 0.858260 0.212114
0.100666 0.662035 -0.395318
0.059569 0.510447 0.066078
0.220751 0.352967 -0.384518
0.297700 0.620145 -0.030878
0.730135 0.390254 -0.130935
0.706438 0.560033 -0.170844
0.480138 -0.026921 -0.363231
0.380108 0.367941 -0.046499
0.124327 0.133059 -0.590670
0.018242 0.443202 -0.021387
-0.330351 0.158986 -0.333279
-0.008173 0.583604 0.031689
0.228858 0.122555 -0.606138
0.558713 0.342996 -0.131869
-0.029016 0.263859 -0.407154
-0.172426 0.839866 0.581208
-0.316602 0.517600 -0.305246
-0.469566 0.361261 0.714700
-0.985818 0.371839 -0.147610
-1.493233 0.220817 0.722495
-1.579058 0.488382 -0.658922
-1.872649 0.502663 0.406315
-1.726541 0.895141 -1.061315
-2.164754 0.999411 0.569374
-1.434168 0.848613 -1.480889
-1.759838 1.117388 0.126121
-1.422750 1.115413 -1.007512
-1.564023 1.217701 0.491340
-1.105790 0.947136 -0.959926
-1.155799 1.089079 0.149744
-1.065808 1.115250 -0.660984
-1.069756 1.372218 0.357137
-1.083111 1.328749 -0.860780
-1.202425 1.378599 -0.157599
-1.125658 1.367373 -0.678737
-0.944853 1.392325 0.003855
-0.620917 1.327257 -0.317600
0.197722 1.010381 -0.444267
0.703553 -0.427991 -0.630645
0.237496 -0.516748 -0.246525
0.113205 -1.022823 -0.691186
-0.019554 -0.882492 -0.302467
0.118390 -1.378675 -1.073893
0.023410 -0.772109 -0.141913
0.390875 -1.055113 -0.721753
0.509347 -0.611333 -0.509775
0.518786 -0.759902 -1.140510
0.338079 -0.373509 -0.511663
0.513834 -0.232911 -0.638169
0.097612 0.059844 0.113736
-0.015805 0.075101 -0.905656
-1.006870 -0.071371 0.756909
-0.588593 0.265757 -0.387884
-1.667081 0.185227 0.646650
-0.902749 0.327456 -0.784186
-1.749035 0.165936 0.864218
-0.722528 0.691339 -0.605337
-1.112402 0.475296 0.296588
-0.452245 0.481495 -1.155210
-0.945237 0.413095 0.273686
-0.295681 0.651169 -0.877554
-0.484055 0.717229 -0.064854
0.084996 0.595063 -1.041456
-0.161483 0.522359 0.140994
0.118180 0.381059 -0.527744
-0.154068 0.724814 -0.073816
0.172667 0.630300 -0.663869
0.158143 0.644919 -0.077026
0.627228 0.049885 -0.061099
0.461370 0.557774 -0.071080
0.638496 -0.257430 -0.467529
0.636213 0.145039 -0.091053
0.675793 -0.305738 -0.837453
0.396810 0.195925 0.312435
0.403032 -0.206331 -0.705977
0.512310 0.293409 -0.104712
0.873904 -0.306259 -1.022048
0.685360 0.036594 -0.044978
0.459212 0.000338 -1.044977
0.292314 0.783896 0.254312
0.515613 0.339597 -0.849368
0.216651 0.351268 1.027565
-0.292642 0.262171 -0.879460
-0.763579 0.160742 0.530231
-0.875577 0.410654 -1.202658
-1.770413 0.358793 0.939310
-1.447738 0.485189 -1.333232
-1.821954 0.794025 0.440741
-1.153561 0.657223 -1.803526
-1.812187 1.058802 0.764734
-1.243187 0.761236 -1.409559
-1.312561 1.073221 0.285643
-0.892295 0.871879 -1.546359
-1.283095 1.147486 0.732428
-0.753663 0.919697 -1.196392
-0.819387 1.310068 0.272356
-0.724643 1.376192 -1.303868
-1.025652 1.455852 0.168923
-0.919259 1.420331 -0.690432
-0.689559 1.415466 0.166590
-0.408340 1.386070 -0.430116
0.335245 1.043732 -0.403202
0.776543 -0.709215 -0.622269
0.336616 -0.934614 0.069238
0.402823 -1.757627 -0.555162
0.142525 -1.470919 -0.011430
0.518263 -1.673584 -1.279431
0.012530 -1.176705 0.651174
0.551225 -1.448757 -1.068457
0.404493 -1.018450 -0.189494
0.557346 -1.182054 -1.660319
-0.030812 -0.816263 0.079922
0.466159 -0.905712 -1.448912
0.088049 -0.057399 0.325477
0.444066 -0.173064 -1.851563
-0.921706 -0.252763 1.328743
-0.124452 -0.026050 -1.184153
-0.940870 0.009174 0.687628
-0.011432 0.020015 -1.748567
-1.342469 0.010971 1.424629
-0.083550 0.159117 -0.895105
-0.659225 0.331971 0.652707
0.027144 0.231023 -1.538440
-0.687933 0.454470 1.024064
0.223354 0.310940 -1.101648
0.163898 0.628073 0.271976
0.567452 0.470153 -1.405804
0.176071 0.699408 0.630370
0.635986 0.537519 -0.863032
0.398542 0.580531 0.206009
0.603185 0.557531 -0.840202
0.430935 0.589392 0.295908
0.684027 0.496411 -0.452902
0.744755 0.602998 -0.234865
0.649125 -0.425432 -0.394846
0.698529 -0.024481 0.069685
0.852866 -0.485339 -0.709189
0.611735 -0.194617 0.500750
0.512890 -0.549398 -0.752009
0.458565 -0.019445 0.179715
0.767570 -0.559503 -1.034662
0.566239 -0.128807 0.467009
0.413556 -0.202827 -1.249396
0.197741 0.423778 0.966170
0.356308 0.312085 -1.066240
0.337518 0.185188 1.044072
0.081122 0.401057 -1.042510
-0.161754 0.313487 0.964993
0.072914 0.435967 -1.175689
-0.452948 0.509732 1.014860
-0.436984 0.575106 -1.128295
-1.015445 0.786150 1.022234
-0.064051 0.516026 -1.239897
-0.257117 0.899060 0.787972
-0.114789 0.811976 -1.143608
-0.721912 1.046394 1.016152
0.025364 0.767568 -1.134218
-0.111052 1.072797 0.807030
0.013692 0.987517 -1.060699
-0.616491 1.324279 1.250036
-0.292626 1.036822 -0.990716
-0.405095 1.283292 0.945044
-0.147658 1.427501 -1.030208
-0.176731 1.292254 0.349683
-0.082923 1.330570 -0.185183
0.489216 0.974631 -0.156436
0.673538 -0.846961 -0.459301
0.426134 -1.129897 0.295056
0.567552 -1.761888 -0.332354
0.343047 -1.623916 0.355174
0.648403 -1.884931 -0.851540
0.310647 -1.894261 1.061887
0.693273 -1.629206 -0.625215
0.674637 -1.066447 0.333669
0.663235 -1.392788 -0.955080
0.346583 -1.358654 1.000537
0.798167 -0.703445 -0.732759
0.568816 -0.362704 0.836652
0.576771 -0.422305 -0.835751
-0.287095 -0.553152 1.366689
0.396438 -0.091965 -0.423701
0.027359 -0.193051 0.777265
0.446211 -0.165516 -0.916611
-0.331451 -0.360065 1.184771
0.527883 0.055732 -0.384533
0.124304 0.067944 0.614706
0.431725 0.012521 -0.773327
-0.071410 -0.186903 0.857495
0.500310 0.179421 -0.467936
0.428892 0.405688 0.119464
0.682678 0.245144 -0.814620
0.447398 0.121418 0.343154
0.859458 0.166780 -0.707970
0.570109 0.490635 0.302232
0.758337 0.437836 -0.685451
0.383519 0.345256 0.304617
0.705679 0.174376 -0.178872
0.532969 0.231455 0.152228
0.511012 -0.454176 -0.267938
0.485582 -0.222646 0.040213
0.789054 -0.536255 -0.680874
0.401096 -0.637243 0.761353
0.553818 -0.534276 -0.937474
0.639913 -0.191165 0.227366
0.893160 -0.421330 -1.310223
0.524483 -0.199449 1.014419
0.658256 -0.193718 -1.112785
0.542587 -0.022464 0.644342
0.805313 0.234068 -1.585931
0.481565 0.044227 1.170058
0.539732 0.303353 -1.422623
0.359861 0.336086 0.593707
0.583825 0.503766 -1.710148
-0.204562 0.554391 1.089404
0.128470 0.396143 -1.250232
-0.092695 0.567896 0.415707
0.510332 0.523332 -1.556223
-0.187229 0.816913 0.988260
0.312301 0.502372 -1.101768
0.127900 0.721135 0.435232
0.586790 0.817690 -1.465573
-0.306333 1.001289 1.013714
0.075060 0.643124 -1.015091
-0.102916 1.135772 0.498858
0.267638 1.211459 -1.480990
-0.052345 1.274201 0.406789
0.139225 1.038619 -0.675407
-0.015354 1.297452 0.534534
0.278490 1.354931 -0.665527
0.591678 0.969347 -0.252469
0.688565 -0.772852 -0.267315
0.348022 -1.001555 0.705302
0.611273 -1.701102 0.016188
0.423657 -1.563761 0.677788
0.868276 -1.637361 -0.825107
0.313243 -1.464433 1.688036
0.909556 -1.279341 -0.363380
0.710718 -1.030587 1.009177
0.848442 -1.094874 -0.958888
0.079964 -0.827489 1.855574
0.820028 -0.737430 -0.462210
0.397509 -0.494643 1.236976
0.757719 -0.518030 -1.304220
-0.404943 -0.414122 2.121535
0.631366 -0.297326 -0.734316
0.086133 -0.094448 1.284823
0.695186 -0.187741 -1.474091
-0.462142 0.016190 2.257866
0.700707 -0.143136 -0.580992
0.123499 -0.012389 1.251447
0.800697 0.055036 -1.176226
-0.204372 0.269546 1.690716
0.755672 0.023383 -0.441634
0.532051 0.023961 0.730195
0.903091 0.392870 -1.061519
0.362856 0.503014 0.625529
0.817084 0.396032 -0.487276
0.414546 0.275775 0.299230
0.747824 0.564052 -0.642966
0.429566 0.081372 0.272063
0.785984 0.044650 -0.276786
0.662497 -0.153146 -0.077966
0.441403 -0.356162 -0.170750
0.411278 -0.148233 -0.003358
0.577059 -0.323179 -0.406423
0.299238 -0.382405 0.244086
0.480460 -0.421697 -0.548162
0.406197 -0.198698 0.110582
0.752120 -0.407069 -0.441807
0.409059 -0.342394 0.422246
0.618268 -0.218741 -0.463585
0.274566 -0.004096 0.510290
0.715963 -0.088113 -0.611721
0.205387 -0.100037 0.760495
0.523671 0.221419 -0.790927
-0.010002 0.379539 0.640403
0.609040 0.272557 -0.902955
0.033590 0.350678 0.878309
0.482996 0.332044 -1.051576
-0.223958 0.661955 0.773542
0.606103 0.359630 -0.905477
0.133345 0.663703 0.865106
0.633271 0.522765 -1.058284
-0.028025 0.926349 0.953516
0.557337 0.586900 -0.831863
0.280804 0.869369 0.797837
0.622222 0.811283 -0.999582
-0.157775 1.186085 1.242194
0.088624 0.767663 -0.789628
-0.116197 1.057650 0.892021
0.369035 1.242269 -1.192655
0.220136 1.163335 0.418374
0.238752 1.213850 -0.287583
0.547060 0.886593 -0.234279
0.664238 -0.590405 -0.141244
0.532633 -0.935995 0.353763
0.760906 -1.400532 0.370313
0.664832 -1.043848 0.336973
0.878002 -1.172442 -0.237466
0.490130 -1.281919 0.849711
0.833662 -0.914687 -0.086712
0.590010 -0.694498 0.412941
0.797028 -1.002316 -0.057804
0.298187 -0.764607 1.018149
0.733443 -0.702814 -0.371823
0.316010 -0.412239 0.745382
0.669685 -0.638746 -0.095717
0.090254 -0.534473 1.201144
0.532813 -0.417000 -0.566053
0.194475 -0.136115 0.717975
0.633030 -0.356482 -0.306231
0.150637 -0.357689 1.332839
0.579331 -0.246721 -0.634769
-0.067140 0.042568 0.596406
0.342617 -0.246615 -0.569656
0.065270 -0.335281 0.967392
0.666792 -0.052891 -0.598713
0.156116 0.177057 0.319675
0.570082 0.012419 -0.532025
0.334386 -0.379387 0.309641
0.535998 -0.086784 -0.736221
-0.027446 -0.133607 0.064282
0.268126 0.046743 -0.508750
-0.022333 -0.319552 -0.086402
0.371717 -0.424154 -0.505901
0.277137 -0.194404 -0.039671
0.474989 -0.245331 -0.190264
0.420165 0.016221 0.069021
0.563362 -0.117034 -0.627099
0.497589 -0.108975 0.206946
0.632306 -0.197906 -0.633846
0.785786 -0.112981 -0.027327
0.982308 -0.367105 -0.754979
0.600947 -0.202357 0.751168
0.720080 -0.284292 -0.521113
0.704052 -0.090558 0.351053
1.063314 -0.187809 -0.857650
0.510281 -0.088939 0.886497
0.830756 -0.113668 -0.780249
0.701949 0.118528 0.405615
1.023274 0.144070 -1.196214
0.225637 0.238182 1.002277
0.513902 0.006630 -0.931563
0.386104 0.426822 0.250591
0.983464 0.346834 -1.279220
0.262461 0.562867 0.932164
0.583425 0.195022 -0.926084
0.448486 0.592826 0.268828
0.922089 0.687193 -1.272309
0.150208 0.836406 0.901884
0.315028 0.429626 -1.040591
0.043497 0.603491 0.431145
0.320508 1.078129 -1.414970
-0.296436 1.137893 0.357825
-0.242898 0.685446 -1.020120
-0.250315 1.217891 0.052422
-0.069953 1.280873 -0.693701
0.501156 0.927930 -0.383050
0.681563 -0.495327 -0.295561
0.308205 -0.700121 0.506745
0.629078 -0.986158 -0.018527
0.463531 -0.789653 0.819187
1.063045 -0.959608 -0.480197
0.506461 -0.787333 1.378464
1.118030 -0.873246 -0.228841
0.700718 -0.740545 1.097977
1.232265 -0.969624 -0.675256
0.359772 -0.570562 1.709975
1.241570 -0.689861 -0.431538
0.549652 -0.413324 1.258136
1.154891 -0.617963 -0.827978
0.219227 -0.270017 1.829697
1.216639 -0.386457 -0.573506
0.542874 -0.045142 1.243257
1.140634 -0.257089 -1.022390
0.148027 0.150065 1.860690
1.188454 -0.190891 -0.677350
0.476569 0.209392 1.155496
1.119921 0.003350 -1.063475
0.075949 0.327055 1.578231
1.182865 -0.046569 -0.735126
0.525470 0.126488 0.735741
0.989673 0.183463 -1.197653
0.085142 0.000849 0.472169
0.425845 -0.054354 -0.565186
-0.116385 -0.367251 0.265415
0.089262 -0.096931 -0.741658
-0.192391 -0.642191 0.159095
0.174093 -0.499408 -0.530844
0.284187 -0.512299 -0.100124
0.189188 -0.292075 -0.346738
0.017900 -0.034409 0.014414
-0.022738 0.076635 -0.658797
0.199171 -0.183089 -0.019613
0.498006 -0.242968 -0.519489
0.334693 -0.248099 -0.040904
0.680308 -0.283321 -0.466919
0.461371 -0.152205 0.273281
1.032268 -0.294327 -0.388137
0.665579 -0.136057 0.195268
0.919273 -0.186083 -0.325208
0.728783 -0.073164 0.378078
1.183264 -0.136135 -0.544505
0.705377 0.072913 0.053068
0.938384 0.122904 -0.612290
0.700418 0.320479 0.238649
1.173257 0.216253 -0.798597
0.642409 0.442209 0.010878
0.877636 0.349265 -0.691817
0.519821 0.677399 0.098777
0.994639 0.503151 -0.877392
0.309821 0.727140 -0.008681
0.331622 0.537675 -0.765585
0.084278 0.694313 0.123572
0.393001 0.702116 -1.133832
-0.208506 0.340616 0.405941
-0.570709 0.531954 -0.805482
-0.785808 0.301665 0.222655
-0.762863 0.940914 -1.214256
-0.595985 1.068720 0.115312
-0.712246 1.072446 -0.157664
0.233893 0.785557 -0.451017
0.497042 -0.531604 -0.048008
0.194937 -0.877160 0.421335
0.360708 -1.190557 0.297470
0.095489 -0.626462 0.424859
0.499455 -0.821923 -0.029301
0.254263 -0.737458 0.853784
0.630695 -0.733625 0.193172
0.430589 -0.560332 0.608876
0.744951 -0.693574 0.037528
0.415410 -0.501260 0.975702
0.681954 -0.611142 0.023102
0.448134 -0.327925 0.726764
0.625308 -0.447458 0.127198
0.375903 -0.292390 1.041076
0.557922 -0.412293 -0.082738
0.304940 -0.095433 0.789246
0.420051 -0.143406 -0.019645
0.277291 0.066092 0.971905
0.566978 -0.122812 -0.277161
0.221420 0.115191 0.444490
0.336728 -0.038381 -0.351261
0.197156 0.006684 0.446503
0.373487 -0.096459 -0.565152
0.050732 0.148318 0.215863
0.094101 -0.041691 -0.464714
-0.077612 -0.264808 0.125223
-0.066348 -0.338354 -0.441464
-0.464086 -0.528712 0.216800
-0.331732 -0.440090 -0.149025
-0.426265 -0.741107 -0.071971
-0.101253 -0.755397 -0.539088
0.065544 -0.185519 0.014010
0.337475 -0.375308 0.092503
0.125469 -0.311177 0.346034
0.014999 -0.028486 -0.288827
-0.053521 -0.259357 0.242319
-0.029892 -0.079330 -0.057696
0.229264 -0.157853 0.100573
0.608728 -0.200243 -0.266514
0.375311 -0.242435 0.545105
0.365834 -0.178906 -0.033444
0.590640 -0.135603 0.379591
0.906426 -0.205153 -0.178012
0.556862 -0.187698 0.601959
0.538275 -0.095774 -0.136224
0.691815 0.043653 0.313544
0.904048 0.049154 -0.416135
0.554101 0.199893 0.380946
0.584289 0.150464 -0.398107
0.679849 0.203766 -0.153272
0.821978 0.233632 -0.736321
0.376861 0.471173 -0.058469
0.421509 0.310324 -0.615468
0.540958 0.409529 -0.294949
0.550286 0.353904 -0.861413
0.103833 0.334862 -0.184742
-0.088769 0.187474 -0.714042
-0.204606 0.053778 -0.343104
-0.423106 0.360797 -0.901730
-0.582520 -0.080532 -0.188342
-0.675858 0.192333 -0.579330
-0.486372 0.719427 0.039307
-0.465343 0.899562 -0.076633
0.272184 0.617131 -0.245560
0.748271 -0.499277 0.081268
0.558935 -0.608087 0.476079
0.684997 -0.763930 0.620175
0.599602 -0.590305 0.718620
0.711988 -0.540792 0.410584
0.612011 -0.476456 0.843565
0.696627 -0.505448 0.536237
0.744318 -0.400293 0.680254
0.666445 -0.433507 0.286319
0.575620 -0.308678 0.786478
0.694419 -0.349008 0.443763
0.669901 -0.291654 0.673569
0.543954 -0.321834 0.228470
0.441861 -0.190087 0.736985
0.624842 -0.167742 0.293821
0.583202 -0.045163 0.573017
0.527935 -0.076269 0.059079
0.388386 0.156962 0.510478
0.662861 0.000766 0.005974
0.561969 0.130085 0.190055
0.521348 0.032473 -0.229663
0.384691 0.258744 0.247436
0.693482 -0.026347 -0.223631
0.561629 0.098447 0.008448
0.462075 -0.120474 -0.340405
0.322900 -0.042729 -0.040626
0.259235 -0.266385 -0.309652
0.264619 -0.251590 -0.228720
0.133925 -0.276202 -0.251014
0.189306 -0.035260 0.171868
0.361206 -0.095539 0.036935
0.381791 0.141959 0.293637
