0.619516 -0.281401 -0.463020
0.327737 -0.259374 -0.338362
0.295159 -0.498543 -0.089399
0.186693 0.424731 -0.320925
0.302764 -0.511181 0.302664
0.526272 0.514437 -0.333587
0.211608 -0.082842 0.227072
0.231053 0.652890 0.033256
0.634513 0.382591 -0.272407
0.210350 0.566012 -0.218331
0.196564 0.376411 0.254819
0.229445 0.296301 0.160773
0.230400 0.435300 0.387745
0.328562 0.026166 0.518711
0.172061 0.479970 0.269893
0.810723 -0.524800 -0.379119
0.272578 -0.297813 -0.426021
0.486742 -0.507648 -0.248002
0.185298 0.437162 -0.136496
0.177132 0.415732 -0.401171
0.279268 -0.375106 0.219381
0.357400 0.618236 -0.204106
0.322839 0.263145 -0.344580
0.229088 0.050834 -0.389982
0.201742 0.008930 0.329273
0.400975 -0.060866 0.369143
0.185404 0.583691 -0.151877
0.359269 -0.486434 0.164864
0.128860 0.423660 -0.178731
0.268406 -0.265837 -0.279558
0.141629 0.241613 -0.455255
0.221306 0.056001 -0.290690
0.300083 0.333430 -0.409114
0.280108 -0.098488 -0.361815
0.450029 0.049061 -0.437490
0.266325 0.438084 -0.220274
0.638502 -0.427844 -0.252825
0.243513 0.165788 -0.413326
0.318631 0.184593 0.303576
0.194663 0.333341 -0.280353
0.167831 0.347849 0.131896
0.217841 0.432123 0.149231
0.230945 -0.508565 0.212649
0.219566 -0.256016 -0.485333
0.153875 0.131728 -0.273825
0.215116 -0.311866 -0.314133
0.131713 -0.348817 0.179438
0.428597 0.322430 0.283808
0.148816 0.314607 -0.320317
0.474414 -0.210984 0.321218
0.847241 -0.438221 -0.232245
0.238294 0.340816 -0.242295
0.220428 0.579878 0.142554
0.238783 -0.143002 0.539655
0.227107 -0.322014 0.262068
0.385335 -0.333841 0.181708
0.862889 -0.218597 -0.509313
0.251779 0.661471 0.144456
0.115749 0.249925 -0.366604
0.483803 0.155717 -0.354756
0.224126 -0.011546 -0.481556
0.255120 0.471588 -0.432262
0.194198 -0.376122 0.092993
0.229144 -0.464649 0.058939
0.198797 -0.311537 -0.274466
0.371799 -0.158966 -0.474383
0.168826 0.529272 0.071122
0.249810 -0.014659 0.389312
0.273013 0.596191 0.297598
0.179477 0.136145 0.434213
0.295180 0.589202 0.177084
0.354134 0.121050 -0.331979
0.169810 0.169792 0.275417
0.303666 -0.254067 0.241190
0.666453 0.313007 -0.497627
0.236757 -0.110949 -0.271147
0.275470 -0.049846 0.254099
0.233337 -0.225003 -0.336331
0.222996 -0.202088 0.344708
0.235437 0.647846 -0.154525
0.240180 -0.381773 -0.271844
0.175445 -0.242754 0.200732
0.790086 0.250229 -0.431669
0.115632 0.065801 0.312634
0.270549 -0.373600 -0.348511
0.180339 -0.048454 -0.373573
0.329969 -0.349570 -0.395588
0.433710 -0.241241 -0.416760
0.151645 0.507890 -0.246142
0.712668 -0.076316 -0.432153
0.094114 -0.148252 0.291038
0.439104 -0.518096 -0.118322
0.294726 0.291452 0.441555
0.148727 0.097176 0.174449
0.337591 0.207648 0.166060
0.416065 0.090905 0.224283
0.207048 -0.457942 -0.265024
0.417333 0.162223 -0.552551
0.272876 -0.408795 -0.214775
0.226660 -0.142859 -0.417086
0.132916 0.245425 0.152399
0.220631 0.594262 -0.019030
0.409658 -0.099488 -0.386685
0.340639 -0.305442 0.511717
0.264689 -0.050292 -0.426136
0.389640 0.447251 -0.458770
0.166106 0.456005 -0.020628
0.231024 0.593384 -0.267532
0.232225 0.061286 0.217298
0.300564 0.086203 -0.461648
0.137818 0.527464 -0.046280
0.302891 -0.195810 -0.422443
0.255917 -0.330007 0.304317
0.251729 0.484117 0.103638
0.473433 -0.310930 -0.346339
0.118683 -0.018994 -0.323736
0.198328 -0.444684 0.329478
0.309846 -0.005142 -0.305894
0.402242 0.244222 -0.423632
0.179157 0.516556 -0.307955
0.280418 -0.482705 0.154768
0.290936 -0.549234 0.088993
0.345358 -0.314933 -0.537069
0.244998 0.490573 -0.165096
0.282021 0.188556 -0.247822
0.251050 0.584096 -0.104811
0.239122 0.146149 -0.320446
0.293808 0.409800 0.238959
0.348547 -0.579688 -0.296846
0.134230 0.226141 -0.299584
0.265636 0.389405 -0.327239
0.258960 -0.431908 -0.430377
0.166648 0.436238 -0.270983
0.323098 0.566954 0.063845
0.145608 -0.123349 -0.503387
0.272423 -0.403947 0.440953
0.264860 0.620868 0.003616
0.197938 0.496453 0.124083
0.156476 -0.093776 -0.358504
0.315186 0.590150 -0.364290
0.572575 -0.221563 -0.594635
0.124070 0.413812 -0.349399
0.135574 -0.280182 0.344666
0.173847 0.259120 -0.288872
0.260305 0.094481 0.290505
0.253832 -0.313996 0.169583
0.187228 0.163793 -0.320160
0.193590 -0.273838 0.433392
0.142618 0.425382 0.121333
0.225731 0.560406 -0.112859
0.562280 -0.139231 -0.320089
0.371985 0.393502 -0.347932
0.217218 0.244298 -0.320437
0.359567 -0.022086 -0.597497
0.263147 -0.141968 -0.541822
0.213035 0.238402 0.246895
0.241393 0.574011 0.042834
0.140342 0.395407 -0.256704
0.926002 -0.418046 -0.564289
0.173739 0.301894 0.350059
0.127486 -0.173271 -0.394541
0.841874 0.018982 -0.558760
0.383479 0.272838 -0.260545
0.240102 0.351215 0.296288
0.214841 0.411808 -0.276981
0.307144 0.506071 -0.294788
0.354028 -0.163875 -0.295265
0.206633 0.457893 -0.226733
0.296684 0.340865 -0.240727
0.189819 -0.188048 -0.406745
0.344327 0.480162 0.103672
0.161403 0.384887 0.220590
0.232133 0.192935 0.332551
0.259110 0.684208 -0.087616
0.355156 -0.001901 -0.411349
0.234525 0.505398 0.186444
0.338948 0.415725 -0.238233
0.442595 -0.013687 -0.308381
0.223098 -0.499608 -0.155481
0.254112 -0.197764 0.211448
0.441317 0.476280 -0.183159
0.190038 0.498604 -0.179051
0.234411 0.592306 -0.203833
0.475916 0.307814 -0.375178
0.178818 -0.089862 0.173700
0.290426 -0.494599 -0.302114
0.850157 0.437913 -0.436373
0.157435 0.136108 -0.388259
0.278744 -0.140063 0.344527
0.189593 0.214293 -0.387828
0.221546 0.148816 -0.547515
0.265163 0.287695 -0.307563
0.435969 -0.386953 -0.467998
0.285407 0.288571 -0.517481
0.127380 0.299273 0.293154
0.274673 0.137884 0.136142
0.379772 -0.426478 -0.321588
0.266575 -0.522270 -0.183104
0.168169 -0.341590 -0.136466
0.609152 0.094517 -0.452772
0.456193 0.386909 0.162154
0.249767 0.597054 -0.285590
0.286346 0.355384 0.123968
0.173820 0.220879 0.185689
0.535073 -0.435540 -0.388851
0.327782 0.498864 0.256428
0.153261 0.305652 -0.381866
0.246296 0.409312 0.156374
0.187440 -0.190414 0.299440
0.735863 -0.308450 -0.372691
0.273402 0.586398 -0.240190
0.285604 0.575608 -0.125908
0.246244 0.466620 -0.297605
0.284368 0.285442 0.223121
0.135829 0.490157 0.196699
0.211160 -0.369249 -0.389993
0.164788 0.295783 -0.273143
0.309547 0.199173 -0.403663
0.204278 0.320576 -0.448869
0.371793 0.464452 -0.097538
0.145007 0.095984 -0.477167
0.210314 0.598609 0.239702
0.119907 0.140594 -0.357480
0.213213 -0.422914 0.191475
0.150169 -0.107674 0.420422
0.301116 -0.103013 0.164964
0.235684 -0.508464 -0.343716
0.121353 0.004899 -0.425324
0.369346 -0.391139 0.356476
0.339458 -0.500793 -0.404054
0.279985 0.428290 -0.150321
0.534164 -0.083287 -0.451375
0.173812 -0.413717 -0.220139
0.156385 0.059914 -0.349081
0.190230 -0.157106 -0.314796
0.281019 0.073222 -0.356694
0.197905 -0.473418 0.144743
0.206569 0.505777 0.005046
0.138649 -0.025146 -0.273535
0.141534 0.311835 -0.202218
0.236307 0.328529 -0.362841
0.176467 -0.378891 0.229504
0.236403 -0.564181 -0.234212
0.701161 0.513981 -0.160380
0.151138 -0.281944 -0.341772
0.239636 0.489929 0.253553
0.110835 0.312054 0.199443
0.347239 -0.313264 -0.231579
0.166014 -0.090820 -0.259278
0.136947 -0.237435 -0.284916
0.158009 -0.286913 -0.426398
0.346990 -0.460093 -0.223952
0.180126 -0.422467 -0.332160
0.184808 0.598915 0.120377
0.222079 0.499325 -0.365659
0.139357 -0.156891 0.185762
-0.204582 -0.209683 -0.600662
-0.359347 -0.139884 -0.523290
-0.440150 -0.143242 -0.437576
-0.527175 -0.023535 -0.271548
-0.530265 -0.210820 -0.534270
-0.481846 -0.019452 -0.268662
-0.500900 -0.228931 -0.496511
-0.546307 -0.115551 -0.062269
-0.644185 -0.420867 -0.402705
-0.621356 -0.528859 0.023691
-0.660087 -0.732906 -0.396116
-0.771630 -0.592034 -0.037460
-0.783192 -0.790861 -0.371624
-0.768958 -0.634087 -0.038972
-0.780469 -0.761547 -0.442985
-0.879101 -0.133889 -0.077706
-0.996259 0.162398 -0.577505
-1.010743 0.559816 -0.121251
-1.026953 0.150789 -0.448290
-1.090663 0.717620 0.006898
-0.971794 0.873756 -0.508795
-1.002064 1.218171 0.058850
-0.806538 0.974231 -0.387782
-0.700321 1.206118 0.224528
-0.707731 1.103965 -0.000731
-0.649819 1.226518 0.222672
-0.654774 1.115886 -0.101546
-0.568889 1.155549 0.164805
-0.607423 1.160386 0.016167
-0.458963 1.195771 0.262873
-0.245220 1.107418 0.123857
0.166563 0.832167 -0.222983
-0.358844 -0.593348 -0.546076
-0.753323 -0.792734 -0.246149
-0.837904 -0.808954 -0.509399
-1.043853 -0.848004 -0.309089
-1.007313 -0.905910 -0.537654
-1.155374 -0.961510 -0.012431
-1.169958 -0.943480 -0.307537
-1.218464 -0.981828 -0.218852
-1.136150 -1.035798 -0.569225
-1.409848 -0.911209 0.369512
-1.344941 -0.959551 -0.126052
-1.558779 -0.872714 0.377101
-1.601079 -0.968949 -0.052153
-1.704529 -1.132400 0.453282
-1.614573 -1.313884 0.052897
-1.558521 -1.389356 0.340411
-1.471973 -1.241555 -0.225220
-1.651756 -1.031777 0.537895
-1.464633 -0.623513 -0.471845
-1.688899 -0.489666 0.045997
-1.420510 -0.734692 -0.545247
-1.625342 -0.874322 0.276405
-1.347029 -0.795356 -0.620950
-1.252222 0.186354 -0.297118
-0.974962 0.321996 -0.990540
-1.032805 0.667597 0.547286
-0.997824 0.632524 -0.142365
-1.062926 0.742982 0.408994
-0.913905 0.703478 -0.255625
-0.996814 0.702821 0.406503
-0.665785 0.635718 0.118486
-0.383575 0.748942 0.076769
-0.586522 -0.491249 -0.653325
-0.892078 -0.380241 -0.401542
-1.155480 -0.365701 -0.714838
-1.209214 -0.164252 -0.180886
-1.352254 -0.350637 -0.711999
-1.188296 -0.065213 -0.449314
-1.199203 -0.328418 -0.814493
-1.260719 -0.215221 0.112334
-1.487109 -0.534367 -0.587708
-1.409539 -0.366617 -0.227768
-1.602584 -0.713765 -0.884421
-1.717497 -0.528106 -0.198725
-1.922987 -0.775947 -0.585130
-1.966962 -0.239899 -0.320247
-2.031895 -0.040082 -1.063718
-1.965780 0.180562 -0.127369
-2.099139 0.311453 -0.585740
-2.196424 0.511510 -0.155674
-2.270165 0.629411 -0.696973
-2.262145 0.886686 0.204282
-2.356593 0.981661 -0.554571
-2.298414 1.327886 -0.013557
-2.197116 1.135397 -0.565365
-1.898564 1.488950 0.475522
-2.093482 1.422757 -0.135382
-1.738426 1.377269 -0.091265
-1.820740 1.413666 -0.481160
-1.688061 1.535812 0.131032
-1.702991 1.532852 -0.226198
-1.397237 1.430921 0.210344
-1.122442 1.507805 -0.150633
-0.400983 1.280986 -0.252656
-0.385631 -0.684402 -0.537027
-0.893598 -1.003155 -0.089034
-0.823907 -1.022481 -0.434784
-1.242577 -1.277646 -0.180351
-0.977098 -1.280628 -0.701404
-1.331322 -1.173687 0.432710
-1.003113 -1.184432 -0.276757
-1.400155 -1.113719 -0.147004
-1.034765 -1.242808 -0.951278
-1.497471 -0.990008 0.657095
-1.260116 -1.029129 -0.139728
-1.754883 -0.999817 0.456511
-1.656751 -0.991536 -0.377028
-1.980906 -0.863107 0.803713
-1.674152 -0.803464 -0.210467
-1.972792 -0.544603 0.284128
-1.450249 -0.211281 -0.761224
-1.863595 -0.149822 0.468619
-1.442710 0.012698 -0.590612
-1.782103 -0.132535 0.109991
-1.448956 0.078697 -0.817246
-1.732739 0.104500 0.214337
-1.617904 0.341694 -0.786993
-1.434641 0.783964 0.050192
-1.252845 0.938052 -0.731911
-1.412338 0.885116 0.245754
-1.239245 0.858588 -0.128117
-1.284699 0.945423 0.203193
-1.137004 0.999781 -0.287985
-1.198183 0.941297 0.300467
-0.795114 0.835089 0.038402
-0.494041 0.913859 0.172321
-0.582222 -0.593433 -0.699577
-1.081258 -0.373720 -0.280600
-1.303025 -0.534965 -0.806046
-1.459639 -0.336664 0.052176
-1.626775 -0.524637 -0.558904
-1.619637 -0.140253 -0.171476
-1.674856 -0.418993 -0.764944
-1.614079 -0.184652 0.211279
-1.973269 -0.396152 -0.393355
-1.881919 -0.392800 -0.139130
-2.084711 -0.452796 -0.999992
-2.061688 -0.778264 -0.111886
-2.158946 -0.860207 -0.723865
-2.285751 -0.003858 -0.218734
-2.227171 0.248422 -0.907850
-2.269382 0.581275 0.230665
-2.271775 0.832473 -0.401025
-2.459004 0.966023 0.027088
-2.339762 1.043233 -0.599878
-2.425605 1.150249 0.056376
-2.353961 1.170300 -0.391562
-2.268808 1.420103 0.493297
-2.217204 1.409719 -0.048400
-2.047503 1.346415 0.168791
-2.182326 1.441830 -0.107968
-1.945383 1.572460 0.428313
-1.985525 1.543255 -0.188426
-1.857023 1.545462 0.033436
-1.895745 1.608769 -0.313703
-1.571410 1.600344 0.444262
-1.365177 1.536827 0.008397
-0.460397 1.354061 -0.265344
-0.455109 -0.857478 -0.570683
-1.063560 -1.252883 0.011892
-0.928234 -1.438607 -0.368019
-1.551990 -1.790828 -0.103658
-1.084425 -1.745747 -0.944514
-1.801294 -1.576138 0.603916
-1.326742 -1.506727 -0.596538
-1.883115 -1.337391 -0.015792
-1.361211 -1.505218 -1.163684
-1.944605 -1.181663 0.860347
-1.639825 -1.106651 -0.324075
-2.262551 -1.184323 0.358853
-1.941623 -1.111960 -0.643296
-2.301313 -0.978398 0.781907
-1.888362 -1.088370 -0.172393
-2.313684 -0.012656 0.419502
-1.751623 0.251604 -0.848472
-2.190667 0.367601 0.551434
-1.756238 0.577978 -0.476869
-1.975643 0.470178 0.184102
-1.643503 0.607699 -1.011267
-1.789649 0.693373 0.225402
-1.553488 0.864427 -1.007957
-1.631795 1.052842 0.235819
-1.408444 0.995167 -0.784777
-1.479918 0.896767 0.309009
-1.206487 0.974708 -0.606543
-1.468828 1.056327 0.088354
-1.271870 1.103216 -0.291196
-1.195448 1.033281 0.200298
-0.769099 0.953345 -0.066110
-0.546142 1.105344 0.117494
-0.642043 -0.681400 -0.611184
-1.360091 -0.407258 -0.085290
-1.415868 -0.503445 -0.984709
-1.904196 -0.224243 0.467564
-1.913054 -0.394774 -0.672764
-2.125975 0.118249 0.149861
-2.014465 -0.249388 -0.982653
-2.156822 -0.113955 0.482228
-2.465475 -0.463789 -0.860306
-2.396813 -0.455033 -0.167206
-2.347033 -0.483844 -1.642689
-2.494281 -0.224186 0.327880
-2.397354 -0.620441 -1.426880
-2.412449 -0.408228 0.077356
-2.264059 0.223735 -1.595933
-2.448755 0.574064 0.562368
-2.290349 0.685865 -1.258223
-2.306436 0.881375 -0.024401
-2.051505 0.879686 -1.445206
-2.292380 1.170372 0.571310
-2.004821 1.015520 -0.902244
-1.996114 1.266549 0.339413
-1.861524 1.252562 -0.983480
-2.045182 1.434297 0.678896
-1.977675 1.422937 -0.497122
-1.928062 1.571793 0.367606
-1.771520 1.639817 -0.568204
-1.802255 1.798820 0.431701
-1.839699 1.824756 -0.153572
-1.481199 1.742589 0.296317
-1.274541 1.619542 -0.107739
-0.354016 1.462400 -0.163166
-0.457371 -0.987301 -0.525906
-1.271981 -1.428596 0.314298
-0.945147 -1.820568 -0.288597
-1.819690 -2.090610 0.251979
-1.145942 -1.931628 -1.161425
-2.074283 -1.579131 1.152227
-1.460605 -1.580490 -0.780695
-2.076212 -1.234531 0.447381
-1.455766 -1.381344 -1.520221
-2.361933 -1.056641 1.263666
-1.948383 -1.170006 -0.369786
-2.436173 -0.839381 0.591355
-1.943426 -0.848054 -1.161453
-2.405046 -0.491601 1.250892
-1.770218 -0.583968 -0.599721
-2.210857 -0.274052 0.447763
-1.587653 -0.147135 -1.204404
-2.209698 0.124459 0.803208
-1.579961 0.319855 -0.978097
-1.669273 0.444211 0.245471
-1.035675 0.665826 -1.531560
-1.373090 0.804661 0.741624
-1.042121 0.912333 -1.139554
-1.222709 0.908220 0.441286
-1.123371 1.066162 -1.153920
-1.333515 1.060828 0.414746
-1.156479 1.145415 -0.674546
-1.240959 1.125133 0.355923
-1.134651 1.212673 -0.605171
-1.039645 1.151384 0.337948
-0.688896 1.086299 -0.122902
-0.355623 1.162322 0.029575
-0.712286 -0.684072 -0.488737
-1.522865 -0.564270 -0.236431
-1.646760 -0.405897 -0.751452
-2.338919 -0.140316 0.180527
-2.323168 -0.334690 -0.469544
-2.627417 -0.081877 -0.044061
-2.403144 -0.452130 -0.815928
-2.576269 -0.373960 0.124732
-2.551589 -0.637834 -0.889024
-2.665983 -0.354001 0.117270
-2.354491 -0.533112 -1.356921
-2.643394 -0.245006 0.228434
-2.404227 -0.293725 -1.287852
-2.572173 -0.106763 0.036683
-2.237417 0.018109 -1.743246
-2.648114 0.356941 0.085711
-2.228628 0.697406 -1.332490
-2.393218 1.027761 0.439991
-2.027740 0.917643 -1.309979
-2.174245 1.160926 0.502902
-1.959360 1.066372 -0.950019
-1.912364 1.253596 0.786591
-1.699996 1.122814 -0.932477
-1.727596 1.341789 0.565457
-1.734766 1.336228 -0.704520
-1.841694 1.647634 1.008610
-1.810474 1.631114 -0.683429
-1.550620 1.714910 0.519277
-1.622820 1.782955 -0.531724
-1.504864 1.764787 0.607598
-1.276670 1.553925 0.055731
-0.388339 1.449739 -0.131996
-0.427408 -0.864743 -0.368148
-1.186434 -1.310293 0.177033
-1.044588 -1.819069 0.069080
-1.866942 -1.872859 0.118724
-1.530614 -1.865931 -0.736760
-2.293872 -1.223530 0.543159
-1.628018 -1.465330 -0.456030
-2.359660 -1.135873 0.353463
-1.802680 -1.454100 -1.032338
-2.500844 -1.137867 0.566500
-1.677504 -1.261670 -0.525366
-2.288554 -0.730890 0.671352
-1.725319 -0.855148 -0.981975
-2.306120 -0.508256 0.915523
-1.657222 -0.592964 -0.428483
-2.048314 -0.395724 0.518179
-1.502607 -0.447683 -1.036536
-1.836327 -0.244396 0.606732
-1.402674 0.093817 -1.045822
-1.672526 0.384044 0.059263
-1.270919 0.382463 -1.377985
-1.496543 0.559088 0.399138
-1.206941 0.753644 -1.126119
-1.335593 0.752034 -0.057598
-1.199647 0.741623 -1.193066
-1.209496 0.834008 0.194357
-1.225902 0.964165 -0.882234
-1.276502 1.084731 0.061972
-1.100595 1.081029 -0.596714
-0.954140 1.083623 0.304380
-0.708426 0.984992 -0.258945
-0.425159 1.170428 0.109678
-0.604495 -0.677567 -0.451379
-1.366635 -1.022942 -0.237397
-1.554667 -0.809435 -0.735821
-2.108296 -0.173645 0.165187
-1.923363 -0.401312 -0.715981
-2.083632 -0.228599 0.295977
-1.634017 -0.680820 -0.924664
-1.997723 -0.543749 0.693180
-2.064059 -0.841644 -1.168728
-2.156557 -0.459844 0.521509
-1.786272 -0.537970 -1.420230
-2.212403 -0.196429 0.717801
-2.185917 -0.409646 -1.768588
-2.465576 -0.169532 0.095848
-2.055456 -0.121959 -1.936975
-2.481567 0.461118 0.416701
-2.244455 0.332055 -1.689107
-2.303030 0.687668 0.039795
-1.613314 0.621593 -1.558411
-1.976287 1.101522 0.978880
-1.837853 0.738450 -1.340964
-1.748835 0.977921 0.266982
-1.396724 0.858755 -1.360462
-1.654205 1.288389 1.033599
-1.608834 1.049619 -0.931873
-1.422277 1.383518 0.467188
-1.361660 1.448728 -1.062056
-1.388125 1.730078 0.522261
-1.341931 1.611030 -0.450602
-1.233870 1.615309 0.427750
-1.067552 1.509560 -0.273082
-0.244573 1.347212 -0.234574
-0.305021 -0.763842 -0.397039
-0.869923 -1.160250 0.221678
-0.694029 -1.746128 -0.121498
-1.226964 -1.716036 -0.006899
-0.723545 -1.885275 -1.079483
-1.590246 -1.228125 0.671889
-0.777910 -1.562924 -1.219640
-1.547456 -1.327767 0.362080
-0.661838 -1.698909 -1.582886
-1.936241 -1.144203 1.289829
-0.954122 -1.387668 -1.085838
-1.806023 -0.872659 0.756117
-0.971952 -1.103439 -1.691934
-2.085270 -0.516661 1.908650
-1.346726 -0.725770 -0.822708
-1.815472 -0.440555 0.849933
-1.084723 -0.442091 -1.387394
-1.844349 -0.210187 1.367882
-1.348495 -0.212488 -1.172035
-1.515050 0.346261 0.336855
-1.074885 0.219713 -1.544111
-1.441740 0.501866 1.355994
-1.273692 0.470699 -1.175832
-1.213850 0.713090 0.550970
-1.060885 0.728243 -1.254531
-1.090271 0.830417 0.920628
-0.990018 0.835145 -0.608309
-0.943571 0.967769 0.377650
-0.874226 1.057885 -0.551620
-0.782221 1.044611 0.483791
-0.641925 0.923607 -0.153441
-0.369543 0.954388 -0.142303
-0.363781 -0.660404 -0.503061
-0.794968 -0.891572 -0.338158
-0.768321 -0.522170 -0.700881
-1.151173 -0.194908 0.485812
-1.149105 -0.478935 -0.592609
-1.335872 -0.252851 0.530694
-0.832245 -0.613052 -0.807321
-1.318250 -0.513129 0.710888
-1.293324 -0.634322 -0.847765
-1.572990 -0.299855 0.546402
-1.058940 -0.431113 -1.143001
-1.589466 -0.092857 0.797043
-1.622258 -0.213736 -1.159042
-2.037593 0.027491 0.450744
-1.685683 -0.059384 -1.616681
-2.073543 0.603223 0.185591
-1.668680 0.484074 -1.437791
-2.009246 0.884997 0.810819
-1.601707 0.587452 -1.137378
-1.484783 0.986865 0.808502
-1.371728 0.912720 -1.267177
-1.595620 1.181407 1.102718
-1.493812 0.925051 -1.294147
-1.332065 1.255512 0.705254
-1.449203 1.199742 -0.993173
-1.426909 1.404008 1.062858
-1.363110 1.230200 -0.919207
-1.153376 1.557731 0.717415
-1.129589 1.465075 -0.876819
-1.144033 1.437889 0.544869
-0.954225 1.291600 -0.240290
-0.289210 1.159236 -0.141679
-0.076167 -0.772956 -0.401765
-0.493336 -1.194168 0.112855
-0.306759 -1.747624 0.031788
-0.776206 -1.887641 -0.158007
-0.275673 -1.829311 -0.920340
-0.888029 -1.353806 0.779798
-0.102148 -1.488248 -0.491693
-0.771305 -1.366474 0.519049
-0.251427 -1.737660 -1.124412
-1.139457 -1.645319 1.078386
-0.543303 -1.433741 -0.396960
-0.945485 -1.056925 0.652262
-0.640697 -1.236602 -1.075645
-1.322288 -0.946159 1.489196
-0.874310 -0.833962 -0.264182
-1.175838 -0.658709 0.746310
-1.107345 -0.739268 -0.971226
-1.201069 -0.928573 0.625708
-0.900317 -0.166373 -0.847973
-0.900092 0.167916 0.469338
-1.012841 -0.066962 -0.820761
-0.748714 0.177501 0.862015
-0.712935 0.459885 -0.643197
-0.537817 0.667738 0.589635
-0.768945 0.556972 -0.670199
-0.592813 0.716860 0.670815
-0.605082 0.673423 -0.496659
-0.579656 0.718160 0.459418
-0.758770 0.719400 -0.420859
-0.680827 0.747062 0.287610
-0.559145 0.593051 -0.336984
-0.341160 0.672781 -0.021155
-0.333885 -0.596622 -0.541718
-0.838442 -0.739839 -0.389340
-0.819524 -0.342140 -0.873084
-1.302618 -0.150047 0.447551
-1.176158 -0.182433 -0.896695
-1.114074 -0.265031 -0.013043
-0.646496 -0.478294 -1.240539
-1.070799 -0.415415 0.399877
-0.993169 -0.474284 -1.206153
-0.972888 -0.310966 0.143960
-0.628778 -0.332966 -1.563741
-1.120872 -0.031856 0.757939
-1.220504 -0.268310 -1.339813
-1.178268 -0.250232 0.047827
-1.063863 -0.021224 -1.879763
-1.444386 0.627467 0.443109
-1.334901 0.301347 -1.235537
-1.056233 0.657021 0.323055
-0.907610 0.682230 -1.301052
-0.992514 0.912900 0.876277
-0.947863 0.716510 -1.165527
-0.574497 0.937904 0.403484
-0.789115 1.092385 -1.474118
-0.987960 1.288724 1.213249
-0.906739 0.864989 -1.057187
-0.531855 1.136077 0.667559
-0.617983 1.330034 -1.413308
-0.737857 1.434923 0.742005
-0.889932 1.176733 -0.635086
-0.879310 1.258524 0.507403
-0.716988 1.264539 -0.779799
-0.168317 1.021744 -0.259879
-0.128866 -0.696015 -0.420751
-0.618396 -1.175991 0.322087
-0.237927 -1.714457 -0.039187
-0.613803 -1.762043 0.166255
0.324455 -1.531157 -1.053863
-0.594620 -1.054573 1.364808
0.163655 -1.369889 -0.738861
-0.540381 -1.141531 0.735898
0.328484 -1.447697 -1.324534
-0.799099 -0.990576 1.781265
-0.017901 -1.350751 -0.820446
-0.289459 -0.926606 1.123587
0.398497 -0.808152 -1.462219
-0.782074 -0.419919 2.244285
-0.218857 -0.773366 -0.553267
-0.483561 -0.621609 1.351101
-0.168356 -0.352947 -1.134690
-0.671335 0.024959 1.823934
-0.249599 -0.246772 -0.756751
-0.249785 0.151712 0.908753
-0.005853 0.282230 -1.023860
-0.350758 0.574340 1.824905
-0.179191 0.378335 -0.551681
-0.090373 0.648562 1.046291
0.005708 0.767357 -1.233957
-0.535411 0.786942 1.363045
-0.410341 0.628486 -0.308350
-0.602490 0.674967 0.767944
-0.507356 0.722335 -0.472321
-0.682311 0.552206 0.761585
-0.517045 0.472752 -0.142375
-0.214017 0.064309 -0.015649
-0.342847 -0.591350 -0.474249
-0.900590 -0.461271 -0.474132
-1.012318 -0.151318 -0.767282
-1.340382 -0.123770 -0.032626
-1.108818 -0.154887 -0.535374
-1.448489 -0.141732 -0.183182
-1.078493 -0.307850 -0.732011
-1.358036 -0.212518 0.104171
-0.852960 -0.317113 -0.533592
-1.245265 -0.027121 0.033505
-0.926381 -0.269724 -0.610428
-0.842416 -0.058870 0.295444
-0.393230 -0.027665 -0.600277
-0.815052 0.176988 0.007895
-0.761604 0.080271 -0.784638
-0.774594 0.575005 0.015865
-0.485550 0.640692 -0.728605
-0.923729 0.846998 0.332183
-0.789120 0.810889 -0.588256
-0.515144 0.917141 0.393224
-0.124966 1.120428 -0.798956
-0.692806 1.176812 0.846099
-0.720233 1.048221 -0.808084
-0.633669 1.206028 0.665884
-0.197746 1.364883 -1.256919
-0.795111 1.502843 1.335553
-0.893865 1.093756 -0.744820
-0.837810 1.354002 0.898812
-0.335353 1.440569 -1.352512
-0.725544 1.349636 0.570643
-0.696624 1.199885 -0.399521
-0.109477 1.004332 -0.102292
-0.298157 -0.692528 -0.354630
-0.809919 -1.149874 -0.011495
-0.619204 -1.418429 0.137052
-1.172787 -1.471737 -0.105595
-0.521232 -1.150701 -0.704087
-1.096089 -0.916654 0.184340
-0.450752 -1.044471 -0.370865
-0.967949 -0.862613 -0.212449
-0.420429 -1.241404 -0.725173
-0.904982 -0.915937 0.445907
-0.416991 -0.877412 -0.567432
-0.596111 -0.472297 0.220898
-0.254048 -0.722007 -0.295972
-0.551010 -0.509035 0.927081
-0.385542 -0.547702 -0.192787
-0.548118 -0.522360 0.313111
-0.453287 -0.544368 -0.378977
-0.397564 -0.586296 0.688407
-0.373396 0.049098 -0.489632
-0.492854 0.222232 0.192240
-0.551711 0.008403 -0.245668
-0.339127 -0.023313 0.750438
-0.529726 0.620360 -0.460078
-0.595479 0.689519 0.452775
-0.609500 0.470658 -0.162845
-0.516325 0.118208 0.668681
-0.636361 0.549352 -0.742356
-0.952102 0.307103 0.537050
-0.791755 0.373281 -0.115706
-0.709276 -0.274650 0.353139
-0.584187 -0.099725 -0.305136
-0.301474 -0.088286 0.091559
-0.386895 -0.698714 -0.474666
-0.922897 -0.916531 -0.365333
-1.022464 -0.310496 -0.823312
-1.445169 -0.072739 -0.354736
-1.372109 0.002216 -0.943523
-1.483114 -0.078850 -0.431528
-1.047760 -0.336270 -1.121640
-1.411902 0.042539 0.251651
-1.222530 -0.128775 -0.855092
-1.185383 0.110458 -0.022631
-0.698489 -0.252285 -0.995796
-0.850521 0.050310 0.527703
-0.839534 -0.070147 -0.665307
-0.818856 0.160403 -0.256865
-0.703193 -0.022655 -1.178125
-0.844333 0.321344 0.450844
-0.807311 0.428133 -0.706964
-0.580522 0.660412 -0.266287
-0.573317 0.649841 -0.994725
-0.677125 0.871330 0.575727
-0.765283 0.859855 -0.656648
-0.595104 0.942110 0.211321
-0.534668 1.084465 -1.310174
-0.935299 1.149618 1.035852
-1.080040 0.898337 -1.048618
-1.072787 1.033004 0.461782
-0.829266 1.349960 -1.320145
-1.194091 1.414256 0.815026
-1.195419 0.935883 -0.792003
-1.043812 1.177440 0.316058
-0.745324 1.559290 -0.582145
0.020205 1.216805 -0.169736
-0.335430 -0.773790 -0.423935
-1.029231 -1.104879 0.120954
-0.817339 -1.592639 -0.007568
-1.288314 -1.568351 0.334613
-0.691053 -1.177884 -0.745863
-1.415704 -0.827483 0.566767
-0.757340 -1.091092 -0.755637
-1.036957 -0.978479 0.250241
-0.057025 -1.272037 -1.035703
-1.027429 -0.738034 1.165899
-0.246396 -1.014726 -0.837385
-0.715254 -0.697595 0.728342
0.148019 -0.860068 -1.082902
-0.790748 -0.365114 1.482997
-0.190665 -0.576896 -0.473997
-0.542787 -0.365732 0.730999
-0.105529 -0.376165 -1.008871
-0.672013 0.010321 1.296182
-0.346927 0.028058 -0.636107
-0.496523 0.161658 0.485755
-0.281347 0.405287 -1.047505
-0.616757 0.544848 1.263615
-0.275535 0.597621 -0.619341
-0.458203 0.529206 0.569942
-0.078246 0.801071 -1.300142
-1.029826 0.588581 0.851730
-0.729911 0.481908 -0.640716
-1.178264 -0.009787 0.572592
-0.771157 0.258812 -0.787961
-1.091211 -0.466511 0.672506
-0.606475 0.174355 -0.348634
-0.224014 -0.073736 0.032504
-0.399536 -0.851176 -0.458941
-1.004314 -1.368546 0.001156
-1.161910 -1.193510 -0.637989
-1.451427 -0.301960 -0.102520
-1.348640 -0.194155 -0.996586
-1.702593 -0.002167 -0.014616
-1.522353 -0.132191 -0.950211
-1.629649 0.006327 0.164376
-1.266426 -0.106497 -0.832510
-1.523874 0.085769 -0.009101
-1.360171 -0.024811 -0.744657
-1.359183 0.072348 0.007229
-0.906144 0.010739 -0.696787
-1.269100 0.071835 -0.092983
-1.144034 0.086924 -0.717584
-1.177198 0.259965 -0.014404
-0.761372 0.325697 -0.611541
-1.056748 0.514993 -0.148349
-0.997778 0.610120 -0.583758
-0.791648 0.843148 0.114386
-0.273760 1.038644 -0.655045
-0.542013 1.003008 0.345166
-0.631770 1.128262 -0.736150
-0.830357 1.125702 0.490740
-0.493457 1.347687 -1.155788
-1.102983 1.381965 0.585554
-1.512127 1.273881 -0.763257
-1.653978 1.242094 0.221767
-1.319233 1.706719 -1.235053
-1.088214 1.783162 0.259377
-1.018334 1.690521 -0.068012
-0.111498 1.250287 -0.290593
-0.015409 -0.925511 -0.252902
-0.475287 -1.218065 0.014384
-0.452205 -1.586324 -0.014172
-1.083633 -1.710253 0.470948
-0.900923 -1.776765 -0.136618
-1.447077 -1.626155 0.521505
-1.193337 -1.313529 -0.225747
-1.539608 -0.844293 0.391181
-1.233306 -1.169890 -0.381078
-1.384924 -0.953526 0.337990
-1.036292 -0.978114 -0.223124
-1.307871 -0.741342 0.415597
-0.937564 -0.949092 -0.164492
-1.158184 -0.750908 0.331233
-0.954521 -0.599419 -0.086248
-1.200050 -0.497950 0.356785
-1.022244 -0.522641 -0.078585
-0.956351 -0.648601 0.274738
-0.906590 -0.125162 -0.140371
-0.921581 0.119250 0.102377
-0.901942 0.214788 -0.178623
-0.698624 0.253755 0.296249
-0.776866 0.489808 -0.055494
-0.736994 0.589179 0.419927
-0.795207 0.615386 -0.001850
-0.892200 0.346665 0.517081
-0.880773 0.058496 -0.053757
-1.202652 0.124344 0.480864
-1.046898 0.075904 0.142252
-0.970960 -0.071517 0.334655
-0.687037 0.647388 -0.289315
-0.265851 0.919654 0.067247
0.120299 -0.917852 -0.224584
-0.199812 -1.248204 0.031456
-0.436008 -1.361959 -0.234771
-0.817679 -1.389057 0.299497
-1.205169 -0.611749 0.005379
-1.194796 -0.296491 0.169727
-1.305379 -0.209517 -0.258282
-1.317204 -0.362962 0.247214
-1.356380 -0.221945 -0.122534
-1.333877 -0.269691 0.056435
-1.151186 -0.182556 -0.416212
-1.293952 -0.205525 0.121439
-1.135532 -0.122100 -0.292026
-1.215072 -0.205584 -0.092491
-1.089297 -0.133527 -0.433914
-1.206254 -0.017867 0.082659
-1.120266 0.200364 -0.357146
-1.128469 0.311188 -0.212516
-0.989873 0.411729 -0.294789
-0.965601 0.658511 0.298154
-0.784960 0.727454 -0.089148
-0.649921 0.688386 0.088435
-0.663154 0.796444 -0.222889
-0.875830 0.805308 0.555124
-1.107600 0.780296 -0.076697
-1.163703 0.834960 0.135682
-1.440516 1.061228 -0.278382
-1.388771 1.105608 0.431228
-1.498545 1.206100 -0.055280
-1.019694 1.250251 0.366967
-0.967694 1.453871 0.176894
-0.019029 1.079545 -0.105229
0.411674 -0.849558 -0.138764
0.202654 -1.056898 0.156089
0.284651 -1.245644 0.199705
0.179371 -1.203805 0.387376
-0.056096 -1.146550 0.260127
-0.262562 -0.858073 0.643268
-0.329800 -0.863546 0.406096
-0.413380 -0.708120 0.493966
-0.442290 -0.714947 0.317721
-0.557058 -0.534384 0.519746
-0.459616 -0.577983 0.272237
-0.469662 -0.523789 0.345068
-0.477375 -0.521762 0.103170
-0.522379 -0.458185 0.328104
-0.466798 -0.432609 0.140971
-0.497349 -0.348273 0.275183
-0.550270 -0.179967 0.110508
-0.503891 -0.089694 0.303183
-0.469305 0.041493 0.087038
-0.350219 0.218828 0.202969
-0.428448 0.341928 0.020769
-0.353152 0.389100 0.428821
-0.221805 0.395113 0.110724
-0.185233 0.421669 0.212034
-0.254165 0.490783 0.069874
-0.359887 0.435041 0.444180
-0.424963 0.412352 0.266529
-0.407890 0.484123 0.224693
-0.394712 0.527636 0.390654
-0.154955 0.758948 0.619258
0.026673 0.793544 0.525045
0.153169 0.731797 0.401734
