0.615209 -0.224615 -0.371001
0.391629 -0.206820 -0.285373
0.348223 -0.425285 0.011291
0.217739 0.331446 -0.353759
0.339461 -0.452211 0.301114
0.670548 0.508184 -0.436916
0.249799 -0.108576 0.213648
0.269477 0.484989 -0.117961
0.750803 0.352471 -0.314350
0.229106 0.439588 -0.304655
0.228733 0.204480 0.165270
0.270442 0.152123 0.090352
0.245229 0.309663 0.333598
0.328999 0.004249 0.554179
0.193236 0.308504 0.187525
0.728595 -0.442742 -0.264379
0.335142 -0.238014 -0.361408
0.523631 -0.453105 -0.144368
0.169207 0.293471 -0.246495
0.196119 0.342529 -0.423211
0.341369 -0.327473 0.229459
0.489726 0.556584 -0.305100
0.435874 0.241680 -0.347487
0.286895 0.042985 -0.368660
0.234173 -0.043859 0.287218
0.441113 -0.093862 0.355460
0.181183 0.445072 -0.246608
0.424602 -0.430308 0.181854
0.114873 0.267347 -0.236813
0.326044 -0.222997 -0.229740
0.147452 0.185373 -0.399893
0.254747 0.047257 -0.302364
0.372142 0.303213 -0.414071
0.357826 -0.078431 -0.317751
0.546425 0.067337 -0.414573
0.350320 0.376840 -0.320119
0.617186 -0.345409 -0.144688
0.295861 0.144638 -0.389985
0.367571 0.077620 0.267514
0.234452 0.268736 -0.345300
0.190424 0.206912 0.059424
0.252024 0.274219 0.056893
0.254236 -0.444420 0.228413
0.256756 -0.239454 -0.425364
0.128210 0.086953 -0.247862
0.255110 -0.255944 -0.254053
0.117821 -0.256470 0.171209
0.485562 0.197248 0.192923
0.138382 0.212646 -0.308232
0.524172 -0.241752 0.278310
0.717353 -0.362242 -0.079674
0.292306 0.280013 -0.302984
0.271648 0.401039 -0.018592
0.270173 -0.155698 0.512613
0.260636 -0.278888 0.263364
0.459265 -0.320704 0.159915
0.825408 -0.150993 -0.407962
0.324264 0.480213 -0.028093
0.103867 0.189865 -0.346896
0.590107 0.149177 -0.329739
0.263242 -0.018572 -0.435861
0.300907 0.421897 -0.477714
0.161682 -0.294194 0.096395
0.239144 -0.390944 0.079050
0.196978 -0.243412 -0.212070
0.448226 -0.129572 -0.426993
0.174911 0.348458 -0.058823
0.276562 -0.036899 0.364367
0.324113 0.428050 0.199543
0.182266 0.072027 0.386079
0.373802 0.406920 0.027443
0.455661 0.118414 -0.340237
0.183210 0.054037 0.208087
0.367836 -0.237972 0.231449
0.759480 0.346112 -0.546509
0.284797 -0.068525 -0.273340
0.328420 -0.098126 0.205158
0.284405 -0.185297 -0.307638
0.261126 -0.191470 0.319650
0.264420 0.520769 -0.264399
0.270436 -0.326609 -0.210539
0.172371 -0.195797 0.202641
0.851214 0.208052 -0.361042
0.087579 -0.009317 0.282670
0.327553 -0.321515 -0.277569
0.224329 -0.048619 -0.337822
0.401904 -0.284362 -0.303679
0.478954 -0.185665 -0.331572
0.144338 0.369093 -0.306139
0.737549 0.008813 -0.312631
0.065763 -0.153325 0.233955
0.466050 -0.445050 -0.003149
0.337394 0.215104 0.424183
0.121208 0.028619 0.128790
0.416298 0.054770 0.075805
0.454871 -0.027702 0.163238
0.223059 -0.362760 -0.168172
0.506687 0.185429 -0.565326
0.328328 -0.346525 -0.130422
0.281190 -0.127863 -0.367612
0.114580 0.120984 0.062518
0.234403 0.429851 -0.143005
0.497257 -0.066197 -0.324259
0.366150 -0.302789 0.494989
0.337079 -0.045076 -0.396440
0.495910 0.448794 -0.531819
0.139623 0.297664 -0.128887
0.248353 0.487136 -0.351760
0.262477 -0.000701 0.189081
0.362426 0.077768 -0.449033
0.133151 0.356492 -0.171595
0.362283 -0.148704 -0.367113
0.296581 -0.283370 0.295867
0.314710 0.326323 -0.041383
0.512436 -0.258507 -0.240426
0.092363 -0.034011 -0.268274
0.218371 -0.386368 0.324184
0.397664 0.025043 -0.285888
0.523729 0.241180 -0.418002
0.189818 0.407637 -0.350738
0.331776 -0.404053 0.163262
0.312190 -0.474478 0.118881
0.412208 -0.309355 -0.500857
0.309114 0.417719 -0.278905
0.382877 0.168971 -0.271597
0.299962 0.472408 -0.249645
0.311972 0.124095 -0.315551
0.339849 0.237440 0.130973
0.393076 -0.521644 -0.204018
0.078432 0.161286 -0.273673
0.371413 0.333362 -0.363315
0.289093 -0.380407 -0.368758
0.177597 0.309736 -0.321581
0.415898 0.432611 -0.092504
0.175945 -0.127954 -0.433904
0.313940 -0.368069 0.429887
0.339377 0.465378 -0.131987
0.204090 0.324165 -0.001299
0.168432 -0.076579 -0.306530
0.386436 0.538631 -0.442663
0.634152 -0.226285 -0.592615
0.126056 0.293857 -0.356413
0.121408 -0.213931 0.316589
0.200480 0.206299 -0.290783
0.299396 0.012048 0.246287
0.294186 -0.255054 0.177934
0.217420 0.128590 -0.318581
0.208582 -0.252383 0.406538
0.139067 0.257526 0.007693
0.261537 0.426038 -0.227491
0.616164 -0.073652 -0.239544
0.487772 0.370974 -0.402133
0.267664 0.191028 -0.327764
0.430781 -0.013291 -0.602470
0.308651 -0.141697 -0.499205
0.249943 0.105941 0.175310
0.287448 0.401256 -0.107445
0.119159 0.275022 -0.276357
0.822852 -0.370445 -0.461915
0.190613 0.161250 0.274108
0.106912 -0.138387 -0.308027
0.838917 0.062557 -0.559552
0.531491 0.241134 -0.289733
0.291405 0.209010 0.221933
0.263991 0.350178 -0.343271
0.413893 0.461550 -0.385120
0.424039 -0.110862 -0.239715
0.235783 0.368516 -0.294012
0.407286 0.298330 -0.305790
0.213890 -0.155426 -0.335919
0.441802 0.336932 -0.040538
0.173669 0.228657 0.135799
0.263912 0.106750 0.271083
0.326022 0.536140 -0.205440
0.443335 0.011620 -0.392585
0.286596 0.338482 0.049725
0.474875 0.371514 -0.334401
0.527111 0.041902 -0.267044
0.238476 -0.369153 -0.071919
0.305259 -0.181183 0.200167
0.574474 0.431678 -0.295321
0.194639 0.363227 -0.269623
0.274055 0.480148 -0.320310
0.598210 0.288572 -0.380105
0.206145 -0.099964 0.161399
0.332582 -0.423052 -0.213421
0.884960 0.409658 -0.456771
0.170469 0.090737 -0.346812
0.326775 -0.155884 0.325645
0.219746 0.153213 -0.380118
0.256792 0.123496 -0.519150
0.335714 0.245972 -0.336395
0.486974 -0.343675 -0.391564
0.343925 0.258473 -0.517940
0.125698 0.157297 0.234708
0.327062 0.022180 0.088401
0.420373 -0.369766 -0.234726
0.322022 -0.437759 -0.077883
0.163168 -0.207268 -0.073674
0.687670 0.120851 -0.418895
0.538311 0.253074 0.018497
0.306626 0.513244 -0.367600
0.368369 0.202673 0.010845
0.182965 0.107291 0.130144
0.532333 -0.400211 -0.297507
0.398024 0.349437 0.159079
0.183879 0.228548 -0.360602
0.306348 0.248836 0.040040
0.205086 -0.175688 0.277806
0.720065 -0.218786 -0.260244
0.358356 0.520048 -0.334950
0.378660 0.486981 -0.245585
0.311622 0.382436 -0.381612
0.347820 0.125022 0.146790
0.144414 0.317392 0.083471
0.238368 -0.295577 -0.312647
0.126442 0.190963 -0.249561
0.389467 0.177844 -0.393471
0.228369 0.250959 -0.442937
0.492548 0.382032 -0.201063
0.161594 0.070457 -0.439103
0.229054 0.415608 0.093587
0.087001 0.114831 -0.316979
0.231943 -0.353201 0.208618
0.160802 -0.120798 0.374973
0.383946 -0.147361 0.108566
0.272715 -0.415858 -0.260319
0.123516 -0.007285 -0.365605
0.417686 -0.376007 0.322544
0.400798 -0.451533 -0.347403
0.398497 0.368350 -0.257143
0.605018 -0.042402 -0.404800
0.185784 -0.271538 -0.120153
0.146313 0.049752 -0.311309
0.225206 -0.140318 -0.273061
0.369813 0.071315 -0.339740
0.196049 -0.387458 0.155944
0.228700 0.358836 -0.103803
0.074718 -0.026604 -0.221875
0.098829 0.157036 -0.211680
0.275421 0.273855 -0.392881
0.175262 -0.302495 0.253849
0.265465 -0.443993 -0.130307
0.747972 0.457137 -0.226545
0.144261 -0.201365 -0.272517
0.268948 0.301187 0.132709
0.066130 0.158460 0.129958
0.411493 -0.287065 -0.152325
0.122286 -0.080911 -0.210158
0.114447 -0.188373 -0.198057
0.172260 -0.233612 -0.329586
0.407861 -0.403184 -0.118642
0.185152 -0.328224 -0.245503
0.185643 0.426811 -0.030504
0.251182 0.430333 -0.414861
0.096258 -0.115999 0.129991
-0.047034 -0.416839 -0.464767
-0.171740 -0.667355 -0.281573
-0.371215 -0.523891 -0.322057
-0.517753 -0.149051 -0.110165
-0.541793 -0.145324 -0.476662
-0.534043 0.072962 -0.212851
-0.466888 -0.107004 -0.579321
-0.561931 0.072626 -0.093100
-0.581396 -0.264335 -0.528703
-0.603308 0.423980 -0.261383
-0.530723 0.317810 -0.737376
-0.620479 0.679805 -0.281756
-0.709279 0.591659 -0.637085
-0.711406 0.665193 -0.555897
-0.880487 0.506125 -0.899743
-0.931428 0.609718 -0.321650
-0.982216 0.637495 -0.715017
-0.955705 0.809661 -0.078178
-0.957080 0.711781 -0.781683
-0.904924 0.859045 -0.243235
-0.847817 0.856073 -0.544566
-0.762684 1.005295 -0.155841
-0.728392 0.799952 -0.603839
-0.660610 0.810322 -0.190217
-0.740956 0.838583 -0.368044
-0.757113 1.066752 0.005947
-0.732184 0.928119 -0.347339
-0.664217 0.968364 -0.084787
-0.632686 0.919986 -0.156522
-0.521133 1.022095 0.035324
-0.239529 0.924488 -0.008005
0.121933 0.709173 -0.282578
-0.235122 -0.770053 -0.400272
-0.670785 -1.151536 -0.112712
-0.724532 -1.236522 -0.333522
-1.084466 -1.665881 0.055324
-0.977601 -1.095700 -0.411130
-1.220352 -1.089995 0.169522
-1.146920 -1.060029 -0.344307
-1.414737 -0.943795 -0.015183
-1.301959 -1.072241 -0.633358
-1.506525 -1.146029 0.187367
-1.461663 -1.375463 -0.347842
-1.690434 -0.552074 -0.113665
-1.372982 -0.268366 -0.632879
-1.685205 0.028800 0.712096
-1.370233 0.004600 -0.213917
-1.712480 -0.065393 0.249693
-1.255064 -0.036177 -0.660789
-1.594858 -0.103998 0.573894
-1.133048 -0.042219 -0.440246
-1.275682 -0.046697 0.149751
-0.906284 0.029926 -0.695358
-1.167975 0.059110 0.400147
-0.970619 -0.035783 -0.346816
-1.106528 -0.005384 -0.073268
-0.965801 -0.179850 -0.689203
-1.046076 -0.523385 0.513488
-1.035340 -0.320347 -0.233403
-1.176247 -0.050573 0.120501
-0.963921 -0.105826 -0.373101
-1.092844 0.196246 0.298723
-0.625045 0.146033 -0.000267
-0.361387 0.410515 -0.021456
-0.550272 -0.797706 -0.515007
-0.889495 -0.944726 -0.337766
-1.151515 -0.610173 -0.812603
-1.256917 -0.271153 -0.128644
-1.347555 -0.324174 -0.702354
-1.282508 -0.037064 -0.274666
-1.218322 -0.294825 -1.033003
-1.492210 -0.128795 -0.039242
-1.649148 -0.534191 -1.187375
-1.748425 0.207354 -0.307744
-1.919845 0.168039 -1.309925
-1.888425 0.616641 0.175692
-2.158144 0.542598 -0.861609
-2.071470 0.596969 -0.445114
-2.293895 0.676907 -1.408235
-2.171602 0.571566 -0.048578
-2.154996 0.684153 -0.791828
-2.085857 0.831172 -0.143645
-2.071607 0.891216 -0.744596
-1.873955 1.044633 0.170663
-1.979401 1.092967 -0.441417
-1.757861 1.066384 -0.342387
-1.772397 1.054440 -0.782664
-1.696045 1.203215 0.183220
-1.812638 1.239867 -0.428628
-1.761062 1.195213 -0.172265
-1.706037 1.182871 -0.601665
-1.799015 1.312458 0.096305
-1.663446 1.282569 -0.348347
-1.513618 1.285960 0.000840
-1.124187 1.286527 -0.188404
-0.419400 1.084936 -0.343836
-0.310977 -0.884796 -0.400747
-0.840811 -1.274670 0.014907
-0.918870 -1.380857 -0.208893
-1.120479 -1.760648 0.129403
-1.059600 -1.333135 -0.463693
-1.346212 -1.329162 0.504139
-1.220423 -1.324102 -0.401418
-1.658208 -1.213408 0.021881
-1.389273 -1.471029 -0.914868
-1.959833 -1.326978 0.623703
-1.653916 -1.344932 -0.776157
-2.337738 -0.636499 0.275419
-1.776582 -0.469523 -1.160259
-2.246411 0.039327 1.373041
-1.418190 -0.041973 -0.540295
-1.962338 0.019415 0.471091
-1.259469 0.308836 -0.997012
-1.703491 0.133630 0.595277
-1.185548 0.381070 -0.483028
-1.287504 0.355757 0.004701
-0.903981 0.622722 -0.716897
-1.208731 0.499417 0.189872
-1.068797 0.507984 -0.320752
-1.087217 0.489384 -0.023601
-0.962588 0.621021 -0.604378
-1.253767 0.501345 0.211909
-1.157109 0.359444 -0.132259
-1.321458 0.463937 0.154699
-1.177646 0.499035 -0.284749
-1.240269 0.624708 0.281114
-0.811089 0.496040 0.040812
-0.486868 0.654209 0.190134
-0.520537 -0.850300 -0.459872
-0.937571 -1.074836 -0.238206
-1.219052 -0.798651 -0.647182
-1.181918 -0.977966 0.212681
-1.421323 -0.694442 -0.402329
-1.470823 -0.410489 0.002008
-1.571908 -0.569903 -0.896018
-1.788227 -0.431024 0.099460
-1.977155 -0.480334 -0.803147
-2.267565 0.136601 0.272145
-2.394429 0.123623 -0.845882
-2.385970 0.457985 0.470047
-2.704137 0.578070 -0.313736
-2.629293 0.652525 0.219985
-2.574903 0.728152 -0.991872
-2.348436 0.746282 0.064176
-2.246650 0.951969 -0.645024
-2.185711 1.007306 0.004155
-2.003482 1.116490 -0.706755
-1.767639 1.087598 -0.089688
-1.755941 1.212903 -0.417564
-1.665236 1.200040 -0.016102
-1.633776 1.259007 -0.454035
-1.630669 1.210519 -0.143029
-1.716230 1.289856 -0.229449
-1.733031 1.308804 0.112662
-1.809875 1.285729 -0.308705
-1.800493 1.318396 -0.079625
-1.874614 1.335595 -0.268064
-1.579345 1.385729 0.219738
-1.303896 1.372544 -0.114596
-0.438035 1.136350 -0.367177
-0.293700 -0.934830 -0.397881
-0.829296 -1.267480 0.055711
-0.902424 -1.381924 -0.225062
-1.249604 -1.712253 -0.167999
-1.033692 -1.508694 -0.768698
-1.468803 -1.360068 0.546881
-1.251132 -1.374021 -0.606953
-1.819569 -1.395828 0.221276
-1.343372 -1.672748 -1.252971
-1.980992 -1.466817 0.692644
-1.680348 -1.203081 -1.215664
-2.482555 -0.648489 0.526080
-1.765009 -0.510666 -1.458459
-2.328823 -0.072853 1.166413
-1.468025 0.191521 -0.701945
-2.060128 0.203143 0.564781
-1.413743 0.408790 -0.920487
-1.748016 0.337801 0.423776
-1.266629 0.665205 -0.604551
-1.370741 0.695263 -0.086525
-1.237077 0.822409 -0.743097
-1.211103 0.775065 0.160547
-1.127604 0.891104 -0.596566
-1.179790 0.808906 -0.075195
-1.174316 0.847273 -0.570008
-1.219692 0.760480 0.006165
-1.109549 0.714689 -0.385079
-1.349380 0.715543 -0.091170
-1.206315 0.794158 -0.193994
-1.116747 0.819184 0.103636
-0.599122 0.703283 0.133726
-0.524303 0.819840 0.015882
-0.380513 -0.931650 -0.477445
-0.910604 -1.077428 -0.046672
-0.911434 -0.941279 -0.973431
-1.262227 -1.350821 0.800008
-1.306175 -0.806032 -0.741619
-1.666393 -0.457500 0.329763
-1.379584 -0.615002 -1.566795
-2.001120 -0.470978 0.733121
-2.006622 -0.478014 -1.239818
-2.442007 -0.013761 0.357132
-2.225517 0.042542 -1.391583
-2.457905 0.271821 0.836064
-2.488452 0.237576 -1.128134
-2.519539 0.312866 0.186226
-2.476054 0.539721 -1.754856
-2.460084 0.643427 0.644073
-2.050041 0.750024 -1.234993
-1.961282 0.897490 -0.100535
-1.820212 0.940241 -1.324117
-1.830586 1.154290 0.480073
-1.528351 1.079920 -0.725692
-1.592090 1.158148 -0.129706
-1.583696 1.161761 -0.993404
-1.740402 1.347679 0.446610
-1.594721 1.319703 -0.485709
-1.667515 1.302813 -0.013528
-1.518692 1.279359 -0.620887
-1.617650 1.477028 0.290057
-1.652755 1.431865 -0.222302
-1.419674 1.376816 0.009122
-1.206426 1.363348 -0.270845
-0.384345 1.122512 -0.342408
-0.204024 -1.087344 -0.444501
-0.853140 -1.305434 0.329094
-0.661673 -1.461261 -0.474392
-1.280666 -1.452157 0.066197
-0.751948 -1.587958 -1.368163
-1.615726 -1.289305 1.198185
-0.878044 -1.462157 -0.742449
-1.712785 -1.427285 0.707155
-1.024244 -1.657231 -1.786572
-2.146138 -1.363469 1.139670
-1.605876 -1.154096 -1.223887
-2.383178 -0.724703 0.416015
-1.497068 -0.480047 -1.922204
-2.147314 -0.193606 1.406469
-1.384307 -0.084054 -0.774607
-2.017220 -0.007992 0.662459
-1.393341 0.290857 -1.255351
-1.796592 0.392490 1.043190
-1.300725 0.442126 -0.689109
-1.359078 0.498791 0.446142
-1.088904 0.710246 -1.184706
-1.301479 0.852601 0.750272
-1.048455 0.797035 -0.825829
-1.161946 0.778937 0.160655
-1.046347 0.899764 -1.174252
-1.215570 0.910364 0.238188
-1.108064 0.882986 -0.468059
-1.221187 0.867333 0.082548
-1.099415 0.996171 -0.563301
-1.097263 0.926130 0.249509
-0.741693 0.787409 0.142155
-0.457894 0.746416 -0.162661
-0.379699 -0.881696 -0.430391
-1.036851 -0.754486 -0.084866
-0.875537 -0.973803 -0.898010
-1.402004 -1.109018 0.602940
-1.241597 -1.026109 -0.864520
-1.735138 -0.561840 0.329731
-1.469959 -0.815171 -1.465052
-2.333832 -0.695227 0.320312
-2.126533 -0.648559 -1.197471
-2.719908 -0.160849 0.259344
-2.364450 -0.315574 -1.240894
-2.376419 -0.009783 0.474984
-2.306600 -0.025075 -1.097948
-2.313216 0.124981 0.393671
-2.189579 0.235306 -1.629694
-2.184766 0.398220 0.411089
-1.913151 0.588904 -1.361401
-1.885622 0.780437 0.539244
-1.758087 0.864248 -1.502061
-1.822273 0.974895 0.152684
-1.599191 1.046044 -1.042152
-1.717259 1.135615 0.277404
-1.452420 1.130292 -1.070181
-1.615037 1.274591 0.128379
-1.538791 1.181236 -0.591873
-1.624229 1.430846 0.630636
-1.523688 1.350869 -0.619373
-1.486419 1.387428 0.160323
-1.442205 1.454360 -0.472786
-1.372906 1.402699 0.319655
-1.116618 1.359019 -0.313246
-0.374443 1.070110 -0.348750
-0.188982 -1.040055 -0.425056
-0.815145 -1.278139 0.347316
-0.571181 -1.447685 -0.154522
-1.294024 -1.617941 0.197236
-0.830063 -1.751036 -1.052231
-1.806393 -1.578415 1.217044
-1.071172 -1.448739 -0.427346
-1.949076 -1.393597 0.584590
-1.311985 -1.733915 -0.953995
-2.236326 -1.733312 0.386789
-1.541757 -1.259811 -1.042254
-2.307563 -0.802599 0.602068
-1.562577 -0.774029 -1.099574
-2.093349 -0.479101 0.731466
-1.336803 -0.443928 -0.757477
-1.870404 -0.149818 0.780371
-1.482064 -0.093427 -1.060628
-1.705131 0.141926 0.812705
-1.291258 0.229721 -0.827919
-1.402040 0.490191 0.882830
-1.222033 0.527569 -1.046749
-1.392357 0.659866 0.636545
-1.196326 0.787138 -0.769190
-1.245377 0.845093 0.086974
-1.242779 0.804545 -1.066043
-1.179953 0.786893 -0.032421
-1.107433 0.917700 -0.689809
-1.210150 1.029746 -0.082257
-1.117290 0.994099 -0.311331
-1.013224 0.802940 0.006684
-0.673740 0.670591 0.005809
-0.420178 0.657845 -0.208096
-0.446003 -0.816596 -0.419296
-1.168761 -0.695068 -0.114288
-0.956970 -0.980532 -1.018811
-1.608251 -1.289907 0.670866
-1.485044 -0.641378 -1.140885
-1.822059 -0.433058 0.178651
-1.646803 -0.707218 -1.793252
-2.524842 -0.695506 0.372766
-2.305246 -0.782834 -1.902763
-2.599363 -0.369010 0.294582
-2.002362 -0.541758 -1.430876
-2.350391 -0.109419 0.761295
-2.163768 -0.362391 -1.678022
-2.338181 -0.114179 0.289247
-2.058129 -0.091004 -1.653228
-2.156261 0.361900 0.726573
-1.895384 0.303295 -1.485105
-1.937042 0.576497 0.236625
-1.692008 0.558154 -1.537495
-1.918080 0.953014 0.573933
-1.753036 0.827873 -1.320992
-1.863571 0.980425 -0.015867
-1.473673 0.852832 -1.464156
-1.643595 1.177708 0.587801
-1.579187 0.994000 -0.870082
-1.342239 1.270819 0.230637
-1.184551 1.299504 -0.861226
-1.249682 1.451429 0.277927
-1.295497 1.324438 -0.546467
-1.217164 1.239220 0.024781
-1.079578 1.239514 -0.605467
-0.258045 0.983285 -0.474010
-0.185011 -0.973100 -0.418390
-0.867525 -1.259913 0.680709
-0.409900 -1.610742 -0.348591
-1.000935 -1.789132 0.521615
-0.188520 -1.992702 -1.245003
-1.437907 -1.451997 1.861563
-0.936777 -1.404954 -0.749143
-1.826545 -1.320641 0.554263
-1.011094 -1.652415 -1.391009
-2.276245 -1.245061 1.067390
-1.401551 -1.461515 -1.338987
-2.314576 -1.013978 0.473012
-1.252606 -1.242136 -1.765908
-2.065337 -0.641776 1.381769
-1.341065 -0.802326 -0.995503
-1.829746 -0.435872 0.545436
-1.244240 -0.350859 -1.388556
-1.650323 -0.020036 1.394324
-1.438844 -0.047436 -0.901064
-1.487568 0.301855 0.887813
-1.244684 0.389742 -1.268205
-1.646326 0.578713 1.182341
-1.553332 0.592601 -1.052219
-1.406929 0.776282 0.408780
-1.169098 0.720466 -1.593586
-1.187802 0.871414 0.475470
-1.019389 0.911171 -0.802136
-1.040657 0.924580 -0.020624
-0.958424 0.974660 -0.615512
-0.920107 0.717542 0.139577
-0.718676 0.641821 -0.075718
-0.407284 0.511920 -0.363117
-0.533897 -0.672242 -0.449145
-1.303912 -0.530664 -0.364203
-1.172226 -0.554471 -0.848151
-1.686283 -0.466361 0.093645
-1.541662 -0.546404 -0.808460
-1.952653 -0.525699 -0.178506
-1.552511 -0.737474 -1.382785
-2.345410 -0.556591 -0.052176
-1.977830 -0.883676 -1.209742
-2.639042 -0.421011 0.252921
-1.996435 -0.711978 -1.263943
-2.425892 -0.117125 0.573510
-2.157050 -0.398917 -1.209413
-2.474435 0.086911 0.322824
-2.113900 -0.058249 -1.510306
-2.318622 0.346692 0.332931
-1.927453 0.198889 -1.222428
-2.001652 0.681372 0.446521
-1.786828 0.618330 -1.452117
-1.815112 0.950708 0.398471
-1.716541 0.950976 -1.375978
-1.760158 1.165824 0.677680
-1.532956 1.009700 -1.516947
-1.449261 1.240049 0.325996
-1.466885 1.226071 -0.972992
-1.450181 1.385783 0.981634
-1.311150 1.217597 -0.937760
-1.169516 1.294286 0.366575
-1.029568 1.339103 -1.054531
-1.088637 1.146594 0.024039
-0.866081 1.126500 -0.550887
-0.275680 0.860934 -0.461691
-0.231842 -0.822362 -0.363893
-0.867033 -1.314195 0.303980
-0.589407 -1.232627 0.107633
-1.295200 -1.431119 0.126745
-0.803564 -1.505074 -0.786604
-1.579927 -1.686638 0.869702
-0.911854 -1.262939 -0.108105
-1.772412 -1.348503 0.098268
-1.287575 -1.575276 -0.955731
-2.247673 -1.338491 0.224040
-1.307105 -1.653250 -0.749568
-2.291588 -1.083785 0.597103
-1.360894 -1.458035 -1.292057
-2.203784 -0.925889 1.007650
-1.447652 -1.045185 -0.836059
-1.925767 -0.495981 0.435245
-1.546787 -0.517342 -1.274410
-1.747146 -0.234210 0.835822
-1.463573 -0.163151 -1.061292
-1.324471 0.269510 0.708091
-1.366101 0.214711 -1.030864
-1.249936 0.425214 0.614874
-1.108532 0.674286 -0.899752
-0.762444 0.833950 0.308760
-0.840223 0.683352 -0.987474
-0.664120 0.732679 0.106657
-0.469099 0.867272 -0.744090
-0.556244 0.741800 0.056870
-0.692980 0.788832 -0.382734
-0.758860 0.418611 -0.150408
-0.459985 0.324698 -0.276573
-0.328630 0.000374 -0.317747
-0.552266 -0.622920 -0.566414
-1.171157 -0.659383 -0.486756
-1.220114 -0.537877 -1.087426
-1.794552 -0.588076 -0.259997
-1.678637 -0.456376 -1.325103
-1.813605 -0.544874 -0.768252
-1.556982 -0.573278 -1.483158
-2.219447 -0.408325 -0.258340
-1.856460 -0.750061 -1.463219
-2.130686 -0.450820 0.078952
-1.723758 -0.602278 -1.399374
-2.253439 -0.174819 0.242961
-2.031214 -0.405246 -1.538468
-2.349404 -0.057062 -0.013524
-1.974264 -0.140678 -1.684003
-2.252257 0.510144 0.432929
-1.735251 0.143239 -1.399340
-1.795622 0.599808 0.069581
-1.564352 0.456695 -1.401314
-1.719828 0.848596 0.532582
-1.560267 0.741523 -1.372961
-1.398963 1.042946 -0.069782
-1.156735 1.004298 -1.519857
-1.359257 1.210711 0.473918
-1.052934 0.927406 -1.195353
-0.848344 1.174346 0.171485
-0.633336 1.384677 -1.337998
-0.874069 1.285896 -0.049244
-0.991274 0.988129 -0.987010
-1.095598 0.658760 -0.250478
-0.867642 1.077997 -1.048281
-0.193191 0.793732 -0.646146
-0.342596 -0.660870 -0.415951
-0.991641 -1.028105 0.483344
-0.617855 -1.329272 0.052684
-1.311870 -1.462746 0.374714
-0.623130 -1.211446 -0.850048
-1.611019 -1.061102 1.316954
-0.759622 -1.269672 -0.404938
-1.654532 -1.301842 0.202536
-0.910138 -1.528603 -1.191326
-2.054457 -1.223273 0.962804
-1.242234 -1.499598 -1.034780
-1.918249 -1.097858 0.535480
-0.901276 -1.264640 -1.546854
-2.011998 -0.593443 1.762889
-1.241937 -0.932175 -1.065510
-1.686529 -0.515921 0.641963
-0.924440 -0.580211 -1.558146
-1.520626 0.007518 1.570997
-0.987609 -0.317427 -1.210116
-0.976763 0.266800 0.874437
-0.409728 0.174448 -1.246270
-0.876178 0.698011 1.655624
-0.593720 0.524188 -0.976029
-0.557011 0.680250 0.373939
-0.263218 0.849122 -1.309633
-0.744674 0.854497 0.611585
-0.401137 0.784347 -0.713650
-0.638076 0.600430 -0.031379
-0.546073 0.745337 -0.644108
-0.818264 -0.173292 0.066997
-0.473021 -0.062888 -0.107850
-0.288745 -0.477632 -0.468520
-0.503608 -0.653275 -0.549694
-1.178461 -0.719294 -0.486938
-1.291682 -0.548299 -1.049611
-1.737706 -0.620572 -0.453925
-1.537766 -0.558188 -1.132492
-2.085857 -0.554594 -0.538058
-1.824504 -0.641869 -1.207072
-2.193553 -0.365880 -0.089553
-1.683638 -0.624998 -0.882793
-2.166179 -0.275167 0.205665
-1.905288 -0.507496 -1.130964
-2.023752 -0.211145 0.232553
-1.605201 -0.180740 -1.159592
-2.059840 0.109028 -0.067097
-1.826867 0.025703 -1.505920
-1.912437 0.717005 0.119366
-1.146814 0.440897 -1.100005
-1.353746 0.858507 0.364018
-1.245453 0.592270 -1.072686
-1.094211 0.821118 0.524682
-0.785749 0.893174 -1.181843
-0.972428 1.115271 0.475340
-0.901848 1.037087 -1.172296
-0.824493 1.151486 0.280679
-0.323208 1.308146 -1.296487
-0.885823 1.415289 0.725677
-0.959418 1.083426 -1.127538
-1.091246 1.149671 0.194768
-0.637224 1.097959 -1.532144
-0.947386 0.315066 -0.147841
-0.842669 0.289379 -0.731767
-0.184286 0.485460 -0.582878
-0.438608 -0.730317 -0.353662
-1.188770 -1.192135 0.148375
-0.909851 -1.137534 0.275967
-1.590684 -1.340756 0.249858
-1.065911 -1.207395 -0.389687
-1.823344 -1.192923 0.604850
-1.175877 -1.183358 -0.101630
-1.869548 -1.254895 -0.131818
-1.350197 -1.525802 -0.893241
-1.942602 -1.274140 0.232155
-1.257835 -1.219466 -0.673242
-1.674051 -0.818755 0.324867
-1.174212 -1.011767 -0.753788
-1.610180 -0.744098 0.822166
-1.133565 -0.644694 -0.589669
-1.350526 -0.424015 0.314970
-1.092766 -0.502450 -0.987057
-1.072475 -0.034574 0.474834
-0.687459 -0.018989 -1.093819
-0.763715 0.298512 0.241332
-0.841600 0.065513 -0.746378
-0.699233 0.363347 0.529562
-0.503519 0.568525 -0.965079
-0.725336 0.652373 -0.010853
-0.729040 0.584863 -0.707089
-0.638581 0.232646 -0.074436
-0.458589 0.547835 -0.988557
-0.877572 0.101586 -0.158568
-0.845313 0.373057 -0.628707
-0.884897 -0.609224 -0.406543
-0.638139 -0.448196 -0.684940
-0.452674 -0.505342 -0.480749
-0.547627 -0.717445 -0.472614
-1.231874 -1.136048 -0.328711
-1.352366 -0.746376 -1.081811
-1.948977 -0.725098 -0.249700
-1.866968 -0.557019 -1.286805
-2.103228 -0.612764 -0.511893
-1.646652 -0.699168 -1.386888
-2.098120 -0.313219 0.032187
-1.814708 -0.474933 -0.953900
-1.902733 -0.297651 -0.083599
-1.442226 -0.482740 -1.124761
-1.730540 -0.327062 0.089566
-1.489372 -0.057182 -1.099307
-1.619067 0.063058 -0.498692
-1.366215 -0.022123 -1.565932
-1.596559 0.642483 -0.159536
-1.145797 0.383213 -0.918340
-0.748467 0.630737 -0.330429
-0.534169 0.369783 -1.278625
-0.583576 0.667392 0.424790
-0.693229 0.592567 -1.059741
-0.271957 0.919150 -0.262762
-0.167827 1.003766 -1.582844
-0.687016 1.021187 0.382575
-0.731560 0.803293 -1.385108
-0.933955 1.147037 -0.334068
-0.732626 1.169979 -1.707281
-1.306379 0.844896 -0.264180
-1.151688 0.396958 -1.341388
-1.005286 0.713806 -0.395276
-0.842067 1.315505 -0.906226
-0.058157 1.116310 -0.648304
-0.553517 -0.805624 -0.331444
-1.347889 -1.257320 0.206379
-1.111121 -1.740855 0.226258
-1.636149 -1.704661 0.514476
-1.016036 -1.317365 -0.529357
-1.829222 -1.097515 0.953780
-1.154986 -1.264637 -0.403554
-1.510852 -1.180858 0.578146
-0.704174 -1.300984 -0.977261
-1.748343 -0.836708 1.026114
-0.895340 -1.033928 -0.771177
-1.434271 -0.813936 0.752919
-0.572590 -0.845640 -0.825041
-1.559729 -0.552754 1.327521
-0.816983 -0.692588 -0.589600
-1.054340 -0.737327 0.647390
-0.392379 -0.462718 -1.148534
-0.935405 0.176039 0.999737
-0.042721 -0.055900 -1.153558
-0.132826 0.184865 0.626914
0.503262 0.215316 -1.165585
-0.173081 0.429324 1.333400
0.549856 0.436653 -0.917741
0.166727 0.417534 0.408030
0.701960 0.707113 -1.478427
-0.414795 0.359145 0.384110
-0.130180 0.409886 -0.999843
-0.718434 -0.284322 -0.117562
-0.319051 0.090758 -1.102973
-0.640664 -0.791170 0.005730
-0.329652 -0.278821 -0.799630
-0.217244 -0.069768 -0.444949
-0.695396 -0.808138 -0.482247
-1.354616 -1.416043 -0.084852
-1.600483 -1.313640 -0.796069
-1.743148 -0.700109 0.003214
-1.776756 -0.466503 -1.135587
-2.011121 -0.374680 -0.305769
-2.026607 -0.475503 -1.101772
-2.095925 -0.205679 -0.219784
-1.662780 -0.228461 -1.122209
-1.949926 -0.277230 -0.280658
-1.676301 -0.341545 -1.016101
-1.823911 -0.138073 -0.388523
-1.244351 -0.038542 -1.291085
-1.705911 -0.041329 -0.487801
-1.446514 0.134175 -1.338268
-1.519063 0.520745 -0.483062
-0.829980 0.480029 -0.974898
-1.049074 0.658483 -0.339993
-0.813794 0.669189 -0.796176
-0.542749 0.780050 -0.148654
0.109574 0.916824 -1.003408
-0.295801 0.987271 -0.222431
-0.462256 1.129253 -0.957662
-0.663569 1.036098 -0.015109
-0.284260 1.162971 -1.454476
-0.967719 0.984452 -0.095625
-1.360922 0.923108 -1.457854
-1.453427 0.585164 -0.252420
-1.127181 1.373422 -1.653617
-0.952970 1.653352 -0.198972
-0.916378 1.543970 -0.259470
0.038415 1.263987 -0.494227
-0.480658 -0.892229 -0.254873
-1.070839 -1.266609 0.095723
-1.150617 -1.668179 0.160346
-1.592206 -1.526865 0.474698
-1.371882 -1.335270 -0.057938
-1.815293 -1.358131 0.686446
-1.504236 -1.495973 0.238541
-1.717312 -1.130715 0.602497
-1.445535 -1.172922 -0.116266
-1.674036 -1.100629 0.532083
-1.390902 -1.003845 0.036250
-1.607327 -1.009168 0.522957
-1.285572 -0.985898 0.081308
-1.506470 -1.127991 0.483856
-1.279944 -0.986707 0.075448
-1.480867 -0.850351 0.394579
-1.283332 -0.427167 -0.398722
-1.209236 -0.045023 -0.011925
-0.900561 0.098067 -0.578543
-0.768661 0.258010 -0.018282
-0.676398 0.261866 -0.403082
-0.467699 0.237072 0.142510
-0.490295 0.400301 -0.257796
-0.593872 0.508377 0.195967
-0.768477 0.556302 -0.265982
-0.876264 0.199348 0.403994
-0.874946 0.096111 -0.491265
-1.177730 -0.051082 -0.014760
-0.993119 -0.200830 -0.356698
-0.931351 -0.091293 0.093166
-0.526202 0.559903 -0.678528
-0.162911 1.002184 -0.143944
-0.335807 -0.810260 -0.223238
-0.721311 -1.082913 0.042023
-1.219067 -0.953201 -0.202989
-1.213000 -1.378859 0.338435
-1.717526 -0.708128 0.012887
-1.442629 -0.524968 -0.022346
-1.569811 -0.352693 -0.372355
-1.435874 -0.720708 0.120633
-1.606154 -0.475990 -0.313445
-1.588365 -0.584168 -0.176375
-1.515857 -0.476719 -0.575494
-1.618157 -0.765050 0.041669
-1.440628 -0.525709 -0.430851
-1.509724 -0.358735 -0.237387
-1.370843 -0.095918 -0.773030
-1.374484 0.099650 -0.311714
-1.124985 0.402153 -0.678602
-0.946349 0.394415 -0.496896
-0.674462 0.459944 -0.680917
-0.648242 0.652381 -0.173124
-0.537774 0.656882 -0.515870
-0.420334 0.771216 -0.284094
-0.525594 0.774832 -0.935281
-0.712993 0.754306 -0.160453
-1.092778 0.619676 -0.826233
-1.063293 0.826613 -0.563061
-1.474073 1.014630 -1.016316
-1.186713 1.122179 -0.091444
-1.298969 1.200998 -0.269444
-0.741472 1.328045 0.238864
-0.814658 1.495205 0.190162
0.130062 1.149964 -0.187372
0.099239 -0.772756 -0.113766
-0.176708 -0.960220 0.268784
-0.272160 -1.066508 0.303535
-0.390077 -1.014955 0.461759
-0.563786 -1.001901 0.317181
-0.694850 -0.796604 0.743957
-0.668636 -0.908858 0.496874
-0.667775 -0.747647 0.593152
-0.628838 -0.823459 0.345229
-0.743927 -0.688425 0.599616
-0.653365 -0.809114 0.250412
-0.659608 -0.796496 0.367160
-0.655504 -0.836605 0.149531
-0.688005 -0.614018 0.498045
-0.622557 -0.628513 0.230603
-0.620934 -0.373693 0.458861
-0.506539 -0.189106 0.143981
-0.394215 0.113156 0.389868
-0.065438 0.213471 -0.126973
0.020913 0.288510 0.017691
-0.113008 0.333052 -0.260731
-0.091772 0.366764 0.128350
0.002080 0.298406 -0.290184
-0.063216 0.360183 0.043744
-0.238685 0.289699 -0.256006
-0.273746 0.300112 0.212274
-0.356122 0.164636 -0.147419
-0.175590 0.401623 0.100253
-0.171513 0.474967 0.098330
0.158881 0.834421 0.623469
0.219005 0.845188 0.426119
0.288236 0.817644 0.466967
