0.797140 -0.155167 -0.607973
0.618155 -0.115529 -0.567587
0.628990 -0.272899 -0.101115
0.397635 0.292142 -0.559702
0.542380 -0.331739 0.506925
0.793335 0.464661 -0.495970
0.447819 -0.018992 0.404938
0.475910 0.397253 -0.039946
0.856862 0.276246 -0.401555
0.417280 0.346615 -0.343268
0.395663 0.199321 0.398269
0.498688 0.136857 0.299145
0.368784 0.320006 0.566453
0.521426 0.046406 0.928379
0.312663 0.301278 0.402639
0.953370 -0.414514 -0.419050
0.543835 -0.139679 -0.652409
0.762275 -0.358835 -0.313569
0.372515 0.216240 -0.198102
0.357688 0.339027 -0.671614
0.574076 -0.205383 0.425873
0.667862 0.500052 -0.373672
0.606575 0.199412 -0.576254
0.455527 0.067025 -0.666435
0.399671 0.046179 0.590034
0.617562 -0.044745 0.781263
0.340118 0.351238 -0.241125
0.638982 -0.317405 0.344321
0.305449 0.226673 -0.293952
0.589275 -0.105951 -0.481666
0.291328 0.219165 -0.710374
0.472246 0.074809 -0.561553
0.566895 0.269247 -0.677996
0.551864 -0.018655 -0.586324
0.670027 0.052745 -0.661447
0.563073 0.310590 -0.448280
0.891764 -0.225528 -0.311328
0.465497 0.153102 -0.682344
0.544857 0.135468 0.655375
0.433599 0.238675 -0.590899
0.413423 0.177334 0.213850
0.440494 0.239978 0.259325
0.491055 -0.328967 0.354881
0.421880 -0.145769 -0.702475
0.396839 0.117121 -0.377547
0.476180 -0.143783 -0.496742
0.282983 -0.203041 0.282896
0.624440 0.216220 0.566399
0.331670 0.214303 -0.535716
0.704597 -0.137643 0.633857
0.931308 -0.285581 -0.173686
0.504946 0.199395 -0.437792
0.461439 0.320087 0.151940
0.406164 -0.050904 0.813742
0.468684 -0.167988 0.445623
0.643057 -0.173140 0.422633
0.986079 -0.096096 -0.652177
0.510387 0.424905 0.136327
0.283083 0.206961 -0.610164
0.722766 0.094798 -0.532444
0.422011 0.003692 -0.761565
0.488920 0.360560 -0.704306
0.424887 -0.210364 0.064973
0.534892 -0.266792 0.042644
0.459305 -0.114657 -0.372565
0.656169 -0.071252 -0.731720
0.316976 0.269682 0.045502
0.429644 0.065295 0.689605
0.492078 0.421791 0.364165
0.283583 0.152222 0.702067
0.557492 0.366495 0.258168
0.633295 0.118601 -0.579639
0.321707 0.100290 0.481625
0.550771 -0.099751 0.526241
0.843929 0.325306 -0.791700
0.536620 0.034119 -0.490728
0.547263 -0.015625 0.509612
0.507972 -0.076683 -0.543323
0.449030 -0.071106 0.564305
0.466419 0.396922 -0.259093
0.523552 -0.160193 -0.409503
0.406544 -0.126505 0.350541
0.904549 0.193602 -0.542417
0.148269 0.046886 0.565436
0.560318 -0.199316 -0.541124
0.403686 0.011745 -0.647294
0.661143 -0.196194 -0.557974
0.703504 -0.083715 -0.565327
0.309441 0.320234 -0.389797
0.880830 0.019556 -0.510789
0.166885 -0.122911 0.373130
0.718845 -0.379376 -0.148664
0.498408 0.223582 0.722834
0.285456 0.069662 0.359193
0.599413 0.089109 0.418793
0.644051 0.044566 0.539580
0.463309 -0.227865 -0.346753
0.707455 0.180484 -0.881648
0.597251 -0.194862 -0.291210
0.471093 -0.065094 -0.640010
0.313227 0.108835 0.183898
0.413391 0.329172 -0.085858
0.703132 -0.011548 -0.582236
0.547209 -0.220207 0.823583
0.522949 -0.011519 -0.679037
0.688546 0.408280 -0.764630
0.333637 0.210308 -0.015227
0.436292 0.371513 -0.427518
0.480605 0.043494 0.471704
0.548643 0.083290 -0.763415
0.278191 0.277250 -0.122833
0.594662 -0.074971 -0.660159
0.477282 -0.165503 0.538677
0.531778 0.255348 0.155789
0.743102 -0.165040 -0.456563
0.292791 0.017406 -0.463287
0.400094 -0.272700 0.566451
0.623684 0.036443 -0.529934
0.698148 0.195463 -0.642400
0.358779 0.351196 -0.503828
0.572067 -0.261685 0.251989
0.554732 -0.329981 0.131544
0.624083 -0.282064 -0.790509
0.555561 0.298703 -0.342394
0.615378 0.105823 -0.454964
0.518530 0.349053 -0.259069
0.515379 0.139025 -0.606222
0.507023 0.234791 0.451151
0.631392 -0.408842 -0.448203
0.263302 0.184651 -0.417130
0.583653 0.271429 -0.574001
0.469036 -0.281622 -0.604347
0.380481 0.289610 -0.448026
0.600103 0.379057 0.064492
0.310541 -0.075027 -0.756551
0.497772 -0.232342 0.717182
0.554820 0.370778 -0.059877
0.394860 0.217554 0.106582
0.380208 0.001260 -0.563162
0.603740 0.462298 -0.605559
0.866000 -0.212087 -0.872164
0.292829 0.298789 -0.564490
0.246740 -0.175642 0.538558
0.414535 0.207971 -0.496477
0.506913 0.073719 0.556802
0.536857 -0.129278 0.285083
0.404662 0.153803 -0.576280
0.376714 -0.153766 0.684717
0.273434 0.198072 0.146974
0.457155 0.318347 -0.178476
0.846935 -0.004737 -0.392280
0.664021 0.325184 -0.571657
0.469429 0.179937 -0.540532
0.597739 0.010394 -0.934189
0.461962 -0.094665 -0.813682
0.443127 0.151656 0.452063
0.507085 0.314164 0.024611
0.311551 0.267753 -0.436943
0.992162 -0.358306 -0.657103
0.284217 0.192794 0.577405
0.272368 -0.068953 -0.563265
0.942826 0.055067 -0.863651
0.707924 0.152906 -0.402468
0.457948 0.223685 0.514515
0.468200 0.286865 -0.504854
0.628752 0.379982 -0.505751
0.662456 -0.039468 -0.485635
0.463049 0.283128 -0.384786
0.625964 0.226590 -0.474477
0.431417 -0.054340 -0.592556
0.592371 0.255538 0.207516
0.309944 0.224759 0.330312
0.433783 0.168619 0.577929
0.530418 0.454709 -0.131961
0.616347 0.025275 -0.672455
0.499680 0.290053 0.270110
0.646744 0.288725 -0.440168
0.706534 0.042563 -0.452339
0.483149 -0.244843 -0.149355
0.517852 -0.062276 0.391435
0.732847 0.334265 -0.337874
0.384770 0.285740 -0.296192
0.487886 0.366162 -0.370008
0.713169 0.229251 -0.534738
0.464772 -0.017026 0.280409
0.585124 -0.262498 -0.421733
0.942832 0.391408 -0.598307
0.333568 0.129354 -0.640228
0.505518 -0.059036 0.641289
0.404461 0.177495 -0.646769
0.389220 0.151212 -0.843238
0.560829 0.209550 -0.536328
0.693542 -0.244774 -0.639974
0.522598 0.259300 -0.821698
0.185425 0.202080 0.489162
0.536676 0.068069 0.355518
0.660300 -0.237240 -0.447339
0.567699 -0.300832 -0.235674
0.327621 -0.154451 -0.035605
0.772164 0.088559 -0.646371
0.667239 0.229698 0.284079
0.507806 0.407041 -0.487431
0.549834 0.154008 0.343710
0.400957 0.122813 0.352862
0.747332 -0.305636 -0.483485
0.567380 0.329405 0.445128
0.344574 0.244784 -0.631797
0.504567 0.211394 0.307569
0.384715 -0.046507 0.502272
0.905554 -0.152471 -0.471118
0.568316 0.406197 -0.416557
0.592901 0.411295 -0.303675
0.525805 0.309716 -0.539646
0.520309 0.146243 0.488668
0.245698 0.292658 0.240249
0.442629 -0.177706 -0.563051
0.343195 0.222331 -0.398863
0.573400 0.150648 -0.693878
0.378557 0.262333 -0.750084
0.687591 0.297122 -0.168409
0.296067 0.107244 -0.784587
0.380104 0.353204 0.256848
0.245729 0.148135 -0.554417
0.482080 -0.237033 0.310505
0.231235 -0.051132 0.671333
0.594379 -0.044663 0.369839
0.508070 -0.276339 -0.486997
0.257302 0.039744 -0.665954
0.592067 -0.280541 0.647218
0.617968 -0.352035 -0.595940
0.640208 0.258964 -0.329232
0.740709 -0.030186 -0.657159
0.412069 -0.184329 -0.228819
0.362456 0.097090 -0.510001
0.439231 -0.041795 -0.496496
0.559617 0.067170 -0.624758
0.399482 -0.263328 0.188137
0.441851 0.265269 -0.023414
0.246147 -0.033710 -0.183846
0.320069 0.121996 -0.235765
0.489758 0.255760 -0.621166
0.385071 -0.237274 0.450563
0.510467 -0.321789 -0.334914
0.843760 0.424567 -0.215705
0.356279 -0.106391 -0.489374
0.437469 0.281857 0.396504
0.157676 0.122587 0.274599
0.701261 -0.124337 -0.354202
0.365051 0.003181 -0.359589
0.309446 -0.119372 -0.350064
0.347378 -0.124989 -0.614273
0.665495 -0.279587 -0.335780
0.403158 -0.228068 -0.446547
0.353144 0.351110 0.076126
0.467883 0.342895 -0.593893
0.267526 -0.056671 0.180376
0.207052 0.060948 -0.434096
0.120272 0.215026 -0.234264
0.064620 0.260056 -0.436530
-0.002725 0.425627 -0.134961
0.013703 0.306209 -0.423708
-0.055572 0.580795 -0.182416
-0.007912 0.336406 -0.339389
-0.097192 0.534783 0.037155
-0.144251 0.277650 -0.217915
-0.077060 0.480664 -0.015595
0.014674 0.360807 -0.303517
-0.001577 0.553900 0.063692
-0.114010 0.381797 -0.253292
-0.117652 0.633133 -0.306553
-0.079704 0.542780 -0.686920
-0.088374 0.689742 -0.319850
-0.321754 0.630642 -0.558413
-0.207149 0.699716 -0.552916
-0.243544 0.643581 -0.913830
-0.045186 0.681559 -0.561808
-0.182144 0.617497 -0.621149
-0.067092 0.692693 -0.414082
-0.095698 0.627432 -0.731922
0.022705 0.602776 -0.280952
-0.015591 0.695382 -0.510137
0.029231 0.757419 -0.241483
0.171458 0.681506 -0.631461
0.248164 0.635797 -0.164091
0.212140 0.672250 -0.381721
0.277954 0.713578 -0.103566
0.514727 0.625342 -0.234038
0.618479 0.355195 -0.240525
0.114573 -0.303253 -0.576180
-0.274024 -0.445953 -0.081526
-0.062243 -0.509442 -0.673774
-0.492532 -0.330949 -0.115350
-0.179315 -0.476838 -0.723656
-0.664210 -0.373827 -0.003223
-0.387218 -0.435012 -0.494393
-0.735344 -0.181394 -0.060980
-0.438398 -0.346290 -0.597451
-0.752475 -0.111658 0.379961
-0.333642 -0.169003 -0.283805
-0.589242 0.046144 0.401686
-0.241725 0.034663 -0.387742
-0.574814 0.106564 0.529621
-0.149949 -0.050923 -0.166997
-0.272749 0.042760 0.116272
0.052753 0.041760 -0.480492
-0.245522 0.105046 0.498211
0.028622 -0.063379 -0.084020
-0.041875 -0.045170 -0.048554
0.259416 0.019465 -0.503985
0.110379 -0.027092 0.454018
0.302016 -0.168722 -0.079574
0.295095 -0.044900 0.149479
0.663803 0.037523 -0.340208
0.561431 -0.007550 0.569753
0.728065 -0.092967 -0.057090
0.609002 -0.066580 0.137151
0.940941 -0.040950 -0.337558
0.660288 -0.034403 0.295117
0.818193 -0.141916 -0.107479
0.547092 -0.024629 -0.141336
-0.218713 -0.045717 -0.560858
-0.528459 0.271045 0.054048
-0.733354 0.251483 -0.973147
-0.847372 0.479188 0.119374
-1.010347 0.334075 -0.769699
-0.967727 0.791183 -0.100210
-0.979060 0.351699 -0.846772
-1.053573 0.565280 0.032392
-1.349614 0.193975 -0.518836
-0.985621 0.542254 0.181209
-0.973866 0.288453 -0.615867
-0.709362 0.462893 0.132610
-1.151247 0.330683 -0.646471
-0.943142 0.647278 -0.316319
-1.470183 0.525478 -1.076863
-1.147103 0.612407 -0.303116
-1.638622 0.572573 -0.928686
-1.396196 0.760922 -0.734300
-1.709967 0.716155 -1.312495
-1.315424 0.874030 -0.435607
-1.418979 0.764667 -0.749485
-1.055332 0.756925 -0.596848
-1.060697 0.743489 -1.056053
-0.853047 0.827546 -0.296650
-0.771172 0.830489 -0.685690
-0.653945 0.817546 -0.379016
-0.614164 0.914034 -0.861296
-0.560624 0.999992 -0.170124
-0.379819 0.926527 -0.539729
-0.095969 0.930944 -0.167779
0.044829 0.944044 -0.530739
0.449609 0.737558 -0.451727
0.045966 -0.378539 -0.479515
-0.486072 -0.441735 0.125314
-0.314556 -0.497437 -0.567955
-0.610298 -0.364574 0.097395
-0.308186 -0.585092 -0.725791
-0.756734 -0.368299 0.384109
-0.543099 -0.414832 -0.614247
-0.896055 -0.044444 0.020779
-0.820283 -0.256999 -0.762338
-1.163453 -0.096913 0.329502
-0.855717 -0.161432 -0.377942
-1.036752 -0.079336 0.261266
-0.923567 -0.052724 -0.619614
-1.105320 0.058722 0.669108
-0.746489 0.039964 -0.148291
-0.894289 0.196629 0.525703
-0.701759 0.088799 -0.451179
-0.972625 0.138643 1.032302
-0.682680 -0.010659 -0.057891
-0.677757 0.202145 0.475036
-0.379609 0.168260 -0.706214
-0.294247 0.324759 0.501095
0.029191 0.158750 -0.105242
0.166832 0.162931 0.317467
0.218658 0.099936 -0.452226
0.222669 0.206001 0.309310
0.445764 0.113667 -0.055798
0.486231 0.065127 0.267811
0.542547 0.128537 -0.359125
0.525508 0.096426 0.224297
0.788888 -0.087128 -0.130461
0.714573 -0.003865 0.185029
-0.376986 -0.032799 -0.352443
-0.789174 0.256387 0.128730
-1.265882 0.313867 -0.573904
-1.321150 0.559302 0.088756
-1.479113 0.527407 -0.434131
-1.403727 0.683316 -0.051544
-1.270808 0.359422 -0.486680
-1.158165 0.274205 0.058260
-1.349473 0.124401 -0.288091
-1.084549 0.502141 0.046188
-1.175532 0.315690 -0.263623
-0.942672 0.385759 0.257238
-1.375194 0.455601 -0.197569
-1.274666 0.613528 0.038514
-1.755424 0.558698 -0.731085
-1.614411 0.537003 -0.006658
-2.067119 0.674010 -0.554401
-1.918876 0.803974 0.022132
-1.999960 0.841833 -0.787424
-1.700944 0.889337 -0.243587
-1.707025 0.914225 -0.533566
-1.356398 0.942264 -0.202749
-1.189933 0.828484 -0.661215
-1.023928 0.771076 -0.301555
-0.979877 0.880689 -0.544886
-0.835892 0.951045 -0.238128
-0.776346 0.963284 -0.596378
-0.764192 0.978404 -0.377737
-0.817514 1.012612 -0.596157
-0.550703 1.084097 -0.131042
-0.315233 1.041977 -0.306210
0.419633 0.793281 -0.469198
-0.261047 -0.355909 -0.367261
-1.008941 -0.489613 -0.070245
-1.038650 -0.560267 -0.378365
-1.519846 -0.522895 -0.083959
-1.177444 -0.749164 -0.488580
-1.493573 -0.227759 0.163201
-1.192531 -0.231628 -0.244465
-1.471777 -0.034728 -0.039681
-1.216111 -0.238408 -0.680315
-1.426455 -0.189955 0.109155
-0.988630 -0.207123 -0.207696
-1.443196 -0.161546 0.212741
-1.244292 -0.143227 -0.416957
-1.669487 -0.094913 0.566736
-1.251051 0.009400 -0.183203
-1.615339 0.159670 0.526026
-1.122139 -0.023608 -0.432620
-1.552913 0.206943 0.830024
-1.034225 0.168720 -0.358094
-1.223409 0.353096 0.401325
-0.801105 0.360902 -0.717539
-0.915965 0.381588 0.453739
-0.719187 0.411452 -0.262011
-0.643641 0.389236 0.030235
-0.538288 0.387546 -0.370772
-0.512239 0.137035 0.060979
-0.281468 -0.073363 -0.012884
-0.273441 -0.050939 -0.093124
0.037813 0.357420 -0.235904
0.163446 0.264831 -0.127428
0.787484 0.066134 -0.008924
0.482057 0.214254 -0.025363
-0.500669 -0.109824 -0.106886
-0.901855 0.165549 0.219304
-1.398699 0.238188 -0.476059
-1.549364 0.539816 0.252036
-1.647879 0.497483 -0.443696
-1.372656 0.770434 0.121027
-1.106805 0.236348 -0.713577
-1.061802 0.185274 0.408087
-1.320834 0.047887 -0.692607
-1.158090 0.507361 0.443617
-0.993225 0.216476 -0.805795
-1.106494 0.132704 0.697387
-1.548769 0.152081 -0.657954
-1.836640 0.364613 0.291620
-1.779996 0.279414 -1.324719
-2.100699 0.610046 0.643111
-2.008873 0.403836 -1.098770
-2.220347 0.710779 0.019381
-1.744402 0.601664 -1.480923
-1.918969 0.943555 0.640047
-1.518457 0.756217 -0.939793
-1.440409 0.904323 -0.208592
-1.014622 0.778121 -1.352436
-1.181393 0.861477 0.088455
-0.970504 0.767793 -0.823203
-0.998588 0.943805 -0.458575
-0.703757 1.003348 -1.153771
-0.991758 1.221927 -0.185361
-0.864121 1.127248 -0.668115
-0.817122 1.093356 -0.175753
-0.524642 1.164342 -0.542658
0.127288 0.862450 -0.488625
-0.399407 -0.428337 -0.203659
-1.207003 -0.557078 0.156326
-1.239294 -0.612964 -0.217923
-1.609163 -0.521011 -0.063076
-1.181335 -0.699358 -0.770903
-1.549092 -0.345608 0.476102
-0.990831 -0.353586 -0.602174
-1.334659 -0.365198 0.256200
-1.143812 -0.470712 -0.940254
-1.736611 -0.531453 0.843578
-0.991766 -0.331069 -0.779533
-1.708671 -0.264416 0.606618
-1.123212 -0.289356 -1.255514
-2.042456 -0.121123 1.371111
-1.060598 -0.264310 -0.739305
-1.651051 0.079402 0.936498
-0.872275 -0.093734 -1.391078
-1.928688 0.255103 1.320626
-1.153063 0.081353 -0.933172
-1.427355 0.298283 0.434936
-0.844279 0.250613 -1.317919
-1.231060 0.510699 0.965967
-0.836758 0.357336 -0.823106
-0.733110 0.336830 0.059175
-0.510854 0.395499 -1.009375
-0.687324 0.112261 0.392490
-0.306712 -0.083833 -0.199470
-0.434922 -0.443931 0.160672
-0.154805 -0.120100 -0.482562
-0.079640 0.019849 -0.001972
0.322257 0.092643 -0.289612
0.373295 0.086417 -0.230976
-0.411724 -0.242907 0.149544
-0.939673 0.002890 0.355065
-1.377392 0.058908 -0.235253
-1.578946 0.246842 0.464258
-1.595662 0.267407 -0.281998
-1.479786 0.579053 0.596515
-1.074250 0.018797 -0.439855
-1.264379 -0.144808 0.602785
-1.513885 -0.015654 -0.563048
-1.765571 0.455865 0.654959
-1.460927 0.192939 -0.812687
-1.767611 0.090577 0.771554
-1.862164 0.111267 -0.487364
-2.362327 0.336774 0.721009
-1.824354 0.068211 -1.301053
-2.379193 0.534660 0.502259
-1.949265 0.406641 -1.215963
-2.424947 0.818887 0.585204
-1.536651 0.445167 -1.486416
-1.681746 0.897513 0.338998
-1.323271 0.785161 -1.074257
-1.529878 0.986827 0.738272
-0.975401 0.693906 -1.273341
-1.083792 0.867397 0.288342
-0.795245 0.857746 -0.890035
-1.130018 1.164298 0.446362
-0.896021 1.049382 -1.148755
-1.158754 1.248109 0.173159
-0.919483 1.292067 -0.870383
-1.055091 1.350193 0.263755
-0.773345 1.237171 -0.409036
-0.059724 0.879018 -0.411828
-0.319239 -0.543113 -0.041604
-1.029180 -0.887553 0.333065
-1.077651 -1.034925 0.165800
-1.531331 -0.766958 0.117946
-1.183919 -1.060080 -0.723070
-1.680747 -0.858936 0.551880
-1.081132 -0.795622 -0.311855
-1.623765 -0.709125 0.434702
-1.124321 -0.880456 -0.796058
-1.764442 -0.888451 0.915717
-0.846672 -0.475084 -0.365584
-1.667476 -0.281430 0.849999
-1.175278 -0.220786 -0.627520
-1.998070 -0.201622 1.374562
-1.130354 -0.068782 0.135810
-1.677620 0.033444 0.952942
-0.961084 -0.266583 -0.790671
-1.667066 0.049437 1.068571
-0.866160 0.098843 -0.418688
-1.210525 0.285286 0.362208
-0.865816 -0.002551 -1.145329
-1.034784 0.097019 0.657245
-0.727866 0.287473 -0.716532
-0.750745 0.331755 0.053961
-0.439292 0.254467 -1.069738
-0.678449 -0.024567 0.241105
-0.452245 -0.001649 -0.401959
-0.648010 -0.085149 0.138219
-0.362338 0.234174 -0.693328
-0.391013 -0.332569 -0.005333
0.045803 -0.540552 -0.200215
0.067140 -0.126539 -0.041743
-0.342219 -0.534371 0.144768
-0.895071 -0.713890 0.327048
-1.223792 -0.418577 -0.546908
-1.597116 -0.209355 0.686895
-1.436652 -0.082797 -0.634842
-1.514191 0.196806 0.232432
-0.971007 -0.313268 -1.056700
-1.516053 -0.298402 0.741368
-1.632612 -0.145291 -0.898909
-1.623753 0.218603 0.523095
-1.174341 0.015934 -1.029132
-1.431000 -0.139873 1.077474
-1.703188 -0.074117 -0.904854
-1.874806 0.133968 0.460611
-1.346067 -0.010613 -1.740431
-2.073996 0.534990 0.681328
-1.563524 0.207416 -1.495505
-1.845090 0.752712 0.079736
-1.031746 0.489968 -1.908383
-1.675638 0.895919 0.718944
-1.012236 0.468126 -1.429429
-1.074894 0.769411 0.267694
-0.619242 0.802734 -1.721462
-1.321336 0.989783 0.980976
-0.744343 0.648310 -1.234013
-0.905077 1.051122 0.475228
-0.461472 1.404564 -1.677335
-1.068068 1.521346 0.357771
-0.847575 1.378116 -0.901810
-0.933091 1.410242 0.285521
-0.606187 1.396230 -0.750072
0.032894 0.989524 -0.386422
-0.269706 -0.729538 0.119720
-0.968114 -0.991307 0.626162
-0.793276 -1.424589 0.137093
-1.091687 -1.189721 0.430582
-0.406225 -1.371482 -1.101309
-1.400909 -1.143192 1.395882
-0.643630 -1.289809 -0.779793
-1.133366 -0.817235 0.713546
-0.221628 -1.087215 -1.447021
-1.596465 -0.835734 1.707587
-0.716854 -0.688555 -0.646047
-1.256421 -0.325500 1.163810
-0.462434 -0.531425 -1.196253
-1.800702 -0.313953 2.003566
-0.753752 -0.394734 -0.159679
-1.239177 0.035617 1.059382
-0.345518 -0.306081 -1.278353
-1.441950 0.146015 1.713303
-0.663931 -0.123468 -0.673569
-0.932436 0.349657 0.727177
-0.266531 0.030767 -1.530353
-0.848640 0.381557 1.315277
-0.026910 0.230249 -0.847368
-0.109344 0.404198 0.602063
0.520535 0.356536 -1.218537
-0.180039 0.511634 1.003077
0.234177 0.360271 -0.430569
-0.115916 0.121462 0.614603
0.248456 0.249853 -0.612123
0.063867 -0.094655 0.540241
0.324658 0.122971 -0.442052
0.365283 -0.148907 -0.099775
-0.231523 -0.697319 0.301015
-0.582726 -0.605717 0.474775
-0.687239 -0.640930 -0.018571
-0.898341 -0.606952 0.986155
-0.875101 -0.268616 -0.145524
-0.915274 0.013526 0.692699
-0.406017 -0.357973 -0.328942
-0.759290 -0.261209 0.899254
-0.969864 -0.010472 -0.441641
-1.051036 0.198115 0.961284
-0.630784 0.134984 -0.735953
-0.907457 0.086582 0.944972
-1.137378 0.270229 -0.603650
-1.443749 0.428982 0.771144
-0.693212 0.198894 -1.185516
-1.028257 0.649333 0.591218
-0.804954 0.479183 -1.112835
-1.273468 0.853034 0.896255
-0.432991 0.553442 -1.396845
-0.751011 0.773293 0.480216
-0.337540 0.765833 -1.040315
-0.965652 0.901066 1.083089
-0.115390 0.678257 -1.070569
-0.472017 0.989252 0.709087
-0.071418 0.938741 -1.070788
-0.830411 1.309814 1.302246
-0.402126 0.908250 -0.937770
-0.716198 1.209361 0.947315
-0.283472 1.522545 -1.250357
-0.330117 1.318949 0.531056
-0.196018 1.247927 -0.144575
0.278347 0.866516 -0.084755
-0.086841 -0.823918 0.273694
-0.474977 -1.106656 0.553814
-0.238730 -1.472444 0.498678
-0.478242 -1.244139 0.597504
0.001126 -1.558917 -0.229888
-0.667741 -1.317632 1.383324
-0.238059 -1.129388 0.248560
-0.695392 -0.763888 0.823256
-0.489831 -1.085579 -0.141979
-1.082685 -0.866906 1.495871
-0.462398 -0.477529 0.463128
-0.727801 -0.412619 1.251540
-0.463810 -0.463549 -0.007586
-1.146379 -0.318379 1.710246
-0.513385 -0.116537 0.515367
-0.763716 -0.043576 1.073521
-0.454654 -0.256975 -0.203152
-0.820355 -0.125159 1.389134
-0.297450 0.077777 0.094075
-0.320733 0.318326 0.673569
0.064236 0.141472 -0.628365
-0.110176 0.235321 0.629867
0.415525 0.233653 -0.348449
0.235825 0.290101 0.105847
0.515152 0.208558 -0.494732
0.392432 -0.006687 0.292335
0.807692 0.101495 -0.328661
0.267124 -0.062324 0.387468
0.206124 -0.006907 -0.347066
-0.000281 -0.453908 0.345802
0.311900 -0.338700 -0.192957
0.240543 -0.416100 0.216887
-0.168203 -0.668870 0.505996
-0.463109 -0.459093 0.562040
-0.516969 -0.632433 0.031630
-0.877031 -0.586093 0.939151
-0.864884 -0.299093 -0.140537
-0.497311 -0.104454 0.383469
-0.051931 -0.206952 -0.835932
-0.537206 -0.321008 1.218181
-0.709114 0.013480 -0.578282
-0.614304 0.039613 0.581838
-0.127230 0.173412 -1.304108
-0.776621 0.145896 1.138562
-0.879550 0.245408 -0.916215
-0.959542 0.361932 0.344822
-0.204405 0.243112 -1.702145
-0.840552 0.534497 0.964492
-0.518404 0.336238 -0.937054
-0.401064 0.607846 0.340055
0.235767 0.518165 -1.783390
-0.491502 0.681576 0.913939
-0.064696 0.385623 -1.050170
0.019627 0.678368 0.288351
0.748522 0.719863 -1.437022
-0.054490 0.846536 0.651696
0.279082 0.445911 -0.724130
0.119598 0.777499 0.345417
0.489251 1.155959 -1.502073
0.051765 1.089139 0.250225
0.089896 0.831056 -0.826863
-0.126790 0.557554 0.333522
0.118502 1.129555 -0.824797
0.420350 0.653743 -0.453821
0.014775 -0.764215 0.474622
-0.313268 -0.927498 0.812390
-0.087065 -1.188027 0.585438
-0.179916 -1.256851 0.992066
0.520099 -1.318421 -0.349847
-0.238950 -1.154864 1.867434
0.435650 -1.028184 0.511340
0.195732 -0.761611 1.473689
0.950420 -0.911599 -0.725110
-0.569687 -0.809121 2.405547
0.316324 -0.642877 0.377258
-0.177344 -0.310333 1.752761
0.656808 -0.410197 -0.870071
-0.859413 -0.255052 2.734617
0.142902 -0.132665 0.055710
-0.289005 0.067382 1.653474
0.503746 0.046844 -1.216551
-0.666622 0.261942 2.223781
0.316741 0.191143 -0.155979
-0.061069 0.393241 1.208544
0.631215 0.334371 -1.112212
-0.451258 0.478447 1.482218
0.453832 0.233647 -0.351051
0.332255 0.380207 0.448169
0.761622 0.372438 -0.926904
0.399860 0.416262 0.278483
0.760037 0.176512 -0.219505
0.420209 -0.230680 0.376754
0.411179 0.088873 -0.454811
0.115344 -0.547067 0.347365
0.350289 -0.403164 -0.141542
0.371987 -0.811917 -0.132545
-0.049667 -0.570886 0.685403
-0.260177 -0.349470 0.674330
-0.375826 -0.533359 0.463016
-0.573693 -0.573773 0.582559
-0.497611 -0.350501 0.263227
-0.558378 -0.173234 0.391732
-0.205606 -0.328352 0.004244
-0.438228 -0.308881 0.533934
-0.122486 -0.062058 -0.029787
-0.488196 0.159372 0.631394
0.039716 0.007290 -0.296568
-0.359875 0.006953 0.748526
-0.177734 0.232212 -0.458221
-0.825120 0.546798 0.378561
-0.086361 0.259423 -0.494702
-0.321054 0.394725 0.410126
0.251781 0.453991 -0.700552
-0.516017 0.665913 0.492506
0.053916 0.398951 -0.612004
-0.159237 0.651703 0.425554
0.437839 0.558723 -0.983245
-0.195201 0.893936 0.863865
0.211224 0.431561 -0.733104
0.167563 0.801268 0.656033
0.686472 0.760363 -0.839738
0.062626 1.026698 1.007748
-0.091185 0.572243 -0.662815
-0.195993 0.583090 0.618649
0.088227 0.957570 -1.262287
-0.146834 0.151092 0.109674
-0.244444 0.070739 -0.447307
0.170703 0.007511 -0.355907
0.254373 -0.631377 0.736614
0.060985 -0.777416 0.863437
0.288660 -0.963185 1.033663
-0.012821 -1.151684 0.823429
0.267366 -1.189549 0.599649
-0.066518 -1.048161 1.225942
0.180728 -0.744294 0.859843
0.017392 -0.783036 0.981386
0.210822 -1.001021 0.597984
-0.259896 -0.795056 1.543007
0.004694 -0.556346 0.417614
-0.326116 -0.336049 1.018799
0.032726 -0.524596 0.559062
-0.494561 -0.350483 1.585756
-0.267438 -0.106645 0.159094
-0.672020 0.134459 0.654480
-0.334617 -0.025633 0.242868
-0.578421 0.065046 1.130427
-0.374897 0.161290 -0.169688
-0.664252 0.386906 0.458462
-0.427025 0.184183 0.056141
-0.416591 0.080284 0.763505
0.093947 0.092783 -0.449850
-0.267030 0.263883 0.170099
0.217672 0.079701 -0.275163
0.219160 -0.063708 0.233888
0.388676 0.042893 -0.509721
-0.096968 -0.164188 0.202363
-0.025035 -0.077654 -0.121336
-0.241270 -0.668371 0.205812
-0.063599 -0.810177 -0.100711
0.034296 -0.929964 -0.009118
-0.005661 -0.411613 0.668636
-0.194100 -0.235356 0.605098
-0.396777 -0.385913 0.116627
-0.602124 -0.422869 0.590509
-0.711091 -0.235967 -0.070047
-0.396932 -0.163517 0.267697
0.002664 -0.369773 -0.572886
-0.309626 -0.301421 0.834913
-0.385630 -0.249942 -0.599244
-0.208311 -0.048396 0.262208
0.442748 -0.249932 -0.998827
-0.050132 0.006431 1.126310
-0.224589 -0.019564 -0.832021
-0.306940 0.213498 0.223891
0.283830 0.002759 -1.216876
-0.261454 0.266251 0.959969
-0.384203 0.153484 -0.683426
-0.427755 0.443014 0.216479
0.149132 0.301075 -1.124551
-0.278733 0.520403 0.926884
-0.083340 0.081361 -0.832777
0.136788 0.577742 0.469927
0.873053 0.654404 -1.336370
0.237517 0.932226 1.317242
0.243095 0.360082 -0.832630
0.092766 0.595205 0.760638
0.242269 0.962279 -1.069080
-0.322682 0.574722 0.644960
-0.642287 -0.112871 -0.626090
-0.678395 -0.232200 0.141625
-0.653800 0.022678 -0.763433
0.026729 -0.010641 -0.305680
0.243994 -0.466915 0.655047
-0.029967 -0.590945 0.966303
0.103532 -0.852455 0.900242
-0.042898 -0.973937 1.132869
0.599572 -1.082448 0.304011
-0.021889 -0.861095 1.834162
0.495967 -0.878046 0.513290
0.192690 -0.713627 1.316117
0.889240 -0.969941 -0.591018
-0.181382 -0.681924 2.009861
0.646720 -0.639627 -0.185410
0.248640 -0.349174 1.419893
1.113441 -0.487951 -0.796496
-0.265375 -0.224390 2.240566
0.612394 -0.209949 -0.440215
0.100715 0.019952 1.256571
0.959739 -0.005279 -0.939893
-0.191768 0.195753 1.929538
0.712285 0.102600 -0.568941
0.330327 0.275754 1.050846
1.130423 0.177853 -0.924826
0.223108 0.480817 1.657575
1.050915 0.087791 -0.550027
0.677695 0.465656 0.812573
1.199580 0.366714 -1.150680
0.211186 0.509769 0.883310
0.387895 0.117267 -0.416603
-0.247659 -0.269737 0.546977
-0.267833 -0.137537 -0.367841
-0.461575 -0.617772 0.443104
-0.292329 -0.629289 -0.048782
0.042054 -0.950178 -0.023361
-0.025347 -0.420937 0.481623
-0.308695 -0.255055 0.482225
-0.492374 -0.298999 0.117826
-0.628227 -0.408512 0.393793
-0.564937 -0.400021 0.102951
-0.762584 -0.271681 0.191526
-0.527385 -0.342127 -0.223341
-0.355608 -0.277270 0.341350
0.091086 -0.331863 -0.302517
-0.414139 -0.074176 0.252723
0.036729 -0.282559 -0.297721
0.327890 -0.037499 0.469929
1.056807 -0.103714 -0.566591
0.277552 0.212263 0.100081
0.598026 0.073081 -0.454176
0.584767 0.289156 0.407772
1.225195 0.250155 -0.595322
0.528364 0.493783 0.046386
0.584086 0.414752 -0.458263
0.502340 0.722941 0.234320
1.144862 0.543539 -0.806825
0.798494 0.955299 0.205187
0.722658 0.654857 -0.328611
0.477854 0.998065 0.708673
0.736704 0.858383 -0.712440
0.233837 1.093264 0.731513
-0.340287 0.709847 -0.322254
-0.575917 0.500412 0.543591
-0.544516 0.627377 -0.816697
-0.286036 0.008467 0.221195
-0.471097 0.067771 -0.057436
0.234541 -0.061411 -0.195945
0.079555 -0.378321 0.554563
-0.204791 -0.527220 0.744092
-0.130964 -0.788586 0.915368
-0.437149 -0.803665 0.804150
-0.124712 -0.930210 0.610976
-0.343680 -0.767453 1.091018
-0.025428 -0.756682 0.905076
-0.238525 -0.590703 0.968191
0.093192 -0.877901 0.666640
-0.201541 -0.597216 1.262760
0.085933 -0.635349 0.548115
-0.024622 -0.308767 0.978871
0.188125 -0.497472 0.633922
-0.074519 -0.270627 1.323197
0.104526 -0.276575 0.211908
-0.000958 0.056598 0.896377
-0.012874 -0.085547 0.217730
-0.116762 0.032398 1.052258
0.012416 -0.008697 -0.118379
-0.133044 0.198767 0.611119
-0.097751 0.108286 -0.170320
0.038173 0.255971 0.629448
0.111396 0.171072 -0.392868
0.243971 0.551733 0.385434
0.208511 0.275941 -0.177689
0.203141 0.346265 0.514616
0.256231 0.071901 -0.260627
-0.227668 -0.121468 0.473431
-0.183608 -0.068524 0.116859
-0.169177 -0.367988 0.138533
0.028972 -0.621720 -0.144217
0.156870 -0.423857 0.197136
0.064728 -0.311093 0.606915
-0.256424 -0.269133 0.660971
-0.377022 -0.273311 0.355933
-0.534884 -0.393881 0.646637
-0.665243 -0.236741 0.418034
-0.502265 -0.240735 0.492165
-0.340692 -0.362924 0.116328
-0.438227 -0.402334 0.742148
-0.640323 -0.265591 0.220260
-0.332976 -0.187075 0.598791
-0.075893 -0.319821 0.112055
-0.045340 -0.235457 0.771104
-0.158770 -0.078451 0.226695
0.197212 0.042170 0.478455
0.565112 -0.071774 -0.057684
0.348241 0.068804 0.672153
0.184719 0.113875 -0.019627
0.337916 0.241165 0.152820
0.557745 0.252902 -0.315979
0.311475 0.551792 0.261835
0.370242 0.496913 -0.203917
0.741020 0.693046 0.108521
0.924941 0.623896 -0.263010
0.632270 0.795256 0.494278
0.371761 0.544400 0.001590
0.349985 0.748256 0.234570
0.062566 0.732047 -0.368878
-0.013077 0.592377 0.324506
-0.192163 0.501770 -0.236588
-0.007378 0.347391 0.253507
-0.207159 0.481224 0.037999
0.368975 0.081625 0.065542
0.419017 -0.356101 0.376797
0.192621 -0.362512 0.733208
0.239487 -0.512074 0.913106
0.151034 -0.493389 0.934953
0.244400 -0.449837 0.899938
0.204478 -0.435837 1.094140
0.231040 -0.403295 1.024179
0.290269 -0.388160 1.001257
0.180483 -0.364136 0.778832
0.129696 -0.309616 1.068055
0.198362 -0.291159 0.944799
0.267116 -0.286917 0.966830
0.191711 -0.304573 0.612924
0.068913 -0.150422 0.891975
0.270539 -0.102357 0.658276
0.330986 -0.001722 0.663835
0.266621 -0.081146 0.263302
0.047515 0.024105 0.662846
0.317970 -0.037778 0.233782
0.255668 0.086567 0.307629
0.250564 0.082633 -0.056772
0.187657 0.417558 0.412475
0.512475 0.313560 0.017731
0.597400 0.471289 0.164394
0.492660 0.357578 -0.021779
0.397342 0.474549 0.437706
0.402773 0.215174 0.208562
0.444426 0.155265 0.222342
0.352216 0.060659 0.168123
0.428029 0.047769 0.490397
0.526933 -0.201742 0.287229
0.490314 -0.096653 0.377390
