0.765998 -0.137377 -0.558604
0.579861 -0.106330 -0.499555
0.580716 -0.216327 -0.040575
0.390969 0.248173 -0.480273
0.482433 -0.307348 0.547592
0.820715 0.433251 -0.370164
0.373702 -0.007226 0.490408
0.455089 0.375851 0.098736
0.899585 0.249409 -0.311262
0.409911 0.308620 -0.255691
0.341027 0.203898 0.487589
0.443117 0.135280 0.402199
0.315213 0.306103 0.647441
0.493055 0.035994 0.928148
0.275255 0.295558 0.482239
0.930589 -0.340688 -0.334319
0.500573 -0.132384 -0.609705
0.743028 -0.303144 -0.246218
0.354129 0.178621 -0.105440
0.350059 0.308043 -0.593719
0.535682 -0.194360 0.503935
0.673729 0.454819 -0.244316
0.606390 0.190222 -0.481594
0.429913 0.057636 -0.629890
0.329476 0.030549 0.674948
0.610411 -0.054501 0.827652
0.322951 0.322325 -0.152145
0.618501 -0.274313 0.398828
0.295685 0.199773 -0.247576
0.547129 -0.092025 -0.402422
0.276403 0.199293 -0.680903
0.440066 0.063059 -0.528142
0.560232 0.248291 -0.582569
0.517764 -0.021439 -0.540149
0.665217 0.056151 -0.625746
0.562594 0.257087 -0.335633
0.886212 -0.186414 -0.238071
0.454444 0.149771 -0.643215
0.521507 0.126846 0.718091
0.435266 0.214454 -0.533419
0.367809 0.167747 0.327541
0.396587 0.238647 0.363106
0.427426 -0.299143 0.413582
0.376401 -0.160499 -0.686645
0.370024 0.085445 -0.323474
0.414981 -0.143426 -0.452502
0.216283 -0.191079 0.360759
0.617319 0.203849 0.650808
0.322547 0.182917 -0.502250
0.692292 -0.140744 0.672789
0.915322 -0.238959 -0.076351
0.509666 0.164452 -0.353278
0.419502 0.311293 0.279390
0.363204 -0.058705 0.822424
0.407590 -0.175000 0.513040
0.618214 -0.177758 0.468172
0.970851 -0.079027 -0.616878
0.485732 0.398743 0.264324
0.261754 0.193274 -0.575078
0.718483 0.100673 -0.479002
0.380458 -0.000911 -0.733232
0.474351 0.329444 -0.616209
0.328386 -0.191045 0.132617
0.446477 -0.248043 0.090076
0.408743 -0.113096 -0.325718
0.635008 -0.067385 -0.689379
0.297839 0.251930 0.152063
0.378577 0.044834 0.754678
0.452416 0.390179 0.474869
0.248380 0.135756 0.734647
0.539113 0.350852 0.377697
0.626243 0.115081 -0.524107
0.261843 0.101813 0.563056
0.520635 -0.109157 0.581303
0.876405 0.326894 -0.742015
0.510717 0.029256 -0.424877
0.514486 -0.020127 0.588849
0.464174 -0.083834 -0.497109
0.396537 -0.075057 0.624829
0.458306 0.368672 -0.138217
0.467427 -0.155169 -0.347610
0.327581 -0.116451 0.424127
0.951084 0.188984 -0.493806
0.111027 0.046859 0.613657
0.505090 -0.178349 -0.491287
0.364966 0.001477 -0.633261
0.631909 -0.176143 -0.491053
0.676806 -0.073440 -0.511367
0.292945 0.292175 -0.322585
0.874017 0.028639 -0.446954
0.136437 -0.115148 0.441173
0.675388 -0.316475 -0.072278
0.461266 0.211874 0.780427
0.233962 0.087309 0.445596
0.585862 0.089978 0.500081
0.627471 0.045022 0.617943
0.404266 -0.227955 -0.313585
0.711875 0.193937 -0.834576
0.552177 -0.167910 -0.221507
0.433119 -0.066785 -0.610131
0.285528 0.105413 0.279882
0.391444 0.312549 0.033601
0.691057 -0.014978 -0.528622
0.520051 -0.199075 0.815187
0.493001 -0.011680 -0.653010
0.681957 0.373696 -0.649352
0.318281 0.183604 0.093877
0.427161 0.330991 -0.324027
0.411138 0.037750 0.558109
0.539123 0.079660 -0.715046
0.254102 0.244264 -0.024839
0.568657 -0.072419 -0.601808
0.439853 -0.161920 0.589338
0.494855 0.252801 0.287153
0.713155 -0.137019 -0.396268
0.284189 0.005058 -0.451425
0.333473 -0.254909 0.605003
0.604692 0.029573 -0.482680
0.702856 0.203096 -0.572460
0.351436 0.304151 -0.431399
0.533845 -0.245853 0.336914
0.480574 -0.300929 0.208399
0.588108 -0.254617 -0.732760
0.547267 0.258621 -0.225101
0.599622 0.090773 -0.368165
0.509403 0.316360 -0.130154
0.505443 0.134894 -0.544795
0.479327 0.231601 0.544793
0.587051 -0.363122 -0.387409
0.260925 0.161055 -0.402138
0.582885 0.248846 -0.472441
0.413780 -0.278220 -0.582305
0.368544 0.255599 -0.376574
0.596535 0.352765 0.209231
0.273208 -0.092338 -0.746557
0.444146 -0.231760 0.737994
0.546528 0.331287 0.072129
0.362045 0.217543 0.220477
0.339780 -0.010255 -0.556035
0.598490 0.395045 -0.481883
0.854013 -0.183862 -0.832430
0.270985 0.262801 -0.513266
0.196812 -0.171324 0.590121
0.407656 0.179955 -0.449367
0.459561 0.063783 0.624819
0.457333 -0.123795 0.395141
0.379667 0.140786 -0.539920
0.321289 -0.151095 0.723086
0.258439 0.190943 0.256182
0.430417 0.299192 -0.077381
0.838523 -0.003660 -0.331307
0.674427 0.304328 -0.463512
0.462768 0.155163 -0.486124
0.575234 0.013490 -0.882337
0.422148 -0.102214 -0.794845
0.377970 0.147276 0.550571
0.485258 0.297479 0.157084
0.290039 0.234743 -0.398891
0.967523 -0.296711 -0.596009
0.234485 0.196193 0.655502
0.246086 -0.077885 -0.556854
0.941037 0.066693 -0.842384
0.715305 0.150358 -0.313761
0.408503 0.223058 0.608495
0.464234 0.245520 -0.422707
0.624031 0.338605 -0.377653
0.632641 -0.034183 -0.426001
0.465511 0.241510 -0.297883
0.629809 0.202593 -0.373556
0.389159 -0.073644 -0.570895
0.586301 0.242373 0.314132
0.268711 0.216443 0.430212
0.367644 0.151119 0.660463
0.518347 0.418711 -0.003049
0.607836 0.019711 -0.629364
0.452969 0.286193 0.386099
0.665846 0.258627 -0.323143
0.682295 0.037830 -0.404008
0.420644 -0.224976 -0.124787
0.459473 -0.063436 0.472690
0.771008 0.309374 -0.225106
0.382888 0.243030 -0.215859
0.483850 0.334294 -0.252393
0.736389 0.219955 -0.455428
0.383040 -0.008046 0.367822
0.532607 -0.246605 -0.361746
0.973302 0.367163 -0.502067
0.318767 0.116135 -0.618771
0.470478 -0.064401 0.696760
0.392021 0.162810 -0.595617
0.371671 0.147595 -0.814779
0.556669 0.189929 -0.446377
0.657471 -0.222433 -0.591076
0.524430 0.243617 -0.737851
0.161395 0.193600 0.552424
0.493222 0.075969 0.442872
0.625840 -0.208512 -0.374564
0.521497 -0.270369 -0.179007
0.287578 -0.157403 0.000642
0.786405 0.102106 -0.609522
0.668788 0.210440 0.394219
0.495391 0.351722 -0.371252
0.533957 0.158145 0.428883
0.332816 0.121265 0.450954
0.716708 -0.268959 -0.423759
0.550627 0.324434 0.544055
0.328449 0.218194 -0.590760
0.462724 0.206896 0.413603
0.317760 -0.060837 0.576821
0.879556 -0.129712 -0.428462
0.559037 0.355394 -0.297154
0.586117 0.375484 -0.183337
0.524086 0.273357 -0.432756
0.495446 0.138421 0.571517
0.225501 0.286869 0.338230
0.387365 -0.182596 -0.537314
0.334051 0.190637 -0.358127
0.576165 0.153387 -0.632612
0.361138 0.248526 -0.698761
0.699644 0.286537 -0.057271
0.273667 0.099646 -0.774988
0.339144 0.345338 0.370219
0.229769 0.131757 -0.555714
0.392663 -0.221138 0.382649
0.191672 -0.060548 0.700523
0.562924 -0.044810 0.454716
0.456191 -0.264984 -0.440344
0.239748 0.028967 -0.662623
0.565678 -0.242182 0.658508
0.570839 -0.307915 -0.535275
0.642251 0.223686 -0.218565
0.726999 -0.021788 -0.606029
0.345750 -0.187853 -0.207378
0.345580 0.083001 -0.486399
0.402289 -0.031839 -0.462118
0.551101 0.061922 -0.570718
0.312952 -0.247412 0.258446
0.412335 0.246225 0.093402
0.239386 -0.053406 -0.161217
0.337405 0.086550 -0.206581
0.483619 0.236746 -0.536338
0.315714 -0.215398 0.530813
0.457932 -0.300764 -0.283094
0.859389 0.394991 -0.102777
0.312409 -0.112694 -0.481006
0.389529 0.292444 0.493573
0.106812 0.124447 0.345722
0.655371 -0.106720 -0.273520
0.323925 -0.012707 -0.308191
0.281242 -0.135938 -0.347401
0.310132 -0.139093 -0.602131
0.619372 -0.249172 -0.265924
0.346211 -0.227402 -0.422680
0.319667 0.341374 0.204554
0.462773 0.308452 -0.492672
0.203584 -0.037344 0.258332
0.226410 0.068133 -0.384199
0.157987 0.191088 -0.157654
0.093446 0.236334 -0.357368
0.029541 0.388709 0.007262
0.036143 0.256517 -0.369982
0.026532 0.468648 -0.055274
0.123134 0.217232 -0.375797
0.032446 0.393905 0.194091
-0.086276 0.117960 -0.297417
-0.037345 0.392736 0.056077
0.029180 0.204270 -0.508984
-0.017850 0.432267 0.083530
-0.249023 0.203910 -0.409659
-0.162319 0.417722 -0.377090
-0.210017 0.240392 -0.824782
-0.205109 0.474605 -0.376785
-0.412679 0.436086 -0.631568
-0.298698 0.562012 -0.438565
-0.269065 0.471104 -0.855419
-0.072990 0.481556 -0.390248
-0.170866 0.474199 -0.557692
-0.095922 0.551992 -0.273499
-0.072385 0.481420 -0.673412
0.045960 0.472360 -0.099031
-0.018003 0.604594 -0.422519
-0.004461 0.674015 -0.131885
0.165646 0.611584 -0.563078
0.229602 0.577775 -0.087988
0.192722 0.643229 -0.310814
0.261928 0.687626 -0.028609
0.495665 0.608045 -0.206373
0.603021 0.344030 -0.228169
0.131734 -0.278203 -0.457198
-0.229984 -0.289725 0.049952
-0.013048 -0.347307 -0.555998
-0.407590 -0.215476 0.096560
-0.125951 -0.385646 -0.613634
-0.526628 -0.316184 0.268875
-0.238530 -0.404690 -0.349047
-0.482559 -0.316915 0.071858
-0.290154 -0.528412 -0.618292
-0.527579 -0.378594 0.396630
-0.204687 -0.476872 -0.429125
-0.390916 -0.249143 0.179257
-0.266404 -0.359210 -0.543324
-0.549903 -0.261331 0.383400
-0.313824 -0.467032 -0.275748
-0.424555 -0.366246 -0.099733
-0.125317 -0.380930 -0.619061
-0.357248 -0.269395 0.322879
-0.029533 -0.390082 -0.192848
-0.108513 -0.293008 -0.032955
0.308775 -0.281126 -0.533840
0.051007 -0.294970 0.541116
0.345287 -0.464893 -0.083748
0.259181 -0.358580 0.233713
0.743714 -0.296647 -0.314354
0.566864 -0.257191 0.687003
0.797506 -0.355787 0.012627
0.633440 -0.296514 0.199377
0.960924 -0.263340 -0.326485
0.685992 -0.177710 0.329324
0.835098 -0.292011 -0.078856
0.562742 -0.117094 -0.044768
-0.183734 -0.067196 -0.398517
-0.406704 0.209154 0.238660
-0.632583 0.195845 -0.869406
-0.649049 0.399602 0.210544
-0.865632 0.244528 -0.771882
-0.669080 0.691056 -0.045659
-0.700869 0.184219 -0.949501
-0.678211 0.356824 0.031824
-1.060325 -0.057713 -0.711284
-0.748544 0.404819 0.003948
-0.845086 0.050978 -0.960090
-0.574508 0.272278 0.019630
-1.216442 0.010739 -0.757423
-1.030358 0.390877 -0.508561
-1.601437 0.210289 -1.255241
-1.292467 0.358105 -0.345610
-1.658602 0.365156 -0.908615
-1.439937 0.563139 -0.618134
-1.556643 0.489255 -1.202070
-1.261297 0.612351 -0.271871
-1.326999 0.568355 -0.684579
-1.091639 0.573867 -0.471066
-1.040509 0.590015 -1.009190
-0.891263 0.706676 -0.091224
-0.804166 0.752905 -0.588888
-0.702081 0.762086 -0.293703
-0.639418 0.861248 -0.834330
-0.574496 0.973938 -0.101569
-0.377271 0.913508 -0.482239
-0.066780 0.921214 -0.089196
0.065354 0.910049 -0.476990
0.450774 0.714743 -0.426392
0.017360 -0.342088 -0.370969
-0.446701 -0.300247 0.202041
-0.363390 -0.409349 -0.504910
-0.459451 -0.310088 0.181544
-0.279702 -0.529371 -0.714012
-0.599988 -0.424486 0.521871
-0.412686 -0.528875 -0.521789
-0.578765 -0.375393 0.050789
-0.574989 -0.638999 -0.900888
-0.875695 -0.608144 0.300444
-0.703199 -0.734410 -0.641337
-0.893207 -0.468382 -0.031288
-0.961140 -0.604010 -1.012646
-1.175483 -0.379390 0.580228
-1.031008 -0.406875 -0.332244
-1.134379 -0.185634 0.218616
-0.838299 -0.305659 -0.744779
-1.042582 -0.146450 0.733602
-0.668311 -0.278765 -0.160643
-0.655174 -0.043658 0.332738
-0.260313 -0.165118 -0.738443
-0.285029 0.009887 0.540410
0.012458 -0.154046 -0.084959
0.050059 -0.148856 0.450701
0.236708 -0.183406 -0.372358
0.217168 -0.041364 0.483783
0.541806 -0.153853 0.040959
0.512912 -0.298843 0.417951
0.601045 -0.075454 -0.296002
0.582289 -0.052998 0.302920
0.839982 -0.234390 -0.128507
0.749768 -0.209175 0.310326
-0.315497 -0.040851 -0.166434
-0.602798 0.234148 0.238758
-1.118843 0.243680 -0.416352
-1.088019 0.429995 0.137444
-1.339918 0.381825 -0.351476
-1.174948 0.563985 -0.145791
-1.164871 0.143880 -0.642489
-1.002323 0.019419 -0.291868
-1.258121 -0.208581 -0.543476
-1.086730 0.114680 -0.339252
-1.329005 -0.072292 -0.672944
-1.051623 -0.040728 -0.026460
-1.557887 -0.054537 -0.277775
-1.394993 0.156650 -0.226645
-1.751288 0.216912 -0.892775
-1.639200 0.289813 -0.126106
-1.846688 0.426630 -0.542731
-1.725112 0.584081 -0.037932
-1.719668 0.616483 -0.789357
-1.499014 0.673471 -0.184194
-1.479571 0.682978 -0.433529
-1.220801 0.713933 -0.093006
-1.108398 0.670633 -0.604939
-1.029685 0.613014 -0.134324
-0.994034 0.747211 -0.446310
-0.877094 0.841657 -0.158931
-0.805807 0.895854 -0.530214
-0.784786 0.983705 -0.278476
-0.826892 1.021344 -0.518233
-0.592373 1.108175 -0.031648
-0.311353 1.040323 -0.252700
0.432190 0.786276 -0.406992
-0.199438 -0.308673 -0.254667
-0.871570 -0.369637 0.015593
-0.949012 -0.528262 -0.308868
-1.365009 -0.545028 -0.040341
-1.143038 -0.755411 -0.521924
-1.401238 -0.471249 0.165091
-1.135594 -0.525997 -0.266728
-1.343878 -0.436688 -0.183037
-1.121083 -0.749348 -0.936239
-1.343591 -0.692365 -0.050489
-1.081139 -0.829876 -0.685256
-1.498767 -0.627074 -0.178016
-1.193686 -0.701136 -1.029424
-1.604949 -0.444260 0.482240
-1.220377 -0.398724 -0.520014
-1.468288 -0.157050 0.179833
-1.033420 -0.278320 -0.830038
-1.370199 -0.003617 0.633731
-0.919494 -0.049482 -0.541581
-1.040646 0.196180 0.225919
-0.632418 0.116245 -0.752264
-0.776954 0.185889 0.429876
-0.604499 0.135563 -0.379133
-0.604596 0.186989 0.084334
-0.489572 0.180786 -0.280478
-0.531178 -0.071321 0.330298
-0.244825 -0.475173 0.139745
-0.252320 -0.571086 0.101512
0.122932 -0.194520 -0.094327
0.193778 -0.098464 0.046316
0.813648 -0.281640 0.040450
0.498285 -0.076825 0.141978
-0.402446 -0.078007 0.028520
-0.710284 0.215836 0.317137
-1.145853 0.197857 -0.467292
-1.278060 0.347058 0.418493
-1.450286 0.325589 -0.479610
-1.205193 0.609521 0.048326
-0.848110 0.081439 -0.938961
-0.914208 0.027888 0.372980
-1.122720 -0.236968 -0.960492
-1.109592 0.175657 0.193433
-0.921531 -0.100649 -1.174268
-1.063440 -0.027699 0.599726
-1.449152 -0.132275 -0.864559
-1.643644 0.178076 0.292408
-1.535902 0.072526 -1.475845
-1.734510 0.478226 0.658686
-1.660938 0.287222 -1.161571
-1.905087 0.540554 0.005718
-1.475081 0.476689 -1.395730
-1.624254 0.748556 0.633781
-1.256281 0.616919 -0.923278
-1.262172 0.737999 -0.213193
-0.880418 0.679476 -1.238360
-1.119519 0.738614 0.199834
-0.965788 0.525109 -0.773233
-1.075498 0.712421 -0.409815
-0.790419 0.924930 -1.145986
-1.093362 1.219604 -0.022174
-0.924378 1.129627 -0.632026
-0.894743 1.109698 -0.077398
-0.573048 1.154990 -0.495849
0.104603 0.854612 -0.392515
-0.327097 -0.347023 -0.106537
-1.003568 -0.463766 0.285554
-1.000428 -0.532268 -0.141548
-1.357811 -0.559704 0.101062
-0.931561 -0.802342 -0.791968
-1.318560 -0.608997 0.706814
-0.744431 -0.576899 -0.545495
-1.100122 -0.541089 0.372594
-0.796450 -0.795656 -1.248879
-1.509735 -0.839350 0.994648
-0.823647 -0.768524 -0.997442
-1.462286 -0.584314 0.489123
-0.859518 -0.700190 -1.712045
-1.819657 -0.432576 1.288268
-0.891469 -0.513821 -1.145824
-1.424507 -0.105255 0.708448
-0.749463 -0.226120 -1.575503
-1.620103 0.150425 1.153592
-0.976969 -0.058698 -0.910546
-1.152574 0.200868 0.404284
-0.633236 0.142476 -1.243881
-0.969432 0.458612 0.951476
-0.624323 0.231944 -0.776633
-0.570623 0.267004 0.220732
-0.373756 0.224752 -0.917373
-0.597837 0.073332 0.565011
-0.305602 -0.323449 -0.072482
-0.479158 -0.569602 0.210575
-0.154185 -0.350964 -0.439801
-0.105948 -0.159463 0.225134
0.292028 -0.122828 -0.201329
0.339038 -0.067469 -0.050983
-0.364449 -0.134448 0.275264
-0.806036 0.116911 0.463453
-1.161650 0.089682 -0.172062
-1.342311 0.085539 0.569657
-1.394751 0.128158 -0.225386
-1.287057 0.399688 0.593012
-0.707146 -0.090236 -0.539963
-0.949730 -0.256794 0.590818
-1.162842 -0.262926 -0.566866
-1.516526 0.130595 0.580852
-1.136073 -0.173794 -0.899904
-1.525014 -0.127308 0.593888
-1.510332 -0.177098 -0.668229
-1.844761 0.236319 0.684839
-1.426308 -0.027599 -1.309522
-1.878974 0.401602 0.422809
-1.640708 0.323098 -1.043957
-1.999402 0.656460 0.579849
-1.268498 0.362028 -1.366617
-1.409224 0.751513 0.218321
-1.086101 0.664135 -0.947762
-1.301499 0.854223 0.784248
-0.838485 0.634591 -1.178186
-1.029358 0.773021 0.269174
-0.807992 0.624293 -0.894194
-1.150135 0.598890 0.539970
-0.889992 0.569645 -1.050275
-1.197385 1.171548 0.338008
-0.978998 1.280230 -0.784510
-1.138463 1.345583 0.358190
-0.793597 1.226045 -0.331241
-0.054500 0.862864 -0.316830
-0.255275 -0.396520 0.001098
-0.869538 -0.560749 0.347985
-0.870987 -0.680041 0.294910
-1.310844 -0.723641 0.244798
-0.881001 -1.030882 -0.628893
-1.321741 -0.935788 0.709137
-0.755714 -0.777310 -0.062420
-1.260638 -0.723830 0.473555
-0.803033 -0.853907 -0.675062
-1.447985 -0.868411 1.041927
-0.717486 -0.696071 -0.190219
-1.381712 -0.524786 0.649969
-0.879805 -0.625830 -0.940519
-1.592475 -0.496864 1.112939
-0.851039 -0.346851 -0.161456
-1.266026 -0.211019 0.576821
-0.768114 -0.341618 -1.158666
-1.352649 -0.004470 0.915637
-0.639297 0.086700 -0.397851
-0.830044 0.222870 0.183522
-0.487517 -0.044734 -1.112258
-0.730185 -0.039638 0.641187
-0.550839 0.186633 -0.654629
-0.587876 0.286753 0.114763
-0.291428 0.199696 -0.963430
-0.590954 -0.060957 0.383195
-0.430811 -0.069003 -0.366184
-0.638861 -0.221041 0.189176
-0.366464 0.023058 -0.696311
-0.395259 -0.468872 0.165414
0.001440 -0.614877 -0.148892
0.045218 -0.203356 0.105472
-0.284311 -0.299159 0.376218
-0.794482 -0.090411 0.392637
-1.114410 -0.197051 -0.376180
-1.452712 -0.261158 0.831060
-1.348185 -0.122250 -0.510390
-1.304312 0.057738 0.357122
-0.616549 -0.386917 -1.012961
-1.137461 -0.419682 0.960824
-1.244108 -0.319182 -0.770528
-1.361732 -0.099808 0.480436
-0.891662 -0.303634 -1.407369
-1.325399 -0.183012 1.056569
-1.447211 -0.297644 -1.339773
-1.537370 0.102087 0.553751
-0.939984 -0.034460 -1.809568
-1.513124 0.455580 0.772480
-1.265523 0.201865 -1.459842
-1.548118 0.616362 0.047734
-0.869844 0.440583 -1.769513
-1.513763 0.830612 0.734660
-0.882789 0.500243 -1.474092
-0.941186 0.766546 0.296597
-0.538709 0.830472 -1.635366
-1.228521 0.929290 1.018552
-0.707160 0.631068 -1.211906
-0.885594 0.830707 0.558988
-0.451764 1.314389 -1.707410
-1.090951 1.444835 0.435319
-0.816816 1.312034 -0.877276
-0.839370 1.394274 0.379457
-0.539723 1.344080 -0.676572
0.043947 0.956124 -0.279787
-0.195070 -0.548427 0.218324
-0.825690 -0.732558 0.670916
-0.666361 -0.998342 0.211660
-0.935903 -0.910758 0.450066
-0.144253 -1.255419 -1.005461
-1.074910 -1.040580 1.571305
-0.384527 -1.158025 -0.379484
-0.792980 -0.847912 0.848369
0.068439 -1.082228 -1.454990
-1.357479 -0.839070 1.889933
-0.530891 -0.805637 -0.590713
-1.059140 -0.420567 1.150203
-0.164618 -0.734020 -1.533166
-1.475778 -0.411018 2.020535
-0.537077 -0.510021 -0.428857
-1.004354 -0.047079 1.049701
-0.251884 -0.369737 -1.431129
-1.268651 0.104315 1.653906
-0.548430 -0.106426 -0.650356
-0.679259 0.313350 0.656779
-0.048880 0.003918 -1.378391
-0.609463 0.392089 1.355025
0.119551 0.201537 -0.801157
-0.027628 0.417040 0.626261
0.544078 0.303222 -1.117316
-0.161418 0.427514 1.072294
0.174024 0.081608 -0.383465
-0.173428 -0.151638 0.757423
0.127312 -0.038663 -0.605245
0.007130 -0.169721 0.628324
0.242959 0.039844 -0.382954
0.344625 -0.237542 0.011626
-0.214435 -0.433030 0.572872
-0.598718 -0.161506 0.657893
-0.737006 -0.354407 0.193093
-0.975554 -0.417107 0.936583
-1.014001 -0.226073 0.089753
-0.979887 -0.129059 0.612803
-0.490776 -0.498172 -0.345449
-0.814181 -0.379205 0.953958
-0.888611 -0.218666 -0.259772
-0.948677 -0.080567 0.882482
-0.466228 -0.195859 -0.996558
-0.796902 -0.002561 0.919998
-0.911024 0.061855 -0.827730
-1.222743 0.331257 0.751842
-0.453008 0.100265 -1.260286
-0.817840 0.545661 0.645790
-0.641970 0.448582 -1.024549
-1.156950 0.751744 0.909624
-0.431100 0.500864 -1.296138
-0.761917 0.757314 0.547894
-0.424913 0.748872 -0.965634
-0.971803 0.865500 1.097233
-0.164586 0.654704 -1.089498
-0.437375 0.913864 0.720950
-0.110165 0.831764 -1.037305
-0.853563 1.207645 1.298773
-0.420798 0.769381 -0.959725
-0.703511 0.893312 1.050722
-0.315567 1.426336 -1.183125
-0.370469 1.280394 0.577808
-0.192391 1.196396 -0.086722
0.276917 0.846050 0.005667
-0.020574 -0.626760 0.371997
-0.391023 -0.788187 0.624871
-0.105743 -0.963444 0.673644
-0.437021 -1.041165 0.648155
0.042212 -1.394647 -0.106144
-0.680494 -1.063592 1.271054
-0.249837 -1.021071 0.439715
-0.646981 -0.886508 0.821734
-0.274202 -1.086176 -0.125303
-0.918065 -0.852391 1.436150
-0.249447 -0.627578 0.531960
-0.487989 -0.433789 1.251157
-0.128411 -0.610056 -0.161824
-0.912929 -0.427094 1.564925
-0.354410 -0.292261 0.289442
-0.610116 -0.124549 0.900056
-0.329408 -0.434852 -0.514217
-0.702215 -0.297490 1.238602
-0.198967 0.042486 -0.134132
-0.240232 0.238692 0.609285
0.049332 0.038910 -0.645840
-0.099649 -0.021060 0.735519
0.346595 0.163855 -0.333603
0.226346 0.260184 0.133324
0.409276 0.184934 -0.411995
0.288972 -0.019105 0.405652
0.662411 0.015351 -0.277385
0.137930 -0.093594 0.439140
0.075823 -0.129460 -0.313762
-0.129889 -0.501533 0.485026
0.219060 -0.352141 -0.103612
0.212850 -0.422014 0.307025
-0.188398 -0.433009 0.590053
-0.531317 -0.227189 0.584454
-0.626720 -0.393873 -0.032889
-1.066025 -0.538780 0.959889
-1.045087 -0.265127 -0.176537
-0.706651 -0.231451 0.414444
-0.244423 -0.348435 -0.826037
-0.644984 -0.376856 1.221484
-0.706877 -0.174063 -0.581096
-0.507677 -0.159795 0.654500
0.069525 -0.061377 -1.481976
-0.446657 0.055245 1.026352
-0.477720 0.095779 -1.076549
-0.659280 0.242359 0.347154
0.063582 0.111511 -1.857544
-0.651965 0.526792 0.941768
-0.373548 0.318314 -1.013798
-0.400572 0.537496 0.364367
0.108771 0.503519 -1.582687
-0.679776 0.660253 0.898380
-0.339379 0.384796 -1.074933
-0.183082 0.600798 0.196037
0.526247 0.664570 -1.406642
-0.180493 0.791077 0.773427
0.118077 0.354965 -0.744869
-0.002690 0.539699 0.380433
0.386216 1.069427 -1.531860
-0.073058 1.062737 0.339023
0.002430 0.812487 -0.754848
-0.198120 0.619252 0.398663
0.099728 1.139762 -0.816364
0.395372 0.694786 -0.388131
0.050696 -0.572753 0.459370
-0.303872 -0.705611 0.878650
-0.047609 -0.986906 0.631179
-0.199808 -1.052206 0.963851
0.657243 -1.251745 -0.563214
-0.246462 -1.055404 1.923047
0.473383 -0.961681 0.482505
0.147132 -0.771566 1.523359
0.947505 -0.914505 -0.807780
-0.522170 -0.788704 2.397821
0.396821 -0.625721 0.348250
-0.072560 -0.297987 1.828437
0.810324 -0.444573 -0.897015
-0.558779 -0.252785 2.599579
0.376151 -0.253660 -0.147936
-0.037796 0.045215 1.683231
0.654646 -0.052349 -1.252635
-0.433135 0.246796 2.068313
0.355262 0.073738 -0.301268
-0.034191 0.380219 1.200409
0.533312 0.305213 -1.038969
-0.394869 0.507450 1.517329
0.310439 0.210233 -0.316482
0.169847 0.359092 0.477116
0.553414 0.336696 -0.934430
0.186883 0.383371 0.532100
0.571318 0.124997 -0.124237
0.185546 -0.318226 0.552263
0.235132 -0.038500 -0.396973
-0.056875 -0.531597 0.486117
0.228164 -0.397749 -0.069626
0.317633 -0.812510 -0.077248
-0.105711 -0.439163 0.647739
-0.376745 -0.212816 0.638007
-0.440345 -0.392654 0.254089
-0.710655 -0.531694 0.607611
-0.619054 -0.344604 0.256162
-0.645985 -0.239760 0.415378
-0.246538 -0.400302 -0.022858
-0.446290 -0.357113 0.579181
-0.175449 -0.187583 0.079569
-0.432123 0.074060 0.622409
0.072933 -0.133377 -0.381451
-0.281040 -0.033977 0.611389
-0.126867 0.168705 -0.476400
-0.722719 0.483872 0.362343
-0.045561 0.225307 -0.546764
-0.234557 0.436941 0.374093
0.258489 0.459674 -0.633601
-0.439322 0.639381 0.592833
-0.077766 0.421740 -0.559089
-0.212886 0.642810 0.492294
0.298329 0.595514 -0.870550
-0.317939 0.880633 0.860104
0.014429 0.436930 -0.719870
0.019910 0.747580 0.665027
0.590089 0.757464 -0.799276
-0.128144 0.947975 1.031066
-0.249138 0.529576 -0.720365
-0.390219 0.529202 0.648190
-0.011961 1.005525 -1.271944
-0.286368 0.230065 0.091268
-0.311137 0.147816 -0.467729
0.126324 0.135575 -0.362386
0.156517 -0.528215 0.623626
-0.068423 -0.644217 0.831682
0.221057 -0.865496 1.044355
-0.086122 -1.021284 0.815012
0.242237 -1.206243 0.494705
-0.187085 -0.965379 1.285452
0.120235 -0.749671 0.906059
-0.086406 -0.793277 0.972753
0.159073 -0.960916 0.659861
-0.269499 -0.740851 1.514708
0.020551 -0.585186 0.481944
-0.249953 -0.351575 0.983611
0.141371 -0.501596 0.548229
-0.371465 -0.364163 1.502411
-0.162861 -0.194625 0.063595
-0.531341 0.074760 0.492205
-0.251233 -0.088807 0.072330
-0.473967 0.065919 0.988635
-0.230437 0.107461 -0.271890
-0.542775 0.354812 0.501465
-0.373886 0.135448 0.022403
-0.389210 0.079755 0.844032
-0.006436 0.131290 -0.472543
-0.355108 0.320031 0.259244
0.016541 0.111787 -0.217747
-0.029274 -0.044527 0.387085
0.171091 0.042652 -0.459455
-0.300937 -0.132282 0.286613
-0.167399 -0.092145 -0.073302
-0.356840 -0.686924 0.286359
-0.158661 -0.827520 -0.069341
-0.022542 -0.930106 -0.004226
-0.092876 -0.318570 0.615830
-0.337764 -0.171253 0.549117
-0.473080 -0.360525 0.000200
-0.751314 -0.444921 0.641477
-0.889467 -0.277233 -0.051013
-0.550628 -0.217000 0.257338
-0.155287 -0.463401 -0.616273
-0.436902 -0.303371 0.876192
-0.517876 -0.276695 -0.587151
-0.282393 -0.099646 0.232161
0.426287 -0.266693 -1.047882
-0.084019 -0.000162 1.127339
-0.271634 -0.059844 -0.852390
-0.368886 0.148408 0.200933
0.279249 -0.001746 -1.223582
-0.210504 0.372744 0.916026
-0.299023 0.176402 -0.576979
-0.304577 0.440194 0.304003
0.096169 0.316763 -1.014294
-0.260697 0.509888 0.968933
-0.205469 0.096969 -0.799341
0.033801 0.361068 0.581497
0.602615 0.640282 -1.304810
0.052901 0.886972 1.334823
0.014937 0.365850 -0.819749
-0.101206 0.519497 0.756408
0.053318 0.961657 -1.109126
-0.521593 0.515748 0.708531
-0.793791 -0.112544 -0.623942
-0.788335 -0.236761 0.100844
-0.737402 0.165693 -0.850729
-0.012059 0.166721 -0.355738
0.152592 -0.386376 0.537418
-0.121872 -0.483457 0.882016
0.090702 -0.780940 0.851414
-0.107862 -0.878877 1.089493
0.586110 -1.100412 0.168279
-0.115034 -0.823465 1.880753
0.424913 -0.942027 0.579618
0.109176 -0.714937 1.400115
0.897617 -1.032036 -0.613867
-0.189414 -0.673657 2.214778
0.592217 -0.701354 -0.050092
0.230623 -0.362852 1.532982
1.099211 -0.487490 -0.812755
-0.237257 -0.238918 2.293210
0.604844 -0.237944 -0.362364
0.151217 -0.038255 1.311055
1.010088 -0.042334 -0.867504
-0.071506 0.186722 1.871593
0.696060 0.050163 -0.510475
0.330223 0.278870 1.115247
1.051611 0.158980 -0.823913
0.293016 0.482141 1.711787
0.955912 0.076614 -0.512545
0.690575 0.467241 0.902747
1.080243 0.362387 -1.150204
0.153125 0.516444 1.034868
0.257605 0.120000 -0.353774
-0.365234 -0.269849 0.657450
-0.443325 -0.149148 -0.383029
-0.608006 -0.618522 0.537712
-0.423401 -0.613333 -0.029495
-0.027596 -0.917666 0.001056
-0.135674 -0.346500 0.425817
-0.471024 -0.148845 0.465237
-0.587773 -0.273953 0.080165
-0.788879 -0.405219 0.387032
-0.721603 -0.461712 0.043336
-0.939439 -0.259165 0.181003
-0.696731 -0.422043 -0.315263
-0.488468 -0.331900 0.358750
-0.085192 -0.415057 -0.345477
-0.524340 -0.130282 0.137124
-0.073862 -0.330341 -0.352906
0.248931 -0.049167 0.477936
0.956539 -0.131296 -0.593394
0.126914 0.148974 0.128157
0.470974 0.045046 -0.558379
0.452044 0.355428 0.305311
1.108917 0.284242 -0.537492
0.392320 0.544724 0.082739
0.457359 0.428762 -0.367232
0.454574 0.700728 0.330822
1.094450 0.522105 -0.740927
0.713545 0.939196 0.181632
0.539009 0.650404 -0.320411
0.325851 0.985375 0.746894
0.554070 0.869877 -0.651536
0.042076 1.046046 0.693398
-0.567901 0.737503 -0.344855
-0.748973 0.482092 0.559414
-0.713516 0.733590 -0.850576
-0.388103 0.280077 0.128791
-0.551411 0.250028 -0.084886
0.204303 0.109275 -0.222271
-0.021733 -0.315258 0.431163
-0.339593 -0.413567 0.668829
-0.194714 -0.724829 0.837255
-0.547608 -0.767641 0.767171
-0.225172 -0.985700 0.536317
-0.458777 -0.782979 1.139436
-0.063580 -0.839573 0.892445
-0.328054 -0.611565 1.034004
0.031923 -0.936336 0.639093
-0.247164 -0.620255 1.374950
0.075955 -0.678379 0.594130
-0.048720 -0.293669 1.009551
0.164632 -0.519055 0.615585
-0.076777 -0.264610 1.338115
0.061553 -0.334394 0.230067
-0.127755 -0.042786 0.883321
-0.124527 -0.128366 0.089305
-0.160324 0.059833 0.965517
-0.085069 0.042780 -0.130456
-0.174914 0.255105 0.570012
-0.171676 0.156358 -0.109811
-0.014681 0.283417 0.721249
0.010591 0.197409 -0.265589
0.141715 0.522796 0.474419
0.092222 0.293863 -0.131444
0.093046 0.232817 0.614335
0.147062 0.025912 -0.161575
-0.308748 -0.098807 0.505492
-0.286615 -0.036078 0.179422
-0.225448 -0.332368 0.156400
-0.004274 -0.610628 -0.108596
0.131454 -0.342215 0.205438
-0.026451 -0.241915 0.561368
-0.363165 -0.179283 0.616831
-0.467272 -0.220689 0.325144
-0.667855 -0.331318 0.625407
-0.810396 -0.242200 0.393845
-0.673144 -0.266330 0.477489
-0.458884 -0.402173 0.064003
-0.524433 -0.437931 0.775714
-0.750394 -0.326482 0.131964
-0.399246 -0.232255 0.535820
-0.030941 -0.374564 0.040825
-0.019130 -0.239954 0.830870
-0.233757 -0.113762 0.185615
0.020857 0.043882 0.485388
0.346569 -0.072176 -0.114556
0.076921 0.156654 0.618685
-0.100801 0.191568 -0.042396
0.109977 0.337188 0.203875
0.381532 0.306842 -0.209468
0.111129 0.590545 0.374923
0.169041 0.488347 -0.080830
0.490141 0.691191 0.185676
0.713404 0.639578 -0.196100
0.347926 0.850499 0.533541
0.151838 0.609721 0.081278
0.197818 0.763153 0.286262
-0.036460 0.797199 -0.289122
-0.101360 0.798535 0.354281
-0.254404 0.589869 -0.170230
-0.072393 0.459068 0.269838
-0.256752 0.596350 0.090158
0.345115 0.163908 0.074316
0.322139 -0.311323 0.312385
0.080543 -0.276950 0.678228
0.157940 -0.425896 0.846716
0.051476 -0.433686 0.888214
0.132852 -0.423401 0.884487
0.094447 -0.399672 1.112453
0.156334 -0.391808 1.036394
0.217791 -0.400631 1.039734
0.132306 -0.413455 0.742497
0.087766 -0.340587 1.128265
0.191820 -0.345360 0.913461
0.287713 -0.293442 1.008632
0.210534 -0.336204 0.583305
0.084261 -0.172851 0.954728
0.245207 -0.137917 0.660673
0.294952 -0.013673 0.696127
0.204057 -0.058093 0.194935
0.084813 0.115381 0.642099
0.313870 0.095620 0.206080
0.302373 0.177770 0.302838
0.268805 0.207690 -0.049651
0.227743 0.474244 0.441372
0.464229 0.352627 0.099421
0.555941 0.492605 0.251056
0.414197 0.398110 0.022073
0.361342 0.540095 0.477016
0.333268 0.267428 0.240827
0.423983 0.216481 0.255917
0.347949 0.122408 0.195722
0.423256 0.123411 0.523475
0.522421 -0.124823 0.321461
0.472834 -0.029014 0.419907
