0.870995 -0.105629 -0.454098
0.732496 -0.033724 -0.284809
0.763269 -0.041493 0.050405
0.524609 0.214378 -0.297757
0.625026 -0.163487 0.265817
0.941216 0.369273 -0.234075
0.517568 -0.023406 0.254463
0.633914 0.332216 0.036738
1.014381 0.135353 -0.162395
0.515286 0.290861 -0.140587
0.542925 0.145120 0.247008
0.667097 0.053388 0.146424
0.483961 0.288193 0.508903
0.631675 0.062927 0.650906
0.410603 0.260164 0.358180
0.997133 -0.309918 -0.300173
0.648118 -0.100570 -0.471203
0.877681 -0.179144 -0.149700
0.574754 0.118422 -0.057694
0.417552 0.298837 -0.437016
0.711816 -0.065696 0.250845
0.833995 0.361673 -0.089597
0.797588 0.102288 -0.260324
0.597803 0.040776 -0.421140
0.444976 0.001098 0.406348
0.795851 -0.025683 0.474027
0.375508 0.363753 -0.083051
0.810114 -0.101020 0.155444
0.307599 0.173211 -0.103336
0.723601 -0.024298 -0.188794
0.343899 0.166354 -0.545815
0.636533 0.030706 -0.300157
0.718755 0.179764 -0.359816
0.689597 -0.003015 -0.313712
0.800844 0.027590 -0.431610
0.731248 0.153779 -0.166663
0.989511 -0.041838 -0.143652
0.623389 0.092218 -0.458076
0.725575 0.082746 0.397261
0.599862 0.141666 -0.319830
0.588005 0.114871 0.138580
0.616860 0.148571 0.154147
0.523281 -0.191555 0.236202
0.499473 -0.169320 -0.601479
0.591325 0.033078 -0.179227
0.582412 -0.104460 -0.289562
0.226344 -0.179863 0.302854
0.868851 0.153724 0.388389
0.443981 0.136438 -0.297707
0.893376 -0.081619 0.313713
0.998054 -0.099760 -0.053542
0.701184 0.053188 -0.149733
0.624805 0.248537 0.117914
0.424271 -0.089777 0.609876
0.496375 -0.110977 0.297027
0.828000 -0.040131 0.164067
1.003289 -0.059373 -0.507426
0.710033 0.364734 0.123186
0.333265 0.137584 -0.385850
0.872228 0.038144 -0.285066
0.550276 0.003149 -0.578896
0.603645 0.299108 -0.476191
0.412572 -0.098276 0.119988
0.530502 -0.129916 0.067262
0.564167 -0.035474 -0.154134
0.773495 -0.065292 -0.571387
0.408547 0.253017 0.085368
0.539680 0.017918 0.467580
0.672708 0.364448 0.334866
0.297376 0.116734 0.598617
0.762030 0.281717 0.207652
0.784034 0.073682 -0.328853
0.381213 0.049744 0.332416
0.713479 -0.031490 0.285748
0.974980 0.260262 -0.668379
0.719676 0.044368 -0.172347
0.734270 -0.028112 0.250860
0.651466 -0.029681 -0.277279
0.504583 -0.063117 0.357709
0.580239 0.389288 -0.086445
0.655133 -0.060583 -0.165672
0.387106 -0.059107 0.289343
1.031973 0.101695 -0.346939
0.118471 0.032401 0.414396
0.654734 -0.107433 -0.334380
0.514430 -0.008456 -0.452184
0.779132 -0.104939 -0.324068
0.814598 -0.042026 -0.345372
0.333068 0.313907 -0.191358
0.965564 0.027818 -0.258229
0.148712 -0.117123 0.296791
0.825638 -0.176012 -0.010126
0.667865 0.223291 0.585031
0.364811 0.002568 0.291502
0.828009 0.038378 0.171378
0.838314 0.026443 0.254576
0.553556 -0.153375 -0.175874
0.813388 0.148156 -0.762881
0.739691 0.003694 -0.082718
0.579771 -0.064555 -0.449991
0.457372 0.056441 0.159175
0.529758 0.296979 0.017250
0.835451 0.007516 -0.323380
0.628848 -0.156426 0.495868
0.644037 -0.023561 -0.479008
0.798713 0.316797 -0.529534
0.473028 0.201172 0.018905
0.514711 0.375083 -0.194613
0.593207 0.001939 0.272146
0.703154 0.044774 -0.560191
0.263184 0.267035 -0.001457
0.750065 -0.051423 -0.429676
0.611745 -0.087176 0.295319
0.759911 0.128400 0.085895
0.841542 -0.027914 -0.214083
0.353380 -0.004877 -0.256244
0.388469 -0.241688 0.376807
0.774609 0.049031 -0.243798
0.861892 0.154274 -0.417923
0.393428 0.324652 -0.307030
0.677417 -0.047396 0.168962
0.635052 -0.175951 0.128481
0.688651 -0.278727 -0.699970
0.744268 0.139245 -0.082467
0.793000 0.014775 -0.111407
0.679296 0.210468 -0.062670
0.666524 0.082225 -0.315760
0.706474 0.160898 0.284053
0.730834 -0.271107 -0.214894
0.284301 0.123066 -0.207017
0.755323 0.144849 -0.258887
0.543002 -0.279071 -0.483249
0.489821 0.216870 -0.216835
0.856878 0.248726 0.078642
0.354862 -0.103640 -0.635830
0.547792 -0.172620 0.401540
0.793434 0.222621 0.018239
0.536901 0.181147 0.105068
0.465222 -0.018457 -0.361438
0.723897 0.369853 -0.333139
0.941606 -0.207807 -0.828316
0.321161 0.248487 -0.346050
0.192554 -0.187580 0.426897
0.575150 0.123527 -0.228662
0.654265 0.003613 0.294276
0.576444 -0.029629 0.214163
0.550191 0.072727 -0.321368
0.337291 -0.141130 0.469280
0.363179 0.153683 0.152692
0.608900 0.236694 -0.061140
0.959337 0.048440 -0.142207
0.829393 0.195131 -0.285479
0.649989 0.072025 -0.252309
0.707627 -0.020210 -0.851889
0.552949 -0.105502 -0.749924
0.560074 0.080552 0.283983
0.725358 0.183784 0.031347
0.349008 0.207973 -0.221488
0.994362 -0.290126 -0.592401
0.426167 0.145618 0.402466
0.285921 -0.072074 -0.407510
0.979972 0.032146 -0.798839
0.905053 0.049503 -0.145148
0.613455 0.165220 0.361709
0.643372 0.156429 -0.226227
0.792279 0.239335 -0.207061
0.811262 0.010562 -0.218993
0.625093 0.156876 -0.154934
0.804069 0.093986 -0.172380
0.530781 -0.073498 -0.380312
0.853230 0.161243 0.111920
0.423423 0.159300 0.241283
0.541688 0.064939 0.379812
0.721583 0.364564 -0.021973
0.740802 -0.001175 -0.420406
0.675795 0.208376 0.182029
0.843644 0.136487 -0.162803
0.834459 0.044331 -0.152203
0.486457 -0.174216 -0.014682
0.609548 -0.026595 0.234325
0.920141 0.200116 -0.100416
0.525682 0.200320 -0.115846
0.651298 0.258938 -0.136213
0.904853 0.126087 -0.264435
0.496871 0.012174 0.216674
0.685566 -0.149986 -0.207089
1.002673 0.304683 -0.368110
0.467550 0.057572 -0.421400
0.613429 -0.044351 0.361517
0.549040 0.109820 -0.396047
0.529070 0.137847 -0.751330
0.740158 0.087050 -0.221813
0.781749 -0.183885 -0.455592
0.664053 0.224420 -0.648535
0.233943 0.150601 0.415710
0.719741 0.031539 0.154481
0.789059 -0.094574 -0.204860
0.682938 -0.111958 -0.064659
0.310327 -0.091846 0.095534
0.898142 0.046328 -0.502902
0.917059 0.182009 0.208742
0.659392 0.326304 -0.212572
0.788436 0.089526 0.172093
0.489722 0.061106 0.234286
0.844366 -0.164064 -0.301985
0.791955 0.266835 0.356489
0.448227 0.166180 -0.401622
0.698259 0.112800 0.170187
0.392571 -0.059013 0.354945
0.984409 -0.072511 -0.304078
0.737472 0.267257 -0.144552
0.792896 0.245818 -0.064099
0.683985 0.195766 -0.258101
0.731809 0.069874 0.258126
0.282846 0.280424 0.221494
0.503724 -0.175041 -0.391678
0.473227 0.144026 -0.202325
0.732119 0.113886 -0.443305
0.476265 0.225800 -0.576155
0.902328 0.145646 0.035950
0.356450 0.077891 -0.707142
0.513808 0.333894 0.227048
0.251410 0.081959 -0.382755
0.475780 -0.092981 0.251353
0.210294 -0.059625 0.533980
0.796071 -0.029668 0.159713
0.588280 -0.239612 -0.296339
0.292485 -0.000605 -0.553221
0.762849 -0.136794 0.319706
0.693090 -0.275319 -0.399813
0.842983 0.075448 -0.082953
0.834888 -0.014975 -0.464848
0.400365 -0.152967 -0.084673
0.454514 0.074361 -0.305504
0.589275 0.006508 -0.258178
0.695645 0.028904 -0.360560
0.347720 -0.174663 0.210330
0.642761 0.173208 0.043545
0.245493 -0.007043 -0.077367
0.427960 0.055867 -0.159221
0.636911 0.165526 -0.331384
0.346874 -0.152068 0.349195
0.609681 -0.225755 -0.126321
0.970518 0.298221 0.014596
0.384544 -0.101990 -0.322536
0.586034 0.224263 0.269814
0.166666 0.079048 0.203547
0.832891 0.041765 -0.067788
0.471580 0.002064 -0.161633
0.326577 -0.102181 -0.184828
0.374027 -0.153435 -0.497385
0.776614 -0.084891 -0.125261
0.427477 -0.241823 -0.268249
0.417186 0.341104 0.129842
0.574368 0.294795 -0.331044
0.259529 -0.003930 0.201459
0.285729 0.305177 -0.325141
0.284399 0.500860 -0.174027
0.156161 0.572955 -0.077513
0.142086 0.674906 0.141829
0.071624 0.556094 0.125423
0.101674 0.600742 0.313754
0.059952 0.443650 0.232497
0.128508 0.389219 0.370406
-0.039166 0.175723 0.382682
0.085301 0.249345 0.280423
0.072374 0.124208 0.238952
0.191607 0.216386 0.319237
0.143261 0.083159 0.306653
0.296741 0.184119 0.247023
0.255438 0.167530 0.052794
0.410156 0.287896 -0.061736
0.456649 0.205981 0.069066
0.684587 0.230247 -0.000640
0.670669 0.148104 -0.043867
0.711794 0.196216 0.160521
0.642088 0.125848 -0.018178
0.702960 0.045249 0.163181
0.776318 0.169573 -0.224944
0.764866 -0.037076 0.323242
0.773261 -0.057125 0.006732
0.692155 -0.102487 0.335365
0.625329 -0.159935 -0.021069
0.472915 -0.212499 0.261639
0.449574 -0.192039 -0.017247
0.287107 -0.297212 0.144499
0.486751 -0.278345 0.104082
0.731420 0.205624 -0.201198
0.350823 0.129647 -0.410717
0.179837 0.217328 -0.015339
0.206339 0.119049 -0.421237
-0.072322 0.288612 0.219159
-0.011193 0.153642 -0.234016
-0.259607 0.205246 0.493953
-0.269753 0.144524 0.263900
-0.274000 0.087656 0.551375
-0.327684 0.001804 0.387887
-0.315592 -0.028993 0.661891
-0.205367 -0.146347 0.518545
-0.112632 -0.060651 0.623380
-0.124347 -0.056956 0.361678
-0.188931 -0.009396 0.619635
-0.108139 0.007952 0.508150
-0.042574 -0.029759 0.431811
0.187308 -0.035243 0.196586
0.309889 0.012271 0.321173
0.587804 -0.163484 0.287076
0.659305 -0.149983 0.190140
0.877988 -0.172028 0.067042
0.792976 -0.167465 0.454284
0.968207 -0.291052 0.171687
0.889306 -0.458639 0.277072
1.092199 -0.285402 -0.077322
0.964178 -0.353067 0.489383
0.914725 -0.186756 0.093089
0.573466 -0.369187 0.455837
0.605620 -0.251825 0.150796
0.166578 -0.593867 0.412617
0.274183 -0.881455 0.220547
0.340719 -0.750740 -0.003217
-0.026010 0.417374 -0.285904
-0.229977 0.790650 0.230297
-0.604253 0.814829 -0.241171
-0.544273 0.851205 0.401929
-0.725699 0.691096 -0.081146
-0.492261 0.880752 0.181978
-0.690246 0.563789 -0.071971
-0.462278 0.366615 0.256469
-0.695065 0.091331 0.092283
-0.407708 0.218580 0.130733
-0.406750 0.085548 0.052247
-0.118440 0.150731 0.288567
-0.311162 0.012320 0.192693
-0.218227 0.100364 0.295555
-0.378802 -0.003113 0.015337
-0.186229 0.345271 0.080025
-0.196106 0.215048 -0.012033
0.256775 0.226617 -0.012919
0.393063 0.076252 -0.381014
0.574294 0.232288 0.114811
0.393402 0.112375 -0.122277
0.595776 0.221986 0.031030
0.664271 0.254039 -0.495754
0.739129 0.087343 0.186258
0.860808 0.067546 -0.172412
0.649067 0.030246 0.196455
0.689966 -0.003802 -0.238541
0.182573 -0.119457 0.188425
0.213180 0.046202 -0.159140
0.022792 -0.210493 0.404024
0.170883 -0.108159 -0.011918
0.539399 0.781266 -0.348179
0.165212 0.205537 -0.406954
-0.183914 0.239670 -0.100585
-0.318944 0.064659 -0.448191
-0.367860 0.110665 -0.043926
-0.339935 0.050030 -0.462865
-0.486667 0.096744 0.307622
-0.600888 0.148297 0.144478
-0.651022 0.133497 0.170347
-0.698315 0.058748 0.280497
-0.724336 -0.110671 0.462809
-0.600986 -0.139130 0.622076
-0.475524 -0.059624 0.390043
-0.295191 -0.099951 0.516621
-0.374651 -0.080145 0.642088
-0.293668 -0.117809 0.578674
-0.272991 -0.180250 0.620689
-0.070165 -0.011189 0.184553
0.085387 0.180208 0.538994
0.338167 -0.059673 0.323635
0.527614 -0.091294 0.443902
0.629894 -0.325553 -0.111382
0.536117 -0.086530 0.529472
0.577855 -0.264089 0.162036
0.744942 -0.184321 0.528152
0.846975 -0.166924 -0.162120
0.894731 -0.311720 0.497618
0.797408 -0.124203 0.001001
0.552163 -0.200789 0.471409
0.533215 -0.086487 0.103329
0.308839 -0.279176 0.412568
0.360722 -0.770547 0.190332
0.475154 -0.640542 0.131315
-0.239477 0.420077 -0.284863
-0.479272 0.854502 0.073667
-0.886619 0.889491 -0.294079
-0.951913 0.928564 0.351574
-1.118173 0.787866 0.052734
-0.801394 1.085605 0.203026
-0.746461 0.698924 -0.045244
-0.552483 0.524352 0.314470
-0.827660 0.305002 0.185182
-0.521267 0.479123 0.132028
-0.575385 0.267973 0.139700
-0.183195 0.146724 0.283099
-0.596949 0.092180 0.367419
-0.431970 0.182087 0.287817
-0.762661 -0.129437 0.426606
-0.519079 0.161053 0.445545
-0.738602 0.283336 0.000961
-0.367424 0.316354 -0.012844
-0.462123 -0.013343 -0.241184
-0.018689 0.073932 -0.054351
0.059848 0.262811 -0.222797
0.358103 0.021967 -0.086500
0.412230 -0.024867 -0.328725
0.765151 -0.047634 0.002209
0.870313 0.006720 -0.224479
0.645457 -0.063493 0.070724
0.489282 0.038154 -0.066487
0.116247 0.013656 0.158855
0.079933 0.024691 -0.128238
0.099980 0.247923 0.536055
0.026914 0.499528 0.239890
0.670689 1.105531 -0.122839
-0.078939 0.041867 -0.437911
-0.692800 -0.180518 -0.139911
-1.017605 -0.398059 -0.410759
-1.407270 -0.334662 -0.425140
-1.327438 -0.501648 -0.783535
-1.463344 -0.270891 -0.026665
-1.325454 -0.175862 -0.177366
-1.561889 -0.071196 -0.090088
-1.363504 -0.236644 -0.456638
-1.680691 -0.233769 0.329577
-1.259818 -0.260540 0.292163
-1.572839 -0.089354 0.390862
-1.245263 -0.085934 0.212271
-1.337764 -0.027055 0.579908
-0.830789 -0.009733 0.258353
-1.082315 0.151509 0.398716
-0.792881 0.036225 0.285547
-0.716100 0.109982 0.402652
-0.378770 0.092318 0.346633
-0.134309 0.072555 0.036864
0.212166 0.001871 0.052451
0.576805 -0.192084 0.164758
0.519449 -0.278600 0.158491
0.702121 -0.276066 0.274073
0.636786 -0.231513 -0.030081
0.727744 -0.331164 0.357597
0.647538 -0.154343 0.131650
0.410849 -0.250098 0.369015
0.398881 -0.206394 0.244106
0.371044 -0.408023 0.102557
0.230676 -0.778532 0.114330
0.437615 -0.051241 0.428297
-0.278996 0.198783 -0.340226
-0.585074 0.816561 0.085114
-0.864862 0.663589 -0.522065
-1.119525 0.742077 0.669495
-1.162214 0.369258 -0.457500
-1.118377 1.077539 0.358642
-0.854813 0.388109 -0.689544
-0.979052 0.476409 0.782151
-1.383937 0.197161 -0.173670
-1.295157 0.496851 0.446071
-1.293221 0.268782 -0.133705
-0.898405 0.132702 0.591501
-0.895296 0.192436 0.269784
-0.466663 0.427847 0.260780
-0.422929 0.423184 -0.152746
-0.769436 0.255071 0.466231
-1.132017 -0.015212 -0.246718
-1.218662 0.213970 -0.074516
-0.989793 0.195225 -0.700660
-0.811653 0.361858 0.090812
-0.580107 -0.112808 -0.206973
-0.157474 0.010399 0.161083
0.089765 0.029840 -0.406339
0.308547 0.057698 0.029451
0.510441 0.023347 -0.313552
0.418253 -0.172277 0.077723
0.341632 -0.321132 -0.061620
0.051411 -0.162262 0.155570
0.158767 0.097381 -0.341711
0.237936 2.571571 0.171743
0.263113 2.361058 0.136227
0.886804 1.875019 -0.032608
-0.165738 -0.260079 -0.462423
-0.807415 -0.843206 0.040047
-1.003683 -1.328655 -0.309922
-1.537673 -0.742973 -0.178109
-1.008294 -1.089205 -1.254805
-1.484964 -0.875645 0.697970
-1.171638 -1.024836 -0.876197
-1.444536 -0.652536 0.154351
-1.291654 -1.044657 -1.743297
-2.115202 -0.749260 0.782740
-1.567415 -0.808319 -0.814210
-1.747958 -0.264960 0.429080
-1.371263 -0.198144 -0.361029
-1.730392 -0.006765 1.142402
-0.861391 0.139728 0.586394
-1.199821 0.196117 0.606541
-0.993099 0.094079 0.217396
-1.512768 0.123109 1.138920
-0.985631 -0.034716 0.176063
-1.030898 0.024072 0.290490
-0.552185 -0.095670 -0.297797
-0.525589 0.190244 0.578504
-0.099379 0.012067 -0.119302
0.240432 0.094823 0.363407
0.358866 -0.057343 -0.243019
0.292481 -0.136514 0.374269
0.394507 -0.201776 0.199477
0.515839 -0.405030 -0.137650
0.414809 -0.621759 0.002691
0.883126 -0.244421 0.233149
0.782069 -0.191131 0.003670
0.959931 1.825003 0.197634
-0.402191 0.093877 -0.376670
-0.758106 0.642993 -0.115518
-1.062153 0.399210 -0.670075
-1.294112 0.417114 0.481756
-1.387148 0.092276 -0.467260
-1.344600 0.650625 0.305781
-1.092670 0.088210 -0.851562
-1.240927 0.196614 0.405128
-1.689287 0.081208 -0.238787
-1.462215 0.320993 0.436882
-1.091726 0.098837 -0.042379
-0.618673 -0.154579 0.626272
-0.869738 0.118312 0.283317
-0.951976 0.435521 0.563520
-0.426152 0.335089 -0.055924
-0.983735 0.192824 0.663403
-1.409423 0.220143 -0.417554
-1.973366 0.338236 0.430879
-1.638949 0.237065 -0.718687
-1.497405 0.506357 0.106520
-1.410162 0.529515 -0.425075
-1.099017 0.423414 0.335239
-0.693627 -0.024962 -0.338575
-0.165782 0.006548 -0.108030
0.191888 -0.058697 -0.286732
0.295168 -0.145112 0.204530
0.397881 -0.170143 0.010400
0.158998 2.704519 0.234363
0.245390 2.786237 -0.247204
0.468703 2.587579 0.449278
0.477966 2.381104 0.370696
0.967799 2.084376 0.091527
-0.148147 -0.268689 -0.485035
-0.704263 -0.867106 -0.068061
-0.940768 -1.549673 0.003427
-1.441637 -1.249202 -0.011839
-1.073625 -1.559867 -1.157790
-1.442894 -1.030061 0.734513
-0.865788 -1.098390 -0.460662
-1.355991 -0.774708 0.286638
-1.241396 -1.147634 -1.268767
-1.775253 -0.738345 0.875071
-0.963552 -0.444377 -0.248918
-1.372421 -0.423567 0.498765
-1.053113 -0.283710 -0.133652
-1.348312 -0.310652 0.871836
-0.399198 0.217883 0.717020
-1.165151 0.054087 0.559324
-0.822601 0.032566 0.001759
-1.585040 -0.060566 0.886267
-0.787799 0.186758 -0.112880
-1.176616 0.156812 0.122619
-0.730225 0.191496 -0.434714
-0.789038 -0.017444 0.345386
-0.254380 0.086620 0.042568
-0.217396 -0.036437 0.165465
-0.164333 0.004936 -0.092010
-0.000341 -0.315847 -0.073780
0.017650 -0.489506 0.072552
0.570894 -0.393622 -0.058729
0.632781 -0.450375 0.017715
0.991088 2.261096 0.440663
0.961158 2.142156 0.060920
1.141471 1.968543 0.303914
-0.448035 0.176116 -0.378879
-0.901365 0.778234 -0.143735
-1.034003 0.459387 -0.740357
-1.212015 0.384326 0.500479
-1.206291 0.276614 -0.617187
-1.136062 0.484285 0.033912
-0.724760 0.045161 -1.021408
-0.956276 0.101262 0.549974
-1.155214 0.072190 -0.397910
-0.946409 0.171090 0.110352
-0.321875 0.100817 -0.315083
-0.342028 -0.065065 0.844339
-0.361329 0.014753 -0.197312
-0.451613 0.101431 0.256045
0.080253 0.308109 -0.805616
-0.836273 0.187648 1.202712
-0.883519 0.221343 -0.575060
-1.374384 0.410979 0.068240
-0.830511 0.405377 -1.468682
-1.187689 0.535492 0.353356
-0.935344 0.388276 -0.905734
-0.728039 0.340513 -0.240965
-0.191428 0.431762 -1.184908
0.003621 -0.130071 -0.215605
0.450011 0.039076 -0.635453
0.398912 2.436603 0.066640
0.160749 2.565631 -0.575438
-0.260790 2.644170 0.427504
-0.349707 2.672858 0.056497
-0.062154 2.317828 0.331166
0.055203 2.295246 0.078690
0.782202 2.045741 -0.001768
0.126171 -0.146967 -0.486500
-0.279864 -0.755024 0.221527
-0.229494 -1.318514 -0.121544
-0.493328 -0.542944 0.239570
0.157111 -1.028909 -1.232034
-0.384898 -0.584932 1.271025
0.280633 -0.673896 -0.854465
-0.076084 -0.490151 0.372222
0.069685 -0.736673 -1.722636
-1.025705 -0.511693 1.131012
-0.166475 -0.289243 -0.721261
-0.611969 -0.302720 0.485516
-0.209818 -0.189678 -1.225986
-1.418325 -0.289829 1.264811
-0.083129 0.024885 -0.101765
-0.641376 -0.020621 0.440843
0.024190 -0.007347 -1.351013
-1.357397 -0.068672 1.392697
-0.069572 0.119434 -0.540155
-0.218261 0.115425 0.046718
0.224856 0.245277 -1.026280
-0.361420 0.270209 0.568656
0.269123 0.212049 -0.399733
0.438544 0.066492 0.110093
0.380084 -0.031215 -0.434541
0.550876 -0.490676 -0.247659
0.615318 -0.394565 -0.247308
0.666849 2.121272 0.169269
0.812869 2.046712 -0.414329
0.829854 2.086327 0.252691
1.018910 2.084858 0.013551
1.201439 1.924088 0.156937
-0.238925 0.369952 -0.205495
-0.496882 0.973595 0.007805
-0.562599 0.767979 -0.267155
-0.421450 0.422592 0.144414
-0.479352 0.299702 -0.488230
-0.446831 0.353394 -0.128124
-0.027406 0.097595 -0.570521
0.164742 -0.019846 0.129880
0.011503 -0.089664 -0.445086
-0.069631 0.249836 0.298872
0.173860 -0.011307 -0.254166
0.242047 -0.147437 0.475731
0.039042 0.015457 -0.599010
-0.362935 0.164512 0.302302
0.279167 0.169439 -0.869450
-0.058998 0.183695 0.605910
0.119516 0.412051 -0.735144
-0.456393 0.481560 0.447415
0.610955 0.326153 -0.777562
0.463275 0.605844 0.117570
0.332915 0.481434 -1.042846
0.088279 0.209173 -0.100675
0.412975 -0.041836 -0.751088
0.511615 -0.218590 -0.193127
0.614186 0.115279 -0.736771
0.212370 2.493220 0.705967
0.101326 2.613683 -0.023083
-0.339931 2.417542 0.640688
-0.469880 2.665044 -0.354979
-0.223361 2.349919 0.319669
0.124276 2.261460 0.301710
0.795350 2.075324 0.198873
0.368606 0.129491 -0.326307
0.139439 0.074886 0.102805
0.217675 -0.305867 0.071867
0.069405 -0.046533 0.214979
0.359771 -0.400279 -0.609925
0.189332 -0.365856 0.451196
0.297059 -0.237919 -0.373722
-0.068265 -0.302177 -0.238086
0.042966 -0.681791 -0.996292
-0.566272 -0.476605 0.448465
0.014722 -0.243809 -0.365662
-0.333454 -0.202611 0.286628
0.011434 -0.290595 -0.470196
-0.654965 -0.440422 0.681998
0.184462 0.129252 -0.128220
-0.257519 -0.141988 0.033384
0.277907 -0.064381 -0.653025
-0.378478 -0.291583 0.697048
0.566032 0.233812 -0.369734
0.408968 0.055860 -0.211605
0.581044 0.196266 -0.529127
0.355170 -0.169154 0.197728
0.676878 -0.088254 -0.209319
0.477503 -0.099586 0.071086
0.442785 -0.065467 -0.130331
0.660311 -0.568813 -0.270036
0.664349 -0.348100 -0.268215
0.481464 2.167585 0.272846
0.623591 1.982265 -0.258179
0.690952 1.873305 0.596107
0.952973 1.966842 0.010412
0.991213 1.772528 0.241914
-0.004984 0.502441 -0.088656
-0.188427 0.960102 0.090354
-0.351211 0.733300 -0.198530
-0.407840 0.457935 0.036051
-0.406374 0.432381 -0.538316
-0.074535 0.419635 -0.483191
0.038903 0.149351 -0.895092
-0.211218 -0.005699 0.282492
-0.113822 -0.073584 -0.613514
0.100666 0.117258 0.011415
0.393788 -0.019024 -0.986965
0.111928 -0.177200 0.348941
0.307346 -0.000949 -0.865415
0.278346 0.058345 -0.277097
0.632560 0.127343 -1.335980
0.124606 0.176955 0.464552
0.293172 0.321747 -0.879973
0.297695 0.343702 -0.096091
0.816702 0.421910 -1.251050
0.416054 0.620128 0.529495
0.701323 0.343507 -0.989093
0.538954 0.151056 0.277406
0.741965 -0.222909 -0.979698
0.502383 -0.008032 0.350430
0.845186 -0.112170 -0.529423
0.603784 2.375502 0.839165
0.286567 2.637023 -0.325440
-0.061023 2.442861 0.636619
-0.210905 2.668368 -0.149754
0.011452 2.310949 0.645121
0.418604 2.286348 -0.103836
0.917385 2.045461 0.113827
0.393069 0.188230 -0.278790
0.080005 0.252884 0.112863
0.176358 -0.071198 0.067693
0.102691 0.049840 0.126467
0.418988 -0.323598 -0.497529
-0.024180 -0.200192 0.821413
0.429100 -0.247093 -0.361816
0.228381 -0.194679 0.050546
0.382173 -0.516107 -1.164640
-0.530837 -0.254939 1.182252
0.404542 -0.212412 -0.551451
0.033711 -0.114615 0.513592
0.586063 -0.299230 -1.280008
-0.494562 -0.301325 1.424469
0.600854 -0.115273 -0.650599
0.123667 -0.092818 0.284588
0.556705 -0.072909 -1.589653
-0.651533 0.026167 1.237096
0.355155 0.031217 -0.717003
0.091445 0.079382 0.487841
0.603407 0.118191 -1.073239
-0.057006 0.167166 1.013541
0.789401 -0.016797 -0.354268
0.719102 -0.124253 0.399019
0.975842 0.031757 -0.385521
0.962805 -0.214364 0.050104
1.139779 -0.469849 -0.112813
0.961879 1.217519 0.545588
1.015438 1.782959 0.009992
0.797768 1.810420 0.477370
1.042741 1.944790 0.008706
1.088319 1.685434 0.254794
0.098972 0.390124 -0.029548
-0.120335 0.793072 0.101829
-0.232178 0.683782 -0.189180
-0.288363 0.428231 -0.060937
-0.322777 0.379778 -0.342905
-0.326828 0.406174 -0.257693
-0.072960 0.296648 -0.390955
-0.008255 0.073409 0.263929
0.130791 0.127347 -0.264967
0.142440 0.146557 0.184748
0.423632 0.040184 -0.422956
0.289679 -0.048883 0.268173
0.559980 0.070407 -0.622393
0.110389 0.257435 -0.089641
0.644207 0.084496 -0.563520
0.336897 0.189941 0.299553
0.569413 0.336267 -0.661759
0.156772 0.485620 0.398659
0.661608 0.315224 -0.546210
0.611874 0.553248 0.640300
0.785374 0.622015 -0.821180
0.414984 0.898044 1.015563
0.762790 0.210889 -0.573571
0.808237 0.565007 1.068835
1.021268 0.130838 -0.252208
0.808258 1.979613 1.490439
0.646514 2.173058 0.040822
0.394699 2.150674 1.051200
0.383592 2.676638 -0.445189
0.591554 2.315326 0.616392
0.630118 2.200690 0.230477
0.960596 1.904678 0.319212
0.462737 0.097439 -0.226530
0.134780 0.077504 0.056614
0.251153 -0.308409 0.112958
-0.028823 -0.047096 -0.034043
0.160901 -0.426716 -0.302480
-0.080203 -0.322479 0.367445
0.106444 -0.274053 0.161954
0.103444 -0.168978 -0.108188
0.175362 -0.358764 -0.177905
-0.128105 -0.427036 0.740826
0.287271 -0.202635 0.025976
0.176892 -0.181691 0.379096
0.335828 -0.284108 0.098026
-0.016357 -0.355668 0.881906
0.412035 -0.169331 -0.453616
0.196513 -0.003809 0.117038
0.328347 -0.112012 -0.290071
0.044563 -0.117791 0.627416
0.469550 -0.032818 -0.627306
0.342005 0.095999 0.126211
0.659722 0.000949 -0.307301
0.615844 -0.176150 0.491576
1.007209 0.008341 -0.647788
0.832900 -0.121257 0.285672
0.984388 0.038030 -0.228760
1.103692 -0.019098 0.372124
1.154279 -0.090646 -0.182905
0.816059 0.710707 0.429300
0.956911 0.808953 -0.002387
0.627346 1.629801 0.381147
0.802282 1.743960 0.114209
0.808147 1.567332 0.327198
0.163606 0.281601 -0.030871
-0.043611 0.587236 0.148301
-0.060082 0.418947 -0.080720
-0.062111 0.297009 0.060411
-0.124581 0.270625 -0.167847
0.189111 0.389684 -0.234975
0.384065 0.100605 -0.407346
0.384899 0.110715 0.486784
0.332555 0.152185 -0.134140
0.632282 0.018299 -0.008941
0.815508 -0.033900 -0.694242
0.556186 0.017601 0.691870
0.723105 0.002738 -0.506482
0.748514 0.127341 0.155939
0.935948 0.112603 -1.034272
0.531669 0.227495 0.809464
0.694428 0.078138 -0.586596
0.857947 0.290704 0.212007
0.959339 0.395924 -1.045974
0.524076 0.518574 0.985453
0.716257 0.226649 -0.776893
0.910288 0.659505 0.562119
1.052025 0.829668 -1.104344
0.613186 1.287344 1.144408
0.803159 0.729539 -0.472659
0.748989 1.607849 0.794304
0.852671 1.990043 -0.426744
0.718611 2.028406 0.816186
0.732183 2.176251 0.134417
0.961383 2.226664 0.459811
0.911380 2.210656 -0.020490
1.087205 1.846527 0.116167
0.533016 0.006315 -0.256368
0.180670 -0.054328 -0.044689
0.473586 -0.422654 -0.019205
0.498278 -0.128464 0.081132
0.937641 -0.572129 -0.313271
0.652099 -0.395556 0.695508
0.986070 -0.563055 -0.001306
1.045692 -0.519878 0.445370
1.107779 -0.582432 -0.600607
0.493290 -0.401970 1.394234
1.076621 -0.370524 -0.187662
0.928749 -0.394445 0.843020
1.169834 -0.407601 -0.825948
0.451896 -0.208401 1.823857
1.233422 -0.243315 -0.479730
0.807387 -0.099906 1.145599
0.995547 -0.240282 -1.103608
0.194257 0.158201 1.704872
1.144348 -0.113610 -0.700502
0.656902 0.140101 0.923314
0.962505 0.044788 -1.162168
0.424211 0.389519 1.391652
1.133466 0.014661 -0.701583
0.996702 0.448707 0.730884
1.059221 0.244338 -1.122758
0.867983 0.854372 0.775223
1.095112 0.330206 -0.184453
0.925218 1.226998 0.482414
0.985269 1.049518 -0.084906
0.730969 0.934385 0.521671
1.080356 1.588241 0.090118
0.957790 1.530814 0.278971
0.090235 0.223907 -0.103811
-0.075022 0.496711 0.112871
-0.059731 0.410325 -0.050785
0.293155 0.238228 0.059757
0.480518 0.068122 -0.019754
0.686731 0.214724 0.033140
0.794743 0.084849 0.032617
0.981006 0.040167 0.346418
1.005322 0.027928 -0.092165
1.016025 0.013469 0.173536
1.021722 0.090910 -0.120847
1.105530 0.068871 0.407131
1.261111 0.061356 -0.379278
1.170542 0.136745 0.194412
1.203960 0.166385 -0.204190
1.152192 0.255829 0.476930
1.294098 0.285501 -0.457523
1.078475 0.374148 0.240953
1.127503 0.402668 -0.373927
1.023639 0.717550 0.394919
1.176736 0.653175 -0.568059
1.003173 0.902751 0.382484
1.005895 0.863981 -0.350758
0.918769 1.212121 0.605798
1.087091 1.214703 -0.380579
0.879773 1.439242 0.818256
0.864242 1.445142 -0.066973
0.741522 1.744207 0.757409
0.838191 1.996507 -0.206951
0.927126 2.169654 0.379176
0.877440 2.111331 0.361339
1.019917 1.640309 0.036039
0.621589 -0.054550 -0.240657
0.369181 -0.111322 -0.002050
0.774084 -0.455672 -0.084727
0.676330 -0.082557 0.127717
1.034801 -0.423376 -0.070223
0.996911 -0.440581 0.406131
1.134896 -0.491620 0.225316
1.157712 -0.438830 0.278992
1.078198 -0.425578 0.165862
1.013528 -0.408191 0.715723
1.078598 -0.276085 0.280074
1.151460 -0.231074 0.397803
1.014433 -0.221694 0.075110
0.895013 -0.183786 0.868670
1.007984 -0.133807 0.033458
1.028435 0.077965 0.594181
0.882610 0.011374 -0.023113
0.810843 0.120437 0.899855
0.902591 0.044216 -0.050549
0.883137 0.089125 0.558705
0.776838 0.232900 -0.133674
0.792326 0.333537 0.626878
0.850455 0.323721 -0.144719
0.910276 0.618003 0.333885
0.839111 0.550097 -0.145825
0.987244 0.522674 0.309262
1.061563 0.321620 -0.168031
0.899196 0.718882 0.246864
1.036061 0.807030 -0.068393
0.983226 1.268752 0.230282
1.055904 0.930715 -0.035615
0.896456 1.137164 0.340971
0.396479 0.122705 0.029224
0.296416 0.277029 0.216496
0.413662 0.325643 -0.034914
0.609176 0.019705 0.153282
0.654418 0.011704 0.113426
0.966901 -0.084657 0.022545
1.115719 -0.126741 -0.021908
1.142700 -0.232179 0.272152
1.037496 -0.077932 0.104418
1.187959 -0.154216 0.096133
1.260817 -0.077381 -0.069210
1.159635 -0.082938 0.311951
1.184422 0.024207 -0.024544
1.247022 0.069453 0.179786
1.303380 0.095471 -0.141705
1.135846 0.203731 0.409535
1.200800 0.262216 0.009318
1.206441 0.312384 0.114954
1.239402 0.431281 -0.206406
1.030781 0.648239 0.308476
1.156686 0.667994 -0.022960
1.159317 0.760854 0.125512
1.298449 0.890764 -0.180136
0.996517 1.029633 0.282571
1.176059 1.078096 0.029328
1.029986 1.254183 0.275353
1.041261 1.312509 -0.072496
0.886575 1.487737 0.331853
0.920235 1.473660 0.123021
0.924495 1.755863 0.385762
0.941195 1.705370 0.166305
1.005929 1.361198 0.025889
0.726281 -0.176351 0.009259
0.470821 -0.181207 0.219163
0.686484 -0.238745 0.289249
0.667104 -0.113214 0.264426
0.853092 -0.163444 0.240540
0.795163 -0.268610 0.377295
0.961500 -0.300131 0.316799
0.945854 -0.305622 0.272332
0.939421 -0.249721 0.216819
0.859093 -0.211239 0.354441
0.996258 -0.157198 0.277795
0.989569 -0.127148 0.307557
0.900299 -0.069836 0.175586
0.800440 0.022239 0.420418
0.944474 0.036608 0.209012
0.885676 0.101455 0.373840
0.848066 0.105346 0.162649
0.730890 0.247688 0.482443
0.892120 0.180666 0.202177
0.843592 0.300445 0.373003
0.895956 0.361671 0.104163
0.871390 0.616301 0.374237
0.992504 0.542058 0.128178
0.976519 0.706333 0.246243
0.956410 0.759008 0.056793
0.961125 1.009663 0.286767
0.982084 0.849952 0.197892
0.984185 0.999891 0.318645
0.968390 0.926051 0.242550
0.928402 1.225612 0.465224
1.039128 1.045838 0.249848
0.934849 1.050905 0.354259
