0.888191 -0.262515 -0.502470
0.627285 -0.258161 -0.466478
0.635021 -0.410496 -0.218595
0.394711 0.428647 -0.448885
0.548075 -0.474544 0.562448
0.925146 0.503757 -0.437048
0.554134 -0.099936 0.478322
0.400040 0.550054 0.113027
1.027441 0.431447 -0.390606
0.348884 0.570795 -0.290913
0.408942 0.366316 0.533423
0.535352 0.283310 0.447017
0.390135 0.378107 0.645622
0.606735 0.037587 0.631017
0.290527 0.456006 0.541854
1.040464 -0.438749 -0.428388
0.484430 -0.275655 -0.510430
0.855574 -0.434747 -0.344454
0.411199 0.440750 -0.167306
0.328617 0.407766 -0.532322
0.592928 -0.385872 0.481353
0.709084 0.493563 -0.326188
0.706069 0.275029 -0.449011
0.486247 0.025964 -0.487476
0.443664 0.009043 0.571915
0.687770 -0.081326 0.580648
0.277520 0.597510 -0.191191
0.666777 -0.456789 0.460514
0.351137 0.391389 -0.268595
0.554084 -0.276925 -0.423363
0.270332 0.218445 -0.591724
0.491931 0.000310 -0.420656
0.588809 0.302398 -0.472923
0.566522 -0.107850 -0.455028
0.827955 0.048727 -0.477662
0.576739 0.427061 -0.350942
0.982902 -0.410301 -0.359459
0.492521 0.134285 -0.481097
0.586251 0.155698 0.553207
0.442150 0.315617 -0.420097
0.458562 0.340261 0.380139
0.461778 0.415058 0.430699
0.476338 -0.522212 0.506724
0.368780 -0.269106 -0.598564
0.461134 0.079798 -0.389150
0.424617 -0.321698 -0.486923
0.317579 -0.430711 0.443933
0.706807 0.326504 0.587530
0.363294 0.282726 -0.455847
0.763148 -0.220589 0.556818
1.076625 -0.415112 -0.256307
0.554454 0.313733 -0.357125
0.384821 0.501184 0.344353
0.443300 -0.145759 0.653924
0.521906 -0.314374 0.507273
0.729171 -0.336300 0.490970
1.035359 -0.181673 -0.532257
0.450831 0.477802 0.320168
0.260252 0.226618 -0.509411
0.863250 0.145828 -0.446357
0.409331 -0.022169 -0.556770
0.449197 0.430229 -0.518792
0.454992 -0.452432 0.261048
0.504119 -0.492428 0.173769
0.396913 -0.337312 -0.433234
0.626861 -0.161920 -0.499420
0.306031 0.509480 0.202205
0.481873 -0.001870 0.608416
0.471695 0.462549 0.503645
0.331165 0.137199 0.655301
0.533428 0.434936 0.415092
0.718343 0.109547 -0.430078
0.363419 0.176512 0.555933
0.612999 -0.251295 0.493158
0.995284 0.333342 -0.591886
0.527724 -0.095792 -0.400804
0.559273 -0.018898 0.515859
0.481955 -0.230803 -0.470310
0.520335 -0.214363 0.571206
0.386684 0.576876 -0.214757
0.477627 -0.360739 -0.422635
0.460941 -0.295954 0.457689
1.072732 0.244401 -0.459976
0.249238 0.033813 0.576236
0.502958 -0.345048 -0.484466
0.373310 -0.050880 -0.512023
0.633547 -0.343158 -0.486233
0.762705 -0.233840 -0.473732
0.298289 0.529171 -0.351204
0.989603 -0.035286 -0.466792
0.237758 -0.204232 0.517222
0.791303 -0.429670 -0.225363
0.511446 0.265600 0.671723
0.394282 0.055109 0.435249
0.663028 0.206624 0.525708
0.740866 0.097023 0.535227
0.399170 -0.435930 -0.440707
0.706306 0.149295 -0.597241
0.579799 -0.365841 -0.356299
0.466121 -0.136987 -0.508691
0.414753 0.221514 0.309722
0.327026 0.567054 0.035778
0.729541 -0.110313 -0.456459
0.615502 -0.244731 0.638461
0.516045 -0.051839 -0.501345
0.687222 0.385370 -0.521381
0.387463 0.426924 0.040863
0.349945 0.585190 -0.380545
0.514883 0.088449 0.495327
0.558997 0.066485 -0.502535
0.312887 0.504868 -0.055199
0.544155 -0.198294 -0.485473
0.555860 -0.325860 0.532592
0.530180 0.404303 0.328931
0.818657 -0.313397 -0.450535
0.240233 -0.032014 -0.459706
0.424045 -0.444366 0.579103
0.659277 -0.050855 -0.411824
0.779844 0.220186 -0.485687
0.303184 0.536752 -0.455390
0.576294 -0.452440 0.422227
0.534307 -0.499432 0.362732
0.553693 -0.321193 -0.597319
0.516873 0.467151 -0.284555
0.684252 0.181748 -0.386571
0.474218 0.496124 -0.201049
0.546665 0.115244 -0.412068
0.524278 0.350435 0.550120
0.616009 -0.452576 -0.414651
0.294652 0.163690 -0.417826
0.593990 0.365829 -0.416053
0.422488 -0.392515 -0.578175
0.379803 0.442688 -0.377336
0.560714 0.428517 0.256769
0.260477 -0.131377 -0.636394
0.495212 -0.366729 0.623160
0.484919 0.450707 0.102401
0.387217 0.460154 0.299567
0.320127 -0.104404 -0.510466
0.553293 0.491814 -0.461287
0.847483 -0.245576 -0.648514
0.285014 0.402785 -0.490149
0.260969 -0.337512 0.583923
0.451705 0.227335 -0.425732
0.535221 0.104977 0.559673
0.543077 -0.346832 0.420718
0.448509 0.117036 -0.458262
0.384133 -0.292478 0.604045
0.342474 0.397000 0.291334
0.377891 0.559215 -0.095862
0.907392 -0.139223 -0.430039
0.756338 0.401116 -0.445111
0.513039 0.218082 -0.409635
0.594261 -0.049985 -0.603811
0.412768 -0.161657 -0.609540
0.470734 0.239299 0.542008
0.464068 0.482335 0.210956
0.333381 0.354052 -0.388184
1.024847 -0.391395 -0.588916
0.350192 0.301711 0.618228
0.240702 -0.183832 -0.549826
1.013721 0.044145 -0.617667
0.820241 0.299625 -0.399384
0.471300 0.314906 0.548287
0.485239 0.383145 -0.376762
0.622650 0.457643 -0.407432
0.683190 -0.184647 -0.423980
0.453270 0.466493 -0.331587
0.695443 0.377121 -0.391140
0.374682 -0.208761 -0.542473
0.632382 0.384456 0.408713
0.345083 0.381167 0.449748
0.463908 0.175073 0.625082
0.442487 0.520579 -0.044902
0.696591 0.001601 -0.488974
0.461564 0.468112 0.421128
0.763044 0.433295 -0.375377
0.805064 -0.001688 -0.430572
0.414789 -0.466544 -0.276836
0.593590 -0.218195 0.443993
0.873848 0.457073 -0.328777
0.366774 0.518704 -0.247002
0.440727 0.531568 -0.309961
0.874537 0.327454 -0.457960
0.511849 -0.131221 0.426183
0.516241 -0.422669 -0.432330
1.064714 0.448569 -0.496815
0.360491 0.122727 -0.521356
0.547087 -0.130697 0.551673
0.433337 0.195687 -0.503803
0.401857 0.126562 -0.612441
0.583127 0.250270 -0.412951
0.715552 -0.347948 -0.534297
0.518116 0.255013 -0.566724
0.254925 0.294621 0.562871
0.573120 0.177132 0.452483
0.736465 -0.392601 -0.447144
0.541698 -0.439723 -0.291263
0.378315 -0.357825 -0.142984
0.954018 0.113404 -0.484588
0.755821 0.365726 0.489283
0.464934 0.530490 -0.387991
0.605089 0.311103 0.488702
0.458701 0.216950 0.464565
0.858361 -0.406668 -0.471569
0.569230 0.405463 0.528225
0.351333 0.280667 -0.516010
0.515527 0.377807 0.474947
0.443762 -0.191578 0.544021
1.021063 -0.298006 -0.437170
0.541852 0.502094 -0.343239
0.586346 0.483020 -0.240175
0.499279 0.440668 -0.414452
0.554524 0.262924 0.542654
0.249835 0.474359 0.410323
0.346944 -0.376819 -0.548453
0.408681 0.243838 -0.368376
0.608364 0.170756 -0.460077
0.379368 0.311469 -0.559925
0.787172 0.455959 -0.240814
0.274739 0.075162 -0.621696
0.322847 0.507428 0.441922
0.239681 0.119480 -0.524075
0.486010 -0.458470 0.453800
0.290920 -0.124555 0.620874
0.623186 -0.107746 0.461256
0.423559 -0.465485 -0.507387
0.210116 0.021062 -0.594483
0.655807 -0.372845 0.575923
0.556774 -0.421357 -0.508700
0.655645 0.428597 -0.285129
0.841689 -0.068058 -0.505404
0.336643 -0.437969 -0.361691
0.364229 0.050351 -0.481257
0.440161 -0.153570 -0.463854
0.607394 0.046835 -0.435774
0.408550 -0.505322 0.394448
0.402318 0.502488 0.119303
0.277035 -0.044886 -0.222815
0.382695 0.217821 -0.228589
0.497319 0.308579 -0.460318
0.402040 -0.429967 0.502662
0.457417 -0.470531 -0.358383
1.047115 0.477357 -0.288187
0.283651 -0.299811 -0.505655
0.410219 0.427653 0.547572
0.283424 0.246101 0.441425
0.702733 -0.311148 -0.396458
0.389811 -0.097085 -0.389765
0.291350 -0.250090 -0.402812
0.267676 -0.305530 -0.606778
0.691979 -0.407270 -0.367672
0.298298 -0.444698 -0.509374
0.283238 0.579110 0.270978
0.394614 0.491725 -0.462296
0.353346 -0.211610 0.331345
0.479204 0.060306 -0.231823
0.565377 0.086138 -0.029551
0.553848 0.199276 -0.054733
0.512177 0.318614 0.134793
0.507509 0.036566 -0.075863
0.664815 0.225850 0.109823
0.751926 0.001202 -0.073484
0.723698 0.142811 0.348881
0.580869 -0.130724 -0.033831
0.513067 0.074497 0.384011
0.466337 -0.166523 -0.207902
0.288923 0.041709 0.385906
-0.085864 -0.178641 -0.229716
-0.038800 -0.148177 0.131937
-0.213794 -0.234460 -0.430990
-0.130726 0.178657 0.097625
-0.232880 0.355401 -0.312553
-0.099222 0.476344 -0.101824
0.107350 0.390836 -0.539374
0.265396 0.521598 0.104321
0.254174 0.528023 -0.215998
0.344527 0.595359 0.185416
0.445533 0.620321 -0.400791
0.487913 0.594144 0.271596
0.436440 0.656134 -0.101718
0.419651 0.720996 0.173100
0.541516 0.672444 -0.279675
0.574970 0.632120 0.149560
0.463126 0.726444 -0.045134
0.533764 0.739104 0.163739
0.724167 0.706336 -0.077304
0.749269 0.456967 -0.136377
0.645823 -0.402157 -0.275540
0.586310 -0.384158 0.080259
0.775968 -0.459106 -0.355169
0.538069 -0.318084 0.089725
0.741178 -0.438124 -0.401743
0.584386 -0.367518 0.273871
0.692627 -0.441703 -0.061912
0.545048 -0.350962 0.179194
0.678320 -0.507275 -0.327395
0.327875 -0.386237 0.467207
0.551174 -0.598524 -0.154965
0.140152 -0.479424 0.382479
0.159612 -0.682818 -0.393670
-0.468536 -0.603657 0.661278
-0.139156 -0.771526 -0.047083
-0.349893 -1.066033 0.255854
0.276188 -1.020153 -0.310560
-0.092312 -0.691407 0.543622
0.425171 -0.932460 -0.036495
0.343225 -0.790210 0.307492
0.910680 -0.611976 -0.524341
0.766571 -0.423060 0.716067
0.950140 -0.588412 -0.034457
0.779313 -0.423878 0.457443
1.092427 -0.428650 -0.426832
0.974360 -0.310835 0.820609
0.991311 -0.496143 0.206741
0.863613 -0.266375 0.538935
1.132133 -0.305765 -0.025531
0.949254 0.014276 0.724217
1.005696 -0.154642 0.281004
0.774492 0.080809 0.397416
0.185647 -0.254893 -0.039768
0.146539 0.033546 0.363652
0.052758 0.130666 -0.480641
0.107194 0.363932 0.401116
0.139621 0.030301 -0.523130
0.491391 0.460459 -0.106345
0.581309 0.051957 -0.622561
0.552486 0.123680 0.126474
0.408376 -0.220862 -0.589322
0.308207 -0.048344 0.106988
-0.231647 -0.502262 -0.828424
-0.465082 -0.414651 0.200010
-1.319464 -0.567217 -0.839904
-1.241368 -0.216552 -0.207085
-1.711819 -0.040919 -1.048727
-1.442617 0.313568 0.174113
-1.522957 0.343198 -0.519269
-1.013009 0.480260 -0.256926
-0.520070 0.485877 -1.039418
-0.148863 0.864891 0.035569
-0.063594 0.745416 -0.316780
0.179706 0.779154 0.012090
0.057532 0.804788 -0.711529
0.012774 0.929338 0.108309
0.022923 0.866646 -0.237309
0.269671 0.878673 0.003494
0.295678 0.940115 -0.622249
0.219752 1.001505 0.054717
0.401483 0.955796 -0.274632
0.581250 0.952787 0.082265
0.533715 1.000213 -0.336523
0.698674 0.824063 -0.351923
0.488894 -0.652502 -0.173797
0.257182 -0.970399 0.063691
0.426499 -1.261420 -0.155615
0.366419 -0.698018 0.048070
0.624852 -0.687253 -0.599647
0.422506 -0.545757 0.431409
0.592151 -0.606573 -0.295697
0.615015 -0.525476 -0.006493
0.653085 -0.573812 -0.646656
0.098753 -0.494662 0.234993
-0.114793 -0.769199 -0.480913
-0.893174 -0.714906 0.241463
-1.012760 -0.903208 -0.664509
-1.529403 -0.741998 0.881862
-1.074816 -0.880500 -0.328419
-1.384725 -0.705716 0.249914
-0.581677 -0.767358 -0.638660
-0.633296 -0.248382 0.569869
0.401308 -0.712596 -0.047453
0.642134 -0.339004 0.412325
0.970632 -0.602527 -0.569574
0.743718 -0.010876 0.458648
0.942124 -0.401326 -0.102204
0.923228 -0.083898 0.519493
1.096846 -0.469101 -0.487638
0.827350 -0.065374 0.504091
0.960247 -0.339827 0.118475
0.904319 -0.048952 0.748007
0.940776 -0.008392 -0.195518
0.876336 0.165648 0.631037
1.091388 -0.037119 0.078586
1.023331 0.157143 0.535914
-0.070163 -0.594113 -0.095021
-0.183182 -0.946742 0.426591
-0.643594 -0.560835 -0.064859
-0.526506 -0.482998 0.753001
-0.911053 -0.251915 0.067897
-0.433376 0.154208 0.047709
-0.374088 -0.072830 -0.346526
-0.028230 -0.029269 0.093907
-0.371936 -0.333215 -0.322051
-0.359558 -0.463465 -0.174369
-1.067736 -0.694492 -0.627620
-1.284721 -0.696565 0.115956
-1.987621 -0.643954 -0.438347
-1.914131 -0.263034 -0.169549
-2.104082 0.017296 -0.725232
-1.984333 0.325063 0.297113
-2.052273 0.478646 -0.325665
-1.821008 0.848246 0.115616
-1.170958 0.776912 -0.283313
-0.695875 1.031180 0.236340
-0.770305 1.025594 0.020489
-0.711751 1.098621 0.391633
-0.794473 0.965851 -0.116785
-0.797403 1.009494 0.158813
-0.852809 1.101030 -0.005592
-0.670960 1.145674 0.237331
-0.519415 1.104067 -0.115661
-0.437604 1.111126 -0.050949
-0.335418 1.144228 -0.438009
-0.075211 1.165188 0.067448
0.165602 1.152380 -0.115706
0.712057 0.925225 -0.364896
-0.333834 -0.817104 -0.148539
-1.083464 -1.138066 -0.043942
-1.201679 -1.496919 -0.215980
-1.462237 -1.639909 -0.142842
-1.423249 -1.777783 -0.324411
-1.618178 -1.514261 0.566720
-1.377907 -1.397630 -0.081373
-1.261077 -1.221844 -0.196495
-0.865518 -1.286552 -0.735809
-1.188167 -0.840793 0.255015
-0.878303 -0.934472 -0.350795
-1.585891 -0.976166 0.146039
-1.028091 -1.114539 -0.941854
-1.825836 -0.937327 0.834476
-1.288941 -0.853531 -0.569711
-1.813702 -0.675816 0.151060
-1.174206 -0.359301 -0.617493
-1.376539 -0.122133 0.477652
-0.658817 -0.238318 -0.389989
-0.496338 0.202082 0.052514
0.143787 0.118479 -0.697084
-0.028078 0.364276 0.754407
0.361500 0.200251 -0.409487
0.192119 0.432432 0.330840
0.475342 0.328435 -0.393170
0.338539 0.388754 0.622518
0.497267 -0.056915 -0.013745
0.466146 0.209852 0.361427
0.682204 0.263655 -0.038818
0.733054 0.385008 0.369352
1.112652 0.032039 0.200573
0.783991 0.392639 0.309326
-0.550636 -0.855193 -0.122005
-0.793667 -1.204335 0.275747
-1.239314 -1.180717 -0.294870
-1.136371 -1.204240 0.919337
-1.466648 -0.565731 -0.283945
-1.303328 -0.199830 0.092757
-1.069895 -0.549317 -0.963814
-0.980520 -0.287794 0.612298
-1.200738 -0.606366 -0.478237
-1.269876 -0.590252 0.461681
-1.291376 -0.846342 -0.994916
-1.813940 -0.817640 0.864813
-1.948413 -0.788739 -0.958312
-2.274364 -0.514871 0.515980
-1.768578 0.004857 -1.697614
-2.031533 0.700125 0.990804
-1.545075 0.428366 -1.086576
-1.710237 0.884718 0.291839
-1.022764 0.713802 -0.976330
-1.181136 1.080332 0.935082
-1.051629 0.868946 -0.329508
-1.468467 1.033816 0.402040
-1.282406 1.000894 -0.713624
-1.568893 1.221827 0.820505
-1.281427 1.147936 -0.269224
-1.288538 1.274451 0.155956
-1.005817 1.302376 -0.571379
-1.120470 1.467536 0.233016
-0.951577 1.405541 -0.340607
-0.510037 1.262788 0.012152
-0.277383 1.301282 -0.280751
0.359622 0.996919 -0.368202
-0.325988 -1.093521 -0.080249
-1.046229 -1.317125 0.407901
-1.129002 -1.558406 -0.145342
-1.386505 -1.484983 0.161142
-1.191140 -1.602809 -0.799639
-1.688602 -1.306706 1.149671
-1.262927 -1.408228 -0.348789
-1.501994 -1.177982 0.406983
-1.156546 -1.241750 -1.426821
-1.924435 -0.948006 1.014435
-0.991454 -1.096780 -1.140258
-1.670578 -0.922942 0.730179
-0.865959 -1.151852 -1.578423
-1.955155 -0.800911 1.356494
-0.969635 -1.124110 -0.747620
-1.392262 -0.941052 0.987142
-0.912426 -0.303407 -1.333301
-1.486956 0.148202 1.409066
-0.658416 -0.127852 -1.039784
-0.577256 0.479072 0.957694
-0.165370 0.175582 -1.308686
-0.765402 0.642287 0.984153
-0.216382 0.401189 -0.806261
-0.409437 0.616812 0.598464
-0.032042 0.589193 -0.910746
-0.475540 0.611984 0.691727
-0.070821 0.488514 -0.167159
-0.123481 0.114108 0.540179
0.136843 0.453331 -0.363654
0.272117 0.503808 0.373763
0.772453 0.323095 -0.031413
0.699617 0.493734 0.101813
-0.374184 -0.847524 0.060571
-0.654342 -0.938715 0.114589
-0.906185 -1.020760 -0.148129
-1.219733 -1.367623 0.733118
-1.167297 -0.708696 -0.354093
-1.237048 -0.446128 0.409344
-0.791692 -0.725255 -1.000030
-1.113893 -0.454806 0.525796
-1.096574 -0.771682 -0.622267
-1.385949 -0.644097 0.846318
-0.810806 -0.975096 -1.094774
-1.282308 -0.855500 0.560819
-1.155646 -0.857780 -1.028959
-1.361725 -0.725139 0.636428
-0.766125 -0.157600 -1.461955
-1.100108 0.789829 0.536885
-1.134663 0.546491 -1.048375
-1.462599 0.896936 0.881465
-0.956806 0.580177 -0.997272
-1.104725 0.951244 0.708736
-1.108752 0.898694 -0.429837
-1.470404 1.092116 1.107995
-0.920085 0.918103 -0.687251
-1.216829 1.148635 0.638198
-0.895233 1.178329 -0.367938
-1.251961 1.385988 1.065509
-1.113216 1.293616 -0.722681
-1.305279 1.454997 0.426112
-1.082623 1.492400 -0.419963
-0.999674 1.474035 0.422013
-0.678764 1.401233 0.022018
0.074163 1.053860 -0.183926
-0.100268 -1.040381 0.005345
-0.638385 -1.207525 0.433472
-0.470626 -1.294169 0.025684
-0.864131 -1.430521 0.356034
-0.704571 -1.510855 -0.608886
-1.326919 -1.370696 1.121277
-0.565715 -1.269958 -0.293000
-1.018560 -1.116876 0.521927
-0.584107 -1.289506 -1.322736
-1.389824 -1.045726 0.989638
-0.247654 -1.006778 -0.631186
-0.986201 -0.916733 0.740034
-0.347032 -1.006927 -1.136834
-1.198816 -1.029388 1.055867
-0.369348 -0.934615 -0.215064
-0.366465 -1.196328 0.793830
-0.207589 -0.964899 -0.683758
-0.327846 -0.073732 1.219491
-0.170636 0.011088 -0.700939
-0.005097 0.412765 0.746683
0.268969 0.064979 -1.058796
-0.168259 0.497024 1.001187
0.140221 0.323424 -0.728154
-0.199260 0.602541 0.584854
0.270443 0.352488 -0.873578
-0.177077 0.267453 0.682419
0.047732 0.149311 -0.413887
-0.276885 0.328945 0.472687
0.218859 0.488083 -0.555084
0.042367 0.238002 0.395773
0.669129 -0.156881 0.038437
0.370562 0.461594 0.277405
-0.176943 -0.749226 0.079972
-0.539558 -0.711954 0.239699
-0.539545 -0.966612 -0.429723
-0.877014 -1.378776 0.830795
-0.535847 -0.799090 -0.692102
-0.473969 -0.458308 0.356542
0.219281 -0.851432 -1.222275
-0.280135 -0.647606 0.908028
-0.384302 -0.847714 -1.051728
-0.378496 -0.859764 0.635293
-0.084849 -0.870362 -1.350178
-0.541345 -0.630644 0.963138
-0.686919 -0.724983 -1.344455
-0.406246 -0.729886 0.988708
-0.240504 -0.024594 -1.671446
-0.362559 0.647608 1.157403
-0.609026 0.489749 -1.236571
-0.683410 0.752064 0.454355
-0.608466 0.571056 -1.295848
-0.937787 0.894520 1.056187
-0.700809 0.659552 -1.013348
-0.773588 0.897323 0.651476
-0.484117 0.822429 -1.166356
-0.977586 1.071957 1.162634
-0.536372 0.909866 -1.065559
-0.848731 1.276455 0.858633
-0.721349 1.397583 -1.226025
-1.138489 1.487032 0.539475
-0.891499 1.436474 -0.498868
-0.750633 1.445213 0.600411
-0.472350 1.457857 -0.219536
0.209599 1.086841 -0.061771
0.012575 -0.940040 -0.073187
-0.545339 -1.057402 0.601385
-0.194662 -1.168362 -0.207214
-0.453526 -1.193954 0.393138
0.105339 -1.306078 -0.930820
-0.903911 -1.297356 1.349282
-0.141941 -1.319528 -0.661413
-0.435448 -1.006420 0.526553
0.218104 -1.382464 -1.508978
-1.053900 -1.027347 1.545044
-0.092012 -1.090608 -1.022134
-0.658026 -0.757481 0.899421
0.046480 -1.044771 -1.490834
-0.864284 -0.865698 1.521598
-0.003523 -0.853334 -0.673462
-0.215784 -0.628731 1.209267
0.060682 -0.417669 -1.346495
-0.506677 0.192728 1.527941
-0.028071 -0.104451 -0.869999
-0.123357 0.466517 1.074745
0.001085 0.128527 -1.304588
-0.492670 0.514572 1.258347
0.211348 0.227247 -0.920710
0.113081 0.672526 0.864018
0.598238 0.411130 -1.119937
0.041552 0.727311 1.171055
0.580477 0.566819 -0.624177
0.079047 0.756175 0.802405
0.623441 0.627146 -0.745456
0.305736 0.710600 0.652700
0.720044 0.455548 -0.323197
0.525336 0.634675 0.028717
0.251313 -0.609322 0.096683
0.272308 -0.551956 0.245775
0.575426 -0.739537 -0.175290
0.321621 -1.085505 0.739133
0.455258 -0.825495 -0.449304
0.398453 -0.520993 0.393902
0.905934 -0.913365 -0.919823
0.650570 -0.652611 0.878794
0.506830 -0.694662 -0.706861
0.314245 -0.486116 0.591388
0.570877 -0.630277 -1.081643
0.498709 -0.430480 0.990268
0.196891 -0.313939 -1.026287
0.123832 0.078710 0.871045
0.322764 0.141855 -1.331041
0.263209 0.338027 1.018193
-0.123116 0.513312 -0.960547
-0.453675 0.634588 1.209049
-0.100365 0.628633 -1.131507
-0.068608 0.749898 0.929546
-0.080841 0.783989 -0.899117
-0.524485 0.865211 1.292165
0.175931 0.759729 -0.996850
-0.002725 1.023948 1.055229
0.252886 0.964376 -0.904196
-0.532292 1.256749 1.415765
-0.211982 1.072742 -0.835254
-0.590344 1.321489 1.149287
-0.243699 1.324363 -0.760167
-0.405823 1.297527 0.645379
-0.282499 1.345598 0.092328
0.271078 1.006802 0.074084
0.425000 -0.803758 -0.076120
0.053379 -1.010261 0.510714
0.409011 -1.035270 -0.087919
0.192707 -1.096273 0.239321
0.598003 -1.258543 -0.681738
-0.141135 -1.319155 1.012487
0.490061 -1.178594 -0.455524
0.336470 -0.933638 0.585049
0.697328 -1.282058 -0.875099
-0.176434 -1.039566 1.318365
0.511317 -0.964579 -0.338124
0.349083 -0.694593 0.928102
0.548402 -0.891627 -0.589015
-0.066100 -0.772676 1.324789
0.483772 -0.649516 -0.343383
0.411426 -0.344563 0.987031
0.441771 -0.462962 -0.850265
0.110944 -0.152444 1.320463
0.571026 -0.120541 -0.471979
0.615654 0.316748 0.834298
0.568716 0.076130 -0.751667
0.274265 0.386511 1.087681
0.796755 0.252591 -0.551851
0.617970 0.565263 0.637926
0.974761 0.321327 -0.645916
0.549713 0.560835 0.959489
1.044186 0.277464 -0.396164
0.550817 0.531714 0.745172
0.842749 0.339395 -0.591426
0.146553 0.397873 0.786715
0.615447 0.182257 -0.152595
0.330180 0.273953 0.346320
0.447264 -0.494807 -0.029574
0.460359 -0.416335 0.189537
0.670297 -0.711481 -0.484953
0.367999 -0.866782 0.728686
0.663540 -0.665682 -0.607190
0.792678 -0.436744 0.536754
1.124293 -0.745020 -1.051267
0.766244 -0.599230 1.101698
0.780089 -0.578488 -0.915402
0.793685 -0.358765 0.406917
0.922956 -0.383560 -1.165864
0.635581 -0.243920 0.989938
0.729585 -0.130586 -1.107854
0.809520 0.016038 0.637289
0.959068 0.165047 -1.329980
0.681465 0.309558 1.070425
0.563719 0.348744 -0.935131
0.585401 0.465024 0.772177
0.773130 0.548860 -1.212025
0.494263 0.687494 1.161562
0.610558 0.630710 -0.922538
0.383056 0.763769 0.922769
0.848723 0.832288 -1.099260
0.177169 1.009151 1.325773
0.621816 0.816318 -0.701477
0.248011 1.151542 0.887899
0.521973 1.152952 -1.134189
0.089556 1.290703 0.674969
0.225990 1.062773 -0.495434
-0.161495 1.240894 0.749757
0.105265 1.217671 -0.389094
0.396295 0.933828 -0.044865
0.581578 -0.754397 -0.190445
0.245709 -0.939660 0.539718
0.699636 -1.309477 -0.293167
0.453605 -1.050281 0.327511
0.958455 -1.256524 -0.885485
0.175280 -1.126745 1.238751
1.036826 -1.148024 -0.489499
0.600627 -0.824730 0.936252
1.004406 -1.183808 -0.959472
0.055052 -0.813926 1.701159
0.974908 -0.844492 -0.577184
0.728225 -0.676247 1.222129
1.034356 -0.697467 -0.936228
0.140085 -0.425328 1.733137
0.933024 -0.444288 -0.603713
0.758173 -0.344545 1.319549
0.978522 -0.240419 -1.064536
0.100531 0.115746 1.635113
0.831820 -0.141561 -0.609765
0.743099 0.169067 1.286358
0.971973 0.117020 -1.070697
0.141768 0.502178 1.518989
0.891712 0.198884 -0.524514
0.853613 0.585282 1.109562
0.992010 0.399248 -0.959674
0.591158 0.649105 1.122922
1.194681 0.470128 -0.245580
0.834023 0.659152 0.882902
1.202975 0.595588 -0.452762
0.678612 0.344852 0.716148
1.019427 0.125826 -0.229321
0.647673 -0.043538 0.222707
0.601472 -0.437286 -0.127125
0.523754 -0.257564 0.173482
0.534894 -0.560249 -0.362690
0.251119 -0.416772 0.332742
0.535089 -0.641605 -0.246018
0.754777 -0.435940 0.221236
0.932900 -0.717387 -0.518382
0.676946 -0.586087 0.495567
0.736630 -0.552623 -0.224411
0.861501 -0.202543 0.072052
0.954724 -0.416193 -0.540390
0.821190 -0.256066 0.540141
0.944344 -0.027032 -0.454853
0.858799 0.211762 0.140800
0.991478 0.206729 -0.419513
0.810814 0.213980 0.599759
0.942260 0.361581 -0.641723
0.675100 0.494551 0.766220
0.711559 0.548577 -0.598903
0.668571 0.590481 0.985562
0.877440 0.738758 -0.626220
0.426896 0.849096 1.368288
0.733237 0.834873 -0.613478
0.718875 0.919094 1.208015
1.028130 0.900891 -0.797683
0.387979 1.101459 1.370198
0.532733 0.931887 -0.691183
0.175828 1.148461 1.034750
0.484347 1.207850 -0.804997
0.290907 1.164910 0.491879
0.265458 1.229999 -0.119298
0.506099 0.772118 0.038129
0.784587 -0.659917 -0.189693
0.692269 -0.768657 0.295833
0.972921 -1.205943 -0.117883
0.911031 -0.917685 0.110280
0.993133 -1.217958 -0.523784
0.662180 -1.001094 0.602862
0.996304 -0.988350 -0.218817
1.015542 -0.784454 0.686543
1.112168 -0.931925 0.061778
0.724140 -0.732856 1.034397
1.078905 -0.757912 -0.558277
0.935373 -0.445743 0.786390
0.951576 -0.534040 0.153747
0.587093 -0.469245 1.054292
0.925514 -0.467083 -0.652946
0.821974 -0.108642 0.437559
0.816643 -0.237152 -0.209143
0.645824 -0.008911 1.071617
0.900958 -0.183368 -0.714814
0.744096 0.232608 0.801780
0.810647 0.064606 -0.206732
0.762842 0.398627 1.175942
1.151706 0.199638 -0.611394
0.849883 0.553804 0.887245
1.104270 0.313691 -0.280119
0.964659 0.343257 0.873790
1.112441 0.282269 -0.495683
0.737251 0.423093 0.672063
1.030768 0.395102 -0.345411
0.618668 0.218797 0.572825
0.799377 -0.056478 -0.160818
0.553619 0.063162 0.314590
0.847723 -0.442967 -0.105035
0.874891 -0.232556 0.247719
1.089922 -0.652442 -0.409589
0.950370 -0.297344 0.417706
1.091462 -0.549034 -0.392022
1.220771 -0.421550 0.367737
1.279547 -0.682629 -0.566024
1.050436 -0.458938 0.701660
1.249738 -0.449807 -0.474646
1.188950 -0.295447 0.390129
1.269486 -0.346448 -0.558856
0.935008 -0.194570 0.704233
1.173913 -0.072973 -0.604185
1.124691 0.145457 0.350825
1.216451 0.144597 -0.749109
0.873856 0.231091 0.908862
1.142038 0.217453 -0.491178
1.107208 0.466211 0.636968
1.197314 0.494816 -0.883257
0.832862 0.524883 1.123008
1.042668 0.488830 -0.625932
1.058964 0.776044 0.851091
1.247067 0.794942 -1.006649
0.915559 0.830277 1.259696
1.084376 0.662724 -0.733381
0.907694 1.062839 0.918210
1.015632 1.104236 -0.903934
0.783083 1.096967 0.815338
0.810085 0.954517 -0.498533
0.681856 1.245861 0.436772
0.679058 1.291573 -0.322935
0.843964 0.850785 -0.015437
1.029996 -0.689733 -0.178926
0.881663 -0.887121 0.282308
1.036072 -1.528918 -0.177397
0.922485 -0.954669 0.580895
1.108857 -1.329424 -0.725032
0.920234 -0.904450 1.105305
1.219521 -1.117900 -0.330685
0.993233 -0.914037 1.113471
1.171659 -1.078965 -0.760493
0.804210 -0.687630 1.494637
1.238881 -0.810388 -0.580718
0.897790 -0.507070 1.197053
1.141522 -0.729811 -0.873443
0.699282 -0.427741 1.456312
1.155477 -0.499609 -0.579624
0.947622 -0.183753 1.012731
1.055717 -0.396142 -1.012140
0.685410 0.144037 1.498494
1.207700 -0.113842 -0.672635
1.020533 0.347853 1.247712
1.101095 0.095951 -1.005663
0.813560 0.568438 1.517800
1.305332 0.232790 -0.708375
1.155992 0.669585 1.290870
1.199361 0.433007 -1.006094
1.048177 0.750325 1.139232
1.375799 0.436282 -0.375201
1.137747 0.818929 0.975803
1.230467 0.572298 -0.356433
0.904158 0.329785 0.945765
1.272430 0.163433 -0.186259
1.051672 -0.035464 0.425445
1.019811 -0.507274 -0.184610
1.136388 -0.365582 0.303641
1.168729 -0.441358 -0.147983
1.265512 -0.375311 0.501009
1.165125 -0.546099 -0.008392
1.345703 -0.459474 0.487190
1.207491 -0.495774 -0.059124
1.241464 -0.434562 0.677186
1.198479 -0.412704 -0.165890
1.296789 -0.278277 0.505806
1.196054 -0.247317 -0.156803
1.223687 -0.190952 0.568178
1.201699 -0.142138 -0.295214
1.304548 0.085420 0.306823
1.212399 0.161798 -0.167350
1.237247 0.260284 0.694474
1.219048 0.284009 -0.331603
1.353910 0.446446 0.597187
1.238822 0.463601 -0.223486
1.249076 0.608377 0.864277
1.242832 0.603261 -0.506042
1.357857 0.746261 0.742600
1.242389 0.750662 -0.374360
1.212339 0.878808 1.048499
1.233277 0.847554 -0.578429
1.213552 1.023898 0.962050
1.138730 0.903513 -0.272697
1.005604 1.054423 0.871532
1.007089 1.066359 -0.729789
1.182765 1.180649 0.254110
0.987059 1.233731 0.095817
1.110402 0.785975 -0.151532
1.027085 -0.790517 0.117570
1.028292 -1.244805 0.496477
1.189195 -1.574484 0.265732
1.137376 -1.115943 0.337105
1.207196 -1.072755 0.073657
1.129621 -1.068457 0.892763
1.244674 -1.096791 0.392894
1.248299 -0.938678 0.855411
1.186671 -0.702763 0.319898
1.175138 -0.779538 0.953005
1.192774 -0.787362 0.180952
1.218877 -0.582543 0.945610
1.024123 -0.433495 0.317281
1.117425 -0.539461 0.979050
1.130081 -0.529503 0.080825
1.182186 -0.024215 0.723449
1.016232 -0.033102 0.048602
1.083378 0.106629 1.063270
1.120807 0.104203 -0.018052
1.193654 0.347194 1.002504
0.981566 0.278795 0.110122
1.040808 0.496138 1.092551
1.135410 0.328688 -0.030509
1.216228 0.662624 0.980418
1.019380 0.467635 0.095641
1.106416 0.668800 0.865700
1.219513 0.414406 -0.147019
1.177723 0.729643 0.862155
1.053762 0.474014 0.320728
1.074096 0.466536 0.807538
1.119867 0.192416 0.030644
0.977897 0.390190 0.658355
1.052849 -0.557066 0.413081
1.082855 -0.583601 0.491778
1.231938 -0.260009 0.058698
1.232100 -0.513657 0.505083
1.218738 -0.451956 0.498580
1.202693 -0.638539 0.411212
1.330828 -0.384855 0.038576
1.244328 -0.506098 0.526924
1.274783 -0.358332 0.344765
1.253314 -0.370569 0.502047
1.349180 -0.295809 0.116541
1.227512 -0.310660 0.523392
1.280240 -0.175649 0.123589
1.239456 0.075515 0.311105
1.304449 0.216654 -0.039747
1.237758 0.210417 0.651136
1.299099 0.314041 0.313603
1.285636 0.366474 0.579066
1.331392 0.419999 0.084069
1.273423 0.537678 0.744257
1.326467 0.529057 0.243427
1.306579 0.616573 0.657355
1.322923 0.628854 -0.115500
1.288326 0.751564 0.783124
1.329814 0.658470 0.210099
1.292619 0.883960 0.675014
1.310705 0.856497 0.042381
1.265026 0.927469 0.603429
1.251773 0.779985 0.299008
1.063196 0.801606 0.396565
0.974591 0.833706 0.194822
1.008461 0.357058 0.132874
1.148726 -0.626871 0.297664
1.010480 -0.799796 0.655988
1.120519 -1.007704 0.662390
1.020817 -0.878372 0.745938
1.198687 -0.727426 0.634653
1.142568 -0.747589 0.820285
1.293119 -0.701618 0.740201
1.210790 -0.746582 0.763713
1.235535 -0.575451 0.586933
1.154357 -0.493169 0.707895
1.230003 -0.437852 0.638603
1.154755 -0.395119 0.708095
1.080497 -0.331192 0.538255
1.077098 -0.246254 0.712570
1.129026 -0.135894 0.440126
1.115000 0.069719 0.735104
1.119299 0.141654 0.432575
1.083646 0.211594 0.796569
1.147767 0.229466 0.549470
1.144931 0.373517 0.845161
1.130997 0.401386 0.439693
1.087489 0.577775 0.854634
1.163352 0.475016 0.493285
1.135719 0.686512 0.852537
1.104229 0.537681 0.367653
1.083014 0.742709 0.778065
1.131955 0.563146 0.508153
1.153586 0.751738 0.691641
1.107177 0.552429 0.471804
1.002631 0.625876 0.717706
1.149857 0.346322 0.463306
1.015655 0.301619 0.623401
