0.840010 -0.250875 -0.593159
0.602896 -0.244865 -0.541830
0.597536 -0.456437 -0.160648
0.438641 0.206365 -0.492525
0.591635 -0.421658 0.511122
0.930781 0.396533 -0.451658
0.516221 -0.104683 0.539395
0.524701 0.348946 0.139183
1.006332 0.227149 -0.360532
0.457455 0.300487 -0.244666
0.470513 0.186067 0.555461
0.577754 0.115627 0.476664
0.478333 0.281298 0.736306
0.695613 -0.000401 0.960205
0.365908 0.310843 0.597763
0.973787 -0.511936 -0.450335
0.513528 -0.295916 -0.648132
0.786294 -0.464505 -0.352604
0.414835 0.182533 -0.079343
0.401551 0.258703 -0.624495
0.648141 -0.303006 0.444745
0.758084 0.381265 -0.283718
0.691074 0.112829 -0.536978
0.481446 -0.033569 -0.650225
0.459034 -0.040839 0.658361
0.797659 -0.121401 0.799658
0.380748 0.313284 -0.128572
0.722396 -0.371369 0.327667
0.318592 0.192084 -0.225650
0.570149 -0.279052 -0.455209
0.326551 0.117950 -0.715679
0.495659 -0.051884 -0.540587
0.616334 0.192269 -0.632245
0.568633 -0.144119 -0.565147
0.768834 -0.033257 -0.636251
0.609739 0.217822 -0.346472
0.915364 -0.353510 -0.351740
0.517939 0.063375 -0.658369
0.692801 0.073515 0.707925
0.480952 0.148551 -0.540885
0.438122 0.168764 0.423754
0.518089 0.242723 0.458825
0.487404 -0.423144 0.383452
0.407605 -0.284683 -0.713297
0.409311 -0.016667 -0.383841
0.452771 -0.322111 -0.537118
0.249166 -0.335404 0.352616
0.822113 0.184184 0.725756
0.373964 0.092560 -0.501775
0.877370 -0.209650 0.680263
0.997818 -0.396463 -0.217940
0.548899 0.133585 -0.405700
0.514463 0.317591 0.384028
0.493405 -0.150604 0.843368
0.521796 -0.276649 0.497110
0.785951 -0.261782 0.464579
1.025929 -0.191502 -0.622389
0.610270 0.363957 0.362377
0.297461 0.092072 -0.593973
0.822393 0.016854 -0.510725
0.447553 -0.090080 -0.734931
0.521959 0.311094 -0.697281
0.381686 -0.340724 0.081945
0.456498 -0.422922 -0.012601
0.418613 -0.317359 -0.435889
0.640594 -0.188759 -0.660600
0.347756 0.276432 0.270953
0.549650 -0.024997 0.756471
0.603318 0.407332 0.599384
0.353255 0.113329 0.765879
0.667558 0.345024 0.487747
0.683553 0.013386 -0.553417
0.359817 0.062877 0.602120
0.667233 -0.205265 0.582353
0.991004 0.264943 -0.780904
0.551730 -0.119025 -0.471892
0.651431 -0.088820 0.600166
0.510333 -0.248221 -0.552708
0.533772 -0.173872 0.612004
0.508393 0.346816 -0.147627
0.498773 -0.359733 -0.452605
0.376399 -0.199908 0.436853
1.062835 0.109657 -0.541082
0.166665 0.033731 0.614703
0.530472 -0.374946 -0.561559
0.428174 -0.120839 -0.628627
0.613515 -0.344085 -0.556958
0.693884 -0.223370 -0.558223
0.356220 0.264780 -0.325144
0.958985 -0.061286 -0.492506
0.179037 -0.175718 0.492684
0.717831 -0.475892 -0.187716
0.645798 0.197261 0.840567
0.323468 0.018311 0.497268
0.765551 0.041887 0.551355
0.860266 -0.012513 0.632535
0.415232 -0.458671 -0.445846
0.739015 0.108696 -0.836147
0.566355 -0.401676 -0.377718
0.474707 -0.172757 -0.635017
0.339413 0.070668 0.341063
0.440354 0.306436 0.104632
0.716517 -0.138725 -0.551353
0.662461 -0.263747 0.867684
0.545328 -0.102369 -0.672439
0.762391 0.332493 -0.729082
0.362002 0.193172 0.156248
0.477504 0.313477 -0.358390
0.560305 -0.008243 0.578893
0.576266 -0.005327 -0.715119
0.312591 0.256271 0.041263
0.565052 -0.216833 -0.626991
0.587501 -0.274607 0.572385
0.635132 0.262407 0.377959
0.753890 -0.279150 -0.472656
0.266469 -0.122159 -0.519259
0.434133 -0.377568 0.582303
0.638134 -0.071408 -0.509902
0.774801 0.131221 -0.619647
0.394440 0.291822 -0.453262
0.592521 -0.379673 0.278695
0.536667 -0.451277 0.171415
0.592043 -0.382447 -0.788918
0.580486 0.253031 -0.217784
0.648723 0.041993 -0.433780
0.570249 0.302849 -0.091017
0.542147 0.025653 -0.560462
0.615645 0.218968 0.614922
0.614839 -0.550407 -0.489126
0.278604 0.054421 -0.470832
0.632957 0.194477 -0.518537
0.453314 -0.448990 -0.661229
0.433742 0.206846 -0.381822
0.732364 0.327650 0.305921
0.314630 -0.196093 -0.739706
0.557239 -0.338844 0.724628
0.653252 0.312680 0.143797
0.428885 0.235283 0.344742
0.371502 -0.154428 -0.579939
0.648539 0.385539 -0.574363
0.869919 -0.284152 -0.852762
0.328936 0.204466 -0.533046
0.267199 -0.244247 0.588812
0.460158 0.081512 -0.475002
0.616500 0.006615 0.651134
0.531600 -0.243849 0.341357
0.432271 0.020063 -0.555960
0.410096 -0.254629 0.697770
0.311700 0.181954 0.371249
0.504082 0.303885 -0.046345
0.874358 -0.131881 -0.409572
0.747325 0.243849 -0.511217
0.502434 0.074663 -0.541114
0.624095 -0.100031 -0.864282
0.479639 -0.205469 -0.782864
0.501712 0.089184 0.585511
0.579530 0.306491 0.272762
0.341112 0.188164 -0.395816
1.012619 -0.425067 -0.696739
0.373001 0.178660 0.667992
0.244217 -0.215721 -0.616172
1.026455 -0.013658 -0.849083
0.805248 0.107385 -0.378445
0.570630 0.183058 0.635456
0.511367 0.212249 -0.418752
0.669349 0.284499 -0.419509
0.650973 -0.172219 -0.452308
0.515795 0.220760 -0.290497
0.681050 0.161590 -0.399164
0.412609 -0.238433 -0.609580
0.751926 0.261192 0.422507
0.357034 0.223044 0.532341
0.533136 0.092507 0.694096
0.619235 0.373818 0.018651
0.657247 -0.079402 -0.649841
0.567798 0.313217 0.483840
0.747038 0.209771 -0.358033
0.745290 -0.055912 -0.476645
0.417546 -0.465690 -0.272495
0.601075 -0.168207 0.458417
0.871664 0.247840 -0.262923
0.446805 0.241501 -0.197345
0.534094 0.314051 -0.276979
0.840204 0.163397 -0.513718
0.450750 -0.102811 0.432990
0.532919 -0.470564 -0.498342
1.064442 0.321155 -0.572616
0.376472 0.001097 -0.630942
0.591194 -0.147596 0.693404
0.444419 0.062047 -0.642480
0.443106 0.071967 -0.837091
0.580356 0.129924 -0.509960
0.682532 -0.365636 -0.631179
0.574296 0.196491 -0.795876
0.220966 0.181318 0.637576
0.637748 0.026199 0.496277
0.657113 -0.387935 -0.467801
0.533424 -0.511380 -0.300807
0.286106 -0.328948 -0.146692
0.888565 0.034723 -0.630725
0.866099 0.212170 0.514125
0.549078 0.350469 -0.415547
0.697936 0.156075 0.509689
0.416026 0.094626 0.506400
0.756351 -0.434627 -0.529062
0.703254 0.313396 0.651338
0.388943 0.132157 -0.593817
0.607973 0.204916 0.472868
0.407145 -0.156100 0.571299
0.964773 -0.258280 -0.450933
0.608991 0.329346 -0.306051
0.663759 0.334432 -0.135430
0.564365 0.239343 -0.475223
0.650647 0.108707 0.598742
0.270999 0.289799 0.466720
0.397883 -0.379588 -0.603362
0.352926 0.096181 -0.408835
0.623263 0.070577 -0.647870
0.415344 0.190496 -0.743993
0.811876 0.251711 -0.066114
0.319810 0.000973 -0.784634
0.438306 0.336143 0.489772
0.251347 0.005870 -0.596355
0.451835 -0.344952 0.327371
0.278712 -0.109161 0.717041
0.725243 -0.124544 0.483434
0.460353 -0.492961 -0.547537
0.251308 -0.082665 -0.696297
0.715797 -0.347624 0.656787
0.577149 -0.507791 -0.616712
0.710384 0.202268 -0.211614
0.813803 -0.115069 -0.622379
0.312645 -0.404191 -0.367316
0.383051 -0.052438 -0.545172
0.458108 -0.184074 -0.509709
0.589356 -0.022158 -0.597164
0.361380 -0.410909 0.214976
0.487611 0.278431 0.219261
0.263573 -0.098304 -0.245616
0.352380 0.034322 -0.254142
0.518010 0.163932 -0.602062
0.379272 -0.311082 0.479595
0.467824 -0.528587 -0.405669
1.003771 0.329065 -0.135382
0.293337 -0.295409 -0.550088
0.513106 0.282068 0.579606
0.159346 0.133035 0.456934
0.649043 -0.272510 -0.356626
0.355406 -0.152248 -0.417328
0.270830 -0.271475 -0.430316
0.305641 -0.311867 -0.640987
0.644668 -0.438480 -0.374141
0.323383 -0.449078 -0.529403
0.394008 0.333355 0.349152
0.495140 0.287434 -0.548781
0.232781 -0.138503 0.274890
0.024826 -0.267136 -0.454080
-0.085562 -0.148892 -0.249463
-0.200172 -0.166177 -0.332424
-0.369546 0.075517 0.076405
-0.327670 -0.186056 -0.430829
-0.241491 0.191044 -0.064515
-0.097239 -0.112416 -0.551452
-0.179303 0.105733 0.028990
-0.367401 -0.241138 -0.506989
-0.219042 0.035734 -0.085671
-0.185979 -0.185134 -0.667174
-0.172580 0.000603 -0.049609
-0.366112 -0.146405 -0.544054
-0.263908 -0.083566 -0.240665
-0.270561 -0.381652 -0.704714
-0.238618 -0.159959 -0.128027
-0.299625 0.022468 -0.513292
-0.287677 0.280436 0.054350
-0.260565 0.246882 -0.549136
-0.116388 0.321657 0.124112
-0.100235 0.392506 -0.302547
-0.044557 0.552611 0.184620
0.168355 0.505080 -0.396012
0.322920 0.518443 0.223080
0.397275 0.631998 -0.114962
0.460555 0.702308 0.209449
0.693911 0.647222 -0.206964
0.665977 0.651586 0.292032
0.622412 0.653671 0.067822
0.712025 0.693089 0.323029
0.927990 0.610510 -0.008169
0.936579 0.388637 0.026425
-0.173137 -0.739698 -0.463373
-0.534591 -1.007960 -0.094807
-0.478316 -1.046179 -0.569384
-0.827032 -0.878397 -0.081033
-0.631311 -1.021659 -0.675513
-0.823439 -0.963853 0.301295
-0.725586 -1.062246 -0.324914
-0.768870 -0.911225 0.057567
-0.742954 -1.153949 -0.555656
-0.872860 -1.098893 0.361590
-0.777547 -1.184649 -0.400136
-0.911421 -1.093450 0.039050
-0.778737 -1.276882 -0.473794
-0.934277 -1.166938 0.443389
-0.616109 -1.231343 -0.134714
-0.828022 -1.341991 0.166008
-0.425196 -1.338831 -0.441242
-0.651583 -1.172340 0.673513
-0.235945 -1.059912 -0.116805
-0.357644 -1.173050 0.415396
0.213512 -0.918360 -0.404604
0.082795 -0.833097 0.871912
0.657156 -0.962071 0.122367
0.580688 -0.789935 0.527651
1.137120 -0.631479 -0.245030
0.924697 -0.434693 0.747980
1.169258 -0.612166 0.111872
1.038993 -0.426653 0.354591
1.256798 -0.465788 -0.138354
1.028973 -0.106367 0.607667
1.045894 -0.250910 0.158764
0.923673 -0.038069 0.420344
-0.510431 -0.649821 -0.460901
-0.801108 -0.429524 0.013328
-1.008865 -0.522114 -0.659950
-0.914090 -0.171083 0.401592
-1.190829 -0.410299 -0.593280
-0.854565 0.215557 -0.007738
-1.078312 -0.294294 -0.834146
-0.802977 -0.076283 0.093215
-1.305373 -0.557218 -0.739110
-0.976688 -0.024745 -0.308867
-1.350765 -0.387717 -1.229423
-1.091973 -0.318029 -0.095671
-1.486734 -0.838858 -0.913766
-1.399476 -0.399626 -0.474645
-1.463452 -0.596624 -1.494654
-1.372271 -0.294392 -0.136791
-1.368635 -0.139016 -0.934808
-1.260801 0.238046 -0.511498
-1.050329 0.336271 -1.379516
-0.991427 0.484057 -0.087955
-0.902116 0.479264 -0.656031
-0.774054 0.617617 -0.151179
-0.685596 0.552449 -0.849449
-0.531137 0.723331 0.061782
-0.311544 0.715834 -0.307377
0.096972 0.861452 -0.009303
0.242931 0.852744 -0.461938
0.347333 0.950842 0.240865
0.626657 0.813090 -0.135919
0.996575 0.869684 0.245885
0.870238 0.832105 -0.239822
1.020013 0.664227 -0.207034
-0.272623 -0.834071 -0.442759
-0.740456 -1.157585 -0.008575
-0.772242 -1.336874 -0.476883
-0.943192 -1.205794 -0.159601
-0.968989 -1.434619 -0.659313
-1.185792 -1.400073 0.449993
-1.201668 -1.461660 -0.258628
-1.298757 -1.242961 -0.026065
-1.232283 -1.542023 -0.758787
-1.409619 -1.262522 0.768267
-1.372269 -1.387502 -0.488971
-1.651604 -1.041495 0.221976
-1.324346 -1.241539 -0.830701
-1.699751 -0.842612 1.242876
-1.291782 -1.076544 -0.169167
-1.476059 -0.912440 0.557800
-0.845798 -1.055042 -0.776650
-1.194984 -0.654020 1.137648
-0.687642 -0.690906 -0.038636
-0.714970 -0.805144 0.756723
-0.327320 -0.587302 -0.718981
-0.369339 -0.226590 0.871834
0.164200 -0.410058 -0.083518
0.203779 -0.266699 0.824349
0.533023 -0.462767 -0.399174
0.618648 -0.301844 0.687613
1.092282 -0.624914 0.025776
0.984594 -0.256460 0.598882
1.083959 -0.308233 -0.262114
1.047682 0.030554 0.651362
1.227138 -0.156594 0.073348
1.129246 0.024886 0.640743
-0.498588 -0.638592 -0.375040
-0.749581 -0.449788 -0.085180
-1.115189 -0.566411 -0.426818
-1.034232 -0.484503 0.224363
-1.498050 -0.613988 -0.352680
-1.301829 -0.312564 0.002582
-1.496129 -0.648526 -0.601596
-1.338366 -0.505701 0.055142
-1.692288 -0.758797 -0.364581
-1.595638 -0.373543 0.142465
-1.957674 -0.518439 -0.640677
-1.867325 -0.473491 0.161642
-2.118446 -0.527660 -0.456261
-2.053534 -0.327931 0.099394
-2.265862 -0.225984 -0.965339
-2.122798 -0.067205 -0.079461
-1.873190 0.212105 -0.544073
-1.730599 0.400554 -0.062518
-1.500817 0.374419 -0.786102
-1.309700 0.507494 -0.055318
-1.163085 0.548448 -0.249341
-1.106065 0.677026 0.163819
-0.997572 0.667864 -0.318142
-1.013444 0.676841 0.097733
-0.893768 0.742759 -0.135922
-0.686768 0.925266 0.199251
-0.342219 0.943263 -0.090930
-0.208327 0.994388 0.151061
-0.042624 0.951278 -0.274432
0.380428 0.997685 0.305339
0.577070 0.956666 -0.004288
1.027451 0.733277 -0.193803
-0.275323 -0.828815 -0.416255
-0.700896 -1.135828 -0.034862
-0.762092 -1.389277 -0.456605
-1.051099 -1.428860 -0.193275
-1.021173 -1.571638 -0.792912
-1.425845 -1.381309 0.435489
-1.298233 -1.582918 -0.676994
-1.540919 -1.504206 0.036787
-1.137249 -1.817522 -1.164702
-1.497641 -1.459427 0.654047
-1.257386 -1.441050 -1.036090
-1.843686 -1.110538 0.279243
-1.421057 -1.337005 -1.277192
-1.913225 -0.982847 0.910559
-1.413456 -0.987537 -0.670820
-1.825272 -1.082697 0.466469
-1.103710 -0.757280 -0.826307
-1.483570 -0.616515 0.433673
-1.020963 -0.549215 -0.535176
-1.191561 -0.542516 0.096076
-0.834886 -0.181711 -0.712701
-0.872319 0.086163 0.472035
-0.543672 -0.133901 -0.241744
-0.734290 0.072024 0.381641
-0.325541 -0.002279 -0.103254
0.023106 -0.070114 0.610033
0.510776 -0.553675 0.060502
0.521941 -0.306885 0.421681
0.731043 -0.325577 0.083910
0.951252 0.318122 0.445826
1.231824 -0.068932 0.274569
1.023934 0.226544 0.503929
-0.362736 -0.616448 -0.310463
-0.625545 -0.194928 0.150663
-0.700585 -0.393417 -0.657541
-0.884036 -0.330143 0.729543
-1.125140 -0.521526 -0.539704
-1.314836 -0.239316 0.353793
-1.105143 -0.625453 -1.061365
-1.520059 -0.391940 0.729796
-1.549714 -0.705303 -0.791402
-1.832250 -0.422521 0.343518
-1.519189 -0.537883 -1.213575
-1.895783 -0.470812 0.910306
-1.918867 -0.655610 -1.129715
-2.179952 -0.569171 0.318011
-1.859921 -0.201356 -1.707288
-2.324992 0.117245 0.619769
-1.815352 0.087061 -1.217730
-1.922505 0.332482 0.086594
-1.279752 0.311975 -1.292613
-1.462860 0.745364 0.749591
-1.167769 0.582680 -0.614416
-1.241129 0.757945 0.070106
-0.820907 0.695138 -0.668007
-0.994270 0.902065 0.519695
-0.732573 0.812850 -0.231823
-0.765750 0.993773 -0.045067
-0.492269 1.043151 -0.482341
-0.511249 1.234154 0.267871
-0.303822 1.104972 -0.220712
0.179717 1.040990 0.160178
0.325403 1.066506 -0.228709
0.794589 0.820121 -0.209016
-0.349209 -1.031373 -0.293970
-0.801378 -1.317207 0.250306
-0.670583 -1.599697 -0.473647
-1.048525 -1.323233 0.231965
-0.675689 -1.580361 -1.150995
-1.289860 -1.377340 1.137223
-0.792182 -1.479212 -0.725934
-1.215333 -1.290599 0.519453
-0.736366 -1.545536 -1.696074
-1.673598 -1.158221 1.198510
-0.907354 -1.232481 -1.235242
-1.611895 -0.983713 0.729904
-0.816623 -1.116084 -1.704853
-1.891815 -0.761300 1.562382
-0.975895 -0.836830 -0.801443
-1.458130 -0.907105 0.933002
-0.927203 -0.634347 -1.434415
-1.571322 -0.278433 1.219830
-1.019238 -0.334860 -1.017134
-1.167734 0.007672 0.524658
-0.833491 -0.107803 -1.351697
-1.137715 0.418350 1.032576
-0.607941 0.065659 -0.744255
-0.517549 0.290324 0.485376
-0.146637 0.346597 -0.841596
0.017832 0.375665 0.668182
0.406966 0.089645 -0.135733
0.540576 -0.005602 0.325675
0.582989 0.288907 -0.447719
0.781256 0.529489 0.399744
1.083113 0.247168 0.078093
1.000476 0.410618 0.380134
-0.343056 -0.745890 -0.128146
-0.763317 -0.525258 0.351114
-0.791240 -0.676837 -0.338768
-1.032386 -0.631920 0.723464
-1.035898 -0.719759 -0.414946
-1.131704 -0.345683 0.446061
-0.747117 -0.642916 -0.841151
-1.111948 -0.393839 0.428908
-1.074180 -0.673257 -0.737372
-1.607499 -0.422094 0.444738
-1.228930 -0.761092 -1.060870
-1.667143 -0.628609 0.328337
-1.576455 -0.775362 -1.066912
-1.934901 -0.718971 0.277168
-1.631206 -0.724061 -1.594748
-1.876899 -1.241593 0.157336
-1.633802 0.054803 -1.321864
-1.881058 0.446583 0.703795
-1.279435 0.166531 -1.090480
-1.435085 0.655983 0.583275
-1.206121 0.686369 -0.489141
-1.324692 0.900294 0.910971
-0.755935 0.673520 -0.593104
-0.873033 0.889778 0.520346
-0.643737 0.864276 -0.147590
-0.744605 1.117840 0.637187
-0.554652 1.130517 -0.408117
-0.554317 1.270099 0.185189
-0.362378 1.220852 -0.268369
-0.160519 1.166372 0.358878
0.044130 1.171989 -0.083802
0.593729 0.858927 -0.190656
-0.215116 -1.131712 -0.067651
-0.705027 -1.386503 0.470739
-0.549343 -1.664929 -0.103594
-0.951067 -1.771538 0.329325
-0.642400 -1.780235 -0.821611
-1.228587 -1.545533 1.218211
-0.698874 -1.493925 -0.238168
-1.080940 -1.368153 0.487754
-0.765015 -1.510633 -1.133808
-1.507440 -1.557377 1.106426
-0.797638 -1.167836 -0.626968
-1.477332 -0.910492 0.429143
-0.933200 -1.134413 -1.104782
-1.559302 -0.848095 1.041451
-0.949873 -0.899684 -0.205098
-1.236611 -1.034824 0.642581
-1.118290 -1.111128 -0.583549
-1.541354 -1.264120 0.759271
-1.253637 -0.443669 -0.818180
-1.274353 0.023945 0.214214
-0.733372 -0.303904 -1.098412
-0.993904 0.325692 0.690517
-0.630420 0.077309 -0.651359
-0.634008 0.485637 0.393442
-0.042718 0.208422 -0.839960
-0.136624 0.239145 0.449261
0.143403 -0.068768 -0.363161
0.128402 0.166218 0.156457
0.590727 0.365982 -0.443712
0.779357 0.484524 0.232599
1.040129 0.028548 0.260741
0.908985 0.320145 0.366749
-0.343013 -0.765685 0.079594
-0.747582 -0.568885 0.187649
-0.664188 -0.865680 -0.498235
-0.975893 -0.867898 0.706694
-0.933840 -0.642395 -0.636621
-0.951672 -0.436052 0.242703
-0.696338 -0.692005 -1.415488
-1.191529 -0.511184 0.644332
-1.079396 -0.669667 -1.334579
-1.054168 -0.396712 0.370503
-0.574355 -0.720365 -1.541879
-1.081288 -0.527593 0.906542
-1.231159 -0.933372 -1.510866
-1.293696 -0.962499 0.532565
-1.156769 -0.702468 -1.880571
-1.480700 -0.787337 0.565543
-1.494416 -0.324343 -1.623315
-1.596362 0.250801 0.123162
-1.160381 0.183206 -1.351966
-1.558811 0.773070 0.904864
-1.155420 0.488448 -1.012922
-1.190607 0.853978 0.516339
-0.609353 0.695436 -0.937387
-0.887183 0.953473 0.833150
-0.365547 0.706718 -0.684456
-0.321031 1.087842 0.493407
-0.095148 1.184480 -0.785362
-0.304039 1.361912 0.277619
-0.019055 1.258585 -0.345025
0.128634 1.280072 0.384367
0.296036 1.281358 -0.305169
0.754863 0.942470 -0.185614
-0.052313 -1.087259 0.021994
-0.523139 -1.260755 0.709409
-0.267572 -1.666436 -0.115534
-0.704509 -1.757089 0.663413
-0.202865 -1.518316 -1.037925
-1.057582 -1.364201 1.518007
-0.700155 -1.419619 -0.510039
-1.022604 -1.295358 0.981907
-0.462840 -1.376831 -1.470759
-1.459496 -1.184951 1.849285
-0.563541 -1.179461 -0.977519
-1.216841 -0.637877 0.989586
-0.270402 -1.131490 -1.549541
-1.580777 -0.587651 1.823043
-0.553335 -0.919334 -0.517813
-1.128314 -0.627048 1.183387
-0.562756 -0.744411 -1.104817
-1.355948 -0.514067 1.471453
-0.653228 -0.483252 -0.928791
-0.937611 0.000647 0.608101
-0.384708 -0.204986 -1.396168
-0.820395 0.416308 1.068511
0.005125 0.099693 -0.933043
-0.058316 0.594438 0.513301
0.577147 0.316109 -0.969769
0.171579 0.636813 0.620887
0.771484 0.357670 -0.536989
0.746286 0.721165 0.328445
0.937024 0.515307 -0.621710
0.964662 0.769323 0.270978
1.164462 0.446405 -0.267453
1.097637 0.491415 0.050686
-0.309722 -0.602403 0.164119
-0.649325 -0.368949 -0.031930
-0.472778 -0.631883 -0.137250
-0.781921 -0.637132 0.425061
-0.758124 -0.713840 -0.244353
-0.937452 -0.544990 0.224611
-0.487658 -0.951962 -1.010488
-0.873141 -0.921294 0.671771
-0.589651 -0.757833 -0.977827
-0.929037 -0.340544 0.613912
0.125084 -0.760964 -1.097142
-0.314400 -0.458556 1.109859
-0.397664 -0.684571 -0.935458
-0.887047 -0.455936 0.746238
-0.390730 -0.504931 -1.552187
-0.736728 -0.285124 0.722326
-0.847718 -0.118868 -1.298398
-1.098866 0.369048 0.800301
-0.435634 0.216818 -1.276777
-0.486861 0.707062 0.692853
-0.358759 0.630172 -1.031531
-0.606260 0.857112 0.981242
0.218880 0.692572 -0.872952
0.035323 0.967171 0.756086
0.336798 0.826825 -0.661049
-0.180127 1.237332 1.019941
0.244657 1.027336 -0.617572
0.215949 1.228414 0.684209
0.479390 1.251367 -0.624465
0.545746 1.213421 0.310945
0.587142 1.224253 -0.103859
0.876202 0.872856 -0.107710
-0.021500 -0.825208 -0.065394
-0.419878 -1.134477 0.365843
-0.249735 -1.194241 0.116427
-0.493032 -1.201195 0.270402
-0.120298 -1.337470 -0.644713
-0.794002 -1.498083 1.054642
-0.319351 -1.208075 -0.258216
-0.857584 -0.977257 0.508304
-0.242122 -1.398284 -0.847071
-1.002611 -1.148465 1.355482
0.016002 -1.120446 -0.430234
-0.567923 -0.667129 1.018499
0.028708 -1.076993 -0.688260
-0.937910 -0.633430 1.433089
-0.143246 -0.761116 -0.095440
-0.660489 -0.432656 1.090002
-0.463195 -0.702910 -0.579012
-0.686229 -0.738201 1.286992
-0.076454 -0.546842 -0.395908
0.091389 -0.325945 0.626083
0.276969 -0.064229 -0.943383
0.401873 0.227501 0.550785
0.841971 0.273816 -0.737210
0.804051 0.517267 0.062350
0.931480 0.275280 -0.598529
0.899076 0.594133 0.515658
1.108163 0.448605 -0.335148
1.231774 0.804429 0.351928
1.128904 0.565039 -0.339566
1.012905 0.718252 0.340254
1.103196 0.391308 -0.081155
0.986749 0.243486 0.235742
-0.202860 -0.421389 -0.179188
-0.606064 -0.178703 -0.230186
-0.504607 -0.496502 -0.467695
-0.909611 -0.459024 0.369057
-0.337980 -0.558917 -0.493973
-0.171963 -0.255767 0.303935
0.754143 -0.739869 -0.971254
-0.013886 -0.480712 1.147563
0.464380 -0.699453 -0.921830
0.107978 -0.291414 0.738788
0.918289 -0.615118 -1.114877
0.100863 -0.368771 1.323524
0.163435 -0.518563 -1.082356
-0.031873 -0.286166 0.878016
0.484631 -0.294420 -1.540244
-0.113399 0.035745 1.280131
-0.016366 -0.110035 -1.238593
0.300014 -0.223147 0.790215
0.811441 0.322957 -1.380707
0.570100 0.677517 0.976289
0.769010 0.498781 -1.217972
0.688775 0.833294 0.759426
1.086558 0.694408 -1.176464
0.715248 0.979732 1.144145
1.044723 0.800440 -0.698799
0.902813 1.222192 0.718878
1.018685 1.078798 -1.043379
0.937565 1.147932 0.332383
0.948861 1.030870 -0.450212
0.780851 1.183050 0.420645
0.934893 1.245818 -0.418445
1.009338 0.899582 -0.202177
-0.008914 -0.601070 -0.340338
-0.431307 -0.984750 0.326196
-0.045576 -1.451343 -0.188654
-0.366420 -0.865909 0.143330
0.470822 -1.250220 -0.969727
-0.298574 -0.981124 1.111401
0.864591 -1.119547 -0.592792
0.197122 -0.672591 0.878619
0.886857 -1.293806 -1.127718
-0.442900 -0.774114 1.746496
0.904370 -1.048941 -0.714197
0.234483 -0.555834 1.287406
0.939694 -0.949115 -1.243148
-0.591994 -0.490863 2.005365
0.595494 -0.682726 -0.575857
-0.036852 -0.299406 1.522798
0.475761 -0.486633 -1.161069
-0.591828 -0.194105 1.999890
0.437228 -0.521963 -0.658458
0.289763 -0.104597 1.272677
0.667505 0.015439 -1.169449
0.077630 0.361212 1.420549
0.970040 0.132257 -0.844277
1.097589 0.498471 0.868009
1.134703 0.309811 -0.912688
1.005478 0.630109 0.848309
1.189193 0.629216 -0.340953
1.181804 0.804208 0.589742
1.195984 0.738100 -0.346919
1.086251 0.731410 0.477170
1.274892 0.536052 -0.176023
1.182941 0.153938 0.155869
-0.188621 -0.260980 -0.332466
-0.507912 0.152412 -0.142745
-0.335257 -0.178094 -0.478039
-0.429872 -0.050409 0.158019
0.068159 -0.470154 -0.365237
0.175150 -0.139746 0.618855
0.827077 -0.587181 -0.453615
0.656309 -0.416370 0.930839
0.857948 -0.546796 -0.370411
0.761710 -0.172470 0.498925
0.965825 -0.516323 -0.458651
0.617257 -0.387685 0.863550
0.786736 -0.372809 -0.560574
0.355416 0.108247 0.608828
0.652946 -0.122324 -0.568957
0.378459 0.077887 1.028813
0.551455 0.140819 -0.996752
0.188851 0.531987 0.796460
0.606699 0.346010 -0.834248
0.691873 0.583036 1.155188
0.927897 0.598542 -0.884985
0.592824 0.893056 1.387652
0.915404 0.720859 -0.686420
0.860189 0.978407 1.439081
1.130672 0.878805 -0.850352
0.911328 1.159357 1.363533
1.019770 0.938851 -0.526783
0.932886 1.112051 0.900774
1.097309 1.136991 -0.667520
1.058604 1.092577 0.380293
1.044718 1.345635 -0.062613
1.101889 0.769013 0.018386
0.176946 -0.487997 -0.423409
-0.203857 -0.950954 0.128495
0.111059 -1.324766 -0.109214
-0.009850 -0.644653 -0.053543
0.271379 -1.067139 -0.690757
0.023065 -0.699064 0.409378
0.682691 -0.918444 -0.344301
0.728377 -0.589001 0.742535
1.057865 -0.931024 -0.169813
0.524850 -0.714402 1.298976
1.099370 -0.735115 -0.500810
0.722653 -0.474949 0.991908
0.933958 -0.691624 0.080589
0.354391 -0.498233 1.393566
0.753247 -0.584799 -0.671020
0.253575 -0.168981 1.003973
0.513415 -0.438847 -0.030642
0.221263 -0.239720 1.478599
0.832039 -0.307178 -0.806507
0.743756 0.085663 0.816635
0.804360 -0.113838 -0.151528
0.622924 -0.042227 1.156705
0.983700 0.078431 -0.612990
0.886600 0.402984 0.633505
1.133110 0.230717 -0.265541
1.044161 0.315207 0.775202
1.094108 0.316417 -0.374547
1.056551 0.560117 0.515915
1.171256 0.536312 -0.229503
1.119051 0.643402 0.443390
1.119860 0.224070 -0.049492
1.085403 0.238680 0.310944
0.300914 -0.179930 -0.293512
0.114779 0.234581 0.073351
0.470854 -0.241629 -0.531262
0.341453 0.154657 0.316013
0.575704 -0.298857 -0.347058
0.914712 -0.086522 0.496770
1.300688 -0.624108 -0.546354
1.009359 -0.364498 0.990326
1.135309 -0.426256 -0.373315
1.084676 -0.241013 0.554913
1.337525 -0.446961 -0.630032
0.911143 -0.246060 0.999543
1.109145 -0.251469 -0.636049
0.934932 0.031021 0.734774
1.133590 -0.015356 -1.067727
0.517937 0.062563 1.123588
0.860472 0.037937 -0.710570
0.795163 0.313975 0.548378
1.070085 0.318128 -1.133315
0.652566 0.467034 1.236682
0.934578 0.299255 -0.904773
0.901968 0.777930 0.779104
1.214139 0.739773 -1.288207
0.723636 0.934656 1.531281
1.021374 0.625969 -0.789655
0.980345 1.203078 0.994186
1.106500 1.095925 -0.940178
0.993877 1.253337 0.910359
1.027735 1.006541 -0.336256
1.090974 1.327072 0.496092
1.176484 1.325533 -0.262366
1.192355 0.894365 -0.015740
0.672852 -0.456187 -0.473258
0.302205 -0.645604 0.042363
0.582860 -1.443586 -0.407220
0.456698 -0.617389 0.275414
0.912790 -1.182366 -0.890715
0.590773 -0.639725 1.006689
1.233545 -1.015046 -0.498683
0.956226 -0.803646 1.282885
1.261563 -1.066686 -0.837027
0.595768 -0.716911 1.855079
1.364341 -0.784638 -0.566803
0.895182 -0.464614 1.418618
1.246397 -0.798999 -0.922855
0.551912 -0.267343 1.904867
1.314074 -0.462278 -0.588858
0.828156 -0.059544 1.485496
1.089521 -0.425723 -1.155903
0.324443 0.073333 1.922107
1.183458 -0.176469 -0.712794
0.748868 0.203602 1.323621
1.127178 -0.056144 -1.220604
0.556947 0.467923 1.770472
1.309197 0.072858 -0.931816
1.051199 0.637152 1.285815
1.230415 0.341227 -1.359599
0.982512 0.785129 1.119243
1.273347 0.363411 -0.394842
1.186260 0.899658 0.893769
1.244428 0.537411 -0.408695
1.025210 0.676412 0.870484
1.332276 0.407891 -0.231652
1.252337 0.316591 0.382595
0.491380 -0.227889 -0.307673
0.449338 0.152853 0.180565
0.598807 0.033246 -0.334917
0.976196 0.072573 0.434754
1.073341 -0.220026 -0.074455
1.250024 -0.176419 0.639770
1.174091 -0.327644 0.060227
1.280200 -0.347285 0.796867
1.195282 -0.333692 -0.218916
1.417310 -0.179591 0.575312
1.247945 -0.186018 -0.070621
1.252679 -0.145695 0.797524
1.307102 -0.141909 -0.304447
1.420473 0.034191 0.534749
1.273396 0.094133 -0.148176
1.244079 0.152125 0.766687
1.339382 0.143388 -0.400258
1.357102 0.274139 0.370448
1.278237 0.358808 -0.301168
1.182152 0.513059 0.493156
1.280123 0.479464 -0.629573
1.322894 0.693876 0.518861
1.225980 0.699182 -0.443671
1.128507 0.935933 1.050050
1.232892 0.821678 -0.591951
1.174349 1.152834 1.140422
1.116086 0.868411 -0.259593
1.047461 1.211102 0.971743
1.077605 1.055637 -0.610825
1.198379 1.208284 0.319525
1.055167 1.220595 0.191956
1.185147 0.761622 -0.083139
0.734628 -0.488632 -0.044408
0.575518 -0.945852 0.410341
0.874405 -1.432980 0.209399
0.764622 -0.533734 0.417725
0.922999 -0.759772 -0.088162
0.902694 -0.703280 1.016125
1.127331 -0.608301 0.334922
1.240633 -0.737443 0.978277
1.193346 -0.569221 0.489887
1.091886 -0.730372 1.302341
1.158504 -0.415035 0.311866
1.207348 -0.448215 1.058334
0.996973 -0.316517 0.401659
1.033255 -0.323601 1.252280
1.089025 -0.203387 0.182886
1.166101 -0.074028 1.030522
0.891964 -0.067725 0.262395
0.872336 -0.006796 1.264414
0.972749 0.004936 0.185300
1.035167 0.016895 0.979312
0.819042 0.210310 0.096873
0.850791 0.387237 0.964397
0.988047 0.194706 -0.068761
1.079713 0.596410 0.804795
0.923248 0.386626 -0.045273
1.062971 0.703542 0.687575
1.162906 0.356895 -0.217818
1.180685 0.850006 0.701587
1.091121 0.486146 0.241423
1.171128 0.785894 0.628154
1.202089 0.422884 -0.022128
1.138745 0.520344 0.504050
0.802581 -0.215558 0.391790
0.758277 -0.200961 0.618656
0.808449 0.087037 0.101547
0.933823 -0.151518 0.592751
0.886564 -0.062761 0.596959
1.115616 -0.386019 0.480484
1.322580 -0.266742 0.099276
1.242274 -0.530591 0.700668
1.297306 -0.292279 0.376317
1.285107 -0.371018 0.596736
1.492636 -0.204210 0.173936
1.236548 -0.257726 0.710733
1.341691 -0.085011 0.350399
1.297438 -0.044991 0.531876
1.434982 0.039415 0.021847
1.222406 0.057094 0.703043
1.362370 0.102055 0.282163
1.252812 0.204434 0.328835
1.365746 0.323103 -0.075694
1.173227 0.471105 0.442059
1.318936 0.477924 0.092551
1.295770 0.565464 0.394949
1.364901 0.604644 -0.168279
1.276453 0.781455 0.585082
1.320852 0.702109 0.146967
1.291131 0.972209 0.619879
1.292473 0.858009 -0.017515
1.272820 1.074219 0.533345
1.247127 0.870699 0.251827
1.133535 0.998946 0.369746
1.130966 0.878571 0.173551
1.114344 0.415819 0.136380
0.950606 -0.382024 0.256054
0.795102 -0.512723 0.621935
0.914317 -0.717395 0.698955
0.834224 -0.566868 0.796150
1.005271 -0.393065 0.652699
0.986793 -0.498717 0.984542
1.157569 -0.483654 0.878401
1.130150 -0.628794 0.991802
1.154841 -0.492931 0.774779
1.063754 -0.484547 0.930856
1.189315 -0.369943 0.798546
1.088139 -0.316784 0.842976
1.032602 -0.255114 0.611410
0.935170 -0.160875 0.842309
1.059126 -0.089188 0.655889
0.975927 -0.026281 0.820423
0.944158 0.023489 0.550748
0.833427 0.104881 0.791686
0.917427 0.096018 0.527316
0.881652 0.281714 0.647800
0.931914 0.321346 0.297251
0.846471 0.521904 0.648046
1.014230 0.414197 0.309226
1.028253 0.634236 0.640391
1.039018 0.490575 0.218523
1.067542 0.819803 0.629091
1.132846 0.594341 0.420276
1.214806 0.872496 0.610043
1.170750 0.621181 0.338836
1.114367 0.792803 0.583723
1.182065 0.444377 0.334582
1.116746 0.370240 0.503747
