0.837464 -0.148942 -0.483662
0.630288 -0.086369 -0.282628
0.622804 -0.141607 0.088290
0.420969 0.185345 -0.230867
0.484908 -0.278035 0.345518
0.907868 0.447871 -0.227315
0.310387 -0.005961 0.279274
0.483189 0.377041 0.112644
0.982359 0.216712 -0.164606
0.408107 0.253863 -0.054837
0.331515 0.170947 0.256397
0.427295 0.107515 0.163891
0.343887 0.275257 0.445481
0.484057 0.026303 0.853370
0.278071 0.270395 0.305573
0.976120 -0.374851 -0.252107
0.542586 -0.122108 -0.460460
0.822621 -0.297166 -0.132149
0.345650 0.128164 0.022545
0.359258 0.266190 -0.364196
0.533197 -0.140862 0.283367
0.737196 0.458166 -0.070163
0.712472 0.123085 -0.270710
0.478077 0.041052 -0.394938
0.286437 0.015580 0.456974
0.654991 -0.052587 0.666963
0.284457 0.328026 -0.032640
0.656781 -0.248374 0.214453
0.219286 0.141241 -0.034184
0.602054 -0.058959 -0.183698
0.219471 0.169579 -0.447183
0.473159 0.059957 -0.290745
0.640888 0.189600 -0.361482
0.560746 -0.019143 -0.314350
0.730643 0.042816 -0.508491
0.631821 0.182489 -0.093724
0.961952 -0.168180 -0.128487
0.518306 0.118909 -0.456303
0.540725 0.104354 0.479768
0.493028 0.148719 -0.275103
0.334703 0.121979 0.169204
0.385587 0.189324 0.170705
0.390347 -0.245547 0.232951
0.386304 -0.146017 -0.511952
0.356274 0.042306 -0.078713
0.454118 -0.102896 -0.209645
0.128576 -0.163356 0.207822
0.680948 0.181997 0.426880
0.296486 0.134134 -0.245814
0.760516 -0.160535 0.492950
0.931973 -0.279727 0.057944
0.583385 0.099065 -0.105994
0.430263 0.300725 0.136876
0.340320 -0.061898 0.707453
0.350436 -0.156568 0.304049
0.693824 -0.165710 0.245931
0.980464 -0.087638 -0.558511
0.526304 0.460347 0.153418
0.195671 0.163248 -0.328200
0.810614 0.082465 -0.364987
0.426851 0.004146 -0.537654
0.559255 0.291248 -0.413419
0.253749 -0.139154 0.063018
0.403194 -0.197441 0.078297
0.401152 -0.046466 -0.099950
0.705474 -0.077357 -0.612976
0.278570 0.229647 0.071258
0.360393 0.040330 0.545380
0.501184 0.436399 0.340421
0.195202 0.096733 0.568538
0.595995 0.364267 0.213756
0.706044 0.078276 -0.376422
0.227534 0.067386 0.332269
0.550147 -0.100925 0.335059
0.979905 0.291509 -0.692915
0.554276 0.046314 -0.167560
0.538270 -0.026976 0.319878
0.513686 -0.044224 -0.241539
0.348334 -0.075588 0.389350
0.488759 0.373653 0.015567
0.479409 -0.102743 -0.111728
0.245748 -0.099196 0.218174
0.987452 0.151003 -0.412189
0.048329 0.052224 0.386291
0.549443 -0.133198 -0.293793
0.375464 0.009004 -0.394137
0.701908 -0.160062 -0.335362
0.755640 -0.089311 -0.360386
0.238212 0.261194 -0.129721
0.912855 0.027026 -0.312642
0.085857 -0.090273 0.236672
0.733647 -0.292221 0.075852
0.511934 0.217159 0.606284
0.165713 0.082577 0.250379
0.626957 0.078260 0.220793
0.640009 0.029690 0.359258
0.388797 -0.169343 -0.063618
0.783959 0.154255 -0.759360
0.566886 -0.075778 -0.039580
0.463187 -0.069471 -0.387420
0.232088 0.111429 0.132736
0.381072 0.310903 0.063376
0.752680 -0.014370 -0.366538
0.534206 -0.186486 0.661784
0.533065 -0.027117 -0.465060
0.775034 0.349519 -0.525686
0.278983 0.144699 0.079956
0.436928 0.328464 -0.104660
0.398449 0.022222 0.323234
0.600887 0.051193 -0.577048
0.176080 0.234152 0.040731
0.629789 -0.062648 -0.430566
0.415037 -0.137035 0.339073
0.537900 0.222020 0.129015
0.787459 -0.125840 -0.243674
0.238290 0.031019 -0.187737
0.274128 -0.223412 0.383786
0.654406 0.022183 -0.290105
0.812193 0.162468 -0.447696
0.337822 0.249538 -0.195452
0.525844 -0.167477 0.188845
0.484179 -0.278630 0.094154
0.628368 -0.244100 -0.629678
0.609068 0.159455 -0.018864
0.674000 0.051782 -0.133222
0.555422 0.262743 0.009581
0.563775 0.102974 -0.317346
0.513675 0.223129 0.294299
0.624350 -0.331513 -0.205472
0.141539 0.140957 -0.140368
0.660336 0.177814 -0.250513
0.433110 -0.278436 -0.384844
0.354047 0.192289 -0.132498
0.687857 0.383627 0.104942
0.253022 -0.072475 -0.534576
0.424366 -0.223680 0.515553
0.587316 0.334719 0.093753
0.326451 0.185221 0.136630
0.333793 0.012079 -0.290103
0.660702 0.391663 -0.291088
0.935093 -0.189876 -0.816194
0.229424 0.221258 -0.272158
0.148461 -0.140657 0.400313
0.406819 0.135622 -0.187517
0.454448 0.036303 0.365651
0.402500 -0.079865 0.193509
0.400917 0.128180 -0.289390
0.269450 -0.119231 0.522281
0.212763 0.155894 0.154766
0.446848 0.266461 -0.000343
0.912233 -0.003259 -0.197905
0.771820 0.245345 -0.298976
0.525446 0.106677 -0.238163
0.627850 0.014162 -0.864149
0.434941 -0.079897 -0.696454
0.343783 0.114010 0.296658
0.517289 0.250909 0.089370
0.241672 0.196849 -0.149407
0.983386 -0.309341 -0.513697
0.214191 0.158212 0.416953
0.193339 -0.041607 -0.312608
0.954645 0.059158 -0.860977
0.815438 0.118510 -0.187664
0.416131 0.200222 0.377933
0.504546 0.170328 -0.162705
0.686418 0.295493 -0.192712
0.704115 -0.032773 -0.237981
0.485535 0.186079 -0.060932
0.699208 0.129924 -0.150719
0.410400 -0.043887 -0.284102
0.660958 0.223586 0.097281
0.239372 0.176741 0.236243
0.345687 0.119343 0.391294
0.561025 0.452798 0.043147
0.651097 0.002203 -0.464749
0.470052 0.239529 0.191879
0.759788 0.200330 -0.135343
0.736144 0.034321 -0.216922
0.333288 -0.180044 0.060534
0.424582 -0.067340 0.252949
0.851925 0.303286 -0.085600
0.376364 0.180125 -0.041023
0.527836 0.283609 -0.054853
0.872511 0.177509 -0.314223
0.330263 0.003379 0.166792
0.560962 -0.201977 -0.165599
0.967100 0.357286 -0.383965
0.327461 0.082775 -0.372340
0.454109 -0.070286 0.448571
0.443492 0.127701 -0.354229
0.417063 0.125567 -0.698014
0.630071 0.116253 -0.202735
0.721331 -0.220469 -0.468995
0.612367 0.209236 -0.610145
0.151384 0.155668 0.339770
0.490428 0.061901 0.169534
0.703118 -0.204460 -0.214227
0.515445 -0.170903 -0.009356
0.193060 -0.083042 0.102087
0.876435 0.081437 -0.544374
0.759162 0.227498 0.176147
0.548846 0.327826 -0.144692
0.563282 0.151628 0.160270
0.295179 0.089911 0.231500
0.804605 -0.263154 -0.318425
0.626760 0.334409 0.344921
0.324470 0.162099 -0.327550
0.485227 0.148242 0.179373
0.256267 -0.047889 0.350550
0.946337 -0.146690 -0.349999
0.623812 0.322011 -0.101338
0.652792 0.326212 -0.005374
0.590501 0.199551 -0.185578
0.522660 0.124772 0.283998
0.174541 0.287745 0.211003
0.406804 -0.147135 -0.298882
0.286783 0.147009 -0.125724
0.660493 0.130633 -0.470466
0.393984 0.204748 -0.501782
0.792488 0.275936 0.103195
0.244385 0.102326 -0.634050
0.333661 0.353882 0.204408
0.113928 0.117353 -0.301349
0.333815 -0.172564 0.234601
0.122655 -0.054794 0.496718
0.598597 -0.050580 0.203710
0.468716 -0.214207 -0.220539
0.176120 0.037819 -0.461556
0.602551 -0.271405 0.480397
0.615593 -0.279300 -0.369031
0.731439 0.175329 -0.021161
0.769487 -0.024385 -0.500420
0.294030 -0.124376 0.003108
0.297498 0.074493 -0.246331
0.417452 -0.002631 -0.215393
0.608692 0.050109 -0.382764
0.221636 -0.214886 0.144994
0.418170 0.193818 0.085490
0.089159 0.007390 -0.007396
0.256581 0.041956 -0.021024
0.552992 0.184094 -0.289560
0.245149 -0.169739 0.355175
0.451100 -0.252695 -0.064712
0.896803 0.455007 0.062946
0.302519 -0.045615 -0.222255
0.403488 0.276310 0.273651
0.020129 0.100543 0.136180
0.745680 -0.083282 -0.093999
0.276945 0.021595 -0.066100
0.224817 -0.084004 -0.081568
0.292787 -0.120851 -0.349659
0.668895 -0.182365 -0.075369
0.316093 -0.202477 -0.173771
0.252296 0.335688 0.118401
0.504445 0.262938 -0.290495
0.111238 -0.002474 0.124965
0.181226 0.394504 -0.433522
0.157758 0.620810 -0.331794
0.093514 0.651556 -0.246026
0.123709 0.742367 -0.213766
0.068367 0.655317 -0.219125
0.011358 0.716125 -0.289461
-0.031625 0.588272 -0.409101
-0.102396 0.649765 -0.302465
-0.207061 0.497985 -0.281871
-0.117601 0.670770 -0.256159
-0.106858 0.631070 -0.342120
-0.003768 0.816343 -0.204218
-0.036007 0.707649 -0.108922
0.100571 0.793442 -0.143458
0.178120 0.755692 -0.280517
0.250301 0.795471 -0.176543
0.128300 0.735834 -0.165867
0.216166 0.777586 -0.254657
0.156899 0.684644 -0.351672
0.175050 0.704913 -0.204628
0.005588 0.590634 -0.188537
0.003991 0.617593 -0.289706
0.019695 0.590912 -0.430681
-0.037452 0.590941 -0.308992
-0.107269 0.615784 -0.320605
-0.091895 0.574886 -0.300231
0.015587 0.484542 -0.560328
0.023515 0.444841 -0.174368
0.049624 0.480267 -0.351426
0.169512 0.470231 -0.067550
0.401872 0.375291 -0.227143
0.543114 0.051500 -0.143233
0.209859 0.264504 -0.521178
0.057416 0.466069 -0.079381
0.064749 0.320495 -0.535098
-0.057547 0.510544 0.026972
-0.024198 0.290177 -0.577454
-0.324681 0.362037 0.127746
-0.410818 0.140721 -0.282435
-0.614511 0.202210 0.082423
-0.627850 0.051989 -0.388560
-0.700851 0.212073 0.244650
-0.474220 0.259611 -0.297811
-0.334210 0.545152 0.269715
-0.298049 0.614272 -0.356487
-0.197622 0.636853 0.310027
-0.051884 0.506433 -0.071127
0.016864 0.566041 0.160576
-0.030055 0.540207 -0.184201
-0.091077 0.511634 0.317838
-0.061089 0.369087 0.169635
-0.014982 0.357137 0.110431
-0.069481 0.377636 -0.175136
-0.251417 0.368286 0.427712
-0.317219 0.323521 0.079823
-0.362189 0.310242 0.011844
-0.269145 0.429285 -0.296359
-0.418370 0.313061 0.390058
-0.372287 0.230313 0.057803
-0.344487 0.077833 0.067756
-0.006227 0.077051 -0.211007
-0.214064 -0.034312 0.204688
0.153295 -0.022086 -0.035055
0.187860 -0.041844 -0.143184
-0.054264 0.577767 -0.371610
-0.290660 0.945187 0.035151
-0.577000 0.820560 -0.389118
-0.561539 0.874663 0.117394
-0.659364 0.644444 -0.431420
-0.626301 0.954527 -0.151565
-0.943767 0.602650 -0.656421
-0.913253 0.693450 0.041002
-1.202614 0.444044 -0.455035
-0.878485 0.756253 0.002251
-0.995439 0.639910 -0.412122
-0.602351 0.813799 0.137583
-0.902198 0.696278 -0.322005
-0.651990 0.815560 -0.069602
-0.988405 0.712672 -0.526782
-0.718773 0.733391 0.037255
-1.073535 0.729726 -0.220153
-0.881234 0.826759 -0.195275
-1.144043 0.766854 -0.541015
-0.848179 0.771183 -0.213840
-1.027142 0.603350 -0.045201
-0.949784 0.536469 -0.296871
-1.001709 0.654589 -0.657816
-0.970779 0.668128 -0.163306
-0.966572 0.670005 -0.375038
-0.901037 0.583838 -0.313766
-0.784281 0.720134 -0.993392
-0.723714 0.667420 -0.101775
-0.427613 0.621132 -0.531308
-0.136832 0.554707 -0.121691
0.131057 0.635548 -0.580614
0.393370 0.494888 -0.458706
0.164814 0.389100 -0.475021
-0.172318 0.666120 -0.153124
-0.248494 0.422377 -0.472744
-0.255505 0.433915 -0.080555
-0.309525 0.233478 -0.655632
-0.547656 0.250612 0.211501
-0.826854 0.100332 -0.535654
-0.880978 0.189547 -0.089366
-1.002907 0.064241 -0.796781
-1.014540 0.180536 0.212901
-0.986398 0.267895 -0.433345
-0.995916 0.358488 0.039943
-1.139342 0.479859 -0.371854
-1.056867 0.446568 0.396234
-0.950815 0.432154 0.085084
-0.985375 0.419914 0.397478
-1.039140 0.443884 -0.103999
-1.035799 0.493430 0.632493
-0.766844 0.537674 0.331111
-0.686650 0.524595 0.275498
-0.685048 0.550143 -0.053383
-0.717884 0.503109 0.478577
-0.693134 0.412426 0.271465
-0.576710 0.293313 0.135301
-0.576173 0.408937 -0.259159
-0.639630 0.368628 0.434024
-0.455494 0.314383 0.130114
-0.300793 0.118247 0.231897
-0.051838 0.202830 -0.351466
-0.090209 0.032890 0.334330
0.376896 -0.025470 -0.077194
0.421251 -0.114666 0.223212
-0.134031 0.664548 -0.240185
-0.362498 1.072641 0.083339
-0.677414 0.960726 -0.258976
-0.681728 1.029958 0.196075
-0.916523 0.813036 -0.177435
-0.815905 1.166193 -0.157832
-1.000971 0.764065 -0.504659
-0.756792 0.846072 -0.069433
-1.159632 0.528365 -0.272198
-0.716415 0.784134 -0.178761
-0.975096 0.496716 -0.307292
-0.661272 0.659404 0.131532
-1.269259 0.662707 0.011409
-1.153868 0.767210 0.116747
-1.642804 0.660342 -0.348372
-1.412724 0.585127 0.231144
-1.871312 0.837087 -0.242140
-1.506998 0.965096 0.049160
-1.631709 0.977231 -0.421482
-1.233242 0.816451 -0.093700
-1.289046 0.826041 -0.227428
-1.025054 0.805727 -0.209520
-1.035144 0.796152 -0.515933
-0.920548 0.491091 -0.321067
-0.901291 0.662442 -0.315857
-0.784199 0.713617 -0.156765
-0.743871 0.771175 -0.792390
-0.577335 0.702812 -0.322410
-0.513998 0.725366 -0.602378
-0.416829 0.709849 -0.000772
-0.223928 0.605535 -0.343736
0.405513 0.474168 -0.412053
0.115279 0.351048 -0.419352
-0.430441 0.487281 -0.179750
-0.639909 0.102295 -0.406074
-0.989542 0.154849 -0.252983
-0.888309 -0.028344 -0.802980
-0.925957 0.145476 0.116288
-0.896227 0.097335 -0.415673
-0.817711 0.214978 -0.354401
-0.814424 0.147530 -0.908890
-0.721148 0.327534 -0.154066
-0.492147 0.287857 -0.428710
-0.808251 0.156934 -0.167414
-1.129596 0.162239 -0.621735
-1.574103 0.251345 0.259501
-1.449419 0.287544 -0.262624
-1.622864 0.292730 0.421517
-1.347988 0.302828 -0.401216
-1.376832 0.391909 0.721637
-0.949372 0.657183 -0.044393
-0.680320 0.662390 0.095777
-0.369814 0.716533 -0.280890
-0.368682 0.450098 0.104335
-0.444296 0.553005 0.025844
-0.451312 0.467099 -0.098045
-0.373362 0.465919 -0.203305
-0.164184 0.200475 0.099051
-0.170325 0.177709 0.199361
-0.155545 -0.073542 0.106849
-0.062537 0.139087 -0.173671
-0.075171 -0.183269 0.009806
0.353357 -0.051642 -0.024214
0.263507 -0.226308 0.072202
-0.131760 0.516470 -0.184915
-0.346429 1.066734 0.060100
-0.577773 0.829433 -0.334874
-0.634757 0.945316 0.260065
-0.713449 0.600628 -0.427102
-0.491379 1.297561 -0.193359
-0.352091 0.610029 -0.855769
-0.203621 1.018448 0.033352
-0.330484 0.517098 -0.703828
-0.199195 0.894815 0.079068
-0.253068 0.287764 -0.703921
-0.167898 0.600078 0.372757
-0.927930 0.417401 -0.579674
-1.162265 0.615836 0.132459
-1.682284 0.524642 -0.965219
-1.772194 0.560666 0.602306
-1.806703 0.568578 -0.886526
-1.694501 0.764872 -0.056523
-1.384016 0.875780 -1.255679
-1.293940 0.792972 0.183464
-1.009308 0.639376 -0.764086
-0.894358 0.676299 -0.377036
-0.417422 0.588901 -1.096805
-0.555613 0.240198 0.053248
-0.377000 0.011839 -0.529338
-0.278513 0.300242 -0.310068
-0.052102 0.443833 -1.262707
-0.476241 0.274610 -0.074374
-0.468031 0.745210 -0.742015
-0.521982 0.675740 -0.131025
-0.344507 0.902031 -0.666029
0.192878 0.653068 -0.501475
0.007849 0.112231 -0.462697
-0.682185 -0.086313 -0.166104
-0.757210 -0.585065 -0.518484
-1.185668 -0.337179 -0.211511
-0.687273 -0.708026 -1.154158
-1.066161 -0.430683 0.480537
-0.581369 -0.586570 -0.852964
-0.603368 -0.181006 -0.263484
-0.216913 -0.509402 -1.567634
-0.566181 -0.094967 0.009911
-0.215677 -0.290337 -1.412914
-0.586962 -0.131639 -0.191061
-0.441534 -0.143264 -1.666648
-1.208105 0.069768 0.753002
-0.771428 0.170596 -1.062577
-1.250847 0.269673 0.434351
-0.887175 0.358292 -1.419543
-1.432450 0.316780 1.095437
-0.715520 0.547215 -0.581910
-0.561805 0.403755 -0.064198
-0.486094 0.565968 -0.855383
-0.806689 0.339394 0.331176
-0.522259 0.118644 -0.406536
-0.382045 0.081747 -0.234563
-0.126293 -0.138501 -0.300113
-0.337922 0.015731 0.721546
-0.082008 -0.267537 0.259791
-0.216191 -0.494199 0.271451
-0.085169 -0.461769 -0.136909
-0.260234 -0.579843 0.363342
0.013948 -0.489148 -0.014749
0.185123 -0.567250 -0.076655
-0.260324 0.411619 -0.297420
-0.591666 1.041138 -0.094732
-0.839245 0.815848 -0.472162
-0.978666 0.787714 0.146584
-1.072523 0.455635 -0.443347
-1.036651 1.147441 -0.008617
-0.694812 0.516922 -0.933528
-0.727575 0.889678 0.158131
-0.942157 0.406395 -0.830100
-0.936543 0.934741 0.324969
-0.876267 0.377063 -0.818865
-0.672159 0.577029 0.211762
-1.037453 0.431667 -0.742885
-1.032474 0.611799 0.236846
-0.996746 0.442358 -1.044926
-1.242778 0.508895 0.290712
-1.253306 0.636951 -1.062198
-1.442881 0.678378 0.203663
-0.780201 0.530217 -1.429598
-1.076378 0.684761 -0.109345
-1.174989 0.520863 -1.237892
-1.570088 0.426384 0.286214
-0.855665 0.204026 -0.965677
-0.725762 0.178803 0.278268
-0.585265 0.187299 -0.505238
-1.042686 0.197128 0.679858
-0.549143 0.129777 -1.131739
-0.852483 0.567191 0.416556
-0.760492 1.250983 -1.096748
-1.076563 1.235330 0.332926
-0.874574 0.974669 -0.421886
-0.065993 0.674504 -0.332166
0.077008 0.019543 -0.502924
-0.543187 -0.427719 -0.173288
-0.660671 -1.075475 -0.269836
-1.130122 -0.492246 -0.106394
-0.768131 -1.081514 -1.079907
-1.219527 -0.802593 0.464152
-0.705313 -1.022124 -0.428642
-1.089452 -0.387823 -0.230399
-0.868796 -0.788963 -1.226301
-1.176665 -0.405727 0.348778
-0.673566 -0.565055 -0.832268
-1.051784 -0.177109 0.014277
-0.697223 -0.195360 -1.215415
-1.179980 -0.149920 0.489608
-0.586465 0.184132 -0.439517
-0.975601 0.067813 0.394694
-0.591686 0.201375 -0.862075
-1.054361 0.035032 0.739148
-0.225670 0.498026 -0.461163
-0.324560 0.190093 -0.377594
-0.296051 0.390751 -0.897518
-0.648700 -0.203338 0.041435
-0.350279 0.244906 -0.475348
-0.521225 0.132848 -0.044256
-0.015574 0.336453 -0.573889
-0.324181 -0.323278 0.560542
-0.054460 -0.168267 0.264191
-0.397519 -0.503801 0.362007
-0.275266 -0.279012 -0.343367
-0.585598 -0.727342 0.292221
-0.341069 -0.819400 -0.067729
-0.168039 -0.634256 0.089722
-0.294419 0.503491 -0.283220
-0.642955 1.088341 -0.159027
-0.790357 0.793872 -0.521697
-0.933381 0.741579 0.267500
-0.971954 0.543445 -0.553707
-1.069269 1.025656 -0.197637
-0.766460 0.421631 -1.061063
-1.055138 0.724198 0.325233
-1.129445 0.374504 -0.913126
-1.236048 0.539124 -0.026646
-0.972126 0.212212 -1.209867
-0.998338 0.289674 0.460102
-1.077323 0.293351 -1.227544
-0.945330 0.369975 -0.042613
-0.777623 0.249459 -1.612115
-1.251611 0.270430 0.561999
-1.200410 0.256937 -1.434574
-1.181637 0.450415 -0.241728
-0.579694 0.423224 -1.859356
-1.206074 0.726100 0.444684
-1.016886 0.283768 -1.586348
-1.235115 0.350922 0.095023
-0.790900 0.638815 -1.769202
-1.404893 0.726281 0.742237
-0.982756 0.435875 -1.245668
-1.223089 0.657439 0.284415
-0.618723 1.409440 -2.185365
-1.192297 1.496593 0.366407
-1.017682 1.322902 -0.879037
-1.060808 1.321219 0.281658
-0.791935 1.167454 -0.793665
-0.069581 0.796724 -0.357999
0.235871 0.196738 -0.435939
-0.238681 0.086784 0.044089
-0.074781 -0.368044 -0.266058
-0.226555 -0.159066 0.189332
0.339831 -0.589692 -1.129596
-0.258542 -0.381857 1.052798
0.364441 -0.541035 -0.773475
-0.078874 -0.026435 0.283702
0.094725 -0.384769 -1.488771
-0.744633 -0.217147 1.103559
-0.054283 -0.105202 -0.988808
-0.634982 -0.054340 0.535698
-0.145548 -0.099148 -1.426805
-1.259668 -0.136290 1.507210
-0.511818 0.002315 -0.803758
-1.203793 -0.018877 0.423047
-0.665217 -0.009209 -1.659335
-1.704489 0.117647 1.660101
-0.756404 0.073940 -0.757647
-0.801084 0.147400 0.398429
-0.284429 0.215081 -1.366084
-0.877329 0.208890 1.178319
-0.171477 0.094684 -0.780427
-0.278819 0.043697 0.450878
0.119636 0.076023 -0.926002
-0.418701 0.141271 1.368376
-0.056071 -0.114419 -0.025506
-0.322791 -0.502385 0.792152
-0.197111 -0.260374 -0.366289
-0.390107 -0.464270 0.745926
-0.093549 -0.383043 -0.191568
0.156645 -0.692155 0.079629
-0.250882 0.671503 -0.204057
-0.506018 1.156612 -0.009077
-0.612377 0.913718 -0.280398
-0.540811 0.739703 0.010264
-0.602717 0.689220 -0.466529
-0.709845 0.957414 0.007028
-0.098659 0.615898 -0.580828
-0.074769 0.385586 0.266414
-0.260935 0.300556 -0.777627
-0.636531 0.538136 0.555460
-0.212277 0.292369 -0.556251
-0.406428 0.275866 0.796069
-0.678974 0.366209 -0.790380
-1.078998 0.493742 0.589531
-0.599719 0.367744 -1.050624
-0.970301 0.435506 0.911186
-0.962165 0.377490 -0.862454
-1.308412 0.568090 0.789853
-0.463516 0.428231 -1.421406
-0.863665 0.845699 0.807242
-0.799975 0.616377 -1.295388
-1.280397 0.898432 1.019658
-0.560812 0.405050 -1.108325
-0.627641 0.592014 1.026542
-0.378639 0.782099 -1.406841
-0.949759 0.776200 1.226907
-0.476042 0.451177 -1.130705
-0.818740 0.330315 1.055378
-0.532748 1.382859 -1.401444
-0.571669 1.192922 0.328120
-0.360059 1.031761 -0.316842
0.188326 0.557333 -0.156337
0.336635 0.334144 -0.317300
0.032237 0.477465 -0.011373
0.169145 0.109527 0.014883
0.042618 0.088098 0.107637
0.408651 -0.332045 -0.478712
0.126871 -0.193181 0.349404
0.380844 -0.097522 -0.218661
-0.126556 0.054022 -0.066082
0.039756 -0.279651 -0.673920
-0.644655 -0.304701 0.600894
-0.187251 -0.145889 -0.229841
-0.787734 -0.288256 0.511095
-0.586244 -0.286021 -0.430363
-1.177034 -0.307426 1.067591
-0.692824 -0.016800 0.019596
-0.901420 -0.008391 0.649070
-0.660483 -0.110893 -0.682541
-1.089404 0.080951 1.575132
-0.474163 0.234202 0.002129
-0.553184 0.198439 0.759838
-0.182711 0.189106 -0.730349
-0.112444 -0.103704 0.957599
0.349844 0.172226 -0.512699
0.338446 0.092792 0.213960
0.547255 0.073599 -0.427174
0.445581 -0.215386 0.757885
0.717924 -0.034511 -0.237951
0.264987 -0.372699 0.546596
0.046589 -0.289828 -0.234883
-0.025894 -0.824908 0.517278
0.240606 -0.619517 0.016797
0.211545 -0.732330 0.273718
-0.130633 0.626976 -0.239550
-0.357513 0.979577 -0.088394
-0.633131 0.727845 -0.316868
-0.760360 0.688493 -0.078592
-0.842999 0.674000 -0.543268
-0.769773 0.810194 -0.257951
-0.486371 0.421093 -0.799499
-0.707026 0.188859 0.445608
-0.577428 0.083374 -0.832855
-0.612070 0.287588 0.180019
-0.237525 0.152430 -0.954714
-0.653376 0.196063 0.702721
-0.768647 0.260022 -0.808358
-0.924712 0.424674 0.270414
-0.487309 0.312658 -1.305566
-0.934131 0.461834 1.063717
-0.984015 0.326177 -0.587660
-0.816923 0.492099 0.384059
-0.253311 0.514025 -1.302795
-0.973628 0.835485 0.987418
-0.720047 0.409877 -1.131166
-0.422451 0.735824 0.455963
0.262362 0.655044 -1.626109
-0.259099 0.890806 1.109488
0.135631 0.340835 -0.858132
0.285508 0.535483 0.591991
0.630520 1.061950 -1.836008
0.008881 0.816069 0.404379
0.008391 0.763391 -0.956856
-0.162535 0.449425 0.397889
-0.002403 0.995762 -0.982760
0.354584 0.529661 -0.537431
0.257058 0.374812 -0.398701
-0.056404 0.507207 -0.112568
0.053305 0.244410 -0.105267
0.068719 0.109446 0.017489
0.605817 -0.238420 -0.396522
-0.001652 -0.199531 0.807132
0.476590 -0.306284 -0.304012
-0.075202 -0.218067 0.419900
0.436038 -0.515872 -0.941752
-0.611344 -0.424878 1.520571
0.231977 -0.401112 -0.448503
-0.482746 -0.307614 1.100196
0.293220 -0.442712 -1.244063
-0.951677 -0.293938 2.104621
0.077585 -0.194063 -0.402792
-0.425228 0.011635 1.152711
0.070385 -0.027716 -1.321140
-1.065895 0.173407 2.120721
-0.193666 0.138982 -0.167967
-0.428827 0.282052 1.209261
0.106099 0.230586 -1.103760
-0.671956 0.395058 1.706158
0.148711 0.146712 -0.526759
0.114129 0.314751 0.715939
0.582209 0.257479 -1.188720
0.034629 0.337954 1.012722
0.382072 0.100871 -0.142999
0.167440 -0.264534 0.799576
0.178420 -0.070141 -0.358946
-0.062549 -0.611266 0.772436
0.188467 -0.459845 -0.074885
0.265582 -0.923725 0.012005
-0.194605 0.541767 -0.297188
-0.524768 0.822084 -0.058164
-0.754245 0.643168 -0.345768
-0.890097 0.561555 -0.019609
-1.005464 0.554155 -0.451665
-1.146120 0.662645 0.014740
-0.804468 0.520126 -0.428317
-0.771087 0.267824 0.461091
-0.612168 0.257475 -0.540373
-0.849819 0.389742 0.435439
-0.547849 0.335922 -0.409030
-0.806672 0.287975 0.628103
-0.577575 0.427885 -0.514849
-1.026135 0.518164 0.580825
-0.637114 0.349247 -0.352852
-0.521058 0.376507 0.793796
-0.202105 0.486709 -0.240736
-0.714293 0.620072 0.709264
-0.326459 0.410398 -0.508477
-0.303127 0.729640 0.680734
0.007662 0.562578 -0.820432
-0.485959 0.900635 0.935349
-0.252776 0.530617 -0.644442
-0.180666 0.796316 0.903614
0.295464 0.792779 -0.815854
-0.220096 1.071293 1.154689
-0.201873 0.524580 -0.686755
-0.260838 0.612232 0.931515
0.105251 1.011216 -1.277533
-0.158140 0.274815 0.230722
-0.249880 0.160483 -0.417344
0.128358 -0.161649 -0.246678
-0.021749 0.321144 -0.315857
-0.429133 0.402926 0.052349
-0.341231 0.098485 0.061996
-0.613674 0.007447 0.154804
-0.235459 -0.461957 -0.144090
-0.626209 -0.388472 0.516675
-0.348019 -0.336637 0.212119
-0.534294 -0.165602 0.433989
-0.290914 -0.499266 0.128213
-0.595516 -0.466368 1.105852
-0.316099 -0.161503 0.338636
-0.486239 -0.139850 0.645456
-0.281313 -0.198685 0.110423
-0.740273 -0.229566 1.122743
-0.332055 0.095135 0.072683
-0.468531 0.126024 0.712819
-0.291584 0.088473 0.159519
-0.473031 0.115942 1.126470
-0.219657 0.207545 0.020222
-0.330886 0.223248 0.712574
-0.472505 0.068958 -0.001406
-0.251050 0.104034 0.931971
-0.198619 0.076959 -0.345782
-0.332863 0.289469 0.473603
-0.240393 0.080140 -0.178099
-0.155666 -0.001791 0.680361
-0.011213 0.022317 -0.234149
-0.313953 -0.121749 0.618826
-0.267023 -0.083625 0.091843
-0.336985 -0.610174 0.620989
-0.173417 -0.671824 0.130452
-0.060991 -0.922739 0.121743
-0.235812 0.459841 -0.223233
-0.649996 0.653010 0.084736
-0.825658 0.589590 -0.273101
-0.992758 0.501939 0.159083
-1.130119 0.542863 -0.259131
-1.003238 0.676713 0.045519
-0.870897 0.363302 -0.447025
-0.857807 0.308746 0.573896
-1.042776 0.453703 -0.409249
-0.742120 0.404557 0.045446
-0.425005 0.259861 -0.843266
-0.551989 0.321875 0.700060
-0.807297 0.397444 -0.337076
-0.511727 0.379411 0.287948
-0.201858 0.269976 -0.741999
-0.153440 0.326455 0.916532
-0.503396 0.387541 -0.298979
-0.088421 0.522531 0.398686
-0.111837 0.469077 -0.871390
-0.203594 0.532017 0.889794
-0.282386 0.319801 -0.785512
0.178798 0.493176 0.458002
0.406822 0.800660 -1.372278
-0.018675 0.888792 1.287482
-0.119839 0.503966 -0.755424
-0.079251 0.628661 0.690665
0.163803 1.048651 -1.223701
-0.401391 0.715534 0.777980
-0.583854 0.028149 -0.493128
-0.678849 -0.225399 0.268269
-0.616908 0.097382 -0.732488
0.002251 -0.182154 -0.173700
-0.160951 0.253249 -0.391422
-0.646762 0.250699 -0.031789
-0.465805 -0.019538 -0.026982
-0.744057 0.001191 0.096926
-0.308417 -0.451416 -0.103535
-0.654309 -0.309149 0.819810
-0.329845 -0.406365 0.152770
-0.226799 -0.315509 0.779105
0.154999 -0.437310 -0.357032
-0.425570 -0.294701 1.516422
0.043500 -0.165908 0.049218
-0.071844 -0.143726 0.933771
0.561229 -0.089773 -0.684062
-0.462656 -0.040815 1.524301
0.330189 0.122792 -0.243860
0.162478 0.072113 0.901578
0.910723 0.164342 -0.770398
-0.021133 0.201576 1.555710
0.471051 0.183715 -0.201019
0.354574 0.196079 0.905655
0.834941 0.290914 -0.814561
0.116736 0.423029 1.583198
0.473532 0.177918 -0.306204
0.417104 0.278033 0.866733
0.669836 0.349658 -1.204434
-0.112266 0.376975 1.159233
0.025195 0.069624 -0.180910
-0.495294 -0.341506 0.876955
-0.476126 -0.181086 -0.222880
-0.727132 -0.692012 0.863543
-0.454111 -0.620436 0.200071
-0.114535 -1.000986 0.124843
-0.378608 0.339189 -0.293004
-0.879440 0.632216 0.093824
-1.031697 0.604152 -0.356542
-1.215945 0.449823 0.166177
-1.238057 0.355545 -0.221222
-1.306210 0.607805 0.106975
-1.040014 0.370037 -0.239947
-0.901812 0.275670 0.234219
-0.662638 0.239303 -0.197528
-0.905036 0.324683 0.182279
-0.762463 0.328727 -0.201730
-0.420915 0.321850 0.252877
0.037849 0.254092 -0.094298
-0.315813 0.358439 0.352849
-0.188785 0.349289 -0.058772
0.163481 0.346108 0.529393
0.493231 0.479585 -0.144638
0.015639 0.573657 0.372051
-0.215390 0.565260 -0.193128
-0.040244 0.633369 0.504956
0.387596 0.795674 -0.414100
-0.085000 0.849808 0.379818
-0.418158 0.850887 -0.460335
-0.383134 0.846055 0.550888
-0.047284 0.931657 -0.783508
-0.624580 0.679974 0.626457
-1.043905 0.643793 -0.397371
-1.128366 0.232975 0.532984
-0.945886 0.616617 -0.795573
-0.770187 -0.018350 0.170572
-0.815783 0.048415 -0.087281
0.056795 -0.014709 -0.138030
-0.298556 0.033594 -0.417920
-0.908116 -0.039866 -0.066047
-0.670733 -0.309078 -0.249921
-1.223631 0.019872 0.250063
-0.743579 -0.487996 -0.240358
-1.086096 -0.296430 0.446688
-0.620215 -0.392437 0.345232
-0.834904 -0.171447 0.658757
-0.493212 -0.434452 0.383256
-0.649987 -0.298214 0.765720
-0.456318 -0.219395 0.574953
-0.535993 0.019036 0.636358
-0.296953 -0.072703 0.495948
-0.367277 0.037605 0.866877
-0.175190 0.048288 0.478616
-0.078726 0.125520 0.703928
-0.037286 0.031634 0.535814
-0.087087 0.051316 0.781652
-0.166143 0.092054 0.433703
-0.163696 0.156106 0.683365
-0.196563 0.083232 0.516211
-0.147962 0.150609 0.748534
-0.434893 -0.007988 0.398046
-0.383536 0.164932 0.670292
-0.469101 0.118101 0.437691
-0.429620 0.095772 0.708989
-0.539923 -0.129138 0.169085
-0.840086 -0.252591 0.726481
-0.756114 -0.297258 0.455601
-0.714678 -0.598140 0.378927
-0.450939 -0.756891 0.137221
-0.098981 -0.590676 0.241199
-0.277632 0.153631 -0.191962
-0.870541 0.433510 0.234043
-0.959671 0.506112 -0.176955
-1.112132 0.258358 0.399567
-1.137941 0.296053 0.199436
-1.118548 0.345714 0.384149
-0.882650 0.156763 0.139641
-0.917957 0.060691 0.609348
-0.946980 0.124408 0.274741
-0.655226 0.107620 0.490843
-0.394873 0.015684 0.126602
-0.322402 0.052172 0.731807
-0.556477 0.187763 0.450982
-0.271294 0.176113 0.514505
-0.079094 0.138375 0.230555
0.008446 0.204585 0.725026
-0.281306 0.313285 0.497582
-0.053904 0.370096 0.465907
-0.109568 0.385561 0.227366
-0.172994 0.410923 0.667238
-0.519802 0.392678 0.370690
-0.363206 0.479195 0.398734
-0.467610 0.528972 -0.043480
-0.593977 0.420901 0.627854
-0.918403 0.123511 0.113803
-0.909394 0.096155 0.421220
-1.009996 0.190521 -0.097835
-1.003885 -0.049919 0.321569
-0.918271 0.112013 -0.177397
-0.588331 0.194461 0.259870
-0.654897 0.348446 0.096094
0.164538 0.072702 0.068644
0.179285 -0.207355 -0.089387
-0.153327 -0.210254 0.263788
-0.109378 -0.199377 0.254974
-0.277816 0.033582 0.445460
-0.229246 -0.020628 0.423796
-0.296333 -0.027042 0.661707
-0.211606 0.036722 0.670664
-0.126122 -0.004859 0.684580
-0.130504 -0.024272 0.635330
-0.099948 -0.066509 0.849922
-0.008515 -0.023396 0.849675
0.089939 -0.038171 0.712133
0.034259 0.016599 0.597103
-0.032012 0.021157 0.749419
0.138882 0.076196 0.757358
0.217184 0.025821 0.638624
0.187419 0.091109 0.528063
0.118378 0.130216 0.667850
0.196649 0.106685 0.635330
0.205098 0.121965 0.562311
0.106655 0.146992 0.444457
0.074935 0.183701 0.639034
0.035401 0.108121 0.482349
0.051795 0.091312 0.433184
-0.134359 0.029080 0.289473
-0.128111 0.072385 0.532750
-0.242713 -0.121159 0.446139
-0.174325 -0.209735 0.366208
-0.237926 -0.329075 0.324195
0.037960 -0.245399 0.500101
0.157369 -0.365005 0.347425
0.316432 -0.151061 0.429485
