0.605516 -0.254211 -0.358940
0.376728 -0.210879 -0.230933
0.374153 -0.375420 -0.026593
0.190294 0.297614 -0.241957
0.377208 -0.392243 0.238569
0.648580 0.526369 -0.329818
0.247625 -0.050426 0.175562
0.250320 0.444306 0.024810
0.727378 0.340615 -0.239636
0.183876 0.411460 -0.173856
0.204891 0.254073 0.229207
0.282139 0.165351 0.134873
0.234578 0.355743 0.412776
0.439898 0.078916 0.597134
0.147475 0.348370 0.292280
0.757163 -0.510694 -0.280892
0.304887 -0.228732 -0.318501
0.532741 -0.469431 -0.172935
0.163358 0.273305 -0.096040
0.141917 0.354142 -0.347012
0.395249 -0.251669 0.176690
0.487414 0.547654 -0.164225
0.425605 0.193871 -0.298120
0.260898 0.026087 -0.279204
0.201659 0.018381 0.294223
0.554449 -0.017503 0.436082
0.110483 0.451729 -0.117588
0.505878 -0.394180 0.136583
0.078371 0.315689 -0.134829
0.328311 -0.182539 -0.179422
0.089966 0.184226 -0.369384
0.248714 0.011258 -0.206134
0.385899 0.264580 -0.334473
0.331179 -0.083179 -0.235694
0.516730 0.031382 -0.375765
0.368326 0.322298 -0.188487
0.627454 -0.369001 -0.173880
0.291248 0.111970 -0.302250
0.440488 0.168759 0.388648
0.218740 0.229545 -0.240616
0.191097 0.197459 0.133221
0.234533 0.272119 0.135556
0.250333 -0.390760 0.161821
0.186598 -0.244006 -0.373757
0.171287 0.075048 -0.203026
0.235808 -0.232485 -0.235330
0.070352 -0.308473 0.159471
0.591537 0.277748 0.424722
0.131800 0.226008 -0.253220
0.645000 -0.154098 0.322625
0.758988 -0.408494 -0.112102
0.307197 0.210075 -0.181403
0.235161 0.384505 0.111807
0.264786 -0.060548 0.487116
0.254313 -0.219152 0.197938
0.559386 -0.250250 0.170464
0.797111 -0.177741 -0.395426
0.319518 0.471879 0.131868
0.061508 0.201363 -0.299267
0.574098 0.117806 -0.290302
0.204419 -0.037167 -0.370113
0.302278 0.390707 -0.366486
0.154154 -0.286158 0.066632
0.218305 -0.355250 0.035477
0.199229 -0.211882 -0.198499
0.431404 -0.152864 -0.393874
0.123480 0.367703 0.059020
0.299627 0.056049 0.375421
0.337524 0.488686 0.341985
0.148335 0.135342 0.430506
0.412648 0.444663 0.211678
0.450809 0.079870 -0.276556
0.158171 0.100532 0.263986
0.450363 -0.171527 0.202811
0.734854 0.345062 -0.541794
0.295367 -0.072510 -0.179812
0.409019 -0.007963 0.232265
0.265961 -0.160501 -0.230045
0.272056 -0.120630 0.264625
0.236428 0.464770 -0.130605
0.255299 -0.266381 -0.185138
0.149150 -0.177036 0.161793
0.815670 0.209766 -0.358791
0.039777 0.067005 0.284032
0.313699 -0.283670 -0.252067
0.167053 -0.045085 -0.286561
0.390836 -0.290172 -0.306481
0.472762 -0.207894 -0.306207
0.079313 0.407182 -0.212264
0.712561 -0.027918 -0.276411
0.044416 -0.126405 0.232733
0.495951 -0.450055 -0.051822
0.371194 0.310089 0.529285
0.122895 0.045339 0.182190
0.512016 0.145779 0.216375
0.611277 0.091719 0.284139
0.202903 -0.352954 -0.188882
0.508538 0.150300 -0.539667
0.336544 -0.295345 -0.143571
0.241478 -0.125986 -0.301440
0.110083 0.115062 0.140226
0.198113 0.415334 -0.024617
0.484976 -0.081833 -0.274202
0.446485 -0.207128 0.459752
0.301398 -0.050812 -0.312631
0.502187 0.429674 -0.459057
0.133167 0.303190 -0.013757
0.202892 0.457516 -0.226059
0.291437 0.052718 0.201355
0.359254 0.045283 -0.392946
0.077069 0.401863 -0.049911
0.351882 -0.150607 -0.301201
0.347116 -0.217246 0.223302
0.359051 0.304439 0.114149
0.499611 -0.264056 -0.239041
0.077975 -0.020548 -0.254278
0.200095 -0.333918 0.253012
0.397412 -0.013580 -0.195841
0.517658 0.211100 -0.375426
0.133472 0.413171 -0.271063
0.369387 -0.330490 0.113980
0.330354 -0.416739 0.064975
0.370944 -0.310708 -0.451344
0.343354 0.307075 -0.129318
0.385575 0.122665 -0.176736
0.304731 0.364346 -0.099496
0.309062 0.081169 -0.216628
0.378148 0.316733 0.290798
0.401350 -0.505322 -0.211580
0.078382 0.156360 -0.242636
0.380668 0.275353 -0.267147
0.248151 -0.377089 -0.320994
0.151739 0.325865 -0.212859
0.470370 0.420922 0.094583
0.093672 -0.128398 -0.418424
0.325983 -0.294563 0.355397
0.368208 0.408985 0.017279
0.175038 0.304223 0.100314
0.128935 -0.080180 -0.266586
0.400745 0.506197 -0.319525
0.613384 -0.257919 -0.583957
0.065051 0.339443 -0.296874
0.088786 -0.216311 0.273460
0.184334 0.177178 -0.200668
0.349341 0.096828 0.273913
0.295265 -0.205373 0.110685
0.195671 0.102078 -0.244149
0.183650 -0.180583 0.340966
0.102694 0.267859 0.135749
0.225816 0.376173 -0.101867
0.607768 -0.096147 -0.197123
0.488758 0.351319 -0.306322
0.265341 0.154502 -0.215799
0.411797 -0.045704 -0.563737
0.251490 -0.141279 -0.450012
0.230460 0.151312 0.226944
0.298464 0.329156 0.025672
0.094252 0.319196 -0.204212
0.833784 -0.415262 -0.465603
0.152005 0.222760 0.335775
0.072718 -0.147000 -0.320322
0.812788 0.026734 -0.546648
0.531740 0.207385 -0.221605
0.288237 0.251408 0.310284
0.269990 0.283598 -0.217298
0.432633 0.417232 -0.256069
0.417460 -0.129287 -0.195591
0.227223 0.307879 -0.164917
0.425851 0.244034 -0.205102
0.169388 -0.154507 -0.290025
0.513457 0.363951 0.157611
0.131413 0.260697 0.227752
0.264238 0.162819 0.337644
0.322310 0.485897 -0.071003
0.422916 -0.025366 -0.323415
0.289813 0.332927 0.181763
0.467387 0.337423 -0.214718
0.509184 0.006811 -0.206287
0.182346 -0.366843 -0.086498
0.330314 -0.122354 0.152836
0.561233 0.427914 -0.173804
0.156050 0.342283 -0.136188
0.277741 0.384298 -0.180581
0.590209 0.276010 -0.330075
0.201657 -0.063494 0.143110
0.329120 -0.377927 -0.209404
0.837277 0.431879 -0.406007
0.138760 0.088601 -0.306933
0.360236 -0.078817 0.298756
0.209498 0.138645 -0.300919
0.219021 0.108017 -0.473444
0.351182 0.203164 -0.231560
0.478456 -0.374184 -0.395519
0.344353 0.235668 -0.434840
0.073830 0.209725 0.305684
0.382460 0.116732 0.129383
0.427328 -0.359107 -0.229307
0.313249 -0.373676 -0.108712
0.144548 -0.290291 -0.072075
0.664118 0.092780 -0.400890
0.603541 0.314835 0.260994
0.309883 0.446650 -0.233955
0.436797 0.235210 0.172541
0.172128 0.119311 0.170170
0.541695 -0.420956 -0.316343
0.473132 0.425218 0.386296
0.142119 0.224468 -0.302017
0.326916 0.239739 0.168896
0.183183 -0.117636 0.235830
0.698903 -0.277126 -0.243441
0.379044 0.455471 -0.192513
0.409509 0.427070 -0.103519
0.323441 0.325185 -0.247041
0.409093 0.213348 0.276779
0.080358 0.361003 0.199974
0.196672 -0.302846 -0.293134
0.137352 0.220974 -0.195720
0.392202 0.136544 -0.328123
0.194259 0.249975 -0.384468
0.514740 0.383401 -0.037814
0.095704 0.061890 -0.425267
0.194805 0.426910 0.214897
0.054871 0.090794 -0.310223
0.233308 -0.300024 0.136547
0.103941 -0.049433 0.359111
0.479136 -0.050515 0.137123
0.243634 -0.408839 -0.241633
0.056787 -0.007392 -0.369099
0.499211 -0.350679 0.320630
0.372434 -0.458329 -0.330039
0.434530 0.305911 -0.117503
0.557050 -0.080655 -0.374633
0.141160 -0.338361 -0.163507
0.139882 0.051241 -0.262807
0.199506 -0.105170 -0.206417
0.348409 0.037331 -0.264176
0.159184 -0.386185 0.124408
0.219878 0.307229 0.008232
0.074827 -0.073743 -0.185882
0.110015 0.201695 -0.143612
0.280004 0.235486 -0.287119
0.167063 -0.289094 0.194126
0.247663 -0.428176 -0.147157
0.723919 0.501905 -0.111386
0.107885 -0.239832 -0.267711
0.257424 0.357542 0.242667
0.023449 0.176287 0.197441
0.425905 -0.240913 -0.142660
0.137015 -0.052230 -0.194793
0.109550 -0.187693 -0.205646
0.097797 -0.263986 -0.337715
0.420421 -0.382707 -0.136761
0.141499 -0.372078 -0.259816
0.138696 0.435626 0.109095
0.239683 0.384085 -0.297715
0.076806 -0.083304 0.155026
-0.328866 -0.150383 -0.487889
-0.508850 0.005320 -0.398981
-0.556031 0.037317 -0.375516
-0.570584 0.119660 -0.203820
-0.581623 -0.060004 -0.452316
-0.537072 0.061135 -0.117675
-0.544589 -0.228683 -0.391212
-0.624139 -0.251638 0.100879
-0.702596 -0.557918 -0.279336
-0.691219 -0.553562 0.182422
-0.718147 -0.746913 -0.284755
-0.853327 -0.296100 0.062394
-0.885999 -0.541489 -0.358392
-0.838748 -0.107295 -0.021974
-0.864859 -0.378661 -0.438428
-0.809340 0.345922 -0.100504
-0.759953 0.446591 -0.537819
-0.669935 0.623277 -0.137065
-0.662106 0.518566 -0.601554
-0.589912 0.611048 -0.078145
-0.539286 0.628405 -0.381767
-0.525622 0.701344 0.020955
-0.445812 0.502757 -0.427646
-0.347389 0.498468 -0.107714
-0.365300 0.529935 -0.256548
-0.382492 0.593921 -0.016548
-0.272687 0.444206 -0.329186
-0.240509 0.193447 -0.044362
-0.238608 0.493044 -0.275782
-0.155899 0.140816 -0.083070
0.062308 -0.111100 -0.039147
0.287171 -0.050151 -0.242335
-0.515918 -0.483457 -0.422342
-0.888889 -0.883134 -0.241500
-0.988332 -0.827989 -0.368466
-1.234849 -0.752697 -0.248519
-1.161899 -0.851414 -0.365858
-1.342995 -0.861795 0.125785
-1.326220 -0.896147 -0.132057
-1.403577 -0.931326 0.043106
-1.256337 -1.064388 -0.429278
-1.575253 -0.906772 0.568119
-1.436131 -0.984928 -0.020149
-1.603154 -0.981039 0.431077
-1.564571 -1.139122 -0.079487
-1.699302 -1.145344 0.417484
-1.416075 -1.033184 -0.076364
-1.463287 -0.882403 0.391445
-1.136222 -0.669114 -0.310876
-1.255126 -0.398017 0.472610
-0.774487 -0.292508 -0.312727
-0.937181 -0.280511 -0.145685
-0.482046 -0.180287 -0.635300
-0.900509 -0.288314 0.190048
-0.676853 -0.300308 -0.340218
-0.825871 -0.316619 -0.111871
-0.468966 -0.410225 -0.343792
-0.670689 -0.510954 0.315400
-0.555060 -0.434235 -0.094317
-0.689051 -0.340004 0.195534
-0.383336 -0.366886 -0.088867
-0.566113 -0.660145 0.480158
-0.264457 -0.628428 0.097173
-0.126356 -0.562177 -0.074762
-0.708955 -0.414168 -0.553125
-1.106582 -0.204175 -0.205843
-1.334454 -0.150426 -0.521463
-1.470297 -0.027397 0.064016
-1.553569 -0.240911 -0.420196
-1.372654 -0.054121 -0.208985
-1.400833 -0.402309 -0.634943
-1.504538 -0.245374 0.187899
-1.732869 -0.570858 -0.579168
-1.685230 -0.481144 -0.066253
-1.890101 -0.392041 -0.988143
-1.951082 -0.140542 -0.020581
-2.184829 -0.348096 -0.708512
-1.957063 -0.197993 -0.075936
-2.124350 0.096635 -1.005713
-1.867100 0.300165 0.176710
-1.963870 0.417110 -0.757667
-1.916241 0.582786 -0.100775
-1.874777 0.738841 -0.820128
-1.718734 0.855151 0.156153
-1.852690 0.892781 -0.356539
-1.662018 0.876725 -0.137726
-1.551911 0.825225 -0.629858
-1.251951 0.883427 0.195718
-1.332822 0.881298 -0.299164
-1.164137 0.770660 -0.141127
-1.075178 0.812126 -0.583493
-1.091944 0.811433 -0.175553
-0.968422 0.826119 -0.503490
-0.856816 0.713567 -0.435258
-0.577583 0.797556 -0.617869
-0.113476 0.574699 -0.565652
-0.584392 -0.631169 -0.458271
-1.118600 -1.101392 -0.064986
-1.002191 -1.143555 -0.323988
-1.503909 -1.321701 -0.183424
-1.240538 -1.340686 -0.709868
-1.626651 -1.211942 0.486100
-1.150086 -1.339646 -0.220545
-1.591042 -1.283859 0.061883
-1.166195 -1.342419 -0.804995
-1.750908 -1.153486 0.611011
-1.449007 -1.165016 -0.296541
-1.894453 -1.091111 0.182587
-1.751951 -0.904214 -0.717974
-2.099609 -0.699631 0.581708
-1.708961 -0.612968 -0.459180
-1.945776 -0.264075 0.386366
-1.489471 -0.094598 -0.618866
-1.841862 -0.051570 0.764647
-1.331414 0.020016 -0.174000
-1.450808 0.014243 0.195007
-0.877831 0.187868 -0.602982
-1.064618 0.045350 0.237635
-0.847480 -0.005671 -0.299469
-0.790253 -0.074509 0.001349
-0.685976 -0.021376 -0.428841
-0.652178 -0.232374 0.279152
-0.600672 -0.104743 0.012879
-0.607525 -0.425490 0.405006
-0.599418 -0.284714 -0.048523
-0.658516 -0.538156 0.424817
-0.364671 -0.652102 0.081867
-0.083313 -0.623927 0.103191
-0.716610 -0.532331 -0.576021
-1.325093 -0.264209 -0.117199
-1.572883 -0.372607 -0.712890
-1.816458 -0.089864 0.340788
-2.001742 -0.338420 -0.366455
-2.012445 -0.078791 -0.022942
-2.036925 -0.364465 -0.530070
-2.011971 -0.205774 0.227763
-2.302811 -0.363558 -0.221378
-2.122469 -0.329668 -0.156958
-2.322146 -0.188675 -0.788098
-2.118204 0.010046 -0.083283
-2.301623 0.126560 -0.486103
-2.092512 0.198831 -0.036926
-2.338052 0.324455 -0.773076
-2.125013 0.377064 0.189669
-2.198367 0.606360 -0.655251
-2.250149 0.710252 0.206610
-2.022331 0.913777 -0.686697
-1.914397 0.953337 0.003854
-1.968588 1.040360 -0.271173
-1.773829 1.086266 0.349435
-1.688902 1.028607 -0.252911
-1.348333 0.953400 0.089134
-1.320862 1.017369 -0.164484
-1.201421 0.960758 0.110357
-1.241424 0.916247 -0.369884
-1.213605 0.724915 -0.317232
-1.203420 0.929359 -0.577881
-1.149456 0.772417 -0.082996
-0.944126 0.887682 -0.367290
-0.168398 0.706302 -0.504062
-0.642018 -0.806190 -0.482353
-1.347614 -1.268989 0.057529
-1.213589 -1.649363 -0.219083
-1.880870 -1.977370 -0.087566
-1.390092 -1.746753 -0.945342
-2.103647 -1.459020 0.681187
-1.538951 -1.461488 -0.392807
-2.111478 -1.266102 0.096361
-1.553572 -1.367360 -0.981008
-2.201129 -1.004852 0.857523
-1.956521 -1.113333 -0.244561
-2.435891 -0.772321 0.271506
-2.066645 -0.472237 -0.748830
-2.403087 -0.017849 0.626130
-1.924438 0.027575 -0.410740
-2.227774 0.232205 0.625400
-1.579963 0.219350 -0.658291
-1.822484 0.173559 0.764980
-1.078028 0.311897 -0.374985
-1.139374 0.249313 0.337162
-0.766821 0.382539 -0.734665
-0.914707 0.252744 0.232034
-0.852882 0.277396 -0.456731
-0.785131 0.037770 -0.141951
-0.691635 0.145852 -0.373511
-0.667302 -0.288859 0.086502
-0.619773 -0.559653 0.035168
-0.785887 -0.661515 0.039148
-0.735205 -0.526941 0.105537
-0.724309 -0.757828 0.041695
-0.327642 -0.737646 0.084061
-0.232165 -0.395903 0.161742
-0.801274 -0.531891 -0.508313
-1.574903 -0.182072 -0.052893
-1.836650 -0.324335 -0.783729
-2.262423 0.002008 0.450090
-2.402003 -0.262012 -0.382165
-2.520769 -0.068230 -0.114330
-2.374981 -0.414557 -0.779012
-2.466219 -0.316540 0.340885
-2.744077 -0.679156 -0.678153
-2.539276 -0.583828 -0.144079
-2.385707 -0.419243 -1.343112
-2.211306 0.123737 0.357457
-2.229715 0.149436 -0.872457
-1.855397 0.253104 0.109930
-1.917924 0.351818 -1.143005
-1.976576 0.374936 0.576597
-1.986917 0.373733 -1.186981
-1.997829 0.560605 0.132048
-1.482343 0.638394 -1.265383
-1.731771 0.908708 0.642454
-1.420528 0.707665 -0.627704
-1.575406 0.988717 0.196674
-1.323224 0.917536 -1.036369
-1.510474 1.188917 0.763041
-1.419413 0.760032 -0.505871
-1.423321 0.995698 0.116436
-1.100830 1.175548 -0.702823
-1.320645 1.397055 0.158190
-1.246344 1.265304 -0.409584
-1.049892 1.264883 -0.015592
-0.877719 1.171773 -0.394871
-0.160426 0.914527 -0.381364
-0.619185 -0.858147 -0.427601
-1.465643 -1.344326 0.271295
-1.229800 -2.091580 -0.066352
-2.152183 -1.970002 0.159647
-1.420875 -2.164147 -0.910279
-2.370149 -1.178712 1.063916
-1.704523 -1.454577 -0.452827
-2.208492 -1.077854 0.345603
-1.667029 -1.330547 -1.359182
-2.471915 -0.928466 1.093888
-1.871704 -0.991167 -0.308942
-2.162515 -0.700037 0.433810
-1.547161 -0.577478 -1.089218
-2.167898 -0.169093 0.888826
-1.296333 -0.083348 -0.604901
-1.902481 0.041598 0.412609
-1.209738 0.094282 -1.036771
-1.826621 -0.008377 0.854717
-0.829714 0.178134 -0.696166
-0.946286 0.213698 0.442953
-0.257034 0.305522 -1.121337
-0.795215 0.430879 0.755928
-0.451187 0.278357 -0.606747
-0.784812 0.337605 -0.000987
-0.550165 0.149446 -0.913574
-0.775336 -0.032536 0.228171
-0.540704 -0.249830 -0.210122
-0.841640 -0.554379 0.054501
-0.732133 -0.428225 -0.352296
-0.626694 -0.311182 0.218741
-0.366434 -0.134148 -0.089791
-0.002723 -0.082661 -0.064937
-0.849197 -0.443398 -0.357692
-1.682035 -0.076205 -0.252584
-1.991890 -0.080076 -0.551726
-2.403260 0.140664 0.130017
-2.297435 -0.214917 -0.229666
-2.123635 -0.173142 -0.128190
-1.739863 -0.569960 -0.627722
-1.485798 -0.480960 0.351407
-1.607210 -0.700563 -0.517016
-1.489516 -0.449111 0.290758
-1.414440 -0.529230 -1.138031
-1.641578 -0.189810 0.319256
-2.066579 -0.019783 -1.034045
-2.133418 0.064132 0.122641
-1.868843 0.219875 -1.249547
-2.138477 0.419250 0.154209
-1.924024 0.461356 -1.110501
-1.962614 0.697573 0.485819
-1.331729 0.476504 -1.052691
-1.359313 0.831796 0.354164
-1.223705 0.659250 -0.632415
-1.429430 0.998739 0.814231
-1.096574 0.709518 -0.799343
-1.247625 1.104204 0.554882
-1.151281 1.108036 -0.374588
-1.505760 1.490806 1.008809
-1.359094 1.353060 -0.474449
-1.464706 1.654960 0.567973
-1.275493 1.699460 -0.346550
-1.287860 1.621911 0.498764
-1.098128 1.410855 -0.068643
-0.301941 1.038921 -0.224499
-0.524971 -0.681622 -0.334404
-1.229661 -1.120947 0.152083
-1.083365 -1.797810 0.219341
-1.673413 -1.511250 0.199639
-1.102036 -1.661182 -0.689507
-1.587029 -1.038747 0.589408
-0.826040 -1.351129 -0.275204
-1.193663 -1.075108 0.452200
-0.837171 -1.405568 -0.855514
-1.703551 -1.162905 0.924236
-0.984326 -1.266084 -0.241423
-1.704078 -0.854125 0.616331
-1.253543 -0.938678 -1.047121
-1.896947 -0.649606 0.866346
-1.055492 -0.483624 -0.381918
-1.511370 -0.289150 0.297714
-1.042651 -0.326305 -0.980919
-1.348836 -0.125097 0.274153
-0.654219 0.099673 -0.581201
-0.787262 0.201220 0.060914
-0.400364 0.076113 -0.965679
-0.529648 0.322795 0.357671
-0.293100 0.272831 -0.614381
-0.321730 0.417279 -0.047946
-0.423050 0.297973 -0.799917
-0.460364 0.059482 0.130920
-0.555122 -0.163957 -0.509455
-0.678409 -0.057933 0.029695
-0.796039 0.324063 -0.542134
-0.646399 0.293594 -0.071456
-0.432240 -0.270556 -0.083504
-0.215597 0.044160 0.093588
-0.604170 -0.429098 -0.378090
-1.263255 -0.340536 -0.245344
-1.392446 -0.152018 -0.552685
-1.784743 0.083874 0.212449
-1.505214 -0.328300 -0.648852
-1.149693 -0.278923 0.113520
-0.544086 -0.772131 -0.889216
-0.771071 -0.624635 0.503343
-0.903170 -0.732561 -0.822539
-1.073216 -0.635332 0.098606
-0.851457 -0.547938 -1.199528
-1.426565 -0.310602 0.254843
-1.514508 -0.318729 -1.289482
-1.753487 -0.159289 0.044912
-1.302125 -0.039109 -1.508683
-1.651720 0.378147 0.445348
-1.602818 0.150560 -1.189310
-1.469900 0.477413 0.127893
-0.897041 0.381288 -1.106156
-1.139803 0.847353 0.868720
-1.003800 0.385779 -1.027418
-0.876471 0.766037 0.431625
-0.663842 0.625422 -1.250259
-1.010142 1.069893 1.062973
-0.896798 0.674002 -0.903100
-0.980408 0.919752 0.595025
-0.918826 1.480444 -1.186547
-1.169183 1.587364 0.392622
-1.173993 1.504507 -0.505419
-1.107117 1.466953 0.280337
-0.971772 1.391446 -0.476799
-0.189313 1.020716 -0.373200
-0.275300 -0.561275 -0.356365
-0.772792 -0.974166 0.202703
-0.452859 -1.710901 -0.031049
-0.889178 -1.281874 0.114588
-0.140522 -1.540278 -1.027763
-1.046766 -1.100513 0.880031
-0.239349 -1.476136 -0.927264
-0.673993 -1.297345 0.484819
0.279416 -1.619985 -1.395934
-1.100326 -1.204335 1.509359
-0.180116 -1.410834 -0.732776
-0.862469 -0.972491 0.564935
-0.097451 -0.982931 -1.456257
-1.474579 -0.583735 1.642853
-0.645826 -0.621330 -0.747243
-1.090041 -0.369452 0.511690
-0.380737 -0.321893 -1.315669
-1.178542 -0.054005 1.386782
-0.501251 -0.229345 -0.802558
-0.559152 0.284835 0.487101
-0.197826 0.021730 -1.109742
-0.550092 0.408958 1.257656
-0.209667 0.180372 -0.699079
-0.084226 0.621592 0.582961
0.119996 0.466388 -1.027238
0.030621 0.587542 0.873878
-0.047728 0.295019 -0.300588
-0.327714 0.006478 0.520213
-0.434709 0.229863 -0.450303
-0.339645 0.002124 0.453360
-0.264189 0.221897 -0.204473
-0.055025 -0.143130 -0.125088
-0.352387 -0.355643 -0.447647
-0.792041 0.159872 -0.379255
-0.621184 -0.060592 -0.554609
-0.900546 -0.010528 0.293880
-0.751792 -0.356553 -0.585357
-0.795595 -0.323135 0.096642
-0.085148 -0.631386 -0.691260
-0.523165 -0.556740 0.295678
-0.429436 -0.474630 -0.614043
-0.686433 -0.404618 -0.031552
-0.225839 -0.387923 -0.746937
-0.682668 -0.218682 0.319182
-0.732536 -0.157431 -0.715161
-0.965479 0.073215 0.268884
-0.566967 0.022984 -0.940932
-0.936441 0.361122 0.399827
-0.793343 0.328704 -0.623720
-0.940265 0.629539 0.785046
-0.497013 0.385187 -0.719651
-0.462056 0.800362 0.645041
-0.443567 0.664871 -0.678179
-0.683736 0.971732 1.324128
-0.282971 0.671168 -0.986112
-0.163764 1.014711 0.949458
-0.333195 1.012159 -0.828449
-0.765108 1.320005 1.306118
-0.759866 0.968411 -0.753522
-0.944954 1.027371 0.859819
-0.852113 1.435737 -1.028511
-0.926440 1.236086 0.440220
-0.715532 1.157300 -0.243672
-0.152783 0.882411 -0.122924
-0.131205 -0.579257 -0.350344
-0.503935 -1.052933 0.121116
-0.199045 -1.701118 0.114643
-0.562297 -1.331216 -0.061453
0.264726 -1.619512 -0.716719
-0.377486 -1.165383 0.940971
0.254786 -1.341639 -0.239031
-0.270139 -1.259638 0.386451
0.168430 -1.544562 -0.779598
-0.637344 -1.626412 1.086031
-0.254743 -1.022867 -0.221328
-0.503892 -0.721681 0.255194
-0.133464 -0.872598 -0.635889
-0.777534 -0.676003 1.023216
-0.220928 -0.577197 -0.212036
-0.566489 -0.310138 0.573670
-0.389915 -0.481088 -0.738746
-0.551968 -0.387901 0.831161
-0.273058 -0.116044 -0.250679
-0.270263 0.122619 0.512650
-0.199474 -0.069624 -0.471678
-0.027802 0.113357 0.966634
0.196412 0.285814 -0.255887
0.286748 0.572769 0.571620
0.240673 0.429498 -0.418569
0.248758 0.384781 0.742199
0.258608 0.382038 -0.311560
0.009871 0.216140 0.551408
-0.239016 0.271902 -0.217729
-0.412452 -0.224461 0.270355
-0.254692 -0.277567 -0.142461
-0.169800 -0.302160 0.083301
-0.306001 -0.328784 -0.458829
-0.813254 0.107128 -0.382637
-0.787289 0.048993 -0.687711
-1.183453 0.087308 0.166455
-0.955385 -0.074529 -0.824438
-0.715774 -0.166155 -0.438127
-0.228143 -0.389987 -1.200329
-0.694021 -0.337437 0.350179
-0.560989 -0.326461 -0.873545
-0.443920 -0.217716 -0.115829
-0.029576 -0.213966 -1.170095
-0.465129 -0.083784 0.689021
-0.435891 -0.172445 -0.796142
-0.374113 0.074116 0.087513
-0.131005 0.068820 -1.325257
-0.499760 0.386697 0.737793
-0.658645 0.120125 -0.807159
-0.431369 0.469010 0.341368
-0.268726 0.498112 -1.106284
-0.441914 0.754300 0.978361
-0.321567 0.554894 -0.773524
-0.028854 0.783406 0.546738
-0.039540 0.904782 -1.344329
-0.395711 1.157645 1.266419
-0.251068 0.765381 -0.814689
-0.147681 1.085943 0.705796
-0.072084 1.285478 -1.324752
-0.380361 1.278651 0.489113
-0.569468 0.858140 -0.677151
-0.739080 0.573020 0.390674
-0.572985 1.113733 -0.851880
-0.070656 0.751252 -0.305563
-0.083907 -0.532794 -0.398029
-0.554975 -1.028676 0.343523
-0.154882 -1.647514 -0.024958
-0.544592 -1.341069 0.117356
0.575922 -1.274917 -0.924130
-0.272885 -0.922200 1.247844
0.515243 -1.119291 -0.572626
-0.082159 -0.934046 0.505060
0.640796 -1.284832 -1.123385
-0.427540 -0.925441 1.533801
0.298069 -0.972430 -0.628755
-0.077222 -0.714510 0.903946
0.628337 -0.652762 -1.074163
-0.344151 -0.397627 1.975227
0.431773 -0.408812 -0.344732
0.068354 -0.372915 1.196607
0.426034 -0.182974 -0.957950
-0.254436 0.045243 1.795516
0.149663 -0.156912 -0.431340
0.079605 -0.069067 1.100738
0.353296 0.236781 -0.824236
-0.070853 0.521344 1.628628
0.258942 0.251571 -0.295349
0.191552 0.525613 1.093621
0.325604 0.639516 -1.021060
-0.205817 0.727068 1.169339
-0.053158 0.498128 -0.185895
-0.327931 0.473143 0.702155
-0.345162 0.447056 -0.341925
-0.542856 -0.110825 0.532143
-0.342192 -0.185554 0.044094
-0.162736 -0.660620 -0.203695
-0.329453 -0.387215 -0.422924
-0.821117 0.034043 -0.498868
-0.900019 0.170518 -0.733512
-1.158917 0.085468 -0.283973
-0.982128 0.087024 -0.592889
-1.068051 -0.016000 -0.454312
-0.684097 -0.113442 -0.682588
-0.842964 -0.141547 -0.118508
-0.428061 -0.201409 -0.375702
-0.669238 0.028489 0.098709
-0.400061 -0.124787 -0.464437
-0.415345 -0.094979 0.340319
-0.098743 -0.062217 -0.415811
-0.451136 0.254862 0.083042
-0.233020 0.174855 -0.595158
-0.212078 0.392525 0.139486
0.025308 0.475410 -0.612852
-0.431368 0.705424 0.450976
-0.363414 0.609956 -0.547041
-0.220837 0.734981 0.565620
0.173145 0.894721 -0.795724
-0.346020 1.035629 0.966468
-0.371203 0.887158 -0.692060
-0.269392 1.028507 0.683520
0.062945 1.189523 -1.102869
-0.524944 1.396037 1.324829
-0.708597 0.956983 -0.618980
-0.771760 1.153080 0.773607
-0.350787 1.144288 -1.362518
-0.780203 0.358135 0.253873
-0.695952 0.272852 -0.467207
-0.116187 0.572527 -0.295139
-0.183916 -0.509731 -0.392230
-0.646658 -1.061061 0.042858
-0.410344 -1.438086 0.283717
-0.989028 -0.844339 -0.299155
-0.232851 -1.013382 -0.663070
-0.762571 -0.789989 0.061973
-0.251133 -0.912008 -0.338725
-0.742579 -0.736944 -0.490129
-0.262321 -1.068963 -0.716346
-0.756387 -0.777253 0.357719
-0.330469 -0.680566 -0.564333
-0.458301 -0.381983 0.170420
-0.010474 -0.583808 -0.304531
-0.321290 -0.431332 0.895635
-0.102611 -0.329943 -0.322744
-0.330118 -0.157139 0.276365
-0.220741 -0.277056 -0.237181
-0.176056 -0.253689 0.734813
-0.147040 0.129353 -0.435587
-0.269142 0.253630 0.370098
-0.330179 0.107832 -0.030811
-0.147286 0.099424 0.850655
-0.246494 0.484415 -0.438468
-0.391328 0.606629 0.600547
-0.371660 0.429276 -0.023782
-0.354759 0.095817 0.763749
-0.351449 0.393390 -0.511237
-0.765289 -0.009696 0.689689
-0.703313 0.202818 0.051518
-0.720923 -0.552798 0.251609
-0.615651 -0.659069 -0.205373
-0.349092 -0.680545 -0.101271
-0.343320 -0.412969 -0.479056
-0.808226 -0.255631 -0.544119
-0.843465 0.120795 -0.939198
-1.208589 0.231600 -0.434569
-1.172696 0.258054 -0.963782
-1.180605 0.210868 -0.736930
-0.797352 -0.136600 -1.101172
-1.087778 0.185263 0.267800
-0.958445 0.009224 -0.642324
-0.742182 0.206373 -0.067330
-0.322739 -0.078180 -0.943990
-0.436624 0.039720 0.485940
-0.564418 -0.000892 -0.566224
-0.555934 0.183375 -0.277686
-0.329447 0.076717 -1.122278
-0.467643 0.344180 0.430634
-0.526883 0.319809 -0.575083
-0.388224 0.548680 -0.184862
-0.304635 0.542972 -0.969173
-0.454189 0.688564 0.674845
-0.609404 0.626057 -0.621720
-0.426371 0.815307 0.256082
-0.325945 0.970304 -1.150296
-0.676752 1.070689 1.046782
-0.893334 0.717767 -0.911944
-0.949413 0.795332 0.415089
-0.708358 1.075267 -1.319281
-1.199778 0.573063 0.647372
-1.084465 -0.112490 -0.801467
-1.076556 0.551343 0.112804
-0.801113 1.319894 -0.788495
-0.055893 1.074600 -0.324577
-0.262137 -0.589649 -0.462351
-0.877447 -1.111213 0.191231
-0.613324 -1.610909 0.071875
-1.086029 -1.317769 0.081977
-0.472375 -0.993405 -0.730463
-1.163664 -0.678611 0.500525
-0.515749 -0.925610 -0.713018
-0.777851 -0.718116 0.056403
-0.023070 -1.027362 -1.004328
-0.739909 -0.569254 1.237873
0.019325 -0.660557 -0.630454
-0.310125 -0.494754 0.819502
0.448380 -0.494400 -0.942278
-0.574420 -0.261519 1.673764
0.027749 -0.296512 -0.384289
-0.266073 -0.174209 0.846609
0.319527 -0.055985 -0.897744
-0.474598 0.085554 1.411657
-0.086851 0.125250 -0.554407
-0.348306 0.165698 0.652042
0.193269 0.340647 -0.926170
-0.380273 0.438173 1.329540
-0.078146 0.354554 -0.570748
-0.384293 0.417501 0.591281
-0.088082 0.678026 -1.164634
-0.942540 0.516691 0.909894
-0.713527 0.326985 -0.339147
-1.197989 -0.317074 0.622741
-0.929616 -0.319465 -0.449870
-1.203034 -0.885605 0.516731
-0.864023 -0.610886 -0.267697
-0.362482 -0.465080 -0.144381
-0.382904 -0.587222 -0.545563
-0.951523 -0.898111 -0.115366
-1.073039 -0.106454 -0.990590
-1.329481 0.130857 -0.266866
-1.261847 0.163425 -1.086117
-1.672338 0.350127 -0.163026
-1.387074 0.142230 -0.904861
-1.411251 0.173811 0.144011
-0.973615 0.000229 -0.707271
-1.257983 0.080869 0.040614
-1.038546 0.070101 -0.666521
-0.812643 0.070856 0.089663
-0.227214 0.041591 -0.753050
-0.869152 0.099963 -0.066858
-0.735091 0.192518 -0.682429
-0.668979 0.368877 -0.003800
-0.116504 0.423227 -0.634314
-0.673227 0.551367 -0.053350
-0.600818 0.587747 -0.634446
-0.492044 0.793429 0.187080
0.001644 0.914577 -0.728035
-0.413947 0.998598 0.245960
-0.667670 1.013545 -0.605477
-0.880645 1.054458 0.492155
-0.678070 1.141363 -1.057073
-1.175641 0.888210 0.485013
-1.576176 0.637458 -0.773425
-1.713608 0.284152 0.281566
-1.466900 1.428670 -1.413977
-1.159490 1.685975 0.037801
-1.089372 1.540459 -0.049056
-0.092398 1.175117 -0.332771
-0.036300 -0.753536 -0.347383
-0.536629 -1.183588 0.085293
-0.443030 -1.627085 0.069642
-1.090789 -1.451846 0.297980
-0.803356 -1.387476 -0.393821
-1.341065 -1.177024 0.421935
-0.928194 -0.890668 -0.222815
-1.194981 -0.348259 0.323811
-0.881087 -0.754661 -0.333681
-1.064565 -0.502256 0.529199
-0.788728 -0.523991 0.071433
-0.957299 -0.338322 0.525947
-0.678718 -0.523447 -0.082115
-0.789201 -0.421771 0.585873
-0.660272 -0.279076 -0.070369
-0.823456 -0.103063 0.492258
-0.701879 -0.168341 -0.081447
-0.743546 -0.192783 0.421557
-0.675889 0.026629 -0.166812
-0.753018 0.112186 0.288219
-0.628365 0.130852 -0.178803
-0.582032 0.096109 0.408367
-0.617018 0.335900 -0.137504
-0.754221 0.426400 0.436648
-0.744902 0.376658 -0.047389
-0.955647 0.155032 0.503067
-1.001961 -0.144529 -0.045583
-1.329036 -0.338986 0.429105
-1.164512 -0.434765 0.213865
-1.085638 -0.554742 0.291924
-0.811661 0.037424 -0.294679
-0.291223 0.703609 0.043256
0.047725 -0.680386 -0.291048
-0.280183 -0.787769 -0.079607
-0.546455 -0.304874 -0.630264
-0.974466 -0.091299 0.053879
-1.237437 0.213459 -0.369441
-1.161138 0.242113 0.090274
-1.162213 0.214846 -0.472709
-1.064574 0.039845 0.402211
-1.184182 0.072486 0.025506
-0.936831 -0.038598 0.191492
-0.736446 -0.080610 -0.385155
-0.802544 -0.042325 0.320067
-0.872444 0.039995 -0.139151
-0.801493 0.040706 0.049451
-0.579276 0.044674 -0.411462
-0.654971 0.139399 0.219935
-0.729964 0.257564 -0.292865
-0.713626 0.357964 -0.206169
-0.578565 0.324936 -0.406067
-0.670161 0.581675 0.289208
-0.680155 0.606343 -0.195540
-0.573076 0.683604 0.007690
-0.635874 0.699661 -0.342121
-0.837992 0.708597 0.470820
-1.133616 0.388795 -0.130130
-1.218170 0.416154 0.114526
-1.517921 0.643407 -0.330696
-1.408487 1.001645 0.363882
-1.482327 1.111699 0.024116
-0.921136 1.200000 0.464352
-0.931831 1.369410 0.327299
0.029835 1.007903 -0.078151
0.437285 -0.771804 -0.137861
0.244436 -1.004685 0.297919
0.299326 -1.156280 0.274740
0.225722 -0.945728 0.478069
0.078362 -0.876858 0.132981
-0.055456 -0.470407 0.770587
-0.146506 -0.486410 0.368917
-0.162798 -0.297358 0.681574
-0.226989 -0.306360 0.318119
-0.271867 -0.223491 0.752702
-0.186602 -0.246130 0.465751
-0.215459 -0.272288 0.567786
-0.315792 -0.232916 0.206841
-0.341931 -0.160778 0.617068
-0.239563 -0.108443 0.268935
-0.229789 -0.075335 0.413126
-0.260500 -0.001061 0.044511
-0.302329 0.024162 0.392487
-0.190730 0.026218 0.037213
-0.146226 0.135522 0.173780
-0.267519 0.228195 -0.076837
-0.299706 0.295443 0.384995
-0.218860 0.212893 0.019340
-0.207528 0.270481 0.164776
-0.345508 0.251526 0.005537
-0.382336 0.186668 0.394680
-0.564468 -0.009087 0.218832
-0.463337 0.096719 0.235466
-0.507354 0.189726 0.286092
-0.165999 0.683495 0.710579
-0.005890 0.713720 0.620001
0.162064 0.674332 0.509849
