1.348935 0.013172 0.033360
0.877403 0.020828 -0.016047
0.908208 0.019098 0.044864
0.139034 0.095354 -0.024138
0.413587 0.107506 0.059018
1.466734 0.035097 -0.009424
0.477493 0.101254 0.078731
0.056897 0.031654 -0.065333
1.682156 0.003640 0.094269
0.128082 0.069839 0.100911
-0.058060 0.017060 0.143826
0.369263 0.061221 0.088703
0.253953 0.007132 0.038161
1.154254 -0.167070 0.158577
0.065677 0.071133 -0.082259
1.660978 0.101480 0.088458
0.718581 0.038823 0.186425
1.123153 0.053247 0.143085
-0.155304 0.093601 -0.088440
-0.172851 -0.038666 -0.123734
1.055304 -0.026189 0.006271
1.003955 0.053452 0.096829
1.102577 0.023534 -0.044263
-0.076616 0.064839 -0.058125
0.155385 0.006132 0.106860
1.302118 -0.065528 0.040075
0.121732 0.136009 0.026003
1.076187 -0.036653 0.123605
-0.311749 0.017926 0.102130
0.657835 0.009561 -0.057071
-0.362707 0.036651 -0.098120
0.266437 0.091547 0.057972
0.866748 0.039392 0.060939
0.948479 -0.041699 0.063015
1.356918 0.087157 -0.007856
1.323847 0.019904 0.085318
1.436763 0.104694 0.143763
0.669898 0.052765 0.086516
1.056785 -0.081824 0.178383
0.132796 -0.084325 -0.118433
-0.260675 -0.006653 0.155893
0.166400 0.023816 0.105665
0.256031 0.105150 0.072056
0.070924 0.130697 -0.009124
0.002133 -0.083373 -0.141905
0.193216 0.006793 -0.090671
-0.245978 -0.072566 0.002524
1.445390 -0.048208 0.164615
-0.046647 0.055483 -0.121640
1.739767 0.037294 0.066265
1.881100 0.004381 0.130586
0.544713 0.041488 0.015647
0.476050 -0.075209 0.047808
0.042403 0.063990 0.077274
0.056387 0.046158 0.050922
1.505314 0.008702 0.051769
1.850843 -0.038746 -0.097447
0.502149 -0.177299 0.148622
-0.358696 0.088237 -0.061747
1.359861 0.044478 -0.014554
-0.311005 -0.031415 -0.072781
0.240517 -0.052718 -0.021426
-0.244770 -0.100535 0.156007
0.131704 -0.102439 0.138926
-0.113431 -0.000308 -0.111008
0.664286 0.015211 -0.024842
-0.237187 -0.012176 0.171397
0.374960 -0.022435 0.048292
0.082907 -0.046664 0.046246
-0.318128 -0.058367 0.102736
0.889285 -0.156142 -0.008625
1.129503 0.059368 0.007433
-0.226457 0.029278 0.189374
1.185903 0.065816 0.174508
1.448150 0.041601 0.098785
0.581736 -0.022943 -0.000589
0.847120 0.132861 0.190121
0.293806 -0.080857 -0.038788
0.480816 0.097102 0.066084
0.370477 0.079464 0.057556
0.146636 -0.051896 -0.045902
-0.315562 0.009840 0.138710
1.855017 -0.034877 0.013285
-0.551919 0.085596 0.096870
0.598917 -0.095819 -0.065713
0.143925 0.045562 -0.115211
0.733725 0.055224 -0.073541
1.202383 -0.047865 -0.010787
-0.192155 0.059156 -0.017996
1.474300 0.020946 -0.064931
-0.343237 -0.054648 0.094504
1.023185 0.139650 -0.057984
0.251316 -0.024007 0.155143
-0.237314 -0.031802 0.185617
1.203197 0.023962 0.015739
1.562405 -0.091577 -0.060131
-0.086968 -0.078220 0.084737
0.849637 0.047761 -0.032278
0.895007 0.132389 0.132587
-0.073130 0.096678 -0.073447
-0.226392 0.020160 0.116271
-0.060180 0.133956 0.175439
0.999323 -0.025882 -0.108910
0.552235 0.151081 0.021701
0.611224 -0.105442 0.036170
0.624255 0.037400 0.022702
-0.116022 0.163541 -0.037533
-0.047779 0.134352 -0.066706
0.563092 0.059990 -0.035959
0.491913 0.037092 0.001120
-0.388563 -0.000045 0.094269
0.352005 -0.036989 -0.091425
0.866673 -0.074650 0.122850
0.700738 0.009046 0.153387
1.322562 0.105781 0.011402
-0.738439 0.040245 -0.139135
0.104942 0.052199 0.074238
1.091516 -0.024050 0.074486
1.276921 -0.080104 -0.058626
-0.251739 0.048605 -0.097083
0.698196 0.063293 0.023159
0.405618 0.053927 0.155105
0.163666 0.081331 0.031013
0.977126 -0.091661 0.099870
0.997527 -0.131409 -0.075520
0.763378 -0.067674 0.111859
0.796996 0.001722 -0.101337
0.563155 0.040206 0.028732
1.052755 -0.007076 0.027241
-0.446387 -0.086691 -0.099960
1.104018 -0.056962 0.011164
0.215488 0.085547 0.026385
-0.038062 0.003148 -0.067268
1.022476 -0.036189 0.101974
-0.334751 0.076554 -0.067296
0.751469 0.209949 0.132913
0.952521 -0.115409 0.112020
-0.168314 0.012455 0.144336
-0.244460 -0.113363 -0.108459
0.318550 0.083564 0.034938
1.129942 -0.014466 -0.038514
-0.182733 0.070423 -0.105341
-0.060379 0.080297 0.094272
-0.058483 -0.062701 -0.105209
0.654225 0.019359 0.087605
0.560464 0.098869 0.093767
-0.281767 -0.119893 -0.139429
0.027127 0.059645 0.064016
-0.250769 0.118376 -0.035684
0.350159 0.032274 -0.045205
1.445356 0.031881 0.019251
1.122192 0.049857 -0.047203
0.574726 -0.117018 0.006995
0.155211 0.022354 -0.144677
-0.072270 -0.052818 -0.077401
0.089946 -0.032036 0.052329
0.733958 -0.004957 0.003216
-0.331408 0.061965 0.073366
1.874963 0.002923 -0.042549
-0.175093 -0.159718 0.071151
-0.549019 -0.013658 -0.114075
1.678661 -0.036635 -0.121108
1.161938 -0.128714 -0.044095
0.610685 -0.093278 0.013320
0.460613 -0.058042 -0.070184
1.138762 0.003926 -0.181161
0.917666 0.093463 0.036057
0.204950 -0.073108 -0.092511
1.100855 -0.059496 -0.024674
-0.033663 -0.021523 -0.087249
1.166761 -0.063782 0.027426
0.145013 -0.045420 0.139220
-0.154229 0.014643 0.112223
0.557058 0.030116 0.005677
0.940875 -0.084524 -0.104991
0.319168 0.066478 -0.001558
1.332877 -0.083631 0.121055
1.295406 0.002887 -0.053942
0.141219 -0.112998 0.036913
0.665151 0.042603 0.137245
1.395171 -0.040757 -0.005283
-0.007871 0.076287 -0.013388
0.556652 0.019269 0.083842
1.504490 0.019404 0.003446
0.220583 -0.057347 0.017596
0.712744 0.015919 0.029191
2.099469 -0.040843 -0.020789
-0.267800 0.063241 -0.051691
0.886237 0.099519 -0.054490
0.160984 -0.045780 -0.029343
-0.044164 0.002446 -0.052951
0.753492 0.104991 -0.050727
1.155302 -0.028732 -0.017767
0.323143 0.098012 -0.021281
-0.309396 -0.039269 0.095752
0.848976 -0.172046 -0.015748
1.099434 -0.044158 0.083882
0.453606 0.002037 -0.078032
0.043305 -0.070220 -0.068982
1.713758 0.126980 -0.044536
1.639966 -0.080016 0.104967
0.008067 0.025039 0.132315
1.097145 0.040945 0.076938
-0.076490 -0.023713 0.166910
1.315896 0.090216 0.097918
1.165005 0.043232 0.162359
-0.098637 -0.060664 -0.050361
0.785526 -0.070743 0.038648
-0.022505 0.019523 0.157616
1.654433 0.006421 0.008387
0.847563 -0.066345 0.091143
0.900535 0.018692 -0.080608
0.771657 -0.008661 0.091724
0.965193 0.048798 0.071200
-0.234790 0.037651 0.016251
-0.009209 -0.023181 -0.029275
-0.074196 0.051589 -0.090810
0.848314 -0.090705 0.087821
-0.082673 -0.049576 -0.051656
1.294574 -0.051844 0.063673
-0.213800 0.023576 -0.040062
-0.087343 -0.002042 0.152189
-0.477390 0.010949 -0.133022
0.022508 0.003695 0.039213
-0.474245 0.008143 0.099661
1.069691 0.004417 0.135279
0.160882 -0.005502 -0.042693
-0.517763 0.023739 -0.108434
1.326929 -0.020512 0.079810
0.380759 0.090046 0.090394
1.036853 -0.044990 0.199947
1.204789 0.074869 -0.001749
-0.316217 -0.082790 0.126279
-0.201000 -0.035758 -0.132296
-0.061894 0.076718 -0.098810
0.870955 0.049694 0.018392
-0.092976 -0.050631 0.043638
-0.022135 0.098119 0.063247
-0.556632 -0.096569 0.000609
-0.288254 0.083653 -0.056676
0.142680 -0.025324 -0.094205
-0.188039 0.035063 0.107971
0.350672 0.012147 0.026788
1.891791 -0.004718 0.039836
-0.393089 -0.046215 -0.124280
0.397672 -0.090264 0.023833
-0.279656 0.083141 0.003046
1.156090 0.050349 0.184710
-0.142001 -0.090159 -0.095326
-0.471159 -0.104024 0.012674
-0.290682 -0.090697 -0.021620
0.934250 0.118513 0.107784
-0.178785 -0.050614 -0.077717
-0.093399 0.073770 -0.041125
0.508793 -0.131703 -0.023233
-0.169261 -0.077894 0.124999
-0.176779 -0.055226 -0.115876
-0.183233 0.069858 -0.017147
-0.209269 0.136644 -0.093905
-0.194976 0.121294 -0.049875
-0.257138 0.089932 -0.076944
-0.379731 0.049041 0.005258
-0.485029 0.029894 -0.059152
-0.574641 0.035964 0.030091
-0.631265 0.015381 0.047224
-0.637911 0.021400 0.084491
-0.612936 -0.023011 -0.003416
-0.601685 0.000897 0.110013
-0.577377 -0.027824 -0.006828
-0.572423 0.011295 0.089128
-0.644036 -0.027528 -0.078915
-0.639989 0.015395 0.095425
-0.721122 -0.003160 -0.079431
-0.700919 0.035407 0.097651
-0.711043 0.046889 -0.133494
-0.686795 0.114239 0.136532
-0.679280 0.099003 -0.072047
-0.629154 0.136169 0.104195
-0.564830 0.125634 -0.141267
-0.429936 0.134544 0.123679
-0.326122 0.138109 -0.024420
-0.182615 0.160296 0.066882
-0.080255 0.106370 -0.024598
-0.078077 0.127451 0.142061
-0.142447 0.079392 -0.011805
-0.160220 0.118633 0.180441
-0.154341 0.110438 0.015073
-0.072985 0.222820 0.152619
-0.351227 0.005359 -0.109690
-0.437081 0.108975 -0.070243
-0.505255 0.079247 -0.003975
-0.467084 0.073916 0.036344
-0.554873 0.053096 -0.036499
-0.653246 0.037020 0.113198
-0.791315 0.024329 0.121774
-0.882529 0.021851 0.043401
-0.926758 0.019913 0.075421
-0.952827 -0.009238 0.067676
-0.954368 -0.034530 0.175124
-0.950255 -0.034267 0.069968
-0.894244 -0.023721 0.074637
-0.902250 0.027267 0.110552
-0.942322 0.048521 0.036410
-0.954200 0.050434 0.146979
-1.010282 0.054687 -0.036649
-1.048045 0.062163 0.190124
-1.039241 0.090587 -0.061640
-1.037694 0.091949 0.206890
-0.982103 0.069372 -0.069262
-0.957415 0.060397 0.169962
-0.900613 0.044449 0.066977
-0.793154 0.038596 0.158674
-0.635535 0.063412 0.077535
-0.476686 0.070044 0.135684
-0.371863 0.112255 0.254672
-0.317324 0.129256 0.059015
-0.373358 0.165474 0.245654
-0.387073 0.101994 0.107705
-0.374581 0.119076 0.272477
-0.201279 0.157302 0.122233
-0.532673 0.018709 -0.065772
-0.719792 0.102420 0.009763
-0.811074 0.105269 -0.149423
-0.719051 0.120417 -0.079157
-0.671328 0.097474 -0.026665
-0.672224 0.079466 -0.035155
-0.702152 0.063149 -0.028299
-0.763696 0.081867 -0.020087
-0.840199 0.043711 0.039000
-0.883154 0.019234 0.012117
-0.836444 -0.016210 -0.028062
-0.849721 0.001747 0.022188
-0.873642 -0.013700 0.028471
-0.923600 0.011313 0.006224
-1.044820 -0.005405 -0.058657
-1.053584 0.044139 0.051295
-1.144853 0.055525 -0.017970
-1.157376 0.085844 0.019873
-1.174328 0.114512 -0.053112
-1.139963 0.171920 0.042028
-1.159726 0.186610 0.050050
-1.104849 0.189005 0.016961
-1.043704 0.152707 0.068235
-0.880312 0.177945 -0.008559
-0.792053 0.141520 0.146777
-0.601763 0.153661 -0.011604
-0.468892 0.114052 0.143308
-0.340200 0.138798 -0.032545
-0.415235 0.131699 0.249698
-0.434789 0.116038 0.054344
-0.458846 0.094384 0.217508
-0.259345 0.173422 0.055063
-0.314538 0.007818 -0.124248
-0.510698 0.045281 -0.055609
-0.611623 0.059889 0.031015
-0.609133 0.040826 -0.030037
-0.590961 0.039287 -0.025087
-0.643863 0.034486 0.016055
-0.714719 0.014747 0.013899
-0.778676 0.005378 -0.000703
-0.835152 -0.001285 -0.007099
-0.876310 -0.039433 -0.002968
-0.910450 -0.076231 -0.030601
-0.942028 -0.073046 0.011843
-0.955763 -0.075759 -0.094505
-1.030251 -0.037929 0.026830
-1.058179 -0.029319 -0.076916
-1.102025 0.005781 0.070834
-1.064341 0.018811 -0.145840
-1.094834 0.088699 0.139523
-1.076413 0.090267 -0.051596
-1.123515 0.116909 0.099814
-1.097078 0.114400 -0.036102
-1.096481 0.145060 0.098599
-1.045461 0.139063 -0.005640
-0.971427 0.112284 -0.008654
-0.833354 0.103542 -0.005961
-0.693854 0.101950 0.031755
-0.513567 0.109045 0.040688
-0.374546 0.131268 0.006900
-0.355764 0.186436 0.063452
-0.357625 0.167434 0.020576
-0.334253 0.187580 0.144893
-0.194530 0.208643 0.064972
-0.363911 -0.023062 -0.075725
-0.538946 0.042821 -0.003132
-0.631050 0.088567 -0.136529
-0.574674 0.081908 -0.038841
-0.577770 0.085243 -0.054566
-0.572371 0.066710 -0.026198
-0.569703 0.052481 -0.001405
-0.574103 0.046422 -0.041525
-0.671191 0.013312 0.001048
-0.758642 -0.028630 -0.022044
-0.857235 -0.061096 0.015872
-0.921860 -0.088491 0.031837
-1.037760 -0.112950 0.070688
-1.105565 -0.122582 0.067185
-1.206069 -0.075346 -0.004672
-1.207914 -0.004300 0.055486
-1.205013 0.076947 -0.035894
-1.119228 0.109698 0.054245
-1.112037 0.167708 -0.038357
-1.079578 0.170164 0.055545
-1.115244 0.195031 -0.037151
-1.068024 0.198905 0.057685
-1.052874 0.197822 0.006862
-0.937750 0.158048 0.050325
-0.821627 0.128822 0.032453
-0.630726 0.111474 0.026463
-0.462375 0.110676 0.059077
-0.346784 0.137500 -0.028357
-0.291570 0.157517 0.101277
-0.334716 0.164332 0.019073
-0.346545 0.136984 0.203485
-0.226422 0.193115 0.102704
-0.243273 -0.037228 -0.147555
-0.432783 0.030603 0.015125
-0.497310 0.048162 -0.017233
-0.524332 0.055574 -0.002396
-0.521766 0.041872 -0.041744
-0.546022 0.038656 0.024717
-0.575748 -0.005570 0.046172
-0.630132 -0.024884 0.017612
-0.707698 -0.048948 0.102189
-0.797554 -0.112014 0.028369
-0.848906 -0.174618 0.045997
-0.938496 -0.172424 0.073137
-0.981082 -0.186396 -0.090443
-1.083295 -0.125685 0.062595
-1.137803 -0.086199 -0.100429
-1.144191 0.020845 0.056485
-1.078267 0.093128 -0.173703
-1.034622 0.143130 0.072869
-0.974982 0.132611 -0.091561
-1.010699 0.150928 0.099892
-1.000214 0.145149 -0.026682
-1.002384 0.171211 0.082360
-0.931465 0.144265 -0.051383
-0.869359 0.132326 0.064478
-0.735239 0.095664 -0.026545
-0.595641 0.078587 0.080497
-0.399323 0.064780 0.048354
-0.308471 0.088750 0.069734
-0.283917 0.132951 0.095812
-0.376197 0.127541 0.003187
-0.336893 0.163419 0.190679
-0.218118 0.170670 0.041587
-0.340745 -0.021819 -0.089572
-0.504769 0.033100 -0.053494
-0.597985 0.069231 -0.106623
-0.553557 0.061448 -0.070187
-0.578571 0.045393 -0.029544
-0.551777 0.034402 -0.048610
-0.559385 0.009151 0.013536
-0.568594 -0.008578 -0.083815
-0.625799 0.010335 -0.000820
-0.705410 -0.005765 -0.067911
-0.769090 -0.013229 -0.059302
-0.868245 -0.065742 0.052085
-1.033229 -0.094206 -0.049704
-1.113000 -0.118241 0.113510
-1.224410 -0.094040 -0.139015
-1.205937 0.010322 0.064490
-1.118116 0.081936 -0.091910
-0.994237 0.143132 0.000070
-0.915047 0.150842 -0.112182
-0.881928 0.162670 -0.013807
-0.904418 0.183541 -0.026755
-0.906741 0.169657 0.011733
-0.905425 0.155766 -0.037204
-0.827236 0.124453 0.017777
-0.725130 0.107924 0.022916
-0.583769 0.084524 0.025847
-0.443419 0.092234 -0.011149
-0.334330 0.147155 -0.039884
-0.327002 0.150326 0.043928
-0.368962 0.151620 -0.012877
-0.377516 0.109244 0.197814
-0.251236 0.140290 0.047537
-0.341282 -0.021754 -0.152364
-0.547436 0.069831 -0.048192
-0.597793 0.070291 -0.061715
-0.624883 0.079066 -0.051859
-0.593276 0.056622 -0.070051
-0.591164 0.066833 -0.040053
-0.574939 0.050931 -0.040755
-0.614636 0.054067 -0.059355
-0.665619 0.056335 -0.033845
-0.696417 0.021032 -0.020215
-0.739407 -0.020672 -0.067139
-0.852706 -0.065189 0.095679
-0.967029 -0.082751 -0.214715
-1.082464 -0.076988 0.180640
-1.146205 -0.068797 -0.233415
-1.157573 0.055120 0.189800
-0.999579 0.138030 -0.305750
-0.886441 0.173614 0.130555
-0.768804 0.148068 -0.174194
-0.779828 0.117328 0.108096
-0.757102 0.110254 -0.103364
-0.809981 0.126418 0.049045
-0.766406 0.104617 -0.100295
-0.749160 0.102901 0.070535
-0.621590 0.076326 -0.049526
-0.534861 0.077275 0.043306
-0.395344 0.057562 -0.018017
-0.364168 0.094045 0.051517
-0.367459 0.084445 0.008487
-0.438830 0.089414 0.030520
-0.409726 0.086644 0.194708
-0.253464 0.111420 0.032615
-0.393394 -0.005852 -0.102605
-0.546046 0.052327 -0.017792
-0.601156 0.065720 -0.077436
-0.580465 0.058129 -0.027615
-0.579835 0.035128 -0.023416
-0.545907 0.022824 -0.026970
-0.513283 0.012970 -0.038571
-0.522970 0.019529 -0.129342
-0.562441 0.021413 -0.049126
-0.635967 0.039020 -0.080627
-0.707844 0.010828 -0.027332
-0.818743 -0.003511 0.020968
-0.946507 -0.051596 -0.001090
-1.053133 -0.056399 0.118247
-1.211012 -0.053097 -0.119869
-1.201223 0.031361 0.013065
-1.123826 0.098076 -0.053370
-0.904789 0.154246 -0.039792
-0.803952 0.115194 -0.068615
-0.734761 0.127630 0.038707
-0.771107 0.099507 -0.058184
-0.752212 0.116905 0.031628
-0.770416 0.091997 -0.014374
-0.708717 0.064546 0.027784
-0.651947 0.053789 0.020660
-0.522595 0.058910 0.055176
-0.420696 0.070395 0.000769
-0.334546 0.123810 -0.015607
-0.354799 0.091076 0.055288
-0.401731 0.082797 0.012004
-0.391571 0.020336 0.150448
-0.244634 0.057455 0.009767
-0.359407 -0.000494 -0.134334
-0.544046 0.077622 0.008126
-0.566801 0.054945 -0.050495
-0.570051 0.057069 -0.016857
-0.536277 0.032001 -0.038459
-0.511486 0.033931 0.008916
-0.475470 0.020154 0.003569
-0.485802 0.035566 -0.000117
-0.543819 0.046905 -0.002648
-0.601552 0.026436 0.045173
-0.658705 0.002392 -0.016240
-0.742581 -0.036971 0.084370
-0.828510 -0.052779 -0.120254
-0.978719 -0.040649 0.211977
-1.062295 -0.014902 -0.123803
-1.135334 0.054464 0.146899
-1.002775 0.112045 -0.231130
-0.854799 0.111937 0.175353
-0.683332 0.087064 -0.135607
-0.643797 0.060837 0.116395
-0.673983 0.018297 -0.080538
-0.701568 0.025715 0.064377
-0.664937 0.028711 -0.010890
-0.619997 0.032169 0.055748
-0.491949 0.036043 -0.008796
-0.425077 0.041369 0.068482
-0.344823 0.040457 0.015994
-0.346590 0.075436 0.036111
-0.359728 0.057009 0.037876
-0.415690 0.029659 -0.010866
-0.376463 0.012345 0.188165
-0.205193 0.038377 0.004409
-0.390117 0.028575 -0.105918
-0.544436 0.090603 -0.050801
-0.589600 0.100009 -0.099078
-0.550396 0.063269 -0.038059
-0.530804 0.046674 -0.039495
-0.474993 0.013381 -0.059480
-0.410150 0.000946 -0.090430
-0.383832 -0.010456 -0.067511
-0.429270 -0.000355 -0.093113
-0.524085 0.029167 -0.043455
-0.646339 0.008131 -0.055099
-0.720055 -0.002314 0.039978
-0.877468 -0.029633 0.016214
-0.993199 -0.044855 0.034091
-1.187677 -0.021492 -0.093825
-1.149120 0.046988 0.078904
-1.113235 0.114976 -0.073913
-0.872840 0.163063 0.026968
-0.765031 0.126851 -0.093931
-0.642926 0.110936 0.026041
-0.643664 0.063743 -0.020669
-0.607173 0.057286 0.006735
-0.589074 0.017955 -0.015657
-0.490467 0.005861 0.005367
-0.404592 -0.005953 0.055961
-0.306697 -0.003461 0.046843
-0.210778 0.009121 0.035898
-0.154123 0.074829 -0.041920
-0.160464 0.047652 0.074418
-0.232285 0.017916 -0.027913
-0.176394 -0.036031 0.128710
-0.069084 0.022496 -0.044076
-0.372180 0.032725 -0.147767
-0.586638 0.118506 -0.030313
-0.590633 0.090569 -0.090657
-0.588194 0.091901 -0.043532
-0.524148 0.061900 -0.088535
-0.486525 0.070772 -0.042203
-0.410498 0.045142 -0.053666
-0.343592 0.053091 -0.064938
-0.324755 0.054482 -0.057630
-0.360883 0.056569 0.018485
-0.486704 0.038132 -0.045942
-0.568219 0.024505 0.019339
-0.667084 -0.003142 -0.131510
-0.847532 -0.018825 0.113904
-1.006128 -0.021430 -0.105161
-1.107200 0.044452 0.085168
-0.977569 0.061913 -0.236666
-0.809517 0.096468 0.143281
-0.686240 0.080670 -0.142434
-0.615427 0.083154 0.096524
-0.602936 0.027159 -0.042025
-0.598728 0.040030 0.064905
-0.504729 0.014207 0.006625
-0.409424 -0.009433 0.040411
-0.277534 -0.009572 -0.011627
-0.191479 -0.013887 0.033020
-0.096430 -0.008831 0.028110
-0.067113 0.040888 0.041456
-0.121753 0.043000 0.047268
-0.144528 0.018273 -0.027309
-0.102664 -0.000846 0.197034
0.028441 0.047046 -0.042255
-0.490952 0.046786 -0.098781
-0.626826 0.124009 0.006314
-0.645236 0.127990 -0.032571
-0.586279 0.106611 -0.016647
-0.543575 0.084816 -0.020885
-0.476688 0.073330 -0.012852
-0.356612 0.053680 -0.043793
-0.275605 0.040561 -0.054158
-0.252218 0.020577 -0.025084
-0.289157 0.028123 -0.029526
-0.439562 0.000310 -0.033245
-0.519707 -0.021021 0.059050
-0.695006 -0.064550 0.060165
-0.773202 -0.077113 0.103440
-1.036441 -0.077307 -0.055346
-1.065172 -0.036019 0.049766
-0.996218 0.044795 -0.008332
-0.715555 0.117992 0.017069
-0.633958 0.108809 -0.044985
-0.554819 0.112812 0.022152
-0.525627 0.040093 -0.046509
-0.462851 0.053703 0.025742
-0.379802 -0.008540 0.009079
-0.196896 -0.026336 0.047071
-0.102010 -0.087831 0.057816
-0.001739 -0.051808 0.069909
0.034312 -0.074694 0.012362
0.128282 0.009788 -0.029547
0.089418 0.005726 0.052146
0.067784 0.002261 -0.051385
0.087047 -0.010857 0.178438
0.154743 0.072498 -0.000185
-0.413453 0.052796 -0.119278
-0.595199 0.152322 0.012027
-0.592442 0.138402 -0.081398
-0.572466 0.146276 -0.025072
-0.498635 0.117503 -0.084665
-0.444030 0.101979 0.015364
-0.326799 0.065542 0.009704
-0.286067 0.032366 -0.019831
-0.270241 0.032948 0.002601
-0.305846 0.022471 -0.009899
-0.372167 0.020567 0.033570
-0.438115 -0.010509 0.085458
-0.560297 -0.039683 -0.104876
-0.687797 -0.069699 0.146426
-0.818765 -0.060525 -0.086386
-0.938537 -0.007970 0.069794
-0.858145 0.001125 -0.229213
-0.720724 0.047628 0.228361
-0.554131 0.061381 -0.013358
-0.527809 0.095791 0.138424
-0.503712 0.042332 -0.001622
-0.510095 0.049956 0.048698
-0.334539 -0.004033 0.027478
-0.188544 -0.028994 0.061740
0.038654 -0.054143 0.022153
0.162833 -0.058712 0.144900
0.320110 -0.046804 0.027072
0.350126 0.001451 0.015774
0.276223 0.039091 0.118367
0.156050 -0.010288 -0.041931
0.213023 0.016805 0.212467
0.257205 0.058577 0.011380
-0.473116 0.074478 -0.095021
-0.608669 0.143859 -0.078897
-0.616383 0.184264 -0.098948
-0.555181 0.141263 -0.042025
-0.563778 0.127400 -0.040398
-0.493909 0.099397 -0.084999
-0.397801 0.082102 -0.039863
-0.306912 0.058040 -0.048092
-0.256203 0.062678 0.021266
-0.253433 0.034007 -0.026930
-0.337957 -0.003045 0.068226
-0.358848 -0.008076 0.020569
-0.454341 -0.058905 0.089902
-0.525168 -0.037798 0.134950
-0.746456 -0.040039 -0.064097
-0.763341 -0.022413 0.155675
-0.801368 0.009489 0.068020
-0.604223 0.038093 0.136637
-0.543576 0.011088 -0.085926
-0.443707 0.059719 0.102539
-0.397344 0.011255 0.026993
-0.358964 0.043200 0.061565
-0.269643 -0.023028 0.109578
-0.048867 -0.039203 0.023247
0.075020 -0.117683 0.162384
0.194845 -0.117939 0.136608
0.223348 -0.115382 0.053928
0.288082 -0.029640 0.039575
0.259144 -0.036618 0.069443
0.202756 -0.039903 0.055984
0.236282 -0.066352 0.163348
0.249846 0.055260 0.004386
-0.307841 0.023515 -0.180480
-0.478164 0.137048 -0.004056
-0.485561 0.148991 -0.075275
-0.456793 0.139541 -0.072132
-0.400652 0.130732 -0.088418
-0.369415 0.108797 -0.046755
-0.255147 0.073357 -0.030094
-0.180063 0.022576 -0.045562
-0.148873 0.041612 -0.017283
-0.153043 0.034215 0.047024
-0.205351 0.042728 0.116505
-0.209698 0.017996 0.061482
-0.227659 0.010050 0.046162
-0.272279 0.032887 0.093425
-0.353232 0.002511 0.019684
-0.472844 0.063350 0.077041
-0.474536 0.001884 -0.165520
-0.432732 0.077206 0.207108
-0.394416 0.016139 0.031235
-0.321125 0.068936 0.149609
-0.253337 0.035715 0.103461
-0.250728 0.045684 0.059435
-0.141346 0.003523 0.150764
-0.009642 -0.057303 0.006773
0.098983 -0.063560 0.170898
0.217898 -0.070865 0.063395
0.297708 -0.034072 0.120404
0.274079 0.018743 0.098575
0.154575 0.027012 0.117116
0.084546 0.012597 0.072710
0.132792 0.010008 0.197222
0.241062 0.059139 0.060109
-0.429330 0.018226 -0.114876
-0.545809 0.089607 -0.000416
-0.541520 0.156669 -0.089493
-0.514557 0.134556 -0.072184
-0.480627 0.140629 -0.062454
-0.405110 0.114528 -0.085655
-0.265305 0.058946 -0.005300
-0.142776 0.047959 0.046555
-0.047964 0.002875 0.079709
0.029204 0.025075 0.069144
0.075253 -0.003111 0.019179
0.145933 0.004526 0.096275
0.215340 -0.050414 -0.027920
0.250349 0.001310 0.147524
0.091518 -0.027337 -0.045387
-0.009365 0.021467 0.120537
-0.058905 0.033788 -0.057406
0.075882 0.046066 0.186608
0.075135 -0.013967 -0.118041
0.172503 0.046765 0.077792
0.216316 0.001280 -0.049980
0.235868 -0.000828 0.044643
0.235471 -0.039146 0.086448
0.343932 -0.082968 0.068188
0.370386 -0.139188 0.133627
0.442757 -0.128628 0.051799
0.362595 -0.127133 0.142612
0.322009 -0.040843 0.054578
0.203815 -0.047010 0.145784
0.178258 -0.037144 -0.041961
0.166162 -0.073896 0.213226
0.229720 0.049907 0.036587
-0.320389 0.020318 -0.138198
-0.437883 0.105108 0.060837
-0.362087 0.129054 -0.029308
-0.285770 0.127717 -0.029711
-0.205012 0.121557 -0.119921
-0.169040 0.102845 0.019786
-0.019647 0.029252 0.040303
0.091690 0.006418 0.018210
0.170934 0.011383 0.064683
0.252479 0.043562 0.043921
0.301858 0.061355 0.126038
0.344398 0.051299 0.067980
0.375500 0.000458 0.006393
0.333198 0.013333 0.086614
0.384841 -0.035014 0.005707
0.201252 0.067969 0.215099
0.232064 -0.006086 -0.092573
0.191758 0.041988 0.209261
0.330933 -0.025828 -0.035380
0.314005 0.031768 0.183694
0.351731 -0.007545 0.002246
0.353256 -0.007698 0.024596
0.518262 -0.039063 0.091860
0.577833 -0.083038 0.048807
0.576732 -0.096783 0.119808
0.554347 -0.071006 0.101616
0.593772 -0.042979 0.179023
0.568026 0.001698 -0.032608
0.440406 0.000545 0.180466
0.303036 -0.026360 -0.043622
0.259486 0.010176 0.313037
0.292929 0.074186 0.038803
-0.348143 0.047217 -0.141503
-0.426888 0.124547 -0.077609
-0.380463 0.169221 -0.207591
-0.273504 0.150705 -0.036511
-0.250434 0.146028 -0.071589
-0.162572 0.121109 0.021033
-0.006044 0.068723 0.002534
0.188037 0.034198 0.052659
0.264583 0.012336 0.078440
0.340993 0.007378 0.090504
0.440259 0.028147 0.152420
0.604657 0.016844 0.059361
0.664567 -0.022043 0.177317
0.654511 0.004053 0.158316
0.555932 -0.022396 0.039185
0.507942 0.033177 0.047236
0.444870 -0.025251 0.172632
0.519435 0.006979 0.148026
0.571330 -0.035149 0.012596
0.702514 -0.008067 -0.037749
0.655227 -0.039819 0.090762
0.633032 0.004934 0.070875
0.614373 -0.036439 0.122799
0.742179 -0.072030 0.085203
0.693434 -0.121261 0.192245
0.701939 -0.108538 0.104754
0.642227 -0.078674 0.086954
0.678498 -0.029949 0.074885
0.549398 -0.055476 0.269614
0.516334 -0.096374 -0.063439
0.486238 -0.092783 0.210577
0.451293 0.044567 0.014595
-0.147956 0.068191 -0.162713
-0.208223 0.129002 0.022643
-0.122934 0.131641 0.011604
-0.024974 0.080768 -0.039711
0.073888 0.095743 -0.044995
0.096525 0.074652 0.034458
0.267447 0.087923 0.112021
0.389840 0.047184 0.011903
0.446453 0.086059 0.105380
0.548355 0.066554 0.129521
0.680453 0.075656 0.199331
0.855942 0.016481 0.056423
0.905133 -0.000705 0.101514
0.931312 -0.020135 0.113631
0.985438 -0.052893 0.170301
0.936253 0.000272 0.083968
0.829353 -0.029230 0.030863
0.694038 -0.011263 0.152616
0.701545 -0.063918 0.139541
0.741508 -0.035993 0.124226
0.757254 -0.025786 0.142481
0.766855 -0.045793 0.062907
0.764667 -0.036659 0.291134
0.705674 -0.077585 0.082761
0.636357 -0.085796 0.216530
0.631414 -0.086702 0.220229
0.684687 -0.049983 0.255819
0.641134 -0.048004 0.060085
0.530451 -0.049245 0.165051
0.429486 -0.114929 0.063392
0.418737 -0.088154 0.243167
0.409859 0.017380 0.032274
-0.173633 0.069382 -0.170964
-0.177951 0.149220 -0.063905
-0.066099 0.204473 -0.144476
0.043996 0.170988 -0.069198
0.125107 0.157340 -0.099802
0.224452 0.140883 -0.023078
0.364102 0.126441 0.096202
0.581076 0.097202 0.059863
0.783824 0.066992 0.016080
0.937944 0.046849 0.102541
1.054593 0.048133 0.082930
1.159835 0.053580 0.227668
1.265804 0.048468 0.024388
1.404433 0.052645 0.068816
1.353155 0.056355 0.119535
1.352420 0.080642 0.167775
1.305753 0.032958 0.024329
1.240281 -0.007721 0.106435
1.115822 0.012877 0.064084
1.078981 0.022704 0.141530
0.978533 0.007620 0.013013
0.951696 0.026164 0.056537
0.823779 0.034081 0.169676
0.822118 -0.036182 0.174659
0.776879 -0.071539 0.111565
0.801932 -0.057339 0.071808
0.723465 -0.022901 0.163132
0.743118 -0.007927 0.142414
0.676300 -0.035817 0.140975
0.620807 -0.088714 0.038481
0.474305 -0.114706 0.182078
0.449372 -0.006780 0.068417
0.051005 0.087904 -0.139561
0.054154 0.171870 0.037625
0.149772 0.185583 0.024754
0.267160 0.171772 -0.042958
0.371404 0.157910 0.006195
0.363278 0.135935 0.017001
0.504713 0.144971 0.103506
0.612664 0.153757 0.003103
0.741055 0.139166 0.151547
0.843159 0.111658 0.176755
1.072702 0.074547 0.056521
1.253499 0.020897 0.113512
1.284331 -0.016879 0.140545
1.326281 -0.054105 0.270576
1.438973 -0.073485 0.075117
1.427324 -0.072155 0.143708
1.348577 -0.068970 0.208402
1.205969 -0.110507 0.245644
1.195589 -0.135660 0.087683
1.166418 -0.115965 0.166540
1.028097 -0.068610 0.182906
0.928165 -0.089186 0.200914
0.862495 -0.115327 0.190463
0.826268 -0.166547 0.081672
0.750934 -0.142010 0.256082
0.744062 -0.149918 0.175742
0.746762 -0.091136 0.178686
0.775669 -0.086958 0.059983
0.768218 -0.068969 0.157754
0.701727 -0.166713 0.038633
0.677479 -0.140522 0.181088
0.548627 -0.069258 0.074899
0.053115 0.088241 -0.096031
0.141628 0.191505 -0.148754
0.308360 0.251516 -0.125373
0.519329 0.250687 -0.154246
0.593161 0.203912 -0.020600
0.712467 0.215912 -0.136843
0.762013 0.189596 0.004139
0.878191 0.177383 0.035623
0.978901 0.101296 0.055175
1.136682 0.082863 0.049371
1.126531 0.059874 -0.010641
1.239686 0.060161 0.233872
1.300818 0.026395 0.090697
1.398786 0.007872 0.124742
1.300406 -0.015046 -0.012483
1.325043 -0.012946 0.207773
1.294914 -0.050934 0.107672
1.310580 -0.068001 0.101083
1.191234 -0.070240 0.041922
1.164025 -0.055297 0.182329
1.095651 -0.024654 0.101537
1.057704 -0.027098 0.069558
0.929100 -0.057720 0.053126
0.908952 -0.098332 0.093552
0.833760 -0.080306 0.160102
0.887852 -0.052540 0.058134
0.836585 -0.011033 0.038237
0.848016 -0.020475 0.062743
0.786752 -0.040809 0.144208
0.733717 -0.117007 0.034778
0.609749 -0.124083 0.080570
0.523820 -0.034787 -0.038589
0.293612 0.115505 -0.062268
0.256281 0.271319 0.046271
0.361585 0.280707 0.012231
0.497202 0.249828 -0.051495
0.626253 0.228920 -0.044340
0.652319 0.239499 -0.009184
0.739980 0.263178 0.053963
0.753662 0.275546 0.084990
0.875974 0.248054 0.040717
0.892835 0.198343 0.158822
1.084279 0.173929 0.109827
1.102354 0.121939 0.179618
1.196279 0.107800 0.133732
1.152287 0.059793 0.296984
1.305166 0.067132 0.184375
1.233265 0.032300 0.215464
1.208723 0.064859 0.154408
1.080212 0.008761 0.284966
1.124026 -0.006654 0.202316
1.072128 -0.015662 0.227083
1.029914 0.017021 0.144353
0.935854 0.019846 0.255636
0.932992 0.018324 0.180070
0.862557 -0.020405 0.160351
0.800044 0.003397 0.140253
0.779667 0.003792 0.171461
0.788215 0.044775 0.172372
0.780883 0.023294 0.108402
0.762533 0.019771 0.087129
0.722528 -0.053860 0.134191
0.658437 -0.065895 0.135724
0.552520 -0.013584 0.086014
