-0.497254 -0.495359 -0.971377
-0.013881 -0.398058 -0.669995
-0.077607 -0.511023 0.171794
-0.062927 0.560782 -0.495033
-0.227551 -0.742890 0.671218
-0.412820 0.828216 -0.294070
-0.370206 0.054282 0.830502
-0.146730 0.788410 -0.000773
-0.423609 0.743298 -0.328012
-0.022384 0.733406 0.018360
-0.342465 0.658499 0.662264
0.084751 0.305579 0.696232
-0.779687 0.889520 0.764872
0.033539 0.352650 0.571566
-0.772915 0.803587 0.548518
-0.808286 -0.939685 -0.115937
-0.481719 -0.821864 -0.935322
-0.703223 -0.776798 0.265229
-0.090928 0.534492 -0.051539
-0.862717 0.623222 -1.105531
-0.084599 -0.806620 0.253177
-0.431089 1.109696 -0.176225
-0.120880 0.534413 -0.525717
-0.449379 -0.051411 -1.120008
-0.642037 -0.093182 1.045485
-0.428120 0.203981 0.549510
-0.494950 1.093900 -0.293104
-0.233174 -0.781553 0.310988
-1.161373 0.796045 -0.260940
-0.543147 -0.542121 -0.774301
-0.966725 0.222573 -1.102296
-0.347646 -0.109243 -0.989991
-0.138703 0.596024 -0.816097
-0.409341 -0.304608 -1.064610
-0.392486 0.276697 -0.572644
0.012303 0.544467 -0.290870
-0.624849 -0.707020 -0.355416
-0.385679 0.334204 -0.793845
0.018699 0.556765 0.701328
-0.822967 0.680095 -0.689856
-0.065322 0.441006 0.368696
-0.030078 0.627383 0.537994
-0.600122 -0.262420 0.815434
-0.719322 -0.399787 -1.172172
-0.512201 -0.142248 -0.894237
-0.113893 -0.294158 -0.776108
-0.930265 -0.688937 0.903080
-0.014265 0.807465 0.785332
-0.629049 0.458108 -0.859195
-0.544620 -0.006835 0.479996
-1.073399 -0.562461 0.362673
-0.178866 0.776221 -0.461609
-0.161872 0.722225 -0.066086
-0.629523 0.074738 0.907751
-0.780626 -0.055765 0.858346
-0.331722 -0.489130 0.326308
-0.433405 -0.208175 -0.590675
0.003105 0.958984 0.449267
-1.337219 0.630291 -0.961327
-0.136220 0.426939 -0.284700
-1.106687 -0.103518 -0.870027
-0.455218 1.011684 -0.743469
-1.079436 -0.845269 0.349129
-0.195110 -0.792426 0.165365
-0.190501 -0.618218 -0.460819
-0.376749 -0.337031 -1.048577
-0.311704 0.418588 0.787606
-0.277620 0.004811 0.990505
-0.517504 1.119464 0.536931
-0.814122 0.503962 1.044603
-0.304491 0.897908 -0.033097
-0.040139 -0.151999 -0.798753
-1.102681 -0.028329 0.879416
-0.277592 0.281935 0.577842
-0.331389 0.665370 -0.524488
-0.138859 -0.170984 -0.830513
-0.201636 0.291269 0.962804
-0.129071 -0.441766 -0.583801
-0.285713 -0.197569 0.763050
-0.020469 0.599302 -0.401936
-0.032010 -0.758514 -0.372760
-1.134165 -0.382898 0.622768
-0.396206 0.417702 -0.493755
-1.589315 0.327792 0.853733
-0.420105 -0.862010 -0.701083
-0.733527 -0.117459 -0.994506
-0.009744 -0.697114 -0.471420
-0.237912 -0.363692 -0.813811
-0.650409 1.008597 -0.381011
-0.236492 -0.122894 -0.736674
-1.747408 -0.522777 0.683416
-0.106261 -0.562058 -0.694356
-0.609050 0.719891 0.864260
-0.720352 0.037888 0.870076
-0.006573 0.436211 0.755998
-0.201484 0.517348 0.819263
-0.502209 -0.928999 0.209083
-0.034180 0.341089 -0.900555
-0.269691 -0.776290 0.036159
-0.930174 -0.217803 -1.042897
-0.958348 0.294089 0.818507
-0.180210 0.783346 0.265074
-0.317538 -0.551282 -1.117043
-0.825652 -0.144649 0.457571
-0.556375 -0.429829 -0.969519
-0.357167 0.916326 -0.792160
-0.514068 1.074774 0.331870
-0.283239 0.770787 -0.405810
0.048031 0.146701 0.657052
-0.278906 -0.116570 -0.787813
-0.926349 1.190929 0.090677
-0.085832 -0.435539 -0.530745
-0.142745 -0.441935 0.443090
0.092967 0.633204 0.570931
-0.494178 -0.775007 -0.588119
-1.494595 -0.378472 -1.012251
-0.584278 -0.538834 0.654735
-0.053454 -0.089512 -0.778271
-0.274043 0.254082 -0.929808
-0.948562 0.788006 -0.745456
-0.331685 -0.727012 0.353241
-0.187733 -0.461848 0.476223
-0.361504 -0.607589 -0.985051
-0.139345 0.869765 -0.094294
0.040573 -0.074532 -0.671776
0.028909 0.955544 -0.141487
-0.170814 0.311307 -0.783944
-0.267068 0.976030 0.734564
-0.342402 -0.953989 -0.399912
-1.154475 -0.044301 -0.730854
-0.108301 0.571486 -0.587578
-0.869010 -1.031281 -0.765683
-0.725561 0.717427 -0.598509
-0.001219 0.914144 0.401784
-1.100045 -0.418810 -1.075101
-0.410958 -0.206884 0.539748
-0.075958 0.887772 0.099035
-0.083915 0.733059 0.360688
-1.208317 -0.556250 -0.655501
-0.477939 1.201676 -0.476744
0.042752 -0.217785 -0.921847
-0.948689 0.501473 -0.704464
-0.936779 -0.341057 0.990198
-0.605236 0.133580 -0.884069
-0.210461 0.246290 1.050819
-0.024917 -0.293610 0.506622
-1.003685 -0.341087 -0.880346
-0.790429 0.130453 0.574323
-0.610139 0.797713 0.765885
-0.231517 0.870384 -0.468113
-0.020794 -0.527117 -1.044516
-0.313249 0.915141 -0.552791
-0.291336 0.529642 -0.773362
-0.050209 -0.128576 -1.085581
-0.729591 -0.238618 -1.201252
-0.257979 0.322076 0.670197
-0.073526 0.694793 -0.291893
-0.795030 0.940451 -0.441004
-0.928226 -0.556634 -0.467635
-0.923942 0.193136 0.858869
-1.619420 -0.276989 -0.867993
-0.187574 0.624141 -0.485351
-0.144604 0.303315 -0.505719
-0.084791 0.369466 0.896919
0.001533 0.361527 -0.549246
-0.148297 0.747972 -0.364378
-0.075688 -0.485363 -0.595096
0.123012 0.177713 -0.443292
-0.046577 0.525362 -0.513564
-0.717812 -0.658748 -1.002709
-0.235728 0.809414 0.022000
-0.839859 0.561663 0.860462
-0.550094 0.314981 0.971781
0.045591 0.727090 -0.037522
-0.194670 -0.343582 -1.008783
0.113033 0.697502 0.614414
-0.095857 0.659228 -0.073799
-0.052901 -0.545595 -0.711692
-0.346516 -0.791848 -0.373550
-0.265391 -0.469961 0.715556
-0.400318 0.831406 0.034991
-0.034628 0.527053 0.163940
-0.033960 0.634977 -0.246248
-0.367217 0.497938 -0.532657
-0.186052 -0.056681 0.516351
-0.010383 -0.459003 -0.568005
-0.523857 0.947565 -0.095250
-1.188964 0.222109 -0.783951
-0.055855 0.007946 0.409619
-0.560394 0.301864 -0.979095
-0.572641 0.278402 -1.232771
0.096256 0.216785 -0.659582
-0.202076 -0.753147 -0.763481
-0.357892 0.596285 -1.016978
-1.036928 0.199884 1.063386
0.058733 0.256397 0.570057
-0.381462 -0.690079 -0.700569
0.053042 -0.508167 -0.398689
-0.764199 -1.103256 -0.013438
-0.406811 -0.028244 -0.625914
-0.329635 0.922699 0.489823
-0.297840 1.002300 -0.004164
-0.043935 0.822500 0.358011
-0.539930 0.338694 0.871689
-0.540342 -0.888492 -0.277665
-0.078344 0.933768 0.537418
-0.991346 0.131373 -0.724383
0.078672 0.234793 0.927788
-0.871512 -0.265701 0.701901
-0.701889 -0.602144 -0.607907
0.088791 0.862498 -0.288951
0.153377 0.718639 -0.265093
-0.036503 0.757402 -0.420283
-0.196773 0.739334 0.845806
-0.965134 0.678868 0.786133
-0.903167 -0.792293 -0.754606
-0.291961 0.238071 -0.655310
-0.125326 -0.059081 -0.715008
-0.855549 0.272909 -0.873437
-0.278486 0.741133 0.568019
-0.737141 0.211847 -1.151458
-1.018352 0.671544 0.603624
-1.572057 0.239677 -0.872631
-0.868262 -0.684707 0.431406
-1.193069 -0.084085 0.963232
-0.083141 0.133282 0.770608
-0.620663 -1.053304 -0.548432
-1.213071 -0.070752 -1.251766
-0.116490 -0.314592 0.401400
-0.624787 -1.045320 -0.695293
-0.020253 0.881720 -0.127155
0.039417 -0.095967 -1.133314
-1.390227 -1.009499 -0.400372
-0.792185 -0.195794 -1.010234
-0.536088 -0.446358 -0.856630
-0.023804 0.283967 -0.987319
-0.835209 -1.002485 0.420672
-0.100450 0.769555 0.140672
-0.722499 0.008319 -0.710788
-0.735398 0.841921 -0.423055
0.020567 -0.013588 -0.639780
-0.929982 -0.557786 0.670781
-0.037354 -0.854723 -0.081148
-0.540829 0.956587 0.093640
-1.271751 -0.773688 -0.886641
-0.538995 0.567481 0.989163
-1.382864 0.637884 0.761121
-0.084687 -0.474255 -0.574045
-0.086331 -0.282375 -0.612553
-1.596616 -0.683386 -0.713273
-0.992601 -0.739746 -1.081213
-0.456150 -0.885169 -0.303804
-0.946958 -1.002328 -0.531519
-0.734992 1.030372 0.210762
-0.430725 0.983525 -0.567744
-0.683973 -0.581806 0.653833
-0.403458 -0.810649 -0.351712
-0.611169 -0.801306 0.234781
-0.688361 -0.718772 -0.516986
-0.762213 -0.599223 0.639697
-0.944607 -0.619909 -0.160680
-0.978264 -0.398221 0.576495
-0.942198 -0.371618 -0.474814
-1.002325 -0.186192 0.878443
-1.192678 -0.315006 -0.055337
-1.219556 -0.241493 0.339450
-1.181485 -0.319638 -0.392768
-1.097846 -0.155394 0.564747
-1.227064 -0.200311 -0.133249
-1.166720 -0.080701 -0.028384
-1.168900 -0.147840 -0.433577
-1.198126 -0.018096 0.356684
-1.411766 -0.078893 -0.199520
-1.479266 0.082731 0.137385
-1.393897 -0.039075 -0.531763
-1.371109 0.137818 0.517540
-1.458892 0.044636 -0.320935
-1.394945 0.135161 0.162893
-1.209299 -0.040500 -0.577509
-1.057425 0.057844 0.580928
-1.127500 0.007582 -0.238523
-1.073789 0.077199 0.174457
-0.894132 0.065075 -0.634746
-0.770403 0.195229 0.660755
-0.824912 0.303635 -0.245131
-0.721911 0.434840 0.429291
-0.519806 0.602342 -0.393866
-0.339217 0.681695 0.055104
-0.940276 -0.906274 -0.386858
-1.052945 -1.029358 0.038483
-1.053861 -1.230687 -0.180789
-1.158886 -1.008720 0.400783
-1.202437 -0.963164 -0.383929
-1.364132 -0.697831 0.817603
-1.531246 -0.854108 0.114590
-1.644798 -0.592808 0.587775
-1.698362 -0.692567 -0.241260
-1.853658 -0.546426 0.991674
-1.977170 -0.793613 0.396109
-2.003803 -0.617332 0.716432
-1.938132 -0.675326 -0.150876
-1.921338 -0.439512 0.875997
-1.983492 -0.553337 0.177763
-1.979743 -0.315083 0.391227
-1.916363 -0.332751 -0.337212
-2.005797 -0.141809 0.625662
-1.982729 -0.317492 -0.046047
-2.001197 -0.157157 0.300408
-1.816440 -0.352741 -0.389261
-1.802430 -0.204424 0.727958
-1.625246 -0.478724 -0.035014
-1.570443 -0.361204 0.391854
-1.323068 -0.451731 -0.349846
-1.281960 -0.272642 0.764564
-1.129352 -0.356988 0.142026
-1.021267 -0.224300 0.510788
-0.826351 -0.037611 -0.406816
-0.758016 0.015874 0.840229
-0.569572 -0.037750 0.731853
-0.432591 0.202351 0.933421
-1.029175 -0.745475 0.015004
-1.137361 -0.929049 -0.035359
-1.267228 -1.004981 -0.094690
-1.210012 -0.855179 0.340429
-1.509058 -0.814868 0.360595
-1.407604 -0.537112 0.134202
-1.731493 -0.598437 0.026422
-1.742956 -0.446717 0.491235
-2.185855 -0.525458 0.583525
-2.079902 -0.381082 0.163671
-2.325677 -0.503119 0.023790
-2.114909 -0.324225 0.553478
-2.445642 -0.379680 0.563371
-2.242917 -0.144701 0.062323
-2.489894 -0.230731 -0.125424
-2.336935 -0.020478 0.412722
-2.545437 -0.030104 0.254231
-2.443431 0.194365 0.082847
-2.583438 0.153923 -0.214874
-2.434512 0.324775 0.468462
-2.507329 0.277635 0.329587
-2.225565 0.378271 0.186167
-2.127601 0.275110 -0.280158
-1.800408 0.338423 0.368128
-1.750546 0.321567 0.094748
-1.485016 0.322422 -0.169179
-1.402059 0.312714 -0.461981
-1.224273 0.391374 0.164903
-1.108861 0.486497 -0.069380
-0.898176 0.444384 0.202055
-0.916425 0.544832 -0.370226
-0.750702 0.630069 -0.287619
-1.278136 -1.059008 -0.289678
-1.471185 -1.361778 -0.018655
-1.499997 -1.549549 -0.007916
-1.602887 -1.405263 0.300556
-1.676956 -1.407489 -0.245328
-1.788944 -1.210559 0.718946
-1.887658 -1.329144 0.271160
-2.013663 -1.041965 0.442715
-2.032965 -1.114006 -0.377251
-2.216436 -0.880118 0.941071
-2.320400 -1.034246 0.248565
-2.419810 -0.784678 0.645298
-2.386238 -0.829166 -0.445795
-2.426361 -0.574626 0.939541
-2.457107 -0.572776 0.065594
-2.479005 -0.276921 0.350246
-2.369775 -0.183865 -0.459184
-2.445553 -0.003768 0.576417
-2.387302 -0.098432 -0.065843
-2.422486 -0.011412 0.239078
-2.231879 -0.070300 -0.573859
-2.211321 0.049011 0.614447
-1.983487 -0.109429 -0.043750
-1.853037 -0.037701 0.331131
-1.523768 -0.072077 -0.398625
-1.404516 0.035879 0.613494
-1.168008 -0.013941 -0.002663
-1.068455 0.097171 0.475889
-0.904445 0.243919 -0.397177
-0.811882 0.291345 0.814345
-0.577478 0.321659 0.408750
-0.470249 0.442084 0.880708
-1.091272 -1.035787 -0.038082
-1.237172 -1.268186 -0.106960
-1.312169 -1.402170 -0.260874
-1.341505 -1.334714 0.157586
-1.512692 -1.345917 0.028043
-1.536357 -1.054755 0.177033
-1.639743 -1.100460 -0.463385
-1.757086 -0.867751 0.733736
-1.891723 -0.844235 -0.120052
-1.863257 -0.564026 0.590762
-1.971478 -0.670609 -0.657795
-2.059073 -0.435389 1.124752
-2.106365 -0.481704 -0.209043
-2.131493 -0.227682 0.701661
-2.326638 -0.266155 -0.727476
-2.385230 -0.035955 0.960608
-2.324849 0.031019 -0.198147
-2.314710 0.204236 0.674268
-2.315637 0.331980 -0.475555
-2.340582 0.452822 0.725367
-2.275976 0.546333 0.090145
-2.137199 0.606428 0.650560
-2.010048 0.716386 -0.251621
-1.889473 0.737062 0.418399
-1.661547 0.737047 0.096910
-1.490139 0.641131 0.260648
-1.329221 0.698565 -0.311748
-1.216040 0.678762 0.088590
-0.963168 0.712995 -0.090520
-0.887560 0.621638 0.435710
-0.830558 0.666840 -0.007708
-0.689470 0.759245 0.077678
-1.103657 -1.278437 -0.259441
-1.221495 -1.620629 -0.222893
-1.255829 -1.721483 -0.123422
-1.375236 -1.603087 0.214742
-1.440947 -1.625843 -0.446765
-1.456692 -1.358062 0.800568
-1.629701 -1.432845 -0.204209
-1.734229 -1.174630 0.726677
-1.778047 -1.206594 -0.978120
-1.814358 -0.855472 1.473496
-1.811947 -0.913090 -0.526407
-1.909173 -0.712206 1.137118
-1.944969 -0.690404 -1.077273
-2.008194 -0.411453 1.415100
-1.955013 -0.328039 -0.596757
-2.110922 -0.174256 0.817449
-2.070215 -0.050164 -0.947129
-2.122222 0.087134 0.956053
-1.974849 0.167443 -0.511180
-2.056719 0.217434 0.556066
-1.927384 0.337864 -0.692109
-1.903471 0.353067 0.671499
-1.748598 0.423797 -0.296689
-1.668060 0.376179 0.317898
-1.374085 0.446482 -0.362124
-1.301890 0.442635 0.543031
-1.123530 0.443643 -0.034597
-1.008563 0.457870 0.276645
-0.785668 0.572455 -0.161235
-0.775557 0.563530 0.589880
-0.620119 0.572737 0.408776
-0.497937 0.637283 0.764447
-0.897469 -1.217246 -0.116195
-1.075194 -1.433628 -0.084371
-1.060957 -1.570567 -0.445090
-1.122390 -1.384253 0.303118
-1.262855 -1.320774 -0.380887
-1.270622 -1.093576 0.368068
-1.371776 -1.193671 -0.891773
-1.471516 -0.870913 0.989898
-1.635902 -0.851149 -0.702684
-1.608784 -0.541453 0.840118
-1.613286 -0.711863 -1.162078
-1.659550 -0.419781 1.329287
-1.687483 -0.446531 -0.734085
-1.768268 -0.192019 0.909576
-1.848826 -0.262676 -1.239364
-1.851866 -0.023887 1.315899
-1.830058 0.015966 -0.807698
-1.858340 0.236285 0.803898
-1.813226 0.278610 -1.180814
-1.804679 0.460435 1.150873
-1.786435 0.537883 -0.743910
-1.696961 0.716297 0.695907
-1.501012 0.787120 -0.992247
-1.443809 0.867974 0.870024
-1.437922 0.883381 -0.475267
-1.277106 0.865958 0.146147
-1.127381 0.916963 -0.879108
-0.992584 0.858864 0.333539
-0.943218 0.912555 -0.212254
-0.813429 0.798160 0.142351
-0.787571 0.787571 -0.277974
-0.636527 0.799928 -0.012343
-0.844135 -1.328562 -0.292978
-0.903155 -1.583221 -0.220941
-0.927401 -1.622680 -0.244907
-0.972000 -1.471983 0.212849
-1.029422 -1.511963 -0.788173
-1.059046 -1.180662 0.920730
-1.240999 -1.296059 -0.668418
-1.399225 -0.980154 0.785974
-1.433425 -1.117915 -1.378150
-1.474516 -0.708904 1.490078
-1.451864 -0.854808 -1.138497
-1.575441 -0.544765 1.104017
-1.537360 -0.611758 -1.621348
-1.550907 -0.251920 1.531801
-1.449717 -0.271345 -1.134911
-1.585788 -0.038975 1.110718
-1.506539 0.025269 -1.570135
-1.514709 0.235091 1.353964
-1.381153 0.155930 -1.068961
-1.502233 0.351482 0.969958
-1.400842 0.451138 -1.444543
-1.352531 0.630916 1.283025
-1.275114 0.543642 -0.989664
-1.232814 0.634491 0.744335
-1.015024 0.726012 -1.099421
-0.939443 0.792174 0.903931
-0.906520 0.670537 -0.482238
-0.806691 0.734355 0.534011
-0.672303 0.797601 -0.614806
-0.639093 0.742998 0.342313
-0.541105 0.716987 0.054230
-0.419567 0.732350 0.409385
-0.587679 -1.264987 -0.076858
-0.698393 -1.422955 -0.065283
-0.613871 -1.539934 -0.459574
-0.662820 -1.360222 0.233735
-0.844417 -1.284729 -0.346794
-0.918915 -1.177020 0.200883
-1.034525 -1.155905 -0.661792
-1.147885 -0.929446 0.599785
-1.346448 -0.875634 -0.537185
-1.329361 -0.651136 0.442512
-1.399141 -0.640624 -0.704484
-1.446965 -0.422349 0.636343
-1.484061 -0.403663 -0.448401
-1.506776 -0.222373 0.620383
-1.562636 -0.192116 -0.688853
-1.578987 -0.001831 0.669622
-1.527912 0.072245 -0.435480
-1.514986 0.211238 0.687732
-1.488231 0.320418 -0.771666
-1.546502 0.487981 0.540771
-1.445900 0.568203 -0.603478
-1.381255 0.710888 0.738913
-1.169741 0.802782 -0.772667
-1.203117 0.901207 0.533573
-1.072901 0.885893 -0.359722
-0.972510 0.920643 0.646110
-0.871945 0.969404 -0.644853
-0.854255 0.982705 0.064363
-0.688874 0.986476 -0.252416
-0.601061 0.912001 0.372176
-0.573921 0.931755 -0.078083
-0.492053 0.935787 0.081025
-0.539615 -1.354044 -0.262065
-0.508943 -1.554681 -0.204214
-0.498744 -1.584497 -0.189954
-0.519141 -1.496265 0.119864
-0.579257 -1.495275 -0.676443
-0.602415 -1.276117 0.645320
-0.807796 -1.262766 -0.518826
-0.958467 -1.034173 0.493158
-0.995611 -1.127171 -0.975316
-1.085707 -0.809728 0.935236
-1.112093 -0.848476 -0.681561
-1.274351 -0.611668 0.650239
-1.216463 -0.625290 -1.023882
-1.306559 -0.386331 0.897191
-1.289648 -0.322761 -0.727488
-1.402069 -0.144827 0.724534
-1.309068 -0.057144 -0.963242
-1.356220 0.088425 0.797522
-1.272817 0.243377 -0.748541
-1.304211 0.386325 0.587540
-1.167173 0.475132 -0.942714
-1.131682 0.544832 0.767742
-1.030302 0.633991 -0.612814
-0.995003 0.688510 0.495612
-0.752846 0.701403 -0.732516
-0.738854 0.734611 0.532125
-0.700873 0.796663 -0.393243
-0.684399 0.891549 0.160597
-0.523793 0.909521 -0.331341
-0.493806 0.893305 0.112789
-0.403377 0.883218 0.027418
-0.289228 0.873238 0.309347
-0.376048 -1.324226 -0.060308
-0.431922 -1.383567 0.119283
-0.351844 -1.502862 -0.491224
-0.376105 -1.313615 0.385646
-0.557796 -1.236184 -0.355117
-0.601427 -1.151118 0.232366
-0.662613 -1.138860 -0.738104
-0.689890 -0.988112 0.572118
-0.882809 -0.873846 -0.654403
-0.869378 -0.786897 0.530701
-0.949100 -0.734471 -0.977929
-0.964610 -0.560588 0.800869
-1.023245 -0.465905 -0.805409
-1.059089 -0.331798 0.771128
-1.123689 -0.250889 -1.066173
-1.164079 -0.061931 0.859624
-1.211788 0.049270 -0.825545
-1.226506 0.180783 0.744649
-1.261809 0.251167 -1.078617
-1.238900 0.426009 0.888035
-1.223824 0.549447 -0.843424
-1.087929 0.683075 0.699314
-0.948489 0.745393 -1.135175
-0.894812 0.791351 0.927233
-0.830099 0.842314 -0.706804
-0.694793 0.857117 0.397589
-0.656938 0.947904 -0.932442
-0.591445 0.952568 0.284628
-0.566186 1.041727 -0.377959
-0.470969 0.961368 0.018444
-0.430355 0.950482 -0.272774
-0.315619 0.925434 -0.154289
-0.350256 -1.370286 -0.217079
-0.285444 -1.515179 0.023400
-0.309233 -1.568329 -0.242067
-0.295746 -1.453595 0.309668
-0.356086 -1.442509 -0.773990
-0.290925 -1.187471 0.748401
-0.438053 -1.198425 -0.603550
-0.442528 -1.028337 0.473712
-0.498545 -1.105614 -1.052249
-0.444110 -0.842095 0.971723
-0.520215 -0.869176 -0.903178
-0.602303 -0.672177 0.789129
-0.598234 -0.702801 -1.284209
-0.635793 -0.420312 1.162654
-0.684282 -0.395627 -1.136392
-0.811590 -0.168258 1.006357
-0.772064 -0.156837 -1.414814
-0.840299 0.060242 1.193505
-0.854239 0.111588 -1.207207
-0.893760 0.327350 0.997537
-0.845234 0.446589 -1.399157
-0.773777 0.583148 1.137367
-0.678115 0.546531 -1.031891
-0.641518 0.633749 0.887786
-0.458989 0.714919 -1.108664
-0.412380 0.773735 0.743590
-0.461744 0.757529 -0.556253
-0.432187 0.863833 0.427601
-0.365685 0.943675 -0.456543
-0.413761 0.922927 0.178981
-0.314287 0.908424 -0.223503
-0.204136 0.881021 0.068055
-0.200237 -1.265294 0.044628
-0.239658 -1.260397 0.237409
-0.164240 -1.402277 -0.343752
-0.201143 -1.215270 0.456039
-0.325755 -1.167865 -0.343038
-0.326299 -1.052482 0.353497
-0.347088 -1.037241 -0.638503
-0.341284 -0.894172 0.645996
-0.436728 -0.850615 -0.625257
-0.410999 -0.750877 0.565211
-0.425862 -0.698277 -0.891554
-0.430149 -0.535705 0.866948
-0.506088 -0.466090 -0.843236
-0.537885 -0.335285 0.814346
-0.552879 -0.249948 -1.046953
-0.608793 -0.056098 0.965866
-0.645698 0.030550 -0.931934
-0.702033 0.175780 0.992594
-0.764039 0.230195 -1.032004
-0.808331 0.386611 0.832767
-0.771749 0.491845 -0.810715
-0.738832 0.610347 0.908212
-0.640033 0.664596 -0.860821
-0.618561 0.696778 0.677300
-0.499426 0.756457 -0.569712
-0.454107 0.802767 0.918941
-0.421657 0.844758 -0.759038
-0.421020 0.868665 0.583006
-0.369780 0.969088 -0.565948
-0.317380 0.943958 0.213667
-0.242432 1.000389 -0.080329
-0.181837 0.945624 0.102161
-0.116827 -1.293343 -0.064230
-0.054659 -1.401441 0.075605
0.004159 -1.489998 -0.025426
0.017088 -1.400843 0.319648
-0.076258 -1.405892 -0.478275
-0.038915 -1.196850 0.597516
-0.097840 -1.148680 -0.557844
-0.068213 -0.974450 0.443653
-0.115191 -1.085376 -0.809884
-0.046478 -0.852562 0.757451
-0.074722 -0.831856 -0.789985
-0.082063 -0.623807 0.732207
-0.125408 -0.763587 -1.018395
-0.176632 -0.499398 1.006686
-0.211250 -0.458941 -0.985622
-0.261211 -0.217232 0.911963
-0.261903 -0.231371 -1.162195
-0.344932 0.024282 1.137634
-0.400562 0.069889 -1.139476
-0.435187 0.269980 0.930539
-0.376436 0.282033 -1.088870
-0.408681 0.434952 0.969660
-0.443414 0.484156 -0.816671
-0.407068 0.539900 0.609227
-0.275353 0.569630 -0.683753
-0.296778 0.603959 0.617160
-0.329454 0.698758 -0.372421
-0.284269 0.738782 0.338875
-0.225212 0.833475 -0.349871
-0.242876 0.804861 0.290553
-0.229690 0.824877 -0.088861
-0.119230 0.808631 0.226481
0.002557 -1.158218 0.100113
-0.060396 -1.127284 0.349016
0.027623 -1.236549 -0.284969
0.041976 -1.050633 0.500934
-0.026776 -0.994904 -0.310358
-0.055229 -0.887420 0.377082
-0.031446 -0.876289 -0.672233
-0.001400 -0.734902 0.599801
-0.018708 -0.667372 -0.594716
-0.000506 -0.572804 0.559620
0.021638 -0.558309 -0.853788
0.003682 -0.420676 0.778136
-0.043733 -0.396303 -0.752522
-0.098288 -0.272632 0.740952
-0.022336 -0.262753 -0.960127
-0.054604 -0.091928 0.950913
-0.117811 -0.047017 -0.854653
-0.199261 0.113314 0.860239
-0.154362 0.148220 -1.048283
-0.176850 0.299886 1.027952
-0.216402 0.338311 -0.876325
-0.229894 0.493886 0.810619
-0.183874 0.589917 -0.956067
-0.198099 0.631861 0.970007
-0.216369 0.713983 -0.611945
-0.200787 0.707560 0.635017
-0.192351 0.857348 -0.877346
-0.176812 0.810455 0.522249
-0.159831 0.978557 -0.242794
-0.097679 0.868062 0.538935
-0.032373 0.884958 -0.140016
-0.041871 0.853597 0.104793
0.126161 -1.200905 -0.038775
0.152025 -1.282963 0.270011
0.227420 -1.378186 -0.107583
0.222433 -1.238542 0.424054
0.190634 -1.234492 -0.562498
0.191257 -1.022519 0.700060
0.151797 -0.989970 -0.472643
0.167311 -0.821241 0.469860
0.141339 -0.932142 -0.862367
0.183659 -0.709303 0.847411
0.182743 -0.696366 -0.680170
0.151507 -0.519670 0.726514
0.092764 -0.645873 -0.999000
0.114833 -0.434525 1.061142
0.166023 -0.432583 -0.868445
0.105028 -0.281174 0.904057
0.055121 -0.275753 -1.164529
0.071268 -0.049137 1.205401
0.129289 -0.015788 -0.979634
0.058137 0.138817 0.996165
-0.030573 0.170146 -1.241499
-0.023831 0.361714 1.193249
-0.005219 0.322458 -0.802105
-0.045323 0.452270 0.831626
-0.077705 0.536346 -0.858929
-0.104395 0.584556 0.728431
-0.137601 0.624729 -0.352821
-0.147832 0.643141 0.431578
-0.148164 0.779155 -0.310970
-0.172464 0.738297 0.285654
-0.112054 0.827305 -0.079215
-0.040492 0.755835 0.136083
0.081264 -1.071233 0.161256
0.057838 -1.045278 0.291907
0.152198 -1.136590 -0.050082
0.150857 -0.975251 0.360952
0.101141 -0.925404 -0.087234
0.072247 -0.795588 0.190706
0.040902 -0.764678 -0.266773
0.063632 -0.634132 0.337417
0.056919 -0.554455 -0.242034
0.078905 -0.471263 0.235448
0.035155 -0.438117 -0.395148
0.044497 -0.343451 0.407369
0.025433 -0.287406 -0.332030
0.012175 -0.235835 0.308980
-0.028471 -0.204514 -0.432527
-0.011283 -0.127495 0.459465
-0.018783 -0.029320 -0.337898
-0.022062 0.067222 0.425277
-0.025695 0.171364 -0.373690
-0.012105 0.269609 0.513753
-0.027117 0.392718 -0.212171
-0.034221 0.452657 0.609656
-0.002969 0.558494 -0.196215
0.011329 0.571992 0.514643
0.037083 0.684011 -0.285803
0.065519 0.661929 0.739614
0.073590 0.744714 -0.436673
0.069829 0.769880 0.548094
0.055352 0.916601 -0.511441
0.072635 0.900446 0.364545
0.089846 0.928242 -0.015954
0.086128 0.864552 0.286941
0.196149 -1.154413 0.052968
0.221603 -1.215927 0.148707
0.287292 -1.319253 0.062520
0.285097 -1.194718 0.263117
0.237312 -1.188346 -0.236052
0.222613 -1.055753 0.393409
0.177342 -0.921352 -0.191383
0.192187 -0.810145 0.202079
0.187656 -0.801802 -0.330715
0.193984 -0.730946 0.409057
0.151342 -0.610548 -0.189333
0.139594 -0.552384 0.392722
0.137886 -0.567995 -0.347612
0.127486 -0.510540 0.624279
0.078544 -0.404482 -0.239031
0.052720 -0.348157 0.487748
0.074537 -0.277529 -0.399213
0.050611 -0.167470 0.804329
0.026317 0.043901 -0.287596
0.006916 0.096550 0.487614
0.003297 0.250666 -0.287925
-0.015484 0.259376 0.753266
-0.032676 0.385049 -0.168835
-0.036321 0.405111 0.440384
-0.019811 0.518881 -0.216575
-0.037414 0.500387 0.426715
-0.081471 0.594935 -0.176194
-0.076344 0.604842 0.236455
-0.088146 0.686266 -0.179886
-0.102436 0.735434 0.285024
-0.028216 0.737055 0.068283
0.022639 0.711675 0.112680
0.117315 -1.087533 0.071133
0.116203 -1.064669 0.313010
0.196588 -1.126679 -0.113323
0.225986 -0.973167 0.366357
0.153711 -0.854844 -0.061436
0.099471 -0.837398 0.235058
0.071671 -0.750183 -0.320572
0.098524 -0.679758 0.403808
0.083779 -0.528466 -0.224880
0.066591 -0.502171 0.265128
0.049412 -0.426133 -0.503400
0.057592 -0.350327 0.567019
0.036256 -0.253311 -0.405275
0.037622 -0.230142 0.487411
0.013626 -0.165161 -0.646025
0.045824 -0.109632 0.697191
0.029802 0.035395 -0.415959
0.025382 0.062806 0.461636
0.014309 0.205448 -0.535640
0.050857 0.261558 0.741186
0.039209 0.373941 -0.367308
0.057974 0.391764 0.420909
0.039822 0.501550 -0.649271
0.099015 0.514792 0.751512
0.087245 0.614354 -0.473874
0.138563 0.610976 0.385363
0.114790 0.745742 -0.734544
0.138271 0.726933 0.451248
0.106207 0.857902 -0.261552
0.186894 0.812365 0.405922
0.173422 0.835742 -0.142313
0.135616 0.794831 0.131616
0.158630 -1.159754 -0.018234
0.182868 -1.217519 0.212228
0.272388 -1.294294 -0.069297
0.260365 -1.132874 0.315674
0.257873 -1.067450 -0.286415
0.193268 -0.908358 0.476451
0.150793 -0.865364 -0.242224
0.130536 -0.734882 0.278964
0.126656 -0.710418 -0.510689
0.135382 -0.619816 0.463735
0.124047 -0.507430 -0.360389
0.115810 -0.417862 0.531315
0.096778 -0.375124 -0.689545
0.113745 -0.302943 0.810335
0.126476 -0.199625 -0.531742
0.113096 -0.162048 0.769625
0.100546 -0.051611 -0.778547
0.106658 -0.000982 0.950470
0.124748 0.197819 -0.521783
0.125144 0.162634 0.728888
0.095766 0.360066 -0.797173
0.112304 0.343214 0.902739
0.128060 0.447596 -0.514837
0.149010 0.429997 0.617226
0.096802 0.578021 -0.811459
0.083138 0.611073 0.645910
0.052319 0.653316 -0.367289
0.069736 0.658933 0.307418
0.027209 0.765698 -0.232828
-0.009711 0.744970 0.209308
0.015661 0.764742 -0.016282
0.061285 0.711099 0.041478
0.103288 -1.150862 0.078554
0.144468 -1.159998 0.244421
0.239695 -1.241681 -0.066299
0.258816 -1.097927 0.225622
0.177000 -0.997365 0.002017
0.137782 -0.964022 0.037126
0.115875 -0.904607 -0.198487
0.065426 -0.781281 0.257844
0.074573 -0.666166 -0.088336
0.078906 -0.575329 0.136250
0.105603 -0.479532 -0.214749
0.073519 -0.352378 0.339146
0.090429 -0.253067 -0.130318
0.088446 -0.139273 0.374437
0.105169 -0.052662 -0.221001
0.083740 0.034034 0.460246
0.097596 0.156120 -0.165420
0.099338 0.259610 0.445060
0.133973 0.354825 -0.106873
0.117083 0.395772 0.485115
0.132200 0.492429 -0.095535
0.149416 0.545477 0.493986
0.214450 0.619826 0.005829
0.239815 0.639194 0.469343
0.265183 0.701083 -0.189155
0.272725 0.729025 0.477534
0.281880 0.780050 -0.046610
0.250873 0.770937 0.393185
0.229002 0.849943 -0.278708
0.230982 0.880414 0.204964
0.169912 0.871389 0.083069
0.095098 0.789645 0.143874
0.146893 -1.260838 0.051883
0.174306 -1.334662 0.136412
0.242665 -1.405437 0.020887
0.219889 -1.303183 0.189414
0.185163 -1.302624 -0.202874
0.092674 -1.244227 0.410971
0.040355 -1.129936 -0.128712
0.018278 -0.990879 0.194660
0.079456 -1.014385 -0.371361
0.079255 -0.843238 0.430066
0.139273 -0.698412 -0.141182
0.093878 -0.498959 0.416203
0.107765 -0.503365 -0.301441
0.076232 -0.308070 0.671462
0.131785 -0.226930 -0.036409
0.092978 -0.123970 0.578077
0.140137 -0.021176 -0.136817
0.105438 0.033894 0.761550
0.189744 0.206158 0.026115
0.175398 0.256408 0.516915
0.214162 0.341058 0.038559
0.186121 0.391745 0.616636
0.199749 0.486416 0.038827
0.176354 0.568118 0.390385
0.212929 0.642158 0.095145
0.136318 0.649274 0.421782
0.125798 0.710198 0.084819
0.053439 0.720411 0.266016
0.043242 0.787841 0.101080
-0.053800 0.758021 0.323084
-0.048289 0.763724 0.329301
-0.067940 0.731080 0.308147
0.040017 -1.221082 0.040641
0.089283 -1.213979 0.154713
0.087303 -1.216636 -0.190104
0.083930 -1.171986 0.130645
0.003652 -1.113876 -0.067578
-0.011426 -1.062283 0.075007
-0.023016 -1.041994 -0.269201
0.038189 -0.940016 0.232035
0.058695 -0.809421 -0.140168
0.088060 -0.660027 0.279749
0.091031 -0.541192 -0.163106
0.132858 -0.423588 0.538860
0.156413 -0.281668 0.038884
0.130606 -0.125199 0.526539
0.158647 0.010753 -0.092958
0.156687 0.087058 0.660120
0.176074 0.239930 0.137766
0.165615 0.285928 0.534156
0.205441 0.380451 0.044665
0.232613 0.400724 0.608298
0.242281 0.470569 0.264930
0.278797 0.505894 0.407711
0.292612 0.566316 0.072934
0.323017 0.647325 0.494866
0.246510 0.690761 0.248134
0.302573 0.726591 0.329875
0.203289 0.734892 0.056641
0.187126 0.781163 0.422447
0.133500 0.773821 0.250782
0.189472 0.807924 0.337773
0.085814 0.782565 0.002782
-0.023694 0.759357 -0.039569
0.106977 -0.987185 0.082723
0.057879 -1.085313 0.227738
0.113402 -1.110818 0.053715
0.013016 -1.047956 0.263831
0.008280 -0.970059 -0.061668
-0.008241 -0.891266 0.248058
-0.009236 -0.819721 -0.069915
-0.013522 -0.743842 0.163103
0.016141 -0.683336 -0.092839
0.040839 -0.569676 0.350698
0.093432 -0.456014 0.021949
0.062550 -0.338113 0.347433
0.091215 -0.213919 0.104632
0.059004 -0.138823 0.557481
0.102339 -0.015904 0.229777
0.056626 0.060958 0.483377
0.100823 0.204164 0.238128
0.062781 0.227491 0.649616
0.110008 0.308625 0.381534
0.092735 0.314787 0.512304
0.159449 0.424385 0.283736
0.106091 0.463045 0.571155
0.130572 0.549493 0.366547
0.116654 0.591623 0.405569
0.156782 0.705026 0.265961
0.091558 0.734173 0.428552
0.108415 0.762599 0.325565
0.104656 0.764469 0.303359
0.124969 0.827807 0.310928
0.061438 0.804787 0.360238
0.004570 0.834612 0.344302
0.038896 0.716649 0.168748
