1.331999 -0.497526 -0.464542
1.219389 -0.254925 0.039220
1.139383 -0.207002 0.290769
0.701711 0.276407 -0.523061
1.059028 -0.352419 -0.085289
1.538559 0.600972 -0.351548
1.055401 -0.256532 0.021074
0.790368 0.260401 -0.174619
1.862802 0.251010 -0.160232
0.727887 0.411695 -0.093257
0.747913 -0.013511 0.256720
1.143288 -0.103632 -0.221162
0.726198 0.286994 0.882459
1.108017 0.082958 1.859486
0.563697 0.230734 0.321384
1.679379 -0.858666 0.088035
0.843830 -0.351046 -0.230273
1.301062 -0.738917 0.066793
0.629397 0.290541 -0.535228
0.094561 0.564890 -1.033874
1.431723 -0.451076 -0.416831
1.210438 0.357913 -0.160082
1.299285 0.263075 -0.513644
0.294522 0.073012 -0.752077
0.712785 -0.099214 0.644183
1.101932 -0.190844 0.708964
0.304815 0.480719 -0.328834
1.436989 -0.690011 -0.228736
-0.145196 0.341991 -0.320954
0.993380 -0.309117 0.016323
-0.411698 0.456852 -1.264031
0.760939 -0.037184 -0.299485
1.172489 0.222579 -0.555868
1.179804 -0.007727 -0.227719
1.419137 0.150090 -0.390529
1.453237 -0.042486 -0.174555
1.626880 -0.485968 0.306164
0.858704 0.149654 -0.525062
1.026882 0.010102 0.788110
0.467842 0.365905 -0.722888
0.663322 -0.083375 0.076928
1.051726 -0.079693 -0.017270
0.920604 -0.280090 0.115970
0.455012 -0.262878 -0.803516
0.728075 -0.062668 -0.618484
0.792576 -0.389312 -0.230936
0.019142 -0.446223 0.097596
1.344145 0.200616 0.856350
0.355407 0.254719 -0.700524
1.318063 -0.224304 0.525560
1.576970 -0.610612 0.393990
1.066599 0.067589 -0.137140
1.168680 -0.059833 -0.236807
0.702178 -0.066541 1.433569
0.646483 -0.124504 0.197654
1.508689 -0.392159 -0.365749
1.648299 -0.330444 -0.506267
1.044115 0.174250 -0.030582
-0.237406 0.565770 -0.787120
1.410462 0.386544 -0.174165
-0.149289 0.208799 -0.838847
0.418903 0.717478 -0.893252
0.380517 -0.557989 0.056988
0.889419 -0.450328 -0.051729
0.651210 -0.445052 -0.301950
0.632901 -0.195133 -0.532498
0.333712 0.119912 0.144018
0.842285 -0.132020 0.545294
0.712375 0.394752 0.400962
0.386057 0.233087 1.263992
1.286336 0.044230 -0.167143
1.272283 0.146887 -0.351551
0.358192 -0.151239 0.373850
1.497263 -0.198924 0.133190
1.594975 0.594938 -0.681775
1.036670 -0.044320 -0.024457
1.152794 -0.015637 0.403230
0.955936 -0.204713 -0.096913
0.975394 -0.210987 0.061942
1.086853 0.214285 -0.142051
0.853973 -0.423540 -0.023147
0.172187 -0.058582 -0.004468
1.792906 -0.089064 -0.383690
-0.029613 0.125311 0.119250
0.914935 -0.539902 -0.130466
0.495523 -0.017479 -0.692586
1.094688 -0.309767 -0.045301
1.275126 -0.191018 -0.212231
0.179867 0.460246 -0.441606
1.548588 0.011727 -0.451268
-0.011582 -0.092801 -0.052523
1.156142 -0.384903 -0.050172
0.946706 0.340628 1.557269
0.275279 -0.028448 0.351189
1.281932 0.011050 0.168804
1.456527 -0.031890 0.539414
0.572780 -0.624065 0.063637
0.797604 0.419438 -0.709584
1.177562 -0.116464 0.251450
0.259819 -0.101297 -0.758192
0.176267 -0.143551 0.156701
0.555411 0.346452 -0.045372
1.184903 -0.230747 -0.424145
0.818237 -0.170739 1.247996
0.828914 -0.021521 -0.485647
0.801610 0.625438 -0.644229
0.436783 0.374670 -0.305388
0.465552 0.357340 -0.480016
1.122356 -0.030432 0.000447
0.748294 0.084251 -0.711173
0.001559 0.333122 -0.189123
0.850049 -0.217204 -0.331874
1.296252 -0.416930 0.092819
1.232684 -0.129755 -0.262917
1.379452 -0.315642 0.060535
-0.382835 -0.025719 -0.717104
0.713932 -0.380260 0.383121
1.197897 -0.089613 -0.217354
1.214247 0.202775 -0.668750
-0.025751 0.478248 -0.758342
1.276821 -0.241919 -0.195767
1.216851 -0.329221 0.010314
0.544947 -0.525407 -0.622884
1.332190 -0.096883 -0.246433
1.276121 -0.458025 -0.227417
1.329177 -0.028888 -0.140781
0.985592 -0.057536 -0.427910
0.989361 0.262470 0.403461
1.231674 -0.627807 0.150227
-0.329374 0.113395 -0.680552
1.278572 0.030193 -0.178008
0.420473 -0.635174 -0.511306
0.223954 0.374545 -0.512033
1.156981 0.188292 0.048463
-0.170677 -0.189240 -0.887158
1.159858 -0.118045 0.306053
1.210050 -0.097634 -0.113299
0.604473 0.164417 -0.012373
0.082231 -0.379855 -0.780844
0.515605 0.600743 -0.513135
1.233231 -0.175859 -0.622421
0.245664 0.395990 -0.649310
0.402949 -0.220718 0.575751
0.551713 0.120557 -0.711569
1.013722 -0.025117 0.495987
1.368551 -0.171579 -0.336135
0.109602 -0.050661 -0.717872
0.723808 0.053966 0.622594
0.303413 0.208149 -0.138618
1.117534 0.134161 -0.342984
1.464569 -0.354330 -0.090644
1.270088 0.524153 -0.492504
0.949929 -0.067388 -0.298280
0.347975 0.173897 -1.128259
0.188443 -0.245570 -1.084913
0.890011 -0.162010 0.278650
1.316548 -0.089035 -0.298427
0.026538 0.527353 -0.414983
1.579094 -0.873855 -0.188431
0.554243 -0.094437 0.701764
-0.636100 -0.375431 -0.827915
1.525268 0.131635 -0.760811
1.211572 0.080642 -0.131031
1.081595 -0.043655 0.243292
1.077384 -0.041112 -0.459756
1.381094 0.098920 -0.362377
1.103820 -0.099137 -0.008697
1.043525 -0.005745 -0.428188
1.158924 -0.051600 -0.235809
0.530375 -0.333532 -0.544940
1.256501 0.079450 -0.122146
0.592448 -0.062281 0.397205
0.776843 0.122437 0.842293
1.262860 0.165812 -0.117516
1.232899 -0.090873 -0.466709
1.017919 0.174387 0.136173
1.383280 0.142119 -0.071028
1.361496 -0.237908 -0.324155
0.588915 -0.631237 -0.086709
1.228771 -0.264826 -0.112163
1.434469 0.185372 -0.168150
0.737618 0.250805 -0.280244
1.218665 0.084485 -0.219427
1.510018 0.313696 -0.563658
1.007202 -0.297935 -0.356315
1.153724 -0.384721 0.001588
1.783118 0.402129 -0.486826
-0.155152 0.299602 -0.779979
1.223810 -0.193319 0.006672
0.473360 0.140443 -0.715343
0.130402 0.479131 -1.225540
1.124491 0.087490 -0.252127
1.235648 -0.551438 -0.277419
0.455382 0.457624 -0.897861
0.380946 -0.124155 0.327925
1.361183 -0.542442 -0.265447
1.222014 -0.577394 -0.190504
1.049321 -0.400062 0.015550
0.394403 -0.655382 -0.143817
1.693678 0.242991 -0.822725
1.506503 0.316297 0.245913
0.689869 0.426127 -0.352459
1.241670 0.273131 -0.042644
0.476524 -0.129965 0.325009
1.466002 -0.739775 -0.083795
1.246900 0.337668 0.516799
0.092672 0.231912 -0.755872
1.233379 -0.142513 0.002799
0.468472 -0.126521 0.339290
1.716295 -0.536239 -0.189126
1.197676 0.210026 -0.281993
1.278289 0.121297 -0.155959
1.165414 0.151729 -0.350248
1.056169 0.150832 0.344472
0.177261 0.068323 0.237066
0.320557 -0.558281 -0.458599
0.535319 0.223030 -0.558821
1.025400 -0.114172 -0.304976
0.188050 0.252433 -0.904951
1.379152 0.073482 0.005809
-0.001916 0.168224 -1.050204
0.274137 0.196504 0.055077
-0.587897 0.271345 -0.839462
0.753229 -0.295579 0.028121
0.220481 -0.143767 0.449411
1.348649 -0.264163 -0.074687
0.504322 -0.700639 -0.229131
-0.462459 0.047176 -1.194514
1.245592 -0.396083 0.075564
0.684126 -0.718059 -0.289738
1.208825 -0.013676 0.053650
1.249683 0.018613 -0.591074
0.083572 -0.743497 -0.167309
0.251528 0.154884 -0.771752
0.619076 -0.154126 -0.474868
1.144728 0.042251 -0.231326
0.364736 -0.676213 0.157733
0.963761 0.151854 -0.155786
0.203682 -0.272311 -0.584050
0.269187 0.214955 -0.518547
0.744801 0.086689 -0.610009
0.268774 -0.322739 0.244474
0.868168 -0.612604 0.012416
1.657690 0.323716 0.022679
-0.268540 -0.478669 -0.725560
0.882903 -0.013389 0.421107
0.162082 -0.182135 -0.022509
1.193079 -0.217538 0.275220
0.462371 -0.184009 -0.474465
-0.318184 -0.557074 -0.397346
0.161692 -0.599308 -0.786365
1.320822 -0.467692 -0.096344
0.226973 -0.846604 -0.405133
0.393484 0.287097 -0.175153
0.859731 0.374311 -0.447064
0.395639 -0.364679 0.053817
0.177745 -0.567203 0.083365
0.132554 -0.498784 0.423052
0.102232 -0.575023 -0.020960
0.155803 -0.444790 0.381766
0.144965 -0.451511 0.075022
0.186126 -0.349689 0.166215
0.223045 -0.354369 -0.133781
0.180978 -0.257006 0.122900
0.049890 -0.378565 -0.246093
-0.029032 -0.332024 -0.076177
-0.106091 -0.417279 -0.590936
-0.145572 -0.290401 0.161359
-0.293612 -0.372099 -0.467700
-0.250130 -0.368879 0.052633
-0.282109 -0.424651 -0.627954
-0.249529 -0.357475 0.281865
-0.321578 -0.421365 -0.338050
-0.249478 -0.267545 0.332225
-0.187860 -0.285657 -0.117870
-0.103002 -0.096918 0.335803
-0.092790 -0.186853 0.121088
-0.032487 -0.108405 0.162243
-0.077198 -0.240465 0.154260
-0.031160 -0.171494 0.177067
-0.097714 -0.223003 0.187270
-0.067416 -0.172824 0.103971
-0.083516 -0.130731 0.055501
-0.104484 -0.019460 0.183824
-0.166082 -0.011189 0.137601
-0.181345 0.045743 0.052419
-0.109221 0.090428 0.152336
-0.029507 0.150613 0.117244
-0.002516 -0.709602 0.174025
0.101774 -0.693076 0.285180
0.059465 -0.829348 0.336208
0.183022 -0.732754 0.284664
0.187202 -0.632124 0.009289
0.259551 -0.480511 0.206234
0.253471 -0.434774 -0.045997
0.271189 -0.345675 0.031652
0.136062 -0.438044 -0.384113
0.067835 -0.355725 -0.119876
-0.154216 -0.489336 -0.416136
-0.146596 -0.431922 -0.169321
-0.252737 -0.544266 -0.707626
-0.265637 -0.472015 0.006687
-0.407326 -0.592446 -0.411753
-0.379641 -0.520492 -0.022283
-0.315612 -0.595189 -0.483807
-0.170007 -0.447446 0.093000
-0.116553 -0.498532 -0.054687
-0.010206 -0.270022 0.239669
0.022623 -0.270072 0.059105
0.120080 -0.174553 0.250285
0.021753 -0.300024 0.240965
0.049251 -0.292067 0.123931
-0.048217 -0.272700 0.154974
-0.029718 -0.177913 0.169655
-0.125113 -0.132228 0.128027
-0.110906 -0.049597 0.116477
-0.160127 0.033506 0.015762
-0.142812 0.070575 0.185603
-0.156971 0.096813 0.245907
-0.020796 0.092064 0.059709
0.032050 -0.765024 0.395683
-0.048373 -0.759512 0.305107
-0.107368 -0.826253 0.355193
-0.109629 -0.714270 0.350247
-0.076169 -0.630766 0.272095
-0.080436 -0.516060 0.080894
-0.077619 -0.455467 0.022063
-0.045213 -0.409833 -0.135991
-0.168941 -0.420039 -0.165008
-0.235854 -0.380870 -0.381456
-0.468083 -0.388322 -0.369032
-0.496937 -0.306423 -0.256921
-0.664915 -0.283216 -0.255819
-0.588085 -0.277420 -0.319643
-0.726483 -0.335000 -0.434007
-0.582449 -0.249030 0.125594
-0.605450 -0.284440 0.006596
-0.419354 -0.101855 0.268098
-0.299433 -0.129861 0.190577
-0.067248 -0.002382 0.309726
-0.042047 -0.145980 0.355552
0.006904 -0.045577 0.179848
-0.067197 -0.179346 0.307434
-0.001619 -0.188388 0.168918
-0.017814 -0.249427 0.194136
0.027043 -0.181765 0.031324
0.011468 -0.165438 0.025939
-0.048027 0.011986 0.022047
-0.125098 0.029531 0.125543
-0.189093 0.137440 -0.023903
-0.179441 0.131900 0.175692
-0.078709 0.163920 0.046988
-0.043808 -0.978983 0.257887
-0.085622 -1.043381 0.295478
-0.100932 -1.179450 0.383042
-0.147327 -1.032301 0.299557
-0.119206 -0.889005 0.139467
-0.125982 -0.661853 0.082549
-0.174319 -0.557771 -0.083320
-0.175255 -0.464962 -0.204888
-0.252169 -0.447204 -0.405618
-0.297933 -0.407728 -0.319677
-0.396546 -0.427061 -0.527649
-0.405455 -0.347684 -0.347257
-0.434588 -0.382256 -0.783602
-0.453803 -0.285733 -0.065746
-0.575875 -0.391369 -0.578373
-0.509692 -0.257288 -0.031254
-0.289685 -0.343465 -0.681486
-0.248592 -0.109994 0.416225
-0.186664 -0.283116 -0.078508
-0.103170 -0.042285 0.404107
-0.011544 -0.093479 0.145660
0.036476 -0.105875 0.421609
0.016456 -0.184512 0.142911
0.020222 -0.202782 0.182375
-0.000793 -0.148221 0.041013
0.032884 -0.145358 0.116190
0.067854 -0.099347 -0.104638
0.035632 -0.118665 0.109098
0.016028 0.125303 -0.116107
-0.076309 0.191328 0.112050
-0.127766 0.258710 -0.015342
-0.056301 0.234388 0.034065
-0.039734 -1.137665 0.393031
-0.122194 -1.133755 0.371939
-0.156535 -1.223993 0.387062
-0.216795 -1.067332 0.341824
-0.263039 -0.934241 0.298684
-0.264788 -0.815461 0.018653
-0.235795 -0.770574 0.097985
-0.257500 -0.637196 -0.299508
-0.341144 -0.556307 -0.351958
-0.364305 -0.467902 -0.524636
-0.597734 -0.349490 -0.665148
-0.628525 -0.291233 -0.426516
-0.785530 -0.239274 -0.548502
-0.735869 -0.178542 -0.207209
-0.850197 -0.191552 -0.499404
-0.793778 0.053426 0.555561
-0.887121 -0.123879 0.108200
-0.789274 0.307374 0.837908
-0.671399 0.176774 0.459033
-0.447845 0.321165 0.682669
-0.294955 0.154748 0.559737
-0.119392 0.112384 0.382639
-0.064973 0.013311 0.141117
-0.071806 0.031175 0.020426
-0.064698 0.042945 -0.095382
-0.066718 0.052480 -0.132815
-0.050042 0.153746 -0.235362
-0.048206 0.248572 -0.135333
-0.059502 0.367088 -0.126459
-0.062101 0.343151 -0.116915
-0.026970 0.324354 0.035454
-0.039207 0.329121 -0.063252
-0.052636 -1.587395 0.274958
-0.126658 -1.754385 0.395367
-0.125678 -1.939306 0.423883
-0.210722 -1.788753 0.473381
-0.183687 -1.748865 0.240757
-0.239983 -1.364458 0.302631
-0.235892 -0.919847 -0.072643
-0.247930 -0.786292 -0.099987
-0.294019 -0.590409 -0.375544
-0.402949 -0.528035 -0.297458
-0.534120 -0.472371 -0.720549
-0.688814 -0.403503 -0.454109
-0.780227 -0.451838 -0.981393
-0.815168 -0.312402 -0.037961
-0.830806 -0.357394 -0.795131
-0.912243 -0.225832 0.140244
-0.733261 -0.180941 -0.702127
-0.775417 0.093730 0.545133
-0.531120 -0.020949 0.044448
-0.456654 0.128652 0.540062
-0.238122 0.008665 0.202299
-0.146941 -0.005189 0.476955
-0.060755 -0.013650 0.327750
-0.059713 -0.027501 0.041328
-0.027585 0.033188 -0.001645
-0.089334 0.004488 -0.133696
-0.067040 -0.003505 -0.124427
-0.064022 -0.030782 -0.215424
-0.027434 0.124771 -0.285855
-0.107615 0.247347 -0.124873
-0.155635 0.304515 0.010291
-0.118479 0.364826 -0.022671
-0.174149 -1.817418 0.427496
-0.236779 -1.868412 0.504694
-0.269834 -1.966647 0.381313
-0.298147 -1.722610 0.636268
-0.317167 -1.495268 0.386380
-0.352665 -1.336712 0.335402
-0.301204 -1.197613 0.074360
-0.342972 -0.754342 -0.050637
-0.413219 -0.457976 -0.604573
-0.420669 -0.343826 -0.378373
-0.566392 -0.322316 -1.171372
-0.647911 -0.251146 -0.105707
-0.870163 -0.308217 -1.182444
-0.985769 -0.047240 0.409292
-1.027974 -0.264336 -1.282611
-1.196063 0.205872 1.536142
-1.154796 -0.119793 -0.417307
-1.246131 0.411724 1.277958
-1.024382 0.237292 -0.229938
-0.823411 0.344509 1.321371
-0.566122 0.039367 0.387228
-0.234391 0.126999 0.410377
-0.108609 0.061819 -0.303404
-0.060323 0.189154 -0.230508
-0.146003 0.432620 -0.630644
-0.162260 0.373989 -0.774108
-0.233169 0.623952 -0.870765
-0.200817 0.613610 -0.620371
-0.223344 0.818335 -0.612753
-0.167240 0.529987 -0.471161
-0.131744 0.512193 -0.343894
-0.134044 0.513303 -0.346681
-0.237686 -2.317066 0.329959
-0.288364 -2.700931 0.555656
-0.354998 -2.896774 0.356778
-0.373063 -2.676528 0.830864
-0.367490 -2.522429 0.078028
-0.350933 -2.157702 0.821011
-0.392559 -1.984826 0.020111
-0.363001 -1.537250 0.431894
-0.374341 -1.127992 -0.638957
-0.302223 -0.608067 0.039285
-0.527738 -0.432475 -1.216407
-0.545373 -0.279729 -0.142025
-0.695265 -0.416164 -1.682256
-0.686222 -0.033176 0.578129
-0.745822 -0.388743 -1.554408
-0.952395 0.119354 0.946514
-0.888032 -0.187106 -1.742078
-0.939271 0.322482 1.647025
-0.825752 -0.060783 -0.682279
-0.791327 0.134363 0.960984
-0.568666 0.000846 -0.615453
-0.413949 0.025029 0.849789
-0.286755 -0.040086 -0.282721
-0.203043 0.003673 0.239537
-0.244987 0.116433 -0.454135
-0.164556 0.067853 -0.167472
-0.194286 0.227080 -0.470142
-0.218541 0.227671 -0.315518
-0.307894 0.527115 -0.649275
-0.216097 0.397185 -0.348504
-0.192355 0.490559 -0.375687
-0.114946 0.578830 -0.176617
-0.195417 -2.405297 0.563959
-0.225552 -2.604584 0.582481
-0.284647 -2.754061 0.385208
-0.326247 -2.460043 0.700835
-0.330194 -2.280444 0.523408
-0.323678 -1.873364 0.429912
-0.303112 -1.400676 0.210037
-0.424184 -0.773367 -0.120576
-0.502839 -0.444528 -0.464999
-0.461259 -0.329429 -0.327950
-0.605126 -0.296865 -0.959039
-0.649552 -0.235163 -0.407094
-0.781336 -0.278023 -0.845813
-0.791121 -0.077544 0.130808
-0.926006 -0.178854 -0.897141
-0.995594 0.161441 0.727547
-1.071489 -0.038438 -0.288183
-1.055360 0.261493 1.037008
-0.893491 0.085511 -0.143213
-0.749442 0.239801 0.887253
-0.357018 0.105382 -0.057834
-0.155909 0.195318 0.405545
-0.094260 0.070287 -0.387848
-0.197852 0.523320 -0.603024
-0.224345 0.941153 -1.058864
-0.213360 0.903458 -0.834729
-0.333937 1.277689 -1.308423
-0.327925 1.245496 -1.023340
-0.324316 1.613953 -1.203434
-0.212383 1.497495 -0.683887
-0.114418 1.540116 -0.936734
-0.081984 1.233797 -0.536665
-0.152324 -2.666687 0.452555
-0.184777 -3.157119 0.629429
-0.279458 -3.384789 0.520267
-0.364386 -3.100656 0.924368
-0.318386 -2.995839 0.227907
-0.305630 -2.577114 0.980577
-0.264638 -2.464438 0.290999
-0.272985 -2.026294 0.509405
-0.310691 -1.498316 -0.163864
-0.333853 -0.797519 -0.098663
-0.369096 -0.465463 -0.914174
-0.465898 -0.414032 -0.384699
-0.568048 -0.501121 -1.420954
-0.653306 -0.276825 0.155890
-0.794533 -0.383240 -1.225765
-0.877723 -0.050527 0.395972
-0.850520 -0.217257 -1.231888
-0.860930 0.043584 0.971352
-0.747746 -0.112027 -0.529865
-0.705444 -0.036627 0.562659
-0.449141 -0.085394 -0.453611
-0.305975 -0.021127 0.517817
-0.203379 0.038130 -0.330355
-0.087064 0.056678 0.120897
-0.073342 0.186041 -0.192675
-0.063478 -0.000048 -0.321091
-0.171728 0.459004 -0.368533
-0.096345 0.317711 -0.631334
-0.225298 0.678119 -0.506575
-0.109666 0.469858 -0.605313
-0.124808 0.798109 -0.335575
-0.081874 0.876072 -0.485478
-0.211677 -2.245843 0.625524
-0.177377 -2.385404 0.754318
-0.225634 -2.554039 0.173240
-0.233689 -2.179035 0.794483
-0.188639 -1.924180 0.337173
-0.234630 -1.516160 0.607722
-0.112534 -1.135047 -0.145544
-0.254277 -0.717488 0.296237
-0.323684 -0.507310 -0.657151
-0.367191 -0.407633 0.172991
-0.484235 -0.408648 -1.390905
-0.416215 -0.358974 0.289937
-0.601404 -0.340101 -1.229483
-0.611466 -0.188781 0.344185
-0.745282 -0.300449 -1.398166
-0.764665 -0.027940 0.795601
-0.847442 -0.191533 -0.807758
-0.745428 0.050253 0.680081
-0.638901 -0.058037 -0.823439
-0.489240 0.083930 0.857989
-0.256697 -0.004487 -0.408951
-0.062452 0.157688 0.146369
-0.059528 0.547766 -1.043153
-0.162230 0.825580 -0.380868
-0.266443 1.340633 -1.583218
-0.332665 1.402020 -1.088598
-0.362859 2.007018 -2.026751
-0.304921 1.964377 -1.072325
-0.238358 2.341819 -1.525550
-0.118151 2.101892 -1.022400
-0.018582 2.212584 -1.513092
-0.045893 1.798102 -0.914965
-0.118780 -2.227208 0.423265
-0.102035 -2.507824 0.724427
-0.102609 -2.739672 0.338187
-0.145951 -2.505026 0.946154
-0.104457 -2.355671 -0.112791
-0.090132 -2.027213 1.151281
-0.033139 -1.922741 0.108238
-0.066862 -1.679135 0.829089
-0.089344 -1.343329 -0.502176
-0.050158 -0.731733 0.633503
-0.130932 -0.585310 -1.216779
-0.205781 -0.431804 0.302702
-0.368249 -0.603854 -1.784137
-0.301412 -0.278289 0.735963
-0.409114 -0.540896 -1.688647
-0.490453 -0.156433 0.679865
-0.597850 -0.349747 -1.816261
-0.506467 -0.006591 1.093506
-0.411049 -0.156641 -1.129215
-0.228332 0.083697 0.702334
-0.014572 0.121935 -1.030485
0.104955 0.312370 0.748864
0.141489 0.348216 -0.412573
0.147345 0.384387 0.172053
0.017367 0.490171 -0.636110
-0.003207 0.365020 -0.143961
-0.201642 0.757449 -0.426611
-0.148618 0.591030 -0.531453
-0.192212 1.137019 -0.660830
-0.033976 0.812540 -0.667171
0.042512 1.091706 -0.648651
-0.022918 1.200057 -0.635361
-0.198255 -1.727347 0.657547
-0.145076 -1.830639 0.606861
-0.111732 -2.019837 0.253254
-0.081127 -1.715332 0.713048
-0.027079 -1.533869 0.206379
-0.127730 -1.119979 0.384616
-0.014236 -0.960153 -0.166660
-0.027450 -0.777435 0.502804
-0.026749 -0.647545 -0.508793
-0.033687 -0.512895 0.415325
-0.149544 -0.514579 -1.030150
-0.183111 -0.397909 0.518688
-0.367101 -0.496915 -1.095643
-0.343518 -0.277632 0.407211
-0.462193 -0.385742 -1.059716
-0.398027 -0.091502 0.627753
-0.509534 -0.263665 -0.742163
-0.323442 0.044956 0.619300
-0.275763 -0.042767 -0.439115
-0.062523 0.230223 0.479117
0.049727 0.260433 -0.222601
0.188209 0.379436 0.155181
0.142273 0.281658 -0.318325
0.081651 0.647481 -0.447577
0.016787 1.405397 -1.070843
-0.169728 1.572435 -0.693155
-0.291484 2.082116 -1.798128
-0.197040 2.127100 -0.717893
-0.159962 2.646907 -1.856966
-0.007918 2.506681 -0.833265
0.022594 2.599870 -1.237585
-0.007168 2.041692 -0.516135
-0.017492 -1.655322 0.404872
0.016566 -1.829513 0.506366
0.012272 -2.033740 0.423009
-0.014679 -1.903064 0.653879
0.037092 -1.930903 0.099416
0.075858 -1.700985 0.882412
0.131726 -1.573959 0.006428
0.154472 -1.197412 0.637342
0.183835 -0.949281 -0.385289
0.316375 -0.713722 0.654407
0.333393 -0.634167 -0.780466
0.295688 -0.481865 0.539848
0.140926 -0.663235 -1.247289
0.123317 -0.382215 0.668474
-0.007438 -0.487022 -1.231041
-0.033386 -0.159684 0.574990
-0.185916 -0.315002 -1.253168
-0.027826 0.041799 0.939985
0.080747 -0.060124 -0.845940
0.378698 0.195780 0.483733
0.390461 0.192039 -0.402606
0.432076 0.406940 0.401317
0.244149 0.426714 -0.238945
0.243920 0.426177 -0.195327
0.031009 0.579962 -0.097798
0.061234 0.473515 -0.415151
-0.186187 0.752084 0.006508
-0.107157 0.762099 -0.633058
-0.168508 0.989535 -0.408553
-0.076513 0.718954 -0.604791
-0.045623 0.739982 -0.266366
-0.003470 0.786243 -0.418448
0.004296 -1.296535 0.443381
-0.027525 -1.305414 0.590573
-0.029156 -1.402653 0.087045
0.019500 -1.183840 0.695475
0.092571 -0.938495 -0.024851
0.110946 -0.796186 0.540588
0.262633 -0.691669 -0.310118
0.347078 -0.636193 0.608272
0.419878 -0.556705 -0.457414
0.465523 -0.470215 0.545824
0.402261 -0.549268 -1.037618
0.453979 -0.420758 0.683559
0.358980 -0.472925 -0.856644
0.315610 -0.249173 0.688976
0.257756 -0.347505 -1.170035
0.274532 -0.039527 0.943112
0.175836 -0.074918 -0.716859
0.243878 0.215357 0.756975
0.320861 0.232495 -0.606011
0.408277 0.416212 0.921299
0.436125 0.292056 -0.150926
0.470858 0.396255 0.352858
0.390349 0.284133 -0.109381
0.278878 0.413726 0.109373
0.155038 0.538458 -0.449783
0.098945 0.892752 -0.507788
-0.061778 1.709788 -1.811702
-0.054936 1.598585 -0.703345
-0.035278 2.225131 -1.323919
0.055338 1.948912 -0.412387
-0.028177 1.970822 -1.127038
-0.035596 1.493865 -0.682769
0.143771 -1.300587 0.248543
0.136894 -1.384654 0.451327
0.125170 -1.525407 0.247120
0.127860 -1.397519 0.620547
0.166104 -1.384919 -0.096761
0.164338 -1.181307 0.907136
0.289875 -0.891038 -0.033617
0.372642 -0.763268 0.638412
0.476088 -0.704927 -0.693039
0.587580 -0.562770 0.843554
0.724742 -0.609238 -0.616463
0.709790 -0.437434 0.684592
0.601053 -0.591012 -1.303850
0.539091 -0.299511 1.000022
0.574760 -0.388764 -0.972083
0.510400 -0.034906 0.882094
0.360911 -0.162084 -1.433375
0.379159 0.255684 1.699663
0.542108 0.137115 -0.691057
0.557825 0.356088 1.099599
0.479421 0.387523 -0.724687
0.409788 0.521615 1.808946
0.411535 0.417924 0.145257
0.402844 0.379819 0.647780
0.204870 0.490638 -0.272469
0.265147 0.452136 0.298779
0.100434 0.499009 -0.164481
0.038894 0.582635 -0.267004
0.016346 0.734049 -0.124989
0.031716 0.450073 -0.290465
-0.017478 0.721429 -0.441356
-0.020963 0.711022 -0.285662
0.045363 -1.020459 0.370496
0.021234 -0.985348 0.426873
0.070252 -1.065362 0.189364
0.117446 -0.909253 0.462070
0.149311 -0.719150 0.182353
0.212884 -0.642469 0.254846
0.338304 -0.626360 -0.021601
0.489331 -0.567870 0.478231
0.580766 -0.562230 -0.147650
0.694373 -0.443989 0.416042
0.699110 -0.492740 -0.383116
0.733806 -0.355398 0.536852
0.660086 -0.460605 -0.457291
0.642665 -0.187012 0.613092
0.563058 -0.289595 -0.383287
0.600733 -0.000228 0.742128
0.653283 -0.052611 -0.264215
0.669084 0.256409 0.792267
0.676215 0.208359 -0.151665
0.574701 0.504043 1.014612
0.585905 0.323000 0.164009
0.520545 0.631314 1.382471
0.501918 0.470679 0.493512
0.423083 0.631070 1.005573
0.337730 0.457473 0.150093
0.292498 0.693911 1.161720
0.154185 0.674505 -0.540227
0.172944 0.907114 0.491603
0.113274 1.385701 -1.063187
0.119529 1.108477 -0.263345
-0.023648 1.348361 -0.642732
-0.010279 1.044710 -0.310232
0.139284 -1.015677 0.188034
0.177431 -1.023217 0.274304
0.197563 -1.147823 0.286062
0.196221 -1.076139 0.321178
0.197269 -1.023540 0.110295
0.276852 -0.885221 0.446810
0.366445 -0.673916 0.216901
0.508778 -0.598282 0.280556
0.586299 -0.567184 0.051535
0.702265 -0.492558 0.459673
0.807700 -0.516541 -0.016621
0.887805 -0.368090 0.442556
0.853235 -0.464421 -0.219421
0.811001 -0.247742 0.576719
0.841618 -0.302706 -0.316448
0.786000 -0.015715 0.557408
0.755265 -0.027512 -0.211201
0.656668 0.199408 1.074394
0.719194 0.184948 -0.204883
0.731337 0.368932 0.941829
0.677707 0.415095 0.188639
0.609395 0.546835 1.220375
0.628189 0.373116 0.467602
0.674662 0.405190 1.309653
0.581136 0.290588 0.794993
0.461610 0.288036 0.960278
0.316980 0.243775 0.404305
0.272711 0.363625 0.719545
0.235453 0.389956 0.170978
0.213936 0.447616 0.341512
0.119618 0.536523 0.168946
0.061985 0.453935 0.105663
0.119315 -0.837055 0.219395
0.126899 -0.814051 0.357645
0.155488 -0.858809 0.047588
0.247247 -0.751842 0.417112
0.304796 -0.638142 0.091248
0.404932 -0.632142 0.346684
0.508727 -0.568442 0.027843
0.674921 -0.523903 0.351494
0.760918 -0.478856 0.105998
0.844968 -0.414831 0.332893
0.842371 -0.418467 -0.153380
0.953813 -0.272576 0.357370
0.899471 -0.307232 -0.016785
0.900777 -0.143251 0.458871
0.888520 -0.160776 -0.209476
0.954353 0.024411 0.574328
0.969543 0.012781 0.066062
0.872227 0.154540 0.590254
0.866589 0.151275 -0.179547
0.887665 0.480491 1.419251
0.935166 0.357607 0.275087
0.862015 0.696588 1.239064
0.833554 0.458149 0.216740
0.737490 0.865367 2.729251
0.773755 0.427862 0.566943
0.617723 0.884468 1.902063
0.658946 0.384570 -0.078464
0.565847 0.869878 1.630530
0.436222 0.408501 0.320474
0.441244 0.875399 1.056936
0.395341 0.578329 0.244184
0.295084 0.758521 0.281057
0.309230 -0.794350 0.106724
0.359562 -0.794673 0.309880
0.437150 -0.845989 0.179548
0.431543 -0.777905 0.339691
0.453642 -0.696141 0.039420
0.547822 -0.637991 0.471209
0.623735 -0.526950 0.131452
0.782687 -0.517720 0.278931
0.856803 -0.448345 -0.003014
0.913170 -0.423769 0.423069
1.096387 -0.430708 0.029483
1.220177 -0.350914 0.352988
1.229343 -0.312173 -0.169141
1.170191 -0.199909 0.584754
1.275737 -0.206017 -0.023828
1.256696 -0.063933 0.541277
1.169872 -0.002061 -0.263639
0.989002 0.165797 1.055543
1.023806 0.110829 -0.004154
1.031512 0.354950 1.030146
0.938489 0.291568 -0.159818
0.838965 0.631980 2.107045
0.952520 0.342885 0.332380
0.887390 0.635086 1.886865
0.866909 0.376163 0.336325
0.749773 0.705802 2.299798
0.748789 0.371991 0.707559
0.732799 0.668566 1.569160
0.591211 0.517403 0.720720
0.556120 0.674209 1.016066
0.512308 0.682542 0.784690
0.434725 0.653332 0.423482
0.293385 -0.716091 0.232847
0.426236 -0.668062 0.417032
0.504282 -0.723809 0.143777
0.584280 -0.644757 0.325042
0.624738 -0.563083 0.164028
0.718441 -0.527900 0.241945
0.777145 -0.437806 0.125311
0.947187 -0.396439 0.314896
1.046644 -0.379603 0.038168
1.202503 -0.317150 0.205766
1.224962 -0.286176 0.041128
1.347057 -0.179890 0.362500
1.400181 -0.176548 -0.094047
1.498609 -0.060697 0.209799
1.450410 -0.040474 -0.032936
1.414203 0.066261 0.491961
1.453326 0.063620 -0.169402
1.406091 0.160276 0.358697
1.297591 0.173120 0.238797
1.178544 0.391198 0.948922
1.182820 0.349687 0.285866
1.097769 0.593256 1.347910
1.111745 0.567373 0.984175
1.020096 0.861398 1.921420
1.010255 0.626735 0.806935
0.943174 1.012587 2.384528
0.965464 0.637212 1.228042
0.949507 1.175411 1.966347
0.934177 0.758024 0.668222
0.958806 1.149539 1.389692
0.851991 0.697772 1.135891
0.676346 0.935205 0.931254
0.459513 -0.704125 0.225577
0.563238 -0.691126 0.387072
0.637969 -0.708597 0.368787
0.685148 -0.628693 0.308920
0.735289 -0.561842 0.276243
0.788001 -0.502932 0.344493
0.910467 -0.455920 0.244074
1.060639 -0.402571 0.240664
1.162308 -0.383276 0.207573
1.234467 -0.386409 0.317958
1.374013 -0.384488 0.028915
1.469059 -0.330875 0.283414
1.448725 -0.273537 0.140586
1.403007 -0.214031 0.541721
1.523845 -0.189177 -0.036773
1.546051 -0.100211 0.413023
1.435211 -0.029329 0.149784
1.245045 0.013377 0.717448
1.256504 0.024889 0.140929
1.200912 0.129042 0.707639
1.127984 0.174878 0.578284
0.978408 0.295119 1.215478
0.987031 0.384895 0.758725
0.910584 0.464188 1.484322
0.874734 0.470098 1.266212
0.779218 0.518159 1.726814
0.851920 0.419596 0.986712
0.753581 0.514291 1.538959
0.745106 0.462443 1.176572
0.629264 0.618858 1.190822
0.643421 0.565150 1.169578
0.592060 0.597583 0.785813
0.441034 -0.674167 0.266233
0.643589 -0.591114 0.328893
0.725268 -0.539213 0.058886
0.768584 -0.455703 0.324270
0.774881 -0.415756 0.227910
0.846734 -0.370628 0.212059
0.872851 -0.352949 0.051216
0.973621 -0.297038 0.201710
1.024362 -0.281745 0.063535
1.167813 -0.251586 0.165328
1.166549 -0.232244 -0.016277
1.261231 -0.162064 0.277018
1.295825 -0.143615 0.044755
1.384687 -0.099662 0.228358
1.307299 -0.102391 -0.092269
1.331683 0.002076 0.380224
1.292165 0.035571 0.089691
1.294232 0.099454 0.359891
1.153051 0.065487 0.191173
1.076683 0.156091 0.696624
0.992273 0.197173 0.587898
1.040931 0.387874 0.887648
0.964688 0.469110 0.729604
0.956624 0.605503 1.351016
0.942164 0.570433 1.056034
0.984755 0.813481 1.342432
0.892190 0.707901 0.939380
0.885718 0.919722 1.495007
0.833098 0.688407 1.175148
0.912980 0.955767 1.139102
0.756562 0.625031 0.895882
0.613127 0.656065 0.652229
0.509921 -0.567231 0.274837
0.511955 -0.552442 0.530804
0.679232 -0.506223 0.407762
0.649055 -0.397199 0.435417
0.727669 -0.270396 0.239697
0.741898 -0.209920 0.337963
0.836364 -0.167434 0.214045
0.864227 -0.159958 0.247500
0.953073 -0.154908 0.100938
0.976225 -0.160228 0.274090
1.117108 -0.147687 0.128083
1.127768 -0.122214 0.250473
1.158063 -0.069946 0.133044
1.091744 -0.058406 0.389251
1.246856 0.012294 0.195422
1.156669 0.039755 0.329028
1.099296 0.091534 0.190196
0.942360 0.081321 0.570799
1.029286 0.140838 0.374373
0.908334 0.128243 0.550018
0.888431 0.192136 0.466245
0.761722 0.241875 0.966144
0.829016 0.334303 0.767574
0.742658 0.353948 1.143744
0.801133 0.460138 0.884197
0.666939 0.446569 1.260593
0.755255 0.458636 1.038012
0.630461 0.450490 1.172234
0.662436 0.525303 0.964739
0.543721 0.553156 1.158341
0.546896 0.452775 1.028619
0.454020 0.431689 0.770124
