0.897289 -0.644498 -0.259127
0.983391 -0.513483 0.286126
1.078544 -0.361959 0.477908
0.628261 0.668587 -0.328944
0.964150 -0.750867 0.422589
1.187547 1.174895 -0.106395
0.614327 -0.415766 0.440338
0.692700 0.777430 0.223607
1.239830 0.822068 0.037165
0.686972 0.851683 0.038000
0.354804 0.468147 0.361861
0.844219 0.413695 0.019287
0.086854 0.447388 0.422474
0.580732 -0.154791 0.607829
0.167973 0.591384 0.303759
1.097752 -0.867586 0.099182
0.664434 -0.519134 -0.133378
1.101963 -0.773435 0.366026
0.261119 0.721952 -0.170453
-0.233411 0.462859 -0.481430
1.193978 -0.644295 -0.033662
1.198527 1.119249 0.100316
1.104815 0.608743 -0.229266
0.025492 0.183986 -0.589733
0.150330 -0.092109 0.648257
0.776187 -0.384001 0.294920
0.157235 0.733507 -0.114893
1.244758 -0.866292 0.346737
-0.688851 0.316398 0.019626
0.836358 -0.402805 0.207616
-0.644881 0.289464 -0.633963
0.627284 0.249786 -0.359302
1.028799 0.678118 -0.270487
0.815924 -0.267855 -0.125118
0.815247 0.558191 -0.110054
1.173905 0.561261 -0.022375
1.234585 -0.633978 0.253224
0.750528 0.395537 -0.296201
0.826086 0.263078 0.248425
0.252580 0.597708 -0.442104
0.245766 0.496311 0.464785
0.742648 0.463514 0.176513
0.536885 -0.391689 0.515589
0.179969 -0.372250 -0.510027
-0.005481 0.311905 -0.617328
0.541499 -0.590989 -0.204530
-0.510548 -0.360430 0.306898
0.987867 0.634463 0.275064
-0.011684 0.463797 -0.454341
1.031441 -0.643560 0.525659
1.058086 -0.579029 0.577850
0.873194 0.412531 0.172655
0.901799 0.498787 0.029352
-0.002710 -0.129413 0.752297
0.069992 -0.221731 0.652569
1.197875 -0.686172 0.151727
0.951241 -0.519174 -0.233380
1.058104 0.827392 0.153847
-0.614887 0.500822 -0.292990
0.944789 0.796970 0.160677
-0.426083 0.265846 -0.442708
0.309649 0.773914 -0.297913
-0.260465 -0.475835 0.326478
0.510813 -0.602242 0.281386
0.043467 -0.610367 -0.221670
0.442693 -0.361967 -0.305014
-0.007362 0.452619 0.486395
0.452835 -0.353287 0.529369
0.475924 0.842173 0.140195
-0.198843 0.172827 0.578445
1.120362 0.815286 -0.165002
0.767521 0.620010 0.063523
-0.409178 -0.060097 0.632682
1.055030 -0.556981 0.477680
1.110995 0.939724 -0.406464
0.871138 -0.257820 0.043375
0.592191 0.055447 0.272194
0.717327 -0.465547 -0.050011
0.601930 -0.420639 0.436235
0.997146 0.593012 -0.073506
0.707755 -0.713718 0.101008
-0.506357 -0.377982 0.419673
1.026947 0.632427 -0.175149
-0.790455 0.093965 0.438950
0.789700 -0.701201 -0.060105
0.065182 -0.260259 -0.537999
0.897216 -0.484627 0.057367
0.867208 -0.570662 0.092174
-0.166710 0.562307 -0.086217
0.791848 -0.365287 -0.185128
-0.757367 -0.340318 0.340648
1.091131 -0.403539 0.222490
0.286344 0.368279 0.496814
-0.316836 0.145606 0.544513
0.714823 0.451073 -0.023468
0.763115 0.096974 0.315390
0.125327 -0.694009 0.336463
0.573142 0.660806 -0.362201
0.878540 -0.278366 0.340368
-0.139404 -0.242252 -0.428840
-0.411820 0.282544 0.490884
0.360053 0.737999 0.264105
0.706939 -0.525286 -0.127892
0.365474 -0.435644 0.638740
0.676697 0.035182 -0.345968
0.776429 0.959650 -0.195349
-0.034568 0.687422 0.140777
0.351204 0.626293 -0.334633
0.774555 0.248201 0.187261
0.534764 0.247107 -0.496302
-0.422154 0.477692 0.184866
0.639949 -0.427484 -0.183487
1.073004 -0.669969 0.315653
0.994953 0.474806 -0.098772
1.017004 -0.485947 0.214028
-0.661685 -0.049168 -0.364285
0.289684 -0.495722 0.526542
0.731295 0.196660 -0.013489
0.935755 0.625453 -0.344469
-0.467596 0.454424 -0.235355
1.043840 -0.399685 0.150863
0.855864 -0.477713 0.354929
0.392023 -0.563448 -0.426067
1.057222 0.395813 0.004781
0.823704 0.145509 0.225879
1.293178 0.671084 0.110008
0.824814 0.439112 -0.157129
0.747864 0.782612 0.176264
1.003368 -0.812875 0.274148
-0.668776 0.255214 -0.286992
1.110057 0.467554 -0.057533
0.309153 -0.638011 -0.220186
-0.091591 0.596979 -0.244060
1.158463 0.954586 0.204282
-0.290763 -0.219752 -0.463724
0.861070 -0.505692 0.495760
1.031229 0.523724 0.052165
0.118930 0.532158 0.381906
-0.334024 -0.361036 -0.320926
0.529370 0.897855 -0.193483
0.792545 -0.521166 -0.628727
-0.280252 0.492819 -0.277040
-0.371870 -0.264500 0.622407
0.357496 0.476942 -0.456226
0.602546 0.165793 0.312327
0.853467 -0.323383 0.028849
-0.510673 -0.109895 -0.439936
-0.146678 -0.119630 0.620588
-0.231354 0.560144 0.228128
0.845414 0.700850 -0.026024
0.816490 -0.612339 0.025427
1.153219 1.059647 -0.200516
0.826697 0.402966 0.036185
0.353905 -0.107698 -0.632237
-0.026593 -0.170560 -0.589627
0.466876 0.232469 0.379523
0.997974 0.416841 0.037434
-0.508049 0.533861 0.006404
1.050007 -0.862337 -0.260763
-0.078825 0.048416 0.577710
-0.858690 -0.276858 -0.246315
0.733167 0.438139 -0.487746
1.015968 0.547499 -0.089348
0.832912 0.343753 0.064508
0.946218 0.547147 -0.290180
1.290729 0.743759 -0.194093
0.773631 -0.335496 0.173949
0.780958 0.413158 -0.132437
0.957710 0.425078 0.006866
-0.010701 -0.471414 -0.337432
1.155251 0.655522 -0.166072
-0.210789 0.323287 0.414577
0.185456 0.129371 0.497254
1.251337 0.849788 0.064807
0.806300 0.242497 -0.205938
0.846583 0.648815 0.152412
1.273140 0.746849 0.133389
0.744822 -0.337632 0.007546
0.236385 -0.692384 0.107523
1.016088 -0.409618 0.291155
1.219463 0.956721 0.043418
0.590532 0.644840 0.019133
1.160851 0.578986 -0.040495
1.096859 0.849938 -0.246305
0.591486 -0.385346 0.334280
1.008234 -0.486300 0.188494
1.176350 0.992973 -0.293016
-0.506073 0.365013 -0.324788
0.864894 -0.575680 0.192059
0.343752 0.380407 -0.488106
0.098926 0.466636 -0.711037
0.928144 0.524420 0.081632
0.954874 -0.783322 -0.086847
0.439428 0.665586 -0.447129
-0.572367 0.130329 0.454520
0.887148 0.032699 -0.120361
1.053939 -0.666296 -0.026273
0.933598 -0.569631 0.285300
-0.212255 -0.616285 0.071304
0.925867 0.646631 -0.365744
1.109159 0.748087 0.054184
0.528854 0.966006 0.010166
1.025845 0.974889 -0.214630
0.023470 0.263320 0.554495
1.065462 -0.851305 0.030704
1.112165 1.004757 0.284093
-0.305140 0.246538 -0.419855
1.023618 0.496536 -0.012247
-0.178234 -0.278454 0.536991
1.101611 -0.705091 -0.035456
1.111392 1.065662 -0.137958
1.161065 0.615793 -0.007511
1.074486 0.688116 -0.165136
0.744162 0.636317 0.083373
-0.377238 0.418994 0.294839
-0.152753 -0.433469 -0.214389
0.008315 0.609510 -0.377096
0.775846 0.435202 -0.057235
-0.144418 0.267699 -0.550507
1.161614 0.798479 0.222388
-0.295855 0.136672 -0.572724
-0.147347 0.506418 0.215504
-0.818634 0.206140 -0.352381
0.236920 -0.514187 0.482937
-0.590460 -0.194628 0.547690
0.820875 -0.431031 0.062945
0.303565 -0.691563 -0.029626
-0.556078 -0.052399 -0.510192
1.183535 -0.812435 0.564228
0.555614 -0.743270 -0.095927
1.097295 0.685842 0.255652
0.707729 -0.238817 -0.395181
-0.400532 -0.459439 -0.017780
-0.296672 0.022629 -0.510209
0.312348 -0.393557 -0.396125
0.814024 0.377038 -0.050401
-0.051242 -0.554257 0.445046
0.668408 0.528418 0.239447
-0.540127 -0.270596 -0.376482
-0.272243 0.550827 -0.199188
0.604340 0.476229 -0.329225
-0.274428 -0.427043 0.492155
0.664089 -0.759602 0.228826
1.170459 1.043879 0.184889
-0.527338 -0.394000 -0.277032
0.675689 0.486421 0.247257
-0.597929 0.397670 0.247423
0.935140 -0.420363 0.301475
-0.000859 -0.433177 -0.487707
-0.633309 -0.425308 -0.046976
-0.288634 -0.475034 -0.314339
1.098580 -0.636411 0.078214
-0.178406 -0.514811 -0.072570
0.043732 0.695809 0.130267
0.768079 0.837837 -0.187159
-0.116462 -0.521920 0.553598
-0.528849 -0.435702 -0.112379
-0.727059 -0.320439 0.454062
-0.831856 -0.300714 -0.286279
-0.811972 -0.231008 0.696326
-0.941608 -0.304390 0.012676
-0.972052 -0.222201 0.611598
-0.996416 -0.290083 -0.375380
-1.061523 -0.147725 0.815149
-1.154863 -0.296943 -0.184092
-1.197423 -0.143803 0.552378
-1.184787 -0.227600 -0.421033
-1.251730 -0.083964 0.695589
-1.438285 -0.222951 -0.157350
-1.481443 -0.076071 0.184746
-1.524403 -0.109365 -0.406326
-1.522156 0.040038 0.337487
-1.623096 0.016162 -0.288827
-1.606319 0.207529 0.209789
-1.471687 0.100517 -0.681905
-1.358913 0.299353 0.640870
-1.415303 0.160414 -0.376910
-1.301265 0.316847 0.431042
-1.148924 0.209840 -0.617369
-0.989164 0.296999 0.586215
-1.010520 0.230662 -0.183698
-0.952538 0.253920 0.266274
-0.844691 0.231491 -0.488183
-0.802556 0.278716 0.446396
-0.855964 0.274597 -0.184819
-0.820012 0.311312 0.327661
-0.686166 0.408259 -0.207790
-0.503630 0.482588 0.050866
-0.938114 -0.394039 -0.145317
-1.081429 -0.370452 0.186765
-1.108555 -0.493090 0.089749
-1.150131 -0.395632 0.626478
-1.198245 -0.448339 -0.082285
-1.294377 -0.338474 0.918814
-1.363557 -0.441997 0.290884
-1.483366 -0.322694 0.831757
-1.470359 -0.385796 -0.078414
-1.610788 -0.254329 0.981226
-1.647217 -0.356710 0.345319
-1.836311 -0.265493 0.569220
-1.944102 -0.319969 -0.149059
-2.050236 -0.178324 0.584043
-2.100514 -0.200171 0.102515
-2.154179 0.022367 0.243079
-2.070944 0.018590 -0.292607
-2.026803 0.177799 0.509488
-1.974183 0.024859 -0.079240
-1.872563 0.185322 0.391841
-1.746409 0.093403 -0.419671
-1.640941 0.247817 0.607154
-1.547590 0.120187 0.077393
-1.405819 0.163561 0.439228
-1.225076 0.185108 -0.306916
-1.179725 0.192662 0.594734
-1.164860 0.121937 0.162371
-1.128456 0.103835 0.416505
-1.049157 0.168893 -0.138524
-1.077084 0.116500 0.526318
-0.948269 0.082084 0.472112
-0.753617 0.225588 0.543373
-0.939375 -0.411022 0.257420
-1.116459 -0.432594 0.305461
-1.271088 -0.505545 0.181332
-1.188528 -0.333944 0.419155
-1.345066 -0.345568 0.502969
-1.360836 -0.246576 0.263891
-1.483392 -0.346043 0.175132
-1.565089 -0.202287 0.306650
-1.715402 -0.303436 0.427303
-1.745177 -0.221370 0.167214
-1.903710 -0.318609 0.151006
-1.996741 -0.217564 0.201140
-2.313205 -0.262726 0.313587
-2.380418 -0.137191 0.025836
-2.651375 -0.164741 -0.082685
-2.562580 0.014431 0.225859
-2.668964 0.068371 0.139269
-2.443814 0.210454 0.004113
-2.410146 0.225736 -0.160890
-2.160701 0.391285 0.121833
-2.086928 0.345805 0.094125
-1.835197 0.418343 -0.001138
-1.696859 0.361229 -0.258447
-1.525938 0.467691 0.153271
-1.450969 0.419793 0.010783
-1.259698 0.437791 -0.057162
-1.173266 0.431226 -0.264657
-1.152847 0.476112 0.129909
-1.131068 0.475549 -0.055706
-1.042808 0.462698 0.114060
-1.067615 0.409505 -0.136653
-0.843560 0.451225 -0.144625
-0.886860 -0.519611 0.018556
-1.060266 -0.633348 0.252963
-1.083443 -0.706776 0.276148
-1.162475 -0.635883 0.498333
-1.186145 -0.591818 0.125538
-1.263206 -0.501750 0.528953
-1.327731 -0.482222 0.393815
-1.491768 -0.456552 0.510722
-1.560988 -0.477564 0.158784
-1.700456 -0.464305 0.640476
-1.764752 -0.519968 0.276961
-1.943804 -0.462228 0.467987
-2.125628 -0.451698 -0.148186
-2.262566 -0.291132 0.410840
-2.340162 -0.245394 0.022109
-2.455789 -0.085036 0.151078
-2.348979 0.010663 -0.139006
-2.337145 0.165595 0.404832
-2.160963 0.126272 -0.032348
-2.094927 0.232120 0.137289
-1.838117 0.251484 -0.300433
-1.743668 0.327082 0.377366
-1.565753 0.277900 -0.069861
-1.442690 0.295336 0.177416
-1.227761 0.347010 -0.254162
-1.202692 0.351717 0.366650
-1.147375 0.326247 0.009454
-1.116020 0.298161 0.221136
-1.076216 0.350429 -0.195310
-1.094884 0.320424 0.323390
-1.004990 0.292308 0.276456
-0.795814 0.343719 0.359803
-0.709516 -0.583548 0.254182
-0.837233 -0.620491 0.319644
-0.926449 -0.684174 0.251501
-0.943869 -0.544589 0.391535
-1.005371 -0.469174 0.336247
-1.033879 -0.409784 0.318437
-1.096717 -0.372119 0.123793
-1.235747 -0.314630 0.226490
-1.305450 -0.285884 0.121561
-1.408471 -0.326818 0.371301
-1.508973 -0.361359 -0.109981
-1.692812 -0.307160 0.437788
-1.835333 -0.305052 -0.101304
-1.997400 -0.205105 0.397676
-2.182866 -0.142778 -0.366557
-2.240795 -0.008658 0.557815
-2.285727 0.141297 -0.177614
-2.196286 0.216667 0.333380
-2.165366 0.389138 -0.218420
-2.012494 0.415961 0.362908
-1.789596 0.445416 0.044783
-1.631744 0.451749 0.302541
-1.456704 0.483198 -0.198064
-1.378420 0.536080 0.247390
-1.193977 0.532293 0.044566
-1.079545 0.497317 0.147110
-1.002886 0.542535 -0.160259
-1.013031 0.574540 0.030859
-0.911547 0.597452 -0.075625
-0.900840 0.546123 0.096409
-0.857986 0.515892 -0.022528
-0.717985 0.531557 -0.064842
-0.663130 -0.757163 0.190507
-0.743991 -0.868731 0.373172
-0.765771 -0.999344 0.444074
-0.834150 -0.907385 0.527405
-0.800015 -0.781147 0.217634
-0.868648 -0.624582 0.448276
-0.902469 -0.523080 0.270276
-1.035474 -0.483964 0.360250
-1.088381 -0.425440 0.087731
-1.248414 -0.418536 0.629712
-1.349009 -0.467378 0.121027
-1.443131 -0.444299 0.717797
-1.536508 -0.429786 -0.268970
-1.648133 -0.268771 0.799732
-1.675185 -0.214912 -0.181673
-1.905468 -0.009866 0.556321
-1.849497 0.081498 -0.392812
-1.884223 0.249754 0.559935
-1.711383 0.296896 -0.247754
-1.677155 0.338502 0.405654
-1.451091 0.358881 -0.263451
-1.384769 0.385021 0.464910
-1.239466 0.412880 -0.098725
-1.184290 0.408368 0.197136
-0.972636 0.465821 -0.214829
-0.962416 0.465758 0.246048
-0.912996 0.489189 0.009426
-0.889091 0.463972 0.073590
-0.812270 0.483476 -0.158275
-0.862232 0.466005 0.158476
-0.800504 0.435027 0.303195
-0.637601 0.472862 0.241034
-0.440242 -0.761680 0.366800
-0.463186 -0.777600 0.334758
-0.519938 -0.888225 0.364383
-0.547525 -0.756944 0.437799
-0.622843 -0.671219 0.327635
-0.655008 -0.540973 0.330202
-0.756763 -0.443080 0.159752
-0.886705 -0.326607 0.231295
-1.030808 -0.259933 0.139876
-1.095435 -0.287338 0.317813
-1.226618 -0.317246 -0.081755
-1.252587 -0.316811 0.502970
-1.320705 -0.282530 -0.095960
-1.404828 -0.205267 0.617197
-1.502170 -0.178233 -0.399792
-1.589708 -0.018967 0.746429
-1.718694 0.113585 -0.203583
-1.635048 0.191525 0.520443
-1.581109 0.253193 -0.413561
-1.412475 0.301098 0.497374
-1.344033 0.345306 -0.162306
-1.193900 0.412314 0.280434
-1.069721 0.462228 -0.477333
-0.933670 0.551078 0.304429
-0.887954 0.629716 -0.154229
-0.774444 0.642444 -0.082940
-0.713190 0.741536 -0.370686
-0.711205 0.783610 0.027409
-0.736337 0.843484 -0.164721
-0.635883 0.770776 -0.106618
-0.654815 0.746508 -0.211539
-0.549293 0.676150 -0.185195
-0.440014 -1.017058 0.348996
-0.487399 -1.237220 0.530246
-0.559116 -1.434962 0.557265
-0.601163 -1.347614 0.672767
-0.571829 -1.271488 0.323256
-0.604611 -0.977888 0.658126
-0.671224 -0.881226 0.305498
-0.776178 -0.690321 0.388701
-0.807448 -0.506400 0.060950
-0.911501 -0.364628 0.439300
-0.989403 -0.263511 0.030157
-1.084296 -0.301648 0.467077
-1.044192 -0.259010 -0.275003
-1.122547 -0.207777 0.765505
-1.167136 -0.171118 -0.167695
-1.394440 -0.079581 0.639432
-1.267702 0.048066 -0.680479
-1.364743 0.186044 0.718763
-1.196787 0.156832 -0.361355
-1.141070 0.216183 0.516768
-1.022805 0.259467 -0.511832
-0.945504 0.358390 0.599893
-0.893824 0.298590 -0.345030
-0.837456 0.394263 0.207229
-0.678488 0.509000 -0.522388
-0.670292 0.587958 0.188849
-0.653267 0.580096 -0.276931
-0.647072 0.608295 0.021906
-0.620357 0.620284 -0.423767
-0.624264 0.624639 0.021212
-0.597132 0.511297 -0.071686
-0.456295 0.605031 0.048389
-0.271527 -0.920395 0.515538
-0.288753 -0.920377 0.399706
-0.303184 -1.063168 0.495180
-0.334312 -0.919774 0.472387
-0.410448 -0.858777 0.380271
-0.451825 -0.710425 0.303961
-0.567269 -0.589216 0.171012
-0.691151 -0.384969 0.134707
-0.837792 -0.298436 0.039251
-0.917358 -0.263411 0.144744
-1.004393 -0.234825 -0.278590
-1.046753 -0.225616 0.474659
-1.084754 -0.181351 -0.160270
-1.084665 -0.168626 0.407791
-1.215872 -0.112542 -0.471491
-1.353749 -0.057873 0.535560
-1.421094 0.015458 -0.034924
-1.320386 0.118860 0.575357
-1.202683 0.087921 -0.269968
-1.091549 0.175164 0.417547
-0.949535 0.225708 0.002026
-0.833338 0.372177 0.398806
-0.763005 0.464746 -0.364400
-0.694707 0.616659 0.048695
-0.543235 0.784526 -0.284208
-0.476257 0.882640 -0.030212
-0.528576 1.062486 -0.430817
-0.556712 1.163675 -0.192428
-0.492484 1.238937 -0.383614
-0.410291 1.193885 -0.019762
-0.423908 1.179457 -0.283887
-0.392111 1.065702 -0.121384
-0.239722 -1.190543 0.424747
-0.233318 -1.480159 0.537766
-0.275172 -1.711532 0.668781
-0.368091 -1.719270 0.724628
-0.395244 -1.738682 0.337747
-0.450326 -1.562515 0.758169
-0.548304 -1.444747 0.235019
-0.693565 -1.237759 0.377524
-0.786989 -0.857292 -0.329176
-0.848695 -0.375645 0.214114
-0.808010 -0.167850 -0.556176
-0.976009 -0.236586 0.062728
-0.840329 -0.331457 -1.200905
-0.989338 -0.262414 0.533750
-0.925961 -0.254200 -0.731268
-1.208863 -0.166818 0.172919
-1.116529 -0.213254 -1.164620
-1.168997 -0.028076 0.692114
-0.932253 -0.068850 -0.498248
-0.922144 0.007807 0.319685
-0.704546 -0.000368 -0.732396
-0.674554 0.134805 0.501212
-0.620409 0.212537 -0.260136
-0.561271 0.324606 0.128902
-0.464700 0.420700 -0.367223
-0.435503 0.581479 0.030312
-0.444821 0.600969 -0.153297
-0.480851 0.724162 -0.187685
-0.526555 0.762332 -0.268248
-0.514523 0.840978 -0.246846
-0.456273 0.748050 -0.110504
-0.362342 0.810407 -0.094968
-0.302233 -0.841181 0.455646
-0.309472 -0.800817 0.471611
-0.307787 -0.898811 0.395057
-0.234148 -0.739450 0.486346
-0.284631 -0.669667 0.317177
-0.378800 -0.504079 0.202374
-0.420478 -0.448337 -0.219044
-0.456579 -0.237706 0.066619
-0.388690 -0.236982 -0.818908
-0.461176 -0.187283 -0.176844
-0.433435 -0.354114 -1.924163
-0.615387 -0.221007 0.551370
-0.690471 -0.244380 -1.437291
-0.780028 -0.097512 0.332291
-0.847400 -0.363647 -2.207255
-0.951847 -0.040015 0.927804
-1.089963 -0.125669 -1.100302
-1.045852 0.193723 0.497358
-0.838681 0.088714 -1.226901
-0.790323 0.266683 0.890155
-0.710198 0.053623 -0.320217
-0.559755 0.364374 0.396495
-0.385959 0.484663 -0.935282
-0.336785 0.755423 0.357202
-0.356351 0.862755 -0.669639
-0.356773 1.058129 -0.124441
-0.298779 1.331574 -0.897607
-0.277227 1.467822 -0.138221
-0.321030 1.642469 -0.578352
-0.309940 1.541559 -0.319147
-0.309443 1.488185 -0.587622
-0.275798 1.296243 -0.446815
-0.189681 -0.985303 0.330009
-0.170633 -1.274686 0.564720
-0.261272 -1.529250 0.499494
-0.285089 -1.479375 0.749451
-0.374277 -1.531935 0.121720
-0.433851 -1.220275 0.824143
-0.518523 -0.947989 0.062919
-0.416300 -0.392289 0.119860
-0.071878 -0.219020 -1.628803
0.212754 -0.342374 0.128650
0.236445 -0.488710 -2.026157
0.001483 -0.351007 -0.314754
-0.207722 -0.685556 -3.340368
-0.237216 -0.270632 0.407789
-0.307013 -0.581041 -2.258551
-0.517991 -0.123322 0.095991
-0.681822 -0.432048 -3.112623
-0.494547 0.180215 0.840491
-0.355529 -0.188841 -1.653138
-0.376931 0.232183 0.565113
-0.317125 0.135120 -1.919836
-0.245276 0.387763 0.965309
-0.148839 0.269564 -0.544771
-0.101928 0.419176 0.375893
-0.110879 0.449199 -0.658416
-0.120785 0.703482 0.180133
-0.253933 0.691462 -0.207006
-0.253222 0.774370 -0.178418
-0.307559 0.907987 -0.295057
-0.329358 1.019895 -0.127856
-0.312436 1.006783 -0.342696
-0.218222 1.016113 -0.282593
-0.437351 -0.551633 0.340513
-0.421782 -0.472528 0.243022
-0.420884 -0.571560 0.297100
-0.283229 -0.461123 0.156077
-0.408608 -0.420062 0.232555
-0.435786 -0.371177 -0.118135
-0.349306 -0.342392 -0.571975
-0.141029 -0.340780 0.018922
0.065143 -0.326836 -0.989025
0.223840 -0.433192 -0.538809
0.115063 -0.279163 -2.128531
0.063510 -0.183952 -0.489788
-0.071018 -0.025634 -1.526955
0.002573 0.045451 -0.560494
-0.137844 -0.043310 -2.023771
-0.168054 0.107960 -0.280185
-0.346129 0.010596 -1.069860
-0.235644 0.392708 0.105625
-0.278687 0.168960 -0.957273
-0.199311 0.422757 0.008065
-0.183188 0.327151 -0.243065
-0.133723 0.487380 0.270880
-0.202865 0.251186 -0.303357
-0.210140 0.682878 0.081074
-0.149811 0.897366 -0.526448
-0.123538 1.122698 0.275970
-0.124972 1.290348 -0.743138
-0.184876 1.493061 0.192754
-0.178726 1.762990 -0.983594
-0.213996 1.720385 -0.154946
-0.164109 1.708031 -0.396647
-0.180633 1.438463 -0.112937
-0.335621 -0.566114 0.154223
-0.312514 -0.631095 0.182371
-0.329229 -0.829148 0.392740
-0.232175 -0.701032 0.301011
-0.206498 -0.704015 0.003586
-0.212159 -0.574872 0.292513
-0.230748 -0.391895 -0.337927
-0.139445 -0.345528 -0.370230
0.034539 -0.429375 -1.532899
0.253463 -0.377408 -0.357134
0.176172 -0.564316 -1.647552
0.254577 -0.375743 -0.998764
0.245533 -0.583416 -2.626129
0.360803 -0.214958 -0.378021
0.406229 -0.382396 -1.873026
0.414731 -0.117198 -0.718409
0.261738 -0.327350 -2.369267
0.286743 0.083712 -0.218241
0.253716 -0.004022 -1.582136
0.245820 0.285594 -0.335837
0.191076 0.180801 -1.397793
0.124265 0.336542 -0.043232
-0.031171 0.311655 -0.649136
-0.014396 0.382555 -0.340617
-0.098250 0.463184 -0.453162
-0.103752 0.439107 -0.081572
-0.240252 0.514777 -0.239948
-0.192544 0.589362 -0.242288
-0.210636 0.655329 -0.369347
-0.253912 0.776453 -0.030381
-0.262203 0.806377 -0.290688
-0.187853 0.836701 -0.030845
-0.373994 -0.410091 0.129757
-0.440188 -0.396460 0.186319
-0.299949 -0.477610 -0.058450
-0.130187 -0.498311 0.327374
-0.059998 -0.481717 -0.297978
-0.002096 -0.504431 0.175781
0.181442 -0.477214 -1.403295
0.337433 -0.439978 0.366886
0.433781 -0.427827 -1.910368
0.272994 -0.303033 -0.077614
0.082013 -0.348914 -3.641422
0.217347 -0.124070 0.305022
0.349561 -0.081825 -3.059479
0.351875 0.182596 -0.198188
0.310701 0.034739 -3.459258
0.360153 0.115964 0.168129
0.423804 0.055102 -2.412764
0.396832 0.302814 -0.033163
0.324126 0.144976 -2.422248
0.299706 0.374178 0.426705
0.234049 0.250074 -1.302990
0.181452 0.404736 -0.077460
0.124752 0.385322 -1.419484
0.027419 0.522686 0.155637
-0.050515 0.455478 -0.663136
-0.046317 0.756016 -0.100375
-0.034799 1.082728 -1.224462
-0.049629 1.140433 0.027116
-0.089970 1.487554 -0.555682
-0.085470 1.332698 0.186188
-0.059905 1.309595 -0.491334
-0.118048 1.126835 -0.162170
-0.214790 -0.414993 -0.015403
-0.162289 -0.404536 0.104075
-0.086645 -0.537826 0.107450
0.106970 -0.531078 0.302306
0.258717 -0.479271 -0.542305
0.422822 -0.475144 0.436732
0.423810 -0.432051 -0.972218
0.495780 -0.406577 0.052112
0.453420 -0.547681 -3.107238
0.564133 -0.388383 0.391951
0.537462 -0.682427 -2.912639
0.393209 -0.430592 -0.198908
0.223045 -0.574763 -4.183790
0.414524 -0.202138 0.260288
0.534906 -0.437067 -3.131652
0.445498 -0.117383 -0.292211
0.357092 -0.382112 -3.956660
0.489135 0.117800 0.434786
0.616140 -0.165954 -2.887529
0.500674 0.327130 0.189415
0.267861 0.188604 -3.208924
0.225912 0.507545 0.788630
0.274319 0.262188 -1.334681
0.204855 0.394469 0.055918
0.045265 0.436780 -1.106776
0.034881 0.489318 0.056581
-0.027482 0.489528 -0.279371
-0.042079 0.554672 -0.122592
-0.068234 0.620935 -0.132701
-0.137599 0.592624 0.011369
-0.160759 0.699505 -0.047090
-0.063701 0.703709 -0.036136
-0.107307 -0.569469 0.115839
-0.100982 -0.579877 0.221628
0.057098 -0.657997 0.015659
0.274161 -0.623297 0.255709
0.415973 -0.621383 -0.057371
0.529294 -0.577599 0.169718
0.488847 -0.465661 -0.763296
0.592627 -0.401372 0.141001
0.509821 -0.406385 -1.081642
0.584893 -0.377604 -0.058766
0.249333 -0.277735 -2.233763
0.291633 -0.195021 -0.471489
0.135857 -0.082710 -2.055452
0.450030 0.062063 -0.580387
0.290004 -0.061984 -2.365393
0.426086 0.053247 -0.336248
0.291124 -0.140447 -1.864584
0.561074 0.249109 -0.028801
0.408298 0.078565 -1.462781
0.415277 0.349375 -0.009576
0.281225 0.198664 -0.787100
0.330157 0.436363 0.272005
0.172058 0.328143 -0.644377
0.146380 0.438410 0.052872
0.100795 0.393632 -0.680627
0.111840 0.518384 0.198268
0.106487 0.488380 -0.586597
0.138293 0.723070 0.151403
0.107642 0.858748 -0.534612
0.120983 0.839709 -0.075277
0.118921 0.826269 -0.194416
0.061786 0.768911 -0.070916
0.000300 -0.579288 0.013542
0.111621 -0.608673 0.121233
0.263175 -0.686298 0.137595
0.491246 -0.679515 0.146247
0.560844 -0.689110 0.049308
0.686087 -0.579997 0.184262
0.755618 -0.536868 0.015198
0.802134 -0.388092 -0.082360
0.678900 -0.418730 -0.645737
0.677905 -0.325337 -0.144266
0.547910 -0.347249 -0.836201
0.662807 -0.212932 -0.708158
0.516201 -0.361128 -1.508752
0.593111 -0.119543 -0.461313
0.402667 -0.299971 -1.297317
0.548868 -0.072838 -0.772819
0.378505 -0.408712 -1.572523
0.538405 0.032321 -0.354108
0.305739 -0.068660 -1.289674
0.417098 0.292382 -0.528264
0.276889 0.146221 -0.997294
0.334252 0.294379 -0.268506
0.193905 0.264909 -0.447818
0.213118 0.357823 -0.165114
0.170411 0.358598 -0.461396
0.252660 0.381600 -0.092825
0.158881 0.397892 -0.443278
0.215648 0.485683 -0.052999
0.115983 0.543850 -0.368701
0.073821 0.622191 0.024577
-0.017931 0.678171 0.104656
0.046237 0.642735 -0.033111
0.231811 -0.739255 0.124028
0.323861 -0.773947 0.247361
0.446248 -0.800816 0.017539
0.610877 -0.748371 0.256645
0.777244 -0.708928 -0.032751
0.829412 -0.634455 0.209446
0.807772 -0.525961 -0.468282
0.917223 -0.449526 0.321443
0.888330 -0.438161 -0.516049
0.865181 -0.364511 0.107968
0.654939 -0.116677 -1.861063
0.756593 -0.141421 0.095538
0.615617 -0.064457 -1.617327
0.615693 -0.013489 -0.114129
0.469626 0.003879 -2.423194
0.616886 0.053210 -0.002572
0.491126 -0.024074 -1.542601
0.571617 0.150597 -0.023417
0.453665 0.089071 -1.574701
0.646449 0.226991 -0.069827
0.558349 0.204612 -0.374854
0.609719 0.285556 -0.085185
0.443046 0.323867 -0.607356
0.519056 0.376438 0.131434
0.317209 0.373425 -0.303503
0.401460 0.467113 0.050076
0.351719 0.416127 -0.398533
0.459062 0.591272 0.091240
0.326642 0.609103 -0.085638
0.463090 0.675471 0.025453
0.576298 0.677473 -0.083736
0.419669 0.790817 -0.061922
0.352903 -0.767886 0.058558
0.584335 -0.806034 0.245709
0.796585 -0.878776 0.120440
0.914545 -0.839107 0.271072
0.971542 -0.768367 -0.137826
1.018613 -0.704261 0.379768
1.150142 -0.615535 -0.154667
1.094874 -0.565253 0.201157
0.945536 -0.442817 -0.919784
0.871138 -0.375227 0.240234
0.895512 -0.379973 -0.839072
0.846678 -0.359800 0.022023
0.664987 -0.270029 -2.122890
0.646072 -0.155130 0.011809
0.698527 -0.353932 -1.593361
0.662063 -0.146793 -0.089924
0.577537 -0.346974 -2.336890
0.633285 0.037957 0.181133
0.767619 -0.153444 -1.291401
0.828748 0.113829 -0.165672
0.744389 0.125282 -1.114307
0.788480 0.307786 0.230251
0.787752 0.279282 -0.255575
0.897962 0.397333 -0.042578
0.824190 0.456980 -0.299284
0.875795 0.592910 0.105172
0.822578 0.599051 -0.138811
0.790649 0.741417 -0.040696
0.587987 0.777648 -0.075290
0.478227 0.707830 -0.011483
0.439261 0.854756 0.035704
0.493265 0.825752 -0.102127
0.598099 -0.826240 0.133324
0.830596 -0.837354 0.245290
0.934654 -0.873756 0.032075
1.012271 -0.809602 0.211969
1.051963 -0.764869 0.029326
1.151275 -0.730758 0.070194
1.095059 -0.606805 0.000285
1.109386 -0.576009 0.180384
1.055974 -0.526967 -0.174417
1.029813 -0.482419 0.052130
0.825715 -0.286201 -0.401031
0.834471 -0.280300 0.025713
0.718800 -0.235233 -0.695867
0.738009 -0.151984 -0.013311
0.607157 -0.055122 -0.852738
0.671326 0.007242 -0.126492
0.696882 -0.084009 -0.902847
0.775721 0.143739 0.056275
0.842343 0.202486 -0.322609
0.932219 0.345194 0.190572
1.007567 0.336415 -0.439666
1.037065 0.431266 0.097958
1.016907 0.478094 -0.075992
1.048933 0.594641 0.237949
1.060135 0.580332 -0.316475
1.097303 0.754479 0.298814
1.086165 0.811340 -0.094055
1.076422 0.976663 0.200475
1.074638 0.970817 -0.418963
1.141309 1.031739 -0.113546
1.107815 1.048362 -0.151806
0.828953 0.935063 -0.064411
0.692788 -0.895938 0.074604
0.867087 -0.930532 0.254929
1.012922 -0.958770 0.206996
1.080939 -0.914656 0.091422
1.136420 -0.884553 0.117939
1.091880 -0.851696 0.255292
1.187943 -0.805294 0.060528
1.177276 -0.703054 0.131607
1.148562 -0.633783 0.073576
1.041378 -0.546471 0.203269
1.070418 -0.527304 0.022560
1.042684 -0.415223 -0.006016
0.917125 -0.400594 -0.097304
0.827367 -0.285306 -0.014212
0.781875 -0.270915 -0.178591
0.839967 -0.048929 -0.158415
0.783743 -0.137041 -0.207329
0.790634 -0.000606 -0.056538
0.848116 -0.030493 -0.416915
0.910944 0.172635 -0.092265
0.918479 0.185386 -0.120782
0.882800 0.285792 0.114078
0.922631 0.240579 -0.072517
0.950228 0.397497 0.099309
0.944332 0.417246 0.077727
0.938662 0.599766 0.216713
0.956844 0.584934 -0.095895
0.943233 0.773903 0.061645
0.870395 0.775161 0.031875
0.823586 0.887752 -0.058281
0.832124 0.878227 0.134072
0.651409 0.912092 0.048373
0.602334 -0.897105 0.144477
0.868482 -0.892923 0.177610
0.979813 -0.858401 -0.138410
1.041309 -0.797166 0.195340
1.075249 -0.762105 0.034759
1.098320 -0.710672 0.102249
1.063460 -0.642517 -0.078231
1.104508 -0.608027 0.146286
1.087439 -0.522898 0.016916
1.101731 -0.454551 0.052718
0.973216 -0.403098 -0.187330
0.987740 -0.295878 0.102443
0.907570 -0.266963 -0.071620
0.942982 -0.127293 0.013914
0.837994 -0.081067 -0.265754
0.883861 0.049596 0.005364
0.833048 0.051148 -0.223510
0.917203 0.146330 -0.063116
0.862190 0.154328 -0.324268
0.912854 0.236930 0.117650
0.920798 0.213933 -0.096395
1.019658 0.274108 -0.049852
0.976424 0.311493 -0.150889
0.992484 0.499938 0.137036
1.016791 0.507664 0.063837
1.166678 0.671515 0.061433
1.105591 0.693580 -0.165884
1.106387 0.909973 0.120836
1.076197 0.869286 -0.036107
1.150049 0.960481 -0.108041
1.006145 0.919699 -0.319320
0.745286 0.888007 -0.249539
0.649016 -0.753317 0.129440
0.661190 -0.789519 0.401469
0.875416 -0.786801 0.202004
0.881428 -0.712445 0.310194
0.961173 -0.650796 -0.009705
0.948589 -0.602246 0.208657
1.043180 -0.545640 0.071117
0.989908 -0.494570 0.108950
1.011131 -0.385720 0.039394
0.910852 -0.352436 0.228649
0.996979 -0.305164 0.084869
0.914106 -0.273719 0.106606
0.922164 -0.216958 -0.058844
0.841464 -0.167341 0.205564
0.859653 -0.096627 -0.018401
0.818886 0.064125 0.156442
0.799544 0.113471 -0.075771
0.738086 0.175944 0.142525
0.820540 0.156986 -0.084341
0.812950 0.235196 0.030157
0.854681 0.255377 -0.157229
0.799154 0.309711 0.139831
0.845486 0.297492 0.049645
0.847160 0.379772 0.156842
0.904356 0.425611 0.036982
0.870064 0.579513 0.182455
0.967355 0.587897 0.103620
0.975373 0.759897 0.027615
0.957900 0.854128 -0.023506
0.850359 0.972844 0.062738
0.809605 0.907432 -0.067556
0.637385 0.859481 -0.042881
