0.637782 -0.547241 -0.541239
0.643577 -0.385655 -0.116173
0.524103 -0.380344 0.318619
0.307940 0.274282 -0.577286
0.521472 -0.581196 0.615351
0.765917 0.584192 -0.450186
0.350788 -0.153933 0.568574
0.291386 0.340418 0.223238
0.931672 0.221697 -0.263696
0.311141 0.429974 -0.038970
0.267684 0.176063 0.646316
0.522241 -0.035895 0.295493
0.175731 0.418643 1.109925
0.666989 0.119673 1.657916
0.057201 0.293680 0.782167
0.776655 -1.105955 -0.203581
0.374750 -0.562902 -0.486725
0.568541 -0.918621 0.068744
0.242633 0.299962 -0.290617
-0.093779 0.332005 -0.856691
0.643441 -0.477225 0.233749
0.475884 0.424863 -0.269367
0.647917 0.165399 -0.460057
0.163836 -0.037392 -0.743627
0.244575 -0.181937 1.129694
0.588413 -0.266231 1.106165
-0.058837 0.449194 -0.211752
0.760942 -0.788546 0.361335
-0.432780 0.286337 -0.230023
0.415990 -0.470444 -0.194371
-0.434192 0.172706 -1.037925
0.323703 -0.055175 -0.500731
0.555586 0.240663 -0.652908
0.542334 -0.112115 -0.459247
0.752974 0.086150 -0.335050
0.653944 -0.015351 -0.257432
0.653560 -0.598514 0.014103
0.396991 0.076719 -0.578975
0.630635 0.104198 1.151907
0.087100 0.313428 -0.690266
0.273842 0.008882 0.372116
0.476216 0.027685 0.401393
0.379107 -0.340908 0.638265
0.186395 -0.424772 -0.756853
0.326533 -0.079999 -0.573019
0.406526 -0.515361 -0.457522
-0.238092 -0.552776 0.458669
0.781293 0.355660 1.239984
0.119742 0.169136 -0.657617
0.712666 -0.248262 1.107042
0.635676 -0.698458 0.311797
0.406902 0.058351 -0.221919
0.486499 0.088531 0.187068
0.285944 -0.018024 1.431934
0.124118 -0.184315 0.746391
0.729488 -0.434302 0.381982
0.800573 -0.367853 -0.510448
0.422455 0.301878 0.332784
-0.451722 0.364803 -0.694418
0.758227 0.213350 -0.081321
-0.223963 0.023399 -0.782464
0.103460 0.602646 -0.720429
0.101202 -0.641962 0.194592
0.457691 -0.607894 0.146471
0.264780 -0.530686 -0.383646
0.358444 -0.358457 -0.670232
-0.083393 0.099059 0.539725
0.393571 -0.122116 1.003333
0.292555 0.514047 0.746436
-0.005128 0.302087 1.372180
0.497254 0.120822 0.139433
0.680529 0.071075 -0.327626
-0.076745 -0.076055 0.793508
0.770362 -0.199450 0.711374
0.966837 0.673339 -0.822535
0.503567 -0.064224 -0.224750
0.509363 -0.047102 0.921763
0.497061 -0.298302 -0.282136
0.408966 -0.249305 0.692098
0.546368 0.171871 -0.090035
0.432929 -0.583405 -0.142696
-0.154827 -0.151416 0.410146
0.856242 0.011231 -0.457203
-0.444443 0.130764 0.603683
0.390958 -0.686740 -0.318473
0.171460 -0.118823 -0.676804
0.577947 -0.519024 -0.196306
0.615238 -0.239870 -0.309851
-0.015448 0.375744 -0.305172
0.754237 -0.136494 -0.464148
-0.440083 -0.244468 0.480144
0.549201 -0.517731 0.085782
0.460714 0.450693 1.477803
-0.023170 -0.024594 0.598162
0.725401 -0.019982 0.653632
0.781863 -0.002820 0.975756
0.225113 -0.812136 0.038609
0.474192 0.478058 -0.789403
0.512782 -0.473117 0.201820
0.047124 -0.220199 -0.714771
-0.163257 -0.083344 0.439255
0.148417 0.357632 0.156393
0.542349 -0.308817 -0.538546
0.362621 -0.250435 1.263997
0.400075 -0.114262 -0.603845
0.435614 0.726491 -0.764344
-0.044860 0.410940 0.024782
0.123046 0.359421 -0.440656
0.527332 -0.012375 0.511398
0.404294 0.051488 -0.732138
-0.271892 0.342891 0.145280
0.498411 -0.331021 -0.401218
0.557709 -0.425747 0.610452
0.625320 -0.083020 0.136906
0.574400 -0.439704 -0.071293
-0.454403 -0.237704 -0.773021
0.295091 -0.493066 0.885590
0.564666 -0.036540 -0.264358
0.656121 0.221498 -0.689062
-0.156125 0.321109 -0.606548
0.540996 -0.413512 0.235176
0.613139 -0.486505 0.339714
0.421700 -0.665463 -0.646855
0.523203 0.122506 -0.162543
0.653704 -0.206099 -0.170157
0.552336 0.152482 0.023861
0.411969 0.013450 -0.463914
0.455133 0.363726 0.886274
0.526440 -0.929977 -0.000147
-0.437332 -0.010247 -0.649325
0.593159 0.117161 -0.311067
0.130282 -0.790575 -0.539506
-0.080468 0.295609 -0.512217
0.565459 0.175566 0.428564
-0.312311 -0.321545 -0.777895
0.544203 -0.333971 0.901135
0.539215 0.048269 0.225221
0.121291 0.271794 0.387088
-0.117971 -0.434359 -0.721241
0.156452 0.660880 -0.583501
0.793099 -0.283805 -0.622791
-0.003116 0.175176 -0.540319
-0.095651 -0.232852 0.921455
0.175850 0.062580 -0.674362
0.485561 -0.006019 1.061802
0.625883 -0.328837 0.208700
-0.063021 -0.191266 -0.693904
0.151167 0.077037 0.895799
-0.164584 0.240618 0.295651
0.393226 0.292872 -0.126263
0.776005 -0.324544 -0.160248
0.620256 0.500811 -0.555113
0.379401 0.088230 -0.379734
0.322854 -0.028547 -0.836868
0.048568 -0.305486 -0.897956
0.330395 -0.072874 0.711737
0.536859 0.084254 0.084494
-0.115092 0.390166 -0.375089
0.782760 -0.982521 -0.404704
0.063285 0.011210 1.077483
-0.749842 -0.472036 -0.779568
0.836584 0.201377 -0.636656
0.656652 -0.055792 -0.124438
0.473438 0.128130 0.765595
0.506704 0.072346 -0.448801
0.598348 0.128828 -0.308792
0.538352 -0.230212 -0.174692
0.513321 0.096989 -0.372712
0.465535 -0.049593 -0.185088
0.153919 -0.454380 -0.636662
0.604865 0.072047 0.210937
-0.059446 0.131178 0.723960
0.374445 0.210606 1.179307
0.584905 0.190614 0.159693
0.627798 -0.131848 -0.505554
0.485580 0.245267 0.641294
0.635981 0.109990 -0.105235
0.678523 -0.289076 -0.318489
0.259112 -0.766696 -0.154591
0.502539 -0.293498 0.506170
0.620585 0.204004 -0.146936
0.357562 0.233310 -0.109193
0.544412 0.169279 -0.213037
0.788663 0.262367 -0.537419
0.418260 -0.159352 0.153966
0.563483 -0.534978 -0.101576
0.874524 0.540096 -0.569648
-0.234582 0.141043 -0.678359
0.572140 -0.115403 0.554816
0.131356 0.102763 -0.676624
0.027574 0.299984 -0.967286
0.582438 0.056259 -0.354832
0.621982 -0.770999 -0.470206
0.220295 0.404045 -0.787442
-0.073918 0.059412 0.736845
0.646068 -0.188036 0.322139
0.562362 -0.640453 -0.292404
0.531676 -0.641884 0.121324
-0.000752 -0.709271 -0.203042
0.872465 0.180000 -0.773903
0.632891 0.353347 0.532612
0.228340 0.563163 -0.258140
0.604689 0.170283 0.379411
0.011782 0.024611 0.689832
0.609374 -0.857356 -0.223467
0.622608 0.423315 0.932814
-0.070562 0.073987 -0.612705
0.594722 -0.081281 0.522263
-0.039241 -0.099445 0.729080
0.752152 -0.617264 -0.274348
0.495278 0.323674 -0.347394
0.585922 0.090892 -0.026709
0.516716 0.264291 -0.434408
0.444381 0.205334 0.806043
-0.129994 0.215835 0.566773
0.035513 -0.612365 -0.548150
0.228548 0.098384 -0.426066
0.536794 -0.091150 -0.412555
-0.055616 0.111915 -0.727561
0.605991 -0.028194 0.140573
-0.147979 0.045030 -0.868821
-0.096815 0.221268 0.468621
-0.716523 0.114277 -0.789389
0.317503 -0.482845 0.510195
-0.168469 -0.068025 0.907671
0.669856 -0.226645 0.468267
0.216253 -0.912877 -0.350815
-0.446939 -0.139022 -0.979247
0.686374 -0.569513 0.713816
0.340615 -0.945519 -0.444376
0.552978 0.047371 0.006665
0.741435 -0.084006 -0.719245
-0.299723 -0.809274 -0.442160
0.102334 0.000080 -0.710331
0.290337 -0.285186 -0.612929
0.576252 0.019179 -0.348079
0.129418 -0.748914 0.429403
0.379179 0.182068 0.263243
-0.021854 -0.310781 -0.470685
-0.005448 0.184164 -0.326021
0.364890 0.056184 -0.679173
-0.105994 -0.373233 0.641074
0.398083 -0.782761 0.081128
0.642606 0.297637 0.018419
-0.495405 -0.629984 -0.766517
0.280302 0.160764 0.978328
-0.322727 0.104753 0.376930
0.585246 -0.292980 0.150188
0.234657 -0.167090 -0.554777
-0.572478 -0.697813 -0.482316
-0.119322 -0.664213 -0.718382
0.516879 -0.683918 -0.054842
-0.036135 -0.861515 -0.536631
-0.048188 0.366947 0.197477
0.244548 0.495651 -0.494517
0.210899 -0.425437 0.293711
-0.015911 -0.835595 -0.600590
-0.217803 -0.962585 -0.318539
-0.165768 -0.885203 -0.821989
-0.227920 -0.841801 -0.157565
-0.328087 -0.858935 -0.811623
-0.414863 -0.798053 -0.345027
-0.375818 -0.854387 -1.270805
-0.518711 -0.666085 -0.070780
-0.756301 -0.837149 -1.101663
-0.823632 -0.694715 -0.120570
-0.859656 -0.823359 -1.454142
-0.903277 -0.530970 0.128982
-1.095860 -0.704950 -1.355972
-1.060623 -0.474201 -0.142875
-1.046525 -0.549679 -1.712507
-1.090994 -0.225754 0.194317
-1.305024 -0.349869 -1.463454
-1.153791 -0.073656 -0.184360
-1.008807 -0.278509 -1.810053
-0.908257 -0.009829 0.163875
-1.064152 -0.101023 -1.351673
-0.912483 0.123362 -0.289530
-0.787406 0.052294 -1.539921
-0.656541 0.101602 -0.064330
-0.839269 0.032794 -1.064558
-0.763410 0.067537 -0.300801
-0.651961 0.029599 -0.977519
-0.545826 0.081836 0.278989
-0.574037 0.098911 -0.544058
-0.437471 0.218497 0.209501
-0.236613 0.338355 -0.533999
-0.098807 0.440571 -0.060662
-0.531965 -0.851089 -0.840131
-0.490237 -0.962658 -0.702046
-0.428847 -1.022037 -0.905908
-0.372231 -0.962158 -0.489649
-0.417275 -1.005625 -1.346672
-0.555811 -0.880097 -0.376134
-0.679922 -0.977406 -1.235737
-0.772726 -0.837198 -0.678663
-0.855937 -1.025923 -1.660623
-1.051006 -0.788522 -0.428969
-1.187580 -0.987600 -1.377448
-1.316763 -0.715737 -0.709750
-1.386796 -0.891205 -1.734002
-1.437624 -0.604284 -0.526687
-1.419144 -0.773457 -1.534465
-1.524036 -0.466194 -0.787874
-1.432156 -0.559639 -2.020310
-1.416674 -0.277348 -0.359971
-1.273450 -0.551696 -1.594373
-1.284449 -0.355622 -0.726713
-1.099079 -0.432294 -2.022308
-1.052888 -0.168154 -0.180132
-0.938521 -0.348080 -1.344382
-0.881270 -0.223336 -0.438648
-0.751352 -0.202571 -1.470973
-0.812129 -0.111126 0.018301
-0.834076 -0.265603 -0.796526
-0.734155 -0.192068 -0.014522
-0.611679 -0.148372 -0.896876
-0.487642 -0.026410 0.398679
-0.368056 -0.057710 0.134076
-0.192519 0.168438 0.491220
-0.486549 -0.828260 -0.389319
-0.569115 -1.033531 -0.498548
-0.594652 -1.055719 -0.817242
-0.564317 -1.003757 -0.478492
-0.695224 -0.913982 -0.727666
-0.727347 -0.937061 -0.965018
-0.999917 -0.896182 -1.094442
-1.013192 -0.808139 -0.808834
-1.366929 -0.846168 -0.690757
-1.298053 -0.783296 -1.054661
-1.719766 -0.796985 -0.959680
-1.648360 -0.617527 -0.989953
-2.051915 -0.606538 -0.765350
-1.879143 -0.432049 -1.240515
-2.202152 -0.385758 -0.994657
-1.999592 -0.167876 -1.085811
-2.216352 -0.115666 -0.814369
-1.905602 -0.028570 -1.299047
-1.925211 -0.106075 -1.312474
-1.606342 0.047907 -0.991140
-1.723479 0.071961 -1.057427
-1.370776 0.114524 -1.118572
-1.404736 0.096613 -1.503268
-1.238500 0.158719 -0.771285
-1.365489 0.160366 -1.048041
-1.096786 0.064774 -0.787210
-1.056527 0.090033 -0.936584
-0.940286 0.165003 -0.154275
-0.880205 0.222094 -0.336518
-0.646198 0.229936 -0.144053
-0.647072 0.298424 -0.456973
-0.434898 0.393100 -0.351293
-0.679193 -0.817773 -0.695930
-0.671416 -1.020018 -0.636293
-0.678757 -1.088193 -0.636206
-0.633837 -1.001022 -0.527103
-0.713255 -1.085124 -1.022372
-0.836908 -0.970486 -0.541674
-1.131295 -1.060200 -0.809146
-1.241409 -1.008404 -0.837771
-1.398297 -1.046904 -1.007278
-1.449908 -0.910420 -0.607319
-1.658354 -0.927820 -0.932217
-1.721496 -0.835229 -0.891099
-1.958550 -0.776560 -1.224583
-1.910169 -0.606763 -0.774681
-1.971807 -0.522668 -1.168875
-1.862382 -0.360534 -0.994620
-1.894410 -0.264807 -1.538344
-1.666834 -0.102608 -0.712538
-1.661629 -0.177138 -1.395372
-1.434573 -0.081635 -0.990297
-1.411621 -0.077938 -1.745963
-1.098011 0.094520 -0.565746
-1.138889 -0.010671 -1.299191
-0.957830 0.075625 -0.697077
-1.053118 0.063786 -1.434394
-0.942872 0.151942 -0.260446
-0.946576 0.036144 -0.945171
-0.851250 0.084634 -0.157080
-0.800575 0.100309 -0.930548
-0.672875 0.227807 0.301124
-0.508809 0.250490 -0.097097
-0.292104 0.351460 0.418613
-0.616476 -0.921146 -0.403982
-0.670397 -1.084520 -0.457972
-0.688143 -1.069629 -0.776515
-0.678920 -1.005322 -0.542864
-0.886249 -0.891134 -0.775874
-0.878568 -0.961191 -0.889846
-1.007226 -0.887432 -1.031968
-0.998909 -0.892239 -0.801276
-1.320688 -0.804966 -0.907986
-1.259884 -0.852801 -0.963156
-1.614487 -0.728524 -1.151899
-1.546537 -0.644635 -0.952662
-1.984316 -0.454472 -1.156716
-1.856270 -0.363180 -1.125474
-2.204374 -0.091986 -1.301375
-1.979041 0.010502 -1.014007
-2.159854 0.210083 -1.161185
-1.801904 0.196577 -1.270482
-1.892521 0.338280 -1.337410
-1.594658 0.360054 -1.016066
-1.621973 0.445299 -1.107381
-1.257757 0.347067 -1.099788
-1.344463 0.435601 -1.327460
-1.109787 0.444927 -0.840572
-1.161254 0.486125 -0.973406
-0.905715 0.319694 -0.731086
-0.937402 0.374673 -0.910148
-0.821778 0.377828 -0.419180
-0.725896 0.461111 -0.499054
-0.579437 0.346596 -0.212497
-0.522468 0.438282 -0.450725
-0.343817 0.502081 -0.263565
-0.638934 -0.992637 -0.636737
-0.686007 -1.200247 -0.671666
-0.701272 -1.325522 -0.665138
-0.749098 -1.220431 -0.640449
-0.747495 -1.258530 -1.051077
-0.795501 -1.090573 -0.608343
-0.929088 -1.142675 -0.937552
-1.013136 -1.079411 -0.833615
-1.149146 -1.060219 -1.198178
-1.192596 -0.915359 -0.423436
-1.414610 -0.917420 -1.179168
-1.484978 -0.784178 -0.673026
-1.757040 -0.655782 -1.507649
-1.695348 -0.452862 -0.579161
-1.898507 -0.344223 -1.504471
-1.831751 -0.190397 -0.850541
-1.859384 -0.097504 -1.582451
-1.636340 0.091961 -0.605844
-1.594522 0.128847 -1.450682
-1.393583 0.173118 -0.996071
-1.373725 0.219577 -1.402442
-1.152409 0.298793 -0.622422
-1.192593 0.277632 -1.141035
-1.009142 0.306823 -0.895674
-1.010147 0.328967 -1.148379
-0.846195 0.365121 -0.449736
-0.910897 0.302090 -0.777623
-0.741605 0.314749 -0.481262
-0.664809 0.364616 -0.729743
-0.543418 0.394996 -0.042900
-0.452306 0.444207 -0.091770
-0.296690 0.495374 0.227728
-0.536682 -1.029788 -0.452669
-0.570856 -1.156647 -0.429674
-0.541384 -1.244942 -0.892372
-0.516387 -1.085744 -0.470991
-0.681165 -1.080394 -0.885974
-0.666416 -1.024122 -0.876990
-0.746327 -1.010772 -1.174036
-0.717540 -0.862003 -0.618206
-0.981222 -0.821392 -1.083119
-1.023034 -0.758346 -0.827880
-1.314903 -0.675094 -1.369657
-1.264740 -0.491367 -0.785712
-1.636989 -0.391049 -1.470828
-1.552055 -0.228826 -0.968659
-1.937454 -0.124071 -1.731495
-1.686648 0.092102 -0.853861
-1.953537 0.190995 -1.564917
-1.542540 0.311022 -1.013900
-1.641000 0.330664 -1.638413
-1.280962 0.410015 -0.654263
-1.435521 0.435244 -1.371422
-1.064086 0.434707 -0.922114
-1.138327 0.454824 -1.521841
-0.894869 0.504425 -0.528283
-1.029600 0.536304 -1.189307
-0.770122 0.490857 -0.767842
-0.833348 0.549282 -1.327435
-0.660251 0.501690 -0.435358
-0.671189 0.595934 -0.897091
-0.493805 0.416786 -0.424272
-0.454922 0.515611 -0.831039
-0.325006 0.473334 -0.469630
-0.505449 -1.161560 -0.635189
-0.481639 -1.434404 -0.649100
-0.523481 -1.564217 -0.761341
-0.522973 -1.438716 -0.567759
-0.548705 -1.502273 -1.262771
-0.495725 -1.275706 -0.368989
-0.668362 -1.325633 -1.101915
-0.680018 -1.217110 -0.730796
-0.794850 -1.171158 -1.309978
-0.769295 -0.940442 -0.230714
-1.014480 -0.860394 -1.348008
-1.017431 -0.754131 -0.486497
-1.254957 -0.604262 -1.744635
-1.114424 -0.449188 -0.402855
-1.457249 -0.406635 -1.761889
-1.338628 -0.235979 -0.756485
-1.529696 -0.134134 -1.952206
-1.129034 0.060187 -0.392048
-1.233274 -0.001094 -1.670029
-0.941111 0.154768 -0.594217
-1.064530 0.247135 -1.701954
-0.748607 0.349609 -0.445865
-0.942909 0.253775 -1.421114
-0.664687 0.343325 -0.611750
-0.795039 0.428093 -1.413082
-0.598377 0.468876 -0.490009
-0.721109 0.393870 -1.080436
-0.539954 0.410810 -0.485578
-0.605813 0.461736 -1.052168
-0.459718 0.397488 -0.316296
-0.436044 0.403290 -0.418097
-0.263410 0.448487 -0.021398
-0.330978 -1.072403 -0.358379
-0.395223 -1.154454 -0.479412
-0.353514 -1.285842 -0.720802
-0.392020 -1.137991 -0.488533
-0.508609 -1.153642 -0.705096
-0.529076 -1.064281 -0.787893
-0.585720 -1.101098 -0.970772
-0.572207 -0.990610 -0.666770
-0.766394 -0.878999 -0.973227
-0.790944 -0.797027 -0.777577
-0.998910 -0.652357 -1.235852
-0.978660 -0.550659 -0.872426
-1.248005 -0.416571 -1.371952
-1.138932 -0.342034 -1.001602
-1.487203 -0.216584 -1.698929
-1.342422 -0.077643 -1.127951
-1.573376 0.043546 -1.385492
-1.222619 0.116434 -0.995218
-1.364445 0.223123 -1.438990
-1.044967 0.315472 -0.859277
-1.052238 0.394738 -1.222961
-0.771322 0.457572 -0.901134
-0.909126 0.511289 -1.369857
-0.745586 0.570017 -0.885011
-0.725251 0.681335 -1.316335
-0.573442 0.627456 -0.835503
-0.764132 0.697957 -1.444703
-0.653003 0.633696 -0.819126
-0.545390 0.722210 -1.189209
-0.395410 0.473984 -0.646737
-0.363484 0.519803 -1.036085
-0.284500 0.424718 -0.686731
-0.222931 -1.178847 -0.522576
-0.178286 -1.394960 -0.598222
-0.221347 -1.539042 -0.576471
-0.275327 -1.457089 -0.504947
-0.369938 -1.582916 -1.013077
-0.336943 -1.392941 -0.328925
-0.495444 -1.389187 -0.925835
-0.566194 -1.299160 -0.545724
-0.615997 -1.269803 -1.280679
-0.581338 -1.047649 -0.161395
-0.760635 -0.908000 -1.246015
-0.796940 -0.853202 -0.559416
-0.959507 -0.717290 -1.586734
-0.854284 -0.616428 -0.535672
-1.089904 -0.491969 -1.542715
-1.058474 -0.404408 -0.866318
-1.210407 -0.299039 -1.822555
-0.984092 -0.138287 -0.614085
-1.019358 -0.029681 -1.470713
-0.852383 0.151399 -0.894961
-0.762774 0.248513 -1.426523
-0.562110 0.380911 -0.812038
-0.612383 0.410429 -1.122087
-0.557820 0.425444 -1.055551
-0.534012 0.473249 -1.190493
-0.394002 0.509278 -0.873111
-0.486734 0.484755 -0.958080
-0.456642 0.480589 -0.954667
-0.465002 0.503711 -0.963550
-0.337553 0.397039 -0.643812
-0.353776 0.396948 -0.601365
-0.232880 0.384139 -0.331523
-0.170388 -0.957218 -0.304666
-0.207108 -0.980369 -0.227351
-0.161780 -1.099259 -0.688201
-0.191175 -0.924888 -0.111082
-0.352211 -0.954850 -0.705019
-0.431083 -0.905116 -0.283079
-0.494707 -0.974849 -1.139299
-0.474692 -0.860587 -0.094051
-0.652480 -0.792254 -1.004964
-0.659601 -0.733312 -0.235134
-0.826880 -0.620786 -1.357639
-0.692966 -0.544675 -0.213410
-0.922950 -0.387051 -1.447093
-0.818431 -0.371362 -0.325029
-1.103339 -0.222008 -1.846862
-0.891459 -0.137903 -0.298640
-1.169847 0.037252 -1.614908
-0.869479 0.139776 -0.382301
-1.002400 0.313545 -1.753443
-0.754930 0.451761 -0.296932
-0.880079 0.561790 -1.472581
-0.684800 0.625040 -0.804070
-0.681246 0.737760 -1.888741
-0.549114 0.689220 -0.484569
-0.658228 0.865469 -1.698233
-0.554189 0.732301 -1.018719
-0.551188 0.975114 -2.032665
-0.427321 0.718517 -0.826107
-0.432116 0.860933 -1.406399
-0.273350 0.457994 -0.924109
-0.158768 0.565050 -1.306773
-0.128205 0.409339 -0.905933
-0.087619 -0.987347 -0.410724
-0.027765 -1.073026 -0.284167
-0.019145 -1.240384 -0.520513
0.017411 -1.095206 -0.104593
-0.116983 -1.221035 -0.980373
-0.101876 -1.018128 0.178008
-0.292087 -1.099264 -0.898812
-0.322560 -0.958792 -0.072231
-0.450988 -1.073625 -1.425082
-0.334584 -0.790077 0.410324
-0.504776 -0.812908 -1.312054
-0.496201 -0.635623 0.205689
-0.665921 -0.650433 -1.649863
-0.535847 -0.451636 0.321548
-0.777466 -0.450582 -1.615113
-0.663600 -0.265852 0.163327
-0.820913 -0.257435 -2.038325
-0.543437 0.033831 0.223085
-0.697931 0.081266 -1.661875
-0.503811 0.336733 -0.179862
-0.602864 0.463639 -2.003409
-0.341662 0.491511 -0.258607
-0.416446 0.471141 -1.583190
-0.222291 0.524442 -0.551289
-0.329880 0.687143 -1.860385
-0.196117 0.607823 -0.585017
-0.360258 0.567027 -1.135549
-0.287712 0.503302 -0.654776
-0.413145 0.545238 -1.231324
-0.272271 0.377920 -0.687384
-0.268381 0.434458 -0.802414
-0.133462 0.337616 -0.583272
-0.124981 -0.853742 -0.111789
-0.132431 -0.856888 -0.176109
-0.059788 -0.954278 -0.307232
-0.049278 -0.860692 -0.081045
-0.172534 -0.880949 -0.395565
-0.236832 -0.836062 -0.084221
-0.294434 -0.875312 -0.764639
-0.292670 -0.775696 0.186263
-0.498175 -0.742339 -0.764988
-0.490872 -0.647885 0.139697
-0.641064 -0.617567 -1.106691
-0.587816 -0.498225 0.221018
-0.767147 -0.449503 -1.200601
-0.682389 -0.310035 0.222719
-0.855060 -0.231033 -1.447316
-0.729250 -0.057547 0.046753
-0.882319 0.035237 -1.102611
-0.777606 0.279815 0.057514
-0.897781 0.327558 -1.269553
-0.704988 0.523412 -0.370082
-0.631513 0.598580 -0.936142
-0.439447 0.648783 -0.331836
-0.544549 0.692400 -1.413436
-0.375120 0.660129 -0.596262
-0.351006 0.772055 -1.252912
-0.286348 0.737252 0.013696
-0.379135 0.795171 -1.778022
-0.263999 0.707610 -0.361596
-0.135624 0.852099 -1.794446
-0.081581 0.515073 -0.724632
-0.122295 0.610148 -1.209113
-0.060394 0.379061 -0.691913
-0.014629 -0.869354 -0.230861
0.056973 -0.919559 -0.227706
0.134588 -1.038853 -0.168391
0.228914 -0.970368 -0.111616
0.129487 -1.045401 -0.448337
0.058001 -0.900121 0.170815
-0.072489 -0.928463 -0.538935
-0.124691 -0.814223 0.078971
-0.226762 -0.921017 -0.933347
-0.213077 -0.712467 0.509300
-0.360803 -0.729873 -1.034682
-0.401168 -0.555606 0.342003
-0.504636 -0.555561 -1.356665
-0.430860 -0.347676 0.433010
-0.559392 -0.314855 -1.244015
-0.564529 -0.118547 0.226415
-0.672302 -0.093034 -1.380037
-0.634706 0.115690 0.291252
-0.711910 0.235679 -0.938564
-0.633372 0.373297 -0.230118
-0.587439 0.396606 -1.135358
-0.379844 0.448013 -0.532757
-0.450356 0.527002 -0.744507
-0.315920 0.489482 -0.758385
-0.309509 0.494382 -0.912999
-0.201691 0.375417 -0.561380
-0.335823 0.372957 -0.762685
-0.235316 0.344161 -0.703791
-0.200102 0.398599 -0.967424
-0.034665 0.257984 -0.428465
-0.117652 0.312585 -0.618130
-0.014965 0.251562 -0.251935
-0.038245 -0.784326 -0.072667
0.003085 -0.801356 0.057658
0.146580 -0.908861 -0.258530
0.239757 -0.844502 0.187805
0.197624 -0.832115 -0.252632
0.096122 -0.768822 0.227322
0.032933 -0.793138 -0.637944
0.020941 -0.670877 0.484991
-0.120279 -0.669322 -0.544523
-0.134211 -0.580886 0.440452
-0.228098 -0.606305 -0.849800
-0.196412 -0.470572 0.467528
-0.381960 -0.430751 -0.923751
-0.358746 -0.263935 0.411670
-0.487973 -0.169533 -1.110857
-0.412918 0.008474 0.311424
-0.614967 0.134421 -0.827113
-0.565874 0.225361 0.160076
-0.649300 0.327117 -1.086011
-0.512760 0.376836 -0.000761
-0.538026 0.503067 -0.883129
-0.348849 0.483984 -0.329323
-0.373302 0.596199 -1.248229
-0.203605 0.481337 -0.078806
-0.229267 0.568544 -1.078954
-0.176694 0.497089 -0.229897
-0.217445 0.698668 -1.883337
-0.162777 0.516806 -0.150857
-0.133462 0.629204 -1.081161
0.061923 0.323096 -0.260916
0.125588 0.449429 -1.096371
0.105310 0.286677 -0.652612
0.128213 -0.856775 -0.191826
0.189517 -0.899776 0.126734
0.325031 -1.013976 -0.163934
0.448486 -0.924036 0.234715
0.487804 -0.940732 -0.563439
0.468627 -0.786563 0.512335
0.396665 -0.811022 -0.406570
0.374588 -0.672940 0.360495
0.328829 -0.760178 -0.787656
0.314700 -0.548601 0.738678
0.256200 -0.555665 -0.640862
0.181606 -0.413199 0.416387
0.067630 -0.411983 -0.937474
0.052608 -0.220336 0.614883
0.023736 -0.161489 -0.830720
-0.056011 0.011091 0.262482
-0.155965 0.094849 -1.125815
-0.172908 0.257702 0.392316
-0.198608 0.332434 -0.831709
-0.213930 0.401090 -0.017602
-0.274668 0.491111 -1.090833
-0.124817 0.479478 0.099679
-0.139608 0.459467 -0.589144
-0.052195 0.395080 -0.248840
-0.148391 0.495593 -1.013302
-0.052384 0.439828 -0.165459
-0.075177 0.382138 -0.561623
0.000852 0.346320 -0.136429
-0.018089 0.412839 -0.619118
0.048254 0.295968 -0.307760
0.003372 0.358846 -0.339834
0.109168 0.342464 -0.126344
0.129800 -0.832010 0.008946
0.218106 -0.853641 0.114615
0.428673 -0.938464 -0.091560
0.484536 -0.857547 0.236634
0.544314 -0.850775 -0.044452
0.535012 -0.738580 0.208311
0.502727 -0.742356 -0.163918
0.491651 -0.627395 0.440454
0.448212 -0.662649 -0.161812
0.482536 -0.517888 0.378165
0.459876 -0.553396 -0.374793
0.451549 -0.398839 0.411989
0.327361 -0.387601 -0.409073
0.272435 -0.215318 0.257206
0.163818 -0.158757 -0.566849
0.155193 0.067793 0.195257
0.108669 0.155480 -0.531687
0.159966 0.292934 0.183707
0.122678 0.301300 -0.619682
0.124536 0.413420 -0.011258
0.097877 0.420398 -0.612595
0.100858 0.471048 0.105654
0.062292 0.427984 -0.713328
0.157093 0.426406 -0.004267
0.141926 0.409650 -0.700282
0.151166 0.465498 0.444413
0.101755 0.432678 -0.840073
0.207617 0.442860 0.124245
0.204270 0.503086 -0.901588
0.264388 0.414848 -0.068990
0.219159 0.407418 -0.469776
0.217653 0.398267 -0.244215
0.328483 -0.931184 -0.075416
0.463059 -0.974746 0.079695
0.640865 -1.092618 0.062895
0.716779 -1.027297 0.130626
0.740590 -1.036060 -0.139047
0.716675 -0.886208 0.373286
0.699730 -0.857446 -0.042014
0.705238 -0.725306 0.281497
0.719488 -0.712010 -0.149542
0.688426 -0.581367 0.454562
0.697825 -0.571763 -0.171358
0.672909 -0.450137 0.244597
0.610270 -0.422774 -0.254412
0.552018 -0.308623 0.234231
0.516276 -0.223102 -0.171524
0.498908 -0.063649 0.028125
0.503326 0.029008 -0.299717
0.437360 0.233970 -0.045552
0.485247 0.275048 -0.375781
0.444279 0.369116 -0.178107
0.423666 0.366998 -0.472563
0.371549 0.403909 -0.192198
0.363238 0.399310 -0.481186
0.370756 0.433328 -0.202646
0.393317 0.400532 -0.449774
0.374689 0.418688 -0.217540
0.320980 0.404291 -0.489656
0.330714 0.428429 -0.078735
0.275276 0.414282 -0.423842
0.253550 0.383179 -0.226336
0.141917 0.408333 0.020002
0.187757 0.398209 -0.069842
0.409900 -0.911698 0.015325
0.497974 -0.959514 0.222060
0.693475 -0.990022 -0.160040
0.727862 -0.885991 0.265605
0.748419 -0.861123 -0.065752
0.709445 -0.811578 0.190083
0.736179 -0.742376 -0.137689
0.748217 -0.672276 0.266107
0.675603 -0.636423 0.044327
0.681552 -0.579404 0.199447
0.637693 -0.536097 -0.134408
0.681799 -0.453967 0.173716
0.590773 -0.404778 -0.018611
0.621050 -0.310240 0.072152
0.551492 -0.234531 -0.231980
0.580278 -0.029855 0.085342
0.544303 0.138134 -0.133981
0.621225 0.193946 -0.037319
0.570885 0.245233 -0.445399
0.644151 0.286148 -0.063762
0.561801 0.298600 -0.277162
0.624611 0.269627 -0.146328
0.563082 0.281565 -0.609541
0.619804 0.346839 0.052192
0.574357 0.378280 -0.342062
0.582596 0.391748 -0.049618
0.548645 0.418556 -0.787494
0.529817 0.459862 0.021881
0.427844 0.447225 -0.306825
0.524204 0.449985 -0.142476
0.540169 0.432943 -0.398968
0.452604 0.475823 -0.280551
0.623645 -0.949628 -0.109346
0.777635 -1.021931 0.202075
0.976519 -1.145974 -0.090089
1.002146 -1.049858 0.256561
0.999072 -1.032579 -0.300478
0.945325 -0.888005 0.566595
0.998487 -0.894365 -0.117046
0.971323 -0.766946 0.289867
0.907875 -0.718832 -0.229084
0.860390 -0.635783 0.467018
0.853275 -0.611731 -0.063906
0.849995 -0.541301 0.206158
0.763135 -0.484310 -0.202860
0.726957 -0.391171 0.307136
0.726553 -0.289674 0.010185
0.755526 -0.177804 0.075931
0.739778 -0.020063 -0.240662
0.720438 0.109968 0.089067
0.761028 0.112525 -0.129268
0.780747 0.179197 -0.125570
0.752076 0.261541 -0.356688
0.635666 0.309851 -0.001638
0.560749 0.295783 -0.162438
0.566855 0.333097 -0.220116
0.544715 0.396635 -0.373376
0.522348 0.464236 -0.119342
0.493273 0.391473 -0.186661
0.483249 0.439364 -0.276512
0.399916 0.449210 -0.213151
0.421949 0.426410 -0.304373
0.379460 0.467637 -0.022309
0.427778 0.484928 -0.235888
0.441697 -0.854110 -0.021485
0.649392 -0.910649 0.071053
0.781041 -0.958489 -0.040668
0.882597 -0.885291 0.076952
0.934650 -0.879100 -0.066403
0.991697 -0.837618 -0.020468
0.939348 -0.771867 -0.008661
0.938774 -0.717975 0.165819
0.905024 -0.673109 -0.035279
0.873259 -0.616679 0.023578
0.783717 -0.542058 -0.005527
0.766854 -0.487404 0.183443
0.716338 -0.449757 -0.015976
0.717145 -0.347276 0.012382
0.660021 -0.208319 -0.036838
0.669776 -0.020775 0.045306
0.715716 0.104013 -0.224253
0.759179 0.169141 -0.060568
0.765660 0.208981 -0.170470
0.824064 0.270786 -0.022744
0.866548 0.284212 -0.447345
0.880284 0.315586 -0.243930
0.849439 0.394161 -0.267137
0.846364 0.420527 -0.080153
0.821561 0.448114 -0.472991
0.789858 0.460227 -0.026628
0.757312 0.518625 -0.322157
0.729796 0.569249 -0.115435
0.750082 0.608449 -0.577063
0.781484 0.592494 -0.320012
0.685252 0.580357 -0.312670
0.564227 0.515214 -0.294865
0.615375 -0.904743 -0.036265
0.720585 -1.033591 0.015436
0.881788 -1.135658 0.138918
0.930994 -1.047486 -0.091212
0.976478 -1.082635 0.088483
0.905801 -0.983613 0.237450
0.944172 -0.980929 0.066529
0.951781 -0.840551 0.098647
0.886145 -0.827297 0.029887
0.805728 -0.757591 0.246760
0.772557 -0.776616 0.048781
0.779706 -0.668555 0.076918
0.717391 -0.647194 -0.041367
0.676673 -0.518413 0.126328
0.655374 -0.457093 0.098437
0.664963 -0.296654 -0.011746
0.614346 -0.183258 0.075860
0.576443 -0.029279 0.033448
0.602391 -0.015320 0.006564
0.622189 0.093466 -0.152777
0.616523 0.134704 -0.039938
0.572570 0.202999 -0.081441
0.625633 0.171091 -0.131833
0.649330 0.263417 -0.264371
0.641614 0.256007 -0.174757
0.642377 0.349903 -0.186778
0.637729 0.330687 -0.236349
0.633493 0.406232 -0.290709
0.596769 0.422731 -0.239529
0.609965 0.426033 -0.387765
0.557703 0.460708 -0.115078
0.477702 0.482154 -0.117607
0.120224 -0.742158 -0.024994
0.323629 -0.802373 -0.072852
0.428729 -0.820846 -0.317962
0.669356 -0.828885 0.000979
0.690705 -0.881543 -0.070543
0.820853 -0.863600 -0.052139
0.790232 -0.831827 -0.134374
0.822094 -0.790663 0.087455
0.729729 -0.782854 -0.048744
0.737274 -0.657033 -0.024945
0.650801 -0.591390 -0.114155
0.648757 -0.535341 0.086077
0.612635 -0.537495 -0.018755
0.627013 -0.382240 -0.017318
0.588835 -0.250295 -0.015120
0.585255 -0.129806 0.010304
0.575855 -0.020109 -0.010009
0.656411 0.029691 -0.131220
0.624603 0.077839 -0.156521
0.666024 0.114815 -0.148155
0.632538 0.139746 -0.153253
0.732651 0.160392 -0.309386
0.709549 0.170337 -0.370334
0.739062 0.255851 -0.187387
0.740258 0.258220 -0.253730
0.863151 0.306874 -0.257392
0.832215 0.353057 -0.453582
0.833966 0.435169 -0.284561
0.804706 0.425169 -0.330783
0.815377 0.404379 -0.368383
0.714561 0.425109 -0.497822
0.553977 0.416831 -0.489355
0.222643 -0.609663 -0.037841
0.219351 -0.708210 0.222059
0.475207 -0.800175 0.126655
0.512379 -0.763561 0.200803
0.613843 -0.762074 -0.045215
0.571784 -0.717085 0.142197
0.634506 -0.716251 0.012147
0.611414 -0.641430 0.031554
0.613756 -0.618245 -0.095918
0.525128 -0.562868 0.133373
0.515847 -0.561846 0.008164
0.453330 -0.470326 0.039661
0.457450 -0.432963 -0.076169
0.438436 -0.331376 0.092372
0.478786 -0.241403 0.017008
0.460455 -0.078545 -0.003739
0.471228 0.017670 -0.009941
0.428795 0.063588 -0.040983
0.455389 0.081637 0.022206
0.423295 0.123280 -0.136633
0.436776 0.144693 -0.149896
0.423441 0.211611 -0.197017
0.449784 0.173017 -0.167005
0.490573 0.239416 -0.227355
0.532398 0.202370 -0.283033
0.567544 0.276546 -0.182205
0.635608 0.246576 -0.216000
0.685792 0.371296 -0.261475
0.678473 0.414278 -0.300260
0.644880 0.480774 -0.291808
0.616567 0.455551 -0.278358
0.528791 0.432747 -0.278604
