-0.307496 -0.755141 -1.017395
-0.003745 -0.588217 -0.676164
-0.046947 -0.540133 0.131312
-0.102743 0.507716 -0.662207
-0.182908 -0.857497 0.698934
-0.258172 0.795682 -0.478494
-0.372200 -0.174848 0.812165
-0.205395 0.738036 -0.010819
-0.276858 0.655430 -0.456551
-0.070875 0.666425 -0.113989
-0.328369 0.681130 0.533384
0.077452 0.362619 0.536339
-0.752911 0.819117 0.611243
-0.006310 0.287634 0.591980
-0.802806 0.736489 0.396596
-0.454050 -1.164459 -0.285044
-0.439792 -0.976517 -1.027445
-0.483581 -0.878421 0.150573
-0.127172 0.508420 -0.107392
-0.740739 0.502292 -1.196214
-0.072301 -0.803391 0.237048
-0.384751 1.066717 -0.364089
-0.122869 0.516332 -0.666533
-0.396745 -0.087709 -1.270459
-0.560751 -0.098440 0.992066
-0.393157 0.071125 0.512740
-0.483556 0.926423 -0.279128
-0.115080 -0.864407 0.352687
-1.072486 0.696166 -0.247467
-0.525694 -0.586932 -0.823191
-0.830938 0.176104 -1.272953
-0.350562 -0.042837 -1.114324
-0.190435 0.511034 -0.986908
-0.374056 -0.439934 -1.170103
-0.351891 0.363547 -0.665648
-0.025998 0.464393 -0.446943
-0.384455 -0.825399 -0.457741
-0.376707 0.312048 -0.949967
0.006524 0.540339 0.553346
-0.769817 0.599722 -0.766139
-0.131009 0.488519 0.284888
-0.048333 0.607012 0.444901
-0.577721 -0.282714 0.814320
-0.603348 -0.542304 -1.280502
-0.479426 -0.032611 -0.931918
-0.145063 -0.396995 -0.830397
-0.821045 -0.577527 0.733516
0.100980 0.841936 0.643691
-0.472743 0.378008 -0.928913
-0.358955 -0.258369 0.530152
-0.719975 -0.723903 0.301612
-0.250265 0.655472 -0.564699
-0.176410 0.644444 -0.109809
-0.589088 -0.048293 0.924557
-0.750158 -0.130570 0.848999
-0.172595 -0.603140 0.367163
-0.290574 -0.517109 -0.666974
-0.036824 0.840122 0.364252
-1.224823 0.552576 -1.003427
-0.105450 0.436525 -0.331699
-0.930235 -0.117810 -1.054905
-0.424155 0.844128 -0.882053
-0.936300 -0.729146 0.218112
-0.178211 -0.790093 0.061442
-0.218347 -0.620315 -0.517669
-0.308037 -0.563037 -1.167633
-0.362151 0.440304 0.694293
-0.280790 -0.169983 0.943329
-0.457919 1.021459 0.424448
-0.753220 0.507939 0.953070
-0.336743 0.815476 -0.114153
-0.109854 -0.057369 -0.788649
-0.963329 -0.001922 0.771378
-0.251315 0.082420 0.605829
-0.105842 0.779092 -0.761497
-0.147643 -0.279212 -0.826524
-0.271539 0.211787 0.893498
-0.144785 -0.562103 -0.658400
-0.310480 -0.338709 0.780287
-0.012810 0.454651 -0.483644
-0.026482 -0.786337 -0.477595
-1.006435 -0.385004 0.540709
-0.182768 0.479477 -0.716576
-1.385627 0.342096 0.750064
-0.379016 -0.913542 -0.836637
-0.683858 -0.271287 -1.101890
0.045740 -0.858737 -0.553434
-0.175453 -0.532914 -0.869156
-0.564793 0.798254 -0.390622
-0.221823 -0.414521 -0.779218
-1.562704 -0.591396 0.584831
0.017579 -0.609723 -0.697499
-0.573697 0.696832 0.716096
-0.629686 0.118223 0.718479
-0.033552 0.457510 0.546792
-0.200190 0.497919 0.626571
-0.501024 -0.877303 0.068455
-0.027971 0.430727 -1.100528
-0.260731 -0.802385 -0.058121
-0.853372 -0.350779 -1.165139
-0.874625 0.363948 0.621825
-0.261429 0.711627 0.218834
-0.343212 -0.751040 -1.164467
-0.730197 -0.319449 0.555488
-0.502405 -0.402392 -1.084824
-0.310911 0.931163 -1.053190
-0.555350 0.950822 0.281812
-0.301643 0.655300 -0.500539
0.050152 0.186180 0.543211
-0.259368 -0.098310 -1.018358
-0.872397 1.018861 0.160397
-0.047405 -0.611507 -0.628616
-0.181901 -0.560961 0.497410
0.094753 0.549008 0.387348
-0.396399 -0.857263 -0.627737
-1.230615 -0.440991 -1.020038
-0.536595 -0.578754 0.656693
-0.120445 -0.054308 -0.841699
-0.163081 0.315221 -1.094634
-0.826560 0.674143 -0.790866
-0.284181 -0.729263 0.347777
-0.149173 -0.460641 0.460842
-0.183102 -0.871072 -1.150299
-0.218588 0.772629 -0.241353
-0.012714 -0.025477 -0.702286
-0.007662 0.842984 -0.208958
-0.227507 0.332098 -0.901705
-0.304064 0.918114 0.612378
-0.280490 -1.068587 -0.538124
-0.969869 -0.016337 -0.781619
-0.161742 0.511387 -0.744868
-0.753578 -1.012302 -0.857647
-0.669084 0.576935 -0.633137
0.028957 0.862437 0.321493
-0.941625 -0.529497 -1.158510
-0.408512 -0.383921 0.622000
-0.129541 0.736248 0.087769
-0.175230 0.714406 0.275934
-1.048913 -0.589161 -0.711018
-0.468222 1.049776 -0.595370
0.165240 -0.594484 -1.042515
-0.792678 0.346698 -0.752043
-0.862707 -0.385588 0.967980
-0.549617 0.157648 -0.951826
-0.291637 0.240388 0.957315
-0.054323 -0.381259 0.482972
-0.816377 -0.383234 -0.949599
-0.698119 0.070693 0.551626
-0.617152 0.712317 0.623465
-0.306084 0.837337 -0.466269
0.040569 -0.741025 -0.946343
-0.213826 0.897394 -0.757762
-0.328722 0.521507 -0.868441
0.017503 -0.317927 -1.252054
-0.611958 -0.389290 -1.340252
-0.217833 0.370919 0.615679
-0.122674 0.613278 -0.267965
-0.684793 0.786922 -0.497014
-0.543267 -0.893943 -0.610041
-0.831586 0.134178 0.751596
-1.412503 -0.335767 -0.947993
-0.188259 0.606622 -0.642238
-0.040826 0.262357 -0.532089
-0.065080 0.434048 0.764632
-0.040571 0.347086 -0.662533
-0.156675 0.652354 -0.513376
-0.070472 -0.641654 -0.617999
0.086818 0.140150 -0.510358
-0.137077 0.459856 -0.577942
-0.658796 -0.720931 -1.072756
-0.217216 0.759065 -0.084890
-0.820721 0.533993 0.676295
-0.552573 0.325113 0.830590
0.055972 0.611216 -0.033013
-0.237902 -0.266097 -1.107684
0.093035 0.679199 0.555294
-0.066842 0.595430 -0.264741
-0.056199 -0.711656 -0.713986
-0.332323 -0.784952 -0.460743
-0.256920 -0.553292 0.740010
-0.328525 0.767254 -0.102546
-0.044254 0.476552 0.070418
-0.040006 0.553283 -0.381611
-0.220372 0.494493 -0.686133
-0.145115 -0.193580 0.394901
-0.071905 -0.475873 -0.652669
-0.273024 0.933071 -0.382744
-0.985683 0.164997 -0.904983
-0.089961 -0.193799 0.369237
-0.526926 0.258921 -1.158029
-0.532164 0.227578 -1.400450
0.014799 0.237380 -0.748247
-0.056531 -0.989111 -0.858247
-0.327818 0.551452 -1.171201
-0.945140 0.240280 0.922526
0.038356 0.284961 0.399065
-0.285966 -0.833475 -0.783143
0.055880 -0.564221 -0.389603
-0.733776 -0.930043 -0.086196
-0.276335 0.064903 -0.782871
-0.205071 0.917237 0.350690
-0.344528 0.910185 -0.177791
-0.036746 0.773345 0.261634
-0.524705 0.412248 0.792337
-0.319165 -1.022187 -0.425173
-0.036309 0.966877 0.464415
-0.793934 0.031403 -0.785883
0.052744 0.249992 0.773719
-0.814426 -0.294619 0.646970
-0.504967 -0.863918 -0.647555
0.038591 0.784577 -0.454353
0.115817 0.634570 -0.342710
-0.102925 0.681205 -0.610806
-0.221796 0.723333 0.682624
-0.947578 0.631806 0.621752
-0.827600 -0.814355 -0.818896
-0.224913 0.244052 -0.659601
-0.172567 -0.020358 -0.880083
-0.751571 0.187791 -1.004518
-0.202491 0.692581 0.416026
-0.599105 0.175873 -1.291857
-0.938419 0.559104 0.482516
-1.355481 0.293589 -1.024094
-0.770778 -0.663757 0.434340
-1.028484 -0.120026 0.961755
-0.121177 -0.022324 0.666702
-0.538539 -1.019436 -0.761399
-1.005124 -0.139622 -1.328809
0.024862 -0.526753 0.508347
-0.451317 -1.149207 -0.809777
-0.048913 0.842133 -0.229018
0.046601 -0.359687 -1.213226
-1.244661 -0.868197 -0.487785
-0.612214 -0.142569 -0.996598
-0.537532 -0.539081 -0.982021
-0.070266 0.284489 -1.054217
-0.716335 -0.866203 0.364911
-0.189128 0.735108 0.170523
-0.615126 0.089757 -0.701545
-0.689901 0.729054 -0.450770
-0.059776 -0.030325 -0.828454
-0.805625 -0.511795 0.612434
-0.043513 -0.884189 -0.185024
-0.381391 0.928375 -0.028552
-1.097757 -0.826085 -0.947932
-0.502451 0.565991 0.877827
-1.338502 0.692956 0.568908
-0.005130 -0.599782 -0.570340
-0.143730 -0.366223 -0.625702
-1.427605 -0.671911 -0.613502
-0.908879 -0.755675 -1.187711
-0.364110 -0.972089 -0.430891
-0.872589 -0.925624 -0.607091
-0.750622 0.877215 0.129260
-0.476693 0.890725 -0.773946
-0.550862 -0.592725 0.487923
-0.352136 -0.847730 -0.492223
-0.576617 -0.867885 0.124036
-0.644158 -0.804640 -0.705894
-0.737325 -0.638996 0.614908
-0.886857 -0.702149 -0.431218
-0.910516 -0.536353 0.623812
-0.899626 -0.563930 -0.667228
-0.972200 -0.363897 0.888059
-1.133738 -0.523739 -0.253832
-1.178356 -0.420911 0.468967
-1.225542 -0.475450 -0.472178
-1.225273 -0.319172 0.592910
-1.384065 -0.328845 -0.216719
-1.336479 -0.174342 0.205772
-1.330854 -0.174196 -0.547818
-1.391137 -0.037361 0.591447
-1.588683 -0.082298 -0.346105
-1.661716 0.175568 0.393237
-1.587690 0.113360 -0.667704
-1.557671 0.367718 0.594085
-1.654267 0.311992 -0.484311
-1.558547 0.468461 0.051313
-1.322831 0.379682 -0.699578
-1.161867 0.510862 0.516659
-1.203668 0.494083 -0.225986
-1.085316 0.508784 0.113054
-0.868595 0.494263 -0.571990
-0.732431 0.528134 0.607306
-0.817615 0.621203 -0.046336
-0.737482 0.654093 0.397221
-0.577331 0.802106 -0.089179
-0.451891 0.801690 0.088057
-0.969601 -0.887728 -0.587131
-1.092196 -0.978730 -0.209368
-1.036952 -1.102091 -0.487738
-1.123731 -0.920972 0.239662
-1.153523 -0.976568 -0.709064
-1.320320 -0.683604 0.739781
-1.460356 -0.938537 -0.199749
-1.594825 -0.720171 0.511073
-1.609275 -0.830675 -0.435001
-1.748520 -0.621993 0.820650
-1.904004 -0.812478 0.149771
-2.001599 -0.585319 0.496506
-2.036313 -0.628977 -0.268013
-2.087831 -0.399046 0.756475
-2.127296 -0.490289 0.138697
-2.217611 -0.219704 0.520210
-2.160597 -0.238248 -0.298513
-2.286727 -0.041107 0.840661
-2.227633 -0.112881 -0.069630
-2.234148 0.170565 0.404777
-2.024208 0.144269 -0.468304
-1.939478 0.273811 0.679618
-1.759163 0.173252 -0.088799
-1.593229 0.219054 0.370835
-1.334998 0.197703 -0.364796
-1.290172 0.191217 0.822481
-1.120847 0.106027 0.311770
-0.989505 0.137780 0.696702
-0.784600 0.307510 -0.118051
-0.803601 0.231218 1.106920
-0.664979 0.158109 1.045872
-0.584303 0.331959 1.053128
-1.010962 -0.765520 -0.192295
-1.172312 -0.927569 -0.277847
-1.222101 -0.985536 -0.462159
-1.202199 -0.799715 0.225806
-1.452007 -0.794699 -0.030325
-1.396128 -0.627350 0.021467
-1.621951 -0.742094 -0.207615
-1.643260 -0.592235 0.330018
-1.991224 -0.703389 0.364942
-1.950950 -0.606808 -0.007767
-2.286124 -0.676689 -0.048310
-2.229194 -0.455308 0.344657
-2.606979 -0.421083 0.387957
-2.441608 -0.203094 0.114443
-2.714968 -0.220182 -0.109347
-2.582273 0.022180 0.399817
-2.839663 0.027925 0.316096
-2.781973 0.263215 0.168299
-2.922290 0.257101 -0.088938
-2.728941 0.500756 0.315445
-2.753508 0.518806 0.203255
-2.438776 0.664236 -0.030764
-2.298436 0.697478 -0.362111
-2.025686 0.849258 0.175596
-1.968068 0.883710 -0.003843
-1.630550 0.843038 -0.086313
-1.522831 0.848042 -0.368024
-1.331816 0.813057 0.325967
-1.247226 0.903039 0.125085
-1.027907 0.855755 0.291810
-1.047974 0.871538 -0.082139
-0.932164 0.881853 -0.103552
-1.134669 -0.855376 -0.494885
-1.285954 -1.066357 -0.362928
-1.346030 -1.162766 -0.367029
-1.430972 -1.060108 0.009225
-1.478656 -1.144728 -0.638770
-1.576835 -0.943025 0.468939
-1.650911 -1.115154 -0.207521
-1.839911 -0.983915 0.230515
-1.880151 -1.037515 -0.559025
-2.039188 -0.845840 0.594302
-2.183229 -0.936709 -0.092823
-2.409655 -0.768977 0.273514
-2.504954 -0.721638 -0.585762
-2.547622 -0.475175 0.601351
-2.581791 -0.437665 -0.018867
-2.665210 -0.204394 0.324838
-2.677063 -0.071886 -0.361071
-2.768470 0.087925 0.500126
-2.749857 0.062721 -0.026154
-2.737322 0.181883 0.186310
-2.477759 0.300052 -0.361494
-2.372806 0.441510 0.331154
-2.119437 0.437761 -0.083464
-1.951085 0.463386 0.111901
-1.618057 0.530188 -0.407951
-1.561107 0.552804 0.480474
-1.357069 0.508219 0.105401
-1.199263 0.476122 0.568470
-1.002148 0.615806 -0.185794
-0.981353 0.540725 0.996251
-0.823774 0.536958 0.619737
-0.720655 0.641129 0.927205
-0.953656 -0.905634 -0.318604
-1.080327 -1.078041 -0.359857
-1.135438 -1.107973 -0.657145
-1.192801 -0.997491 -0.059356
-1.335227 -0.940669 -0.414875
-1.358773 -0.920190 -0.051507
-1.425601 -0.961392 -0.647004
-1.488447 -0.856810 0.448035
-1.630136 -0.849036 -0.418580
-1.673550 -0.728263 0.275634
-1.891262 -0.752211 -0.759332
-2.029257 -0.525344 0.785631
-2.179515 -0.492682 -0.395391
-2.220056 -0.278650 0.602665
-2.417676 -0.200006 -0.680733
-2.506362 0.016154 0.799890
-2.486648 0.134930 -0.197113
-2.544676 0.241051 0.614781
-2.599733 0.392100 -0.372996
-2.643028 0.498595 0.608198
-2.497157 0.674691 -0.015696
-2.363068 0.750537 0.497373
-2.179608 0.953373 -0.304480
-2.082815 1.025098 0.351912
-1.864294 1.123730 0.123834
-1.679809 1.028430 0.414304
-1.557522 1.079765 0.031943
-1.432103 0.987630 0.366758
-1.198524 0.994212 0.210694
-1.079526 0.915797 0.759459
-1.001766 0.936630 0.346760
-0.930407 0.974551 0.319912
-0.895579 -0.961544 -0.566218
-1.029920 -1.155884 -0.569078
-1.018329 -1.216413 -0.622694
-1.147717 -1.107534 -0.201520
-1.152081 -1.178330 -0.978370
-1.173466 -0.946971 0.374575
-1.208789 -1.067887 -0.686241
-1.353353 -0.941397 0.277825
-1.387606 -1.018353 -1.135584
-1.485566 -0.722017 1.049722
-1.572254 -0.867020 -0.818408
-1.768765 -0.661281 0.763046
-1.866302 -0.683665 -1.245849
-1.979887 -0.375970 1.183589
-1.996176 -0.348225 -0.827325
-2.152508 -0.105796 0.824646
-2.111034 0.027178 -0.920703
-2.199795 0.203398 0.913036
-2.153950 0.300970 -0.637028
-2.250162 0.414754 0.612437
-2.091954 0.566795 -0.726095
-2.068214 0.659033 0.631395
-1.899376 0.783584 -0.408003
-1.770642 0.778511 0.432446
-1.487726 0.876357 -0.394224
-1.449219 0.853494 0.594850
-1.356321 0.899056 0.041551
-1.200308 0.809659 0.427030
-0.993821 0.885384 0.060988
-1.026228 0.747207 0.642037
-0.861571 0.747386 0.456652
-0.723039 0.797688 0.733676
-0.744078 -0.944099 -0.441284
-0.847500 -1.085785 -0.315185
-0.839034 -1.160491 -1.005516
-0.877495 -0.938667 0.136247
-0.998999 -0.949953 -0.871491
-0.959151 -0.823561 0.240816
-0.952396 -0.969188 -1.286733
-0.967295 -0.696505 0.921728
-1.178314 -0.779901 -0.959570
-1.216043 -0.550333 0.737512
-1.412198 -0.727904 -1.305040
-1.451508 -0.458588 1.288180
-1.608621 -0.529209 -1.003347
-1.652470 -0.229033 0.992027
-1.819508 -0.284937 -1.276516
-1.855980 0.015828 1.287947
-1.834114 0.034346 -0.956521
-1.877617 0.276846 0.957749
-1.899813 0.321306 -1.141603
-1.967161 0.552237 1.158764
-1.948788 0.645366 -0.824782
-1.845379 0.829145 0.721273
-1.648664 0.953587 -0.836179
-1.568203 1.058133 0.915271
-1.560050 1.107561 -0.283463
-1.444435 1.080796 0.443805
-1.291812 1.073331 -0.467476
-1.184542 1.019388 0.622822
-1.120017 1.067792 0.112126
-0.984543 0.957941 0.393314
-0.948274 0.932899 0.080023
-0.792518 0.963983 0.238898
-0.685041 -0.998982 -0.680661
-0.699226 -1.201795 -0.537496
-0.715529 -1.266948 -0.786014
-0.737259 -1.100293 -0.120032
-0.779196 -1.191189 -1.362186
-0.714049 -0.847241 0.690230
-0.833024 -1.051530 -1.100017
-0.898197 -0.768474 0.507984
-0.980451 -0.999455 -1.655058
-1.036504 -0.585912 1.345146
-1.147933 -0.824074 -1.270281
-1.328025 -0.505419 0.974312
-1.352043 -0.633627 -1.666696
-1.395959 -0.243451 1.498532
-1.352110 -0.354094 -1.279978
-1.532690 -0.024841 1.167813
-1.500733 0.023348 -1.499958
-1.552079 0.300669 1.343264
-1.505163 0.250565 -1.111716
-1.650593 0.508395 1.052538
-1.562176 0.589992 -1.360816
-1.496800 0.754667 1.234754
-1.397310 0.741360 -0.878124
-1.296053 0.828870 0.739046
-1.074257 0.956682 -0.874132
-1.026718 0.969490 0.909653
-1.049462 0.937548 -0.254490
-0.945375 0.897860 0.593262
-0.805152 1.010676 -0.303289
-0.816554 0.851761 0.465412
-0.783340 0.829177 0.256056
-0.605365 0.811669 0.442342
-0.480987 -0.987200 -0.433007
-0.542400 -1.108303 -0.338377
-0.483821 -1.160959 -0.966618
-0.502284 -0.964168 0.004289
-0.674356 -0.955313 -0.869969
-0.673359 -0.818563 0.078626
-0.735486 -0.898160 -1.124682
-0.742080 -0.659517 0.637734
-0.943317 -0.750904 -0.848605
-1.010865 -0.575558 0.481664
-1.196309 -0.639617 -0.967811
-1.281784 -0.415927 0.774618
-1.378956 -0.421302 -0.639598
-1.362746 -0.202792 0.705329
-1.430323 -0.135038 -0.846086
-1.458598 0.073017 0.776268
-1.478651 0.097242 -0.637114
-1.491489 0.267771 0.847328
-1.568074 0.346571 -0.919187
-1.646189 0.513737 0.747071
-1.584290 0.574608 -0.633346
-1.510623 0.727934 0.864853
-1.303764 0.812492 -0.710055
-1.295169 0.914140 0.651093
-1.122722 0.909648 -0.186353
-1.054089 0.933022 0.787999
-0.952044 0.970178 -0.282681
-0.958356 0.970255 0.353712
-0.802017 0.988822 0.068450
-0.730273 0.952536 0.605851
-0.697430 0.957278 0.265954
-0.606197 0.953925 0.308329
-0.444019 -1.040306 -0.693149
-0.397961 -1.187542 -0.594695
-0.348816 -1.234251 -0.687680
-0.369779 -1.093518 -0.286890
-0.466806 -1.185605 -1.177132
-0.473376 -0.898312 0.444781
-0.649445 -1.034351 -0.969711
-0.725044 -0.803131 0.334895
-0.715658 -0.985742 -1.428708
-0.796282 -0.647260 1.045830
-0.915630 -0.782811 -1.086202
-1.114149 -0.555736 0.775155
-1.059585 -0.623801 -1.378356
-1.133217 -0.338024 1.112022
-1.126920 -0.330629 -1.008628
-1.257800 -0.094362 0.884696
-1.175318 -0.048974 -1.164463
-1.280481 0.161201 1.047406
-1.248715 0.253275 -0.889699
-1.366438 0.421042 0.784142
-1.255845 0.500218 -1.043772
-1.263041 0.578291 0.942639
-1.149608 0.665968 -0.654919
-1.091112 0.708983 0.591481
-0.834222 0.774644 -0.647001
-0.780896 0.777141 0.601819
-0.733927 0.865713 -0.286001
-0.719675 0.911916 0.356476
-0.598940 0.960808 -0.136116
-0.639451 0.877546 0.250135
-0.559725 0.883046 0.107492
-0.432073 0.869497 0.321234
-0.291344 -1.017393 -0.442250
-0.355323 -1.117163 -0.218635
-0.251721 -1.147158 -0.964709
-0.272523 -0.986504 0.134661
-0.410359 -0.936517 -0.851881
-0.462186 -0.828701 0.141953
-0.500554 -0.940679 -1.408190
-0.494317 -0.693765 0.802853
-0.688053 -0.766456 -1.202060
-0.713499 -0.571174 0.852006
-0.814269 -0.690282 -1.511073
-0.811893 -0.435400 1.294970
-0.902482 -0.455010 -1.247679
-0.917750 -0.213345 1.145177
-1.001616 -0.226101 -1.345204
-1.037591 0.023042 1.341049
-1.085030 0.020096 -1.063723
-1.125153 0.239364 1.107751
-1.169392 0.228117 -1.283963
-1.253867 0.456132 1.272673
-1.276711 0.499655 -0.946359
-1.193655 0.678781 0.878864
-1.044198 0.698304 -1.112561
-0.965884 0.773858 1.001339
-0.868861 0.790932 -0.586388
-0.748565 0.823633 0.541876
-0.686464 0.870336 -0.624249
-0.646815 0.903431 0.406987
-0.599556 0.978135 -0.124034
-0.504218 0.939765 0.202883
-0.464002 0.922331 0.048605
-0.358014 0.919714 0.155393
-0.290239 -1.051600 -0.688808
-0.232733 -1.189486 -0.499960
-0.176581 -1.233999 -0.773558
-0.127660 -1.058076 -0.161304
-0.191239 -1.155785 -1.327496
-0.223117 -0.840517 0.525165
-0.368115 -0.945457 -1.121167
-0.395445 -0.691894 0.424274
-0.466644 -0.944487 -1.622558
-0.434853 -0.558879 1.198756
-0.498789 -0.755876 -1.417755
-0.572347 -0.479636 1.052618
-0.566970 -0.651770 -1.802724
-0.577369 -0.285385 1.533129
-0.600256 -0.436746 -1.532937
-0.740177 -0.111764 1.331202
-0.714152 -0.180828 -1.748452
-0.766400 0.129918 1.575980
-0.778755 0.101115 -1.437852
-0.899602 0.358016 1.284956
-0.890363 0.425091 -1.624701
-0.846168 0.582673 1.388600
-0.753648 0.537624 -1.096322
-0.674630 0.619819 0.958268
-0.484755 0.737133 -1.095247
-0.462450 0.779002 0.757616
-0.485712 0.808894 -0.541523
-0.439554 0.850396 0.489865
-0.374756 0.946183 -0.280676
-0.466479 0.883360 0.272041
-0.369713 0.884326 -0.034051
-0.236522 0.846006 0.118283
-0.153446 -0.991407 -0.428247
-0.204663 -1.063471 -0.293166
-0.113324 -1.082758 -0.829760
-0.121781 -0.962208 0.018262
-0.236279 -0.897873 -0.743110
-0.247534 -0.780520 0.091556
-0.303648 -0.814916 -1.061032
-0.291139 -0.617473 0.657900
-0.433305 -0.668459 -0.968660
-0.416154 -0.526318 0.700383
-0.451913 -0.579643 -1.243665
-0.443587 -0.365700 1.095925
-0.529299 -0.368725 -1.078972
-0.552971 -0.188988 0.989937
-0.566576 -0.182856 -1.244864
-0.609446 0.031115 1.137051
-0.653509 0.033007 -1.009565
-0.718851 0.223432 1.149103
-0.752757 0.233509 -1.140250
-0.800162 0.420137 1.015135
-0.781659 0.485116 -0.832093
-0.769694 0.623729 1.001532
-0.654801 0.657223 -0.854880
-0.652484 0.698141 0.725781
-0.506954 0.751349 -0.503478
-0.471898 0.789218 0.924797
-0.414033 0.826744 -0.531687
-0.452832 0.848015 0.587962
-0.360176 0.951220 -0.380563
-0.299957 0.930578 0.283794
-0.217511 0.984718 0.066989
-0.158326 0.921760 0.215937
-0.083479 -1.000659 -0.620365
-0.035133 -1.119074 -0.533160
0.037812 -1.165490 -0.620990
0.083463 -1.039733 -0.269460
-0.009915 -1.099392 -0.930433
-0.021762 -0.860563 0.265348
-0.126347 -0.898949 -0.819577
-0.110407 -0.660996 0.289494
-0.144689 -0.831990 -1.103064
-0.109711 -0.564580 0.805824
-0.156036 -0.624942 -0.930088
-0.171794 -0.407607 0.770979
-0.208416 -0.553741 -1.216621
-0.245221 -0.293329 1.099607
-0.271213 -0.351013 -1.039521
-0.320900 -0.113106 0.972183
-0.322137 -0.174584 -1.201286
-0.402871 0.073599 1.267400
-0.425101 0.095606 -1.089243
-0.481756 0.281790 0.964726
-0.432220 0.272024 -1.086342
-0.479067 0.422567 1.054139
-0.454394 0.494420 -0.760416
-0.436393 0.535063 0.607575
-0.300509 0.584927 -0.650372
-0.311432 0.592170 0.612159
-0.321637 0.716304 -0.328633
-0.277687 0.714267 0.380002
-0.217291 0.822712 -0.236073
-0.258615 0.768450 0.352748
-0.205244 0.808997 0.008101
-0.102824 0.779265 0.251354
0.023586 -0.907180 -0.447120
-0.025735 -0.952282 -0.189359
0.085466 -0.973500 -0.788994
0.095822 -0.859018 0.058396
0.039180 -0.794851 -0.678477
0.014277 -0.676755 0.154630
-0.032305 -0.698896 -0.990263
-0.028888 -0.538107 0.550563
-0.095833 -0.524015 -0.720237
-0.068982 -0.411977 0.560328
-0.060841 -0.451367 -0.958696
-0.075271 -0.312437 0.778632
-0.160490 -0.302856 -0.805288
-0.189786 -0.174223 0.757076
-0.124701 -0.201541 -0.948012
-0.133068 -0.037069 0.896170
-0.189492 0.009095 -0.822725
-0.275071 0.143675 0.828163
-0.203243 0.186142 -0.971731
-0.243849 0.313283 1.009027
-0.280445 0.381223 -0.785445
-0.286207 0.492548 0.743717
-0.208123 0.613004 -0.853391
-0.223319 0.618508 0.991000
-0.245529 0.717101 -0.504382
-0.238192 0.704615 0.643197
-0.204584 0.852945 -0.728178
-0.181289 0.810050 0.535949
-0.143561 0.978184 -0.106112
-0.079200 0.863003 0.536600
-0.009482 0.896405 -0.068152
-0.026241 0.840475 0.137703
0.118662 -0.911654 -0.591902
0.133670 -1.034726 -0.337900
0.234900 -1.081603 -0.677487
0.277590 -0.947481 -0.138944
0.235326 -0.993849 -0.985542
0.227839 -0.782406 0.323047
0.166275 -0.825917 -0.767895
0.141663 -0.615297 0.249402
0.106900 -0.749432 -1.040998
0.147453 -0.532061 0.754028
0.153525 -0.559004 -0.724586
0.116605 -0.399881 0.631382
0.062416 -0.520425 -0.988381
0.069535 -0.323347 0.962611
0.111497 -0.344631 -0.835921
0.061214 -0.206214 0.802405
0.023627 -0.202265 -1.076998
0.013466 -0.009477 1.111778
0.051975 0.053253 -0.844008
-0.011450 0.158856 0.845999
-0.066341 0.220425 -1.104001
-0.079209 0.369985 1.082174
-0.032716 0.392220 -0.638022
-0.084658 0.453783 0.713314
-0.080302 0.560679 -0.742508
-0.123561 0.572555 0.716864
-0.125958 0.616418 -0.268930
-0.147725 0.612073 0.429721
-0.141113 0.743330 -0.251790
-0.184566 0.697470 0.270997
-0.117398 0.782709 -0.015605
-0.042869 0.709699 0.099721
0.058656 -0.837538 -0.380833
0.015103 -0.880921 -0.285380
0.146145 -0.884537 -0.553276
0.172404 -0.805265 -0.070802
0.146554 -0.744837 -0.470296
0.132575 -0.619123 -0.013571
0.048720 -0.599164 -0.569987
0.046289 -0.473685 0.298925
-0.011147 -0.451969 -0.354295
0.022572 -0.376565 0.222968
-0.020274 -0.373574 -0.475190
0.012551 -0.280431 0.409187
-0.012282 -0.243856 -0.344605
-0.007924 -0.201531 0.303355
-0.048358 -0.169208 -0.455059
-0.019273 -0.096038 0.438627
-0.031216 0.006535 -0.317629
-0.030243 0.082029 0.381442
-0.038373 0.182384 -0.378315
-0.022361 0.278460 0.501064
-0.046529 0.411968 -0.218893
-0.062854 0.462297 0.622686
-0.045944 0.552811 -0.195238
-0.033701 0.556771 0.534916
-0.016142 0.662213 -0.196246
0.011921 0.634687 0.768414
0.032917 0.708161 -0.324734
0.045230 0.745960 0.568938
0.051807 0.886238 -0.392400
0.074225 0.872341 0.376626
0.085713 0.898075 0.015976
0.089038 0.812940 0.267052
0.153128 -0.913860 -0.451260
0.190137 -1.037896 -0.446996
0.309540 -1.063786 -0.476281
0.375367 -0.966984 -0.301520
0.335498 -0.955599 -0.668230
0.310989 -0.792232 0.082110
0.220757 -0.776403 -0.473239
0.176360 -0.643766 0.015796
0.146338 -0.663410 -0.526437
0.128238 -0.570631 0.310911
0.086261 -0.505793 -0.212906
0.086996 -0.474089 0.236777
0.077030 -0.468395 -0.303670
0.066084 -0.443707 0.474059
0.022488 -0.344617 -0.158053
0.014944 -0.319177 0.335955
0.033667 -0.217656 -0.376569
0.018534 -0.153213 0.611588
-0.002127 0.045818 -0.225834
-0.019076 0.087595 0.361958
-0.018218 0.235132 -0.329429
-0.049175 0.240356 0.616396
-0.058623 0.389127 -0.161351
-0.072225 0.379062 0.342769
-0.041577 0.499378 -0.170224
-0.074740 0.432270 0.390587
-0.116615 0.545801 -0.103628
-0.115956 0.515732 0.217561
-0.109251 0.609377 -0.123741
-0.138938 0.642307 0.239232
-0.067290 0.653556 0.121621
-0.016159 0.620118 0.090063
0.167880 -0.883308 -0.427666
0.129406 -0.930578 -0.302171
0.250232 -0.915628 -0.580356
0.275559 -0.839723 -0.090939
0.220089 -0.701050 -0.396185
0.189886 -0.642890 -0.018685
0.105039 -0.569318 -0.566447
0.094221 -0.504069 0.315667
0.039739 -0.436960 -0.309459
0.023600 -0.422242 0.131803
0.005069 -0.375282 -0.422317
0.030054 -0.348689 0.385169
0.012208 -0.252400 -0.213968
0.017456 -0.269360 0.291628
-0.016379 -0.181291 -0.438807
0.013598 -0.146263 0.489499
-0.005078 0.010664 -0.292366
0.008441 0.047192 0.346039
-0.004223 0.199985 -0.464222
0.034773 0.242690 0.614349
0.013183 0.374339 -0.333444
0.040738 0.383466 0.323898
0.008241 0.493345 -0.607507
0.073433 0.488127 0.677755
0.058927 0.574453 -0.391342
0.110424 0.559519 0.360031
0.085716 0.688915 -0.673958
0.096593 0.677237 0.485128
0.075925 0.802346 -0.215210
0.159117 0.759553 0.406943
0.154584 0.785906 -0.138465
0.110991 0.721034 0.104558
0.195078 -0.969225 -0.488346
0.202760 -1.120664 -0.402481
0.302947 -1.134588 -0.589360
0.333356 -0.991227 -0.292079
0.350156 -0.921403 -0.765258
0.296110 -0.747432 0.075890
0.254013 -0.709105 -0.501753
0.171292 -0.594694 0.022433
0.133293 -0.562107 -0.626151
0.100095 -0.508096 0.327322
0.085602 -0.467080 -0.317631
0.076183 -0.433350 0.350634
0.074565 -0.379778 -0.489505
0.084443 -0.375429 0.556907
0.073685 -0.253535 -0.324515
0.068001 -0.239259 0.552784
0.043268 -0.101072 -0.576168
0.050495 -0.077706 0.703700
0.046079 0.127194 -0.382659
0.051383 0.100424 0.542952
0.031251 0.298472 -0.666432
0.057454 0.287720 0.684144
0.072245 0.414846 -0.390264
0.085692 0.377075 0.467080
0.056560 0.535646 -0.718569
0.046327 0.532684 0.596683
0.026605 0.576568 -0.284016
0.030818 0.568500 0.330623
-0.002904 0.666335 -0.214202
-0.054074 0.641512 0.238440
-0.036235 0.661796 -0.005014
0.018949 0.621810 0.043134
0.120208 -0.966008 -0.447972
0.108443 -1.047173 -0.461748
0.224593 -1.023557 -0.577325
0.260080 -0.889110 -0.304295
0.231055 -0.798937 -0.378087
0.204335 -0.701577 -0.223470
0.156983 -0.658712 -0.452586
0.088108 -0.562829 0.094518
0.044514 -0.537843 -0.240907
0.034795 -0.483411 0.048185
0.061733 -0.452212 -0.239872
0.041014 -0.370424 0.275438
0.041724 -0.278156 -0.062087
0.053574 -0.210012 0.200327
0.051181 -0.127287 -0.144158
0.043438 -0.064821 0.295548
0.031823 0.074121 -0.131661
0.035782 0.184709 0.276322
0.040467 0.278700 -0.122344
0.046635 0.330354 0.384208
0.054673 0.444158 -0.116229
0.095075 0.507628 0.436849
0.142642 0.576969 0.025976
0.173012 0.574704 0.411021
0.202647 0.641551 -0.107290
0.232388 0.684596 0.451195
0.234784 0.723310 0.036220
0.228687 0.725384 0.405925
0.181308 0.792599 -0.190033
0.187598 0.834272 0.201128
0.125528 0.815748 0.114262
0.060709 0.728776 0.100065
0.087406 -1.071535 -0.428902
0.068128 -1.252983 -0.527557
0.125422 -1.288793 -0.477171
0.114406 -1.158639 -0.473319
0.140063 -1.152558 -0.715570
0.064142 -0.939571 -0.096692
0.067789 -0.901316 -0.471215
0.016823 -0.752640 -0.138429
0.062279 -0.776070 -0.571789
0.023533 -0.621067 0.219022
0.072185 -0.641913 -0.227433
0.026882 -0.520485 0.222948
0.072611 -0.570702 -0.331218
0.041263 -0.476434 0.499378
0.092140 -0.347727 0.004697
0.043865 -0.266680 0.338129
0.082613 -0.177934 -0.185216
0.023284 -0.154455 0.513361
0.077530 0.049921 -0.000849
0.030491 0.126199 0.325196
0.090699 0.208330 -0.075623
0.076052 0.257077 0.529734
0.110792 0.361638 0.031770
0.077835 0.441410 0.327251
0.135817 0.512161 0.075978
0.078552 0.533152 0.426196
0.070057 0.594174 0.110149
-0.015495 0.613058 0.303000
-0.023955 0.700112 0.170252
-0.109572 0.653277 0.359659
-0.111938 0.679888 0.405073
-0.099185 0.648576 0.278873
-0.100017 -1.036990 -0.418476
-0.064163 -1.079898 -0.528366
-0.008317 -1.045445 -0.700672
0.061416 -0.965088 -0.369700
0.040918 -0.896238 -0.482840
0.051495 -0.764863 -0.197768
0.035903 -0.766634 -0.570057
0.059103 -0.635880 0.099250
0.060210 -0.609920 -0.363834
0.073468 -0.493314 0.170449
0.070920 -0.494388 -0.345654
0.091280 -0.399933 0.475517
0.110386 -0.292021 -0.072562
0.111674 -0.187340 0.400569
0.129392 -0.081062 -0.170621
0.118053 -0.020886 0.464526
0.116926 0.117107 -0.034477
0.103537 0.180636 0.371870
0.123759 0.267734 -0.076821
0.129041 0.315325 0.529219
0.131472 0.399605 0.224213
0.161821 0.432252 0.401322
0.189090 0.487050 0.043887
0.219646 0.560672 0.534278
0.186334 0.635353 0.268804
0.234554 0.683050 0.383003
0.171236 0.704166 0.147610
0.171314 0.737972 0.502525
0.108472 0.718145 0.390610
0.163513 0.745305 0.371315
0.055643 0.710591 0.028620
-0.047837 0.693346 -0.062210
-0.043665 -0.810197 -0.248977
-0.083744 -0.932539 -0.155989
-0.019013 -0.952544 -0.384716
-0.043741 -0.870803 -0.227238
-0.041925 -0.830956 -0.496027
-0.011782 -0.676374 -0.075252
-0.005854 -0.615059 -0.336543
0.013326 -0.499236 -0.048072
0.020808 -0.487758 -0.299506
0.023686 -0.381514 0.250460
0.062429 -0.386060 -0.102195
0.042533 -0.309240 0.260702
0.066469 -0.268844 -0.058669
0.050308 -0.185823 0.468716
0.105587 -0.113463 0.086717
0.062460 -0.032480 0.321275
0.094743 0.068564 0.052170
0.053244 0.116175 0.412306
0.106446 0.164653 0.125435
0.063031 0.208737 0.316044
0.106036 0.314819 0.137471
0.039802 0.359308 0.495347
0.074221 0.403063 0.295693
0.066929 0.437948 0.391808
0.103293 0.569879 0.215001
0.039617 0.628320 0.476056
0.046512 0.658473 0.353587
0.024971 0.657922 0.388260
0.057073 0.755902 0.353552
0.004273 0.720357 0.438765
-0.028787 0.765630 0.396845
0.013574 0.640022 0.185460
