0.878231 -0.686597 -1.183409
0.751694 -0.457195 -0.543557
0.586404 -0.508096 -0.029892
0.306746 0.155397 -0.526829
0.600236 -0.700854 0.172289
0.547382 0.511727 -0.174609
0.474279 -0.207003 0.134145
0.234603 0.472982 -0.029441
0.630692 0.231811 0.022486
0.312145 0.449511 -0.060271
0.304938 0.242329 0.258427
0.560034 0.077282 -0.012408
0.133502 0.348607 0.315363
0.708962 -0.226147 0.585055
0.066372 0.381007 0.205233
0.905213 -0.972291 -0.616390
0.564779 -0.688606 -0.897062
0.685781 -0.862525 -0.323471
0.281143 0.316285 -0.327366
-0.001623 0.319852 -0.849011
0.694584 -0.642802 -0.141830
0.306098 0.587481 -0.142457
0.500694 0.029183 -0.445100
0.221128 -0.235590 -0.844830
0.383771 -0.159537 0.422115
0.707454 -0.396493 0.342428
-0.015968 0.567271 -0.131327
0.734188 -0.857622 0.115772
-0.268924 0.490725 -0.268640
0.473954 -0.475905 -0.432650
-0.442198 0.194885 -1.112465
0.360043 -0.293785 -0.589731
0.434026 0.035931 -0.576644
0.654420 -0.220486 -0.727464
0.610576 -0.185207 -0.547463
0.466206 0.071493 -0.185447
0.825264 -0.650159 -0.330049
0.391314 -0.112470 -0.683425
0.742617 0.057582 0.360747
0.126508 0.210211 -0.603538
0.310121 0.212878 0.063983
0.537970 0.227823 0.034571
0.547582 -0.478454 0.319043
0.453199 -0.619538 -1.093124
0.348732 -0.181744 -0.539041
0.500168 -0.473556 -0.671085
0.062359 -0.625430 0.211608
0.838999 0.287501 0.476209
0.129066 0.083397 -0.683265
0.798872 -0.560494 0.625003
0.714858 -0.764836 -0.134419
0.418265 0.096584 -0.243119
0.457035 0.263053 -0.154075
0.359341 -0.274435 0.687633
0.368008 -0.319760 0.388021
0.732537 -0.512797 0.048463
0.967314 -0.521745 -1.113424
0.481246 0.376526 -0.028574
-0.395427 0.431344 -0.768357
0.518600 -0.114199 -0.173131
-0.067461 -0.165837 -0.953037
0.105831 0.494317 -0.687168
0.335318 -0.598269 -0.094076
0.559796 -0.540275 -0.091214
0.430890 -0.365853 -0.569326
0.563578 -0.555123 -1.042452
0.053507 0.371812 0.304108
0.526887 -0.198742 0.410954
0.235209 0.692781 0.186978
-0.002130 0.190182 0.590569
0.587626 0.323115 -0.247624
0.579192 -0.153853 -0.455441
0.064554 -0.080523 0.401925
0.696472 -0.341321 0.358461
0.619695 0.244956 -0.622363
0.489909 -0.212035 -0.462875
0.564980 -0.047796 0.299433
0.632919 -0.353190 -0.553081
0.483634 -0.343204 0.334912
0.445788 0.244804 -0.145779
0.606407 -0.524478 -0.380275
0.040167 -0.308668 0.206914
0.647157 -0.226122 -0.480438
-0.201284 0.154320 0.235626
0.584971 -0.660793 -0.655433
0.174437 -0.174341 -0.746813
0.792156 -0.605524 -0.646932
0.788390 -0.314919 -0.775243
-0.000561 0.539171 -0.293846
0.835574 -0.427630 -0.860235
-0.040971 -0.342097 0.184163
0.608191 -0.671458 -0.409902
0.360573 0.211060 0.418707
0.186477 -0.034707 0.171004
0.761216 -0.004588 0.060784
0.797534 -0.059729 0.328861
0.484560 -0.693643 -0.309001
0.509902 -0.037384 -0.973340
0.591486 -0.418339 -0.255243
0.136174 -0.390631 -0.916177
-0.020327 0.099908 0.107992
0.155369 0.489102 0.021814
0.761092 -0.436272 -0.916672
0.492626 -0.589118 0.692070
0.505908 -0.288111 -0.830121
0.278357 0.423307 -0.562055
0.019799 0.510812 -0.060140
0.132481 0.401731 -0.339342
0.594606 -0.076816 0.036633
0.415133 -0.226880 -0.877078
-0.188121 0.601762 0.098789
0.618229 -0.409500 -0.710711
0.580378 -0.581192 0.259474
0.626755 0.156499 -0.031641
0.792384 -0.474248 -0.564295
-0.267500 -0.275723 -0.792115
0.379941 -0.710466 0.476574
0.598298 -0.302615 -0.564872
0.498496 -0.154268 -0.731780
-0.152389 0.456871 -0.628089
0.565673 -0.568312 -0.014936
0.682953 -0.577776 0.077184
0.760109 -0.799121 -1.187511
0.484911 0.264696 -0.102510
0.643285 -0.427704 -0.368253
0.540845 0.258775 -0.049466
0.392078 -0.197124 -0.483853
0.507482 0.331492 0.254486
0.831663 -0.896957 -0.474316
-0.292571 -0.090642 -0.727609
0.511076 0.003643 -0.284933
0.308523 -0.807267 -0.930862
-0.034834 0.367582 -0.404465
0.615725 0.496867 0.171928
-0.091979 -0.462563 -1.105253
0.591179 -0.449298 0.417162
0.502512 0.133876 0.019190
0.245271 0.419327 0.058087
0.009189 -0.397792 -0.789402
0.046009 0.650585 -0.351059
1.030879 -0.743231 -1.361411
0.030761 0.264226 -0.580958
0.141028 -0.467610 0.548738
0.208269 -0.089140 -0.652951
0.517696 -0.076708 0.411298
0.565301 -0.390144 -0.127619
0.070154 -0.348232 -0.705693
0.325033 -0.310313 0.493250
-0.060511 0.508547 0.008989
0.378071 0.319177 -0.220372
0.854399 -0.465821 -0.474070
0.420675 0.330979 -0.357500
0.425765 -0.132927 -0.485947
0.509710 -0.423439 -1.345827
0.158914 -0.528133 -1.279555
0.484351 -0.010676 0.234967
0.499493 0.279659 -0.103619
-0.003141 0.422840 -0.435220
0.913643 -0.986544 -1.080184
0.136555 -0.018865 0.359368
-0.554377 -0.458466 -0.952722
0.787239 -0.267191 -1.034472
0.531813 -0.036930 -0.086162
0.585937 0.085747 0.167058
0.417478 0.039337 -0.380725
0.458512 0.199714 -0.233516
0.677543 -0.357973 -0.556324
0.448258 0.178759 -0.358704
0.451746 -0.008354 -0.150698
0.267302 -0.437360 -0.824646
0.737376 0.248594 -0.066371
0.083440 0.211371 0.278773
0.341155 0.063667 0.317366
0.453566 0.385427 -0.043518
0.664753 -0.363351 -0.812295
0.478736 0.361456 0.157643
0.461165 0.134340 -0.006983
0.751565 -0.520697 -0.636866
0.550260 -0.625513 -0.490414
0.551382 -0.312073 0.136640
0.491021 0.324435 -0.023600
0.272396 0.328693 -0.108919
0.481063 0.286491 -0.182863
0.467398 0.050369 -0.396286
0.457074 -0.191910 -0.177237
0.718297 -0.525596 -0.501266
0.507858 0.291726 -0.280773
-0.153706 0.055828 -0.761227
0.625328 -0.220578 0.193308
0.159086 -0.122923 -0.715774
0.041224 0.162389 -1.273659
0.525144 -0.085845 -0.345623
0.884354 -0.914127 -0.996063
0.173950 0.159819 -0.886773
-0.013076 0.078398 0.270383
0.661483 -0.167135 -0.141795
0.767930 -0.624215 -0.779152
0.643546 -0.532156 -0.307777
0.218307 -0.619713 -0.396392
0.682742 -0.224046 -0.879332
0.804722 0.456915 0.014204
0.207181 0.548337 -0.209974
0.700465 0.412863 -0.103599
0.278968 0.062841 0.256623
0.851314 -0.918241 -0.766052
0.692747 0.623172 0.256447
-0.013832 -0.038287 -0.701041
0.627703 0.157031 0.119779
0.160276 -0.271005 0.425322
0.997921 -0.690266 -0.793560
0.313717 0.350221 -0.275513
0.469963 0.303191 -0.088375
0.390444 0.189961 -0.397451
0.536318 0.193514 0.235724
-0.104277 0.509825 0.312623
0.159618 -0.563769 -0.780753
0.286145 0.032424 -0.492704
0.463093 -0.221277 -0.559487
0.043118 -0.001664 -0.836959
0.611087 0.256607 0.256365
-0.031555 -0.081349 -1.071800
-0.133361 0.482838 0.176232
-0.628021 0.060816 -0.852727
0.468640 -0.589949 0.251006
0.056426 -0.190783 0.454260
0.680683 -0.242366 0.112151
0.431858 -0.859604 -0.665667
-0.352325 -0.238215 -1.153705
0.754572 -0.797417 0.443542
0.650777 -0.908520 -0.843664
0.488330 0.253122 0.059685
0.873332 -0.418391 -1.177769
0.041401 -0.693963 -0.604507
0.140476 -0.116966 -0.701992
0.364485 -0.335911 -0.752634
0.620905 -0.274814 -0.533200
0.265933 -0.810350 0.238778
0.341619 0.374975 0.004644
-0.002032 -0.322778 -0.467389
0.061443 0.226963 -0.307870
0.330500 -0.010848 -0.611905
0.058006 -0.567438 0.402323
0.574904 -0.774006 -0.327936
0.496674 0.610871 0.215248
-0.153689 -0.532673 -0.887031
0.321004 0.185629 0.353760
-0.254584 0.238202 0.146953
0.709415 -0.387861 -0.236193
0.346510 -0.133750 -0.627068
-0.222341 -0.628934 -0.647516
0.007306 -0.692639 -1.016973
0.776625 -0.693293 -0.561314
0.153623 -0.739100 -0.672101
-0.058884 0.668586 0.026244
0.214004 0.365549 -0.429454
0.472271 -0.350718 0.017602
0.366225 -0.696876 -0.191493
0.364408 -0.754912 0.224402
0.355923 -0.661545 -0.389234
0.242024 -0.606202 0.459684
0.049293 -0.560233 -0.352785
-0.030172 -0.461101 0.502207
-0.120508 -0.329796 -0.880672
-0.320124 -0.218496 0.646666
-0.651233 -0.256177 -0.797280
-0.765976 -0.123573 0.186120
-0.776462 -0.116196 -1.234863
-0.842642 0.026962 0.213410
-0.981771 -0.079759 -1.037566
-0.997408 0.047605 -0.089013
-0.942532 -0.021965 -1.421412
-1.100367 0.216930 0.276226
-1.309372 0.103514 -1.246319
-1.213522 0.415321 -0.133107
-1.073169 0.346750 -1.567721
-1.014145 0.629104 0.129955
-1.157235 0.597325 -1.250792
-1.049246 0.797850 -0.625985
-0.875265 0.680199 -1.576627
-0.768740 0.764942 -0.317154
-0.907444 0.706861 -1.182865
-0.812941 0.759355 -0.737547
-0.681805 0.741606 -1.252102
-0.590123 0.722830 -0.431426
-0.684668 0.726659 -0.884615
-0.634769 0.706290 -0.620442
-0.562518 0.804175 -0.864908
-0.354806 0.733822 -0.582581
0.093096 -0.657938 -0.244553
0.297178 -0.743503 0.004085
0.253752 -0.713904 -0.001344
0.236909 -0.707084 0.354939
0.089559 -0.631931 -0.560155
-0.073790 -0.540073 0.662426
-0.284418 -0.461549 -0.321727
-0.528640 -0.326433 0.320884
-0.715643 -0.232355 -1.034996
-0.922508 -0.071301 0.275212
-1.028280 -0.077479 -0.769974
-1.140687 0.083386 -0.344354
-1.176562 0.005746 -1.399801
-1.270920 0.108886 -0.275688
-1.329510 -0.013009 -1.185022
-1.446829 0.136861 -0.638099
-1.439173 0.108789 -1.665162
-1.399991 0.370460 -0.180387
-1.317606 0.270891 -1.340476
-1.259261 0.483331 -0.585896
-1.087955 0.518212 -1.780128
-1.045299 0.679719 -0.210278
-1.023637 0.525499 -1.284979
-0.910632 0.608814 -0.744260
-0.750878 0.598327 -1.608961
-0.755241 0.622186 -0.289398
-0.728940 0.500857 -1.021904
-0.661999 0.509108 -0.581912
-0.565626 0.571079 -1.160070
-0.499287 0.492197 -0.252409
-0.400062 0.434698 -0.204989
-0.351028 0.521578 -0.095069
0.080661 -0.676544 0.113311
0.105674 -0.868528 0.244533
0.037700 -0.743600 -0.264623
-0.024242 -0.722360 0.437786
-0.261294 -0.611551 -0.162371
-0.423054 -0.506761 0.123939
-0.675016 -0.426733 -0.690812
-0.783777 -0.288624 0.137141
-1.101221 -0.218043 -0.454152
-1.102057 -0.138443 -0.427462
-1.372171 -0.088383 -0.907104
-1.406849 0.029639 -0.604179
-1.674743 0.058333 -0.654104
-1.615546 0.128338 -0.938772
-1.953587 0.128867 -0.924903
-1.927656 0.277523 -0.789135
-2.207765 0.353296 -0.710679
-1.979756 0.432344 -1.005726
-2.052944 0.473471 -1.237271
-1.888116 0.720825 -0.775996
-1.996083 0.781141 -1.062084
-1.693595 0.844206 -1.149313
-1.679525 0.795991 -1.610151
-1.531926 0.900818 -0.868889
-1.553769 0.883586 -1.263389
-1.263460 0.821012 -1.149674
-1.226186 0.825087 -1.467507
-1.165169 0.875944 -0.848170
-1.244975 0.961527 -1.040072
-1.084506 0.838771 -0.885159
-1.113567 0.954459 -1.076565
-0.774870 0.869660 -0.844171
-0.037268 -0.596884 -0.157254
0.033082 -0.708276 0.099525
-0.077099 -0.676803 0.027732
-0.087807 -0.658656 0.198733
-0.278789 -0.592586 -0.477550
-0.479591 -0.474770 0.389948
-0.658209 -0.443210 -0.381900
-0.740618 -0.326264 -0.019763
-0.836533 -0.284028 -0.920795
-0.937708 -0.125991 -0.136180
-1.127872 -0.143344 -0.788599
-1.331961 -0.079370 -0.547933
-1.612025 -0.016265 -1.174128
-1.611069 0.045767 -0.546559
-1.790724 0.092331 -1.021387
-1.744330 0.117428 -0.835664
-1.859749 0.274759 -1.399106
-1.731570 0.420865 -0.429179
-1.809952 0.428733 -1.247033
-1.622264 0.577179 -0.881805
-1.559976 0.682352 -1.617626
-1.384870 0.842058 -0.507982
-1.427264 0.708578 -1.326260
-1.249661 0.803624 -0.874451
-1.194367 0.803599 -1.624974
-1.025723 0.855693 -0.576386
-1.042996 0.733857 -1.228752
-0.896320 0.753865 -0.688463
-0.848475 0.799978 -1.337786
-0.738972 0.739968 -0.369334
-0.641473 0.694759 -0.672737
-0.506440 0.703262 -0.276390
-0.009036 -0.719551 0.156019
-0.021070 -0.746892 0.311139
-0.192634 -0.687954 -0.103680
-0.257791 -0.612503 0.247188
-0.469418 -0.510435 -0.084795
-0.572054 -0.509903 -0.159195
-0.700988 -0.392204 -0.530248
-0.736932 -0.349426 -0.296317
-0.858828 -0.197120 -0.622192
-0.871525 -0.198974 -0.604645
-1.121799 -0.058957 -1.011515
-1.205726 -0.006687 -0.807630
-1.625129 0.097190 -0.936689
-1.682036 0.132185 -0.909769
-2.080836 0.298267 -1.157137
-2.011853 0.401583 -0.694681
-2.217299 0.578521 -1.002039
-1.949978 0.575021 -0.849381
-2.160948 0.726848 -1.299162
-1.997862 0.894181 -0.626952
-1.976846 1.002479 -1.122964
-1.650790 0.980837 -0.918139
-1.674648 1.004918 -1.393706
-1.519060 1.096144 -0.780025
-1.453367 1.088662 -1.173145
-1.170359 1.004635 -0.865289
-1.143036 0.998839 -1.214641
-1.104495 1.072640 -0.844683
-1.076470 1.170064 -0.975409
-0.941815 1.052070 -0.743004
-0.948679 1.119184 -0.860131
-0.682498 0.997019 -0.641296
-0.005731 -0.640905 0.003036
0.022511 -0.650585 0.142629
0.011801 -0.661147 0.164987
-0.073312 -0.563614 0.121860
-0.239598 -0.549266 -0.176131
-0.445896 -0.545488 0.064410
-0.617127 -0.538250 -0.393280
-0.761865 -0.500330 -0.375918
-0.785290 -0.441336 -0.945308
-0.873371 -0.296863 -0.313081
-1.052048 -0.278634 -1.064427
-1.204162 -0.182993 -0.728528
-1.448425 -0.116486 -1.488204
-1.527668 0.050915 -0.491734
-1.759587 0.146897 -1.383631
-1.740404 0.218621 -0.785632
-1.788088 0.339381 -1.508007
-1.672531 0.486377 -0.224927
-1.764272 0.557283 -1.284541
-1.654503 0.659465 -0.709829
-1.576687 0.742768 -1.388679
-1.419724 0.865815 -0.459865
-1.402245 0.854932 -1.164723
-1.244356 0.872700 -0.854067
-1.170485 0.893555 -1.200296
-1.012307 0.905080 -0.577797
-1.022119 0.891623 -0.931692
-0.895289 0.901968 -0.825720
-0.820188 0.920837 -0.928170
-0.659060 0.858465 -0.594303
-0.586433 0.799800 -0.469558
-0.449857 0.743545 -0.431414
0.135418 -0.726256 0.275546
0.050410 -0.674833 0.433745
-0.142858 -0.693464 0.053322
-0.203594 -0.645544 0.485045
-0.346274 -0.587641 -0.054751
-0.433686 -0.605594 -0.055391
-0.481249 -0.526107 -0.765022
-0.504241 -0.459134 -0.143655
-0.700115 -0.312267 -1.004407
-0.699862 -0.286800 -0.630734
-0.932003 -0.239489 -1.451082
-0.892708 -0.117033 -0.562533
-1.288065 0.006508 -1.307163
-1.341967 0.182423 -0.862699
-1.761607 0.250481 -1.664517
-1.626605 0.452555 -0.482861
-1.856112 0.481092 -1.439921
-1.597981 0.585774 -0.622277
-1.710989 0.630088 -1.696511
-1.582128 0.791886 -0.199322
-1.741313 0.849695 -1.333961
-1.383334 0.906255 -0.691730
-1.323063 0.939935 -1.442283
-1.182645 1.006475 -0.313299
-1.180618 1.056656 -1.043941
-0.926551 1.031295 -0.758057
-0.899153 1.108818 -1.130113
-0.893138 1.148832 -0.520368
-0.957889 1.304878 -0.960954
-0.771190 1.185113 -0.775385
-0.729584 1.191018 -0.907541
-0.546328 1.018328 -0.694239
-0.025112 -0.722037 0.275985
-0.047878 -0.718826 0.493303
-0.064969 -0.751770 0.405535
-0.119104 -0.686598 0.508971
-0.144069 -0.648188 -0.156353
-0.188317 -0.647576 0.584840
-0.320147 -0.614030 -0.486897
-0.361339 -0.589167 -0.152896
-0.438227 -0.576171 -1.318691
-0.440300 -0.443987 0.046165
-0.728552 -0.483613 -1.449048
-0.723709 -0.356085 -0.609500
-0.957511 -0.288128 -1.962931
-0.897526 -0.047105 -0.232019
-1.255019 -0.065292 -1.684968
-1.202009 0.142837 -0.520139
-1.322103 0.260955 -2.027141
-1.081652 0.412831 -0.097149
-1.160861 0.328394 -1.701317
-1.020286 0.529937 -0.246889
-1.165852 0.583604 -1.841215
-0.938627 0.728370 -0.152510
-1.063794 0.610929 -1.377004
-0.829670 0.720031 -0.437827
-0.865951 0.794795 -1.379023
-0.709863 0.875558 -0.235358
-0.801773 0.831548 -1.000765
-0.712635 0.923878 -0.471232
-0.749078 0.984759 -1.033708
-0.599057 0.978223 -0.440848
-0.539764 0.858857 -0.589237
-0.398508 0.858629 -0.389834
0.107594 -0.785088 0.543964
0.100331 -0.727885 0.683520
0.026576 -0.776489 0.395004
-0.044658 -0.711681 0.780020
-0.146290 -0.619888 0.259895
-0.232821 -0.572184 0.344588
-0.235861 -0.545788 -0.437632
-0.267840 -0.523633 0.151432
-0.476764 -0.410551 -0.832897
-0.507211 -0.417937 -0.497102
-0.667624 -0.350455 -1.260441
-0.652427 -0.277545 -0.695839
-0.925786 -0.122416 -1.152980
-1.003821 -0.016406 -0.941524
-1.324077 0.116859 -1.534803
-1.259200 0.212351 -0.901271
-1.344586 0.325380 -1.094784
-1.098170 0.397660 -0.571833
-1.269167 0.447568 -1.351007
-1.121297 0.551952 -0.454231
-1.157990 0.621771 -1.069093
-0.891716 0.760246 -0.404480
-0.982383 0.815038 -1.205420
-0.860357 0.948875 -0.459861
-0.821078 1.011610 -0.925011
-0.697443 1.122081 -0.419678
-0.785236 1.235671 -0.969980
-0.772457 1.360585 -0.614239
-0.778105 1.440594 -0.812968
-0.683424 1.352307 -0.437477
-0.647510 1.324239 -0.679422
-0.526201 1.166231 -0.492327
0.065918 -0.845693 0.574368
0.099182 -0.894124 0.792721
0.112415 -0.948211 0.771860
0.040672 -0.917292 0.824242
0.044669 -0.809548 0.284342
0.029975 -0.756919 0.978482
-0.048354 -0.644468 0.009906
-0.094641 -0.674424 0.274831
-0.171486 -0.671740 -0.818874
-0.254584 -0.648362 0.159432
-0.380125 -0.576348 -1.164590
-0.436657 -0.518124 -0.645085
-0.614591 -0.479468 -1.728802
-0.674029 -0.286852 -0.420779
-0.868055 -0.246216 -1.399290
-0.937422 -0.087752 -0.748451
-1.009154 -0.020488 -1.680608
-0.904887 0.180194 -0.377729
-0.952408 0.215604 -1.257826
-0.880749 0.385668 -0.533653
-0.820796 0.402974 -1.405576
-0.711471 0.549721 -0.357121
-0.840515 0.572876 -1.078817
-0.753290 0.707322 -0.632633
-0.653059 0.695996 -1.020404
-0.577760 0.810051 -0.482905
-0.607114 0.804702 -0.662851
-0.666154 0.986252 -0.589510
-0.664744 1.000063 -0.661186
-0.659074 1.062854 -0.518677
-0.585513 0.965305 -0.534262
-0.453278 0.948503 -0.440085
0.154592 -0.881615 0.671205
0.193452 -0.876302 0.841672
0.152433 -0.916246 0.439584
0.099643 -0.833405 1.001287
0.043022 -0.716648 0.391730
-0.009139 -0.637376 0.670775
0.030128 -0.667469 -0.291317
-0.032721 -0.623039 0.756316
-0.223086 -0.562212 -0.845506
-0.321957 -0.584565 0.233061
-0.509574 -0.528523 -1.627992
-0.398100 -0.406070 0.157958
-0.641273 -0.226901 -1.433870
-0.651969 -0.119950 -0.075093
-0.828513 -0.017023 -1.836995
-0.692081 0.092412 0.064900
-0.941258 0.196513 -1.493898
-0.781301 0.297912 -0.094392
-0.896909 0.377704 -1.670615
-0.772116 0.472959 0.002154
-0.914596 0.548801 -1.347763
-0.713950 0.702136 -0.228751
-0.758552 0.772631 -1.446002
-0.696681 0.928423 -0.022832
-0.745355 0.987995 -1.053658
-0.652975 1.153138 -0.352498
-0.629275 1.273764 -1.144197
-0.583933 1.418579 -0.382412
-0.655610 1.543356 -0.856734
-0.586783 1.438057 -0.582851
-0.548751 1.349136 -0.800346
-0.446063 1.196020 -0.560560
0.152075 -0.978709 0.661049
0.189771 -1.077351 1.147224
0.244655 -1.113903 0.857527
0.191165 -1.104493 1.175012
0.237214 -0.936861 0.349371
0.173584 -0.852408 1.430552
0.201908 -0.703246 0.172497
0.166645 -0.690738 1.011939
0.129609 -0.687438 -0.891164
0.031648 -0.646525 1.214601
-0.117386 -0.608382 -1.408066
-0.187749 -0.459820 0.486937
-0.423835 -0.579364 -2.067401
-0.300086 -0.299982 0.544457
-0.466841 -0.370477 -1.751173
-0.415993 -0.096217 0.263575
-0.595956 -0.171562 -2.202498
-0.394128 0.133346 0.361311
-0.484304 0.038558 -1.682034
-0.423735 0.317528 0.121142
-0.643357 0.356218 -1.785433
-0.426725 0.516043 0.094645
-0.523590 0.485296 -1.361094
-0.349123 0.660591 -0.123390
-0.474451 0.683738 -1.357340
-0.361323 0.821922 -0.117618
-0.512941 0.767657 -0.814671
-0.446414 0.917386 -0.360203
-0.512524 0.976206 -0.691494
-0.528790 1.042614 -0.270616
-0.524721 0.960818 -0.578000
-0.368872 0.962878 -0.408146
0.166501 -0.960438 0.769162
0.238493 -0.967056 0.963225
0.252501 -1.034835 0.702820
0.212438 -0.989007 0.945838
0.201573 -0.829237 0.637935
0.241542 -0.746289 0.723811
0.372763 -0.752128 0.212843
0.305476 -0.624663 0.978527
0.188217 -0.673338 -0.312017
0.053129 -0.568050 0.704584
-0.160040 -0.499055 -1.132168
-0.186527 -0.405284 0.545559
-0.438083 -0.313482 -1.254554
-0.401036 -0.172918 0.289528
-0.568621 -0.173870 -1.513053
-0.439887 -0.003852 0.099483
-0.581951 0.008086 -1.071281
-0.569492 0.248980 0.268435
-0.729722 0.247932 -1.130717
-0.592037 0.452063 -0.020977
-0.602694 0.463620 -0.851624
-0.508833 0.649462 0.096298
-0.625961 0.660571 -0.952009
-0.496260 0.824386 -0.070892
-0.517187 0.862087 -0.779415
-0.420849 1.088576 0.099175
-0.503973 1.167634 -0.948910
-0.462145 1.327753 0.029280
-0.471950 1.423161 -0.988708
-0.443954 1.395920 -0.247007
-0.406752 1.364227 -0.505450
-0.365373 1.166195 -0.247173
0.183037 -1.069403 0.780428
0.227520 -1.174561 1.061511
0.309699 -1.222231 1.051772
0.293385 -1.256567 1.145541
0.395316 -1.096247 0.851881
0.385924 -1.063200 1.389681
0.505415 -0.829381 0.588729
0.536147 -0.778495 1.098985
0.579094 -0.750202 0.083346
0.481184 -0.662096 1.286635
0.404729 -0.582157 -0.576655
0.243398 -0.477725 0.853797
-0.056508 -0.450593 -1.212199
-0.090905 -0.271030 0.599343
-0.284755 -0.254437 -1.216023
-0.276987 -0.089581 0.218803
-0.442350 -0.127529 -1.445359
-0.400935 0.060120 0.265960
-0.546925 0.094332 -1.110382
-0.467553 0.274805 0.106804
-0.476614 0.266312 -1.068937
-0.372833 0.410526 -0.028052
-0.415280 0.431171 -0.812658
-0.356221 0.577461 -0.270865
-0.338613 0.556868 -0.682752
-0.348102 0.623334 -0.240788
-0.440559 0.633260 -0.442210
-0.412162 0.729017 -0.369391
-0.395046 0.742490 -0.478412
-0.435459 0.760524 -0.249340
-0.472482 0.733648 -0.373662
-0.343301 0.767456 -0.112902
0.227964 -0.998863 0.768115
0.269675 -1.035742 1.037317
0.354877 -1.029840 0.596388
0.355793 -1.011194 1.185522
0.431942 -0.786453 0.485886
0.450563 -0.741438 0.886177
0.575792 -0.710344 0.181692
0.599712 -0.609059 1.063372
0.662109 -0.629073 -0.098380
0.636486 -0.546850 0.745458
0.518479 -0.567835 -0.586690
0.359431 -0.451830 0.634698
0.142255 -0.304316 -0.845401
0.049365 -0.232005 0.469533
-0.115075 -0.154318 -1.149759
-0.067083 -0.038486 0.374946
-0.243798 0.100953 -0.943018
-0.270723 0.188273 0.401252
-0.390395 0.246777 -1.172852
-0.294484 0.334218 0.343484
-0.379335 0.420966 -0.828554
-0.297456 0.539043 0.169439
-0.286837 0.589119 -0.972023
-0.250654 0.650958 0.257124
-0.294205 0.699377 -0.710166
-0.282181 0.844157 -0.053276
-0.269924 1.027475 -1.098761
-0.270980 1.034718 -0.051079
-0.298009 1.145124 -0.600862
-0.295310 1.000485 -0.018636
-0.277077 0.947703 -0.514589
-0.258067 0.815628 -0.247952
0.458280 -1.060168 0.805176
0.525932 -1.156825 1.294491
0.590510 -1.201617 1.044939
0.523735 -1.230455 1.349792
0.581809 -1.087587 0.535416
0.490289 -1.052292 1.691874
0.647780 -0.772055 0.450898
0.620207 -0.787598 1.240670
0.713462 -0.718779 -0.084963
0.618830 -0.686938 1.422881
0.706328 -0.588806 -0.169412
0.616579 -0.530568 0.889630
0.512570 -0.434719 -0.739417
0.336435 -0.326069 0.838706
0.278605 -0.231653 -0.790688
0.174635 -0.107702 0.422855
0.037460 -0.037044 -1.151661
0.040947 0.107416 0.513244
0.010401 0.160220 -0.968238
0.017585 0.311992 0.305954
-0.077271 0.348940 -1.249782
-0.029986 0.465060 0.464352
-0.031237 0.414788 -0.789622
-0.038556 0.509661 0.215179
-0.139117 0.573061 -0.903464
-0.115571 0.635770 0.101817
-0.174574 0.582965 -0.393928
-0.191795 0.614825 -0.066778
-0.231808 0.688444 -0.275792
-0.302061 0.677673 -0.040349
-0.298442 0.662455 -0.064357
-0.152796 0.626944 -0.039330
0.409201 -0.939533 0.797441
0.486629 -0.936316 0.956164
0.594070 -0.994209 0.711804
0.569082 -0.968083 1.037229
0.589992 -0.778442 0.582145
0.620915 -0.741943 0.775903
0.697856 -0.643140 0.391254
0.696150 -0.622791 0.865503
0.780732 -0.615056 0.078527
0.759770 -0.539526 0.578571
0.747826 -0.535593 -0.112051
0.642598 -0.433748 0.569184
0.590769 -0.400471 -0.348914
0.525429 -0.276962 0.376341
0.394697 -0.234699 -0.590529
0.330936 -0.067490 0.340668
0.221249 0.049042 -0.626876
0.217279 0.140425 0.353434
0.099139 0.163442 -0.743290
0.130184 0.298923 0.263275
0.058412 0.299218 -0.585438
0.070810 0.433316 0.417465
0.043488 0.405241 -0.644665
0.056543 0.531811 0.284025
0.012716 0.546969 -0.701582
0.031747 0.680091 0.386673
-0.032194 0.691442 -0.646110
-0.030826 0.770592 0.128236
-0.043782 0.776651 -0.519359
-0.050607 0.741759 -0.048674
-0.037223 0.699534 -0.165170
-0.027399 0.651225 -0.021089
0.571390 -0.995810 0.831975
0.617171 -1.048724 1.037755
0.689913 -1.103715 1.056394
0.701057 -1.153219 1.083673
0.713922 -1.063857 0.815704
0.679231 -1.073747 1.258183
0.688521 -0.803603 0.706573
0.748670 -0.823960 0.920737
0.766308 -0.691560 0.388415
0.698545 -0.669322 0.914458
0.711366 -0.590858 0.158772
0.746067 -0.519346 0.544447
0.717594 -0.494774 -0.044925
0.640811 -0.414329 0.506235
0.570924 -0.286321 -0.189735
0.501589 -0.181427 0.223941
0.398817 -0.068627 -0.329442
0.378587 0.059657 0.129605
0.350725 0.162488 -0.482564
0.381774 0.248966 -0.006367
0.376553 0.270511 -0.557272
0.358542 0.361217 0.129829
0.304424 0.396715 -0.603413
0.252222 0.518202 0.063535
0.187813 0.507415 -0.519908
0.181839 0.589703 0.198138
0.089946 0.556051 -0.454366
0.070860 0.654186 0.017590
-0.026565 0.651589 -0.392316
-0.065593 0.663214 0.060664
-0.134801 0.678497 0.046730
-0.052434 0.614554 -0.033165
0.509863 -0.883554 0.687312
0.609774 -0.872343 0.871921
0.693743 -0.851398 0.535091
0.742881 -0.831374 0.913820
0.737774 -0.627649 0.525956
0.733391 -0.663200 0.663251
0.712133 -0.564466 0.225618
0.756267 -0.583751 0.566014
0.742809 -0.534676 0.199593
0.745113 -0.510455 0.380361
0.705759 -0.477968 -0.002753
0.727877 -0.445463 0.312284
0.623851 -0.417350 0.125584
0.606333 -0.363109 0.194629
0.481813 -0.307266 -0.158797
0.527945 -0.162272 0.118218
0.407670 0.011108 -0.180722
0.442450 0.065693 0.087361
0.373461 0.155665 -0.439074
0.535028 0.195185 0.143702
0.451860 0.279616 -0.247514
0.463028 0.256156 0.101104
0.390758 0.321694 -0.571308
0.489105 0.431002 0.348791
0.393369 0.476087 -0.300741
0.404729 0.528131 0.163449
0.331212 0.572532 -0.572115
0.329319 0.630751 0.079063
0.203888 0.645715 -0.084347
0.219604 0.653217 0.076171
0.238041 0.614997 -0.158440
0.177066 0.671097 -0.021643
0.580040 -0.898784 0.678946
0.620943 -0.926988 0.951230
0.755558 -0.992516 0.833998
0.739592 -1.016780 0.917680
0.752248 -0.907868 0.521205
0.735142 -0.899852 1.033514
0.781572 -0.708690 0.511994
0.757359 -0.734689 0.672097
0.737496 -0.614459 0.142550
0.711217 -0.603909 0.644575
0.758703 -0.515718 0.253664
0.765017 -0.526343 0.359009
0.713714 -0.479003 -0.087782
0.698775 -0.445335 0.500825
0.694106 -0.379300 0.040209
0.723492 -0.300103 0.259406
0.674087 -0.167675 -0.204536
0.704876 -0.031759 0.153979
0.731184 0.090384 -0.161189
0.776892 0.145436 0.018042
0.738322 0.257793 -0.384345
0.710653 0.317584 0.188534
0.662584 0.348422 -0.169157
0.665859 0.436553 0.021485
0.565274 0.519297 -0.370638
0.491253 0.619885 0.073954
0.429182 0.606497 -0.168373
0.356161 0.675124 -0.120414
0.212609 0.704095 -0.117170
0.127793 0.650976 -0.132234
0.086283 0.732705 0.095097
0.171402 0.691976 -0.171288
0.522986 -0.752915 0.488877
0.730262 -0.729287 0.501106
0.754624 -0.739164 0.416511
0.798693 -0.764526 0.610203
0.770778 -0.561633 0.331494
0.825020 -0.597831 0.283742
0.791182 -0.487686 0.176592
0.809756 -0.507511 0.234233
0.778639 -0.475539 0.059430
0.777494 -0.463818 0.071597
0.696971 -0.426467 0.082472
0.719160 -0.457566 0.205178
0.688087 -0.413402 0.054342
0.695867 -0.377418 0.055807
0.628590 -0.293316 -0.020567
0.645083 -0.149495 0.117170
0.672657 -0.004025 -0.231815
0.723496 0.074814 0.081420
0.725228 0.177599 -0.186730
0.804253 0.238784 0.170577
0.858145 0.278783 -0.368024
0.904990 0.311673 0.022587
0.896634 0.440427 -0.180694
0.914528 0.524256 0.242925
0.933875 0.550963 -0.403585
0.899579 0.595523 0.165809
0.849850 0.686128 -0.173570
0.783559 0.766674 0.150546
0.771985 0.790909 -0.315134
0.753411 0.790497 -0.113703
0.614851 0.791025 -0.029518
0.458919 0.716607 0.014993
0.654264 -0.792606 0.506938
0.728685 -0.824516 0.591852
0.828454 -0.805818 0.682961
0.826666 -0.790830 0.394266
0.836744 -0.760711 0.533947
0.780248 -0.739414 0.555718
0.822354 -0.677861 0.469285
0.855121 -0.610260 0.356168
0.829866 -0.554423 0.249431
0.745290 -0.544485 0.392813
0.761155 -0.516627 0.241983
0.769575 -0.524810 0.186599
0.723341 -0.513842 0.093288
0.664557 -0.496684 0.313327
0.636996 -0.463952 0.214993
0.641306 -0.363857 0.150538
0.600752 -0.308915 0.043729
0.570085 -0.133469 0.198449
0.596386 -0.078734 -0.011989
0.626198 0.104339 0.008463
0.611883 0.138608 -0.084960
0.597856 0.233336 0.208348
0.674658 0.216898 -0.164078
0.739719 0.384052 0.028739
0.702876 0.401397 -0.057715
0.691380 0.533069 0.098714
0.691378 0.518674 -0.160266
0.637299 0.655871 -0.059938
0.556962 0.642345 -0.110625
0.533650 0.712664 -0.175449
0.465712 0.697655 0.092195
0.314098 0.707946 -0.049828
0.574046 -0.715413 0.356865
0.798356 -0.719624 0.313168
0.811109 -0.637780 0.075291
0.844866 -0.565910 0.364070
0.806099 -0.498692 0.197658
0.883154 -0.484308 0.223505
0.832923 -0.456163 0.002342
0.821260 -0.464456 0.214376
0.741617 -0.424306 -0.019300
0.724005 -0.412197 0.138357
0.673353 -0.403071 -0.113610
0.686911 -0.429591 0.211114
0.633407 -0.419081 -0.000397
0.627208 -0.383182 0.120119
0.570927 -0.302328 -0.091975
0.569006 -0.199549 0.121847
0.575394 -0.094098 -0.059513
0.620684 0.040243 0.028201
0.622502 0.113238 -0.235749
0.643120 0.177133 0.109458
0.662591 0.184406 -0.120552
0.801229 0.273248 -0.073435
0.785193 0.318607 -0.282283
0.838557 0.456011 0.062698
0.855409 0.436607 -0.157335
0.990018 0.548533 -0.037630
0.904841 0.561586 -0.330750
0.909034 0.721707 0.018539
0.843692 0.687339 -0.140368
0.850532 0.732961 -0.086125
0.688384 0.652892 -0.290817
0.483198 0.655700 -0.247434
0.700002 -0.626339 0.323966
0.703428 -0.665666 0.625795
0.841479 -0.606408 0.475968
0.748674 -0.551034 0.639777
0.777956 -0.511458 0.274652
0.752971 -0.423748 0.534189
0.819180 -0.397372 0.274906
0.787431 -0.355716 0.370534
0.791620 -0.317546 0.134597
0.692389 -0.301666 0.414183
0.683607 -0.311344 0.160695
0.591148 -0.316005 0.261277
0.593178 -0.322809 0.066312
0.512920 -0.296874 0.311473
0.511876 -0.255056 0.128740
0.449295 -0.174884 0.189080
0.485412 -0.132932 0.000325
0.462499 0.011548 0.149593
0.476692 0.037644 0.036384
0.463155 0.180917 0.019788
0.497909 0.196164 -0.139856
0.468578 0.297589 0.071477
0.530171 0.272229 -0.019563
0.588654 0.381566 0.035539
0.675617 0.386589 -0.110334
0.639313 0.519190 0.090533
0.717749 0.500530 -0.053775
0.704386 0.661991 -0.086942
0.686729 0.681592 -0.132769
0.602832 0.798019 -0.044444
0.547362 0.706756 -0.144542
0.429657 0.665343 -0.140965
