1.370916 0.002075 0.020842
0.908113 0.018355 -0.017980
0.940129 0.014837 0.046038
0.153296 0.087481 -0.021388
0.441678 0.104421 0.056909
1.489058 0.040944 -0.009072
0.499542 0.100583 0.078993
0.072286 0.025591 -0.058825
1.704556 0.006822 0.097639
0.140434 0.063985 0.104247
-0.042986 0.010418 0.142106
0.391937 0.056109 0.087397
0.267083 0.001735 0.037866
1.175765 -0.169768 0.168742
0.077894 0.064903 -0.080111
1.675024 0.085980 0.084075
0.748686 0.037282 0.179881
1.150458 0.042179 0.141801
-0.143780 0.090580 -0.089570
-0.163122 -0.041402 -0.122174
1.085171 -0.028103 0.005391
1.030154 0.057817 0.101561
1.125455 0.024383 -0.047087
-0.058706 0.061784 -0.061014
0.168622 0.003506 0.106060
1.330690 -0.072182 0.047780
0.131181 0.131444 0.027243
1.113435 -0.047760 0.127702
-0.309947 0.011787 0.102659
0.689448 0.011299 -0.049564
-0.362783 0.035330 -0.099019
0.285849 0.089263 0.061172
0.892388 0.039251 0.056653
0.982745 -0.041291 0.064092
1.381131 0.087289 -0.017615
1.346918 0.016141 0.087444
1.458240 0.099114 0.148222
0.693963 0.045802 0.085949
1.087317 -0.079736 0.188376
0.151459 -0.090147 -0.119577
-0.246395 -0.011254 0.156339
0.186227 0.015853 0.106282
0.277797 0.106679 0.070484
0.090429 0.131328 -0.010044
0.012963 -0.085919 -0.141837
0.212455 0.008205 -0.086799
-0.248522 -0.076001 0.002325
1.472670 -0.047560 0.174417
-0.036244 0.049584 -0.122429
1.767166 0.029325 0.078131
1.885076 -0.009582 0.133552
0.568559 0.034556 0.023664
0.497156 -0.082914 0.048796
0.057293 0.059291 0.079751
0.073384 0.047117 0.054149
1.536201 0.005217 0.052484
1.864798 -0.046258 -0.114346
0.523651 -0.179941 0.153159
-0.354681 0.085251 -0.059992
1.379957 0.045309 -0.020849
-0.300146 -0.029999 -0.073530
0.253243 -0.053890 -0.025693
-0.234633 -0.101523 0.156853
0.152011 -0.100663 0.143190
-0.097225 0.001834 -0.111864
0.693986 0.008421 -0.039237
-0.229490 -0.017375 0.173414
0.396592 -0.021019 0.047748
0.101320 -0.048787 0.052590
-0.315090 -0.058391 0.106182
0.919818 -0.159490 -0.004224
1.152102 0.057867 0.004211
-0.221735 0.026609 0.194088
1.222283 0.061284 0.178523
1.465560 0.046833 0.083685
0.606044 -0.025026 0.005028
0.875813 0.130585 0.194411
0.318967 -0.078459 -0.035376
0.504409 0.094963 0.065008
0.387218 0.074302 0.062500
0.167006 -0.049458 -0.040585
-0.311876 0.009525 0.140984
1.870545 -0.040820 0.010006
-0.555162 0.085987 0.097752
0.628976 -0.097744 -0.066653
0.159302 0.042750 -0.113031
0.764287 0.052591 -0.077637
1.226297 -0.049348 -0.016806
-0.182197 0.054754 -0.018184
1.493483 0.017097 -0.073028
-0.343965 -0.055668 0.096892
1.052505 0.129850 -0.053312
0.274354 -0.021207 0.158155
-0.233037 -0.032195 0.186543
1.230274 0.024289 0.018623
1.588176 -0.095278 -0.052976
-0.066869 -0.074916 0.087725
0.868957 0.051027 -0.052834
0.924498 0.135600 0.132964
-0.053220 0.093417 -0.074685
-0.223047 0.018533 0.115312
-0.048095 0.126541 0.178451
1.031639 -0.029094 -0.112930
0.582999 0.148683 0.026676
0.640802 -0.106326 0.035548
0.647960 0.040834 0.015545
-0.107571 0.162800 -0.035590
-0.035707 0.128532 -0.065953
0.585593 0.059892 -0.032782
0.516654 0.034889 -0.006448
-0.386355 -0.004838 0.096477
0.380495 -0.040145 -0.093486
0.898282 -0.078825 0.127228
0.727571 0.003966 0.156062
1.345157 0.100986 0.006983
-0.734281 0.040761 -0.136770
0.116298 0.051485 0.073347
1.119629 -0.026117 0.072485
1.295121 -0.077794 -0.067332
-0.244687 0.041122 -0.095840
0.731315 0.064362 0.022325
0.430586 0.053704 0.153192
0.199215 0.073335 0.017811
1.005148 -0.097363 0.103188
1.023836 -0.140368 -0.073707
0.786028 -0.073027 0.116711
0.821820 -0.002678 -0.100684
0.589649 0.038590 0.033844
1.088201 -0.014162 0.026090
-0.447141 -0.088005 -0.097173
1.130257 -0.060134 0.014638
0.239859 0.087297 0.024886
-0.027131 -0.004037 -0.065049
1.051491 -0.031620 0.110496
-0.327058 0.076478 -0.069237
0.779340 0.209751 0.130372
0.978627 -0.123726 0.118366
-0.154903 0.006197 0.146014
-0.232166 -0.112495 -0.106889
0.338581 0.082547 0.032897
1.156766 -0.029844 -0.068571
-0.170369 0.063351 -0.103694
-0.059207 0.079409 0.101042
-0.041537 -0.066593 -0.102962
0.680919 0.017958 0.089505
0.583565 0.100940 0.088208
-0.270487 -0.124982 -0.136035
0.040402 0.059811 0.064701
-0.242590 0.116987 -0.035158
0.368331 0.024495 -0.037632
1.469920 0.028435 0.017798
1.145412 0.054295 -0.049009
0.597378 -0.122139 0.011156
0.184834 0.023370 -0.176857
-0.053727 -0.052329 -0.089743
0.105253 -0.040041 0.050083
0.759797 -0.012739 0.009414
-0.325459 0.056627 0.076140
1.879457 -0.013715 -0.057546
-0.166460 -0.165721 0.070795
-0.546791 -0.015786 -0.114199
1.684970 -0.040663 -0.155211
1.181308 -0.128857 -0.041515
0.634966 -0.098010 0.014927
0.481086 -0.060898 -0.065260
1.163159 0.003153 -0.179930
0.943811 0.092020 0.033080
0.222503 -0.076693 -0.086150
1.123937 -0.060560 -0.016634
-0.017249 -0.019351 -0.083251
1.191409 -0.066149 0.034020
0.157973 -0.050184 0.140294
-0.137657 0.011081 0.109524
0.577964 0.027297 0.011322
0.970034 -0.086974 -0.112781
0.336797 0.060488 0.001016
1.352964 -0.082219 0.124187
1.320038 -0.000945 -0.063659
0.155440 -0.109644 0.038371
0.695073 0.045398 0.137753
1.414640 -0.037218 -0.003792
0.003220 0.067797 -0.012810
0.576476 0.013183 0.089990
1.524821 0.022269 -0.000455
0.235445 -0.057464 0.020114
0.741418 0.016664 0.028590
2.103710 -0.035894 -0.026974
-0.261178 0.058986 -0.048902
0.914997 0.101342 -0.052032
0.176350 -0.051842 -0.028523
-0.030674 0.004970 -0.066128
0.776262 0.099212 -0.048105
1.185524 -0.039394 -0.028542
0.342616 0.095297 -0.030197
-0.305518 -0.042978 0.096513
0.879328 -0.178448 -0.015006
1.127322 -0.049153 0.076346
0.482408 0.003258 -0.073920
0.049063 -0.067722 -0.067913
1.738682 0.129154 -0.056849
1.663031 -0.077449 0.111686
0.028127 0.020089 0.132855
1.123008 0.043403 0.080270
-0.065797 -0.029878 0.164060
1.340552 0.078366 0.088522
1.193459 0.047638 0.172791
-0.087694 -0.066940 -0.049389
0.812841 -0.072734 0.036988
-0.009669 0.019065 0.160690
1.678769 -0.000525 0.001596
0.868124 -0.066983 0.091895
0.926929 0.018467 -0.076006
0.793367 -0.012753 0.092750
0.993820 0.048066 0.077597
-0.228133 0.035371 0.021382
0.006280 -0.018415 -0.027236
-0.063349 0.048487 -0.089226
0.872301 -0.091586 0.085295
-0.070786 -0.053189 -0.055464
1.323035 -0.049343 0.070221
-0.207929 0.023614 -0.046255
-0.077112 -0.005503 0.150787
-0.481779 0.010585 -0.129256
0.039362 0.006239 0.040115
-0.474839 0.004844 0.106020
1.098889 0.002985 0.136642
0.182857 -0.002101 -0.039682
-0.516731 0.022788 -0.111769
1.358462 -0.033093 0.087389
0.414601 0.084196 0.083217
1.060669 -0.047014 0.207152
1.224095 0.070780 -0.015029
-0.307306 -0.075966 0.127214
-0.194391 -0.039102 -0.132141
-0.041938 0.076945 -0.099078
0.897213 0.042370 0.020154
-0.081824 -0.051450 0.047303
-0.002367 0.087718 0.067811
-0.561135 -0.098785 -0.002821
-0.284322 0.082208 -0.057724
0.161374 -0.026453 -0.093065
-0.182077 0.036917 0.111941
0.373911 0.013082 0.025525
1.901894 0.003694 0.048524
-0.384547 -0.040166 -0.121893
0.417179 -0.097376 0.022018
-0.283674 0.081685 0.000964
1.183578 0.049700 0.188894
-0.139964 -0.089842 -0.095863
-0.466596 -0.103196 0.016874
-0.282171 -0.085553 -0.018969
0.966469 0.111859 0.109983
-0.167255 -0.047655 -0.076741
-0.083975 0.068684 -0.035680
0.526441 -0.137804 -0.022174
-0.164875 -0.077293 0.125663
-0.198878 -0.069446 -0.106324
-0.216691 0.054181 -0.025270
-0.238743 0.116233 -0.078989
-0.228868 0.101627 -0.041177
-0.281971 0.059317 -0.084710
-0.385907 0.025112 0.009736
-0.487076 0.004564 -0.064129
-0.564615 0.017637 0.027019
-0.626638 0.006433 0.024275
-0.634084 0.021365 0.072111
-0.619400 -0.020043 -0.005401
-0.607741 0.004463 0.100335
-0.582737 -0.019117 -0.011454
-0.578722 0.022494 0.060048
-0.655198 -0.014838 -0.081612
-0.652195 0.025949 0.095693
-0.725828 -0.005083 -0.099258
-0.689896 0.033929 0.075370
-0.682880 0.043542 -0.167404
-0.654256 0.106943 0.126654
-0.643097 0.087419 -0.057733
-0.602661 0.131390 0.097451
-0.518568 0.126069 -0.142303
-0.366796 0.135455 0.117601
-0.228057 0.133825 -0.013573
-0.053897 0.164975 0.070090
0.054543 0.111032 -0.020577
0.044671 0.132455 0.138824
-0.026024 0.076882 -0.015491
-0.044008 0.117880 0.209120
-0.066324 0.104015 0.018822
-0.009719 0.223288 0.165455
-0.408635 -0.001906 -0.101091
-0.525960 0.101972 -0.069807
-0.605545 0.075869 0.001640
-0.566265 0.071404 0.027150
-0.637281 0.047467 -0.025381
-0.695556 0.022463 0.116755
-0.806755 0.004185 0.097189
-0.873195 0.004844 0.066987
-0.908707 0.003398 0.075296
-0.944741 -0.017909 0.079294
-0.944985 -0.026757 0.144615
-0.949090 -0.025248 0.075279
-0.919109 -0.019750 0.071648
-0.931769 0.017976 0.104350
-0.970888 0.056504 0.010580
-0.965000 0.041695 0.097031
-1.025932 0.056922 -0.069210
-1.041968 0.047537 0.166849
-1.019545 0.074858 -0.081722
-1.011320 0.068032 0.200885
-0.962671 0.043857 -0.095272
-0.938868 0.041390 0.189101
-0.878609 0.033224 0.083890
-0.744560 0.051838 0.168999
-0.530950 0.089287 0.050504
-0.317769 0.100141 0.150224
-0.195269 0.136213 0.213362
-0.160415 0.155533 0.077115
-0.234679 0.181887 0.203094
-0.250606 0.115686 0.101591
-0.245795 0.140765 0.243405
-0.090207 0.178238 0.111791
-0.566275 0.008082 -0.063196
-0.763085 0.082673 0.012559
-0.859253 0.079052 -0.127461
-0.792701 0.096925 -0.057533
-0.747406 0.069129 -0.023652
-0.749888 0.050795 -0.017935
-0.763265 0.034356 -0.012323
-0.794769 0.055008 -0.001093
-0.834558 0.030329 0.040852
-0.861279 0.017080 0.011748
-0.831799 -0.014617 -0.012399
-0.861886 -0.000142 0.007689
-0.910677 -0.005313 0.021652
-0.956114 0.011772 -0.027059
-1.066092 0.009989 -0.052828
-1.077572 0.043133 0.050411
-1.156110 0.052396 -0.022781
-1.164475 0.076532 -0.001529
-1.163036 0.109505 -0.056921
-1.133038 0.160770 0.039247
-1.141165 0.165609 0.052947
-1.087360 0.179951 0.025806
-1.015210 0.134355 0.046621
-0.831136 0.170020 0.009291
-0.711790 0.129318 0.137939
-0.480366 0.145674 -0.001709
-0.323408 0.108928 0.118279
-0.195716 0.145007 -0.017922
-0.268536 0.131321 0.272762
-0.296874 0.127096 0.057728
-0.356992 0.109036 0.240693
-0.176313 0.196686 0.063254
-0.382001 0.000997 -0.121489
-0.583861 0.033424 -0.050329
-0.694491 0.051278 0.024484
-0.699149 0.029287 -0.027669
-0.703422 0.026421 -0.018434
-0.747743 0.025637 0.007986
-0.798127 -0.004868 0.002637
-0.834349 -0.005239 -0.000827
-0.855263 -0.012176 0.000766
-0.870073 -0.034617 -0.004646
-0.896830 -0.060160 -0.044486
-0.920510 -0.053559 -0.000365
-0.937781 -0.046871 -0.092054
-1.011679 -0.020634 0.032720
-1.046505 -0.005208 -0.083956
-1.096276 0.021382 0.054809
-1.066518 0.035889 -0.161866
-1.084009 0.094311 0.145800
-1.053477 0.095393 -0.068231
-1.098827 0.107868 0.090493
-1.072725 0.108224 -0.049297
-1.065258 0.134443 0.111941
-1.011049 0.127750 0.003339
-0.940538 0.101050 -0.001784
-0.788263 0.094895 -0.003418
-0.633657 0.103525 0.036305
-0.427030 0.108188 0.045998
-0.276856 0.132228 0.018210
-0.265001 0.186908 0.059939
-0.254630 0.171566 0.007399
-0.231370 0.201879 0.152400
-0.108150 0.229476 0.061786
-0.374701 -0.030669 -0.081045
-0.548553 0.027435 -0.005640
-0.662547 0.068972 -0.134607
-0.619273 0.065855 -0.032254
-0.641798 0.064442 -0.060390
-0.650556 0.052175 -0.010341
-0.643297 0.036619 -0.008271
-0.640787 0.031340 -0.035287
-0.709529 0.003227 -0.016697
-0.760375 -0.026604 -0.026801
-0.846478 -0.052852 0.010652
-0.904235 -0.076036 0.003051
-1.004503 -0.084623 0.049476
-1.069426 -0.089120 0.037546
-1.181828 -0.030733 -0.023878
-1.195189 0.036376 0.067987
-1.207735 0.111310 -0.031587
-1.119984 0.131982 0.047804
-1.104466 0.182173 -0.029521
-1.064126 0.175941 0.066837
-1.088311 0.188154 -0.020259
-1.039760 0.192271 0.056797
-1.019007 0.187208 0.012333
-0.896916 0.151529 0.050351
-0.760653 0.122948 0.038810
-0.536834 0.100644 0.020633
-0.343233 0.093917 0.049042
-0.210759 0.121832 -0.028535
-0.174132 0.134364 0.098213
-0.227905 0.149376 0.039367
-0.260499 0.136056 0.239697
-0.151225 0.210042 0.122445
-0.260546 -0.044134 -0.160549
-0.449342 0.017601 0.004636
-0.530310 0.039671 -0.033740
-0.562422 0.044090 0.001309
-0.578195 0.034618 -0.054033
-0.607162 0.037492 0.021224
-0.638159 -0.007859 0.031480
-0.675085 -0.018871 0.025879
-0.735464 -0.042372 0.107549
-0.799075 -0.088580 0.025641
-0.833968 -0.138605 0.028683
-0.903540 -0.131388 0.043549
-0.937848 -0.136296 -0.087530
-1.024813 -0.073650 0.051979
-1.086292 -0.040220 -0.080025
-1.102203 0.062104 0.060820
-1.064366 0.124828 -0.150790
-1.021104 0.163293 0.072753
-0.963720 0.145763 -0.073306
-0.991975 0.157265 0.092320
-0.977463 0.149979 -0.006889
-0.962897 0.169679 0.086047
-0.884860 0.145720 -0.035853
-0.822296 0.130506 0.061045
-0.666901 0.088079 -0.006290
-0.490874 0.063088 0.083050
-0.262491 0.041375 0.060465
-0.165447 0.070154 0.063992
-0.151169 0.113225 0.092507
-0.264877 0.108821 0.012506
-0.226087 0.159599 0.208795
-0.138342 0.176991 0.042798
-0.323365 -0.028965 -0.095743
-0.486293 0.019955 -0.057369
-0.598770 0.052928 -0.112334
-0.567124 0.055004 -0.070776
-0.604701 0.036798 -0.037747
-0.593274 0.034481 -0.046129
-0.608913 0.001419 0.009571
-0.619425 -0.013866 -0.070520
-0.655923 0.008011 -0.019659
-0.710559 0.002881 -0.072680
-0.762412 0.007225 -0.061524
-0.843472 -0.029399 0.036284
-0.980697 -0.055863 -0.061103
-1.059855 -0.064583 0.083791
-1.179406 -0.046623 -0.131477
-1.186817 0.053753 0.047909
-1.114327 0.114124 -0.092967
-0.999831 0.174478 -0.022708
-0.909638 0.165328 -0.117512
-0.872525 0.173379 -0.013595
-0.892170 0.183010 -0.008513
-0.894815 0.171440 0.007743
-0.884972 0.158312 -0.042222
-0.790926 0.124927 0.012430
-0.661577 0.100710 0.040399
-0.480364 0.067686 0.026893
-0.311890 0.052955 -0.008657
-0.187880 0.112455 -0.038624
-0.190586 0.108037 0.052617
-0.262972 0.121013 0.002472
-0.288427 0.082984 0.225231
-0.179996 0.139703 0.078864
-0.330824 -0.024387 -0.159249
-0.530442 0.057409 -0.056658
-0.599350 0.064094 -0.058469
-0.620057 0.072772 -0.062104
-0.603851 0.053248 -0.072219
-0.607172 0.065889 -0.047152
-0.601641 0.054072 -0.035474
-0.629768 0.051849 -0.073729
-0.671572 0.055253 -0.026100
-0.704672 0.023340 -0.020513
-0.749260 -0.004439 -0.063626
-0.842900 -0.029672 0.064570
-0.928838 -0.040444 -0.186223
-1.024506 -0.030894 0.112524
-1.096506 -0.031992 -0.226221
-1.126922 0.094921 0.149112
-0.994452 0.169475 -0.304205
-0.881364 0.201787 0.116762
-0.764105 0.164295 -0.171433
-0.774362 0.129479 0.079348
-0.749054 0.128370 -0.108542
-0.790101 0.143117 0.040290
-0.745889 0.120412 -0.087245
-0.724457 0.108660 0.064699
-0.582533 0.073914 -0.035247
-0.454957 0.062264 0.040450
-0.289109 0.031625 0.011695
-0.244521 0.071183 0.044605
-0.258027 0.062735 0.029750
-0.342107 0.073177 0.031940
-0.310546 0.078989 0.235115
-0.180436 0.110721 0.032018
-0.354917 -0.018345 -0.112744
-0.515104 0.037578 -0.036996
-0.586548 0.054873 -0.091173
-0.573846 0.053016 -0.019513
-0.580977 0.032468 -0.024052
-0.552127 0.022813 -0.043659
-0.526321 0.007943 -0.032604
-0.553234 0.012308 -0.103352
-0.589170 0.013775 -0.035158
-0.656871 0.041010 -0.060681
-0.709159 0.027486 -0.020243
-0.804939 0.017747 0.010564
-0.915907 -0.026942 -0.005093
-1.018948 -0.033003 0.090334
-1.160661 -0.028325 -0.106794
-1.174320 0.052297 -0.031528
-1.104478 0.117483 -0.053986
-0.902318 0.172395 -0.053435
-0.794132 0.129384 -0.083797
-0.729908 0.142448 0.035158
-0.761100 0.112847 -0.060649
-0.747977 0.127118 0.030393
-0.758765 0.099162 -0.021048
-0.690341 0.068751 0.036008
-0.611168 0.052270 0.032392
-0.449484 0.043378 0.048476
-0.310185 0.044026 -0.000286
-0.210557 0.100769 -0.021185
-0.237216 0.072184 0.086553
-0.306850 0.074410 0.009954
-0.298493 0.011025 0.176686
-0.171488 0.064932 0.024239
-0.329987 -0.003970 -0.147258
-0.513762 0.071873 -0.000899
-0.546343 0.054909 -0.054350
-0.563361 0.055429 -0.024953
-0.540981 0.022768 -0.051658
-0.534181 0.028147 0.015640
-0.501378 0.015724 0.015843
-0.512762 0.033202 -0.003091
-0.538849 0.036219 0.000122
-0.599737 0.036444 0.057581
-0.651413 0.014039 -0.014433
-0.729824 -0.014420 0.083256
-0.804781 -0.041642 -0.122561
-0.932066 -0.022374 0.185222
-1.007278 -0.001251 -0.127944
-1.090168 0.064245 0.121293
-0.970343 0.117505 -0.231505
-0.834774 0.120502 0.168583
-0.672757 0.100680 -0.136424
-0.631753 0.085912 0.111776
-0.660664 0.045152 -0.093666
-0.690346 0.050416 0.073486
-0.654170 0.044723 -0.007740
-0.599695 0.043313 0.063225
-0.455925 0.039978 -0.001526
-0.366117 0.042917 0.062039
-0.267832 0.035525 0.023746
-0.265022 0.076162 0.022128
-0.283298 0.057560 0.038498
-0.342678 0.034281 -0.025298
-0.306969 0.021196 0.219815
-0.141408 0.056189 0.025092
-0.353786 0.016068 -0.113510
-0.518368 0.079313 -0.065105
-0.582751 0.086598 -0.110301
-0.548225 0.058031 -0.030749
-0.541224 0.040783 -0.033072
-0.486462 0.017309 -0.072612
-0.437299 0.000125 -0.089178
-0.426751 -0.008453 -0.052539
-0.474821 0.007117 -0.092607
-0.548083 0.045634 -0.021809
-0.647618 0.023058 -0.078352
-0.696683 0.016662 0.056416
-0.830374 -0.020595 -0.009092
-0.936878 -0.037603 0.024158
-1.101697 -0.017918 -0.112160
-1.074003 0.047617 0.073055
-1.053596 0.111270 -0.074492
-0.827084 0.162342 0.028888
-0.730733 0.132194 -0.113183
-0.620582 0.119805 0.029912
-0.629583 0.073397 -0.013655
-0.598456 0.065327 0.019290
-0.570372 0.024360 -0.014017
-0.462247 0.011143 0.001840
-0.358777 -0.008198 0.042581
-0.233487 -0.004331 0.033357
-0.121242 0.004243 0.035135
-0.059722 0.076689 -0.064237
-0.065450 0.050879 0.077047
-0.146924 0.024489 -0.040017
-0.092576 -0.028763 0.129340
-0.006706 0.041126 -0.052519
-0.340580 0.031413 -0.159532
-0.556979 0.117834 -0.026860
-0.570336 0.088632 -0.092803
-0.579664 0.093527 -0.050360
-0.527340 0.059330 -0.103933
-0.501854 0.072846 -0.033439
-0.433710 0.045727 -0.061777
-0.378897 0.056845 -0.056506
-0.361176 0.040385 -0.100608
-0.386472 0.060136 0.036015
-0.492362 0.031458 -0.057229
-0.553748 0.026846 0.027979
-0.620742 -0.006262 -0.159427
-0.788893 -0.011355 0.136406
-0.932997 -0.023464 -0.122602
-1.028510 0.048547 0.088403
-0.917271 0.065077 -0.266973
-0.762483 0.101071 0.147866
-0.649977 0.088021 -0.147376
-0.576011 0.091582 0.092169
-0.570198 0.034945 -0.046434
-0.571886 0.050383 0.065250
-0.486632 0.015336 0.011904
-0.387505 -0.000333 0.045985
-0.245480 -0.001309 -0.015082
-0.139393 -0.003882 0.029663
-0.029933 0.002527 0.020712
-0.001957 0.053378 0.027896
-0.051513 0.056652 0.047603
-0.072367 0.029915 -0.042075
-0.012753 0.015902 0.193259
0.097095 0.073229 -0.041149
-0.463744 0.039072 -0.105274
-0.610839 0.121657 -0.004383
-0.632914 0.128822 -0.040799
-0.589953 0.112212 -0.007466
-0.553302 0.090175 -0.025639
-0.496374 0.083736 -0.019487
-0.373930 0.064692 -0.055792
-0.310311 0.054987 -0.056952
-0.288720 0.022901 -0.023584
-0.333438 0.032268 -0.034128
-0.450909 -0.008574 -0.042348
-0.497644 -0.030844 0.066718
-0.655967 -0.078346 0.054374
-0.719310 -0.078888 0.078713
-0.963682 -0.072262 -0.050388
-0.989365 -0.033284 0.051193
-0.933162 0.047921 0.004802
-0.657690 0.116654 0.005453
-0.573234 0.109384 -0.047622
-0.491882 0.110367 0.010541
-0.478764 0.040219 -0.042942
-0.432104 0.054357 0.030592
-0.353010 -0.009858 0.012361
-0.178973 -0.021995 0.040894
-0.075777 -0.087260 0.045512
0.031895 -0.048127 0.072011
0.080620 -0.073797 0.003093
0.177817 0.013731 -0.036148
0.155703 0.012006 0.050740
0.146321 0.009916 -0.066197
0.152144 0.006584 0.164108
0.213354 0.096430 -0.004921
-0.392912 0.054437 -0.127492
-0.576233 0.170090 -0.003024
-0.586925 0.150680 -0.085849
-0.582316 0.160733 -0.041125
-0.518231 0.124056 -0.096985
-0.464126 0.118030 0.013679
-0.339079 0.075694 0.008452
-0.287805 0.043663 -0.031018
-0.255658 0.025359 -0.004754
-0.276746 0.019778 -0.017150
-0.326085 0.007355 0.026142
-0.384990 -0.018280 0.080122
-0.509728 -0.051574 -0.091247
-0.637965 -0.076464 0.136780
-0.773372 -0.060647 -0.073476
-0.894116 -0.005684 0.052594
-0.809905 0.006123 -0.214803
-0.679321 0.046954 0.221979
-0.509925 0.060333 -0.015850
-0.475642 0.088924 0.126334
-0.453683 0.039037 -0.003989
-0.473470 0.046390 0.044670
-0.309171 -0.010006 0.037586
-0.182620 -0.033377 0.070459
0.041879 -0.050743 0.011555
0.169244 -0.049068 0.146881
0.333528 -0.029417 0.017696
0.384507 0.016812 0.013876
0.324608 0.055368 0.098989
0.219940 0.001504 -0.047863
0.287924 0.033322 0.197980
0.314614 0.084725 0.020539
-0.450642 0.073886 -0.106935
-0.590386 0.147075 -0.083827
-0.607009 0.191184 -0.112374
-0.553012 0.153378 -0.044258
-0.571910 0.135356 -0.042145
-0.501227 0.115527 -0.096224
-0.399759 0.100283 -0.046434
-0.292869 0.081672 -0.065012
-0.228309 0.075895 0.024317
-0.214076 0.040931 -0.040671
-0.291738 -0.011006 0.064308
-0.298212 -0.023373 0.003297
-0.389960 -0.066515 0.095613
-0.459872 -0.044728 0.126822
-0.673937 -0.034670 -0.054552
-0.706746 -0.025568 0.153267
-0.759830 0.012437 0.084274
-0.570157 0.033935 0.131707
-0.511375 0.010064 -0.084247
-0.397799 0.057174 0.090691
-0.352590 0.005352 0.044267
-0.320434 0.034628 0.051528
-0.247724 -0.024323 0.111055
-0.046628 -0.039302 0.017940
0.061516 -0.108087 0.163857
0.178257 -0.103398 0.139024
0.203579 -0.093263 0.065407
0.275018 -0.007970 0.036347
0.270152 -0.017896 0.081434
0.222406 -0.028451 0.057711
0.253680 -0.052460 0.161646
0.270202 0.072529 -0.011451
-0.269581 0.029809 -0.198820
-0.437030 0.149288 -0.011090
-0.455060 0.157973 -0.082795
-0.434932 0.152863 -0.086989
-0.394104 0.135364 -0.107589
-0.364233 0.125999 -0.053733
-0.243372 0.083571 -0.034930
-0.155682 0.036759 -0.057634
-0.113753 0.034433 -0.024137
-0.101742 0.026894 0.041956
-0.147993 0.025878 0.126551
-0.142724 -0.003579 0.052358
-0.165640 -0.005920 0.052794
-0.213893 0.018176 0.094092
-0.312491 -0.003721 0.033830
-0.440804 0.063041 0.079182
-0.455900 0.000753 -0.162765
-0.421559 0.075912 0.201187
-0.382377 0.011141 0.044645
-0.301260 0.062353 0.152068
-0.230705 0.029752 0.119038
-0.218930 0.038289 0.063950
-0.116313 -0.000088 0.160804
0.001769 -0.069711 0.010633
0.092284 -0.066567 0.168889
0.198358 -0.073094 0.068080
0.275335 -0.025717 0.120864
0.267828 0.031311 0.103295
0.169341 0.039524 0.109543
0.106492 0.022677 0.057572
0.154771 0.017627 0.184045
0.252353 0.069358 0.065978
-0.389557 0.014069 -0.126592
-0.504341 0.092294 -0.016032
-0.504732 0.163537 -0.111207
-0.485472 0.146446 -0.072417
-0.455307 0.149660 -0.089294
-0.381634 0.130079 -0.084621
-0.249046 0.074767 -0.027605
-0.116905 0.067317 0.053467
-0.023222 0.006765 0.078401
0.064800 0.018575 0.064311
0.125408 -0.018536 0.033041
0.203335 -0.021734 0.098409
0.256292 -0.071652 -0.028098
0.270568 -0.017940 0.154684
0.097468 -0.036016 -0.034945
-0.007107 0.013314 0.119570
-0.059330 0.032149 -0.039505
0.075888 0.044492 0.186408
0.070417 -0.015223 -0.113654
0.168068 0.040681 0.082260
0.213438 -0.003005 -0.050526
0.241514 -0.004192 0.047165
0.240742 -0.040028 0.081241
0.324293 -0.084786 0.084137
0.338931 -0.135606 0.119978
0.412014 -0.119375 0.064416
0.328814 -0.111775 0.126009
0.283756 -0.017115 0.061687
0.173123 -0.024713 0.138428
0.155906 -0.024353 -0.032801
0.141636 -0.068841 0.208970
0.218058 0.053281 0.024812
-0.288020 0.028101 -0.155969
-0.393007 0.126039 0.036452
-0.314952 0.147575 -0.035714
-0.236993 0.144319 -0.050621
-0.164253 0.130731 -0.140017
-0.127593 0.120532 0.015797
0.026965 0.044453 0.035360
0.136306 0.019162 0.014966
0.193609 0.003937 0.071862
0.278069 0.025442 0.041059
0.328523 0.041602 0.126156
0.371685 0.029802 0.062230
0.401412 -0.014852 0.017213
0.354689 -0.001339 0.088826
0.390020 -0.042417 0.009230
0.195453 0.062956 0.222627
0.223503 -0.006741 -0.093135
0.181673 0.042174 0.203836
0.318244 -0.028483 -0.025551
0.305647 0.026335 0.192327
0.350569 -0.014309 -0.002654
0.354107 -0.014024 0.043595
0.515046 -0.042689 0.090595
0.560434 -0.089938 0.068610
0.560525 -0.100003 0.093031
0.529255 -0.074763 0.101963
0.575343 -0.035146 0.164985
0.552657 0.012079 -0.033928
0.437527 0.011877 0.162781
0.306178 -0.018802 -0.044724
0.255391 0.009985 0.306113
0.290249 0.076647 0.035917
-0.280032 0.048630 -0.153863
-0.350020 0.132896 -0.114773
-0.309430 0.181117 -0.232459
-0.205284 0.161651 -0.061851
-0.199985 0.148839 -0.081248
-0.127332 0.119978 0.015400
0.024371 0.071045 0.014303
0.219709 0.028442 0.054804
0.293333 0.001378 0.099193
0.366518 -0.009100 0.097758
0.460943 0.006874 0.170478
0.628744 -0.008155 0.067707
0.676268 -0.045241 0.196914
0.657193 -0.015688 0.166707
0.557658 -0.033058 0.053856
0.505044 0.020065 0.043773
0.439097 -0.032529 0.187619
0.524309 -0.002557 0.145867
0.575439 -0.040710 0.008160
0.704070 -0.012817 -0.035966
0.643943 -0.043561 0.086550
0.624690 0.007227 0.091448
0.601662 -0.034990 0.122390
0.738975 -0.067103 0.093617
0.690674 -0.112463 0.194207
0.691346 -0.091968 0.112550
0.618118 -0.060259 0.086603
0.655807 -0.012667 0.071582
0.521395 -0.038613 0.269386
0.490702 -0.087103 -0.068088
0.471757 -0.089803 0.200063
0.442634 0.041749 0.004734
-0.076311 0.084323 -0.188841
-0.124644 0.147879 0.001661
-0.040392 0.151776 0.019674
0.046890 0.085399 -0.073488
0.130493 0.100993 -0.045293
0.148760 0.064496 0.019807
0.300860 0.082805 0.130764
0.417772 0.033312 0.010565
0.457534 0.072439 0.114538
0.554387 0.048789 0.130997
0.676707 0.058337 0.209540
0.840628 -0.008129 0.053036
0.880975 -0.019682 0.106507
0.898412 -0.040960 0.107704
0.951923 -0.062321 0.179526
0.896459 -0.009832 0.091086
0.802468 -0.035715 0.037476
0.673510 -0.020229 0.147475
0.689990 -0.065805 0.153836
0.730548 -0.044449 0.126367
0.742765 -0.027232 0.151020
0.753223 -0.048154 0.074960
0.759346 -0.036094 0.296995
0.699450 -0.080498 0.092295
0.635764 -0.081596 0.223373
0.630721 -0.086577 0.208707
0.678873 -0.041863 0.260684
0.617432 -0.036193 0.052715
0.507984 -0.041215 0.160687
0.411093 -0.109644 0.054480
0.404784 -0.092421 0.238855
0.399687 0.012879 0.037031
-0.109863 0.066893 -0.175285
-0.095471 0.153154 -0.086637
0.011736 0.215592 -0.145401
0.105340 0.165873 -0.084642
0.180956 0.150584 -0.098933
0.265344 0.116684 -0.028952
0.403215 0.107388 0.103205
0.605995 0.073614 0.050464
0.791876 0.046708 0.027688
0.933432 0.022287 0.104804
1.043623 0.022010 0.100524
1.142873 0.021030 0.235289
1.238656 0.018578 0.038324
1.371309 0.026506 0.079537
1.312507 0.033845 0.134517
1.314398 0.059333 0.169091
1.269113 0.017360 0.048199
1.206234 -0.025972 0.107170
1.088617 0.002274 0.075676
1.060551 0.012253 0.134051
0.966506 0.008236 0.026709
0.943283 0.024215 0.060545
0.813064 0.037758 0.171371
0.816709 -0.033264 0.176827
0.775180 -0.067459 0.113133
0.800964 -0.052910 0.067768
0.715688 -0.017822 0.154533
0.725386 -0.000408 0.136213
0.641272 -0.031556 0.143759
0.577414 -0.087312 0.031242
0.435141 -0.123755 0.186716
0.422519 -0.022613 0.054540
0.099077 0.088938 -0.142846
0.121216 0.173231 0.016341
0.204596 0.191410 0.021231
0.308554 0.175336 -0.062560
0.401417 0.159522 0.008155
0.387160 0.128555 0.006817
0.523911 0.129066 0.103448
0.627156 0.127469 0.000108
0.748124 0.116218 0.155842
0.833198 0.090099 0.178326
1.053344 0.053753 0.067377
1.228616 0.000207 0.115000
1.257600 -0.034344 0.143204
1.294326 -0.062537 0.266680
1.409626 -0.079561 0.091726
1.396714 -0.079682 0.138390
1.325067 -0.073585 0.212020
1.187131 -0.118520 0.241870
1.179377 -0.136391 0.101869
1.147541 -0.119928 0.159185
1.014987 -0.066017 0.190158
0.913986 -0.084916 0.195763
0.854881 -0.105411 0.191211
0.813893 -0.157365 0.083408
0.750082 -0.131080 0.256490
0.743206 -0.138368 0.177655
0.739123 -0.084147 0.186300
0.753623 -0.082298 0.056910
0.738847 -0.065998 0.159221
0.673810 -0.166744 0.029069
0.649477 -0.147897 0.192343
0.533330 -0.083800 0.078650
0.134568 0.085534 -0.102816
0.244504 0.191852 -0.166790
0.402771 0.255157 -0.138734
0.596445 0.246595 -0.167023
0.642265 0.192487 -0.021293
0.733521 0.187491 -0.136022
0.774134 0.159598 0.002274
0.883797 0.149577 0.039344
0.978120 0.075491 0.059660
1.128291 0.058328 0.057554
1.110784 0.035384 0.008360
1.219254 0.039216 0.252002
1.275086 0.011157 0.120492
1.366140 -0.001127 0.144117
1.266424 -0.021342 0.015898
1.290416 -0.019540 0.224626
1.266806 -0.059002 0.133081
1.278905 -0.076803 0.117111
1.166446 -0.073162 0.048992
1.141003 -0.057367 0.186829
1.076964 -0.021784 0.107790
1.044211 -0.023196 0.073968
0.918700 -0.053988 0.058387
0.905215 -0.091974 0.098443
0.827701 -0.074738 0.166894
0.878952 -0.046387 0.062478
0.830674 -0.009809 0.032526
0.837462 -0.015556 0.064134
0.766374 -0.037435 0.146764
0.718960 -0.118672 0.023757
0.595937 -0.130910 0.082818
0.511342 -0.048766 -0.046782
0.358413 0.113758 -0.063793
0.324103 0.265236 0.034196
0.412523 0.283442 0.008841
0.530727 0.254005 -0.064951
0.650958 0.232262 -0.055619
0.678560 0.232550 -0.026639
0.759262 0.243482 0.039379
0.769299 0.254598 0.073158
0.877163 0.226753 0.031857
0.883520 0.179935 0.155060
1.064328 0.155137 0.121474
1.077186 0.102120 0.185058
1.163422 0.096702 0.147632
1.118318 0.055876 0.305466
1.272963 0.063768 0.202687
1.202827 0.022667 0.229206
1.186674 0.058182 0.172389
1.063723 -0.000445 0.298318
1.111351 -0.009422 0.212129
1.057170 -0.020137 0.237826
1.018414 0.018075 0.152999
0.925871 0.023048 0.264222
0.925417 0.026514 0.188685
0.857719 -0.013063 0.169412
0.801941 0.013442 0.151986
0.786528 0.009476 0.186007
0.797486 0.050618 0.185211
0.784519 0.026424 0.117841
0.763405 0.025301 0.094699
0.716823 -0.052816 0.142610
0.651401 -0.071834 0.143446
0.547967 -0.023512 0.088465
