1.084077 -0.218192 -0.150930
0.737704 -0.193146 -0.134982
0.736821 -0.249292 0.100607
0.045237 0.113962 -0.210409
0.391920 -0.183494 0.139477
1.098601 -0.070831 -0.117610
0.376631 -0.031914 0.167546
-0.027346 0.106362 -0.183117
1.339536 -0.107495 -0.008054
0.043036 0.137835 0.047860
-0.111520 0.011531 0.148629
0.326033 0.013162 0.070084
0.033665 0.048032 0.107552
0.912122 -0.299230 0.248738
-0.090900 0.080652 -0.095149
1.491910 -0.220346 0.068517
0.530541 -0.200916 -0.065334
0.975649 -0.247049 0.108693
-0.219036 0.120680 -0.196967
-0.297131 -0.014534 -0.322431
0.884405 -0.277480 0.041549
0.702209 -0.025749 -0.093449
0.823381 -0.073677 -0.217968
-0.108722 -0.031536 -0.312320
0.083587 -0.153936 0.231962
1.014794 -0.283918 0.120549
-0.096031 0.203365 -0.089024
1.005498 -0.309302 0.124833
-0.449133 0.112162 0.006131
0.509179 -0.215807 -0.129399
-0.504573 0.043117 -0.425550
0.176618 -0.028654 -0.159235
0.628146 -0.041063 -0.220883
0.740383 -0.090737 -0.162171
1.061237 -0.091979 -0.173709
1.021007 -0.047955 -0.116909
1.224387 -0.142169 0.088440
0.473977 0.005622 -0.201262
0.849999 -0.222261 0.186103
0.029484 -0.046514 -0.281252
-0.259672 0.026392 0.106783
0.141428 0.059447 0.075410
0.179340 -0.121467 0.198392
0.048727 -0.104414 -0.277729
-0.089134 -0.176480 -0.283948
0.118086 -0.230732 -0.228882
-0.347570 -0.264416 0.067203
1.157573 -0.166682 0.165957
-0.135499 0.039718 -0.312176
1.387983 -0.160599 0.184984
1.654566 -0.276325 0.170829
0.432239 0.035392 -0.160096
0.364208 -0.007139 -0.077795
-0.019088 -0.124993 0.263132
-0.059760 -0.128632 0.163294
1.227383 -0.205796 0.040693
1.583186 -0.211408 -0.249997
0.356300 -0.096189 -0.075954
-0.490918 0.129558 -0.327868
1.037256 -0.094022 -0.135407
-0.440226 -0.098189 -0.334308
0.101519 -0.003747 -0.228715
-0.331616 -0.314975 0.154688
0.116056 -0.323159 0.125461
-0.133653 -0.179958 -0.195473
0.488911 -0.137435 -0.235585
-0.315434 0.016874 0.161016
0.243827 -0.160765 0.208406
-0.048344 -0.000878 -0.044208
-0.416776 -0.058788 0.325576
0.688300 -0.155692 -0.260034
0.887633 -0.042409 -0.190856
-0.368148 -0.091726 0.240591
1.017140 -0.091702 0.258809
1.178120 -0.031827 -0.072950
0.497727 -0.126893 -0.172846
0.668780 -0.065688 0.271512
0.277737 -0.252641 -0.186525
0.391278 -0.124206 0.203317
0.308531 0.112868 -0.101717
0.189925 -0.281018 -0.036367
-0.412560 -0.160543 0.167503
1.539294 -0.190353 -0.159919
-0.614311 -0.050347 0.174972
0.433130 -0.314243 -0.163727
0.018014 -0.050230 -0.284504
0.605649 -0.181090 -0.171017
0.987747 -0.169702 -0.163428
-0.271855 0.115963 -0.123330
1.274185 -0.129751 -0.202277
-0.469986 -0.249198 0.134696
0.873748 -0.129463 -0.011281
0.079410 -0.087107 0.261787
-0.340108 -0.145818 0.190596
0.995901 -0.181701 0.029792
1.291383 -0.251231 0.008305
-0.096907 -0.314147 0.106483
0.611732 -0.017579 -0.247223
0.743362 -0.172306 0.090351
-0.161085 -0.065501 -0.282175
-0.365946 -0.053435 0.104048
-0.159292 0.206192 0.040741
0.796511 -0.179053 -0.292162
0.359390 -0.053211 0.204354
0.450177 -0.170707 -0.223202
0.381913 -0.020501 -0.171366
-0.279042 0.189324 -0.057227
-0.184061 0.145270 -0.205732
0.447978 -0.069413 0.084257
0.320100 -0.073012 -0.289647
-0.477117 0.121426 0.058152
0.270128 -0.175960 -0.254787
0.718647 -0.271686 0.205846
0.559262 0.016598 0.021223
1.084689 -0.133257 -0.065119
-0.722249 -0.140531 -0.366797
0.069290 -0.197474 0.202580
0.871387 -0.056101 -0.133838
0.945149 -0.201461 -0.247454
-0.382665 0.106179 -0.285963
0.587002 -0.169128 0.097116
0.369505 -0.187471 0.180467
0.135205 -0.180847 -0.199549
0.732530 -0.041653 -0.094945
0.770097 -0.156487 -0.229791
0.577104 -0.012885 -0.027927
0.572788 -0.062120 -0.291947
0.360715 0.000567 -0.025450
0.796501 -0.291173 -0.031884
-0.493172 -0.142257 -0.297938
0.829663 -0.116984 -0.165340
0.102496 -0.201156 -0.172378
-0.186068 0.060798 -0.188254
0.738767 -0.062317 -0.110076
-0.410528 -0.117211 -0.338280
0.651730 -0.029519 0.269935
0.747769 -0.077551 -0.039794
-0.213278 0.094112 0.061451
-0.271820 -0.237092 -0.286561
0.092337 0.068975 -0.103566
0.983552 -0.204416 -0.185081
-0.257928 0.073617 -0.244734
-0.167702 -0.148848 0.211238
-0.133171 -0.086652 -0.290719
0.470451 -0.075576 0.193646
0.557123 -0.112803 0.111808
-0.352428 -0.221723 -0.315073
-0.062239 -0.082887 0.184965
-0.369245 0.177666 -0.064533
0.235611 0.128392 -0.199302
1.196421 -0.086568 -0.077176
0.817286 -0.050954 -0.190368
0.454629 -0.091453 -0.205428
0.092729 -0.116625 -0.301264
-0.151200 -0.191959 -0.301614
0.042222 -0.081305 0.130894
0.577625 0.014863 -0.162556
-0.406585 0.103196 -0.071594
1.624993 -0.304330 -0.202839
-0.269801 -0.206680 0.143055
-0.661458 -0.266794 -0.366720
1.413268 -0.150701 -0.234714
0.897532 -0.190037 -0.177108
0.469351 -0.131087 0.085054
0.356702 -0.059555 -0.256718
0.852214 -0.034831 -0.306289
0.765903 -0.083835 -0.094989
0.170186 -0.014825 -0.265598
0.818719 -0.076475 -0.145931
-0.100712 -0.189505 -0.290643
0.949911 -0.064825 -0.193820
-0.080634 -0.053043 0.103716
-0.186117 -0.091492 0.180678
0.411467 0.065040 -0.166601
0.722841 -0.163803 -0.304316
0.219548 0.131282 -0.070228
1.023984 -0.144918 -0.010194
1.037492 -0.196387 -0.216426
0.087825 -0.324130 0.054766
0.560453 -0.163097 0.200612
1.021586 -0.102034 -0.071458
-0.043268 0.134274 -0.143789
0.461262 0.068922 -0.129123
1.147313 -0.144515 -0.163571
0.229169 -0.180386 0.071366
0.628819 -0.236010 -0.005730
1.679620 -0.152493 -0.093640
-0.390630 0.009081 -0.288514
0.719645 -0.109698 0.072022
0.082641 -0.076355 -0.257757
-0.091190 0.023023 -0.387376
0.613564 0.026599 -0.224758
0.931597 -0.287396 -0.172736
0.172506 0.054616 -0.300527
-0.424708 -0.076501 0.171736
0.690770 -0.196752 -0.008809
0.901017 -0.269508 -0.034699
0.414328 -0.321447 0.027087
-0.103986 -0.317839 -0.082948
1.352319 -0.035242 -0.252735
1.265469 -0.137557 -0.053146
-0.123260 0.070379 -0.005302
0.897694 -0.039810 -0.078122
-0.145012 -0.100320 0.191300
1.065520 -0.245271 0.000514
0.892592 -0.033442 0.015431
-0.202373 -0.097016 -0.219818
0.608423 -0.097930 0.025157
-0.131448 -0.138110 0.223373
1.404047 -0.208260 -0.105858
0.583074 -0.049298 -0.132361
0.697883 0.028489 -0.166517
0.589090 -0.018494 -0.155181
0.685608 -0.024341 0.123053
-0.335605 0.127315 0.022477
-0.121606 -0.233732 -0.180621
-0.162057 0.009663 -0.242190
0.636282 -0.175472 -0.153539
-0.178601 -0.078053 -0.293490
1.001574 -0.134664 -0.011439
-0.311174 -0.008124 -0.343009
-0.175665 0.039049 0.044787
-0.573014 -0.041585 -0.437588
0.016278 -0.197712 0.101585
-0.493627 -0.118623 0.232126
0.885792 -0.141741 0.124970
0.089493 -0.294650 -0.147212
-0.610631 -0.081670 -0.389515
1.181157 -0.228247 0.124285
0.230559 -0.217749 -0.062561
0.794462 -0.010305 0.009161
1.007752 -0.044942 -0.201417
-0.426227 -0.344205 -0.032537
-0.260201 -0.109401 -0.288725
-0.073459 -0.121175 -0.256134
0.679069 -0.020783 -0.213282
-0.161022 -0.260731 0.109545
-0.035099 0.177437 0.000117
-0.514263 -0.227224 -0.136389
-0.367926 0.040144 -0.179385
0.099732 -0.063096 -0.285324
-0.293378 -0.140164 0.160731
0.292704 -0.296802 0.047294
1.502032 -0.104021 -0.067839
-0.532722 -0.292306 -0.321704
0.231701 -0.055943 0.088113
-0.393479 0.067149 0.042035
0.957683 -0.163489 0.124189
-0.188683 -0.176559 -0.269620
-0.570992 -0.399332 -0.187379
-0.368182 -0.282901 -0.246129
0.792019 -0.194143 0.016088
-0.244261 -0.265490 -0.165896
-0.179075 0.157091 -0.124818
0.340697 -0.035569 -0.187767
-0.160800 -0.239067 0.163116
-0.166509 -0.504380 -0.186107
-0.262932 -0.457613 0.226832
-0.348474 -0.393988 -0.361623
-0.337442 -0.337149 0.446087
-0.485912 -0.385994 -0.152115
-0.520418 -0.315613 0.417204
-0.543643 -0.367190 -0.442981
-0.591395 -0.259507 0.578976
-0.813876 -0.412737 -0.268988
-0.904712 -0.333250 0.472517
-0.963141 -0.414439 -0.605150
-1.037260 -0.218699 0.771949
-1.208405 -0.344800 -0.410514
-1.279819 -0.182673 0.486522
-1.273309 -0.209778 -0.663004
-1.229834 -0.018792 0.543167
-1.223496 -0.123429 -0.483367
-1.127278 0.035982 0.351953
-1.010502 -0.089033 -0.631259
-0.947264 0.063749 0.540654
-1.012994 -0.003066 -0.331837
-0.924610 0.126204 0.195827
-0.796699 0.070892 -0.494926
-0.662976 0.134963 0.306593
-0.638307 0.097045 -0.174991
-0.550574 0.124617 0.068253
-0.411342 0.055599 -0.330971
-0.332212 0.096919 0.287696
-0.338011 0.040667 -0.150426
-0.305859 0.057243 0.199305
-0.262238 0.097532 -0.103637
-0.140650 0.211530 0.086026
-0.654278 -0.447685 -0.249148
-0.713066 -0.476875 -0.057267
-0.772026 -0.526148 -0.053868
-0.755229 -0.443065 0.284876
-0.767471 -0.434755 -0.274810
-0.804053 -0.326505 0.520752
-0.935459 -0.444166 0.007591
-1.030515 -0.359512 0.402859
-1.135158 -0.484905 -0.239708
-1.254959 -0.362532 0.544712
-1.419369 -0.521535 0.064775
-1.561442 -0.338911 0.407232
-1.646210 -0.353779 -0.319035
-1.747243 -0.126208 0.551011
-1.734004 -0.239697 -0.103988
-1.747080 -0.040311 0.310151
-1.586827 -0.135153 -0.453630
-1.513225 -0.022672 0.384151
-1.400133 -0.181484 -0.208912
-1.354940 -0.032519 0.220079
-1.228569 -0.063172 -0.415490
-1.146584 0.052327 0.350472
-1.049045 -0.053297 -0.139449
-0.941255 -0.005289 0.186728
-0.797378 0.000770 -0.297102
-0.682366 0.030995 0.273129
-0.630045 -0.061220 0.017530
-0.513027 -0.042441 0.157314
-0.470753 -0.053330 -0.155258
-0.412755 -0.086298 0.207717
-0.382458 -0.072310 0.225143
-0.242509 0.046854 0.233823
-0.659896 -0.378929 0.136937
-0.809370 -0.448931 0.115645
-0.957428 -0.500247 -0.024332
-0.880513 -0.395196 0.288068
-1.045496 -0.427765 0.144751
-0.988679 -0.368789 0.092809
-1.179016 -0.450949 -0.062966
-1.198101 -0.375444 0.213601
-1.501099 -0.452483 0.257072
-1.440312 -0.400317 -0.010517
-1.701702 -0.437714 -0.042880
-1.720809 -0.294397 0.129572
-2.031934 -0.276546 0.192101
-2.075893 -0.159674 -0.027441
-2.307279 -0.183968 -0.052163
-2.172151 -0.043523 0.151799
-2.118913 -0.075289 0.142445
-1.835333 -0.002493 -0.018139
-1.716190 -0.021728 -0.133961
-1.552744 0.114140 0.095342
-1.526823 0.125994 0.050816
-1.368985 0.201177 -0.059731
-1.269673 0.195233 -0.215389
-1.134303 0.280447 -0.017227
-1.060098 0.248417 -0.020586
-0.850655 0.234339 -0.071252
-0.802220 0.184356 -0.190000
-0.655434 0.212882 0.030650
-0.693843 0.170958 0.086541
-0.627959 0.126119 0.098931
-0.656883 0.095385 0.060475
-0.406303 0.162306 -0.082406
-0.839871 -0.396028 -0.114329
-1.000550 -0.507655 -0.038564
-1.032383 -0.514306 0.019002
-0.998622 -0.465580 0.192374
-1.034294 -0.509482 -0.149618
-1.109163 -0.458596 0.375997
-1.249475 -0.552180 0.086689
-1.354804 -0.542126 0.164047
-1.465022 -0.578398 -0.181397
-1.561034 -0.516835 0.284561
-1.644682 -0.528703 0.057463
-1.770779 -0.435522 0.116291
-1.923870 -0.365479 -0.215631
-2.081260 -0.227994 0.206800
-2.107897 -0.252018 0.002135
-2.119393 -0.169838 0.045330
-1.887967 -0.190719 -0.209685
-1.768206 -0.066774 0.191237
-1.548780 -0.120642 -0.132181
-1.460369 0.008360 0.029418
-1.318185 0.037858 -0.312307
-1.282736 0.168218 0.162886
-1.162966 0.130287 -0.154522
-1.064130 0.180664 0.035642
-0.884387 0.194834 -0.253456
-0.746106 0.222606 0.163287
-0.618879 0.179828 -0.099905
-0.532197 0.154053 0.099513
-0.497280 0.163683 -0.122545
-0.473976 0.113974 0.139499
-0.393570 0.096080 0.060754
-0.273230 0.159092 0.198717
-0.684391 -0.440137 0.095726
-0.828267 -0.461339 0.139721
-0.916414 -0.503928 0.000855
-0.912365 -0.455852 0.131674
-1.049922 -0.463852 0.113780
-1.057736 -0.473205 0.051924
-1.156256 -0.510120 -0.087250
-1.212546 -0.497353 0.170791
-1.379934 -0.483741 0.044557
-1.387667 -0.482236 0.038543
-1.566379 -0.420931 -0.254935
-1.636954 -0.329597 0.181994
-1.831646 -0.232318 -0.103251
-1.954540 -0.179962 0.160982
-2.171912 -0.104917 -0.279649
-2.113609 -0.055743 0.278099
-2.038162 0.005508 -0.077369
-1.773823 0.041345 0.109627
-1.664986 0.153178 -0.219475
-1.514235 0.235333 0.078048
-1.451238 0.320288 -0.062075
-1.347961 0.334904 0.019161
-1.307853 0.399553 -0.165725
-1.198237 0.401568 -0.023319
-1.040915 0.402495 -0.056078
-0.882377 0.357136 0.034008
-0.760712 0.367214 -0.070230
-0.595594 0.333530 0.019208
-0.499277 0.295337 -0.018345
-0.507850 0.234583 0.136396
-0.543707 0.182268 0.079882
-0.361275 0.199926 0.012083
-0.675496 -0.436916 -0.075937
-0.804847 -0.469569 -0.029846
-0.799875 -0.508240 0.044021
-0.845602 -0.480147 0.118381
-0.891674 -0.514759 -0.101821
-0.971378 -0.495324 0.225448
-1.080509 -0.556368 0.063142
-1.198050 -0.578222 0.155460
-1.267616 -0.583149 -0.293070
-1.353775 -0.509965 0.384753
-1.435480 -0.528107 -0.188910
-1.565287 -0.418441 0.259955
-1.655113 -0.365849 -0.510366
-1.769814 -0.199668 0.312594
-1.830114 -0.219776 -0.339762
-1.917730 -0.096973 0.259529
-1.767884 -0.095316 -0.377881
-1.661361 0.039684 0.287630
-1.456944 0.065865 -0.241003
-1.351433 0.166778 0.142910
-1.226559 0.206958 -0.278675
-1.195540 0.290336 0.155019
-1.127894 0.282528 -0.148314
-1.033936 0.311703 0.012105
-0.837020 0.295184 -0.148793
-0.728097 0.315839 0.092340
-0.594470 0.258956 -0.050241
-0.515119 0.244120 0.097988
-0.454350 0.208397 -0.012072
-0.480274 0.166802 0.108454
-0.386144 0.130173 0.141909
-0.312628 0.162242 0.165565
-0.540639 -0.430191 0.073710
-0.656181 -0.416182 0.233363
-0.684263 -0.469958 0.005440
-0.690251 -0.420464 0.229812
-0.799314 -0.430851 0.005843
-0.859728 -0.421694 0.174356
-0.923087 -0.475936 -0.224147
-0.970053 -0.421307 0.338581
-1.113022 -0.431644 -0.182331
-1.182466 -0.428187 0.317867
-1.332900 -0.423555 -0.495295
-1.385640 -0.303257 0.519919
-1.516102 -0.236477 -0.433715
-1.583266 -0.142351 0.447184
-1.684137 -0.138357 -0.575958
-1.694129 -0.058941 0.485403
-1.671706 0.027497 -0.371500
-1.570207 0.091962 0.282223
-1.475277 0.158312 -0.532656
-1.348794 0.225921 0.293245
-1.314467 0.303092 -0.318648
-1.246437 0.305020 0.121635
-1.191580 0.321569 -0.394580
-1.130535 0.337942 0.172522
-1.059355 0.379181 -0.162911
-0.898214 0.364146 0.047331
-0.767437 0.362403 -0.178468
-0.591654 0.346375 0.068038
-0.528366 0.285705 0.033874
-0.521447 0.187048 0.097502
-0.515954 0.122677 0.094841
-0.352334 0.126313 0.006540
-0.561329 -0.404212 -0.037637
-0.627400 -0.406650 0.098680
-0.610034 -0.470374 0.028310
-0.642448 -0.435615 0.238529
-0.664440 -0.437045 -0.112172
-0.731563 -0.404684 0.360818
-0.842889 -0.429226 -0.027538
-0.898770 -0.435510 0.270501
-0.894114 -0.430503 -0.396985
-0.963573 -0.359101 0.562966
-1.091018 -0.410202 -0.452718
-1.236847 -0.323350 0.498510
-1.256140 -0.314496 -0.786178
-1.298697 -0.183612 0.641201
-1.282395 -0.184801 -0.591336
-1.383616 -0.059208 0.474209
-1.315280 -0.001712 -0.699334
-1.312632 0.110386 0.487582
-1.164432 0.108231 -0.484144
-1.118289 0.168659 0.329792
-1.009210 0.177898 -0.540506
-0.978211 0.245406 0.351816
-0.923223 0.198559 -0.301476
-0.900824 0.253128 0.152253
-0.765531 0.263270 -0.335609
-0.696361 0.313680 0.134060
-0.569767 0.238436 -0.091189
-0.517776 0.241240 0.050243
-0.481368 0.170965 -0.062278
-0.509470 0.114718 0.055340
-0.445612 0.054354 0.108842
-0.307284 0.076779 0.101992
-0.442521 -0.418387 0.110227
-0.518314 -0.370854 0.268427
-0.500740 -0.433690 0.060992
-0.504278 -0.389544 0.290317
-0.613814 -0.380278 0.040005
-0.656773 -0.359030 0.207317
-0.693669 -0.363322 -0.192333
-0.722652 -0.350507 0.347320
-0.823445 -0.318788 -0.235195
-0.851865 -0.323991 0.349251
-0.978711 -0.284001 -0.467483
-1.108955 -0.224253 0.581488
-1.236647 -0.213531 -0.358031
-1.220609 -0.151569 0.543274
-1.246658 -0.137730 -0.579145
-1.273619 -0.025207 0.474526
-1.291464 0.067895 -0.387824
-1.221588 0.110682 0.288355
-1.200081 0.126566 -0.513298
-1.132657 0.147772 0.250318
-1.101390 0.163264 -0.280186
-0.989975 0.183839 0.191524
-0.970654 0.179053 -0.309437
-0.926350 0.220645 0.134964
-0.854160 0.221445 -0.153715
-0.735289 0.279174 0.151075
-0.628262 0.243543 -0.096038
-0.537255 0.259800 0.057279
-0.523870 0.162402 -0.045145
-0.508201 0.099968 0.057066
-0.512229 -0.002454 0.062593
-0.328562 0.023883 -0.037429
-0.447402 -0.375319 -0.005718
-0.478130 -0.386808 0.130119
-0.417434 -0.434104 0.118232
-0.384472 -0.420225 0.243217
-0.424509 -0.412042 -0.067094
-0.488764 -0.374371 0.380618
-0.541147 -0.353889 -0.056666
-0.559136 -0.357893 0.263232
-0.565290 -0.335725 -0.352405
-0.648557 -0.296412 0.542804
-0.722276 -0.308587 -0.387070
-0.889941 -0.268231 0.479866
-0.943353 -0.296366 -0.767867
-1.018584 -0.209814 0.697435
-1.002119 -0.168646 -0.590164
-1.076351 -0.083051 0.522154
-0.988289 0.010342 -0.702465
-0.978681 0.057337 0.559128
-0.859682 0.083931 -0.422469
-0.813075 0.075848 0.301986
-0.767853 0.089051 -0.474129
-0.744899 0.100649 0.316866
-0.669923 0.083095 -0.238907
-0.651633 0.104744 0.186969
-0.569560 0.117983 -0.184025
-0.517587 0.172411 0.155647
-0.457846 0.139652 -0.062633
-0.484068 0.129120 0.071443
-0.505991 0.066688 -0.032786
-0.534908 0.003262 0.041437
-0.499215 -0.046338 0.124242
-0.342875 -0.018215 -0.018944
-0.307324 -0.395182 0.095942
-0.374990 -0.363092 0.257787
-0.360610 -0.433851 0.041791
-0.316525 -0.413513 0.320554
-0.387598 -0.387079 0.022841
-0.447938 -0.357423 0.225257
-0.483840 -0.337959 -0.225852
-0.500994 -0.306166 0.445921
-0.573472 -0.268377 -0.247053
-0.608608 -0.252234 0.355848
-0.685998 -0.245984 -0.500863
-0.767064 -0.206373 0.628378
-0.927114 -0.171637 -0.326788
-0.947505 -0.135013 0.479627
-0.982593 -0.135070 -0.637883
-0.956920 -0.044246 0.594616
-0.998804 0.048922 -0.397780
-0.858031 0.074465 0.298303
-0.784816 0.056477 -0.583834
-0.709891 0.066564 0.379741
-0.756639 0.084836 -0.224338
-0.671445 0.085735 0.183669
-0.670930 0.076417 -0.306285
-0.600273 0.091112 0.173097
-0.606258 0.106125 -0.052615
-0.512336 0.108833 0.074730
-0.460824 0.100749 -0.083100
-0.391916 0.129350 0.033609
-0.417171 0.082563 0.025757
-0.460614 0.018155 0.042025
-0.445546 -0.047645 0.084723
-0.305269 0.005789 -0.077802
-0.336146 -0.349607 -0.023327
-0.337894 -0.339205 0.178571
-0.264246 -0.411571 0.085325
-0.216942 -0.417267 0.221364
-0.261251 -0.407882 -0.099180
-0.325430 -0.368852 0.432712
-0.405441 -0.343536 -0.078139
-0.428983 -0.314588 0.346137
-0.382628 -0.301343 -0.468440
-0.430993 -0.235754 0.658774
-0.484633 -0.257231 -0.399944
-0.588785 -0.211854 0.473274
-0.609343 -0.242639 -0.815226
-0.694255 -0.144246 0.859726
-0.741643 -0.139370 -0.541069
-0.781157 -0.095234 0.487478
-0.645769 -0.030684 -0.897424
-0.559022 0.009312 0.804099
-0.461374 -0.002109 -0.415500
-0.419251 -0.025677 0.418953
-0.408711 0.000317 -0.588200
-0.445343 0.047074 0.413866
-0.392532 0.025323 -0.133433
-0.371414 -0.004199 0.227996
-0.322069 0.022086 -0.149083
-0.311549 0.030845 0.131985
-0.285337 -0.000492 -0.013168
-0.289389 0.012848 0.124990
-0.369139 -0.018648 -0.012051
-0.395900 -0.041998 0.104222
-0.415458 -0.069027 0.159392
-0.249499 -0.022268 0.019724
-0.211722 -0.369549 0.109942
-0.276142 -0.329431 0.241833
-0.214986 -0.398829 0.085650
-0.149313 -0.391995 0.270679
-0.186958 -0.395099 0.071965
-0.245042 -0.389006 0.218167
-0.310980 -0.333659 -0.131935
-0.333375 -0.292520 0.449650
-0.408223 -0.245629 -0.150891
-0.401492 -0.218707 0.423639
-0.425344 -0.211495 -0.393541
-0.481479 -0.165634 0.604160
-0.628044 -0.184115 -0.245439
-0.646065 -0.128670 0.456522
-0.720473 -0.128145 -0.413193
-0.721088 -0.063460 0.442295
-0.741141 0.010424 -0.095556
-0.557622 0.001020 0.241583
-0.451899 -0.018477 -0.246659
-0.406377 -0.009218 0.197097
-0.481761 -0.030719 -0.012157
-0.442440 -0.008116 0.146874
-0.464462 -0.056741 -0.035275
-0.413994 -0.060824 0.154761
-0.448135 -0.087458 0.027682
-0.343952 -0.042066 0.159086
-0.363881 -0.095804 0.113405
-0.258715 0.001385 0.102170
-0.329178 -0.032378 0.116205
-0.315706 0.005593 0.128338
-0.330723 -0.053038 0.214715
-0.184022 0.044394 0.078473
-0.216643 -0.309295 -0.000072
-0.207524 -0.309898 0.090491
-0.101920 -0.370843 0.159994
-0.032638 -0.389864 0.125636
-0.072682 -0.393937 0.041422
-0.099285 -0.365333 0.318864
-0.150077 -0.322991 0.050104
-0.160431 -0.306854 0.261458
-0.160317 -0.300001 -0.233684
-0.148558 -0.239295 0.534570
-0.153211 -0.248748 -0.233804
-0.165558 -0.194444 0.477935
-0.273289 -0.239201 -0.539893
-0.359933 -0.164335 0.713839
-0.426470 -0.145800 -0.354059
-0.470746 -0.114075 0.408387
-0.409805 -0.068673 -0.438243
-0.392551 -0.070797 0.591814
-0.299062 -0.061404 -0.059576
-0.273443 -0.108627 0.285551
-0.302164 -0.089155 -0.159339
-0.381017 -0.091163 0.241487
-0.319988 -0.088027 0.042844
-0.286808 -0.157729 0.101993
-0.172462 -0.122174 0.034739
-0.101007 -0.131126 0.182807
0.023752 -0.131194 0.063262
0.027627 -0.105474 0.140942
-0.127143 -0.067648 0.187248
-0.246108 -0.111605 0.145979
-0.277121 -0.072439 0.339924
-0.125552 -0.030330 0.091128
-0.027585 -0.336352 0.079713
-0.084425 -0.315362 0.173333
-0.057341 -0.350126 0.032743
0.056514 -0.359064 0.259832
0.068621 -0.340241 0.060032
0.012355 -0.361634 0.195267
-0.024570 -0.307462 -0.079359
-0.015498 -0.293633 0.366236
-0.033572 -0.212484 -0.069339
-0.011223 -0.239939 0.328101
0.031028 -0.219860 -0.278392
0.056020 -0.186761 0.455049
-0.092584 -0.171196 -0.211343
-0.261740 -0.161953 0.420844
-0.373676 -0.116678 -0.326371
-0.344933 -0.107335 0.457403
-0.401395 -0.036738 -0.090883
-0.313055 -0.076725 0.311255
-0.243955 -0.079767 -0.215513
-0.166034 -0.102233 0.277759
-0.262309 -0.071732 -0.030967
-0.260352 -0.095876 0.146525
-0.272316 -0.116310 0.071568
-0.229706 -0.166660 0.184863
-0.226982 -0.179765 0.245130
-0.139128 -0.178506 0.214002
-0.143287 -0.168442 0.181182
-0.053991 -0.066291 0.270716
-0.130109 -0.088049 0.244570
-0.163984 -0.054542 0.261700
-0.179352 -0.107219 0.297681
-0.054386 -0.003376 0.181828
0.055597 -0.297927 -0.028333
0.064760 -0.289240 0.182932
0.140451 -0.338771 0.132541
0.163192 -0.371038 0.165214
0.141558 -0.352189 0.002231
0.144037 -0.355901 0.369648
0.141093 -0.316685 0.083364
0.158422 -0.317454 0.241029
0.191648 -0.296436 -0.115381
0.242349 -0.281645 0.417902
0.311432 -0.288074 -0.107003
0.289530 -0.240404 0.319936
0.251521 -0.241352 -0.355668
0.083869 -0.151047 0.671736
0.029310 -0.142390 -0.283717
-0.078046 -0.090383 0.432251
-0.049960 -0.066662 -0.466992
-0.100781 -0.061803 0.623547
-0.066735 -0.074710 -0.063678
-0.018997 -0.124877 0.321334
0.000646 -0.112865 -0.108022
-0.063127 -0.123674 0.329988
-0.017035 -0.151757 0.105839
-0.022996 -0.217476 0.150252
0.003386 -0.185826 0.137852
0.027983 -0.171503 0.191666
0.113584 -0.144749 0.259057
0.054371 -0.134906 0.235275
-0.067110 -0.124561 0.243769
-0.132436 -0.154640 0.315752
-0.102311 -0.157520 0.293270
0.042161 -0.071844 0.171159
0.056185 -0.330861 0.125190
0.053336 -0.294243 0.188274
0.109432 -0.316688 0.123886
0.248579 -0.327175 0.200307
0.315813 -0.316439 0.126991
0.336475 -0.344127 0.159782
0.355768 -0.318491 0.005468
0.394709 -0.305792 0.360139
0.418073 -0.288569 -0.023473
0.459099 -0.270042 0.314700
0.535273 -0.278503 -0.165475
0.537512 -0.211281 0.449950
0.508223 -0.240375 -0.276153
0.391932 -0.133027 0.458177
0.287708 -0.181294 -0.335326
0.212334 -0.083914 0.462223
0.199728 -0.096074 -0.253544
0.215302 -0.058729 0.410447
0.223490 -0.123310 -0.229983
0.242213 -0.111739 0.323847
0.227077 -0.123458 -0.133650
0.219123 -0.122682 0.220226
0.149724 -0.165903 0.018861
0.131591 -0.201701 0.238982
0.048235 -0.235391 0.158550
0.080969 -0.198993 0.216263
-0.038992 -0.231233 0.265821
0.012095 -0.144657 0.249141
-0.127357 -0.181206 0.293387
-0.142387 -0.133666 0.317325
-0.154724 -0.191195 0.332272
-0.006031 -0.029647 0.245521
0.079743 -0.302253 0.054446
0.124794 -0.301833 0.180344
0.226961 -0.348171 0.297837
0.333181 -0.382030 0.154384
0.359567 -0.369659 0.208163
0.410234 -0.375980 0.256656
0.461146 -0.327024 0.247121
0.537036 -0.339441 0.208566
0.584019 -0.337671 0.043625
0.617170 -0.319007 0.373256
0.721972 -0.333965 -0.063099
0.703323 -0.257644 0.359519
0.757745 -0.288212 -0.210614
0.651861 -0.182222 0.506735
0.670617 -0.207017 -0.269389
0.550640 -0.066423 0.428920
0.581840 -0.113428 -0.285937
0.451515 -0.057902 0.385236
0.494348 -0.124095 -0.149158
0.457670 -0.106871 0.323836
0.475106 -0.145378 -0.047832
0.381240 -0.146769 0.244753
0.465362 -0.171655 0.070114
0.458405 -0.205127 0.167145
0.401548 -0.210095 0.155820
0.360201 -0.187980 0.234653
0.350767 -0.168121 0.180701
0.294315 -0.136427 0.257712
0.087214 -0.168561 0.275216
-0.029702 -0.210171 0.357443
-0.068325 -0.180847 0.415470
0.071877 -0.105598 0.247430
0.073809 -0.306323 0.109219
0.090436 -0.263500 0.202177
0.157276 -0.302563 0.102466
0.366070 -0.323578 0.227379
0.472499 -0.317873 0.161612
0.552224 -0.355591 0.166181
0.580407 -0.319422 0.129283
0.726954 -0.332547 0.187166
0.776401 -0.321283 0.098545
0.806578 -0.319248 0.282900
0.879650 -0.325020 -0.100292
0.970838 -0.241107 0.266556
0.975363 -0.268093 -0.059715
0.894591 -0.184361 0.376676
0.889218 -0.214927 -0.180139
0.902814 -0.079316 0.258344
0.801143 -0.124322 -0.009696
0.719809 -0.075082 0.346576
0.708517 -0.135035 -0.116021
0.746685 -0.111040 0.215932
0.645569 -0.140590 0.038949
0.595280 -0.125703 0.224017
0.535184 -0.171341 0.131357
0.631945 -0.183591 0.212812
0.527296 -0.240818 0.189714
0.517773 -0.195794 0.187791
0.379869 -0.230030 0.185827
0.406729 -0.151122 0.296554
0.193038 -0.196736 0.337963
0.089509 -0.185414 0.225346
0.054663 -0.203891 0.368654
0.136989 -0.030657 0.245157
0.190017 -0.290727 0.060735
0.258630 -0.283800 0.292145
0.364098 -0.309418 0.269212
0.478757 -0.341898 0.238990
0.537134 -0.299875 0.206606
0.639908 -0.334417 0.254740
0.729709 -0.284618 0.269938
0.868103 -0.343995 0.121980
0.925949 -0.323049 0.189530
0.992943 -0.367971 0.286392
1.175601 -0.400622 0.107171
1.253581 -0.357590 0.262869
1.306106 -0.324329 -0.113102
1.191624 -0.241725 0.415778
1.257839 -0.255920 -0.029969
1.198952 -0.154836 0.284097
1.117874 -0.193404 -0.132087
0.936088 -0.175025 0.337531
0.930669 -0.225256 0.042480
0.908830 -0.182855 0.319292
0.876897 -0.193812 0.040431
0.788140 -0.174130 0.335870
0.772497 -0.169282 0.223321
0.684829 -0.197788 0.222043
0.579095 -0.200043 0.218506
0.560532 -0.205916 0.349006
0.580192 -0.189710 0.242266
0.491176 -0.194734 0.246872
0.314670 -0.194388 0.239294
0.144323 -0.216851 0.376389
0.098752 -0.189259 0.397061
0.197598 -0.067427 0.275375
0.162443 -0.256412 0.089819
0.273866 -0.189453 0.264688
0.370010 -0.232508 0.153787
0.591040 -0.244137 0.172442
0.706917 -0.257522 0.193861
0.860072 -0.286876 0.111994
0.933676 -0.254597 0.205947
1.118553 -0.280739 0.161471
1.209917 -0.283755 0.089802
1.430090 -0.291230 0.118399
1.468894 -0.262993 0.040790
1.555178 -0.214005 0.251559
1.594797 -0.212397 -0.132672
1.687983 -0.151359 0.113367
1.617929 -0.144609 -0.036612
1.562668 -0.086089 0.270451
1.469615 -0.134535 -0.112163
1.412712 -0.128166 0.105328
1.225752 -0.139125 0.042584
1.148403 -0.134662 0.283189
1.060180 -0.151922 -0.001862
1.011257 -0.150097 0.130695
0.862117 -0.142124 0.160018
0.844211 -0.160393 0.260957
0.771228 -0.191504 0.144539
0.769881 -0.169571 0.133491
0.648285 -0.154225 0.202164
0.584077 -0.111496 0.236261
0.442550 -0.125787 0.202965
0.350860 -0.145132 0.254643
0.277573 -0.170008 0.274094
0.259279 -0.027478 0.182733
0.403854 -0.247570 0.095180
0.523394 -0.189490 0.284743
0.601027 -0.200566 0.327313
0.728032 -0.232474 0.163144
0.833635 -0.226468 0.266495
0.896606 -0.248033 0.150680
1.069485 -0.247263 0.193431
1.240121 -0.285498 0.116100
1.339883 -0.303291 0.181397
1.405068 -0.360986 0.263332
1.602388 -0.373357 -0.032072
1.717774 -0.372377 0.202879
1.700518 -0.311460 0.129668
1.611585 -0.296824 0.421322
1.716588 -0.289429 -0.053554
1.688282 -0.266457 0.211880
1.549938 -0.273826 0.141754
1.341369 -0.298831 0.361545
1.311975 -0.355495 0.048294
1.234733 -0.344518 0.258430
1.101055 -0.299414 0.166868
0.945692 -0.287579 0.324658
0.893444 -0.278885 0.207752
0.863224 -0.283953 0.160406
0.801102 -0.256256 0.261375
0.759903 -0.263262 0.240547
0.743113 -0.220099 0.236769
0.713647 -0.207159 0.197166
0.670521 -0.168712 0.263520
0.499049 -0.236217 0.284390
0.438594 -0.177974 0.360963
0.364585 -0.080258 0.311092
0.298613 -0.226629 0.145444
0.502030 -0.169585 0.196466
0.614382 -0.146383 0.063100
0.746574 -0.155458 0.193485
0.800264 -0.189466 0.184229
0.909220 -0.196506 0.107863
0.974065 -0.190631 0.063922
1.090753 -0.192085 0.137897
1.186950 -0.224122 0.027001
1.370813 -0.251688 0.105827
1.378078 -0.258278 -0.068555
1.492918 -0.224584 0.205690
1.535796 -0.213570 -0.016895
1.631347 -0.198354 0.083523
1.548266 -0.210375 -0.101040
1.517095 -0.202570 0.173902
1.453762 -0.205222 -0.010142
1.432633 -0.217476 0.038371
1.258390 -0.268782 -0.074976
1.176728 -0.259071 0.181678
1.066915 -0.241256 0.106413
1.045282 -0.205046 0.083531
0.909900 -0.194137 0.083676
0.907004 -0.225617 0.150594
0.834761 -0.203449 0.196491
0.866388 -0.163152 0.115327
0.769806 -0.115106 0.063445
0.716147 -0.092067 0.145898
0.565563 -0.104755 0.305207
0.480146 -0.173714 0.159823
0.385249 -0.161253 0.275149
0.345197 -0.069394 0.114141
0.384886 -0.151726 0.138837
0.356921 -0.072626 0.367395
0.478145 -0.031007 0.273833
0.590044 -0.033493 0.249339
0.695069 -0.031872 0.122325
0.779985 -0.044771 0.162228
0.900906 -0.052093 0.126584
0.991661 -0.089761 0.153269
1.104271 -0.119933 0.052905
1.137511 -0.147790 0.200155
1.315107 -0.153369 0.074315
1.327016 -0.153419 0.159679
1.321717 -0.104143 0.059488
1.245274 -0.146676 0.271288
1.407251 -0.103250 0.085941
1.323161 -0.127745 0.131612
1.230829 -0.098223 0.042045
1.051949 -0.171963 0.270832
1.157469 -0.194121 0.114544
1.052895 -0.196893 0.156657
1.011262 -0.158782 0.109377
0.869776 -0.150978 0.265407
0.892490 -0.117715 0.228988
0.813619 -0.146577 0.190335
0.794287 -0.113677 0.208415
0.767919 -0.110573 0.254558
0.775733 -0.046257 0.289653
0.705507 -0.067802 0.225459
0.625571 -0.050081 0.267592
0.531711 -0.095923 0.314693
0.454955 -0.053850 0.394333
0.418205 -0.014555 0.261784
