1.243384 -0.349224 -0.235999
1.384912 -0.218632 0.159955
1.476799 -0.161458 0.448288
0.753355 0.541803 -0.307264
1.323288 -0.517591 0.647966
1.473631 0.879715 -0.026398
1.214406 -0.139028 0.552661
0.821409 0.708572 0.329500
1.596060 0.584734 0.118608
0.766601 0.856927 0.179050
0.727287 0.264572 0.604172
1.279618 0.245926 0.240049
0.524598 0.338552 0.816151
1.192096 -0.242286 1.260853
0.507170 0.523374 0.588195
1.440962 -0.555097 0.138550
1.125359 -0.301364 -0.157104
1.287474 -0.496406 0.291865
0.356573 0.707623 -0.061327
-0.066229 0.358861 -0.501194
1.595581 -0.408705 0.139101
1.370851 0.886517 0.191894
1.395753 0.386795 -0.249809
0.301305 0.083417 -0.543223
0.683190 -0.215791 0.895458
1.266829 -0.403094 0.795739
0.224008 0.736335 0.016008
1.524354 -0.545285 0.466980
-0.620549 0.309067 0.070383
1.268015 -0.223309 0.136442
-0.462888 0.218858 -0.584007
0.971505 0.114985 -0.262708
1.369579 0.521650 -0.303444
1.391517 -0.062574 -0.141835
1.337951 0.297585 -0.163984
1.544707 0.392176 0.049990
1.517166 -0.361931 0.356863
1.187471 0.226912 -0.289335
1.293985 -0.001091 0.757423
0.543571 0.431106 -0.464676
0.435160 0.373777 0.555660
1.070617 0.273848 0.369553
1.044848 -0.277758 0.599603
0.423813 -0.324495 -0.614030
0.302101 0.154487 -0.455100
0.739011 -0.435850 -0.282647
-0.382740 -0.345158 0.252539
1.340493 0.255976 0.689890
0.229345 0.379793 -0.402014
1.455651 -0.337883 0.908576
1.445564 -0.333823 0.521239
1.252084 0.320856 0.233599
1.192997 0.368328 0.190915
0.513538 -0.117465 1.115503
0.586842 -0.132540 0.718602
1.587663 -0.413680 0.313234
1.422358 -0.215301 -0.303988
1.259305 0.655656 0.333536
-0.454512 0.380166 -0.291534
1.354386 0.511408 0.112323
-0.164776 0.128456 -0.371700
0.445872 0.633087 -0.366330
-0.021112 -0.458780 0.288448
0.787669 -0.531197 0.324122
0.248192 -0.518682 -0.299457
0.886092 -0.227438 -0.396094
0.074099 0.468800 0.617441
1.006657 -0.195897 0.884492
0.639807 0.684956 0.439338
0.000841 0.171941 0.896788
1.400039 0.541318 0.063299
1.226339 0.363053 0.039989
-0.129376 0.016161 0.847735
1.576447 -0.266238 0.703972
1.379987 0.674585 -0.335522
1.207961 -0.134010 -0.020478
1.251345 -0.029789 0.723847
1.023186 -0.348808 -0.117561
1.167435 -0.267164 0.606371
1.187010 0.649543 0.063490
0.901332 -0.508680 0.029429
-0.255107 -0.187506 0.480443
1.526253 0.234482 -0.115745
-0.709664 0.177223 0.546959
1.131086 -0.500519 -0.090897
0.453150 -0.159623 -0.522227
1.231217 -0.241705 -0.032957
1.286810 -0.211005 -0.007788
-0.050305 0.624881 0.014523
1.323242 0.005311 -0.186676
-0.660541 -0.162835 0.380915
1.359332 -0.138330 0.218582
0.803173 0.203170 1.064971
-0.083733 0.066834 0.619104
1.292718 0.151507 0.362187
1.387522 -0.101151 0.668003
0.345822 -0.617121 0.155231
0.917573 0.443110 -0.363562
1.416749 -0.067050 0.352254
0.212233 -0.167917 -0.500288
-0.270812 0.246923 0.547503
0.458993 0.752134 0.361660
1.238734 -0.262882 -0.197904
0.982519 -0.297898 1.059608
1.159191 -0.040038 -0.322490
1.016982 0.789250 -0.231105
0.047834 0.710771 0.180752
0.489048 0.630633 -0.285232
1.325560 0.168556 0.421367
0.880737 0.154060 -0.493728
-0.452675 0.561300 0.297769
0.953875 -0.293037 -0.311864
1.566874 -0.421413 0.635800
1.363581 0.174670 0.098951
1.384739 -0.183322 0.153527
-0.466397 -0.013101 -0.236337
0.674357 -0.345193 0.706046
1.334402 0.120527 0.026848
1.237869 0.305199 -0.341979
-0.298079 0.407002 -0.210312
1.526451 -0.260380 0.252605
1.310742 -0.356656 0.428133
0.676043 -0.398378 -0.463167
1.500545 0.297641 0.026244
1.307122 -0.098122 0.057642
1.464275 0.510108 0.233237
1.221196 0.139402 -0.210745
1.134030 0.517547 0.567786
1.347771 -0.533062 0.220732
-0.559150 0.144987 -0.158475
1.462717 0.263940 -0.005864
0.595899 -0.490829 -0.354174
0.131892 0.538360 -0.194739
1.322377 0.760337 0.321377
-0.076533 -0.200908 -0.552537
1.452514 -0.233889 0.812797
1.377759 0.269051 0.264007
0.318353 0.519262 0.517794
-0.049661 -0.375621 -0.412196
0.678146 0.782723 -0.222981
1.146838 -0.308068 -0.519454
-0.087849 0.458236 -0.277380
-0.070295 -0.200355 0.741478
0.584959 0.314352 -0.393985
1.219548 0.024810 0.749828
1.465661 -0.089404 0.078739
-0.236939 -0.159818 -0.362754
0.328636 -0.029562 0.847053
-0.098625 0.628585 0.236816
1.048304 0.622516 0.122394
1.350124 -0.223844 0.034882
1.322198 0.747813 -0.137428
1.227694 0.216829 -0.066138
0.638987 -0.003212 -0.686552
0.234057 -0.166890 -0.634776
0.837766 -0.000262 0.565950
1.359040 0.291081 0.173837
-0.381076 0.583930 0.051162
1.411436 -0.621526 -0.195435
0.267179 0.045166 0.831205
-0.676222 -0.211456 -0.194856
1.232907 0.218183 -0.460053
1.270543 0.304487 0.024936
1.345335 0.071252 0.397066
1.149775 0.405939 -0.275535
1.552429 0.520030 -0.106397
1.240359 -0.084441 0.069018
0.976781 0.429251 -0.162398
1.336828 0.176324 0.145818
0.256573 -0.358000 -0.371063
1.366944 0.376049 0.195601
0.184855 0.297810 0.668236
0.675523 0.054174 0.905998
1.379946 0.737123 0.221264
1.300882 0.119377 -0.281759
1.105012 0.506668 0.389504
1.461091 0.509829 0.183731
1.289722 -0.116950 -0.076667
0.422826 -0.595545 0.096346
1.529128 -0.169848 0.411776
1.434285 0.661720 0.051590
0.735746 0.656328 0.024240
1.380463 0.565302 0.081497
1.447552 0.576314 -0.222853
1.022218 -0.185039 0.410758
1.343445 -0.276110 0.148335
1.514556 0.725497 -0.206595
-0.295455 0.237827 -0.312573
1.446560 -0.178605 0.495077
0.638374 0.190163 -0.481379
0.367018 0.339900 -0.653283
1.276415 0.286188 0.031932
1.242899 -0.522462 -0.166899
0.730487 0.434686 -0.467249
-0.408642 0.127973 0.644898
1.457291 -0.213284 0.146879
1.319504 -0.360868 -0.011401
1.239266 -0.499581 0.285074
-0.052141 -0.508540 0.121639
1.464711 0.460510 -0.328916
1.423239 0.474897 0.431277
0.661531 0.876731 0.076213
1.346185 0.609984 0.141171
0.358217 0.132341 0.684423
1.310452 -0.565947 0.036799
1.375340 0.648845 0.556848
-0.043377 0.144900 -0.409106
1.425061 0.246474 0.215616
0.310748 -0.171074 0.629649
1.526910 -0.392021 -0.070381
1.324232 0.786931 -0.008086
1.425537 0.492796 0.164737
1.315073 0.515644 -0.116288
1.245731 0.377448 0.576817
-0.337721 0.416335 0.510846
0.069428 -0.378352 -0.295020
0.209909 0.432587 -0.264080
1.195843 0.170748 -0.074107
0.145637 0.175346 -0.539618
1.447170 0.542506 0.251375
-0.142991 0.069599 -0.599968
0.183452 0.618581 0.491924
-0.678389 0.175376 -0.169379
0.642068 -0.368700 0.532943
-0.416751 -0.101790 0.739083
1.464356 -0.215491 0.290800
0.535410 -0.611353 -0.147826
-0.346677 -0.058728 -0.489219
1.468474 -0.494651 0.698652
0.823644 -0.561460 -0.130007
1.347623 0.442347 0.318795
1.139967 -0.005595 -0.368932
-0.260184 -0.473788 -0.016317
-0.053006 -0.076632 -0.439105
0.575724 -0.244742 -0.422499
1.260489 0.076244 0.021771
0.257297 -0.545630 0.486742
0.891981 0.536544 0.416203
-0.493558 -0.184640 -0.014418
-0.188922 0.430847 -0.040328
0.814213 0.346470 -0.382894
-0.026615 -0.358110 0.563908
0.938755 -0.561764 0.151960
1.542562 0.731265 0.245778
-0.417314 -0.321838 -0.304353
1.059713 0.247792 0.566617
-0.556139 0.310273 0.326057
1.327543 -0.099554 0.424624
0.111065 -0.262906 -0.382962
-0.473455 -0.346345 0.028380
-0.103969 -0.536892 -0.463696
1.445309 -0.297182 0.116893
-0.050123 -0.597627 -0.225440
0.244782 0.686951 0.259071
1.017827 0.700399 -0.154547
0.036905 -0.357276 0.492114
0.311027 -0.567974 -0.112768
0.371139 -0.601997 0.224806
0.302829 -0.568234 -0.258669
0.122647 -0.471386 0.442451
-0.120261 -0.529459 -0.039900
-0.240654 -0.463141 0.513321
-0.231231 -0.520549 -0.267259
-0.275187 -0.424024 0.662958
-0.513068 -0.626227 0.151608
-0.510178 -0.561483 0.536899
-0.502339 -0.608407 -0.148945
-0.453695 -0.431393 0.806920
-0.602092 -0.504292 0.082325
-0.539208 -0.347514 0.455220
-0.506350 -0.358724 -0.283740
-0.556089 -0.187212 0.631562
-0.789537 -0.205735 -0.247645
-0.856972 -0.016068 0.195323
-0.792879 0.062101 -0.572182
-0.814672 0.223413 0.332391
-0.910979 0.281807 -0.447887
-0.877969 0.324355 -0.061915
-0.779928 0.346058 -0.522865
-0.685677 0.360927 0.244614
-0.670537 0.340691 -0.233794
-0.575573 0.293498 0.102372
-0.392806 0.331661 -0.363086
-0.301487 0.365122 0.393670
-0.254004 0.407681 -0.024492
-0.182172 0.453210 0.400397
-0.073506 0.537477 -0.023082
-0.042571 0.586818 0.250465
-0.009056 -0.523838 -0.172113
0.136747 -0.602037 -0.063685
0.032681 -0.605225 0.187568
-0.072749 -0.579200 0.325503
-0.316525 -0.567924 -0.124562
-0.411222 -0.493556 0.589968
-0.628618 -0.682310 0.264345
-0.744091 -0.591238 0.602239
-0.882815 -0.768108 0.110516
-0.878589 -0.642258 0.789709
-0.992118 -0.859858 0.694283
-0.831251 -0.643083 0.700982
-0.863536 -0.644974 0.272469
-0.808009 -0.454813 0.766291
-0.909934 -0.550098 0.406860
-0.927703 -0.394909 0.460280
-0.947861 -0.303224 -0.106731
-1.011778 -0.128042 0.479406
-1.045435 -0.045331 0.033161
-0.998188 0.152188 0.002148
-0.852374 0.204914 -0.251503
-0.856494 0.272331 0.279721
-0.840285 0.182913 -0.008167
-0.799201 0.188569 0.132915
-0.659121 0.186916 -0.220849
-0.610584 0.154760 0.426280
-0.563632 0.116576 0.136868
-0.455905 0.164201 0.388938
-0.373138 0.284295 -0.074366
-0.326771 0.244958 0.518787
-0.267537 0.298378 0.575734
-0.149354 0.369921 0.522517
-0.095027 -0.533973 0.203225
-0.163910 -0.688552 0.226614
-0.365212 -0.669480 0.003477
-0.418577 -0.604630 0.386961
-0.648513 -0.591807 0.227777
-0.684731 -0.539010 0.215096
-0.971714 -0.648026 0.197413
-0.936877 -0.586004 0.423422
-1.231779 -0.734300 0.774851
-0.962302 -0.673227 0.323331
-1.279252 -0.760193 0.595139
-1.052886 -0.632520 0.558572
-1.243666 -0.694769 0.802886
-0.971127 -0.358972 0.220009
-1.049904 -0.342770 0.192543
-0.990126 -0.202821 0.181129
-1.186665 -0.171428 0.244624
-1.202817 0.142961 -0.138576
-1.388018 0.267770 -0.314287
-1.431437 0.464871 -0.127571
-1.603233 0.574530 -0.262585
-1.541117 0.596111 -0.256038
-1.546210 0.594571 -0.409283
-1.362448 0.561717 -0.035701
-1.293638 0.511223 -0.132117
-1.023697 0.455219 -0.040459
-0.892940 0.455115 -0.261450
-0.685074 0.470788 0.261420
-0.605860 0.495958 0.109430
-0.470225 0.515079 0.363926
-0.441160 0.491849 0.061448
-0.294989 0.542856 0.064965
-0.384145 -0.501007 -0.099351
-0.435424 -0.592781 0.055807
-0.524767 -0.627955 0.144450
-0.519386 -0.594794 0.319232
-0.710100 -0.666511 -0.066928
-0.932011 -0.650787 0.547003
-1.283942 -0.850448 0.312356
-1.461019 -0.850807 0.510686
-1.689582 -1.047052 0.266867
-1.751396 -1.008649 0.880175
-1.873201 -1.117198 0.865625
-1.593245 -0.945586 0.652656
-1.443871 -0.845386 0.416278
-1.231637 -0.657967 0.594918
-1.194533 -0.616251 0.470780
-1.127860 -0.424763 0.321935
-1.124016 -0.237412 -0.060513
-1.116386 -0.130411 0.286544
-1.140246 0.030132 0.035262
-1.113257 0.297633 -0.144602
-1.037911 0.373308 -0.277970
-1.065905 0.505443 -0.005710
-1.097150 0.384411 -0.192456
-1.093899 0.422904 -0.038003
-0.926692 0.390926 -0.327423
-0.877041 0.385212 0.225764
-0.757393 0.344719 -0.051613
-0.613303 0.302444 0.315280
-0.501033 0.410530 -0.150862
-0.456166 0.382090 0.517756
-0.398618 0.438103 0.270812
-0.244567 0.456400 0.461841
-0.358959 -0.605684 0.087877
-0.438242 -0.605616 0.255098
-0.606231 -0.669952 0.060239
-0.681526 -0.596972 0.263992
-0.951376 -0.586718 0.330193
-1.021194 -0.656896 0.173285
-1.261759 -0.742349 0.294087
-1.301208 -0.751734 0.422287
-1.577522 -0.790505 0.649392
-1.415130 -0.850571 0.406737
-1.530138 -0.824816 0.420090
-1.372810 -0.701100 0.606943
-1.314638 -0.586900 0.591265
-1.089402 -0.389498 0.421031
-1.107103 -0.320312 0.069301
-1.106961 -0.150344 0.203991
-1.230616 0.002406 -0.012364
-1.286631 0.371888 -0.081855
-1.520137 0.630667 -0.500250
-1.589269 0.793770 -0.215965
-1.690766 0.941827 -0.319657
-1.624150 0.861423 -0.179548
-1.615773 0.847262 -0.463450
-1.457877 0.728113 -0.130708
-1.231105 0.653657 -0.154346
-1.024271 0.521112 0.066266
-0.882527 0.506409 -0.102140
-0.757617 0.484739 0.126379
-0.561817 0.515329 0.113166
-0.478724 0.500590 0.357845
-0.412704 0.493910 0.231953
-0.324837 0.538287 0.247352
-0.365207 -0.629880 -0.080444
-0.467606 -0.642677 -0.002924
-0.535434 -0.712389 0.139089
-0.627618 -0.635699 0.153272
-0.800805 -0.646812 0.031505
-0.988292 -0.650874 0.217464
-1.200424 -0.761357 0.396351
-1.329012 -0.843421 0.396474
-1.492582 -0.960750 0.180185
-1.568954 -0.932942 0.769258
-1.616141 -1.041068 0.669959
-1.526445 -0.937804 0.812841
-1.389119 -0.829106 0.248992
-1.244135 -0.677942 0.786559
-1.126000 -0.536281 0.162079
-1.181038 -0.383832 0.422108
-1.179657 -0.129058 -0.192404
-1.246614 0.008456 0.343546
-1.244168 0.272576 -0.222497
-1.261921 0.511158 -0.044669
-1.212729 0.560561 -0.409289
-1.247357 0.663081 0.006379
-1.236239 0.589128 -0.241441
-1.153141 0.555153 -0.060930
-0.991733 0.514925 -0.267613
-0.897350 0.467256 0.128200
-0.782101 0.476025 -0.026234
-0.685675 0.414755 0.155811
-0.549422 0.458027 0.001453
-0.535840 0.437296 0.380700
-0.388853 0.473245 0.382510
-0.272037 0.484516 0.399308
-0.282962 -0.659113 0.069774
-0.355109 -0.612411 0.218039
-0.387665 -0.626421 -0.036755
-0.457964 -0.538814 0.229829
-0.644946 -0.505540 0.148631
-0.763585 -0.500696 0.195384
-0.842272 -0.586177 0.115834
-0.928010 -0.606877 0.446265
-0.997952 -0.641873 0.294871
-1.081153 -0.666824 0.503847
-1.077438 -0.723594 -0.003993
-1.134880 -0.597176 0.753013
-1.141503 -0.513349 0.256180
-1.153350 -0.304828 0.551911
-1.094161 -0.293324 -0.393007
-1.176828 -0.086312 0.462004
-1.303035 0.072831 -0.404590
-1.448556 0.433685 0.184026
-1.560180 0.611930 -0.940431
-1.578713 0.725754 0.344381
-1.636793 0.856245 -0.664810
-1.497679 0.780695 -0.087350
-1.340568 0.772386 -0.694428
-1.157772 0.674607 0.039401
-1.023782 0.652336 -0.229839
-0.806193 0.536823 -0.096804
-0.675272 0.570875 -0.229861
-0.581562 0.554247 0.153809
-0.523991 0.620269 0.129951
-0.425382 0.588739 0.189972
-0.416057 0.542312 0.186174
-0.317580 0.579605 0.208327
-0.267712 -0.622781 -0.094739
-0.306751 -0.622279 0.075481
-0.320860 -0.669020 0.008589
-0.337157 -0.573357 0.192097
-0.441795 -0.569367 -0.194191
-0.516629 -0.526111 0.376020
-0.623110 -0.561099 0.147318
-0.718746 -0.596743 0.359496
-0.718627 -0.655759 -0.175464
-0.751217 -0.589687 0.850053
-0.864091 -0.670380 0.206377
-1.001693 -0.636276 0.825573
-0.990120 -0.612716 -0.276566
-1.023895 -0.446382 1.073301
-1.008740 -0.344167 -0.208111
-1.061193 -0.223822 0.697073
-1.118594 -0.008767 -0.682966
-1.181340 0.134373 0.633434
-1.156932 0.231577 -0.623132
-1.176296 0.352238 0.343729
-1.115578 0.444789 -0.872037
-1.031780 0.529258 0.328432
-1.001854 0.454813 -0.491431
-0.902192 0.459504 0.021162
-0.734918 0.478668 -0.562479
-0.646097 0.500313 0.209716
-0.609895 0.478759 -0.128946
-0.556644 0.440165 0.207071
-0.476980 0.532191 -0.110452
-0.454306 0.475424 0.279760
-0.396304 0.486832 0.266452
-0.234369 0.495969 0.336412
-0.131357 -0.635262 0.088832
-0.161361 -0.582163 0.224219
-0.162538 -0.612177 -0.123458
-0.180628 -0.538963 0.265764
-0.300120 -0.528051 -0.021713
-0.370293 -0.484771 0.223749
-0.354541 -0.562032 -0.215005
-0.433230 -0.526273 0.610008
-0.446950 -0.586275 0.109006
-0.515795 -0.505698 0.597307
-0.619112 -0.570161 -0.084654
-0.792540 -0.517223 0.973703
-0.941469 -0.498955 0.300847
-1.026009 -0.351454 0.560471
-1.024442 -0.289030 -0.055537
-1.091694 -0.133566 0.386217
-1.179113 0.017245 -0.173661
-1.223124 0.120043 0.340720
-1.269896 0.215431 -0.592303
-1.210329 0.258835 0.237726
-1.105896 0.422482 -0.418411
-0.967673 0.509562 0.130877
-0.892604 0.585860 -0.522130
-0.791658 0.601219 0.038698
-0.605200 0.632475 -0.107756
-0.444276 0.663356 0.170698
-0.419113 0.718538 -0.069106
-0.458799 0.766929 0.140284
-0.361456 0.784521 0.113895
-0.292560 0.787613 0.429151
-0.314478 0.742063 0.370261
-0.271189 0.683858 0.311266
-0.091517 -0.577544 -0.132928
-0.034101 -0.558710 0.073527
-0.004685 -0.642656 -0.039509
0.005111 -0.563207 0.123800
-0.104040 -0.636241 -0.354591
-0.136994 -0.571597 0.388066
-0.150375 -0.632706 -0.240924
-0.193931 -0.577936 0.313324
-0.229096 -0.742660 -0.628291
-0.326266 -0.596952 0.914094
-0.346488 -0.615252 -0.108405
-0.648985 -0.581847 0.730339
-0.677853 -0.688592 -0.539642
-0.807618 -0.531287 1.217353
-0.775304 -0.411617 0.045878
-0.869438 -0.359840 0.754119
-0.875838 -0.227437 -0.375413
-0.950370 -0.111641 0.744867
-0.914459 -0.005176 -0.330264
-0.890764 0.023939 0.400538
-0.742390 0.124816 -0.559229
-0.688954 0.201178 0.616092
-0.604703 0.223162 -0.201506
-0.543027 0.190647 0.111594
-0.434046 0.298628 -0.447288
-0.389106 0.342715 0.264731
-0.406932 0.352146 -0.080831
-0.436635 0.398932 0.195584
-0.410505 0.516110 -0.047842
-0.390739 0.517836 0.192088
-0.314785 0.535637 0.305609
-0.226355 0.528422 0.272283
0.109039 -0.614897 0.055907
0.099357 -0.580465 0.196924
0.135123 -0.610946 -0.272722
0.126264 -0.559766 0.315872
0.084096 -0.602253 -0.282240
-0.008135 -0.533303 0.232278
0.013099 -0.673649 -0.956521
0.001251 -0.447668 1.019569
-0.074753 -0.606188 -0.575760
-0.240333 -0.396917 0.899898
-0.271111 -0.674835 -1.302367
-0.367174 -0.368134 1.627225
-0.538804 -0.576235 -0.423170
-0.674386 -0.272387 1.048918
-0.646026 -0.377326 -0.864587
-0.714631 -0.172805 1.081238
-0.816251 -0.138838 -0.514834
-0.847160 0.000407 0.589308
-0.841410 0.069461 -0.940496
-0.760031 0.149375 0.838943
-0.769350 0.292664 -0.604040
-0.644860 0.479636 0.299526
-0.528808 0.612802 -0.950002
-0.401128 0.688267 0.540528
-0.399361 0.740530 -0.358678
-0.340167 0.848050 0.299415
-0.267805 0.949697 -0.384621
-0.231064 1.041886 0.302675
-0.235409 1.091901 0.085716
-0.187905 1.037230 0.362545
-0.203721 0.928841 0.246982
-0.194759 0.811007 0.262906
0.119724 -0.523116 -0.158875
0.177053 -0.515449 0.086638
0.205577 -0.605338 -0.116291
0.206105 -0.590507 0.089343
0.105583 -0.712767 -0.762178
0.136695 -0.586540 0.565495
0.084091 -0.721113 -0.700370
0.065976 -0.532552 0.538278
-0.064402 -0.883589 -1.784164
-0.007162 -0.423791 1.486627
-0.088096 -0.707689 -1.072725
-0.240837 -0.467317 1.207071
-0.426077 -0.874077 -2.048380
-0.355015 -0.429088 1.953382
-0.310481 -0.455058 -0.799698
-0.384957 -0.321886 1.283473
-0.429787 -0.262198 -1.427559
-0.420563 -0.032106 1.478303
-0.429004 0.016265 -0.828955
-0.396019 0.103483 0.880853
-0.366888 0.283405 -1.285698
-0.278538 0.399010 1.103142
-0.232112 0.350266 -0.495460
-0.234204 0.427549 0.548903
-0.154938 0.507166 -0.730108
-0.177812 0.524446 0.540219
-0.213344 0.430784 -0.146212
-0.244861 0.434542 0.277745
-0.250164 0.547689 -0.005086
-0.308616 0.540533 0.314363
-0.262596 0.569109 0.163855
-0.194176 0.558663 0.155774
0.249946 -0.554825 0.060300
0.302752 -0.489096 0.088520
0.345656 -0.525249 -0.176799
0.352241 -0.503291 0.196422
0.283431 -0.565371 -0.185666
0.222254 -0.501934 0.162208
0.140641 -0.579284 -0.615156
0.132787 -0.385645 0.605788
-0.000485 -0.493581 -0.096325
-0.012968 -0.316967 0.610295
-0.117960 -0.436439 -0.323814
-0.088516 -0.260048 0.864613
-0.238807 -0.415697 0.052840
-0.296666 -0.245479 0.701222
-0.270112 -0.317111 -0.165487
-0.359989 -0.149025 0.558581
-0.388302 -0.123526 -0.171208
-0.467776 0.033590 0.507953
-0.429363 0.064895 -0.418667
-0.407178 0.186428 0.430168
-0.347155 0.328060 -0.074205
-0.323555 0.461946 0.610944
-0.262313 0.534939 -0.354313
-0.248590 0.634451 0.315128
-0.213508 0.707467 -0.025828
-0.180045 0.843452 0.789530
-0.147508 0.871178 -0.039557
-0.159122 0.996774 0.659527
-0.101270 1.114544 -0.216238
-0.132985 1.103589 0.393503
-0.120702 1.077491 0.206160
-0.136170 0.890375 0.366120
0.229211 -0.467459 -0.158455
0.344932 -0.447955 -0.020269
0.406181 -0.557382 -0.029909
0.473138 -0.556002 -0.075793
0.405945 -0.683388 -0.431478
0.451399 -0.597647 0.296575
0.403275 -0.629426 -0.285788
0.385288 -0.473420 0.252607
0.247338 -0.607288 -0.651639
0.260381 -0.425887 0.775643
0.233779 -0.491037 -0.142613
0.222928 -0.326357 0.683285
0.103557 -0.484652 -0.564035
0.018027 -0.383181 1.092333
0.036539 -0.386752 -0.036115
-0.076127 -0.282857 0.729395
-0.106505 -0.190938 -0.306316
-0.191202 -0.084863 0.845816
-0.189064 0.050798 -0.243776
-0.190913 0.092672 0.286225
-0.099316 0.224257 -0.297827
-0.100687 0.226348 0.595637
-0.030817 0.339562 -0.177149
-0.109541 0.325790 0.207751
-0.086750 0.441646 -0.117641
-0.157278 0.324397 0.198825
-0.198395 0.412834 0.069830
-0.209797 0.296799 0.237519
-0.129758 0.470529 0.059726
-0.176374 0.461298 0.296139
-0.114644 0.562425 0.196188
-0.083310 0.522771 0.258820
0.351303 -0.520825 -0.007415
0.391985 -0.500637 0.059439
0.471765 -0.507265 -0.284856
0.513884 -0.509079 0.182671
0.497890 -0.517031 -0.258003
0.486909 -0.452667 0.291845
0.459244 -0.494090 -0.627866
0.451559 -0.412126 0.542087
0.428715 -0.400503 -0.353855
0.348267 -0.307192 0.603628
0.316516 -0.398794 -0.748124
0.334319 -0.296362 0.881281
0.302774 -0.303721 -0.389630
0.147665 -0.208502 0.621263
0.177629 -0.222252 -0.564884
0.079900 -0.118868 0.716552
0.064363 0.014258 -0.490073
-0.083462 0.090933 0.494730
0.009679 0.196422 -0.651926
-0.007806 0.243622 0.788046
-0.044890 0.348069 -0.287352
-0.088511 0.374116 0.223375
-0.020344 0.504078 -0.514622
-0.045177 0.484685 0.628904
-0.033582 0.562290 -0.172140
-0.063577 0.572443 0.399745
-0.056207 0.787792 -0.497667
-0.055693 0.755302 0.493293
-0.059743 0.935881 0.091795
-0.010486 0.844826 0.696970
0.035242 0.809573 0.093242
-0.006054 0.734302 0.270276
0.379069 -0.497441 -0.265326
0.433202 -0.493274 -0.005574
0.521809 -0.578736 -0.173010
0.567438 -0.547925 0.082976
0.589244 -0.630017 -0.674431
0.602522 -0.538102 0.406638
0.645491 -0.593173 -0.433344
0.615759 -0.472320 0.422678
0.592002 -0.567218 -0.948916
0.556648 -0.379149 0.985595
0.591908 -0.472436 -0.615794
0.493983 -0.301156 0.877115
0.469489 -0.380589 -1.112574
0.364069 -0.243408 1.362577
0.448952 -0.201375 -0.653905
0.289678 -0.111386 0.909529
0.256310 0.029486 -1.081339
0.162589 0.140040 1.370231
0.261660 0.229731 -0.621546
0.258299 0.246460 0.747144
0.284417 0.411674 -1.049132
0.184242 0.398166 1.147429
0.218851 0.455767 -0.276187
0.151347 0.345237 0.414494
0.111768 0.507607 -0.456943
0.046846 0.456708 0.576573
0.027783 0.499586 0.032779
-0.014856 0.452126 0.354640
0.016971 0.553543 0.029600
-0.065458 0.527739 0.328524
-0.012382 0.616919 0.197958
0.047446 0.577293 0.172045
0.364256 -0.603289 -0.023740
0.412739 -0.597338 0.080172
0.501854 -0.577870 -0.208884
0.588544 -0.552399 0.201986
0.620605 -0.589910 -0.202386
0.656185 -0.475528 0.312906
0.653894 -0.527526 -0.307454
0.689141 -0.425243 0.532783
0.692580 -0.524813 -0.201016
0.650262 -0.330745 0.564818
0.648602 -0.413739 -0.479813
0.608101 -0.214473 0.816889
0.661072 -0.257284 -0.524799
0.549285 -0.080106 0.640494
0.595366 -0.097118 -0.581622
0.458563 0.031561 0.782555
0.532033 0.052130 -0.611895
0.466359 0.175943 0.663636
0.531180 0.177742 -0.560796
0.475419 0.282556 0.677474
0.489699 0.272549 -0.435642
0.370029 0.339549 0.596644
0.372851 0.344008 -0.333816
0.308680 0.378449 0.394434
0.314660 0.389784 -0.214778
0.240293 0.435429 0.612125
0.253612 0.463051 -0.110456
0.211408 0.536923 0.415890
0.217847 0.615851 -0.134542
0.206815 0.692868 0.286561
0.198322 0.682971 0.074020
0.163378 0.717122 0.260520
0.379008 -0.548756 -0.199920
0.513808 -0.554356 -0.060550
0.601605 -0.625394 -0.030778
0.705768 -0.618450 -0.002291
0.715665 -0.643689 -0.200046
0.810804 -0.559616 0.311668
0.829913 -0.587785 -0.159847
0.861613 -0.509478 0.349114
0.788967 -0.571481 -0.294815
0.797707 -0.412828 0.732350
0.805708 -0.450998 -0.300391
0.838546 -0.252533 0.675491
0.825889 -0.260183 -0.340496
0.747425 -0.094562 0.946090
0.810242 -0.110114 -0.487202
0.771366 0.033164 0.621751
0.779174 0.057216 -0.464811
0.692905 0.194368 0.827807
0.741849 0.189878 -0.574527
0.728332 0.297806 0.521745
0.744157 0.285328 -0.420583
0.629087 0.345963 0.623690
0.618115 0.337107 -0.421145
0.569717 0.387355 0.339394
0.523801 0.420190 -0.250118
0.425811 0.414562 0.328273
0.363904 0.460736 -0.165770
0.293970 0.492472 0.237291
0.250145 0.552070 -0.121633
0.186960 0.605206 0.282058
0.223784 0.623030 0.214544
0.188968 0.611461 0.128338
0.530436 -0.669670 -0.008107
0.579111 -0.693684 0.153069
0.673353 -0.605966 -0.229640
0.796155 -0.603232 0.234573
0.869804 -0.577959 -0.148015
0.913015 -0.545347 0.306056
0.931797 -0.515400 -0.350823
1.035576 -0.449645 0.460976
1.041646 -0.468002 -0.113419
0.996913 -0.384338 0.532852
1.018175 -0.360656 -0.355689
1.086677 -0.185787 0.547291
1.123274 -0.194399 -0.222184
0.994209 -0.071364 0.561140
0.991206 -0.070828 -0.414626
1.045588 0.083345 0.535680
1.076096 0.059459 -0.207219
0.984493 0.186545 0.545224
0.988539 0.169488 -0.443751
1.082538 0.288389 0.534554
1.075568 0.200057 -0.190087
0.961475 0.309153 0.447175
0.868951 0.285615 -0.389576
0.904029 0.393021 0.507067
0.771437 0.330327 -0.129808
0.669453 0.403169 0.372504
0.624281 0.402146 -0.311013
0.598364 0.495106 0.288327
0.473667 0.518820 0.074522
0.424547 0.658141 0.274403
0.386964 0.633746 0.061022
0.314579 0.715780 0.130342
0.599085 -0.578938 -0.218055
0.716084 -0.617534 0.068859
0.865198 -0.660888 -0.104347
0.907674 -0.656760 0.145672
0.966634 -0.652072 -0.398505
1.039750 -0.595022 0.463157
1.209176 -0.610666 -0.176915
1.216444 -0.546226 0.362107
1.149399 -0.505375 -0.336611
1.119393 -0.419201 0.693434
1.238077 -0.412339 -0.102058
1.211276 -0.287661 0.474694
1.179225 -0.243689 -0.348248
1.075134 -0.114992 0.703412
1.217877 -0.135332 -0.109894
1.206246 0.005099 0.446569
1.174738 0.048629 -0.421121
1.154817 0.199584 0.756419
1.299269 0.130443 -0.169948
1.315241 0.259401 0.448322
1.228199 0.246448 -0.355687
1.144894 0.362922 0.635726
1.171079 0.316164 -0.128641
1.151001 0.431732 0.363337
1.034095 0.432358 -0.282850
0.890291 0.510842 0.370404
0.820672 0.491086 -0.081172
0.704107 0.570865 0.200360
0.561303 0.617459 -0.079337
0.383385 0.627656 0.054814
0.368129 0.688761 0.197094
0.295248 0.673755 0.073591
0.606907 -0.653180 -0.043007
0.813317 -0.640213 0.178110
0.887925 -0.598480 -0.134758
1.022467 -0.561830 0.222551
1.096925 -0.568141 -0.135003
1.227041 -0.528332 0.130711
1.189962 -0.453980 0.044130
1.291253 -0.404333 0.324128
1.318639 -0.382182 -0.061444
1.391926 -0.298335 0.194084
1.381131 -0.249852 -0.049462
1.369533 -0.145548 0.360868
1.410046 -0.125743 -0.183729
1.412060 -0.046174 0.101025
1.356749 0.022741 -0.042676
1.337116 0.145443 0.316654
1.398865 0.153987 -0.173277
1.425156 0.273024 0.150786
1.445065 0.311860 -0.033661
1.462500 0.423821 0.406033
1.508058 0.348730 -0.256669
1.512732 0.433132 0.157836
1.444339 0.444480 -0.017542
1.367459 0.553258 0.346229
1.269635 0.468793 -0.190169
1.187947 0.528632 0.307745
1.073211 0.537155 0.019882
0.930155 0.631854 0.231557
0.803215 0.629813 -0.167643
0.690029 0.679356 0.040182
0.522243 0.695683 0.191328
0.392275 0.671690 0.055954
0.757489 -0.605396 -0.075534
0.909478 -0.628963 0.089147
1.018514 -0.644664 0.029699
1.096838 -0.600358 -0.030425
1.133604 -0.624011 0.062419
1.205927 -0.625294 0.251178
1.361261 -0.592861 0.019049
1.437725 -0.528012 0.221434
1.438480 -0.463810 0.122999
1.367563 -0.423891 0.458596
1.443350 -0.404236 -0.034446
1.487510 -0.318237 0.287002
1.408407 -0.242663 0.083171
1.338882 -0.186545 0.459553
1.371314 -0.148695 -0.022261
1.409784 -0.033506 0.271839
1.374775 0.067135 0.067429
1.360065 0.146690 0.521793
1.446368 0.114303 -0.076096
1.507792 0.231265 0.320263
1.485232 0.251467 0.101559
1.402387 0.325144 0.502388
1.440164 0.299118 -0.046714
1.381241 0.407896 0.312659
1.309360 0.442379 0.048226
1.117636 0.526750 0.375734
1.070212 0.538990 -0.049342
0.928071 0.641932 0.178170
0.842006 0.683744 -0.010894
0.630438 0.709786 0.032635
0.590770 0.747657 0.263723
0.350303 0.743060 0.258494
0.651763 -0.622779 -0.011721
0.926859 -0.622176 0.023907
1.010969 -0.533692 -0.262918
1.116729 -0.493927 0.117579
1.172515 -0.496092 -0.041750
1.246293 -0.459014 0.131115
1.226829 -0.446512 -0.097718
1.307679 -0.384357 0.218398
1.316034 -0.343594 0.010683
1.402371 -0.305830 0.185325
1.343223 -0.275187 -0.154700
1.383228 -0.180166 0.255962
1.369850 -0.138153 -0.044075
1.402128 -0.082603 0.101935
1.315782 -0.027162 -0.222075
1.335731 0.096575 0.219714
1.351671 0.127220 -0.012853
1.456510 0.182713 0.076125
1.434040 0.202211 -0.212687
1.485774 0.333163 0.229035
1.489044 0.278909 -0.030234
1.592300 0.334863 0.070265
1.484935 0.329080 -0.237743
1.486332 0.487735 0.195515
1.399934 0.457232 -0.022759
1.434183 0.589956 0.090735
1.255767 0.564385 -0.184421
1.191959 0.687925 0.112881
1.003446 0.712534 0.047718
0.918077 0.734488 0.105989
0.750154 0.702773 -0.038059
0.512196 0.735366 -0.155724
0.752161 -0.502146 0.026660
0.792307 -0.521474 0.312283
0.966005 -0.499481 0.129224
0.982291 -0.449051 0.263076
1.030006 -0.412316 0.016154
1.051656 -0.379647 0.281300
1.166649 -0.363216 0.110643
1.181433 -0.326664 0.239059
1.215149 -0.264145 0.101685
1.168690 -0.245812 0.397142
1.294300 -0.180645 0.166298
1.276819 -0.142087 0.258886
1.280284 -0.051073 0.051714
1.209959 -0.019685 0.437188
1.294709 0.040648 0.132212
1.253764 0.100132 0.283432
1.278962 0.173035 0.048190
1.237334 0.206587 0.415440
1.341378 0.220341 0.156184
1.358299 0.269218 0.253402
1.407439 0.327740 0.043764
1.294366 0.347810 0.365018
1.393907 0.365709 0.116211
1.312168 0.427920 0.184231
1.292836 0.531832 0.025344
1.076304 0.597768 0.320637
1.124024 0.626947 0.104436
0.980372 0.703547 0.115552
0.908854 0.751259 0.076313
0.739552 0.795564 0.217804
0.693305 0.793346 0.121976
0.533051 0.756948 0.168337
