0.987784 -0.572539 -0.387466
0.815117 -0.521071 -0.066077
0.829525 -0.562886 0.142724
0.285982 0.521525 -0.166287
0.594311 -0.683176 0.036102
1.094786 0.700879 0.048583
0.427150 -0.191291 0.273442
0.428818 0.652331 0.282123
1.216902 0.633956 0.120944
0.418094 0.633031 0.218299
0.203144 0.368360 0.419655
0.590976 0.361264 0.192642
0.224947 0.303823 0.474293
0.729969 0.305943 0.367174
0.201077 0.462371 0.390899
1.180563 -0.821356 -0.124820
0.613013 -0.540701 -0.240708
1.039955 -0.824236 -0.016271
0.105322 0.517413 -0.006939
-0.031065 0.349048 -0.251484
0.834995 -0.683414 -0.243441
0.984578 0.742290 0.243666
0.835169 0.394702 -0.108667
0.115007 0.090571 -0.287251
0.133776 0.041510 0.370077
0.768454 0.151593 0.080068
0.210162 0.563617 0.039714
1.061531 -0.790796 -0.007096
-0.361674 0.231031 0.102507
0.575199 -0.497778 -0.033906
-0.223889 0.171988 -0.286187
0.440265 0.132985 -0.250764
0.764352 0.477879 -0.143608
0.746842 -0.374782 -0.134318
0.795214 0.363966 -0.148379
0.912740 0.486762 0.188919
1.132740 -0.672332 -0.094646
0.544243 0.256648 -0.277912
0.973003 0.479535 0.388469
0.138528 0.456065 -0.280632
0.047408 0.354304 0.441364
0.502158 0.442661 0.347739
0.318917 -0.508224 0.136637
0.311560 -0.303794 -0.278696
-0.018210 0.247114 -0.317137
0.391875 -0.613833 -0.205091
-0.254616 -0.397749 -0.032902
1.189792 0.597853 0.523292
0.035848 0.334328 -0.216729
0.929587 -0.265000 0.049538
1.055735 -0.661556 0.116307
0.600214 0.380850 0.210826
0.627861 0.460326 0.263378
0.046357 -0.084861 0.281873
0.052485 -0.326237 0.279216
1.022885 -0.591035 -0.182362
1.115542 -0.438849 -0.337243
0.741671 0.614827 0.368933
-0.237928 0.342333 -0.119617
0.814873 0.511476 0.017469
-0.137258 0.169060 -0.158551
0.271658 0.544528 -0.218170
-0.128404 -0.509081 0.033851
0.271562 -0.721261 0.050115
0.096085 -0.518253 -0.127809
0.564267 -0.399057 -0.312275
-0.048860 0.291510 0.335227
0.368140 -0.057782 0.334048
0.482709 0.563353 0.342269
-0.068619 0.277885 0.355762
0.991969 0.577718 0.220365
0.673214 0.458487 -0.017336
-0.075964 0.049066 0.331807
0.828883 -0.384788 0.073936
1.006654 0.666739 -0.371793
0.625915 -0.423629 0.045149
0.550443 0.430256 0.230733
0.517153 -0.585804 -0.127332
0.375866 -0.391464 0.258253
0.568062 0.612348 0.145347
0.449547 -0.669108 -0.055861
-0.229332 -0.383971 0.034034
1.077410 0.457498 -0.112459
-0.293488 0.219961 0.103987
0.632409 -0.658910 -0.241179
0.144102 -0.292208 -0.291560
0.809931 -0.557116 -0.263725
0.839669 -0.554505 -0.104020
-0.021440 0.402288 0.041106
0.948653 -0.389104 -0.192829
-0.400299 -0.301350 0.032723
0.859529 -0.584662 -0.141348
0.415502 0.408272 0.405160
-0.073268 0.253337 0.217336
0.920138 0.469559 0.194632
0.982653 0.350934 0.244308
0.132046 -0.627287 0.079593
0.467754 0.483363 -0.353609
0.689224 -0.501448 0.037336
0.088688 -0.276885 -0.219567
-0.193376 0.206674 0.127768
0.211598 0.518797 0.303121
0.786001 -0.559862 -0.271657
0.272941 -0.171237 0.098626
0.591351 -0.155420 -0.214162
0.562588 0.622296 -0.235233
-0.038480 0.403779 0.140296
0.175010 0.539315 -0.057835
0.605144 0.390051 0.218592
0.434160 0.129108 -0.418875
-0.214176 0.290291 0.231525
0.585275 -0.435173 -0.264089
0.731952 -0.585089 0.042252
0.835029 0.388831 0.283351
0.913882 -0.517285 -0.153222
-0.225920 -0.117823 -0.040929
0.184668 -0.514209 0.121897
0.651310 -0.089430 -0.042510
0.785179 0.392106 -0.268305
-0.162405 0.363721 -0.028624
0.794055 -0.611494 -0.104572
0.522026 -0.722768 0.010746
0.492239 -0.512839 -0.435720
0.796672 0.450747 0.237920
0.729182 0.127849 0.047408
0.841559 0.607878 0.253824
0.623866 0.272619 -0.197154
0.760634 0.632383 0.390010
0.887387 -0.766173 -0.071374
-0.192612 0.180395 0.019318
0.863483 0.427013 0.086351
0.339592 -0.580741 -0.189157
-0.062803 0.391824 -0.102123
1.080390 0.703884 0.456355
-0.058646 -0.238420 -0.126237
0.587028 -0.386953 0.148805
0.846587 0.405932 0.282040
0.062913 0.367471 0.368995
-0.042295 -0.367519 -0.058424
0.538642 0.580085 -0.019208
0.933641 -0.543240 -0.589286
-0.066398 0.324365 -0.100800
-0.148345 -0.185183 0.139072
0.174005 0.397297 -0.289881
0.531348 0.374164 0.324807
0.561774 -0.408584 -0.169900
-0.152446 -0.018956 -0.202756
0.012031 -0.143604 0.191312
-0.151180 0.274026 0.188611
0.493917 0.610875 0.111777
0.938311 -0.598458 -0.061655
0.907256 0.697897 -0.061132
0.590073 0.344354 -0.072654
0.469388 -0.157877 -0.402078
0.167140 -0.226862 -0.324037
0.318916 0.247268 0.348336
0.723205 0.400812 0.255061
-0.205522 0.346281 0.118200
1.156292 -0.735696 -0.425500
0.000120 0.022156 0.438252
-0.318608 -0.277499 -0.128217
0.836698 0.442733 -0.436019
0.835204 0.425925 -0.009730
0.684096 0.372523 0.317680
0.590964 0.513548 -0.157651
0.971762 0.610393 -0.056446
0.724126 -0.402280 -0.021233
0.402382 0.513277 -0.036274
0.783762 0.405309 0.125269
0.176419 -0.479123 -0.179553
1.117632 0.559879 0.268438
0.043690 0.221780 0.355866
0.125796 0.230522 0.419565
0.756052 0.666240 0.213917
0.708447 0.120575 -0.237502
0.620090 0.577516 0.346646
1.030008 0.543608 0.222929
0.849244 -0.457147 -0.129953
0.232498 -0.635877 -0.008698
0.682183 -0.419844 0.091892
1.068549 0.657762 0.275435
0.260391 0.528102 0.117803
0.761868 0.582115 0.093801
0.986888 0.593201 -0.115042
0.368922 -0.326889 0.136625
0.724368 -0.559022 -0.124203
1.166661 0.617764 -0.211608
-0.136482 0.246466 -0.069219
0.631316 -0.326790 0.081092
0.238850 0.226946 -0.339340
0.099901 0.351293 -0.484443
0.689273 0.421229 0.047293
0.938810 -0.695129 -0.365988
0.386320 0.456939 -0.321174
-0.151626 0.141225 0.226363
0.749419 0.306028 0.049247
0.917056 -0.663168 -0.306452
0.649101 -0.668115 -0.028445
0.010955 -0.402269 -0.050892
1.014761 0.478689 -0.304030
1.248304 0.615979 0.367323
0.397965 0.629367 0.180162
1.068493 0.804392 0.194687
0.022862 0.239322 0.358744
1.076364 -0.797093 -0.307706
1.156962 0.765922 0.540183
-0.060022 0.132115 -0.209996
0.860770 0.470988 0.323047
-0.078215 -0.283824 0.218262
1.190892 -0.646228 -0.262931
0.785460 0.686208 0.080113
0.911967 0.622674 0.199062
0.738766 0.578098 0.011797
0.841095 0.567972 0.393893
-0.129873 0.244877 0.207020
0.082952 -0.482009 -0.177570
-0.029197 0.405093 -0.104313
0.650267 0.336564 -0.136917
0.024004 0.205514 -0.292089
1.107774 0.629348 0.540695
0.005563 0.168052 -0.256454
0.032654 0.334332 0.237633
-0.307467 0.229151 -0.081883
0.121749 -0.517263 0.082000
-0.241392 -0.143425 0.100898
0.688535 0.056986 0.147600
0.357397 -0.657076 -0.135109
-0.125003 -0.128306 -0.180083
0.952854 -0.552197 0.021658
0.594438 -0.643879 -0.222281
0.920110 0.598597 0.468682
0.795056 -0.394123 -0.299983
-0.092125 -0.362902 0.002252
-0.030749 0.015663 -0.207096
0.248316 -0.428795 -0.313894
0.672918 0.117008 -0.011481
0.055341 -0.589802 0.052011
0.322086 0.466500 0.224839
-0.234213 0.096333 0.037685
-0.217310 0.323982 0.054043
0.321771 0.471118 -0.279509
-0.091492 -0.452121 0.122457
0.484949 -0.750115 -0.014428
1.162116 0.766764 0.372017
-0.183093 -0.362194 -0.140358
0.523669 0.415991 0.421379
-0.242115 0.271180 0.055486
0.829040 -0.470013 0.034002
-0.045965 -0.396705 -0.190734
-0.221169 -0.352512 0.075937
-0.044853 -0.397965 -0.171126
0.958010 -0.664632 -0.255050
0.122094 -0.526323 -0.058693
0.133599 0.514107 0.200673
0.504157 0.588565 -0.073698
-0.029974 -0.420826 0.169060
0.045573 -0.336477 -0.263843
0.016445 -0.247284 0.040790
0.030689 -0.215654 -0.412123
0.061406 -0.224013 0.185428
-0.038193 -0.275112 -0.189471
-0.071220 -0.238532 0.212122
-0.037772 -0.231721 -0.373507
-0.003856 -0.150316 0.382816
-0.066782 -0.205099 -0.118827
-0.023370 -0.159874 0.213759
0.023058 -0.186285 -0.268110
0.066728 -0.100387 0.379197
-0.073798 -0.199249 -0.013419
-0.106193 -0.145738 0.259069
-0.125481 -0.220851 -0.097569
-0.131906 -0.092871 0.381204
-0.257025 -0.184496 -0.082453
-0.243527 -0.082195 0.253664
-0.243275 -0.135960 -0.036331
-0.208743 0.001396 0.297555
-0.247976 -0.035888 0.013546
-0.221867 0.045629 0.202333
-0.200978 0.003637 0.053312
-0.152662 0.056824 0.204878
-0.212307 0.008828 0.040978
-0.180834 0.007904 0.089131
-0.154617 -0.059677 0.019977
-0.168159 -0.050049 0.204159
-0.237693 -0.081639 0.051135
-0.274867 -0.008886 0.130917
-0.231452 0.025522 0.019847
-0.100473 0.167698 0.121624
-0.208125 -0.288784 -0.398052
-0.211654 -0.263083 -0.185677
-0.312534 -0.372521 -0.188003
-0.260397 -0.369408 -0.013143
-0.305942 -0.410233 -0.345477
-0.303151 -0.311034 0.275224
-0.367953 -0.391898 0.000886
-0.292418 -0.295379 0.173662
-0.289688 -0.353558 -0.127519
-0.242804 -0.220452 0.344881
-0.287393 -0.338033 0.205433
-0.183648 -0.222263 0.317960
-0.220921 -0.322090 0.002666
-0.208323 -0.195969 0.474202
-0.327151 -0.331575 0.236199
-0.288199 -0.226183 0.313474
-0.290951 -0.250572 0.031678
-0.283562 -0.125702 0.322421
-0.289776 -0.234291 0.060470
-0.239218 -0.135451 0.252547
-0.198280 -0.187186 0.059952
-0.194174 -0.157813 0.236033
-0.280726 -0.200895 0.154510
-0.298105 -0.176754 0.166145
-0.286831 -0.167943 0.167724
-0.237019 -0.147898 0.187990
-0.295224 -0.180203 0.184525
-0.386387 -0.154207 0.151712
-0.440144 -0.103879 0.101012
-0.481361 -0.106635 0.172873
-0.447238 -0.075277 0.317631
-0.265852 0.008685 0.149675
-0.211705 -0.263619 -0.169138
-0.323709 -0.281373 -0.113618
-0.401521 -0.335016 -0.294112
-0.373195 -0.306366 -0.031295
-0.458101 -0.328241 -0.119141
-0.453508 -0.278025 -0.128735
-0.548159 -0.298760 -0.138608
-0.429488 -0.202677 0.117284
-0.450699 -0.224991 0.137838
-0.215235 -0.143719 0.015140
-0.386825 -0.221811 0.128056
-0.307315 -0.138925 0.212425
-0.566059 -0.219630 0.329473
-0.453937 -0.108772 0.159386
-0.571814 -0.131717 0.236422
-0.492209 -0.016250 0.210707
-0.568513 -0.062355 0.292598
-0.459759 0.070373 0.186646
-0.583087 0.024164 0.218741
-0.549186 0.135805 0.191585
-0.638548 0.100449 0.322477
-0.547376 0.179805 0.131139
-0.581511 0.155963 0.268560
-0.499220 0.193502 0.079129
-0.596652 0.133853 0.179903
-0.519361 0.085664 0.043830
-0.576691 0.024527 0.107847
-0.516679 0.010946 -0.015661
-0.561539 0.033052 0.185612
-0.509039 0.027817 0.036238
-0.494176 0.008016 0.176215
-0.306232 0.085359 0.000673
-0.222096 -0.366292 -0.426413
-0.312733 -0.428358 -0.353951
-0.414254 -0.499289 -0.316248
-0.429029 -0.473301 -0.253643
-0.481511 -0.514066 -0.449453
-0.535212 -0.424524 -0.039600
-0.634318 -0.533273 -0.187753
-0.617922 -0.462027 -0.009190
-0.620711 -0.541347 -0.232432
-0.652814 -0.416523 0.361420
-0.713800 -0.516212 0.070475
-0.731061 -0.338883 0.277416
-0.691748 -0.365330 -0.006568
-0.788579 -0.249720 0.515895
-0.788820 -0.316309 0.226173
-0.765517 -0.185917 0.371751
-0.616418 -0.204452 0.121763
-0.625505 -0.131956 0.344213
-0.548604 -0.179864 0.106838
-0.520505 -0.038681 0.194150
-0.384787 -0.073597 -0.042572
-0.392819 -0.043441 0.170279
-0.401628 -0.064855 0.054552
-0.414630 -0.036091 0.122225
-0.393247 -0.051205 0.020459
-0.451243 -0.054643 0.164445
-0.481304 -0.092441 -0.015442
-0.507852 -0.072897 0.124141
-0.469200 -0.016298 0.003442
-0.470064 0.011471 0.133583
-0.393363 -0.020395 0.127792
-0.257038 0.025559 0.087293
-0.233642 -0.475143 -0.368827
-0.320588 -0.498740 -0.346300
-0.371404 -0.506818 -0.563631
-0.398662 -0.467442 -0.273527
-0.548362 -0.434758 -0.334094
-0.568765 -0.421360 -0.307621
-0.735214 -0.465790 -0.256915
-0.705899 -0.409183 0.127723
-0.876198 -0.468653 0.101096
-0.817710 -0.403689 0.215087
-1.008955 -0.455586 0.227959
-1.032140 -0.359608 0.660191
-1.152971 -0.389143 0.506654
-1.051000 -0.238631 0.520372
-1.098329 -0.198861 0.318332
-0.994931 -0.078814 0.472607
-0.998293 -0.075515 0.306066
-0.920690 0.052327 0.238173
-1.000484 0.116591 0.157747
-0.935469 0.214106 0.217548
-0.992759 0.301989 0.226093
-0.892912 0.378110 0.238719
-0.877231 0.423238 0.197268
-0.792248 0.430352 0.218590
-0.781976 0.404352 0.163442
-0.678500 0.345070 0.157327
-0.670988 0.250425 0.050065
-0.620358 0.230763 0.130767
-0.594226 0.213966 0.028040
-0.534959 0.165533 0.047392
-0.484847 0.082706 0.113814
-0.308600 0.084774 -0.060949
-0.247873 -0.624742 -0.725679
-0.339304 -0.744027 -0.701748
-0.400732 -0.895415 -0.711748
-0.477063 -0.804888 -0.616527
-0.600388 -0.885406 -0.799326
-0.707006 -0.736240 -0.222308
-0.850344 -0.909255 -0.349877
-0.917000 -0.877274 -0.103817
-0.956177 -0.963958 -0.350788
-1.002331 -0.774298 0.630061
-1.057130 -0.891316 0.167721
-1.195783 -0.729909 0.634452
-1.153184 -0.714882 0.014809
-1.199252 -0.517194 0.928716
-1.107918 -0.528657 0.347819
-1.128860 -0.422331 0.547853
-1.011360 -0.338972 0.167614
-1.047412 -0.299429 0.539503
-0.926082 -0.360590 0.209963
-0.926191 -0.152199 0.268329
-0.652753 -0.203154 0.118634
-0.636126 0.014628 0.110465
-0.511214 -0.091156 0.135808
-0.575113 0.052411 -0.004826
-0.497089 -0.047485 -0.000283
-0.562405 0.051334 0.017866
-0.538858 -0.078717 0.009005
-0.535755 0.034304 -0.064237
-0.469322 0.016369 -0.089058
-0.502891 0.090130 0.007306
-0.400228 0.009288 0.166984
-0.315934 0.034086 -0.008677
-0.187757 -0.709522 -0.692272
-0.216706 -0.761879 -0.713107
-0.315582 -0.891713 -1.034823
-0.302518 -0.731854 -0.436286
-0.496126 -0.755530 -0.653553
-0.595248 -0.623889 -0.326050
-0.661502 -0.717171 -0.679805
-0.696476 -0.560583 0.484432
-0.822354 -0.625547 -0.114020
-0.879275 -0.549100 0.578345
-0.925752 -0.619265 -0.188901
-1.061195 -0.500089 1.166761
-1.094220 -0.512461 0.211969
-1.134697 -0.314285 0.858210
-1.036546 -0.311547 -0.148720
-1.033578 -0.156813 0.731420
-0.984499 -0.204121 0.210098
-1.031155 -0.013144 0.352366
-1.047130 -0.041010 0.039280
-1.139392 0.292532 0.391719
-1.256115 0.443686 0.194307
-1.179797 0.709800 0.304247
-1.090012 0.820009 0.078133
-0.957865 0.892693 0.340796
-0.950882 0.912004 0.275491
-0.809093 0.901052 0.160612
-0.735831 0.824494 -0.008309
-0.671061 0.744699 0.173533
-0.651354 0.674396 0.103373
-0.543516 0.472568 0.018842
-0.536756 0.312429 0.081712
-0.393892 0.196453 -0.146299
-0.407400 -0.892152 -0.965413
-0.435389 -1.105672 -0.996692
-0.513541 -1.343153 -1.050177
-0.517271 -1.171983 -0.794163
-0.534083 -1.286004 -1.327569
-0.473606 -0.872907 -0.120767
-0.580085 -0.992580 -0.735762
-0.642251 -0.785505 0.020749
-0.640195 -0.854845 -0.854915
-0.659121 -0.561392 1.009393
-0.749581 -0.725354 -0.141156
-0.955865 -0.597279 1.013968
-0.916124 -0.654399 -0.535441
-0.971463 -0.418611 1.518502
-0.914077 -0.484721 -0.005637
-1.007503 -0.378361 0.940171
-0.882746 -0.385303 -0.238003
-0.912073 -0.276154 0.812323
-0.903710 -0.414165 0.096086
-0.988665 -0.323180 0.574003
-0.739196 -0.285245 0.071498
-0.726656 -0.044312 0.412887
-0.561911 -0.019693 0.138024
-0.563262 0.219706 0.198625
-0.401893 0.166241 -0.066270
-0.467242 0.231372 0.074437
-0.544576 0.009630 0.059871
-0.568140 0.236185 -0.105759
-0.436657 0.209197 -0.145565
-0.389737 0.233147 -0.065294
-0.222543 0.117555 0.047456
-0.141437 0.130027 -0.030503
-0.298246 -0.878981 -0.770383
-0.333555 -0.988997 -0.943149
-0.333216 -1.148589 -1.105150
-0.341682 -0.910951 -0.719035
-0.395428 -0.841383 -0.622944
-0.447119 -0.642918 -0.462960
-0.403180 -0.661878 -0.569132
-0.494474 -0.486492 0.345552
-0.618332 -0.538098 0.014332
-0.664526 -0.424877 0.542576
-0.688706 -0.509148 0.097242
-0.808709 -0.398122 0.893493
-0.862323 -0.451518 0.462265
-0.915804 -0.326455 0.798461
-0.875411 -0.355372 0.379787
-0.944730 -0.214975 0.539712
-0.807751 -0.253857 0.344263
-0.771053 -0.157669 0.504875
-0.806069 -0.218091 0.292305
-0.993690 0.344421 0.337288
-1.011894 0.550281 0.169702
-1.008020 0.868541 0.638168
-0.974839 0.949736 0.341323
-0.912232 1.106631 0.430424
-0.813835 1.199137 0.380651
-0.733791 1.290535 0.691092
-0.797357 1.288070 0.175087
-0.773512 1.200314 0.219558
-0.545342 1.088193 0.028192
-0.385352 0.878771 0.141289
-0.302061 0.545089 0.070802
-0.221185 0.380096 -0.080310
-0.244093 -1.031816 -1.032162
-0.213861 -1.280578 -1.176313
-0.244439 -1.461466 -1.088478
-0.286919 -1.284979 -0.921837
-0.245414 -1.392655 -1.402506
-0.220111 -0.926372 -0.224012
-0.199682 -1.012962 -0.803546
-0.287648 -0.739336 -0.081336
-0.297296 -0.902799 -0.851884
-0.384578 -0.630091 0.766241
-0.443417 -0.695089 -0.047117
-0.575708 -0.620937 0.670513
-0.607619 -0.641716 -0.150730
-0.685501 -0.546555 1.110246
-0.680430 -0.510636 0.365641
-0.765288 -0.501155 0.780791
-0.689129 -0.418599 0.155851
-0.616075 -0.436076 0.642223
-0.588974 -0.385147 0.321521
-0.613784 -0.260695 0.454689
-0.478825 -0.041460 0.090887
-0.549531 0.236300 0.324935
-0.423591 0.241323 0.235408
-0.440577 0.383708 0.213110
-0.261926 0.320059 0.049226
-0.344094 0.437044 0.070173
-0.477672 0.234991 0.044555
-0.485076 0.438656 -0.209653
-0.373739 0.380390 -0.133808
-0.126397 0.418725 -0.394095
0.107094 0.271369 -0.095907
0.061161 0.240675 -0.183841
-0.160870 -0.943383 -0.840950
-0.180213 -1.053704 -0.844119
-0.122185 -1.185513 -1.317060
-0.118679 -0.833013 -0.414400
-0.228496 -0.848344 -0.866885
-0.287416 -0.475178 -0.149017
-0.222134 -0.592216 -0.709226
-0.267964 -0.319470 0.520083
-0.378557 -0.332647 -0.064681
-0.475420 -0.276533 0.395110
-0.446541 -0.353583 -0.159189
-0.485422 -0.347782 0.761243
-0.547197 -0.319619 0.173962
-0.592487 -0.306445 0.533456
-0.594910 -0.313387 0.011256
-0.643949 -0.235546 0.508337
-0.615871 -0.145665 0.309751
-0.526155 -0.057971 0.399732
-0.447031 -0.068033 0.007920
-0.494477 0.355625 0.237069
-0.561870 0.456087 0.153659
-0.527018 0.724476 0.415392
-0.472861 0.650775 -0.106483
-0.519798 1.031705 0.517370
-0.595216 0.895841 0.108242
-0.572988 1.411605 0.580653
-0.489158 1.454745 -0.692591
-0.303780 1.438682 0.392463
-0.167836 1.407794 -0.465910
0.060808 1.095474 -0.069973
0.080523 1.036308 -0.603459
0.062371 0.727710 -0.562670
-0.102429 -1.023135 -1.053640
-0.030640 -1.237175 -1.018254
0.018828 -1.460641 -1.296507
0.046731 -1.189720 -0.704482
0.010109 -1.403023 -1.618561
-0.002346 -0.780679 -0.039696
0.005964 -0.978856 -1.000610
-0.101487 -0.497237 0.129869
-0.113029 -0.730641 -0.995685
-0.194937 -0.418973 0.870763
-0.180960 -0.392215 -0.006396
-0.302076 -0.414551 0.563086
-0.248567 -0.360978 -0.335469
-0.318381 -0.284645 0.914986
-0.332452 -0.169926 0.184856
-0.434344 -0.175031 0.466999
-0.368264 -0.031431 -0.200758
-0.360077 0.034493 0.390495
-0.272818 0.145634 0.242718
-0.164825 0.143199 0.077554
-0.122289 0.262964 -0.160271
-0.128984 0.460650 0.166287
-0.116109 0.460515 0.048806
-0.073832 0.531919 0.070186
0.034492 0.530459 -0.406082
0.073214 0.512216 0.149589
0.038264 0.393990 -0.251935
0.066751 0.535861 -0.325442
0.271488 0.545031 -0.661227
0.402528 0.328440 -0.495119
0.470802 0.407616 -0.607323
0.372054 0.449091 -0.502719
-0.181202 -0.799491 -0.664131
-0.173249 -0.841053 -0.741719
-0.030676 -1.067620 -1.025887
-0.045335 -0.643000 -0.434554
-0.148130 -0.687845 -0.458870
-0.203246 -0.257356 -0.077287
-0.223578 -0.332870 -0.057772
-0.215540 -0.187240 0.195249
-0.349543 -0.275390 0.138137
-0.355741 -0.259596 0.188665
-0.308793 -0.322403 -0.078038
-0.299900 -0.320364 0.421678
-0.249920 -0.255745 0.042237
-0.199084 -0.203250 0.256606
-0.129680 -0.142214 -0.031104
-0.128331 -0.033969 0.100360
-0.109243 0.134602 0.055314
-0.026409 0.149684 0.169771
0.058878 0.179704 -0.164220
0.135703 0.315333 -0.093086
0.151279 0.505020 -0.123113
0.144727 0.599060 0.029308
0.132334 0.528112 -0.287589
0.030634 0.691989 -0.197240
0.111247 0.667254 -0.537536
0.054965 1.428795 0.665892
0.194354 1.297082 -1.399518
0.343267 1.507735 0.188715
0.395606 1.675048 -1.849723
0.473094 1.350664 -0.613295
0.485777 1.399122 -1.105288
0.307715 0.926548 -0.619914
-0.027254 -0.882859 -0.794321
0.038037 -0.987846 -0.856344
0.097817 -1.311217 -0.932471
0.177491 -1.069332 -0.705681
0.171618 -1.332514 -1.179833
0.124537 -0.686444 -0.276818
0.135679 -0.771321 -0.474594
0.078346 -0.283912 -0.069662
0.019416 -0.354846 -0.122807
0.031336 -0.327142 0.246314
0.051344 -0.340417 0.054237
0.034719 -0.303113 0.160947
0.053583 -0.290326 -0.235007
0.098800 -0.200032 0.344168
0.240110 -0.121256 -0.021582
0.291317 -0.053738 0.124742
0.286937 0.080496 -0.302407
0.206814 0.050905 0.033169
0.392231 0.173844 -0.335152
0.429510 0.187226 -0.160883
0.478498 0.328028 -0.534763
0.453038 0.347344 -0.204261
0.458948 0.447751 -0.577509
0.446754 0.461737 -0.429706
0.403231 0.592738 -0.757598
0.454252 0.474798 -0.470943
0.411908 0.525024 -0.710332
0.409715 0.514157 -0.970409
0.415082 0.619684 -1.022555
0.478032 0.381255 -0.640180
0.427919 0.486021 -1.046295
0.324069 0.455414 -0.429042
-0.347287 -0.562925 -0.415840
-0.327701 -0.508328 -0.453202
-0.139294 -0.735686 -0.736789
-0.043833 -0.423520 -0.218146
-0.058923 -0.446058 -0.273113
-0.080057 -0.248774 0.115400
-0.063792 -0.312387 -0.163676
0.038697 -0.319634 0.144953
0.070363 -0.279061 -0.160537
0.067301 -0.327625 0.193430
0.163490 -0.295577 -0.417076
0.247840 -0.234599 0.393246
0.307061 -0.158860 -0.341868
0.357424 -0.104965 0.249974
0.441748 0.003979 -0.761268
0.455575 0.113992 0.215627
0.478338 0.263612 -0.701271
0.516531 0.233556 0.089976
0.497841 0.373725 -1.345355
0.521072 0.377076 0.136421
0.495130 0.499731 -1.061013
0.524190 0.443149 -0.098153
0.441840 0.869610 -2.108350
0.450048 0.746944 -0.135977
0.405861 1.006266 -1.872749
0.281198 0.888734 -0.366279
0.192585 1.725632 -3.524133
0.434124 1.282425 -0.661113
0.397375 1.551284 -2.319198
0.560312 0.624349 -0.699660
0.564652 1.172727 -2.095932
0.295565 0.771133 -1.327051
-0.259738 -0.504846 -0.381910
-0.193185 -0.566668 -0.424895
-0.044221 -0.823228 -0.422587
0.109034 -0.692288 -0.230160
0.186220 -0.810163 -0.702864
0.229163 -0.450682 -0.021699
0.306423 -0.386291 -0.198051
0.311369 -0.355762 0.068145
0.334581 -0.377428 -0.422008
0.432310 -0.354925 0.351922
0.535915 -0.339224 -0.262472
0.585530 -0.235073 0.247713
0.631433 -0.155575 -0.951687
0.661987 0.008531 0.531763
0.820152 0.062792 -0.584239
0.916737 0.186242 0.037262
0.885978 0.383414 -1.692315
0.839240 0.476396 0.125793
0.919473 0.377315 -1.215864
0.836078 0.452295 -0.338114
0.742042 0.646798 -2.117572
0.694129 0.649402 -0.137017
0.760953 0.520857 -1.520056
0.665337 0.522759 -0.596012
0.519580 0.652171 -2.063430
0.456999 0.524517 -0.334593
0.441216 0.614036 -1.509502
0.373449 0.510660 -0.515786
0.401201 0.747208 -2.040232
0.487518 0.375701 -0.828990
0.353599 0.649802 -1.543970
0.304292 0.600207 -0.697800
-0.477836 -0.300476 -0.078406
-0.516785 -0.290599 -0.057429
-0.328251 -0.403682 -0.217912
-0.102068 -0.408867 -0.010200
0.011581 -0.466792 -0.029530
0.138009 -0.496433 0.068979
0.256233 -0.498175 -0.088681
0.369023 -0.494164 0.086022
0.503550 -0.456950 -0.109739
0.575775 -0.377112 0.055553
0.700902 -0.296874 -0.263298
0.845591 -0.153692 0.110605
0.926335 -0.070007 -0.387164
0.960311 0.022992 0.041895
0.934540 0.188719 -0.759845
1.017157 0.302788 -0.123796
1.007565 0.466985 -1.014495
1.049475 0.386833 -0.053216
0.915377 0.551398 -1.401323
0.929294 0.460529 -0.258401
0.871263 0.556942 -1.510347
0.893541 0.379672 -0.170909
0.701091 0.835252 -2.155231
0.702500 0.567118 -0.370203
0.612590 0.913576 -2.466036
0.576549 0.676672 -0.152127
0.404199 1.248814 -3.167741
0.480388 0.971159 -0.419378
0.467174 1.328193 -3.107264
0.578131 0.727597 -1.065563
0.434558 0.983745 -1.976867
0.358630 0.594658 -1.038403
-0.380925 -0.293434 -0.096077
-0.369866 -0.347630 -0.101725
-0.105082 -0.498621 0.083839
0.134773 -0.555744 -0.059949
0.249499 -0.611108 -0.096676
0.330791 -0.556011 -0.064163
0.440922 -0.519024 0.067400
0.559023 -0.538040 -0.111329
0.647307 -0.502595 -0.049218
0.676514 -0.469246 0.059626
0.787671 -0.402862 -0.045039
0.809291 -0.219724 -0.054360
0.833088 -0.122864 -0.235545
0.841305 -0.022967 0.016823
0.891040 -0.004478 -0.380658
0.955619 0.156683 -0.284318
0.948260 0.239472 -0.742094
0.943335 0.370287 -0.296176
0.846350 0.280599 -1.062894
0.910565 0.415250 -0.676958
0.874613 0.535252 -1.229458
0.847897 0.536636 -0.453220
0.781044 0.325530 -1.448702
0.820021 0.379418 -0.892174
0.735182 0.570828 -1.801942
0.643502 0.515421 -0.622299
0.487676 0.484608 -1.665258
0.528230 0.439879 -0.863033
0.432276 0.525865 -1.761990
0.561854 0.253756 -1.002884
0.319500 0.441330 -1.430218
0.393034 0.349588 -0.898469
-0.307407 -0.278099 -0.013854
-0.365473 -0.316963 0.075623
-0.112956 -0.428432 -0.088476
0.160565 -0.511424 0.071607
0.407242 -0.583097 -0.042289
0.507422 -0.651874 -0.012666
0.647901 -0.594868 -0.132912
0.787899 -0.586178 0.011520
0.904892 -0.531554 -0.111848
0.929045 -0.506181 -0.028599
0.951373 -0.351958 -0.334189
1.019767 -0.244200 0.026015
1.003485 -0.129311 -0.336567
1.037105 -0.067687 -0.051020
0.950532 0.151359 -1.246331
1.013325 0.227822 0.076993
0.994570 0.307029 -1.108227
1.062812 0.320519 -0.266681
0.956146 0.552136 -2.282152
1.003700 0.486851 0.095852
0.997525 0.604040 -1.866692
1.030658 0.569198 -0.442384
0.863124 0.959011 -3.565675
0.943448 0.633057 -0.016984
0.885001 0.836889 -2.891750
0.843097 0.700436 -0.387487
0.710079 1.202376 -3.973142
0.814067 0.766036 -0.730860
0.548647 0.978478 -2.673630
0.717059 0.110920 -0.967517
0.723404 0.785282 -2.227268
0.511755 0.480379 -1.284536
-0.097972 -0.300259 -0.111953
-0.028567 -0.360521 0.031690
0.210244 -0.499509 0.034227
0.506962 -0.595309 0.077226
0.714577 -0.637193 -0.178526
0.844362 -0.669048 0.100785
0.998809 -0.680409 -0.116160
1.043036 -0.723721 -0.057585
1.088366 -0.625984 -0.295975
0.992565 -0.578108 0.190093
1.069243 -0.481821 -0.247080
1.040687 -0.405641 -0.016136
0.957498 -0.242308 -0.768687
0.907825 -0.113939 0.180498
1.004892 -0.037830 -0.699400
1.022151 0.044712 -0.122496
0.951384 0.264194 -1.812785
0.937920 0.347831 0.096715
1.094853 0.297966 -1.464998
1.095686 0.387313 -0.320828
0.997012 0.610171 -2.623932
0.998150 0.549097 0.161541
1.143039 0.459745 -2.196105
1.051431 0.457193 -0.457133
0.876340 0.653446 -3.310123
0.939226 0.604005 -0.181099
0.911850 0.607268 -2.199315
0.883522 0.466524 -0.639075
0.683959 0.612098 -2.317166
0.770003 0.307739 -0.693442
0.640601 0.576641 -1.716285
0.586756 0.534391 -0.998317
-0.078117 -0.340391 -0.036388
0.021577 -0.337702 0.028387
0.278547 -0.429042 -0.102447
0.638890 -0.487971 0.017022
0.843033 -0.572785 -0.120628
1.004626 -0.657912 -0.151970
1.065809 -0.624189 -0.113395
1.099458 -0.642075 -0.111975
1.124139 -0.609945 -0.193588
1.167985 -0.605275 -0.252859
1.092479 -0.446950 -0.245355
1.089834 -0.373199 -0.114759
1.030814 -0.250048 -0.363391
1.011616 -0.145868 -0.298678
0.925274 0.108396 -0.630238
0.965438 0.189433 -0.319511
0.986356 0.333150 -0.978783
1.042060 0.393915 -0.459843
1.061808 0.532591 -1.069770
1.132207 0.490698 -0.428215
1.217795 0.582322 -1.763412
1.195095 0.516208 -0.689020
1.146723 0.788742 -1.979841
1.167997 0.562752 -0.702080
1.194506 0.753103 -2.735562
1.148209 0.623180 -0.758984
1.092828 1.003421 -2.557014
1.070883 0.745010 -0.938465
1.068035 1.054632 -3.027601
1.049167 0.696769 -1.312018
0.984494 0.960934 -1.775105
0.722307 0.734879 -0.927219
0.189183 -0.390681 -0.179171
0.318299 -0.399599 0.023774
0.522919 -0.491916 -0.022378
0.749615 -0.531062 -0.086289
0.908476 -0.672588 -0.114213
0.950864 -0.740641 -0.024261
1.094059 -0.815740 -0.135239
1.141076 -0.768693 -0.155846
1.191890 -0.744316 -0.185276
1.130759 -0.708256 0.035141
1.166314 -0.691187 -0.226656
1.160375 -0.589214 -0.242652
1.060413 -0.488201 -0.276997
0.977919 -0.329619 -0.074834
0.997608 -0.297393 -0.287079
1.017219 0.027458 -0.268081
0.982682 0.155616 -0.341607
1.038243 0.281532 -0.246172
1.144109 0.247709 -0.666870
1.172952 0.388501 -0.533090
1.136266 0.358256 -0.678510
1.115064 0.431607 -0.547086
1.183994 0.332299 -0.916806
1.153656 0.471661 -0.783802
1.103380 0.340492 -1.047367
1.107277 0.494872 -0.802159
1.107635 0.405152 -1.280928
1.015552 0.522484 -0.948927
0.874584 0.466014 -1.183939
0.839687 0.373817 -0.884463
0.716119 0.475054 -1.099782
0.613992 0.628739 -0.555669
-0.043776 -0.337868 -0.107562
0.075446 -0.325927 -0.021536
0.309904 -0.360701 -0.240417
0.614901 -0.450987 -0.049776
0.741051 -0.579166 -0.142929
0.907828 -0.650778 -0.216345
0.958070 -0.671234 -0.290969
1.040909 -0.655354 -0.147883
1.031264 -0.646176 -0.231206
1.104096 -0.636180 -0.263381
1.037391 -0.573357 -0.392579
1.040841 -0.495112 -0.135817
1.010706 -0.462049 -0.319834
1.036138 -0.225391 -0.255394
0.992406 -0.041816 -0.593531
1.038382 0.156011 -0.224603
1.089059 0.215872 -0.528926
1.183966 0.314869 -0.462518
1.141836 0.343352 -0.914307
1.166596 0.384552 -0.523777
1.179065 0.397124 -0.917052
1.290683 0.424274 -0.747771
1.171500 0.465915 -1.368095
1.208918 0.515731 -0.724702
1.158333 0.527866 -1.267578
1.286597 0.557982 -0.943074
1.153269 0.611116 -1.805151
1.155705 0.609574 -1.041541
0.957553 0.679279 -1.384573
0.993345 0.526565 -1.119788
0.752775 0.654859 -1.433813
0.547745 0.601846 -1.022844
0.182005 -0.285390 -0.080297
0.178408 -0.271051 0.105855
0.388868 -0.266612 -0.005724
0.502570 -0.311845 0.023657
0.611269 -0.390619 -0.150049
0.623715 -0.475942 -0.082957
0.775835 -0.564587 -0.101636
0.832331 -0.561605 -0.132642
0.924301 -0.537892 -0.219663
0.876581 -0.520300 -0.059404
0.952777 -0.501210 -0.188343
0.902210 -0.451304 -0.179070
0.865888 -0.380663 -0.335152
0.830716 -0.312525 -0.006500
0.931058 -0.241811 -0.275138
0.934440 0.093443 -0.076828
0.964485 0.279620 -0.399586
0.964433 0.349213 -0.134246
1.073316 0.347339 -0.483413
1.110434 0.397315 -0.377185
1.095615 0.434763 -0.611474
1.044535 0.480935 -0.391155
1.150288 0.411606 -0.738686
1.128038 0.495079 -0.515697
1.103494 0.511239 -0.806863
1.060753 0.586590 -0.517098
1.136950 0.534848 -0.763760
1.053730 0.572425 -0.649579
0.946620 0.595249 -0.849314
0.867876 0.563248 -0.627166
0.845604 0.596942 -0.876016
0.659967 0.609488 -0.543658
