1.090276 -0.230273 -0.198121
0.738549 -0.204730 -0.164532
0.724400 -0.256383 0.064534
0.041542 0.109676 -0.237865
0.384406 -0.194202 0.100064
1.101677 -0.070665 -0.153102
0.367187 -0.047262 0.138927
-0.035123 0.101369 -0.222715
1.332967 -0.113669 -0.036796
0.036626 0.134486 0.012652
-0.119810 0.011003 0.117951
0.314772 0.013237 0.035214
0.012443 0.052841 0.073050
0.884143 -0.306518 0.211046
-0.103357 0.078022 -0.127899
1.489733 -0.235671 0.027832
0.520635 -0.213147 -0.105815
0.984888 -0.258916 0.055232
-0.219147 0.115040 -0.230431
-0.298212 -0.014978 -0.351478
0.877733 -0.287139 -0.001567
0.698154 -0.028996 -0.129520
0.816754 -0.074021 -0.252503
-0.103185 -0.036806 -0.342149
0.072749 -0.155485 0.198550
0.998048 -0.291020 0.091790
-0.100230 0.201144 -0.119580
1.006668 -0.317086 0.072321
-0.444817 0.113584 -0.016553
0.499806 -0.225709 -0.158494
-0.516300 0.044399 -0.461100
0.169999 -0.032848 -0.186724
0.620298 -0.046124 -0.257355
0.736738 -0.090675 -0.197491
1.060229 -0.098541 -0.201699
1.005659 -0.047337 -0.153733
1.229986 -0.157082 0.045648
0.464799 0.001736 -0.231279
0.833126 -0.231779 0.140066
0.023774 -0.049306 -0.308970
-0.259177 0.027286 0.077420
0.131080 0.061457 0.041550
0.176486 -0.130356 0.167046
0.052514 -0.121617 -0.315596
-0.091808 -0.177407 -0.302909
0.112509 -0.241617 -0.263809
-0.341512 -0.267061 0.035397
1.145742 -0.174760 0.112336
-0.137663 0.036694 -0.336708
1.369563 -0.168778 0.147630
1.645818 -0.282632 0.124503
0.418544 0.034239 -0.193486
0.349930 -0.013198 -0.118221
-0.027616 -0.122462 0.241934
-0.062203 -0.130829 0.128212
1.220952 -0.208384 -0.003413
1.578537 -0.217823 -0.287723
0.340094 -0.103844 -0.119200
-0.507833 0.134484 -0.356585
1.032703 -0.096502 -0.161421
-0.446101 -0.107453 -0.368905
0.099530 -0.004696 -0.252638
-0.332154 -0.322816 0.113760
0.111619 -0.337176 0.085022
-0.143525 -0.187492 -0.229261
0.489583 -0.144677 -0.270614
-0.315860 0.014765 0.133957
0.229465 -0.163497 0.184927
-0.057666 0.005265 -0.079409
-0.430668 -0.049355 0.316370
0.676443 -0.160870 -0.303007
0.881851 -0.039164 -0.219458
-0.361356 -0.093661 0.202759
1.003695 -0.099692 0.220960
1.176690 -0.024309 -0.115096
0.490137 -0.130248 -0.201965
0.653199 -0.073404 0.238973
0.280315 -0.260753 -0.217803
0.380264 -0.131983 0.176094
0.298330 0.110340 -0.141623
0.189261 -0.290759 -0.067671
-0.409043 -0.166682 0.129169
1.531291 -0.194383 -0.190465
-0.607392 -0.053376 0.143737
0.424645 -0.325939 -0.199091
0.011288 -0.048630 -0.309423
0.605307 -0.194137 -0.210577
0.993618 -0.171238 -0.209267
-0.270357 0.110165 -0.151619
1.275538 -0.134596 -0.241341
-0.463703 -0.253870 0.095041
0.869356 -0.140613 -0.062514
0.065032 -0.093732 0.225193
-0.344209 -0.150714 0.148960
0.983392 -0.195079 -0.019792
1.278221 -0.263805 -0.034277
-0.099902 -0.321395 0.070134
0.616455 -0.018246 -0.280879
0.734032 -0.180641 0.047251
-0.159808 -0.078106 -0.317117
-0.364491 -0.058681 0.069437
-0.165606 0.201942 0.000488
0.798527 -0.183525 -0.332969
0.341099 -0.050098 0.179872
0.448225 -0.168386 -0.259435
0.379178 -0.013443 -0.213225
-0.281919 0.181038 -0.083633
-0.192321 0.140756 -0.233810
0.435037 -0.081797 0.053395
0.322617 -0.074527 -0.327824
-0.473212 0.125459 0.033274
0.272414 -0.183806 -0.289872
0.704334 -0.277018 0.169606
0.543358 0.010907 -0.014289
1.091153 -0.146198 -0.109215
-0.722010 -0.146465 -0.402889
0.065526 -0.199155 0.169855
0.867532 -0.054225 -0.167934
0.942904 -0.207303 -0.286103
-0.385796 0.106530 -0.319188
0.580204 -0.176533 0.063146
0.367136 -0.199515 0.142445
0.144719 -0.192575 -0.235461
0.716327 -0.040508 -0.132450
0.761756 -0.154444 -0.263191
0.564781 -0.016702 -0.074293
0.562621 -0.065758 -0.312511
0.341100 -0.006587 -0.067535
0.788916 -0.303171 -0.071285
-0.493005 -0.145219 -0.330292
0.818991 -0.122647 -0.196637
0.096138 -0.218771 -0.218723
-0.192515 0.055278 -0.208491
0.723984 -0.072928 -0.160310
-0.417110 -0.133164 -0.377865
0.638802 -0.040183 0.245627
0.727789 -0.083935 -0.084788
-0.213454 0.089876 0.030172
-0.277306 -0.239669 -0.319010
0.079161 0.071446 -0.128258
0.993271 -0.215124 -0.223239
-0.260056 0.071690 -0.270349
-0.169542 -0.154626 0.179871
-0.134708 -0.088560 -0.313596
0.449346 -0.080614 0.164121
0.547805 -0.129906 0.076144
-0.346259 -0.222780 -0.341470
-0.067171 -0.087647 0.162601
-0.370292 0.176863 -0.093657
0.232581 0.125264 -0.235787
1.197884 -0.089814 -0.106964
0.819284 -0.051936 -0.227000
0.445355 -0.091246 -0.230483
0.096686 -0.129321 -0.320065
-0.155498 -0.209473 -0.326895
0.041211 -0.076966 0.100310
0.560862 0.008219 -0.195093
-0.405307 0.096015 -0.100794
1.617568 -0.324007 -0.243842
-0.273042 -0.205230 0.102797
-0.673726 -0.281814 -0.414594
1.409339 -0.153657 -0.267380
0.897561 -0.183627 -0.217228
0.454772 -0.132245 0.047447
0.349003 -0.061687 -0.289863
0.844982 -0.037989 -0.339135
0.764427 -0.092555 -0.133125
0.164357 -0.011492 -0.291954
0.812635 -0.072949 -0.183761
-0.105980 -0.198572 -0.326008
0.944838 -0.066719 -0.241445
-0.092546 -0.056798 0.070347
-0.193031 -0.096098 0.144801
0.397703 0.063098 -0.210431
0.724469 -0.159501 -0.342707
0.205493 0.130851 -0.109741
1.021324 -0.145708 -0.045422
1.036729 -0.203268 -0.257112
0.081233 -0.334835 0.014950
0.548615 -0.171795 0.164001
1.020475 -0.104506 -0.108246
-0.047474 0.129160 -0.176950
0.451060 0.067677 -0.169077
1.138620 -0.150525 -0.196643
0.219223 -0.191182 0.033894
0.620033 -0.247433 -0.044319
1.662359 -0.155117 -0.129272
-0.392843 0.004235 -0.317158
0.702314 -0.127267 0.047083
0.079450 -0.082680 -0.283251
-0.093708 0.020860 -0.413326
0.605685 0.029285 -0.251677
0.934484 -0.299429 -0.220573
0.167986 0.053212 -0.332125
-0.420631 -0.079355 0.137568
0.674046 -0.201664 -0.045768
0.901181 -0.281862 -0.084651
0.406608 -0.330569 -0.014747
-0.110568 -0.327795 -0.106682
1.344948 -0.039332 -0.287745
1.252325 -0.143470 -0.103287
-0.128007 0.068119 -0.041274
0.886272 -0.044584 -0.127329
-0.146958 -0.102957 0.158840
1.072021 -0.265445 -0.049490
0.874299 -0.039182 -0.036430
-0.206719 -0.099311 -0.244495
0.588491 -0.100293 -0.009607
-0.139065 -0.143813 0.192153
1.409238 -0.220997 -0.147278
0.568367 -0.048136 -0.175922
0.684244 0.026144 -0.207794
0.576082 -0.021272 -0.194866
0.664871 -0.031447 0.082345
-0.336957 0.131272 0.000293
-0.127937 -0.247326 -0.220624
-0.172017 0.007400 -0.266149
0.629787 -0.175069 -0.184054
-0.180604 -0.083465 -0.319802
0.996285 -0.133389 -0.048651
-0.317719 -0.014489 -0.371110
-0.181486 0.037895 0.016212
-0.588451 -0.037654 -0.480993
0.013846 -0.199631 0.063521
-0.487450 -0.119459 0.209043
0.876617 -0.151938 0.083901
0.085658 -0.308202 -0.192241
-0.625927 -0.086946 -0.433897
1.166946 -0.231872 0.081279
0.229488 -0.234794 -0.104656
0.791015 -0.004851 -0.030101
1.014422 -0.050393 -0.249715
-0.424103 -0.360184 -0.065868
-0.257460 -0.105360 -0.315347
-0.070894 -0.128996 -0.289354
0.679008 -0.021207 -0.242401
-0.170196 -0.270321 0.073872
-0.040618 0.176483 -0.032090
-0.499658 -0.230727 -0.156959
-0.368105 0.026734 -0.201798
0.098415 -0.064010 -0.311083
-0.292778 -0.146865 0.130590
0.287182 -0.313146 0.010694
1.495001 -0.103342 -0.098823
-0.536835 -0.307823 -0.362984
0.215532 -0.051075 0.056521
-0.394295 0.067483 0.013664
0.956639 -0.170468 0.082028
-0.193940 -0.177148 -0.296636
-0.567577 -0.417730 -0.224530
-0.375080 -0.301090 -0.290223
0.796472 -0.205350 -0.044162
-0.250577 -0.278210 -0.202682
-0.179731 0.159290 -0.156866
0.324149 -0.035419 -0.218961
-0.156606 -0.242829 0.119974
-0.189312 -0.486376 -0.200957
-0.288549 -0.432005 0.214843
-0.346643 -0.370127 -0.368597
-0.305571 -0.320208 0.438047
-0.432135 -0.371944 -0.171040
-0.452043 -0.307523 0.420995
-0.478417 -0.369126 -0.450492
-0.535031 -0.266167 0.580357
-0.760305 -0.413423 -0.285015
-0.838662 -0.320480 0.470020
-0.901472 -0.412434 -0.616250
-0.973500 -0.216821 0.749973
-1.148130 -0.344017 -0.429668
-1.212208 -0.185347 0.453167
-1.211702 -0.214781 -0.688053
-1.166446 -0.027293 0.526756
-1.178851 -0.138568 -0.510350
-1.080713 0.018175 0.324772
-0.968944 -0.096742 -0.656056
-0.907505 0.048562 0.519211
-0.984324 -0.007270 -0.362878
-0.907892 0.118274 0.175528
-0.784430 0.065120 -0.521913
-0.660256 0.122919 0.305825
-0.657361 0.077410 -0.197482
-0.581426 0.104989 0.055232
-0.453400 0.039957 -0.350745
-0.369658 0.081718 0.274048
-0.371360 0.028481 -0.179967
-0.326416 0.049496 0.197791
-0.273813 0.096786 -0.128485
-0.147858 0.212417 0.071013
-0.659675 -0.441646 -0.266977
-0.708046 -0.471004 -0.072697
-0.758361 -0.523983 -0.078180
-0.714243 -0.429297 0.252891
-0.708966 -0.430528 -0.284775
-0.724521 -0.322994 0.493376
-0.844749 -0.440476 -0.000515
-0.935312 -0.345199 0.378291
-1.049841 -0.476156 -0.255197
-1.168868 -0.345822 0.528332
-1.347088 -0.516108 0.026934
-1.474453 -0.337087 0.379569
-1.562417 -0.362649 -0.346894
-1.665763 -0.136418 0.521082
-1.668824 -0.255735 -0.122051
-1.677724 -0.059502 0.250123
-1.531675 -0.153985 -0.487172
-1.456212 -0.035902 0.355812
-1.348737 -0.190547 -0.244587
-1.313882 -0.036503 0.182522
-1.203137 -0.065646 -0.443950
-1.133518 0.050780 0.339398
-1.041336 -0.061848 -0.154744
-0.943935 -0.012767 0.167866
-0.812493 -0.013403 -0.319870
-0.716424 0.013459 0.264156
-0.666016 -0.081716 0.005111
-0.551115 -0.067203 0.133059
-0.500558 -0.072055 -0.170990
-0.432974 -0.098349 0.206689
-0.395776 -0.087808 0.198311
-0.253387 0.043387 0.235380
-0.664028 -0.372976 0.116526
-0.809879 -0.437672 0.091096
-0.932546 -0.492030 -0.037302
-0.844312 -0.385072 0.265416
-0.991377 -0.422570 0.122559
-0.927114 -0.360337 0.087650
-1.118891 -0.449965 -0.079902
-1.121254 -0.367068 0.221952
-1.429102 -0.454541 0.235694
-1.370563 -0.387618 -0.006982
-1.629481 -0.444342 -0.064919
-1.640671 -0.299878 0.133307
-1.951444 -0.292014 0.174029
-1.982507 -0.173989 -0.063707
-2.230776 -0.188898 -0.105821
-2.100156 -0.050044 0.119696
-2.071903 -0.075599 0.094925
-1.791874 -0.002940 -0.047041
-1.687417 -0.019578 -0.179412
-1.524138 0.120443 0.078640
-1.505206 0.134748 0.022979
-1.355099 0.209420 -0.084304
-1.275537 0.199219 -0.266708
-1.155980 0.282751 -0.032025
-1.101962 0.245225 -0.062106
-0.903936 0.226878 -0.096887
-0.863930 0.174879 -0.235419
-0.711124 0.204118 0.024896
-0.743605 0.171072 0.054196
-0.668164 0.127160 0.081200
-0.691996 0.101733 0.040413
-0.430449 0.164367 -0.100466
-0.828184 -0.396717 -0.133753
-0.983971 -0.505779 -0.075159
-1.011265 -0.514470 -0.004861
-0.954856 -0.464404 0.152662
-0.974986 -0.503625 -0.161201
-1.040306 -0.440819 0.337348
-1.196552 -0.532151 0.071063
-1.288161 -0.515805 0.163326
-1.398498 -0.567285 -0.188578
-1.494632 -0.499081 0.305479
-1.584263 -0.527444 0.044067
-1.703954 -0.440047 0.102711
-1.854043 -0.375164 -0.239389
-2.014531 -0.237881 0.194116
-2.043918 -0.257910 -0.029788
-2.061841 -0.176426 0.000622
-1.844673 -0.185540 -0.270051
-1.719403 -0.056500 0.181152
-1.509982 -0.110735 -0.173941
-1.431631 0.015120 0.004773
-1.298919 0.047010 -0.344817
-1.257969 0.177225 0.144559
-1.152815 0.133002 -0.176002
-1.061061 0.182720 0.022072
-0.907573 0.185302 -0.314584
-0.783006 0.214860 0.155179
-0.672872 0.156340 -0.146339
-0.589300 0.141009 0.082105
-0.545162 0.156937 -0.163418
-0.508250 0.111785 0.140251
-0.410064 0.094287 0.042177
-0.288410 0.159215 0.206075
-0.685706 -0.441641 0.073859
-0.832053 -0.468271 0.104017
-0.911646 -0.505630 -0.017913
-0.903447 -0.456741 0.106955
-1.038020 -0.456578 0.111737
-1.033921 -0.462751 0.034252
-1.140622 -0.502186 -0.089876
-1.177052 -0.488772 0.166799
-1.344238 -0.479644 0.049914
-1.340947 -0.476507 0.030252
-1.522652 -0.424543 -0.259402
-1.583920 -0.340246 0.173162
-1.785301 -0.239055 -0.105110
-1.892610 -0.192431 0.115294
-2.122855 -0.098921 -0.327656
-2.065677 -0.044590 0.224605
-2.003419 0.024812 -0.121938
-1.737646 0.052708 0.055808
-1.639981 0.178909 -0.246363
-1.499362 0.262768 0.025001
-1.441058 0.354700 -0.083801
-1.341716 0.362055 -0.029559
-1.319909 0.428557 -0.198569
-1.228318 0.429964 -0.077978
-1.082662 0.432411 -0.088748
-0.934566 0.368399 -0.017717
-0.816790 0.381286 -0.110124
-0.656429 0.345015 -0.011375
-0.550433 0.306128 -0.046008
-0.544092 0.240855 0.125637
-0.572610 0.196045 0.065810
-0.384978 0.209056 0.008258
-0.683339 -0.435578 -0.101521
-0.814569 -0.473104 -0.056482
-0.804773 -0.509170 0.023413
-0.838960 -0.477345 0.083738
-0.884909 -0.507667 -0.113341
-0.955319 -0.483121 0.199350
-1.063864 -0.544833 0.054207
-1.170276 -0.568693 0.144389
-1.232984 -0.576335 -0.295482
-1.315430 -0.510583 0.380727
-1.398653 -0.528160 -0.176132
-1.528619 -0.428367 0.239460
-1.617943 -0.367236 -0.522257
-1.725832 -0.207503 0.290673
-1.800483 -0.213265 -0.356449
-1.881636 -0.100108 0.218341
-1.741439 -0.079003 -0.416833
-1.635171 0.052377 0.249534
-1.448770 0.080689 -0.268031
-1.342371 0.180317 0.098608
-1.222459 0.229564 -0.286092
-1.193208 0.310512 0.121538
-1.139030 0.309088 -0.167592
-1.044257 0.332986 -0.022468
-0.876732 0.307962 -0.178196
-0.777740 0.320034 0.085918
-0.669276 0.257952 -0.073165
-0.582655 0.244575 0.077688
-0.507944 0.209784 -0.031323
-0.517459 0.171540 0.117219
-0.412216 0.136864 0.128183
-0.333755 0.170800 0.169861
-0.558615 -0.429083 0.055346
-0.677284 -0.416916 0.209504
-0.700058 -0.461094 -0.019139
-0.691065 -0.411420 0.216882
-0.791329 -0.425219 -0.009325
-0.843389 -0.416921 0.146961
-0.904062 -0.472206 -0.234968
-0.947034 -0.422287 0.340025
-1.086100 -0.429547 -0.191364
-1.155127 -0.429173 0.318892
-1.305548 -0.429466 -0.519644
-1.355549 -0.311686 0.538611
-1.497205 -0.239472 -0.445432
-1.561375 -0.140698 0.438314
-1.665776 -0.125536 -0.628756
-1.667262 -0.040481 0.466154
-1.658057 0.050503 -0.417666
-1.549811 0.104949 0.244093
-1.468344 0.176938 -0.551972
-1.346681 0.242372 0.255074
-1.329201 0.333703 -0.351940
-1.266937 0.334557 0.056353
-1.232859 0.358793 -0.442395
-1.174491 0.363255 0.139468
-1.121660 0.413913 -0.219883
-0.962840 0.381218 0.017907
-0.842856 0.384697 -0.247980
-0.669595 0.359563 0.050535
-0.587647 0.305823 0.009320
-0.564439 0.195708 0.079379
-0.551018 0.135719 0.074984
-0.378789 0.136347 0.000990
-0.571939 -0.397754 -0.063394
-0.645086 -0.409044 0.070107
-0.627447 -0.460922 0.020025
-0.645191 -0.427836 0.211344
-0.662569 -0.428594 -0.111594
-0.724099 -0.396825 0.346800
-0.831449 -0.423364 -0.050745
-0.872827 -0.428768 0.244522
-0.859777 -0.425423 -0.438998
-0.921896 -0.354274 0.573950
-1.063661 -0.415913 -0.474459
-1.213197 -0.327882 0.515050
-1.239206 -0.319966 -0.826848
-1.278620 -0.183078 0.663581
-1.257128 -0.177745 -0.616168
-1.359956 -0.050993 0.471031
-1.301082 0.009413 -0.734559
-1.295509 0.122218 0.465603
-1.166895 0.113407 -0.496787
-1.125111 0.173944 0.289329
-1.025364 0.195203 -0.537296
-0.996987 0.267496 0.322511
-0.954400 0.213807 -0.313714
-0.928500 0.268379 0.109346
-0.829358 0.274565 -0.372521
-0.760881 0.319071 0.117939
-0.660469 0.246376 -0.106966
-0.603385 0.243361 0.042103
-0.545882 0.172422 -0.083021
-0.552633 0.114404 0.062324
-0.479071 0.055502 0.097277
-0.330532 0.079626 0.096217
-0.451828 -0.414557 0.097274
-0.530067 -0.368759 0.257927
-0.512881 -0.420552 0.046558
-0.507598 -0.382412 0.271277
-0.613129 -0.376094 0.022781
-0.645931 -0.358912 0.169012
-0.673461 -0.365526 -0.226335
-0.702112 -0.351448 0.350158
-0.807908 -0.320761 -0.258687
-0.832934 -0.322312 0.364206
-0.962016 -0.286303 -0.502127
-1.091948 -0.224632 0.596705
-1.224604 -0.215891 -0.368050
-1.201486 -0.150532 0.534772
-1.228902 -0.130329 -0.607530
-1.257070 -0.010808 0.454368
-1.292205 0.085466 -0.400818
-1.219834 0.120787 0.252714
-1.198765 0.142447 -0.520434
-1.135389 0.161122 0.204610
-1.116267 0.187860 -0.315826
-1.017142 0.196073 0.147810
-1.019986 0.207957 -0.354591
-0.974876 0.234928 0.116945
-0.924348 0.244570 -0.200134
-0.818323 0.285899 0.138059
-0.731902 0.255421 -0.159352
-0.634638 0.268742 0.060720
-0.599575 0.174059 -0.076884
-0.559392 0.108221 0.050972
-0.550025 0.008698 0.041173
-0.355675 0.031472 -0.042797
-0.446172 -0.371945 -0.031603
-0.475691 -0.384238 0.115835
-0.414022 -0.424881 0.095223
-0.370075 -0.412451 0.217378
-0.413471 -0.404037 -0.075004
-0.479186 -0.371783 0.362575
-0.522430 -0.357004 -0.083357
-0.534507 -0.353996 0.249999
-0.531612 -0.342010 -0.407980
-0.618802 -0.295569 0.557495
-0.702079 -0.315315 -0.423056
-0.874421 -0.266256 0.486578
-0.933610 -0.302176 -0.811514
-1.008522 -0.205533 0.690534
-0.985397 -0.161415 -0.602994
-1.051160 -0.065421 0.502715
-0.974861 0.027820 -0.711021
-0.967388 0.076018 0.521194
-0.854506 0.095558 -0.421843
-0.815201 0.081932 0.261508
-0.777876 0.096331 -0.461051
-0.758124 0.107642 0.284815
-0.706559 0.090258 -0.258572
-0.695014 0.110378 0.167055
-0.626025 0.128181 -0.256582
-0.591561 0.181944 0.160200
-0.533630 0.153716 -0.098536
-0.549510 0.130857 0.060950
-0.551177 0.071437 -0.063521
-0.573101 0.004579 0.059008
-0.530422 -0.042591 0.101267
-0.371574 -0.010067 -0.028331
-0.309462 -0.394203 0.071142
-0.377326 -0.363767 0.251429
-0.357814 -0.430378 0.026331
-0.306075 -0.414852 0.297045
-0.379725 -0.387678 0.005492
-0.438137 -0.358750 0.205267
-0.470247 -0.336995 -0.287329
-0.485711 -0.301028 0.467679
-0.566882 -0.261886 -0.293634
-0.604992 -0.241137 0.373730
-0.685412 -0.241456 -0.568080
-0.769546 -0.203956 0.640454
-0.932137 -0.172238 -0.353969
-0.949844 -0.130316 0.452524
-0.983195 -0.127541 -0.665964
-0.961094 -0.031381 0.554111
-1.011237 0.065645 -0.416442
-0.874896 0.091738 0.263338
-0.800776 0.077858 -0.601452
-0.722213 0.077308 0.345777
-0.766881 0.107986 -0.276050
-0.675935 0.095614 0.149338
-0.699390 0.098131 -0.374507
-0.644396 0.100852 0.164490
-0.679344 0.137303 -0.111949
-0.590559 0.125796 0.077483
-0.535828 0.118624 -0.142667
-0.454246 0.135341 0.035442
-0.469624 0.096217 -0.003821
-0.496374 0.029671 0.021990
-0.471713 -0.027424 0.067431
-0.329184 0.024099 -0.081504
-0.347027 -0.347059 -0.037631
-0.348501 -0.337029 0.164670
-0.268102 -0.406486 0.066906
-0.213178 -0.410746 0.207064
-0.260612 -0.404039 -0.126863
-0.321043 -0.368011 0.425430
-0.402847 -0.347425 -0.108529
-0.422542 -0.310816 0.339023
-0.367883 -0.306597 -0.542786
-0.421284 -0.230045 0.681600
-0.480199 -0.259767 -0.452495
-0.593672 -0.205267 0.483129
-0.615925 -0.243550 -0.869352
-0.701731 -0.142542 0.835798
-0.757540 -0.125230 -0.553114
-0.801603 -0.080715 0.447944
-0.670144 -0.013158 -0.904784
-0.572329 0.021263 0.745099
-0.464244 0.004933 -0.436897
-0.427136 -0.017313 0.384933
-0.425429 -0.000112 -0.614730
-0.472488 0.048841 0.395148
-0.433180 0.028937 -0.191635
-0.427603 0.013826 0.237784
-0.377572 0.042283 -0.236012
-0.362367 0.052879 0.145166
-0.329746 0.020852 -0.056786
-0.328595 0.020187 0.119161
-0.399693 -0.009085 -0.039306
-0.428078 -0.035904 0.100916
-0.446429 -0.059449 0.139675
-0.278968 -0.015929 -0.003271
-0.237933 -0.359325 0.085769
-0.295822 -0.324766 0.224809
-0.220880 -0.395641 0.078008
-0.146464 -0.393264 0.255193
-0.190211 -0.395702 0.062668
-0.250313 -0.388537 0.200606
-0.317218 -0.334940 -0.184323
-0.334545 -0.290707 0.445947
-0.415768 -0.252150 -0.197971
-0.415813 -0.216025 0.420383
-0.444268 -0.210548 -0.447523
-0.508435 -0.165732 0.596334
-0.666149 -0.181221 -0.259688
-0.688891 -0.128928 0.413138
-0.764514 -0.120218 -0.440878
-0.756477 -0.052782 0.395745
-0.781672 0.023579 -0.122012
-0.591931 0.019436 0.213415
-0.490845 0.005403 -0.290608
-0.440030 0.008569 0.153663
-0.507131 -0.002645 -0.057534
-0.474932 0.013765 0.104072
-0.500102 -0.028169 -0.095903
-0.454385 -0.041510 0.131007
-0.481065 -0.062831 0.013796
-0.371108 -0.032096 0.147730
-0.382520 -0.078253 0.074955
-0.285714 0.016819 0.096432
-0.357250 -0.012137 0.079988
-0.345946 0.033660 0.109515
-0.362889 -0.028092 0.187802
-0.215935 0.060107 0.073103
-0.243587 -0.299829 -0.011090
-0.227588 -0.305576 0.079806
-0.099235 -0.361622 0.153471
-0.017309 -0.385035 0.108111
-0.063850 -0.395036 0.032462
-0.093048 -0.368808 0.305326
-0.155464 -0.338546 0.027727
-0.157163 -0.313164 0.244291
-0.160323 -0.316024 -0.294060
-0.154991 -0.246011 0.522065
-0.175526 -0.255199 -0.267156
-0.212535 -0.198905 0.464098
-0.326009 -0.246054 -0.567588
-0.429284 -0.166322 0.679346
-0.497434 -0.138194 -0.360343
-0.546234 -0.104706 0.336141
-0.473538 -0.053859 -0.466020
-0.435562 -0.049526 0.513973
-0.335199 -0.040510 -0.072690
-0.312939 -0.089386 0.239907
-0.342965 -0.073635 -0.189463
-0.421745 -0.068327 0.203813
-0.362527 -0.079567 -0.005382
-0.346379 -0.146248 0.078227
-0.229565 -0.113110 -0.033185
-0.158748 -0.135168 0.159376
-0.032516 -0.127497 0.039791
-0.033920 -0.102557 0.134940
-0.178060 -0.054729 0.160252
-0.284857 -0.096929 0.146769
-0.323626 -0.064809 0.317862
-0.175144 -0.024736 0.066240
-0.061049 -0.320888 0.061497
-0.117266 -0.308097 0.165568
-0.066600 -0.342815 0.025503
0.063630 -0.360507 0.249419
0.073189 -0.349555 0.051540
0.016063 -0.368598 0.181322
-0.026290 -0.316859 -0.127679
-0.008182 -0.301444 0.347572
-0.033189 -0.224423 -0.106825
-0.032258 -0.245222 0.308215
-0.016682 -0.222461 -0.302826
-0.026177 -0.198940 0.428652
-0.199289 -0.170998 -0.209143
-0.379343 -0.173169 0.373587
-0.481136 -0.118655 -0.326782
-0.466644 -0.103993 0.422733
-0.514329 -0.020753 -0.102787
-0.381715 -0.059128 0.278589
-0.300431 -0.054858 -0.220138
-0.216549 -0.081607 0.230358
-0.298310 -0.043233 -0.061380
-0.298494 -0.073437 0.123861
-0.305182 -0.092722 0.013157
-0.259599 -0.161131 0.150472
-0.242999 -0.174561 0.191297
-0.147163 -0.194186 0.182967
-0.146865 -0.180209 0.151337
-0.066697 -0.072625 0.230551
-0.162945 -0.083303 0.232940
-0.197251 -0.040573 0.227257
-0.220600 -0.094021 0.278236
-0.094682 0.005179 0.160487
0.020480 -0.278381 -0.037159
0.035858 -0.277175 0.183777
0.133441 -0.322783 0.126271
0.175482 -0.361182 0.159862
0.158797 -0.350278 -0.000690
0.166929 -0.358158 0.355138
0.157007 -0.334854 0.066332
0.171788 -0.328282 0.227429
0.195808 -0.307857 -0.162998
0.238212 -0.288013 0.399349
0.284741 -0.289286 -0.136048
0.233097 -0.246128 0.300259
0.167560 -0.251051 -0.388236
0.001818 -0.158373 0.639380
-0.068063 -0.135630 -0.301004
-0.161024 -0.084973 0.369916
-0.125573 -0.056545 -0.473927
-0.152672 -0.045384 0.581568
-0.119713 -0.057148 -0.059183
-0.072159 -0.098231 0.283702
-0.049004 -0.094586 -0.118685
-0.107541 -0.104515 0.269619
-0.058774 -0.150246 0.044006
-0.055296 -0.217235 0.118118
-0.008495 -0.201896 0.071949
0.018102 -0.193166 0.166711
0.083314 -0.163678 0.217248
0.017300 -0.151560 0.198495
-0.112312 -0.126914 0.213358
-0.177029 -0.158990 0.289470
-0.158926 -0.159149 0.269076
-0.007224 -0.081393 0.153452
-0.003189 -0.307542 0.099040
-0.001288 -0.273818 0.205477
0.084318 -0.306219 0.122110
0.250451 -0.322074 0.205005
0.319991 -0.327171 0.144852
0.348388 -0.354662 0.144258
0.356416 -0.326425 -0.001230
0.396990 -0.311816 0.332007
0.409593 -0.292937 -0.041549
0.447721 -0.271709 0.294893
0.507978 -0.278303 -0.184816
0.502561 -0.218289 0.433265
0.454878 -0.247179 -0.293806
0.345347 -0.146307 0.426685
0.227525 -0.189679 -0.345686
0.143330 -0.085105 0.452977
0.132638 -0.092888 -0.260681
0.165832 -0.051518 0.396666
0.179312 -0.113896 -0.232864
0.207448 -0.098711 0.296640
0.178654 -0.117194 -0.148654
0.172321 -0.115852 0.199701
0.114700 -0.164820 -0.028238
0.112986 -0.213441 0.228091
0.043512 -0.258206 0.115989
0.082805 -0.224308 0.187221
-0.035582 -0.265750 0.232980
0.011447 -0.165356 0.221968
-0.148530 -0.198870 0.270493
-0.176131 -0.140316 0.291871
-0.210781 -0.205091 0.300959
-0.053396 -0.044967 0.224080
0.045518 -0.280880 0.031539
0.091533 -0.279492 0.193348
0.213705 -0.330613 0.279906
0.336490 -0.368468 0.150490
0.377106 -0.363449 0.208945
0.433624 -0.379377 0.244739
0.477997 -0.336942 0.246802
0.544370 -0.349898 0.185086
0.580552 -0.338458 0.039587
0.614279 -0.316942 0.340885
0.706649 -0.329896 -0.073855
0.680177 -0.256032 0.316798
0.732963 -0.290946 -0.224392
0.627146 -0.181258 0.484180
0.624369 -0.202844 -0.296062
0.497649 -0.059559 0.383602
0.530383 -0.110490 -0.305812
0.417420 -0.047574 0.353950
0.459361 -0.113766 -0.163731
0.423055 -0.093301 0.286913
0.451969 -0.134626 -0.078724
0.363378 -0.138979 0.189736
0.453844 -0.176526 0.021399
0.441907 -0.216139 0.141105
0.399816 -0.233120 0.105948
0.355216 -0.215223 0.210684
0.322923 -0.200609 0.151309
0.249239 -0.160690 0.236509
0.023504 -0.192837 0.231429
-0.093610 -0.229996 0.360152
-0.160141 -0.206684 0.386360
-0.001423 -0.132445 0.230661
0.016225 -0.287724 0.093420
0.034011 -0.244848 0.209022
0.124386 -0.286974 0.116599
0.346339 -0.312949 0.222238
0.456420 -0.327877 0.166092
0.543637 -0.370132 0.147209
0.573782 -0.337247 0.137209
0.715364 -0.346916 0.155820
0.777670 -0.330733 0.085185
0.807566 -0.330850 0.255347
0.877164 -0.337277 -0.100142
0.972600 -0.255291 0.238506
0.975104 -0.278458 -0.070500
0.895665 -0.196995 0.348462
0.889117 -0.224163 -0.196617
0.892671 -0.085944 0.228353
0.784166 -0.126135 -0.020542
0.701688 -0.072823 0.315904
0.682888 -0.134270 -0.130975
0.721882 -0.111301 0.187923
0.622272 -0.145669 0.028906
0.576189 -0.134005 0.212357
0.527108 -0.189635 0.089630
0.617882 -0.207938 0.191892
0.515003 -0.271291 0.165678
0.498439 -0.225185 0.165176
0.356171 -0.259391 0.169321
0.367148 -0.172091 0.264310
0.123027 -0.226118 0.330196
0.003096 -0.209114 0.224145
-0.037535 -0.240769 0.339112
0.063055 -0.058050 0.234211
0.145997 -0.266309 0.042569
0.210573 -0.256784 0.284820
0.336373 -0.281471 0.256242
0.468063 -0.317522 0.222895
0.543828 -0.284103 0.213367
0.662493 -0.331721 0.230065
0.751636 -0.290613 0.265222
0.877503 -0.351808 0.091307
0.932149 -0.328735 0.177542
0.989931 -0.372228 0.242368
1.171144 -0.408230 0.084704
1.241423 -0.366925 0.226304
1.301743 -0.334749 -0.131447
1.175581 -0.255100 0.381482
1.240542 -0.268984 -0.055250
1.179013 -0.164842 0.252093
1.099490 -0.196032 -0.165007
0.911789 -0.174163 0.316449
0.900904 -0.223865 0.006713
0.885942 -0.180907 0.309332
0.854291 -0.206210 0.001222
0.769709 -0.187955 0.305929
0.759034 -0.196958 0.180142
0.664851 -0.221282 0.197801
0.564128 -0.231715 0.177210
0.544397 -0.227549 0.322364
0.553677 -0.212162 0.220138
0.447625 -0.210415 0.220771
0.253813 -0.214582 0.216050
0.083375 -0.242907 0.361086
0.014016 -0.223169 0.383071
0.126761 -0.105555 0.263346
0.111840 -0.233047 0.062574
0.220982 -0.168912 0.251621
0.337149 -0.214276 0.136857
0.573950 -0.237434 0.166540
0.699484 -0.262587 0.187892
0.855108 -0.301321 0.096383
0.931181 -0.273209 0.186601
1.117061 -0.295076 0.137883
1.211101 -0.298373 0.065491
1.426585 -0.310210 0.091847
1.469539 -0.279287 0.013594
1.556345 -0.231960 0.222870
1.595960 -0.233140 -0.162233
1.675473 -0.170678 0.085190
1.607850 -0.161417 -0.070435
1.552396 -0.103467 0.247950
1.458208 -0.151986 -0.137031
1.404791 -0.145332 0.098042
1.225209 -0.156729 0.012583
1.146732 -0.156949 0.275240
1.046663 -0.188089 -0.022712
0.995261 -0.181923 0.135374
0.855110 -0.182635 0.126918
0.835180 -0.201292 0.244801
0.760433 -0.229100 0.127676
0.754553 -0.195887 0.115263
0.625545 -0.166669 0.190860
0.543904 -0.122908 0.204717
0.385281 -0.141204 0.202214
0.276348 -0.164449 0.250703
0.189426 -0.202358 0.254411
0.181662 -0.047681 0.169295
0.386387 -0.223896 0.066209
0.521255 -0.162380 0.273631
0.606172 -0.172887 0.307019
0.742055 -0.215566 0.150009
0.859016 -0.216232 0.243679
0.913945 -0.257816 0.136453
1.073241 -0.260908 0.174578
1.232640 -0.298407 0.089618
1.330304 -0.312779 0.154626
1.387885 -0.374605 0.234516
1.588990 -0.390140 -0.066402
1.696468 -0.391416 0.172265
1.678722 -0.332817 0.089587
1.596688 -0.317056 0.390968
1.701623 -0.315542 -0.085382
1.672904 -0.289780 0.194066
1.533495 -0.294205 0.107025
1.340372 -0.317257 0.340233
1.312087 -0.376821 0.005705
1.239984 -0.362740 0.249763
1.098619 -0.338207 0.123744
0.943855 -0.321247 0.308776
0.883605 -0.323395 0.156042
0.855677 -0.317278 0.150287
0.785876 -0.291085 0.219508
0.739769 -0.283292 0.217837
0.713487 -0.228917 0.207678
0.659490 -0.206203 0.170727
0.606217 -0.171241 0.238902
0.416383 -0.243603 0.270031
0.336272 -0.196090 0.349556
0.283447 -0.103567 0.291455
0.303729 -0.216597 0.129012
0.519373 -0.163055 0.181967
0.660102 -0.146835 0.045924
0.789326 -0.164651 0.173919
0.835556 -0.203137 0.167060
0.926166 -0.214833 0.088509
0.981991 -0.205724 0.034500
1.094679 -0.207443 0.102671
1.191489 -0.236504 -0.009782
1.374728 -0.265466 0.056583
1.376903 -0.277502 -0.106251
1.482506 -0.247939 0.162125
1.530652 -0.243721 -0.055519
1.620365 -0.227358 0.052924
1.542507 -0.239523 -0.135458
1.506582 -0.234701 0.150165
1.454151 -0.236679 -0.041995
1.434489 -0.247082 0.020586
1.270344 -0.302565 -0.102639
1.179791 -0.298529 0.162579
1.067666 -0.286516 0.076824
1.037602 -0.248354 0.073389
0.906029 -0.241176 0.061339
0.894732 -0.260623 0.137221
0.830852 -0.245891 0.178124
0.859571 -0.177137 0.089287
0.768284 -0.119001 0.049364
0.696030 -0.088883 0.120596
0.517885 -0.105287 0.295050
0.401026 -0.176655 0.150365
0.291154 -0.167176 0.255347
0.269880 -0.064945 0.096247
0.390360 -0.145136 0.127219
0.371979 -0.065458 0.348595
0.499794 -0.019839 0.249963
0.608585 -0.033901 0.228841
0.708325 -0.035720 0.103023
0.790008 -0.060747 0.142295
0.909710 -0.072721 0.100211
0.996241 -0.103086 0.121429
1.106196 -0.126929 0.019396
1.136706 -0.155741 0.160159
1.309921 -0.167985 0.029703
1.325310 -0.165059 0.116411
1.311213 -0.120609 0.017433
1.246406 -0.167390 0.229304
1.399537 -0.134594 0.043791
1.330356 -0.154243 0.104944
1.236705 -0.119280 0.004657
1.065705 -0.189737 0.245310
1.162443 -0.218205 0.081808
1.050611 -0.222670 0.135020
1.003477 -0.189774 0.075991
0.858507 -0.184469 0.230761
0.876579 -0.153143 0.187135
0.799820 -0.179642 0.159693
0.779579 -0.141206 0.167499
0.754977 -0.128173 0.213310
0.754384 -0.050639 0.256617
0.672134 -0.067784 0.200869
0.575438 -0.047837 0.246897
0.464170 -0.094834 0.296567
0.390207 -0.057966 0.395235
0.374848 -0.023803 0.254164
