0.793451 0.286435 -0.783310
0.703314 0.290828 -0.373256
0.411511 0.260433 0.066100
0.560383 0.265036 -0.550342
0.631115 0.183639 0.187184
0.492421 0.601959 -0.406375
0.618040 0.424793 0.019530
0.436808 0.518148 0.310304
0.446069 0.351991 -0.424255
0.459821 0.532558 -0.071679
0.439545 0.352053 0.460500
0.591144 0.094432 0.185893
0.436580 0.634208 0.692962
0.986526 0.751718 0.776238
0.384677 0.499633 0.564159
0.694295 -0.166042 -0.270300
0.621773 0.105720 -0.650807
0.563896 -0.059873 -0.175510
0.504273 0.499649 -0.279072
0.109896 0.559493 -0.822541
0.633092 0.259672 -0.021101
0.257716 0.777602 -0.092234
0.588971 0.420798 -0.542946
0.318941 0.310703 -0.654128
0.571983 0.400838 0.299958
0.856765 0.417701 0.396420
0.236772 0.734901 -0.169158
0.537102 0.095132 0.094826
-0.029765 0.760953 -0.324488
0.544642 0.091375 -0.273307
-0.361134 0.459199 -0.875244
0.547039 0.007137 -0.329441
0.649673 0.278040 -0.668068
0.759645 0.446030 -0.453312
0.624244 0.328495 -0.563621
0.447276 0.215012 -0.304668
0.776524 0.158979 -0.057318
0.544952 0.119136 -0.553050
0.888516 0.572806 0.771835
0.229424 0.523942 -0.654518
0.471277 0.130876 0.270591
0.654085 0.156265 0.293230
0.783615 0.215107 0.188467
0.561711 0.088416 -0.622152
0.676540 0.266508 -0.497828
0.592582 0.187450 -0.343270
0.239790 0.086954 -0.064612
0.932581 0.770672 1.031927
0.223470 0.352471 -0.586640
0.681716 0.411482 0.372109
0.503651 0.006594 -0.117208
0.601675 0.119880 -0.090095
0.619011 0.183788 0.216181
0.550322 0.476152 0.343428
0.603870 0.400275 -0.016045
0.728033 0.239493 0.076584
0.761857 0.328741 -0.781176
0.610398 0.435333 0.347765
-0.228794 0.634652 -0.598061
0.432211 0.324704 -0.341601
0.067170 0.327006 -0.566448
0.110208 0.778882 -0.703308
0.541546 -0.022496 -0.086991
0.635665 0.123694 -0.018619
0.528898 0.173100 -0.374041
0.669131 0.152727 -0.805447
0.180747 0.374076 0.421620
0.769444 0.598972 0.293414
0.363169 0.800670 0.674033
0.184064 0.625029 0.527594
0.664935 0.418015 0.305091
0.581148 0.298241 -0.463960
0.389641 0.529741 0.304879
0.774614 0.450403 0.196153
0.658106 0.687553 -0.854872
0.507160 0.183709 -0.235347
0.646942 0.679981 0.306035
0.630888 0.296722 -0.288936
0.588272 0.371413 0.044179
0.546176 0.410681 -0.027255
0.572469 0.246353 -0.236461
0.354642 0.451685 -0.037401
0.509601 -0.076230 -0.554327
-0.109535 0.886517 0.161643
0.549316 0.073079 -0.355853
0.356948 0.291162 -0.513307
0.721681 0.128095 -0.365740
0.734571 0.392344 -0.646339
0.154119 0.751374 -0.324244
0.741300 0.434422 -0.674534
0.262965 0.609146 0.078374
0.520922 0.163011 -0.330199
0.589755 0.626027 0.817230
0.371534 0.415883 0.195587
0.762251 0.483398 0.490465
0.844246 0.672069 0.669974
0.541357 0.025491 -0.157839
0.594857 0.434525 -1.011539
0.509134 0.387147 -0.096856
0.333272 0.129147 -0.598400
0.204330 0.360387 0.190463
0.318613 0.476045 0.266917
0.763217 0.298944 -0.564397
0.720318 0.438381 0.362919
0.656731 0.283745 -0.574311
0.393516 0.652228 -0.804050
0.287678 0.585082 -0.022158
0.278310 0.622197 -0.400246
0.711104 0.379247 0.130588
0.631457 0.357424 -0.833201
-0.160401 0.879689 0.205181
0.790252 0.228793 -0.493863
0.650373 0.396714 0.081489
0.588406 0.079258 0.224072
0.642448 0.234637 -0.344368
-0.057639 0.179927 -0.443328
0.664772 0.308097 0.109157
0.611714 0.282793 -0.512023
0.553434 0.417228 -0.900394
0.013986 0.682532 -0.649646
0.650239 0.121034 -0.016961
0.786950 0.069312 0.068571
0.774446 0.031256 -0.863231
0.620327 0.347781 -0.156195
0.538077 -0.095185 -0.503534
0.637116 0.247863 0.217705
0.495150 -0.032217 -0.414358
0.760064 0.633752 0.813048
0.650723 -0.015404 -0.146353
-0.239229 0.175407 -0.563826
0.571209 0.149909 -0.384872
0.522677 0.017035 -0.511091
0.124037 0.568791 -0.471410
0.639009 0.654595 0.521267
0.005623 0.175480 -0.708442
0.771879 0.377446 0.197707
0.561282 0.086732 0.230225
0.339102 0.337825 0.362142
0.107445 0.052587 -0.557304
0.165039 0.884485 -0.510050
0.900026 0.270023 -0.976781
0.141644 0.522113 -0.525905
0.344605 0.300878 0.106915
0.455912 0.157759 -0.523437
0.844120 0.397816 0.571346
0.624206 0.306708 -0.225674
0.153093 0.161198 -0.580885
0.566741 0.477900 0.144060
0.155175 0.430902 0.328098
0.573566 0.310007 0.007230
0.733024 0.089880 -0.355439
0.394971 0.616775 -0.508501
0.564666 -0.047646 -0.393230
0.533565 0.285743 -1.031685
0.337516 0.177390 -0.750688
0.621120 0.155669 0.216945
0.574844 0.180418 0.144399
0.128641 0.738955 -0.412088
0.676483 -0.035140 -0.563597
0.346179 0.418854 0.404611
-0.419472 0.192785 -0.460737
0.743701 0.461238 -0.991801
0.336059 0.247417 -0.180008
0.745238 0.236414 0.356640
0.546613 0.176224 -0.403709
0.442250 0.340755 -0.274862
0.587406 0.210382 -0.416935
0.576507 0.156760 -0.320566
0.412373 0.124874 -0.287316
0.437396 0.116307 -0.494137
0.594274 0.401404 0.714382
0.339358 0.434601 0.483513
0.610179 0.483591 0.465978
0.500931 0.403993 0.264575
0.729607 0.275979 -0.681247
0.714533 0.388293 0.572309
0.344823 0.274638 -0.201737
0.741527 0.335704 -0.448071
0.621134 0.049872 -0.378681
0.575750 0.396225 0.020268
0.342690 0.273436 -0.178627
0.458773 0.414363 -0.030667
0.573110 0.328343 -0.068988
0.463936 0.400241 -0.524929
0.508477 0.450912 -0.185856
0.708637 0.220480 -0.343841
0.434458 0.562051 -0.748514
-0.089437 0.444250 -0.577816
0.726740 0.556195 0.103937
0.314123 0.248943 -0.662866
-0.107619 0.545351 -1.019139
0.522942 -0.015788 -0.428375
0.753407 0.040864 -0.690330
0.320413 0.458762 -0.901942
0.191127 0.475990 0.299443
0.622897 0.214813 0.184937
0.636559 0.109665 -0.530668
0.561694 0.177629 -0.195606
0.245532 -0.194599 -0.311926
0.692394 0.386916 -0.868276
0.776251 0.820228 0.583373
0.423065 0.698282 -0.354059
0.699597 0.734534 0.463452
0.469554 0.240915 0.249579
0.795362 -0.049937 -0.399170
0.782189 0.903285 0.885073
0.016904 0.264208 -0.641747
0.704533 0.280222 0.421293
0.508190 0.388672 0.179506
0.775138 0.210234 -0.477121
0.383094 0.450910 -0.316064
0.523462 0.320637 -0.089469
0.497353 0.303509 -0.454708
0.637047 0.445559 0.595826
-0.033688 0.443105 0.556052
0.296771 0.059859 -0.437199
0.454444 0.259145 -0.359312
0.631387 0.095726 -0.563561
0.144751 0.414150 -0.668741
0.404002 0.400162 0.219920
-0.059648 0.352114 -0.893746
0.064007 0.600753 0.459139
-0.578792 0.488590 -0.507541
0.591634 0.151917 0.143622
0.347805 0.578185 0.103689
0.633582 0.526211 0.212046
0.463021 -0.015017 -0.390623
-0.187777 0.227557 -0.729783
0.702694 0.070454 0.135427
0.602577 -0.028797 -0.564898
0.347580 0.267108 0.063356
0.858187 0.264024 -0.894114
0.131330 -0.161173 -0.143754
0.222695 0.288016 -0.520475
0.555978 0.254312 -0.423407
0.650548 -0.050194 -0.380788
0.494254 -0.151677 0.212280
0.494729 0.266476 0.309120
0.096652 0.220275 -0.331490
0.215379 0.426541 -0.291953
0.512826 0.152966 -0.664318
0.334515 0.124598 0.158332
0.582468 0.059570 -0.246308
0.339046 0.658658 0.129810
-0.002473 0.024206 -0.546736
0.532082 0.305946 0.601336
-0.050728 0.302542 0.384351
0.488697 0.196000 0.028202
0.514538 0.336286 -0.365706
-0.060859 -0.039015 -0.232475
0.226463 -0.027089 -0.599035
0.697316 0.196337 -0.379962
0.262696 -0.150505 -0.421954
0.109944 0.617400 0.290314
0.456658 0.527468 -0.499131
0.618058 0.262626 -0.026851
0.741966 -0.146825 -0.108305
0.910851 -0.093398 0.066104
0.959989 -0.068459 -0.076216
0.898697 -0.108495 0.020683
0.864681 -0.128029 -0.005953
0.856593 -0.130689 0.124750
0.870669 -0.093529 -0.058763
0.873509 -0.060737 0.100652
0.885364 0.020863 0.012846
0.838953 0.104979 0.146129
0.750320 0.108622 -0.265095
0.489823 0.134798 0.245100
0.174862 0.105062 -0.375457
-0.185079 0.298776 0.203441
-0.376894 0.331508 -0.728191
-0.652450 0.442296 0.430145
-0.893568 0.455745 -0.583344
-1.066869 0.547506 0.016920
-1.028704 0.553911 -0.767929
-1.027935 0.670128 0.213001
-1.132232 0.696012 -0.613353
-1.106254 0.787184 -0.204700
-1.016606 0.770387 -0.857373
-0.964326 0.843372 0.204881
-1.072481 0.854836 -0.567059
-0.967466 0.915473 -0.179364
-0.799077 0.969512 -0.771772
-0.659978 0.992656 0.128436
-0.754614 1.019782 -0.384324
-0.637820 1.035298 -0.188780
-0.496970 1.147863 -0.450060
-0.356277 1.037180 -0.327625
0.806261 -0.105859 0.017890
1.049842 -0.014038 -0.123405
1.037635 -0.116729 0.096480
1.045998 -0.190794 0.043151
1.009827 -0.178744 0.016323
1.027010 -0.196869 0.079474
1.041791 -0.134366 0.111761
1.085738 -0.088696 0.105408
1.049721 -0.008906 0.093302
1.049466 0.056377 0.159591
0.934036 0.068164 0.190147
0.825668 0.140285 0.087035
0.518754 0.166699 -0.298784
0.236833 0.311711 0.181121
-0.042186 0.346048 -0.370775
-0.293637 0.535056 -0.009004
-0.570442 0.569793 -0.753465
-0.790526 0.689064 0.307213
-0.941216 0.760350 -0.510605
-0.988281 0.818082 -0.021931
-0.996284 0.858419 -0.779601
-1.107860 0.906070 0.261492
-1.111153 0.868616 -0.384504
-1.090186 0.872225 0.032334
-0.932107 0.901033 -0.788239
-0.827934 0.877007 0.366323
-0.546724 0.833188 -0.250027
-0.318480 0.845585 0.176837
-0.212793 0.974211 -0.500617
-0.213279 0.872958 0.244481
-0.154512 0.774798 0.421290
-0.263835 0.823204 0.356028
0.856968 -0.164228 0.076750
1.027426 -0.106283 0.025432
1.097656 -0.098167 0.054648
1.035304 -0.147436 0.011598
1.007064 -0.130928 0.150442
1.008703 -0.123655 0.030326
0.985002 -0.079795 0.077961
0.994344 -0.023905 0.127766
0.863293 0.043036 0.187046
0.784205 0.108343 0.010548
0.596884 0.148596 -0.064694
0.358541 0.162302 -0.107032
-0.250515 0.176244 -0.164110
-0.663825 0.344274 -0.228610
-1.242500 0.396528 -0.436191
-1.565921 0.525577 -0.026484
-1.943538 0.545786 -0.252667
-1.996522 0.620240 -0.023042
-2.044885 0.683577 -0.631312
-2.009653 0.839949 0.103950
-2.090632 0.919997 -0.394746
-1.932866 0.987088 -0.326729
-1.864793 1.015967 -0.761595
-1.745099 1.089397 -0.146479
-1.738138 1.101348 -0.441789
-1.538478 1.070437 -0.320854
-1.503090 1.113605 -0.592251
-1.363935 1.172652 -0.134032
-1.419959 1.289742 -0.347054
-1.208292 1.243049 -0.236118
-1.233837 1.253430 -0.492168
-0.860078 1.174291 -0.441219
0.839626 -0.031571 0.092992
1.086025 0.019555 0.030700
1.079136 -0.100909 0.248628
1.067868 -0.167390 0.030166
0.952773 -0.108453 0.168190
1.006588 -0.077848 0.077062
0.976737 0.012684 0.130798
1.023611 0.025868 0.054193
0.815184 0.086710 0.189841
0.851937 0.140456 -0.000043
0.638530 0.202741 0.044816
0.407082 0.170760 -0.163864
-0.069684 0.173461 -0.401819
-0.425205 0.267457 -0.041499
-0.801597 0.391485 -0.466990
-0.973877 0.468947 -0.115818
-1.161670 0.625833 -0.761019
-1.417272 0.689039 0.337047
-1.533587 0.800541 -0.428242
-1.603920 0.855980 0.004188
-1.454347 0.982089 -0.879259
-1.518070 1.027779 0.134330
-1.498317 1.001130 -0.478050
-1.470207 1.002962 -0.159095
-1.225575 1.084988 -0.754377
-1.132412 1.074156 0.132233
-1.085714 1.035154 -0.403917
-0.996852 1.057123 -0.038040
-0.809835 1.151716 -0.641514
-0.701609 1.148679 0.043647
-0.529577 1.069484 -0.190205
-0.542722 1.063811 0.053841
0.829539 -0.177719 0.105953
1.038051 -0.123854 0.006688
1.116120 -0.120509 0.134101
1.071357 -0.130040 0.022889
1.066689 -0.072302 0.091322
1.042364 -0.046363 -0.021165
1.058768 0.023508 0.148370
1.065696 0.052298 0.052529
0.995045 0.134009 0.099337
0.880533 0.172751 -0.134948
0.537882 0.233253 -0.183035
0.109967 0.185347 -0.328097
-0.642845 0.211239 -0.367549
-1.125728 0.273089 -0.335203
-1.705671 0.387625 -0.643505
-2.009740 0.510704 0.130932
-2.179507 0.636867 -0.362477
-2.154398 0.701868 0.261212
-2.199683 0.830186 -0.779201
-2.231039 0.948478 0.404762
-2.151267 1.079095 -0.381653
-2.019621 1.114194 0.136731
-1.956557 1.202815 -0.739656
-1.853479 1.249698 -0.108834
-1.657863 1.293917 -0.308155
-1.475000 1.193898 -0.070421
-1.471051 1.270600 -0.473846
-1.448334 1.337826 -0.277715
-1.313095 1.432285 -0.349622
-1.205093 1.362993 -0.032333
-1.165686 1.379298 -0.290515
-0.908423 1.320690 -0.228723
0.916179 -0.138086 0.118827
1.111538 -0.133554 0.073013
1.166661 -0.191689 0.240141
1.106395 -0.252515 0.068494
1.026965 -0.155699 0.197908
1.031321 -0.057655 0.077194
1.056507 -0.005591 0.146510
1.048111 -0.029173 -0.008194
0.912893 -0.003674 0.205509
0.813811 0.019010 0.011804
0.593347 0.131095 -0.049976
0.156595 0.125653 -0.130837
-0.561193 0.239173 -0.673325
-1.073292 0.267545 -0.020818
-1.367298 0.412265 -0.736413
-1.526221 0.483774 -0.116966
-1.605481 0.645208 -1.050924
-1.668560 0.740424 0.486390
-1.558746 0.879525 -0.661076
-1.667613 0.962239 0.408768
-1.507151 1.017402 -0.935629
-1.563136 1.084520 0.381951
-1.474020 1.149728 -0.561873
-1.411493 1.137301 0.004029
-1.209477 1.130419 -0.595209
-1.162531 1.142159 0.062242
-1.094070 1.167098 -0.350470
-1.010826 1.215049 -0.116371
-0.910603 1.212613 -0.384101
-0.930712 1.212220 -0.117658
-0.777106 1.116489 -0.141457
-0.675598 1.112987 -0.077096
0.886118 -0.274626 0.099415
1.098190 -0.259509 0.020867
1.078621 -0.280717 0.143523
1.022969 -0.241765 -0.000665
0.979139 -0.196904 0.172232
0.980556 -0.155127 0.057137
0.940335 -0.090237 0.153662
0.947061 -0.105743 0.055756
0.771618 -0.035155 0.073419
0.516154 -0.002937 -0.164435
0.083773 0.068790 -0.436738
-0.387974 0.088488 -0.283426
-1.024756 0.186923 -0.600736
-1.452331 0.298540 -0.338208
-1.801483 0.368969 -0.948218
-2.006604 0.552184 0.238859
-2.079500 0.577255 -0.781723
-2.036400 0.724185 0.357284
-2.013661 0.785866 -1.128138
-2.080877 0.903252 0.775835
-2.032067 0.942896 -0.771760
-1.851549 1.062036 0.254893
-1.644702 1.147833 -0.914420
-1.514795 1.215035 0.330644
-1.423998 1.270715 -0.575988
-1.225719 1.253233 -0.200775
-1.152738 1.295106 -0.768250
-1.129357 1.335418 0.015556
-1.178334 1.462037 -0.519829
-1.079861 1.408027 -0.377082
-1.085415 1.363060 -0.554863
-0.827727 1.270480 -0.399609
0.904637 -0.316354 0.171675
1.095020 -0.346597 0.086812
1.095539 -0.407712 0.358388
1.057484 -0.427408 0.100980
0.962144 -0.323091 0.219819
0.957722 -0.218680 0.171806
1.008838 -0.092701 0.216389
1.003101 -0.102136 0.040877
0.860643 -0.049666 0.183843
0.775828 0.004395 0.056162
0.537862 0.161285 -0.318960
0.138766 0.184512 -0.236276
-0.440549 0.240133 -1.075380
-0.906479 0.326338 -0.004552
-1.314602 0.407792 -0.874512
-1.496675 0.560637 -0.093771
-1.632936 0.645871 -1.267234
-1.553436 0.789857 0.537961
-1.424219 0.746152 -0.942678
-1.438949 0.928178 0.434569
-1.291109 0.972207 -1.221647
-1.239717 1.075944 0.598785
-1.175737 1.051650 -0.802332
-1.090224 1.142184 0.226410
-0.853150 1.180659 -1.017171
-0.825085 1.178645 0.282661
-0.883136 1.079040 -0.576587
-0.850480 1.198606 -0.081119
-0.822503 1.230024 -0.744146
-0.768575 1.269693 -0.225613
-0.733276 1.082795 -0.325093
-0.669951 1.094486 -0.262872
0.899298 -0.418903 0.156421
1.063069 -0.415720 0.053928
1.047830 -0.416964 0.137242
0.970758 -0.364363 0.086168
0.939374 -0.232724 0.127274
0.949835 -0.174900 0.121257
0.955943 -0.084427 0.054892
0.934532 -0.120575 0.093674
0.774213 -0.120861 0.036937
0.526226 -0.076946 -0.086975
0.113960 -0.041597 -0.447814
-0.318517 0.014402 -0.206940
-0.730547 0.147720 -0.625326
-1.059830 0.277721 -0.234803
-1.542785 0.385309 -0.929470
-1.705746 0.541290 -0.186360
-1.728709 0.620601 -0.608962
-1.561058 0.669915 0.053269
-1.553861 0.761190 -0.905440
-1.560923 0.876335 0.193664
-1.411562 0.974745 -0.516150
-1.266813 1.063374 0.389473
-1.179524 1.159230 -0.801167
-1.181690 1.216991 0.191251
-1.018718 1.237721 -0.440962
-0.901551 1.279629 0.270927
-0.853011 1.356712 -0.721832
-0.891423 1.434042 -0.131598
-0.914864 1.519282 -0.551028
-0.920640 1.467501 -0.052487
-0.909872 1.441848 -0.338752
-0.767709 1.326905 -0.220459
0.871045 -0.615381 0.189741
1.012278 -0.653862 0.203448
1.006474 -0.765816 0.307253
0.956839 -0.694144 0.166362
0.898723 -0.538572 0.203723
0.894499 -0.360418 0.271126
0.917196 -0.291932 0.235882
0.928138 -0.243409 0.028009
0.779836 -0.216246 0.191081
0.797569 -0.075898 0.060460
0.578993 0.027433 -0.291195
0.331683 0.090388 -0.200389
-0.154005 0.105789 -0.881248
-0.583628 0.201404 -0.027081
-0.901330 0.348085 -0.768292
-1.098742 0.430802 -0.228375
-1.121835 0.479605 -1.108785
-1.152218 0.607023 0.147395
-1.018435 0.749624 -0.864029
-1.024913 0.851715 0.066590
-0.928912 0.925580 -1.057129
-0.948077 0.998954 0.272672
-0.941823 1.053493 -0.677292
-0.881037 1.116025 0.087809
-0.660744 1.058686 -0.801968
-0.639756 1.096207 0.079413
-0.720104 1.052332 -0.429264
-0.751493 1.237700 -0.215899
-0.713702 1.254861 -0.551575
-0.762115 1.327332 -0.248041
-0.731242 1.192003 -0.344591
-0.630798 1.151603 -0.177085
0.868655 -0.673117 0.215043
0.960094 -0.627324 0.111070
0.973711 -0.659973 0.146071
0.900733 -0.529197 0.092010
0.870190 -0.374369 0.185325
0.855042 -0.285110 0.089611
0.864517 -0.217900 0.137738
0.860500 -0.229600 0.032864
0.742778 -0.235492 -0.007275
0.587018 -0.163396 0.035693
0.285670 -0.132364 -0.305004
-0.025808 -0.059873 0.121527
-0.404662 0.021362 -0.715703
-0.698481 0.140436 0.150209
-0.994367 0.214681 -1.226019
-1.033183 0.364520 0.359898
-1.141422 0.474729 -1.084347
-1.000219 0.594428 0.200469
-0.983840 0.730139 -1.392772
-0.936427 0.842945 0.660070
-0.922614 0.934057 -1.052470
-0.793306 1.074891 0.403961
-0.679556 1.190377 -1.444787
-0.704101 1.186728 0.668688
-0.719631 1.216897 -0.971128
-0.661465 1.304794 0.124920
-0.537531 1.400906 -1.317738
-0.544358 1.470978 0.104044
-0.680925 1.594081 -0.671638
-0.650892 1.545859 -0.167631
-0.624832 1.445869 -0.470540
-0.562818 1.350817 -0.220080
0.829334 -0.999951 0.180758
0.895327 -1.097802 0.236579
0.885530 -1.307395 0.256512
0.860787 -1.180041 0.318649
0.826512 -1.170035 0.056674
0.803270 -0.912286 0.351666
0.809345 -0.702546 0.066910
0.835911 -0.542051 0.150207
0.788911 -0.440674 0.117412
0.788308 -0.254184 0.111613
0.590852 -0.118306 -0.224950
0.321191 0.004443 0.019208
-0.013229 0.008953 -0.809032
-0.251661 0.065642 0.314898
-0.487346 0.052476 -1.040955
-0.519930 0.273226 0.378451
-0.552366 0.289061 -1.718691
-0.512992 0.525059 0.700965
-0.568254 0.491573 -1.414237
-0.534201 0.735062 0.540010
-0.506731 0.861316 -1.875183
-0.437038 1.006967 0.864080
-0.492478 0.943446 -1.325573
-0.393897 1.033810 0.553392
-0.336927 1.075640 -1.659441
-0.329463 1.106939 0.448433
-0.516650 1.024616 -0.746347
-0.489472 1.163443 0.036001
-0.496214 1.240869 -0.715236
-0.555880 1.293191 0.007499
-0.583767 1.192031 -0.416444
-0.464292 1.147291 -0.192327
0.748727 -0.873091 0.297112
0.844595 -0.785363 0.244510
0.853931 -0.861350 0.165566
0.809042 -0.695942 0.268478
0.781246 -0.607906 0.133556
0.804098 -0.537679 0.107736
0.767363 -0.496068 0.069681
0.759933 -0.431282 0.053066
0.711517 -0.363650 0.087203
0.441619 -0.223774 0.036998
0.064755 -0.194404 -0.180036
-0.194354 -0.135173 0.178014
-0.402226 -0.080583 -0.462562
-0.508298 -0.015127 0.256850
-0.685157 0.088994 -0.905728
-0.629288 0.245576 0.255189
-0.652659 0.360112 -0.772443
-0.592644 0.530270 0.456163
-0.699782 0.614830 -1.075047
-0.635735 0.785423 0.250589
-0.560394 0.875777 -0.702234
-0.462649 1.002121 0.491504
-0.507814 1.033518 -1.058331
-0.405059 1.112455 0.242931
-0.395939 1.135335 -0.751223
-0.353798 1.225312 0.750051
-0.414184 1.255296 -1.099394
-0.427117 1.315093 0.393532
-0.459758 1.412685 -0.831695
-0.458555 1.433286 0.085547
-0.398925 1.411848 -0.289033
-0.382735 1.337105 -0.020720
0.765420 -1.201073 0.253445
0.846759 -1.272924 0.275252
0.843521 -1.568705 0.304693
0.810985 -1.431863 0.444118
0.820622 -1.446345 0.055718
0.776050 -1.253772 0.489705
0.803284 -1.209963 0.057196
0.826705 -0.953347 0.259376
0.777564 -0.786600 0.118321
0.831376 -0.517428 0.220310
0.748616 -0.261215 -0.023992
0.575711 -0.093970 -0.029289
0.317320 -0.000694 -0.376471
0.008310 -0.036020 0.076077
-0.152288 0.091827 -0.571688
-0.266743 0.173818 0.166883
-0.267899 0.231890 -0.918865
-0.313003 0.375138 0.357621
-0.374581 0.443419 -0.940432
-0.349299 0.692666 0.228271
-0.341989 0.691502 -1.072555
-0.357824 0.837877 0.265302
-0.413412 0.860404 -0.859770
-0.351169 0.992914 0.072349
-0.286891 0.906200 -0.824895
-0.309643 0.952676 0.088302
-0.458990 0.917099 -0.538362
-0.421015 1.076138 -0.137345
-0.386837 1.057564 -0.662154
-0.397192 1.119402 -0.093395
-0.456295 1.027609 -0.375441
-0.340677 1.037763 -0.022744
0.715361 -0.987101 0.329604
0.838452 -0.889222 0.341202
0.872613 -1.022101 0.190187
0.864045 -0.831138 0.421416
0.845239 -0.824844 0.072361
0.858058 -0.681201 0.317772
0.852109 -0.640385 -0.098405
0.869552 -0.486029 0.287664
0.822430 -0.378017 0.031889
0.645738 -0.250884 0.125108
0.392529 -0.185966 -0.104342
0.268454 -0.238448 0.232607
0.225292 -0.155565 -0.317682
0.033198 -0.149813 0.348972
-0.146904 0.014470 -0.787902
-0.206317 0.111787 0.442462
-0.229177 0.306519 -0.903435
-0.207441 0.375858 0.536171
-0.279591 0.521489 -1.340390
-0.243287 0.649390 0.668702
-0.325256 0.715524 -1.002385
-0.266421 0.838344 0.326776
-0.222444 0.883199 -1.303078
-0.211769 0.919020 0.598399
-0.271371 0.944733 -0.951981
-0.231664 0.987288 0.273120
-0.229342 1.076552 -1.364500
-0.245674 1.098876 0.193359
-0.311037 1.156363 -0.635925
-0.289881 1.132474 0.159082
-0.236305 1.080547 -0.418096
-0.217070 1.054130 -0.141392
0.824507 -1.278974 0.252744
0.898108 -1.345727 0.449031
0.964391 -1.632475 0.252113
0.938590 -1.487994 0.669852
0.973647 -1.498343 -0.093125
0.957740 -1.287246 0.879627
1.085411 -1.258274 -0.083484
1.106243 -1.033880 0.514003
1.126252 -0.895312 -0.119356
1.137988 -0.651248 0.652771
1.160239 -0.433573 -0.051137
1.042449 -0.403011 0.210155
0.888180 -0.229581 -0.336344
0.600375 -0.217109 0.301912
0.559128 -0.041492 -0.500925
0.316491 0.042248 0.299913
0.240771 0.228922 -1.149367
0.093692 0.340567 0.539297
0.141209 0.366550 -1.044743
0.121226 0.533344 0.507701
0.083155 0.659242 -1.583433
0.051391 0.739176 0.701350
0.038156 0.730044 -1.074455
0.003411 0.763017 0.348244
-0.026442 0.803992 -1.385331
-0.030118 0.876117 0.331338
-0.117658 0.785280 -0.776220
-0.140735 0.904412 0.155579
-0.209977 0.931687 -0.681964
-0.224230 0.971427 0.027811
-0.250104 0.973618 -0.381945
-0.130114 0.952469 -0.068030
0.754841 -1.049853 0.361627
0.935727 -1.016646 0.338647
1.032768 -1.170530 0.258128
1.029580 -1.035059 0.480448
1.048054 -1.027206 0.099703
1.035302 -0.928192 0.342874
1.071537 -0.890013 -0.027393
1.085553 -0.750953 0.485936
1.166457 -0.654878 -0.076966
1.127840 -0.565317 0.242143
1.082904 -0.524183 0.018105
0.957938 -0.489795 0.302466
0.963632 -0.411887 -0.281031
0.764223 -0.303549 0.363836
0.571444 -0.166644 -0.490571
0.435638 0.025822 0.337786
0.368639 0.142424 -0.693526
0.303071 0.256326 0.545803
0.228146 0.341828 -0.842593
0.220751 0.496750 0.376450
0.218320 0.525271 -0.747405
0.150276 0.703622 0.576819
0.100440 0.701663 -0.879482
0.115797 0.818515 0.336540
0.094388 0.752012 -0.894036
0.086164 0.854619 0.528497
0.037768 0.802243 -0.892403
0.006778 0.918763 0.293050
0.015564 0.918337 -0.771769
0.014475 0.988804 0.059763
0.098633 0.982126 -0.310965
0.073522 0.982835 -0.049178
0.905675 -1.287935 0.320966
1.063893 -1.371633 0.381972
1.176667 -1.587071 0.358562
1.212158 -1.478388 0.494805
1.242970 -1.483622 0.121735
1.226444 -1.306926 0.720359
1.274770 -1.246943 0.135267
1.358657 -1.069287 0.465854
1.330182 -1.067772 -0.025037
1.239983 -0.914950 0.681023
1.273563 -0.828438 0.065439
1.334566 -0.725054 0.370025
1.313088 -0.643766 -0.116612
1.097300 -0.484953 0.406977
1.023724 -0.305798 -0.252149
0.865027 -0.091380 0.298886
0.838254 -0.007057 -0.388984
0.590573 0.135481 0.265507
0.562088 0.240160 -0.661823
0.558245 0.401534 0.276331
0.550556 0.450332 -0.749887
0.491021 0.557010 0.343662
0.412213 0.578296 -0.828328
0.375718 0.749843 0.198391
0.344061 0.665868 -0.782961
0.322692 0.779633 0.248913
0.244556 0.704302 -0.795413
0.266260 0.881324 0.103765
0.191015 0.814564 -0.737828
0.195377 0.969023 0.058599
0.140146 0.929859 -0.387953
0.186657 0.953815 -0.126402
0.839786 -1.141947 0.388047
1.078226 -1.125338 0.411804
1.229612 -1.228117 0.217782
1.281876 -1.095670 0.419315
1.333332 -1.068574 0.116709
1.341102 -1.005241 0.407113
1.358584 -0.910119 -0.115174
1.412278 -0.835899 0.368419
1.408008 -0.812013 0.071693
1.374431 -0.755175 0.370629
1.364783 -0.665400 -0.152670
1.380958 -0.592511 0.247286
1.340139 -0.508737 0.013274
1.155572 -0.430949 0.313271
1.006935 -0.288403 -0.299675
0.986933 -0.090219 0.221566
0.867608 0.041170 -0.289278
0.793064 0.103209 0.347805
0.717146 0.171115 -0.674649
0.780728 0.274748 0.311172
0.741668 0.375871 -0.598855
0.632866 0.496253 0.304642
0.557160 0.539563 -1.044162
0.606813 0.632881 0.528786
0.555569 0.609659 -0.778954
0.535202 0.726911 0.323542
0.547002 0.688010 -1.116695
0.553106 0.861707 0.313364
0.475469 0.834479 -0.595171
0.547340 0.909329 0.083148
0.607158 0.947125 -0.468475
0.480400 0.966075 -0.111871
0.966203 -1.214085 0.266251
1.189890 -1.313492 0.360900
1.367590 -1.483181 0.326755
1.412043 -1.386053 0.559665
1.382291 -1.334725 0.000127
1.376232 -1.220454 0.782740
1.507042 -1.194841 0.120949
1.530896 -1.077492 0.509782
1.477834 -1.008429 -0.154486
1.435154 -0.924190 0.710022
1.538395 -0.913175 0.079575
1.523162 -0.859867 0.407994
1.431114 -0.748699 -0.242102
1.315591 -0.612088 0.518843
1.299101 -0.481458 -0.032792
1.200826 -0.306353 0.308663
1.116343 -0.178593 -0.240588
0.973903 -0.064576 0.324794
1.015819 -0.010606 -0.251850
0.981118 0.118850 0.251655
0.888103 0.218410 -0.700583
0.840794 0.392193 0.509182
0.838862 0.387888 -0.614144
0.795729 0.541929 0.327841
0.689937 0.552222 -0.941164
0.655932 0.753581 0.316213
0.616579 0.646926 -0.593740
0.622748 0.806819 0.091037
0.511651 0.770452 -0.548294
0.477434 0.863425 -0.063380
0.463147 0.862965 -0.338893
0.479301 0.894682 -0.183606
0.870037 -0.981449 0.242469
1.154634 -1.003340 0.266401
1.300819 -1.047676 0.265905
1.390632 -0.949721 0.362887
1.424190 -0.927066 0.062907
1.510901 -0.895715 0.144517
1.543348 -0.793204 0.124134
1.587265 -0.775472 0.284908
1.615635 -0.740770 -0.043148
1.651824 -0.739661 0.085926
1.610569 -0.660359 0.005169
1.597016 -0.638476 0.203324
1.553909 -0.576580 -0.122969
1.500612 -0.507678 0.022506
1.364722 -0.355763 -0.026287
1.280044 -0.231044 0.109511
1.209819 -0.123135 -0.143323
1.155758 -0.045189 0.044811
1.058397 0.058878 -0.179999
1.025885 0.174549 0.160346
0.969387 0.239478 -0.432868
0.921998 0.368838 0.076601
0.874975 0.469146 -0.448362
0.870654 0.583663 0.255133
0.843159 0.584814 -0.737563
0.827481 0.726337 0.382683
0.837093 0.752011 -0.501051
0.808055 0.918070 0.281752
0.796899 0.904969 -0.664386
0.814794 0.953185 -0.080874
0.727153 0.967625 -0.258751
0.609416 0.882220 -0.134367
1.028861 -1.007279 0.215707
1.214827 -1.120405 0.294502
1.408214 -1.190538 0.291999
1.471333 -1.164199 0.182437
1.506125 -1.193937 0.215167
1.480546 -1.150063 0.442297
1.609225 -1.103470 0.071617
1.668949 -1.032389 0.278186
1.675850 -0.998700 0.115433
1.624999 -0.995294 0.486111
1.679529 -1.019853 0.039066
1.721027 -0.947757 0.234007
1.612547 -0.852895 0.048207
1.462758 -0.751574 0.365949
1.417141 -0.675818 -0.023668
1.376206 -0.487472 0.159077
1.256308 -0.313209 0.044449
1.154158 -0.184861 0.180151
1.123508 -0.101612 -0.095824
1.083111 0.025496 0.135061
0.995978 0.127522 -0.081789
0.918834 0.245210 0.265432
0.884647 0.253992 -0.218871
0.843778 0.444368 0.143513
0.788580 0.411816 -0.172792
0.730212 0.603114 0.203001
0.725693 0.548349 -0.325856
0.715039 0.736730 -0.016988
0.682433 0.670298 -0.243245
0.639484 0.795958 -0.181841
0.629421 0.736750 -0.109363
0.504698 0.800027 -0.041726
0.794532 -0.803971 0.184845
1.131586 -0.868311 0.076862
1.235935 -0.849902 -0.061694
1.363761 -0.821119 0.142890
1.413687 -0.851385 -0.007157
1.519887 -0.862626 0.048453
1.507634 -0.818094 -0.155652
1.557739 -0.797076 0.137628
1.566816 -0.778654 -0.038718
1.631212 -0.797229 -0.003270
1.540324 -0.783688 -0.196255
1.497559 -0.766068 0.117433
1.443956 -0.689068 -0.049005
1.458488 -0.613375 -0.016424
1.338697 -0.461000 -0.185361
1.281106 -0.343545 0.043257
1.237832 -0.209082 -0.058681
1.247053 -0.105528 -0.066779
1.150340 -0.013452 -0.170558
1.116858 0.098902 0.031793
1.051324 0.166454 -0.154274
1.035983 0.284926 -0.025388
0.944261 0.331535 -0.353313
0.927824 0.474269 0.078345
0.898169 0.455077 -0.175200
0.956452 0.584244 0.008506
0.883979 0.551690 -0.368669
0.878462 0.777733 0.050261
0.837779 0.692612 -0.204304
0.863695 0.777295 -0.174477
0.711333 0.705724 -0.392126
0.539542 0.713016 -0.387496
0.959850 -0.699344 0.166383
1.037483 -0.836507 0.357219
1.241550 -0.882976 0.197262
1.243655 -0.872613 0.326124
1.308998 -0.849071 0.029935
1.291670 -0.791728 0.313665
1.427181 -0.772945 0.041560
1.431915 -0.720236 0.164371
1.463041 -0.696136 -0.023109
1.355652 -0.712338 0.347149
1.443912 -0.725376 0.085779
1.376068 -0.687261 0.147782
1.334539 -0.602855 -0.044610
1.203251 -0.533580 0.255012
1.254430 -0.421089 0.067212
1.199108 -0.291467 0.132110
1.167498 -0.145041 0.001844
1.090443 -0.040610 0.204958
1.118481 0.054019 0.022259
1.059528 0.148764 0.144989
1.032640 0.225407 -0.010472
0.922155 0.300565 0.228217
0.918750 0.320194 -0.005330
0.858446 0.415220 0.126955
0.860726 0.429007 -0.067232
0.769583 0.559351 0.173740
0.800902 0.514798 0.022133
0.783550 0.683512 -0.008309
0.789536 0.680451 -0.153280
0.710847 0.849427 -0.071138
0.688867 0.743448 -0.240970
0.531655 0.726687 -0.147336
