0.570715 -0.274008 -0.292440
0.727150 -0.249273 -0.022624
0.551303 -0.392963 0.364399
0.524723 0.410232 -0.361215
0.626371 -0.488082 0.282634
0.542768 0.689293 -0.106160
0.641597 -0.180068 0.197627
0.432339 0.607814 -0.069125
0.561707 0.557755 -0.105638
0.524008 0.605993 -0.135524
0.523048 0.353765 0.157754
0.666547 0.197823 -0.039956
0.351915 0.407283 0.228002
0.542309 -0.012507 0.228386
0.327166 0.559958 0.176585
0.620255 -0.596574 0.308724
0.554677 -0.312287 -0.189039
0.623459 -0.662433 0.364075
0.539614 0.632645 -0.285944
0.212583 0.632712 -0.704743
0.621492 -0.573768 0.104447
0.525227 0.714670 -0.094497
0.667364 0.420341 -0.310490
0.236012 0.204976 -0.465393
0.480565 -0.008785 0.370312
0.600998 -0.129836 0.154638
0.296724 0.890993 -0.270692
0.583646 -0.691029 0.301984
0.048493 0.788669 -0.402340
0.653592 -0.319112 -0.008137
-0.073508 0.412233 -0.635048
0.643273 0.100579 -0.260730
0.610831 0.365871 -0.323401
0.647452 0.113474 -0.247276
0.560790 0.279387 -0.253785
0.600762 0.319235 -0.127127
0.697174 -0.571704 0.375827
0.545912 0.250775 -0.329788
0.584762 0.126082 0.177120
0.292373 0.613573 -0.480060
0.572321 0.458668 0.084386
0.653326 0.336118 -0.043975
0.564753 -0.401144 0.456526
0.408069 -0.203915 -0.476433
0.613542 0.372258 -0.401310
0.686283 -0.292725 -0.177314
0.355449 -0.612835 0.434377
0.519787 0.386066 0.109440
0.340276 0.504116 -0.540058
0.538074 -0.278637 0.271719
0.460723 -0.504600 0.449748
0.670590 0.393301 -0.134938
0.603336 0.440992 -0.234735
0.461725 -0.156322 0.396084
0.555738 -0.356328 0.464695
0.588922 -0.481809 0.178372
0.554776 -0.154046 -0.208291
0.596207 0.493220 -0.179023
-0.034137 0.687714 -0.523343
0.577569 0.481005 -0.074420
0.127083 0.275715 -0.534125
0.304657 0.766495 -0.574212
0.580854 -0.786241 0.253267
0.649255 -0.550021 0.272908
0.645596 -0.423632 -0.182624
0.426072 -0.099206 -0.403254
0.465611 0.575770 0.185130
0.621515 -0.105790 0.249010
0.271299 0.779572 0.026173
0.320356 0.195025 0.232598
0.653554 0.494850 -0.333841
0.609642 0.368653 -0.242008
0.336823 0.120664 0.405206
0.539809 -0.264868 0.284008
0.500971 0.429229 -0.251164
0.634735 -0.063622 -0.181787
0.490243 0.148336 0.232128
0.711676 -0.171136 -0.080149
0.626056 -0.296727 0.271077
0.553473 0.515912 -0.237278
0.686341 -0.393163 0.073859
0.236057 -0.389164 0.435251
0.531910 0.212019 -0.167163
-0.026135 0.276917 0.271834
0.632365 -0.448344 -0.021252
0.415525 0.109850 -0.459073
0.694060 -0.355222 0.028937
0.647882 -0.152051 -0.193635
0.276410 0.889915 -0.378706
0.580816 0.011623 -0.282083
0.132796 -0.255075 0.353389
0.581830 -0.493554 0.042517
0.366081 0.281461 0.245297
0.403067 0.150795 0.408652
0.554385 0.279016 0.075051
0.524055 0.198206 0.271759
0.668717 -0.682943 0.180767
0.433374 0.337009 -0.483065
0.699119 -0.353102 0.253475
0.340170 -0.072075 -0.462619
0.257883 0.386385 0.343661
0.449432 0.691926 -0.025292
0.600997 -0.049329 -0.282065
0.430064 -0.370951 0.343790
0.548407 0.070622 -0.348671
0.415466 0.568655 -0.315228
0.359571 0.888221 -0.201423
0.365228 0.631810 -0.328069
0.701822 0.127520 0.113975
0.466291 0.174839 -0.426458
0.244291 0.899840 -0.212083
0.679267 -0.208007 -0.183397
0.621710 -0.445135 0.271335
0.620153 0.300972 -0.173466
0.654703 -0.417883 0.095973
-0.038799 0.132487 -0.453488
0.455852 -0.576941 0.474838
0.548085 0.124415 -0.224206
0.479288 0.275714 -0.355955
0.123162 0.709060 -0.588792
0.654417 -0.491772 0.240080
0.691113 -0.494440 0.326741
0.456650 -0.320198 -0.421959
0.678350 0.406323 -0.106843
0.663707 0.094135 -0.190718
0.664819 0.404145 -0.120878
0.576380 0.144758 -0.223449
0.631432 0.413283 0.068139
0.697309 -0.508640 0.256864
-0.126290 0.297808 -0.546742
0.646143 0.287788 -0.195299
0.416984 -0.510369 -0.270651
0.287587 0.711616 -0.413942
0.559921 0.669810 -0.079525
0.177401 0.006656 -0.490075
0.600239 -0.336602 0.238029
0.561041 0.359884 -0.131236
0.502736 0.562347 -0.016639
0.225791 -0.164522 -0.493244
0.278299 0.878360 -0.341582
0.544301 -0.187649 -0.454314
0.252443 0.667319 -0.537365
0.325637 -0.354800 0.463415
0.499314 0.332492 -0.443645
0.594175 0.044960 0.265241
0.647623 -0.358363 0.107689
0.253007 0.160906 -0.541697
0.478991 -0.286985 0.393252
0.323379 0.767398 0.013389
0.563203 0.484916 -0.225889
0.549936 -0.222362 -0.234467
0.536923 0.622794 -0.255442
0.627956 0.185955 -0.268789
0.358938 0.095860 -0.668237
0.314443 -0.090674 -0.644245
0.655089 0.111731 0.163238
0.615621 0.394967 -0.261300
0.224903 0.844540 -0.370916
0.469518 -0.491609 -0.014600
0.416471 0.205655 0.237129
-0.095382 -0.021764 -0.358706
0.437992 0.202933 -0.243966
0.570741 0.419247 -0.181320
0.721816 0.167216 0.040257
0.591901 0.338483 -0.278008
0.585193 0.474224 -0.287244
0.606192 -0.169560 -0.052186
0.646737 0.294899 -0.265465
0.643321 0.316172 -0.275780
0.451849 -0.170918 -0.353053
0.535280 0.527831 -0.074197
0.329250 0.440995 0.245760
0.469222 0.136199 0.209556
0.548920 0.507669 -0.149373
0.633808 0.121886 -0.345373
0.608028 0.427047 -0.021914
0.567478 0.450540 -0.071141
0.598765 -0.059387 -0.266250
0.640979 -0.612698 0.058138
0.711635 -0.346525 0.264030
0.565188 0.511821 -0.078234
0.519572 0.550740 -0.102942
0.611834 0.392572 -0.192622
0.500843 0.459417 -0.236349
0.649154 -0.167780 0.096100
0.713268 -0.301448 0.094695
0.471659 0.514721 -0.151807
0.100888 0.511816 -0.511051
0.644147 -0.274950 0.108800
0.335544 0.330441 -0.459083
0.134941 0.487873 -0.843495
0.616953 0.253085 -0.208607
0.624584 -0.419246 -0.132187
0.300340 0.470080 -0.565653
0.175839 0.198613 0.166037
0.668127 0.066439 -0.034883
0.648837 -0.486472 -0.001955
0.719671 -0.422503 0.125745
0.449009 -0.726127 -0.058527
0.543155 0.190797 -0.377832
0.592406 0.611842 -0.193804
0.466579 0.729950 -0.162689
0.583605 0.620087 -0.195984
0.499003 0.255921 0.261807
0.675167 -0.662704 0.131607
0.495921 0.628056 -0.047678
0.164656 0.417850 -0.606028
0.679034 0.290587 -0.095197
0.489278 -0.359090 0.491947
0.639770 -0.396324 -0.063807
0.537062 0.533425 -0.184619
0.605455 0.480151 -0.179244
0.555449 0.402097 -0.259937
0.559114 0.348020 0.081649
0.137913 0.506349 0.231840
0.295304 -0.432172 -0.316636
0.544149 0.524922 -0.469153
0.599986 0.152761 -0.258413
0.202750 0.404969 -0.612851
0.547967 0.556521 0.088257
0.150194 0.315506 -0.664942
0.078303 0.739573 0.124675
-0.272287 0.446891 -0.477842
0.559524 -0.648755 0.465066
0.282804 -0.150533 0.252308
0.554819 -0.079485 0.233844
0.507503 -0.698580 -0.030940
0.071453 0.183320 -0.575048
0.499210 -0.491824 0.301972
0.505167 -0.568933 -0.157738
0.552135 0.451605 -0.027748
0.579680 -0.031096 -0.393648
0.291652 -0.643588 -0.083825
0.313080 0.269890 -0.619734
0.528535 -0.112590 -0.314858
0.599392 0.102722 -0.177163
0.483192 -0.848882 0.536902
0.534835 0.542050 -0.090801
0.168875 0.083754 -0.453009
0.341449 0.774026 -0.438161
0.508568 0.291563 -0.390846
0.291846 -0.595280 0.512480
0.624331 -0.555519 0.169729
0.414457 0.689300 0.116031
0.189700 -0.227919 -0.362293
0.509902 0.262660 0.137393
0.076646 0.390922 0.184334
0.584506 -0.352989 0.241223
0.558649 -0.041616 -0.447214
0.163767 -0.242014 -0.287506
0.292050 -0.340390 -0.395039
0.712884 -0.520823 0.112145
0.369104 -0.616780 -0.211098
0.235608 0.840072 -0.060508
0.428456 0.577515 -0.300858
0.587784 -0.455355 0.412049
0.400640 -0.467600 0.033421
0.459562 -0.423664 0.317663
0.431450 -0.406269 -0.124425
0.377212 -0.378145 0.331991
0.310113 -0.334073 -0.029528
0.308846 -0.302857 0.311936
0.294540 -0.264779 -0.221631
0.227063 -0.196549 0.336921
0.135957 -0.183812 -0.196507
0.120927 -0.126943 0.197579
0.077385 -0.081474 -0.331528
0.043522 0.001672 0.338110
-0.112468 0.003117 -0.275927
-0.149409 0.078011 0.232848
-0.214104 0.110257 -0.604344
-0.288901 0.267800 0.366606
-0.490724 0.297379 -0.446731
-0.607442 0.370482 -0.049135
-0.598734 0.379270 -0.682958
-0.654406 0.476746 0.271893
-0.767615 0.504126 -0.531771
-0.815847 0.636632 -0.173360
-0.724443 0.702721 -0.847987
-0.655707 0.846327 0.044942
-0.679529 0.907753 -0.628676
-0.541638 0.975439 -0.311438
-0.379256 1.035546 -0.847551
-0.221179 1.061017 -0.099359
-0.153318 1.084302 -0.636335
0.048694 1.089040 -0.332930
0.281352 1.229427 -0.757215
0.313057 1.112288 -0.437417
0.402770 -0.567015 0.103841
0.536930 -0.560826 0.169282
0.511045 -0.608098 0.195993
0.535052 -0.537569 0.315131
0.466323 -0.431354 -0.027178
0.488252 -0.397945 0.367190
0.403514 -0.313987 0.059176
0.378197 -0.274514 0.255348
0.260951 -0.218934 -0.176838
0.254879 -0.161634 0.235727
0.072160 -0.128520 0.010566
-0.005739 -0.060025 0.179888
-0.156508 -0.036109 -0.273702
-0.187381 0.065240 0.289053
-0.302341 0.040060 -0.211484
-0.262511 0.192187 0.148187
-0.334195 0.260018 -0.461736
-0.448090 0.379763 0.269542
-0.567493 0.331652 -0.214460
-0.631207 0.435733 0.067146
-0.597972 0.461557 -0.590248
-0.629943 0.584609 0.240095
-0.615289 0.540425 -0.186761
-0.532762 0.641810 -0.065548
-0.330560 0.747702 -0.660701
-0.224931 0.762264 0.034475
-0.048953 0.748011 -0.359319
0.141464 0.785266 -0.048222
0.328034 0.942115 -0.782875
0.524964 0.899000 0.024416
0.733747 0.961096 -0.119505
0.554501 1.033673 0.255836
0.425321 -0.589896 0.254527
0.451760 -0.582654 0.373898
0.438119 -0.545984 0.089176
0.450424 -0.512158 0.462451
0.405321 -0.439642 0.189769
0.360834 -0.383375 0.199932
0.273770 -0.315746 -0.032937
0.254007 -0.273877 0.213571
0.112272 -0.237586 0.091971
0.038599 -0.208457 0.062217
-0.189984 -0.145800 -0.040208
-0.254722 -0.069073 0.099803
-0.488390 -0.017936 0.017940
-0.475960 0.085053 -0.062865
-0.721322 0.139786 -0.259937
-0.826538 0.342719 -0.103223
-1.107444 0.401174 -0.233772
-1.190444 0.512352 -0.207068
-1.311893 0.540747 -0.404172
-1.371737 0.676378 -0.206558
-1.551208 0.725258 -0.210494
-1.497100 0.801119 -0.342081
-1.475469 0.855534 -0.507494
-1.357917 0.992188 -0.270687
-1.306093 1.068368 -0.430446
-1.012583 1.063825 -0.475505
-0.885930 1.124322 -0.713936
-0.654504 1.131883 -0.441217
-0.517124 1.176141 -0.681608
-0.148360 1.177436 -0.374469
-0.027516 1.243268 -0.879316
0.157853 1.234396 -0.705501
0.366194 -0.620504 0.198052
0.418882 -0.634421 0.340006
0.418275 -0.668064 0.258259
0.339029 -0.573753 0.372723
0.267191 -0.440088 -0.058188
0.176913 -0.395605 0.444378
0.056056 -0.302218 0.035859
0.013724 -0.260261 0.149118
-0.049936 -0.236557 -0.140965
-0.106696 -0.185037 0.127929
-0.242056 -0.175830 -0.056855
-0.317922 -0.089825 0.055486
-0.442000 -0.059514 -0.236030
-0.534214 0.059337 0.084679
-0.621278 0.121671 -0.197354
-0.671352 0.255187 -0.014432
-0.643545 0.355473 -0.352813
-0.716602 0.494950 0.039583
-0.810697 0.508763 -0.210043
-0.939931 0.604173 -0.204873
-0.907368 0.629319 -0.427768
-0.945313 0.739565 -0.080991
-0.954360 0.722226 -0.290852
-0.952727 0.818289 -0.271566
-0.755663 0.873636 -0.582694
-0.608615 0.927570 -0.163861
-0.479106 0.924553 -0.493666
-0.308546 0.944534 -0.123874
-0.059023 1.021467 -0.801015
0.146681 1.019372 -0.098263
0.405356 1.120709 -0.487881
0.381774 1.139005 0.052209
0.388626 -0.649164 0.296196
0.436625 -0.598860 0.343618
0.367753 -0.566152 0.185007
0.345280 -0.480982 0.322314
0.257618 -0.400939 0.189200
0.194618 -0.355628 0.115639
0.116909 -0.247964 0.101484
0.099838 -0.217025 0.066078
-0.037885 -0.169847 0.153165
-0.148091 -0.216440 -0.004627
-0.352558 -0.178309 0.099902
-0.456196 -0.117487 -0.005635
-0.647456 -0.020800 -0.027411
-0.710576 0.062955 -0.059102
-0.962090 0.221898 -0.195259
-1.051861 0.381750 -0.190870
-1.274075 0.541476 -0.190163
-1.409483 0.632611 -0.189620
-1.619250 0.771781 -0.395775
-1.667183 0.842731 -0.160314
-1.691224 0.921408 -0.254087
-1.597874 0.914699 -0.203142
-1.611171 1.039231 -0.499322
-1.498513 1.066666 -0.288077
-1.357366 1.156611 -0.368419
-1.121975 1.077640 -0.367733
-1.003949 1.160800 -0.602326
-0.837914 1.148667 -0.556729
-0.605985 1.197794 -0.637333
-0.354910 1.153556 -0.468382
-0.228852 1.296487 -0.670319
0.019757 1.295811 -0.531948
0.357594 -0.640100 0.184072
0.426928 -0.640422 0.281374
0.425888 -0.625009 0.242972
0.344372 -0.523005 0.164116
0.229664 -0.410749 0.206876
0.160137 -0.360931 0.187119
0.049588 -0.269727 0.233320
-0.034622 -0.288524 0.051196
-0.140227 -0.293571 0.122110
-0.239312 -0.313555 0.056029
-0.335835 -0.274597 0.060185
-0.435867 -0.232417 0.071511
-0.557080 -0.155737 -0.154501
-0.664597 -0.009988 0.050701
-0.715662 0.118020 -0.191911
-0.769854 0.261637 -0.062282
-0.821553 0.412194 -0.260391
-0.989651 0.543906 -0.068179
-1.023689 0.639251 -0.230285
-1.163465 0.707430 -0.184020
-1.140254 0.736454 -0.432062
-1.150856 0.832989 -0.090403
-1.040915 0.861594 -0.459644
-0.995365 0.926322 -0.254070
-0.835935 0.936929 -0.557545
-0.750825 0.976761 -0.181325
-0.616250 0.965740 -0.410167
-0.427272 0.989197 -0.373428
-0.182368 1.042586 -0.555325
-0.008444 1.077343 -0.366141
0.167142 1.134774 -0.275856
0.163624 1.127337 -0.119618
0.316244 -0.683457 0.298794
0.286765 -0.629811 0.381241
0.181392 -0.629467 0.152296
0.158960 -0.575092 0.347328
0.077656 -0.487599 0.201679
0.049922 -0.449947 0.102803
0.024598 -0.373348 0.095151
-0.023832 -0.359679 0.161807
-0.167919 -0.290857 0.085001
-0.229372 -0.316571 -0.004224
-0.341706 -0.296170 -0.205436
-0.450030 -0.243266 0.162504
-0.619757 -0.101280 -0.216459
-0.734230 0.017483 -0.013620
-0.880904 0.150481 -0.497576
-1.046217 0.313950 0.056429
-1.233767 0.458997 -0.432917
-1.443154 0.621706 0.028035
-1.503533 0.715279 -0.799790
-1.584941 0.790480 0.171037
-1.641115 0.852119 -0.536637
-1.547677 0.899510 -0.065193
-1.396192 0.966740 -0.751296
-1.278609 1.026690 0.021337
-1.233543 1.133568 -0.542595
-1.034864 1.105847 -0.428811
-0.931065 1.178803 -0.787781
-0.808648 1.139297 -0.258971
-0.727440 1.238206 -0.573696
-0.431757 1.155383 -0.583833
-0.268779 1.236278 -0.744090
-0.081684 1.191148 -0.657180
0.135029 -0.719694 0.166238
0.148084 -0.723825 0.295851
0.148020 -0.730987 0.264622
0.122313 -0.649718 0.308278
0.091930 -0.557546 -0.002515
0.074197 -0.512527 0.318880
0.032628 -0.422470 0.152405
-0.010740 -0.436071 0.050211
-0.034722 -0.428485 -0.222370
-0.059885 -0.395889 0.224762
-0.174880 -0.404781 -0.106528
-0.312979 -0.310474 0.157999
-0.469240 -0.275690 -0.603917
-0.604587 -0.104996 0.325887
-0.682952 -0.009851 -0.460403
-0.778229 0.212112 0.161316
-0.726175 0.346348 -0.816406
-0.856192 0.539861 0.381042
-0.869821 0.536943 -0.632420
-1.009877 0.673664 0.114123
-0.971613 0.722766 -0.947006
-0.914242 0.819774 0.149894
-0.883604 0.774329 -0.708534
-0.813761 0.892825 -0.137530
-0.636754 0.938526 -0.906269
-0.537649 0.974242 -0.033980
-0.541134 0.899185 -0.632032
-0.493981 0.982316 -0.224619
-0.365822 1.075284 -0.870701
-0.175823 1.073780 -0.361930
0.024622 1.125522 -0.540139
0.069984 1.130790 -0.270258
0.158783 -0.795563 0.412484
0.178893 -0.760898 0.421945
0.141791 -0.812289 0.271811
0.100531 -0.712249 0.457749
0.071795 -0.604386 0.265798
0.053758 -0.574672 0.208623
0.103883 -0.529461 0.115530
0.042090 -0.513848 0.250619
-0.030058 -0.445945 0.134499
-0.109571 -0.386355 0.079684
-0.192841 -0.331318 -0.109669
-0.308951 -0.259725 0.086869
-0.541365 -0.150577 -0.173284
-0.703150 -0.020451 -0.020839
-0.901509 0.111474 -0.380798
-0.972509 0.246742 -0.023339
-1.028636 0.422917 -0.277657
-1.070725 0.546991 0.182841
-1.148960 0.634946 -0.550080
-1.178436 0.711477 0.085369
-1.144773 0.765350 -0.448479
-1.037062 0.854159 0.183849
-1.024670 0.918918 -0.653833
-0.990533 0.994211 -0.068152
-0.885910 1.023310 -0.438392
-0.781030 1.069630 -0.108890
-0.741733 1.152589 -0.721059
-0.687409 1.228505 -0.492537
-0.566556 1.252884 -0.596521
-0.459990 1.184056 -0.398339
-0.326194 1.249591 -0.679323
-0.143043 1.251200 -0.531065
0.209718 -0.972640 0.288249
0.224694 -0.990932 0.422464
0.264579 -1.061067 0.413076
0.207613 -0.973541 0.529681
0.170800 -0.916906 0.097797
0.150768 -0.787232 0.546391
0.141307 -0.695872 0.158450
0.150360 -0.642553 0.200267
0.122056 -0.665339 -0.060507
0.132860 -0.595519 0.307450
0.100974 -0.543960 -0.000302
0.030701 -0.467642 0.169441
-0.188567 -0.395493 -0.237735
-0.408751 -0.247795 0.179796
-0.542367 -0.098655 -0.167857
-0.705015 0.060706 -0.023486
-0.637988 0.164233 -0.447205
-0.684991 0.340323 0.225814
-0.667507 0.451884 -0.411136
-0.787729 0.569369 0.014332
-0.738018 0.598393 -0.735410
-0.741159 0.716537 0.116232
-0.654490 0.733629 -0.678512
-0.624805 0.866832 -0.146571
-0.454434 0.830157 -0.752969
-0.397791 0.939810 -0.228493
-0.416087 0.885666 -0.539064
-0.472629 1.069291 -0.404234
-0.397951 1.083518 -0.603416
-0.249846 1.192280 -0.532198
-0.104973 1.201917 -0.550471
-0.017146 1.196238 -0.398886
0.310625 -1.060624 0.514687
0.304966 -1.024602 0.671091
0.348522 -1.086675 0.254696
0.295660 -0.914752 0.725544
0.299435 -0.727672 0.196979
0.248677 -0.637070 0.460892
0.293391 -0.597643 -0.053033
0.283389 -0.581993 0.514242
0.244015 -0.532599 0.000336
0.096169 -0.497579 0.347954
0.023830 -0.404762 -0.215759
-0.012795 -0.251767 0.300159
-0.153962 -0.084785 -0.286999
-0.323744 0.009193 0.258308
-0.467341 0.149292 -0.570487
-0.556417 0.212038 0.356159
-0.653105 0.388564 -0.536174
-0.664050 0.429005 0.279400
-0.706430 0.559070 -0.939020
-0.703777 0.619591 0.459582
-0.725226 0.731622 -0.799084
-0.627922 0.858330 0.237216
-0.565853 0.934081 -1.037959
-0.507039 0.973465 0.246328
-0.513552 0.987269 -0.720461
-0.464965 1.100394 -0.154428
-0.394155 1.180236 -0.992707
-0.376364 1.250534 -0.371459
-0.367195 1.305117 -0.725228
-0.260388 1.219934 -0.566928
-0.127903 1.209508 -0.783747
0.009510 1.173463 -0.652665
0.350416 -1.268220 0.372632
0.305696 -1.333074 0.747671
0.387582 -1.484070 0.423414
0.342113 -1.334979 0.939340
0.413364 -1.266316 -0.012991
0.394955 -1.148722 1.081256
0.450619 -0.906959 0.025707
0.370692 -0.805708 0.692710
0.409201 -0.783098 -0.183256
0.358149 -0.676951 0.690054
0.309742 -0.600496 -0.070599
0.137554 -0.508129 0.468349
0.061626 -0.405045 -0.306717
-0.051665 -0.299723 0.542155
-0.122170 -0.140892 -0.328922
-0.255048 -0.019460 0.436064
-0.298380 0.107999 -0.849802
-0.335716 0.319895 0.585151
-0.370299 0.391164 -0.737345
-0.402258 0.574585 0.327118
-0.410867 0.642715 -1.108706
-0.348358 0.757232 0.448047
-0.287081 0.703518 -0.868199
-0.172750 0.844935 0.085812
-0.081214 0.866286 -1.005420
-0.102552 0.967736 -0.143627
-0.201109 0.934031 -0.697803
-0.150493 1.052213 -0.370360
-0.100187 1.102624 -0.766202
-0.045964 1.131153 -0.542072
0.135936 1.201562 -0.681190
0.153644 1.175083 -0.488772
0.339333 -1.170539 0.651000
0.371633 -1.174825 0.728431
0.474441 -1.266860 0.458092
0.357939 -1.097312 0.798866
0.431227 -0.901665 0.365271
0.384405 -0.811874 0.610780
0.499355 -0.739596 0.197158
0.491216 -0.732960 0.566950
0.505558 -0.678100 0.102420
0.368686 -0.560460 0.418497
0.297251 -0.470149 -0.076126
0.149821 -0.319915 0.348573
0.101143 -0.168244 -0.278857
-0.036527 -0.149688 0.308163
-0.094285 -0.056526 -0.505116
-0.221756 0.032240 0.381716
-0.283882 0.233393 -0.495525
-0.312923 0.331906 0.422569
-0.305086 0.429373 -0.763387
-0.295761 0.592395 0.318440
-0.284856 0.687484 -0.675854
-0.277110 0.869005 0.421833
-0.247049 0.890173 -0.792960
-0.214361 0.988367 0.103929
-0.132092 0.985745 -0.737465
-0.083092 1.123316 0.058182
-0.146198 1.183525 -0.920866
-0.223028 1.246730 -0.190622
-0.174167 1.280774 -0.885085
-0.143930 1.227706 -0.503491
0.010091 1.262559 -0.641215
0.101185 1.207251 -0.424406
0.450521 -1.372001 0.546428
0.444448 -1.488565 0.711183
0.504975 -1.700105 0.685739
0.479515 -1.620630 0.863791
0.508506 -1.564894 0.519678
0.469735 -1.488352 1.109112
0.593786 -1.229984 0.336473
0.604960 -1.145416 0.749203
0.608485 -0.902109 0.194057
0.559938 -0.826765 0.711692
0.552480 -0.776766 0.026740
0.402892 -0.636906 0.582794
0.295599 -0.563102 -0.087658
0.161066 -0.409859 0.428784
0.133443 -0.321297 -0.299264
0.066857 -0.158863 0.437530
0.010178 -0.030503 -0.567716
-0.026599 0.155343 0.454964
-0.058457 0.295194 -0.608051
-0.038955 0.526075 0.253026
-0.041518 0.534616 -0.730604
-0.029271 0.664116 0.224766
-0.034019 0.639634 -0.693132
0.021726 0.830577 0.038858
0.049546 0.791249 -0.711501
0.065236 0.914347 -0.109148
0.003592 0.894379 -0.529456
0.006558 1.038682 -0.346355
-0.026019 1.035898 -0.641699
0.048555 1.077301 -0.450359
0.084126 1.089097 -0.495286
0.163379 1.075452 -0.317048
0.422439 -1.183273 0.645722
0.423078 -1.193733 0.799084
0.528011 -1.273475 0.389616
0.444656 -1.123903 0.980722
0.514980 -0.879869 0.235784
0.481341 -0.801560 0.692190
0.608920 -0.699419 0.096788
0.645544 -0.655587 0.673656
0.677960 -0.594249 0.008666
0.577704 -0.513713 0.461416
0.468044 -0.436919 -0.128179
0.373196 -0.320858 0.438706
0.293385 -0.186481 -0.396528
0.245423 -0.173963 0.514732
0.234535 -0.112452 -0.534428
0.168344 -0.074452 0.461332
0.128137 0.128405 -0.635988
0.121809 0.181642 0.484154
0.132254 0.356297 -0.789837
0.152414 0.465202 0.413410
0.155097 0.619319 -0.682826
0.163740 0.768294 0.267484
0.174103 0.852337 -0.962846
0.168325 0.925175 0.324390
0.147068 0.946857 -0.799068
0.170238 1.028986 0.059746
0.104302 1.150262 -1.114607
0.037441 1.170815 -0.212795
0.017684 1.224009 -0.691190
0.128104 1.100696 -0.210237
0.282003 1.151068 -0.731174
0.278703 1.091971 -0.486643
0.555864 -1.375476 0.558548
0.573262 -1.441037 0.953564
0.659650 -1.669037 0.627103
0.592829 -1.568122 1.092006
0.600969 -1.502321 0.228588
0.513393 -1.356673 1.362919
0.628008 -1.030372 0.248212
0.627399 -0.952177 0.856194
0.627539 -0.775939 0.032445
0.591746 -0.710532 0.864856
0.651582 -0.584458 -0.007016
0.527565 -0.445478 0.541099
0.575384 -0.323937 -0.204991
0.512399 -0.278752 0.521639
0.603606 -0.204201 -0.391076
0.479121 -0.111009 0.388442
0.466738 -0.010097 -0.517554
0.400454 0.095751 0.521916
0.447785 0.209640 -0.624619
0.421889 0.359896 0.280521
0.417936 0.474102 -0.867649
0.364965 0.584082 0.336010
0.345560 0.592453 -0.615639
0.327549 0.744369 0.133323
0.315944 0.786637 -0.886094
0.294942 0.937856 -0.000712
0.218085 0.885819 -0.656361
0.218217 0.971904 -0.137850
0.201205 1.023144 -0.655043
0.245198 1.065057 -0.268834
0.351743 1.137353 -0.623988
0.350552 1.133553 -0.226373
0.426278 -1.150699 0.713841
0.486533 -1.135308 0.791421
0.604076 -1.247720 0.506490
0.605060 -1.107883 0.918787
0.623424 -0.931450 0.318178
0.607583 -0.835249 0.648865
0.665268 -0.727807 0.133315
0.696638 -0.649074 0.691054
0.767798 -0.576090 -0.048478
0.712874 -0.471789 0.481093
0.734803 -0.399622 -0.166741
0.701118 -0.274438 0.477084
0.752753 -0.159734 -0.338504
0.665757 -0.117058 0.482844
0.713631 -0.090748 -0.501270
0.670077 -0.005153 0.501725
0.692387 0.061193 -0.597322
0.586898 0.155060 0.492196
0.556567 0.289256 -0.755771
0.519888 0.406295 0.436173
0.510876 0.516061 -0.620839
0.449356 0.666084 0.455083
0.400962 0.759940 -0.737828
0.430527 0.843530 0.250713
0.421764 0.847903 -0.762252
0.419529 0.937344 0.322741
0.369945 0.976994 -0.835568
0.342631 1.047598 0.169746
0.360867 1.060144 -0.828146
0.378303 1.068051 -0.110353
0.473085 1.131094 -0.515905
0.363453 1.090499 -0.225247
0.580367 -1.274806 0.644770
0.628063 -1.313952 0.777052
0.691771 -1.507951 0.694743
0.696277 -1.414548 0.842346
0.706846 -1.379989 0.355563
0.663160 -1.219782 0.956603
0.708003 -0.975457 0.284756
0.743679 -0.850950 0.683037
0.729764 -0.743707 0.063220
0.691368 -0.581177 0.652547
0.754426 -0.460603 0.019195
0.768876 -0.302215 0.423801
0.766092 -0.250762 -0.219585
0.725449 -0.158443 0.396831
0.777466 -0.186389 -0.202906
0.794601 -0.093161 0.320168
0.751530 -0.111318 -0.564206
0.695392 0.059626 0.462453
0.702441 0.086020 -0.522055
0.669179 0.270586 0.272182
0.619332 0.289363 -0.642107
0.564946 0.438242 0.294432
0.541842 0.413254 -0.538789
0.514580 0.626031 0.073282
0.486892 0.600182 -0.588392
0.445666 0.757343 0.138954
0.408046 0.691065 -0.585244
0.425577 0.882588 -0.050238
0.395632 0.832619 -0.612090
0.402176 1.005398 -0.108611
0.344294 0.957641 -0.304437
0.366263 1.011410 -0.134490
0.486315 -1.091841 0.603527
0.568487 -1.071479 0.781017
0.674486 -1.103620 0.374890
0.757022 -0.949863 0.789506
0.804235 -0.804568 0.231061
0.776731 -0.753162 0.607638
0.779496 -0.615417 0.051695
0.853796 -0.589784 0.510723
0.877468 -0.511348 0.050500
0.845034 -0.424618 0.460747
0.828461 -0.288115 -0.000912
0.874574 -0.208010 0.383631
0.876000 -0.123093 -0.036983
0.853512 -0.073051 0.331756
0.774649 0.012094 -0.296568
0.839623 0.055815 0.349403
0.819152 0.079483 -0.145869
0.798294 0.148296 0.297331
0.725403 0.247453 -0.396033
0.745862 0.324191 0.246522
0.730601 0.374235 -0.290138
0.686382 0.488463 0.201958
0.623328 0.575459 -0.617067
0.638615 0.638172 0.313020
0.608875 0.640841 -0.424821
0.570798 0.712877 0.105478
0.530397 0.776349 -0.788452
0.502568 0.839404 0.134370
0.483212 0.834885 -0.435375
0.573684 0.897641 -0.006558
0.667724 0.956877 -0.556663
0.538793 0.955893 -0.276897
0.601932 -1.120786 0.491785
0.662855 -1.129143 0.704957
0.786181 -1.266590 0.489341
0.768720 -1.165059 0.733607
0.764481 -1.072163 0.156107
0.737469 -0.969850 0.805208
0.846892 -0.810138 0.215126
0.834152 -0.729425 0.520709
0.805555 -0.592943 -0.017066
0.794285 -0.513821 0.578018
0.887850 -0.411290 0.105671
0.889039 -0.333715 0.331009
0.819897 -0.219734 -0.144580
0.817321 -0.171467 0.517857
0.868550 -0.192778 0.065904
0.893404 -0.128189 0.253980
0.798320 -0.096501 -0.204659
0.794293 0.009218 0.440529
0.831292 -0.011247 -0.064882
0.850244 0.127510 0.153850
0.756238 0.169550 -0.289277
0.719183 0.311373 0.322148
0.737312 0.275983 -0.158332
0.742879 0.436078 0.071617
0.661720 0.445009 -0.352015
0.623076 0.588801 0.068406
0.565482 0.528746 -0.192132
0.545524 0.675001 -0.100163
0.514375 0.696351 -0.302185
0.478009 0.792678 -0.224264
0.455355 0.835930 -0.216458
0.464134 0.877066 -0.181690
0.537751 -0.965520 0.456295
0.719698 -0.926024 0.467096
0.806129 -0.973631 0.292821
0.851462 -0.867174 0.522721
0.892842 -0.724266 0.194248
0.923634 -0.699530 0.234680
0.922155 -0.559544 0.134002
0.962641 -0.536327 0.259618
0.979195 -0.450549 0.000906
0.961370 -0.388964 0.168536
0.920553 -0.255669 0.025033
0.936774 -0.206616 0.286492
0.939467 -0.114813 -0.058159
0.922411 -0.093596 0.111168
0.849161 -0.002639 -0.032408
0.870562 0.003874 0.288004
0.882307 0.052298 -0.131955
0.886131 0.084700 0.132280
0.820010 0.166892 -0.175898
0.837045 0.204538 0.238846
0.833944 0.284339 -0.238776
0.828280 0.322459 0.021352
0.749924 0.428210 -0.205897
0.752926 0.443994 0.129333
0.713006 0.473242 -0.295701
0.686842 0.527230 0.084057
0.638232 0.567299 -0.204160
0.649976 0.703683 0.036672
0.638875 0.738943 -0.465260
0.671090 0.795046 -0.194207
0.641464 0.849746 -0.257600
0.538452 0.807427 -0.203178
0.712421 -1.029210 0.449226
0.762336 -1.054563 0.525352
0.912718 -1.047539 0.506474
0.894245 -0.970567 0.378077
0.940511 -0.905681 0.289664
0.893628 -0.828818 0.556158
0.973527 -0.741694 0.239822
0.968601 -0.655453 0.365785
0.960259 -0.576816 0.160058
0.906327 -0.522300 0.464196
0.945780 -0.453500 0.121606
0.918479 -0.381097 0.295896
0.874266 -0.305162 0.140566
0.835875 -0.263045 0.435310
0.849931 -0.265833 0.158341
0.895618 -0.194001 0.208013
0.852194 -0.158133 0.073751
0.860388 -0.094733 0.317650
0.872818 -0.101625 0.036163
0.906175 0.007582 0.091988
0.840672 0.075910 -0.009225
0.808210 0.160347 0.209710
0.787821 0.148892 0.007246
0.803748 0.262420 -0.001803
0.745268 0.283907 -0.067863
0.732203 0.377401 0.035036
0.704088 0.385663 -0.110432
0.713896 0.543961 -0.167280
0.673239 0.567283 -0.235312
0.627228 0.710189 -0.228717
0.616448 0.714793 0.020476
0.509719 0.771768 0.004813
0.618385 -0.944847 0.337074
0.798387 -0.915951 0.316779
0.899373 -0.854220 -0.013223
0.922966 -0.739198 0.381718
0.946738 -0.684915 0.055412
0.994399 -0.609873 0.315787
0.976054 -0.549104 -0.079722
1.008564 -0.497512 0.289697
0.978318 -0.441308 -0.035571
1.000022 -0.358198 0.240811
0.935191 -0.284150 -0.141116
0.962843 -0.198853 0.292309
0.949790 -0.173174 -0.017061
0.962068 -0.113979 0.173879
0.921778 -0.102519 -0.109388
0.938389 -0.061918 0.218393
0.939649 -0.071426 0.031781
0.976156 -0.006522 0.111093
0.908619 0.030880 -0.145987
0.901774 0.118547 0.112540
0.873198 0.124123 -0.010675
0.893996 0.186588 -0.021907
0.825323 0.219325 -0.183069
0.823379 0.284587 0.014221
0.792275 0.262105 -0.039777
0.829428 0.347210 -0.080418
0.754618 0.366105 -0.209424
0.761714 0.559495 0.000443
0.720416 0.506178 -0.144518
0.772162 0.640465 -0.130640
0.683201 0.657060 -0.449056
0.558171 0.664814 -0.437828
0.737375 -0.840600 0.299211
0.718005 -0.885927 0.635013
0.915565 -0.826873 0.407319
0.814102 -0.725069 0.620928
0.909600 -0.668743 0.220850
0.871252 -0.538747 0.598186
0.982993 -0.477181 0.229541
0.923913 -0.414360 0.450946
0.962994 -0.370493 0.146413
0.899180 -0.312859 0.517796
0.944321 -0.264060 0.221808
0.901879 -0.196501 0.390648
0.922743 -0.152790 0.150025
0.864845 -0.103252 0.454384
0.885783 -0.109496 0.211401
0.878097 -0.072871 0.297213
0.897173 -0.051673 0.070702
0.883323 0.005461 0.360404
0.884883 -0.004758 0.179855
0.904966 0.059959 0.180047
0.879116 0.096331 0.048352
0.854567 0.170917 0.211089
0.825890 0.171704 0.100406
0.816780 0.245407 0.103394
0.800500 0.253930 -0.053143
0.778065 0.347151 0.124247
0.780164 0.349648 -0.017771
0.755461 0.517867 -0.037123
0.747416 0.550314 -0.178215
0.731522 0.709517 -0.081738
0.702748 0.711963 -0.225341
0.577263 0.710783 -0.115489
