0.621261 -0.425062 -0.121218
0.649480 -0.331280 0.274628
0.617105 -0.220504 0.533765
0.303837 0.460565 -0.122340
0.502556 -0.531288 0.537722
0.750314 0.739510 0.105005
0.312006 -0.093317 0.478179
0.282626 0.584938 0.334050
0.878728 0.520585 0.252623
0.391340 0.627345 0.302980
0.198800 0.384117 0.420325
0.514284 0.256181 0.266565
-0.031727 0.463779 0.614903
0.558344 -0.012995 0.784871
0.036588 0.507543 0.471695
0.726067 -0.701579 0.223500
0.340337 -0.372621 -0.012487
0.660459 -0.591302 0.393772
0.225390 0.457178 0.125706
-0.250557 0.440760 -0.421824
0.710137 -0.466867 0.182225
0.579772 0.702846 0.280453
0.697356 0.364089 -0.077532
-0.000597 0.061004 -0.385823
0.044410 -0.117181 0.721688
0.604703 -0.209880 0.491687
-0.059413 0.645047 0.139228
0.791083 -0.681070 0.402585
-0.590934 0.371439 0.134397
0.452877 -0.324320 0.198774
-0.459215 0.286173 -0.505570
0.313589 0.122615 -0.136848
0.578806 0.402494 -0.127253
0.461933 -0.148816 -0.008413
0.601328 0.257700 -0.068997
0.651406 0.320019 0.228900
0.789561 -0.465013 0.352946
0.392866 0.246382 -0.168206
0.691828 0.188207 0.587475
0.027919 0.465521 -0.252795
0.141819 0.330299 0.388397
0.458967 0.325928 0.316370
0.205187 -0.277811 0.562504
0.033893 -0.287110 -0.330979
0.045768 0.106899 -0.283496
0.314188 -0.391739 0.014870
-0.501805 -0.463257 0.522799
0.825102 0.513911 0.691536
-0.062392 0.355133 -0.263077
0.762826 -0.321506 0.662885
0.557282 -0.431959 0.631665
0.465801 0.307695 0.250978
0.501306 0.414793 0.207835
-0.093843 -0.093010 0.916198
-0.038375 -0.156617 0.649727
0.797422 -0.454187 0.254933
0.633809 -0.259994 -0.042369
0.540835 0.618114 0.318583
-0.511559 0.482606 -0.228894
0.648147 0.431691 0.185181
-0.313418 0.146956 -0.289170
0.001769 0.768344 -0.321063
-0.235076 -0.441910 0.395932
0.278660 -0.445404 0.361862
0.095778 -0.417558 0.075476
0.279942 -0.198892 -0.247732
-0.067022 0.375160 0.554976
0.243857 -0.130945 0.603875
0.143018 0.712023 0.420015
-0.249105 0.277509 0.807657
0.596700 0.529303 0.090451
0.561911 0.252172 -0.035950
-0.371158 -0.009898 0.722825
0.720708 -0.245372 0.553154
0.734825 0.624595 -0.318469
0.460314 -0.098931 0.165357
0.457262 0.078826 0.531332
0.437068 -0.278387 0.107953
0.331004 -0.223693 0.514116
0.499740 0.463224 0.201741
0.401036 -0.474469 0.278857
-0.382505 -0.255091 0.500300
0.692526 0.261471 0.061754
-0.754699 0.154882 0.572517
0.390156 -0.497588 0.088708
-0.026949 -0.069196 -0.233303
0.570441 -0.355577 0.134427
0.610894 -0.318596 0.124108
-0.184020 0.582660 0.070666
0.566842 -0.126169 -0.000694
-0.772965 -0.287192 0.553681
0.697257 -0.366050 0.389454
0.197639 0.344639 0.725299
-0.223509 0.122246 0.554777
0.688801 0.275173 0.335950
0.742928 0.107473 0.580495
0.065736 -0.566177 0.438144
0.384887 0.412441 -0.402192
0.501259 -0.230284 0.436337
-0.155939 -0.133044 -0.227346
-0.321223 0.250552 0.533380
0.138777 0.556165 0.393204
0.524473 -0.277762 -0.096942
0.121231 -0.307070 0.736597
0.317840 -0.051698 -0.173737
0.380496 0.642510 -0.190388
-0.060307 0.605009 0.279953
0.123646 0.518224 -0.035861
0.452128 0.218518 0.321810
0.283178 0.122284 -0.314597
-0.439305 0.530681 0.398912
0.353225 -0.219236 0.008763
0.648780 -0.453557 0.445423
0.616552 0.297936 0.214200
0.641753 -0.349720 0.296599
-0.480089 -0.041450 -0.182030
0.033058 -0.535953 0.646944
0.510837 0.040682 0.033571
0.579222 0.338314 -0.237699
-0.369406 0.465550 -0.143307
0.579016 -0.332166 0.294897
0.520180 -0.330491 0.419796
0.222507 -0.467797 -0.318054
0.592126 0.292016 0.246718
0.567021 0.041252 0.129399
0.647624 0.429648 0.332906
0.458264 0.221698 -0.112083
0.532376 0.557093 0.458910
0.556911 -0.622059 0.321501
-0.519689 0.139226 -0.114355
0.626301 0.312900 0.090312
0.043013 -0.613290 -0.089132
-0.145395 0.500517 -0.097743
0.770389 0.633885 0.434512
-0.280256 -0.165085 -0.308190
0.518822 -0.275025 0.558686
0.592173 0.357671 0.346752
0.069901 0.485917 0.441293
-0.267515 -0.274180 -0.165155
0.106938 0.755882 -0.061666
0.656088 -0.282624 -0.491260
-0.264477 0.400432 -0.181742
-0.412037 -0.295021 0.812863
0.128781 0.240473 -0.247783
0.450826 0.092050 0.568679
0.587929 -0.224719 0.244460
-0.353962 -0.063471 -0.257257
-0.165773 -0.093881 0.621154
-0.200751 0.515178 0.307587
0.399393 0.523196 0.129508
0.668248 -0.315065 0.111085
0.645082 0.668485 -0.030385
0.425515 0.232329 0.028284
0.224334 0.012658 -0.665571
-0.045183 -0.173995 -0.577706
0.242846 0.148958 0.444194
0.535819 0.336966 0.184462
-0.348209 0.575672 0.034469
0.571637 -0.625473 -0.035955
-0.158595 0.073788 0.668990
-0.660623 -0.230125 -0.083105
0.497154 0.285323 -0.329117
0.619888 0.285279 0.178221
0.469665 0.267916 0.378784
0.518579 0.342644 -0.060910
0.692691 0.481083 0.039900
0.541217 -0.193855 0.195006
0.437822 0.241860 0.046758
0.551301 0.271967 0.190269
-0.043932 -0.318227 -0.139680
0.757122 0.487858 0.140115
-0.175484 0.357627 0.543456
0.113098 0.146549 0.672644
0.628682 0.550506 0.291703
0.547320 0.016639 -0.168937
0.536124 0.468668 0.390150
0.766888 0.450916 0.345740
0.574397 -0.168034 0.039989
0.104245 -0.524669 0.232475
0.587305 -0.225348 0.414660
0.731198 0.568847 0.328871
0.318762 0.434498 0.271155
0.583444 0.413172 0.217360
0.743990 0.454314 -0.035276
0.305698 -0.127153 0.383518
0.592421 -0.299107 0.275055
0.628145 0.618727 -0.000965
-0.398770 0.273190 -0.216227
0.551893 -0.168503 0.332768
0.085795 0.222890 -0.301040
-0.025423 0.388158 -0.674213
0.563404 0.269107 0.064844
0.607391 -0.595082 -0.017742
0.192723 0.454187 -0.356269
-0.453194 0.200446 0.638903
0.608666 0.043138 0.168685
0.657022 -0.511055 0.119831
0.529911 -0.370466 0.377057
-0.215667 -0.523393 0.151730
0.720988 0.275672 -0.241807
0.852957 0.592204 0.370159
0.137752 0.737141 0.258858
0.680825 0.638876 0.160690
-0.057239 0.257304 0.565529
0.697113 -0.651620 0.150649
0.769688 0.695957 0.541523
-0.278605 0.184136 -0.226670
0.691312 0.257860 0.340839
-0.199277 -0.227297 0.608166
0.705893 -0.463183 0.127668
0.554608 0.611004 0.138857
0.648363 0.385151 0.262825
0.533958 0.459089 0.066990
0.524576 0.421727 0.459130
-0.348714 0.532038 0.561284
-0.182084 -0.355915 -0.038454
0.126730 0.293716 -0.096757
0.509303 0.165665 -0.077447
-0.199235 0.239742 -0.372660
0.759486 0.383158 0.528454
-0.227840 0.142420 -0.483632
-0.250760 0.528890 0.405798
-0.642861 0.213211 -0.169479
0.034841 -0.416881 0.520507
-0.569025 -0.107581 0.730788
0.645796 -0.204969 0.392103
0.121160 -0.646327 0.156176
-0.421155 -0.008546 -0.391415
0.741860 -0.565324 0.560358
0.255044 -0.618951 0.020309
0.627019 0.415327 0.427347
0.609341 -0.080400 -0.286216
-0.405842 -0.465554 0.118333
-0.217671 0.040325 -0.288452
0.121038 -0.242404 -0.135396
0.557719 0.213219 -0.088262
-0.076444 -0.571801 0.489360
0.355948 0.432100 0.326330
-0.359257 -0.159062 -0.177450
-0.079294 0.465818 0.005129
0.328320 0.242300 -0.184104
-0.325007 -0.400946 0.583071
0.342673 -0.543850 0.339283
0.685200 0.647071 0.489934
-0.457012 -0.371470 -0.125041
0.294243 0.357639 0.509066
-0.583621 0.404145 0.392301
0.611483 -0.276869 0.357956
0.062055 -0.198297 -0.153423
-0.564107 -0.392796 0.096496
-0.257704 -0.498164 -0.248929
0.590422 -0.489984 0.306933
-0.182239 -0.557088 0.034685
-0.138243 0.682458 0.309186
0.292900 0.617546 -0.041882
-0.126890 -0.348531 0.534629
0.073027 -0.619159 0.103694
0.080901 -0.583322 0.662975
0.029624 -0.574461 -0.029722
0.008134 -0.522719 0.763225
-0.164445 -0.513835 0.367830
-0.197499 -0.507434 0.758607
-0.225784 -0.480317 -0.038796
-0.320665 -0.432430 0.904648
-0.566091 -0.508741 0.285979
-0.610303 -0.451890 0.725504
-0.607991 -0.449129 -0.063348
-0.609902 -0.327200 0.985292
-0.802194 -0.418247 0.304443
-0.809991 -0.326069 0.723928
-0.799064 -0.305578 0.112991
-0.797995 -0.192032 1.009406
-0.924374 -0.246309 0.256048
-0.889634 -0.101018 0.716024
-0.807632 -0.089242 0.109317
-0.730371 0.072063 0.918791
-0.748637 0.074798 0.291576
-0.656484 0.165109 0.676116
-0.534563 0.147438 0.277883
-0.414145 0.207226 0.979421
-0.431804 0.171100 0.480760
-0.289682 0.192649 0.741619
-0.156180 0.166652 0.296890
-0.056089 0.206426 0.980019
-0.091261 0.236465 0.577368
-0.023785 0.351475 0.697165
0.090288 0.442270 0.316696
0.123391 0.555172 0.488745
-0.186311 -0.609825 0.269211
-0.045868 -0.636282 0.673438
-0.141707 -0.699306 0.722595
-0.108717 -0.742158 0.957424
-0.212465 -0.667583 0.455843
-0.263083 -0.654779 1.066368
-0.441360 -0.693613 0.743688
-0.538151 -0.607045 0.856111
-0.643867 -0.607850 0.277179
-0.741239 -0.516274 1.049833
-0.898635 -0.651972 0.721755
-0.902532 -0.552891 0.875535
-0.950481 -0.563006 0.381055
-1.038563 -0.490092 1.152713
-1.059388 -0.585402 0.797291
-1.076405 -0.448568 0.911190
-0.944351 -0.388416 0.401595
-1.030269 -0.281525 1.199309
-0.939870 -0.350640 0.769139
-0.899009 -0.155897 0.936918
-0.654055 -0.051238 0.429209
-0.607804 0.013301 1.116221
-0.532547 -0.026796 0.834626
-0.398417 -0.028378 0.976363
-0.329989 0.017677 0.589063
-0.198222 -0.075912 1.180979
-0.203130 -0.014367 0.929148
-0.061525 -0.001926 0.973757
-0.142584 0.192694 0.501386
-0.032044 0.139662 1.120542
-0.019634 0.214774 1.066153
0.130519 0.329817 0.890702
-0.184705 -0.596902 0.499627
-0.162493 -0.715878 0.673821
-0.316526 -0.708090 0.421010
-0.316011 -0.650694 0.792838
-0.439050 -0.576476 0.609693
-0.478817 -0.557523 0.567887
-0.679000 -0.573235 0.420946
-0.761006 -0.518596 0.741682
-1.032136 -0.547358 0.811309
-0.925715 -0.442016 0.503074
-1.127672 -0.514489 0.555645
-1.077571 -0.423747 0.797557
-1.321293 -0.458072 0.871306
-1.244929 -0.311431 0.582973
-1.355116 -0.344199 0.496739
-1.307808 -0.229021 0.854768
-1.445680 -0.287081 0.863948
-1.311405 0.000205 0.644453
-1.321027 0.022842 0.542071
-1.221052 0.198340 0.834980
-1.244894 0.237897 0.870863
-0.996784 0.382464 0.672060
-0.920326 0.370635 0.622615
-0.711377 0.399110 0.926246
-0.709436 0.336079 0.850729
-0.430873 0.277740 0.712337
-0.353894 0.248004 0.473352
-0.179284 0.267697 0.909093
-0.191729 0.275818 0.800666
-0.078786 0.399083 0.794742
-0.061629 0.370079 0.558534
0.017850 0.524725 0.445494
-0.312585 -0.604599 0.298877
-0.331895 -0.720410 0.648858
-0.429991 -0.764862 0.603279
-0.433996 -0.783199 0.848174
-0.547695 -0.731979 0.345623
-0.601757 -0.732846 1.020504
-0.829591 -0.730674 0.655866
-0.864953 -0.745502 0.879118
-1.011007 -0.717901 0.311642
-1.075798 -0.661034 1.099066
-1.215924 -0.750519 0.802248
-1.215664 -0.671271 0.953429
-1.203937 -0.656020 0.392617
-1.311340 -0.558448 1.144247
-1.330101 -0.565499 0.780139
-1.378143 -0.483620 0.930441
-1.233381 -0.282589 0.353734
-1.265093 -0.191100 1.071716
-1.182676 -0.183826 0.899975
-1.152046 -0.048327 0.922135
-0.876124 0.223040 0.451873
-0.845478 0.240399 1.025888
-0.694306 0.324930 0.858771
-0.617037 0.233435 0.993892
-0.465403 0.301021 0.461144
-0.380071 0.149211 1.250113
-0.322326 0.223259 0.818705
-0.219751 0.101595 1.109949
-0.218381 0.308838 0.415211
-0.193403 0.212508 1.069206
-0.160779 0.346097 0.775789
0.008442 0.390408 0.831858
-0.233932 -0.630113 0.488478
-0.245560 -0.648759 0.617225
-0.421231 -0.719576 0.490828
-0.448610 -0.626660 0.661796
-0.597026 -0.580389 0.676830
-0.620782 -0.558914 0.584381
-0.694761 -0.625459 0.484807
-0.789351 -0.564936 0.980173
-0.973366 -0.605393 0.822541
-1.025550 -0.542724 0.900431
-1.123888 -0.607523 0.569009
-1.197288 -0.507858 1.260243
-1.189381 -0.459704 0.861073
-1.241228 -0.353210 0.989487
-1.270249 -0.313596 0.474872
-1.383322 -0.161484 1.178814
-1.359272 -0.012118 0.742938
-1.391683 0.127122 1.093152
-1.374930 0.321504 0.578503
-1.452598 0.425135 1.092968
-1.304591 0.570162 0.947063
-1.205379 0.570564 1.315544
-1.008461 0.621842 0.889602
-0.918313 0.575874 1.165430
-0.638867 0.510468 0.944414
-0.462773 0.395931 1.068257
-0.314575 0.316223 0.613174
-0.252785 0.326157 0.837043
-0.203221 0.338277 0.658093
-0.147085 0.340903 0.804183
-0.043336 0.373602 0.594824
0.006584 0.454170 0.530348
-0.283586 -0.632824 0.398312
-0.311950 -0.708100 0.576147
-0.379840 -0.762453 0.686787
-0.473174 -0.796974 0.743843
-0.514757 -0.724742 0.516955
-0.631001 -0.741538 0.938273
-0.757279 -0.739630 0.845361
-0.866134 -0.794849 1.033840
-0.905760 -0.831287 0.507899
-1.031345 -0.763008 1.529018
-1.063562 -0.804008 1.055524
-1.188869 -0.783744 1.501174
-1.026110 -0.735587 0.544756
-1.157060 -0.561551 1.662779
-1.032554 -0.466445 0.906526
-1.203512 -0.415199 1.360976
-1.082033 -0.139948 0.410588
-1.209255 0.016162 1.461143
-1.037278 0.206066 0.807603
-1.202472 0.209126 1.237337
-0.930981 0.358468 0.594020
-0.970897 0.383568 1.199244
-0.728197 0.436288 0.876574
-0.703852 0.377533 1.065508
-0.413354 0.352632 0.632575
-0.343601 0.250356 1.076530
-0.236721 0.306959 0.751954
-0.160942 0.190116 0.994412
-0.078447 0.292964 0.590668
-0.063723 0.223636 0.919697
-0.006120 0.330560 0.735155
0.100734 0.385473 0.767823
-0.099488 -0.598485 0.495104
-0.148771 -0.618864 0.629357
-0.288781 -0.709498 0.509447
-0.404533 -0.664941 0.837055
-0.542612 -0.591647 0.592120
-0.593729 -0.555185 0.712869
-0.529396 -0.589633 0.364674
-0.636798 -0.578455 1.371387
-0.708751 -0.492714 0.759688
-0.857346 -0.478585 1.205083
-0.781313 -0.518251 0.310963
-0.973806 -0.437814 1.787786
-0.906719 -0.349487 0.592168
-1.037328 -0.188125 1.366940
-0.872899 -0.184722 0.046215
-1.061984 -0.010908 1.688796
-1.030775 0.087779 0.508635
-1.221583 0.332669 1.313619
-1.144372 0.363459 0.026363
-1.246048 0.493876 1.778341
-1.165891 0.436656 0.762477
-1.124123 0.623963 1.464834
-0.889086 0.592923 0.402957
-0.788311 0.611425 1.587728
-0.597868 0.387640 0.846745
-0.454143 0.450971 0.997630
-0.324968 0.356956 0.332267
-0.204670 0.340203 0.915812
-0.185018 0.381217 0.593382
-0.095030 0.316257 0.710659
-0.033688 0.285253 0.437930
0.038369 0.349427 0.411899
-0.189424 -0.662832 0.452773
-0.248079 -0.767214 0.759375
-0.304736 -0.829427 0.715592
-0.379588 -0.848919 0.885110
-0.347111 -0.757701 0.383091
-0.383313 -0.714779 1.186179
-0.444741 -0.651965 0.747276
-0.561903 -0.688168 1.108886
-0.532473 -0.673280 0.285302
-0.627094 -0.589289 1.798388
-0.620707 -0.577910 0.854928
-0.814632 -0.591690 1.672804
-0.664401 -0.482283 0.128042
-0.812589 -0.323472 2.131713
-0.646881 -0.162110 0.572786
-0.860601 -0.149747 1.721551
-0.692389 0.091124 -0.196744
-0.807674 0.241432 1.947127
-0.709258 0.314910 0.494761
-0.850222 0.258426 1.665029
-0.592592 0.314075 0.103580
-0.634116 0.435798 1.714930
-0.539199 0.395954 0.636970
-0.540698 0.319823 1.306485
-0.302085 0.363415 0.291785
-0.303274 0.296497 1.215766
-0.290096 0.376572 0.489082
-0.308608 0.262421 1.005022
-0.261552 0.384009 0.285367
-0.320898 0.271453 0.899117
-0.279051 0.381100 0.603816
-0.087467 0.387203 0.686408
-0.040835 -0.604977 0.553146
-0.051754 -0.602500 0.632025
-0.153290 -0.767057 0.606747
-0.229871 -0.725701 0.914461
-0.323100 -0.649483 0.687956
-0.360259 -0.573746 0.741861
-0.282419 -0.621691 0.639932
-0.383983 -0.537505 1.133497
-0.424776 -0.500625 0.778663
-0.600271 -0.394864 1.076146
-0.531088 -0.411210 0.745338
-0.703334 -0.322384 1.460924
-0.630077 -0.259347 0.905127
-0.825018 -0.111786 1.291768
-0.638097 -0.057539 0.581238
-0.813619 0.105186 1.299156
-0.712771 0.186500 0.830379
-0.905954 0.330286 1.522482
-0.763302 0.366244 0.570205
-0.865527 0.450977 1.279425
-0.642821 0.455167 0.926988
-0.677475 0.555000 1.572198
-0.497412 0.299508 0.660211
-0.523429 0.521413 1.050161
-0.277822 0.489845 0.584499
-0.282450 0.476335 1.103648
-0.170527 0.203650 0.085127
-0.253635 0.418276 0.626008
-0.129242 0.468205 0.045334
-0.133340 0.381585 0.564321
-0.025865 0.220983 0.204263
-0.045230 0.372504 0.237453
-0.006113 -0.702037 0.527103
-0.003657 -0.814052 0.777318
-0.007473 -0.888777 0.803132
-0.068724 -0.939106 0.927132
-0.073885 -0.876032 0.526299
-0.178088 -0.850916 1.209997
-0.151704 -0.662461 0.753023
-0.270836 -0.738218 1.099386
-0.230568 -0.701380 0.465574
-0.417665 -0.634336 1.612780
-0.314318 -0.543363 0.582807
-0.573766 -0.536928 1.416320
-0.438163 -0.446869 0.407294
-0.670430 -0.387569 1.868812
-0.451763 -0.157341 0.493705
-0.722554 -0.147398 1.388215
-0.495046 0.046842 0.085862
-0.705869 0.064949 1.725286
-0.432743 0.223891 0.249830
-0.621060 0.142318 1.067247
-0.399366 0.308436 0.096350
-0.585406 0.203076 1.344275
-0.408442 0.263171 0.333696
-0.376636 0.149646 0.707780
-0.143780 0.253659 0.101666
-0.225346 0.166227 0.848646
-0.185956 0.302552 0.263142
-0.204886 0.227713 0.536214
-0.164062 0.395687 -0.068827
-0.211460 0.323654 0.533102
-0.180099 0.441618 0.423147
-0.123746 0.423745 0.471252
0.074966 -0.591623 0.527835
0.087276 -0.578732 0.738860
0.056405 -0.690010 0.463024
0.003726 -0.679906 1.034552
-0.089931 -0.560126 0.499461
-0.203801 -0.549992 0.808835
-0.095520 -0.531742 0.187849
-0.188969 -0.460121 1.459614
-0.186388 -0.366023 0.177319
-0.428707 -0.260281 1.277453
-0.313921 -0.259666 -0.315176
-0.492944 -0.193294 2.008564
-0.361606 -0.125861 -0.239245
-0.648859 0.021238 1.488005
-0.451703 0.050615 -1.073812
-0.646060 0.133264 2.186000
-0.508737 0.028850 -0.660349
-0.816160 0.349592 1.308905
-0.566438 0.389711 -1.418881
-0.655882 0.460690 2.190777
-0.498388 0.140504 -0.532410
-0.628233 0.565481 0.969600
-0.400760 0.648278 -1.673884
-0.336655 0.598498 1.615846
-0.202755 0.368249 -0.703488
-0.220701 0.558429 0.629465
-0.184842 0.760558 -1.750743
-0.100487 0.570474 0.429072
-0.107933 0.680949 -0.645150
-0.061040 0.437452 0.254648
0.055615 0.402109 -0.584792
-0.015386 0.426210 -0.242548
0.118176 -0.714876 0.481099
0.109209 -0.822656 0.917101
0.118079 -0.868143 0.714079
0.058332 -0.923592 1.091644
0.048315 -0.850747 0.320419
-0.044958 -0.802955 1.504726
-0.027963 -0.548311 0.447503
-0.116223 -0.601694 1.233583
-0.117824 -0.544005 -0.401877
-0.247739 -0.406800 1.894040
-0.103206 -0.329465 -0.133139
-0.332776 -0.328260 1.707359
-0.258471 -0.202041 -1.095403
-0.416941 -0.128560 2.462181
-0.179531 0.017445 -0.878043
-0.466047 0.001911 2.028590
-0.352441 0.243009 -2.227669
-0.481244 0.370696 2.936130
-0.167438 0.383772 -1.257646
-0.428606 0.339901 1.969696
-0.333853 0.659385 -2.390493
-0.290074 0.663781 2.399095
-0.134980 0.463023 -0.916238
-0.184893 0.445929 1.396787
-0.115191 0.523636 -1.710854
-0.084582 0.512660 1.209102
-0.143131 0.463336 -0.633378
-0.181839 0.425053 0.606680
-0.205977 0.525766 -0.834734
-0.232454 0.468579 0.331556
-0.206336 0.537043 -0.294190
-0.074879 0.550031 0.158521
0.102463 -0.562810 0.530285
0.119885 -0.533458 0.603742
0.102276 -0.625824 0.564249
0.093467 -0.638737 0.815280
0.011626 -0.509718 0.590382
-0.055811 -0.497724 0.621885
-0.025690 -0.493557 0.363100
-0.114312 -0.406771 0.959152
-0.146001 -0.306936 0.291613
-0.286618 -0.201100 0.863671
-0.263279 -0.174606 -0.023976
-0.379709 -0.082017 1.187806
-0.308511 0.035329 -0.077757
-0.434834 0.067308 1.132746
-0.365572 0.126669 -0.699746
-0.495992 0.242147 1.259670
-0.410692 0.322160 -0.396445
-0.485532 0.360859 1.400999
-0.390104 0.390441 -1.039007
-0.394194 0.537468 1.166992
-0.325162 0.538461 -0.198788
-0.287466 0.575890 1.630709
-0.243539 0.558381 -1.050875
-0.165217 0.594920 0.819498
-0.076553 0.585749 -0.776515
-0.104839 0.729659 1.620995
-0.129243 0.750387 -1.502041
-0.082280 0.777839 0.966798
0.037946 0.900283 -1.596532
0.062633 0.748431 0.062550
0.038709 0.785888 -0.611348
0.048831 0.626814 -0.108589
0.140236 -0.633828 0.454179
0.164624 -0.694674 0.620497
0.169686 -0.724713 0.726398
0.144345 -0.807396 0.807183
0.128614 -0.729458 0.557370
0.067111 -0.762904 1.106451
0.059894 -0.478859 0.642869
-0.012791 -0.558999 0.816356
-0.009829 -0.444024 0.175834
-0.096472 -0.428282 1.259767
-0.013939 -0.246666 0.254469
-0.143816 -0.248553 0.974081
-0.076255 -0.103059 -0.108548
-0.200197 -0.157257 1.563786
-0.115854 0.080520 -0.141006
-0.274584 0.163589 1.057541
-0.116813 0.245495 -0.682778
-0.238499 0.241690 1.605877
-0.176122 0.386839 -0.306234
-0.294367 0.404173 0.749102
-0.154970 0.473353 -0.734834
-0.182348 0.393346 0.957827
-0.138131 0.458089 -0.316657
-0.152790 0.430074 0.190720
-0.084208 0.485075 -0.664729
-0.092513 0.405689 0.382939
-0.198549 0.383013 -0.497036
-0.170607 0.382240 0.055106
-0.078813 0.451757 -0.700727
0.042561 0.439558 0.199833
0.007679 0.473876 -0.362323
0.043061 0.475247 0.229228
0.176054 -0.545864 0.406387
0.167717 -0.533736 0.559984
0.159519 -0.600172 0.403594
0.195888 -0.602978 0.736940
0.150252 -0.456968 0.405389
0.073022 -0.486875 0.599842
0.119478 -0.441515 0.188384
0.091729 -0.426044 0.812573
0.088140 -0.265397 0.164684
-0.014800 -0.264090 0.583567
0.053612 -0.149845 -0.200195
-0.012567 -0.110659 1.050601
0.000463 0.049346 -0.421163
-0.139428 0.060737 0.788448
-0.142003 0.126078 -1.126192
-0.115191 0.178650 1.402177
-0.116978 0.279674 -0.936295
-0.160327 0.319568 0.886422
-0.190850 0.382278 -1.581840
-0.101835 0.418809 1.434220
-0.126860 0.425324 -0.999037
-0.128455 0.488614 0.539982
-0.106403 0.644313 -1.981260
0.010508 0.580475 1.107819
-0.001124 0.575417 -1.256654
-0.065382 0.659376 0.584685
-0.114443 0.942432 -2.480906
-0.075538 0.737935 0.461739
-0.063203 0.817952 -1.146872
0.102902 0.534045 0.328681
0.148146 0.592568 -0.933740
0.103773 0.477569 -0.373361
0.321074 -0.585676 0.269734
0.327960 -0.632281 0.547121
0.359895 -0.677511 0.490107
0.307495 -0.714807 0.703095
0.285748 -0.672343 0.291131
0.227383 -0.671402 1.015860
0.221445 -0.447715 0.376163
0.211846 -0.500396 0.739885
0.194219 -0.370112 -0.041385
0.139553 -0.384559 1.105434
0.184071 -0.197994 0.041470
0.132076 -0.220594 0.849187
0.119402 -0.008914 -0.686260
0.012582 -0.015487 1.411278
0.088010 0.163982 -0.652394
-0.018378 0.147918 1.077140
-0.019239 0.297020 -1.677047
-0.027054 0.396618 1.666189
0.095897 0.371387 -0.962535
0.026156 0.361163 1.009276
-0.094264 0.597023 -1.851312
-0.008928 0.608408 1.338018
0.038739 0.456915 -0.889786
0.072478 0.430703 0.513699
-0.045831 0.554447 -1.672074
0.004438 0.548020 0.505831
-0.032524 0.436659 -0.887855
0.025467 0.489204 0.300984
-0.015252 0.546090 -0.878346
0.035835 0.460231 0.003788
0.022327 0.509549 -0.435564
0.090842 0.510247 0.082406
0.253340 -0.580561 0.317179
0.299442 -0.550425 0.410078
0.302471 -0.626774 0.312232
0.332500 -0.615275 0.536115
0.334634 -0.560257 0.342343
0.325213 -0.552158 0.473508
0.348002 -0.520741 0.164809
0.324591 -0.469717 0.645166
0.335828 -0.362130 0.103228
0.298754 -0.297923 0.494741
0.339451 -0.202919 -0.153518
0.284422 -0.118050 0.590712
0.290239 0.006695 -0.329729
0.180347 0.038390 0.582466
0.192067 0.108771 -0.664730
0.172286 0.184691 0.592795
0.222748 0.216472 -0.596182
0.205005 0.303446 0.664253
0.164710 0.297782 -0.732097
0.179267 0.390070 0.372000
0.164673 0.318524 -0.630709
0.168843 0.435075 0.687101
0.107423 0.403341 -0.963376
0.159393 0.464365 0.321412
0.117054 0.468231 -1.014903
0.133365 0.572529 0.784842
0.025329 0.552746 -1.251740
0.124754 0.601370 0.514992
0.138386 0.676366 -1.296739
0.243466 0.560587 0.049155
0.213455 0.591199 -0.508218
0.193769 0.547268 -0.146008
0.301616 -0.596607 0.217449
0.390692 -0.622888 0.306969
0.445503 -0.691516 0.395063
0.525541 -0.717801 0.389225
0.503449 -0.708840 0.295187
0.529398 -0.686390 0.587256
0.512629 -0.581797 0.306598
0.573481 -0.548102 0.507807
0.549298 -0.491850 0.138040
0.508051 -0.435185 0.664477
0.489776 -0.321092 0.089359
0.498630 -0.228000 0.399477
0.445298 -0.113395 -0.021334
0.406560 -0.069847 0.521828
0.405922 0.026134 -0.113616
0.386506 0.129876 0.340902
0.385320 0.166680 -0.351125
0.353184 0.272586 0.457224
0.358273 0.309060 -0.414115
0.326625 0.407516 0.090059
0.290104 0.372634 -0.456842
0.278481 0.406503 0.162865
0.152723 0.387781 -0.482550
0.217999 0.463461 -0.018144
0.182409 0.391352 -0.542821
0.260779 0.451968 0.007797
0.110870 0.376161 -0.592268
0.179125 0.483822 0.042546
0.129759 0.459019 -0.536550
0.187110 0.513318 0.018786
0.102262 0.506514 -0.119664
0.161157 0.526771 0.041766
0.349752 -0.588681 0.190625
0.407338 -0.567401 0.338599
0.412136 -0.622580 0.172203
0.512507 -0.594479 0.442766
0.515894 -0.575176 0.245877
0.553948 -0.554605 0.370853
0.539676 -0.518081 0.124938
0.617537 -0.489589 0.416729
0.565615 -0.424681 0.194667
0.578906 -0.368703 0.288106
0.509669 -0.268271 -0.007665
0.566421 -0.199060 0.264040
0.514499 -0.089478 -0.030537
0.554117 -0.051510 0.230157
0.463438 0.053937 -0.325569
0.586090 0.112676 0.305323
0.561249 0.201602 -0.252906
0.616367 0.269899 0.179437
0.495846 0.302214 -0.573195
0.636742 0.319331 0.331483
0.533207 0.321516 -0.373811
0.580065 0.349372 0.090273
0.442494 0.406805 -1.075971
0.550067 0.444348 0.362180
0.484667 0.402176 -0.645955
0.523296 0.463801 0.184177
0.455308 0.521751 -1.270725
0.431979 0.547007 0.192245
0.301951 0.563955 -0.500301
0.451694 0.547508 0.009754
0.503163 0.544650 -0.494950
0.379600 0.591027 -0.223668
0.480662 -0.616349 0.093598
0.573135 -0.646593 0.363730
0.707269 -0.751550 0.234504
0.783539 -0.734212 0.395243
0.812366 -0.735707 0.150413
0.868048 -0.665481 0.621118
0.864375 -0.625617 0.261805
0.873416 -0.591173 0.433093
0.791506 -0.543527 0.145233
0.775049 -0.492869 0.552594
0.738069 -0.400661 0.246679
0.729372 -0.363146 0.317652
0.601560 -0.238824 0.044195
0.622427 -0.205796 0.423694
0.650583 -0.079640 0.038185
0.680122 -0.010590 0.264366
0.617054 0.087324 -0.312924
0.616149 0.176106 0.441361
0.672969 0.188811 -0.208613
0.710268 0.235799 0.182031
0.658660 0.295324 -0.557854
0.638840 0.339391 0.351220
0.654850 0.324281 -0.270845
0.683962 0.380578 0.164248
0.577516 0.416111 -0.711331
0.599981 0.544764 0.097910
0.491147 0.438169 -0.327506
0.469112 0.550880 -0.069255
0.293598 0.548664 -0.339202
0.287321 0.551896 -0.132908
0.229835 0.598422 -0.055461
0.298625 0.604424 -0.164897
0.353079 -0.534027 0.136473
0.518425 -0.468318 0.281052
0.571288 -0.553421 0.169252
0.705334 -0.520743 0.316530
0.741471 -0.566703 0.199934
0.849975 -0.529288 0.263583
0.806169 -0.511175 0.226156
0.840993 -0.484289 0.365804
0.819807 -0.472243 0.181490
0.825983 -0.416149 0.189411
0.735707 -0.329535 0.102543
0.729862 -0.263857 0.233174
0.704249 -0.184941 0.029430
0.723040 -0.133876 0.061952
0.643784 0.035804 0.011761
0.663469 0.118874 0.130765
0.661917 0.247184 -0.141574
0.684711 0.328649 0.097041
0.687084 0.372501 -0.052027
0.747920 0.399668 0.132524
0.759652 0.367504 -0.265820
0.783541 0.400640 0.050588
0.776148 0.431005 -0.117662
0.808862 0.504837 0.167556
0.813093 0.483917 -0.538231
0.805807 0.584840 0.294179
0.795682 0.605665 -0.288842
0.780828 0.720541 0.130550
0.790061 0.718965 -0.648901
0.807242 0.726669 -0.175585
0.687584 0.699068 -0.276350
0.529158 0.636623 -0.182648
0.535003 -0.547989 0.125352
0.615946 -0.562202 0.178822
0.729941 -0.641873 0.305045
0.808137 -0.599330 0.163625
0.842138 -0.666031 0.274976
0.827470 -0.619322 0.354766
0.883334 -0.636348 0.350968
0.973146 -0.578711 0.256993
0.905619 -0.586815 0.265017
0.843015 -0.545581 0.365948
0.782506 -0.549080 0.338839
0.785902 -0.443495 0.248203
0.729230 -0.384857 0.223439
0.692109 -0.292875 0.269030
0.683739 -0.239397 0.206159
0.672556 -0.089217 0.114818
0.638974 -0.003918 0.108878
0.595837 0.096116 0.174224
0.623628 0.109942 -0.000613
0.642443 0.229829 0.006982
0.643640 0.231106 0.016308
0.623482 0.291573 0.102483
0.654599 0.241622 -0.033092
0.687212 0.359295 -0.027284
0.663018 0.339878 0.013050
0.668109 0.457967 0.015626
0.663509 0.434599 -0.127571
0.651431 0.573587 -0.085542
0.612773 0.539390 -0.097869
0.610177 0.588247 -0.186794
0.535583 0.569061 0.072945
0.415033 0.601747 0.075940
0.256478 -0.432178 0.070338
0.396282 -0.398431 0.169022
0.433542 -0.411645 0.022515
0.551201 -0.425107 0.289469
0.579426 -0.482685 0.247383
0.736482 -0.470550 0.249664
0.674437 -0.492078 0.223629
0.759384 -0.492377 0.303818
0.647067 -0.490208 0.250902
0.741049 -0.454490 0.215264
0.682502 -0.401313 0.077472
0.717787 -0.336008 0.233469
0.691948 -0.299668 0.024501
0.715359 -0.198033 0.143916
0.682660 -0.070351 -0.113600
0.683584 0.074079 0.142321
0.685155 0.168212 -0.116400
0.727304 0.256048 0.044591
0.693834 0.295295 -0.194579
0.696710 0.330785 0.052487
0.708347 0.284159 -0.068195
0.794623 0.311277 -0.112712
0.747515 0.280703 -0.242566
0.784649 0.398209 0.064319
0.796684 0.375587 -0.091123
0.906201 0.479006 -0.041374
0.844351 0.468066 -0.254030
0.874095 0.643021 -0.000761
0.824704 0.570190 -0.081038
0.857901 0.584392 -0.158430
0.703834 0.555984 -0.361763
0.512853 0.561426 -0.377520
0.461827 -0.354292 0.071094
0.458910 -0.302017 0.274923
0.605809 -0.336092 0.185088
0.595377 -0.302342 0.268216
0.624303 -0.319394 0.167580
0.591909 -0.320774 0.320583
0.700208 -0.351472 0.291057
0.680166 -0.378784 0.262010
0.697024 -0.381066 0.235980
0.631086 -0.391216 0.369322
0.650837 -0.370337 0.283258
0.616469 -0.321291 0.274793
0.650130 -0.268271 0.165628
0.610100 -0.205941 0.320311
0.650237 -0.124539 0.105962
0.606287 0.018372 0.199942
0.642380 0.088500 -0.004750
0.567495 0.183102 0.165851
0.590059 0.192338 -0.015910
0.570388 0.270726 0.032949
0.625439 0.277144 -0.134934
0.574905 0.329093 0.071194
0.634455 0.272621 -0.064990
0.642320 0.339703 0.029814
0.703694 0.335070 -0.118296
0.679641 0.447957 0.059215
0.727338 0.405109 0.000734
0.731865 0.536245 -0.064720
0.732930 0.561482 -0.090660
0.666909 0.656143 -0.050180
0.642389 0.584284 -0.057831
0.512750 0.572256 -0.081653
