0.891639 -0.270006 -0.746940
0.641305 -0.187307 -0.188429
0.561552 -0.121143 0.150225
0.102551 0.315028 -0.036779
0.242115 -0.525918 0.319786
0.721760 0.457173 0.221317
0.258920 -0.081686 0.349275
0.144005 0.561240 0.185387
0.806801 0.328856 0.353039
0.236812 0.519708 0.305116
0.118028 0.216653 0.396599
0.415434 0.149847 0.357181
0.096063 0.373266 0.526035
0.833038 -0.126255 0.778220
0.063490 0.340349 0.342883
1.092079 -0.452940 -0.314543
0.470325 -0.313671 -0.473351
0.722473 -0.407501 -0.037127
0.050526 0.339584 0.130133
-0.269730 0.324769 -0.332175
0.616682 -0.427209 -0.088090
0.375983 0.600988 0.418477
0.582339 0.121450 -0.162479
0.164704 -0.063723 -0.557657
0.072868 -0.320709 0.452603
0.691826 -0.151636 0.433681
-0.088040 0.531141 0.107718
0.771536 -0.565498 0.238834
-0.670712 0.351151 0.137651
0.393498 -0.290389 -0.186221
-0.539091 0.311168 -0.496924
0.322547 -0.132751 -0.314764
0.519994 0.184198 -0.174937
0.614086 -0.096967 -0.305770
0.727130 -0.015740 -0.310709
0.577813 0.294687 0.266698
0.981018 -0.330071 -0.114295
0.385220 0.077954 -0.384547
0.848950 0.150165 0.605617
-0.022293 0.284351 -0.152570
-0.016706 0.105712 0.255825
0.363402 0.244954 0.317389
0.100204 -0.326015 0.338091
0.155825 -0.244703 -0.646128
0.016295 -0.051459 -0.165781
0.250012 -0.289214 -0.187344
-0.595296 -0.492390 0.254585
0.985297 0.394007 0.851846
-0.129218 0.217866 -0.127020
0.930975 -0.275544 0.606104
0.837880 -0.233526 0.124623
0.414830 0.332253 0.243532
0.391749 0.381473 0.235862
-0.085993 -0.226936 0.694878
-0.101137 -0.231312 0.376148
0.890511 -0.333392 -0.016790
1.058590 -0.105833 -0.730988
0.477881 0.519048 0.427495
-0.619221 0.452182 -0.209607
0.635880 0.076283 -0.011679
-0.273327 0.051279 -0.347960
0.019189 0.539569 -0.203220
-0.409725 -0.337665 0.145166
0.061651 -0.420068 0.235744
0.050597 -0.211442 0.024574
0.537124 -0.246312 -0.804715
-0.135026 0.254210 0.311334
0.331499 -0.121699 0.492068
0.155503 0.591559 0.426192
-0.330079 0.182558 0.721744
0.599882 0.477492 0.234567
0.579414 -0.061066 -0.212644
-0.327188 -0.159975 0.447265
0.775445 -0.193512 0.374595
0.712099 0.260021 -0.407334
0.513978 -0.202575 -0.134800
0.534010 0.069088 0.434662
0.397021 -0.235583 -0.256912
0.215355 -0.324548 0.382990
0.334132 0.453198 0.240581
0.304148 -0.316428 0.018586
-0.384178 -0.311089 0.143731
0.829619 0.012667 -0.022090
-0.782694 0.136478 0.286564
0.352589 -0.360248 -0.260888
0.030476 0.007319 -0.331665
0.622432 -0.311624 -0.353243
0.787341 -0.169220 -0.445975
-0.278704 0.444145 0.106160
0.967467 -0.047649 -0.428985
-0.756725 -0.314395 0.207993
0.642843 -0.221418 -0.121465
0.221696 0.183413 0.612124
-0.143501 -0.137986 0.179359
0.814787 0.084443 0.384203
0.939798 0.059279 0.533049
-0.028606 -0.338530 0.180648
0.519216 0.044385 -0.759808
0.509209 -0.155082 0.079310
-0.011502 -0.103795 -0.417237
-0.299115 0.148549 0.256269
0.056425 0.424520 0.243585
0.817137 -0.294354 -0.555830
0.177272 -0.232837 0.552999
0.402670 -0.157210 -0.438030
0.262327 0.328478 -0.157456
-0.132269 0.389893 0.203736
-0.071020 0.421326 0.092435
0.446451 0.057159 0.262755
0.360508 -0.093229 -0.648524
-0.703554 0.525570 0.364526
0.482328 -0.188136 -0.472630
0.516100 -0.394122 0.250373
0.576949 0.266467 0.389963
0.774905 -0.232570 -0.310161
-0.394998 0.020069 -0.071771
-0.060527 -0.566393 0.409766
0.616841 -0.222720 -0.239478
0.613112 -0.105307 -0.453424
-0.447558 0.382744 -0.105050
0.498383 -0.337227 0.094724
0.344867 -0.351804 0.216656
0.469725 -0.438213 -0.883345
0.503617 0.374871 0.275781
0.631038 -0.247260 -0.152510
0.480480 0.399923 0.369713
0.438885 0.006580 -0.290108
0.468523 0.429990 0.546341
0.583656 -0.409587 -0.157644
-0.402913 0.016641 0.051648
0.545395 0.167259 0.136839
0.132976 -0.455425 -0.447975
-0.249262 0.367110 0.017253
0.702572 0.639340 0.530224
-0.224002 -0.144025 -0.592563
0.460780 -0.247161 0.398519
0.522738 0.339027 0.341992
0.060277 0.348077 0.251658
-0.198173 -0.153483 -0.187961
0.112676 0.484073 0.116392
1.096832 -0.438675 -1.337856
-0.332806 0.289004 -0.000416
-0.466768 -0.427349 0.531077
0.042139 0.138602 -0.215547
0.458258 0.013356 0.553488
0.470934 -0.284077 0.072822
-0.274349 -0.101855 -0.162035
-0.201626 -0.258388 0.434604
-0.223468 0.335238 0.106408
0.265247 0.478430 0.048826
1.015190 -0.234699 -0.243830
0.477283 0.377398 0.098674
0.428773 0.098050 -0.159510
0.541996 -0.177991 -1.085276
0.023642 -0.277835 -0.916046
0.191405 -0.058996 0.316033
0.432802 0.405697 0.180379
-0.381104 0.429841 0.128202
0.993567 -0.438865 -0.746956
-0.172358 -0.112126 0.507898
-0.649595 -0.051400 -0.143357
0.813298 0.011265 -1.023556
0.553446 0.048696 0.179885
0.546773 0.109411 0.383745
0.391568 0.253695 -0.053634
0.509986 0.351602 0.179994
0.661825 -0.163680 -0.231128
0.296316 0.288520 0.008894
0.499705 0.177365 0.269771
0.040372 -0.174075 -0.281680
0.767456 0.389525 0.359529
-0.094449 0.200560 0.401329
0.118703 -0.029308 0.507093
0.463059 0.528966 0.280268
0.639742 -0.167134 -0.613769
0.408781 0.385538 0.419198
0.628877 0.293814 0.418477
0.846761 -0.274052 -0.292418
0.110981 -0.350986 0.088403
0.459786 -0.282618 0.277738
0.571595 0.438798 0.401132
0.129661 0.365433 0.231520
0.408540 0.433047 0.297724
0.682903 0.140074 -0.031723
0.161198 -0.251442 0.251467
0.538518 -0.217660 -0.155795
0.638509 0.317096 0.096200
-0.386173 0.166202 -0.125122
0.502251 -0.015850 0.255016
0.127520 0.068483 -0.373776
-0.037618 0.182862 -0.819656
0.540296 0.061510 -0.038315
0.769647 -0.445375 -0.661378
0.227681 0.229824 -0.512126
-0.445903 0.037360 0.471879
0.584472 -0.058204 0.287821
0.691023 -0.298071 -0.452185
0.469596 -0.276948 0.045387
-0.275499 -0.393042 0.196970
0.937172 0.007940 -0.534861
0.917493 0.553076 0.542611
0.097869 0.487084 0.376390
0.749704 0.519023 0.350304
0.000040 -0.025811 0.381083
0.859309 -0.447204 -0.408549
0.815082 0.658494 0.691950
-0.334123 0.019655 -0.120006
0.622442 0.200518 0.498149
-0.247402 -0.323538 0.330491
1.087534 -0.306666 -0.405011
0.395277 0.470407 0.243126
0.522627 0.435856 0.308206
0.401855 0.364113 0.101985
0.591303 0.264700 0.605751
-0.397856 0.417431 0.430413
-0.144720 -0.247817 -0.183690
-0.038111 0.112940 0.086970
0.539106 -0.057999 -0.277389
-0.120377 0.122868 -0.285287
0.706371 0.413165 0.640929
-0.161789 0.065495 -0.587482
-0.190266 0.392582 0.268912
-0.686697 0.242003 -0.102295
-0.155617 -0.349756 0.274716
-0.681462 -0.185921 0.555513
0.717463 0.000017 0.349875
0.195642 -0.453490 -0.199099
-0.485117 0.028485 -0.456529
0.832530 -0.397506 0.381504
0.398584 -0.487827 -0.416856
0.525574 0.452920 0.517437
0.924869 -0.150392 -0.837977
-0.395089 -0.338179 0.139731
-0.171235 -0.037420 -0.193601
0.197215 -0.171096 -0.300818
0.583483 -0.147834 -0.288995
-0.237422 -0.506986 0.262088
0.238922 0.413145 0.206494
-0.250231 -0.130511 0.140832
-0.214980 0.245185 0.170799
0.289982 0.143002 -0.231010
-0.413425 -0.455541 0.301296
0.302916 -0.422519 0.021312
0.732408 0.627050 0.551185
-0.386607 -0.274820 -0.176323
0.291829 0.236562 0.544273
-0.545157 0.260003 0.294260
0.711048 -0.187399 -0.059754
0.040127 -0.067340 -0.058528
-0.529690 -0.263657 0.203620
-0.191906 -0.397430 -0.537632
0.733487 -0.337908 -0.228697
-0.178192 -0.453479 -0.060056
-0.104864 0.560003 0.192994
0.183010 0.405216 0.013927
-0.151919 -0.283558 0.238118
0.531083 -0.395363 -0.133309
0.664215 -0.426678 0.174212
0.653822 -0.367479 -0.254203
0.551368 -0.341530 0.291347
0.451051 -0.327898 -0.168531
0.373960 -0.238464 0.410610
0.300424 -0.170665 -0.507238
0.182054 -0.036826 0.448353
-0.103177 -0.084870 -0.317837
-0.265662 0.009853 0.346364
-0.327010 -0.038395 -0.639377
-0.326601 0.000631 0.522028
-0.503281 -0.137576 -0.170513
-0.521908 -0.093268 0.307267
-0.391695 -0.195054 -0.510634
-0.223359 0.012351 0.585830
-0.269545 -0.110322 -0.030176
-0.260998 -0.007391 0.217266
-0.288328 -0.030729 -0.256609
-0.370956 0.152443 0.215670
-0.504207 0.132479 -0.105642
-0.450147 0.209032 0.002383
-0.335251 0.133424 -0.155511
-0.146896 0.145143 0.072481
0.018797 0.074459 -0.088507
0.205662 0.078533 0.057229
0.353584 0.008488 -0.135931
0.393096 0.040619 0.277441
0.312079 -0.025004 0.097833
0.255140 0.103721 0.272842
0.263369 0.201055 -0.022865
0.236837 0.365682 0.160586
0.377313 -0.344517 -0.104138
0.550502 -0.360444 -0.100431
0.492276 -0.374075 0.174242
0.498334 -0.410503 0.156032
0.273414 -0.309449 -0.166545
0.215584 -0.212855 0.270190
0.069548 -0.077180 0.014573
-0.133993 0.039712 0.316213
-0.458938 0.018422 -0.351505
-0.676023 0.118226 0.332646
-0.816657 -0.011160 -0.011547
-0.836532 0.005368 0.268146
-0.880427 -0.138208 -0.417485
-0.894358 -0.025452 0.547704
-0.825164 -0.184143 0.157410
-0.582144 -0.084901 0.310282
-0.326715 -0.151819 -0.281618
-0.214152 0.001684 0.511307
-0.202769 -0.115758 0.367139
-0.156481 0.018606 0.360798
-0.060905 0.024276 0.070592
0.050765 0.144020 0.232593
0.133795 -0.019625 0.161906
0.376834 -0.025046 0.083007
0.604526 -0.098322 0.034775
0.793217 -0.064824 0.216803
0.767753 -0.165926 0.212799
0.689696 -0.121875 0.180822
0.595627 -0.137553 -0.034896
0.527702 -0.068371 0.219866
0.483600 0.007904 0.322616
0.430792 0.187577 0.307730
0.293315 -0.452091 0.151784
0.324268 -0.559993 0.197924
0.268289 -0.399555 -0.067670
0.195117 -0.412949 0.250514
0.001705 -0.327191 0.040684
-0.126716 -0.270968 0.195070
-0.375373 -0.201379 -0.289551
-0.490733 -0.070706 0.047983
-0.917129 -0.052538 -0.052798
-0.955804 0.037025 -0.110594
-1.262913 -0.070180 -0.332279
-1.240581 0.002435 0.183382
-1.458535 -0.108644 0.087248
-1.310464 -0.053090 -0.016875
-1.334260 -0.126774 -0.174494
-0.954518 0.045055 0.278997
-0.765638 0.003384 0.230784
-0.515269 0.124022 0.278277
-0.702467 0.055461 0.393644
-0.950005 0.264651 0.345971
-1.223547 0.306435 0.526338
-1.042488 0.479414 0.301200
-0.931307 0.380506 0.328748
-0.514416 0.372135 0.177084
-0.124853 0.240616 0.262139
0.238322 0.217321 0.074838
0.304491 0.098792 0.136456
0.362625 0.105822 0.194621
0.243608 0.062813 0.376191
0.168425 0.175521 0.311386
0.022779 0.185691 0.277926
0.098870 0.336909 0.207308
0.150314 -0.301941 -0.098769
0.220914 -0.332623 0.008468
0.178271 -0.307183 0.148014
0.160606 -0.348717 0.090916
-0.086776 -0.281989 -0.122830
-0.265194 -0.240409 0.116687
-0.532496 -0.184260 -0.066834
-0.708135 -0.108258 0.007074
-0.946724 -0.125472 -0.516057
-1.131308 -0.071477 0.137311
-1.338383 -0.167165 -0.210612
-1.478303 -0.137194 -0.108908
-1.604993 -0.192469 -0.638223
-1.651540 -0.103269 0.320069
-1.576527 -0.171126 -0.088352
-1.402784 -0.082532 0.302351
-1.002828 -0.050873 -0.182726
-0.587908 0.017419 0.430392
-0.272291 0.015585 0.248366
-0.216917 0.030999 0.442768
-0.082996 0.098022 0.328022
-0.150488 0.229148 0.419394
0.042442 0.124680 0.326545
0.209100 0.208048 0.276851
0.436614 0.057415 0.083260
0.520841 0.063893 0.279062
0.553266 -0.084733 0.029504
0.516855 -0.046177 0.236440
0.401286 -0.085629 0.057099
0.289264 0.012922 0.262296
0.322967 0.069828 0.306888
0.297325 0.182622 0.298619
0.226566 -0.418726 0.023753
0.221425 -0.442467 0.094770
0.181931 -0.355641 -0.054643
0.189446 -0.368525 0.107905
-0.044899 -0.296402 -0.068755
-0.281826 -0.289003 -0.079916
-0.648321 -0.159247 -0.359655
-0.786901 -0.154702 -0.042574
-1.098314 -0.114865 -0.342710
-1.162697 -0.094301 -0.222605
-1.465496 -0.121985 -0.642084
-1.549248 -0.071043 0.030123
-1.806486 -0.059946 -0.058703
-1.783065 -0.096384 -0.073796
-1.907088 -0.012848 -0.189425
-1.638629 0.065388 0.248460
-1.288382 0.095502 0.048191
-0.990606 0.266960 0.564962
-0.898487 0.138670 0.362484
-1.084432 0.472351 0.863091
-1.376739 0.551051 0.726165
-1.386779 0.715843 0.920230
-1.411938 0.728639 0.890827
-1.082418 0.722162 0.672246
-0.783629 0.618034 0.720139
-0.446738 0.556045 0.532571
-0.287740 0.276954 0.496279
-0.060706 0.396783 0.457618
0.001350 0.257392 0.403235
0.119411 0.253384 0.379996
0.095191 0.188202 0.350837
0.155943 0.278922 0.269195
0.288337 -0.295405 -0.124868
0.377480 -0.319278 -0.054870
0.372538 -0.310170 -0.015352
0.232319 -0.347345 -0.101527
-0.029239 -0.294233 -0.194188
-0.348144 -0.335166 0.032295
-0.603251 -0.272090 -0.427013
-0.882357 -0.252727 -0.242060
-1.071398 -0.316853 -1.156091
-1.164327 -0.207570 -0.006782
-1.350651 -0.341598 -0.862670
-1.514392 -0.234847 -0.348873
-1.766707 -0.311448 -1.368896
-1.736069 -0.108767 0.347846
-1.765906 -0.132150 -0.390853
-1.610886 -0.029476 0.144244
-1.198586 0.025002 -0.316690
-0.817257 0.186135 0.341038
-0.332577 0.130935 -0.098732
-0.181979 0.330991 0.502800
0.025680 0.333999 0.359334
-0.127261 0.465860 0.595682
0.028683 0.381336 0.630029
0.031195 0.397083 0.441774
0.159920 0.264880 0.521750
0.220083 0.288422 0.468800
0.346960 0.099442 0.269157
0.385765 0.166363 0.320861
0.393665 0.070091 0.154161
0.325792 0.113053 0.303645
0.370368 0.103622 0.410308
0.314115 0.185524 0.268821
0.352564 -0.359845 -0.067757
0.296535 -0.408273 0.003720
0.251091 -0.353237 -0.315520
0.187549 -0.367470 0.091263
-0.004672 -0.298755 -0.394477
-0.191091 -0.242523 -0.159372
-0.405457 -0.301453 -1.091857
-0.549137 -0.157678 0.100479
-0.878498 -0.210934 -0.973694
-0.962878 -0.043827 -0.287385
-1.215631 -0.283321 -1.629895
-1.174868 0.019557 0.232538
-1.493455 -0.101200 -0.855081
-1.599585 0.064373 0.036362
-1.699379 -0.018455 -0.814907
-1.511872 0.121119 0.473327
-1.234569 0.110612 -0.095746
-1.138453 0.429454 0.653447
-1.005188 0.351213 0.151527
-1.192981 0.555195 1.091616
-1.283687 0.503487 0.907615
-1.476829 0.870644 1.134379
-1.516056 0.952931 0.899694
-1.536771 1.032567 1.384618
-1.541967 1.103885 1.293417
-1.273819 1.079492 1.008325
-1.077894 0.979545 0.840617
-0.750516 0.868238 0.952121
-0.551702 0.719422 0.901006
-0.177769 0.517264 0.506175
0.002405 0.258908 0.428077
0.124413 0.320864 0.223265
0.337075 -0.225919 -0.190676
0.280392 -0.296880 -0.011598
0.203238 -0.317494 -0.222436
0.154607 -0.357440 -0.103190
-0.041689 -0.382139 -0.841354
-0.141761 -0.347649 0.144700
-0.421390 -0.397719 -0.945924
-0.562347 -0.282853 -0.216096
-0.788471 -0.463827 -2.034968
-0.665014 -0.112676 0.242939
-1.012854 -0.423202 -1.520998
-1.095591 -0.142198 -0.150433
-1.340936 -0.385951 -2.145684
-1.276727 0.017377 0.605696
-1.303479 -0.178053 -1.000510
-1.196802 0.089533 0.248506
-0.797320 0.093053 -0.795736
-0.644136 0.348991 0.465287
-0.395854 0.224045 -0.159165
-0.418545 0.440295 0.721188
-0.380745 0.449655 0.258493
-0.422189 0.657042 0.974451
-0.251011 0.454321 0.857502
-0.456825 0.598481 0.899084
-0.300461 0.399596 0.615491
-0.403328 0.552668 0.714410
-0.362705 0.422043 0.580713
-0.297265 0.413985 0.416201
-0.125023 0.307098 0.342133
-0.057583 0.309315 0.504060
0.192716 0.251812 0.451456
0.259199 0.286324 0.350180
0.286597 -0.300050 -0.055934
0.251095 -0.325218 -0.017614
0.174128 -0.282022 -0.322849
0.120582 -0.294863 0.010099
-0.026273 -0.253954 -0.389431
-0.091986 -0.216273 -0.141882
-0.254044 -0.239630 -1.127019
-0.305691 -0.140310 -0.050153
-0.594358 -0.121862 -0.751784
-0.611877 0.024038 -0.309011
-0.865784 -0.077635 -1.186981
-0.841732 0.068178 -0.324847
-1.087690 -0.003621 -0.483227
-1.015666 0.030244 -0.372977
-1.055589 0.051294 -0.418037
-0.954296 0.201303 0.023895
-0.737458 0.246743 0.230316
-0.680359 0.503300 0.860784
-0.675228 0.501874 0.690661
-0.889201 0.681543 0.855154
-0.891903 0.670553 0.865161
-1.127970 1.025493 1.714182
-1.109515 1.016922 1.087343
-1.366217 1.195773 1.403293
-1.222318 1.295458 1.247143
-1.142396 1.325068 1.765470
-1.037978 1.312405 1.224277
-1.032926 1.202050 1.352285
-0.716024 1.028458 1.254580
-0.458290 0.857069 1.016189
-0.243003 0.432614 0.791113
-0.045831 0.493895 0.479890
0.223072 -0.185702 -0.119961
0.231564 -0.221843 -0.062013
0.179114 -0.293604 -0.089148
0.181505 -0.342362 -0.186396
0.018149 -0.405877 -0.577148
0.055389 -0.389280 -0.016708
-0.080826 -0.308117 -0.625641
-0.157139 -0.231502 -0.427515
-0.298756 -0.355207 -1.416347
-0.280624 -0.150978 -0.079744
-0.417706 -0.158951 -0.863123
-0.457511 -0.099706 -0.574446
-0.681188 -0.214771 -1.447874
-0.710979 -0.117943 -0.015516
-0.751676 -0.151276 -0.604052
-0.725244 -0.068169 -0.287504
-0.500380 -0.050751 -0.490661
-0.362992 0.218483 0.101545
-0.060383 0.273980 0.096549
-0.087420 0.460301 0.479434
-0.037337 0.501628 0.349249
-0.241429 0.657135 0.761850
-0.107795 0.640000 0.489574
-0.299152 0.705860 0.726037
-0.077507 0.626459 0.656976
-0.321944 0.681825 0.841951
-0.320271 0.507458 0.562541
-0.361370 0.506899 0.577168
-0.181998 0.463527 0.567122
-0.083672 0.491324 0.444090
0.111108 0.398114 0.504359
0.140146 0.393879 0.416592
0.348897 -0.197745 -0.008494
0.302644 -0.191550 -0.110111
0.259583 -0.217066 -0.357308
0.264144 -0.259011 0.074552
0.199271 -0.288799 -0.420572
0.107462 -0.219118 0.098162
0.000003 -0.256287 -1.215380
0.044352 -0.162405 0.204793
-0.107543 -0.114488 -0.828784
-0.181842 0.034655 0.193009
-0.383051 -0.058249 -1.500149
-0.254804 0.036105 0.265339
-0.504149 -0.009972 -0.805966
-0.531048 0.101212 0.060594
-0.452263 0.040038 -0.954190
-0.469460 0.329282 0.542494
-0.470248 0.180134 -0.046512
-0.440455 0.547155 0.753243
-0.390876 0.551940 0.186564
-0.556903 0.650464 1.295217
-0.629208 0.536205 0.460334
-0.777024 0.973234 1.209875
-0.607647 0.578523 0.203346
-0.778718 1.149198 1.663485
-0.669881 0.736307 0.796663
-0.722972 1.310326 1.506986
-0.529014 1.209602 0.628375
-0.631005 1.287991 1.551770
-0.541374 1.223786 1.109649
-0.413483 1.125819 1.175528
-0.226727 0.730886 0.869170
-0.067576 0.691932 0.621480
0.338710 -0.129614 -0.100157
0.323944 -0.116325 0.076191
0.298015 -0.246792 -0.153901
0.314973 -0.331317 -0.046960
0.276206 -0.488078 -0.910573
0.298358 -0.370627 0.181714
0.275920 -0.331946 -0.717773
0.224388 -0.185492 -0.108966
0.118315 -0.367273 -1.742486
0.149750 -0.099221 0.314831
0.131333 -0.229672 -1.191675
0.011197 -0.094243 0.057453
-0.201624 -0.316536 -1.934695
-0.187130 -0.011003 0.588875
-0.233018 -0.112880 -0.889007
-0.223123 0.151147 0.297160
-0.243294 0.034822 -0.943906
-0.233161 0.401894 0.820114
-0.124590 0.296628 0.215994
-0.246288 0.447780 0.706490
-0.211920 0.518437 -0.160921
-0.251417 0.787142 1.419781
-0.220909 0.661287 0.417048
-0.296408 0.772790 0.999348
-0.125068 0.670684 0.060586
-0.146152 0.828767 1.110281
-0.084378 0.652706 0.455451
-0.200451 0.689575 0.796685
-0.045086 0.655029 0.424580
-0.081772 0.627039 0.646703
0.056361 0.614509 0.557275
0.066165 0.534561 0.349561
0.369844 -0.162927 0.100406
0.389399 -0.096584 -0.051031
0.386375 -0.152215 -0.077946
0.404040 -0.227018 -0.023162
0.369849 -0.276223 -0.038488
0.334270 -0.228471 0.018581
0.218714 -0.212113 -0.456957
0.326847 -0.098303 0.140319
0.225518 -0.104788 -0.327372
0.268490 0.020425 0.161431
0.049170 -0.030288 -0.680187
0.029494 0.058499 0.273542
-0.239357 -0.061265 -0.327849
-0.219466 0.140448 0.219826
-0.288878 0.069458 -0.454074
-0.282001 0.350962 0.395723
-0.273403 0.252318 0.152373
-0.214802 0.489615 0.964890
-0.244935 0.392297 0.463878
-0.289612 0.586814 0.904961
-0.391871 0.577945 0.678905
-0.426753 0.890042 1.338609
-0.330241 0.825955 0.676342
-0.396716 1.090454 1.010114
-0.220768 0.951779 0.802029
-0.252978 1.181155 1.895533
-0.136790 0.790741 0.949498
-0.279070 1.308946 1.616357
-0.201136 1.261871 0.866989
-0.138751 1.258349 1.228419
-0.040518 0.989150 1.112289
0.006257 0.899228 0.931271
0.388211 -0.082382 0.039940
0.502342 -0.030812 0.004941
0.499444 -0.222207 0.139446
0.531257 -0.338073 -0.098820
0.507678 -0.463607 -0.246508
0.539889 -0.394439 0.077506
0.491893 -0.315877 -0.066604
0.549444 -0.180154 -0.137335
0.522723 -0.196290 -0.524468
0.501705 -0.111321 0.079044
0.446279 -0.095553 -0.295382
0.315206 -0.071914 -0.036115
0.117982 -0.173616 -0.906158
0.022044 -0.063364 0.282405
-0.104145 -0.049738 -0.423922
-0.116803 0.100605 0.160542
-0.134898 -0.013441 -0.625733
-0.183642 0.160899 0.469931
-0.104285 0.175626 -0.072512
-0.143097 0.338206 0.676868
-0.108455 0.454096 0.064936
-0.194533 0.558741 0.913359
-0.106214 0.661506 0.272103
-0.152893 0.706151 0.727506
0.013159 0.759838 0.427593
-0.055259 0.735467 0.721151
0.059004 0.692352 0.484762
0.008909 0.693431 0.625456
0.060316 0.640894 0.575004
-0.000257 0.634443 0.627417
0.094065 0.689850 0.681324
0.099304 0.592924 0.527000
0.545794 -0.122067 0.085809
0.580050 -0.086412 -0.002993
0.568876 -0.167802 -0.116709
0.581055 -0.234781 0.166192
0.585632 -0.295463 -0.131483
0.564232 -0.222980 0.248037
0.541489 -0.215546 -0.500110
0.587042 -0.113602 0.376888
0.579122 -0.063208 -0.155355
0.509083 -0.039135 0.171964
0.407147 -0.009852 -0.605896
0.354741 -0.000254 0.451463
0.215188 -0.008815 -0.363919
0.086310 0.061195 0.418880
0.103118 0.047444 -0.603522
-0.021110 0.206892 0.476573
-0.099721 0.135300 -0.172653
-0.110540 0.379220 0.787119
-0.045223 0.395655 -0.175146
-0.080534 0.525677 1.141077
-0.135339 0.505311 0.104198
-0.142046 0.805571 0.966157
0.042956 0.631786 -0.015573
0.020578 0.951690 1.500475
0.137105 0.626298 0.582915
0.111516 1.094688 1.109984
0.131371 0.739530 0.138248
0.049766 1.180516 1.380801
0.051196 1.157615 0.855236
0.150337 1.164899 1.296215
0.216834 0.838011 0.734378
0.135180 0.910231 0.780673
0.602154 -0.118871 -0.042734
0.680022 -0.137128 0.068480
0.686925 -0.300635 -0.003817
0.657829 -0.423461 0.188397
0.682751 -0.496422 -0.462972
0.638188 -0.413446 0.499375
0.695974 -0.356464 -0.320637
0.617136 -0.252723 0.316632
0.571556 -0.192537 -0.792386
0.507817 -0.130960 0.632023
0.590058 -0.129444 -0.294764
0.512665 -0.085599 0.395177
0.556056 -0.086722 -0.825022
0.438635 0.006034 0.656781
0.487366 -0.017498 -0.523714
0.329177 0.126115 0.370215
0.248106 0.075883 -0.689147
0.174674 0.226579 0.779628
0.324624 0.199055 -0.298934
0.276839 0.392736 0.931164
0.264575 0.506881 -0.480764
0.132888 0.727067 1.439165
0.180047 0.712518 0.150212
0.150980 0.723225 0.884024
0.258141 0.761483 0.012972
0.177734 0.848634 1.072223
0.241059 0.749506 0.561732
0.174071 0.736917 0.768209
0.190846 0.731348 0.578374
0.058475 0.716446 0.645400
0.117302 0.755203 0.538708
0.085373 0.652841 0.461985
0.518942 -0.182590 0.102950
0.610084 -0.174505 0.015349
0.604696 -0.259503 0.032793
0.668235 -0.322923 0.128360
0.686414 -0.368298 0.073301
0.702023 -0.318106 0.144279
0.658549 -0.269777 -0.032967
0.637599 -0.225509 0.327788
0.646652 -0.197155 0.033720
0.607662 -0.128374 0.270748
0.629675 -0.097240 -0.184921
0.633158 -0.014829 0.384215
0.656936 -0.064134 -0.405885
0.566114 0.060955 0.556833
0.525273 0.024781 -0.307791
0.455528 0.180170 0.463548
0.449560 0.161129 -0.171439
0.460348 0.276017 0.760761
0.517184 0.256355 0.021769
0.518059 0.496489 0.790988
0.488805 0.470563 -0.033268
0.443090 0.759752 1.156092
0.503035 0.728733 0.280702
0.428340 0.936901 1.004807
0.403835 0.767196 0.324366
0.399896 1.007910 1.508460
0.471474 0.810666 0.642229
0.424731 1.105154 1.262776
0.402984 1.010811 0.411713
0.404993 1.052508 0.877026
0.342513 0.759135 0.734233
0.194034 0.865505 0.697788
0.577314 -0.176938 0.032688
0.779454 -0.250370 -0.027730
0.781526 -0.448728 0.146368
0.832027 -0.607478 0.058223
0.821977 -0.629629 0.072756
0.770816 -0.614810 0.312224
0.749921 -0.472658 0.133905
0.737777 -0.434589 0.202052
0.685816 -0.341746 0.014061
0.647223 -0.312756 0.358068
0.680312 -0.215907 0.001004
0.651600 -0.102054 0.285483
0.704052 -0.080651 -0.177141
0.698459 0.008015 0.410503
0.785059 0.000954 -0.330341
0.684234 0.105405 0.308638
0.682112 0.073264 -0.338080
0.588519 0.153126 0.423148
0.697169 0.167456 -0.331832
0.666365 0.370735 0.665690
0.670822 0.342110 -0.149418
0.521945 0.536925 0.899568
0.604185 0.533877 -0.059795
0.478841 0.617250 0.719309
0.511856 0.605857 0.316093
0.426623 0.637720 0.680338
0.488116 0.606195 0.383905
0.387283 0.632989 0.643062
0.358079 0.617450 0.495245
0.180480 0.708045 0.597511
0.164778 0.719540 0.699286
0.122103 0.685652 0.401597
0.701372 -0.193911 0.070061
0.774565 -0.201870 0.006797
0.724095 -0.287932 0.004404
0.769744 -0.431322 0.152879
0.777698 -0.451009 0.010713
0.765503 -0.457802 0.114560
0.715210 -0.344076 -0.201637
0.754101 -0.326545 0.355658
0.751229 -0.260515 0.011748
0.732949 -0.222851 0.285414
0.697726 -0.135559 -0.197748
0.811806 -0.063704 0.347523
0.819661 -0.052034 -0.014433
0.798543 0.006789 0.352096
0.768677 0.031212 -0.321072
0.837414 0.114077 0.379083
0.766091 0.086051 -0.092756
0.695737 0.230589 0.537912
0.710239 0.233176 -0.169281
0.749301 0.472827 0.782088
0.708559 0.357238 0.120724
0.729242 0.637621 0.741530
0.732043 0.431638 0.015750
0.743957 0.773007 1.109436
0.657582 0.560599 0.427187
0.724498 0.912670 0.857342
0.650875 0.628274 0.299191
0.675069 0.937430 0.974221
0.529289 0.879771 0.649558
0.608708 1.028848 0.657972
0.593080 0.693270 0.387826
0.428458 0.919297 0.431002
0.713370 -0.253859 -0.038612
0.845252 -0.358538 0.063438
0.917080 -0.540542 0.054692
0.923618 -0.721713 0.188233
0.883767 -0.716313 -0.165208
0.881054 -0.682033 0.620315
0.939469 -0.569619 0.004131
0.897169 -0.538707 0.434337
0.844259 -0.465808 -0.327254
0.853248 -0.409136 0.676052
0.937596 -0.291836 -0.007221
0.965238 -0.216728 0.385500
0.951203 -0.115079 -0.316644
0.957180 -0.064799 0.587664
1.045906 -0.052636 -0.062828
1.042134 0.015555 0.298643
0.967954 0.059269 -0.394460
0.870921 0.175224 0.542911
0.943046 0.144251 -0.146645
0.991620 0.361197 0.615495
0.939372 0.327434 -0.186292
0.858399 0.566966 1.118813
0.845709 0.418481 0.058441
0.906552 0.624761 0.736837
0.816817 0.559021 0.115709
0.733411 0.698882 0.890723
0.717685 0.540284 0.353768
0.722666 0.727147 0.588172
0.548181 0.662038 0.417078
0.387477 0.729654 0.393493
0.355387 0.765656 0.518154
0.357768 0.746673 0.233102
0.571410 -0.152203 -0.047414
0.725877 -0.127393 -0.065287
0.763729 -0.205543 -0.016356
0.834181 -0.340464 0.096540
0.853779 -0.414642 -0.015046
0.890913 -0.428754 -0.001460
0.841329 -0.372461 -0.002553
0.863131 -0.346307 0.158039
0.895698 -0.283898 0.020330
0.917103 -0.234995 0.088121
0.913684 -0.137789 0.032842
0.972297 -0.101261 0.273391
1.050303 -0.046842 -0.024045
1.074234 0.000600 0.118146
1.017896 0.042681 0.002116
1.033223 0.097994 0.253356
1.025726 0.106169 -0.112779
1.018987 0.242052 0.304725
0.985105 0.284888 0.212351
1.048371 0.503857 0.616087
1.136895 0.436429 0.054001
1.249851 0.627701 0.649690
1.213044 0.595201 0.376183
1.203916 0.804478 0.779795
1.162912 0.681064 0.133025
1.214241 0.931297 0.841983
1.153007 0.874908 0.431944
1.099665 1.037346 0.625791
1.010977 0.959564 -0.012407
1.028162 1.070176 0.335292
0.860948 0.925641 0.372560
0.652443 0.884778 0.260339
0.660075 -0.219560 -0.037673
0.770822 -0.242721 -0.090611
0.864638 -0.390993 0.142532
0.945508 -0.447775 -0.173247
0.990693 -0.559145 0.061245
0.962098 -0.532331 0.159182
1.024961 -0.543258 0.167050
1.047520 -0.489390 0.177273
1.021901 -0.437955 0.163525
0.971989 -0.368034 0.398590
1.029239 -0.307736 0.193194
1.092959 -0.246475 0.298555
1.073029 -0.179036 0.183336
1.038718 -0.135824 0.444445
1.061889 -0.128109 0.126678
1.090698 -0.052321 0.292229
1.008533 0.018508 0.155439
0.947679 0.103326 0.372223
0.988458 0.155324 0.001891
1.008095 0.297443 0.458113
0.998015 0.303970 0.305963
0.959326 0.394939 0.772871
1.019502 0.372579 0.335028
1.058077 0.470545 0.583408
1.032482 0.434177 0.489635
0.982598 0.549941 0.657097
0.986160 0.493742 0.287930
0.946640 0.655283 0.415080
0.851669 0.598754 0.424036
0.681946 0.735976 0.246210
0.649400 0.708570 0.512732
0.475866 0.738204 0.306270
0.500402 -0.110464 -0.105389
0.707260 -0.091938 -0.198015
0.762108 -0.131805 -0.221149
0.896150 -0.214045 -0.036489
0.925794 -0.301524 -0.055097
0.977643 -0.337033 0.079056
0.927104 -0.352541 -0.147764
0.947470 -0.324345 0.267835
0.916189 -0.261874 0.018720
0.949329 -0.224756 0.227636
0.934774 -0.172523 -0.081493
0.994525 -0.127187 0.345233
0.983488 -0.106920 0.071660
1.036524 -0.078248 0.221568
0.949589 -0.060211 -0.069151
0.967500 0.021001 0.258370
0.949630 0.052397 0.042892
0.977934 0.187498 0.234283
0.903644 0.248975 0.134455
0.883104 0.409437 0.598161
0.892542 0.378124 0.387206
1.086539 0.476953 0.462724
1.058598 0.441590 0.235665
1.112947 0.616386 0.632871
1.121314 0.460345 0.423305
1.261334 0.719929 0.379062
1.137921 0.542633 0.238021
1.084798 0.867590 0.477986
0.978286 0.620979 0.398489
1.047742 0.893866 0.166546
0.815143 0.707047 0.086993
0.573721 0.776241 0.039254
0.644643 -0.100449 -0.079491
0.697157 -0.061815 -0.004739
0.788196 -0.147429 0.015243
0.840788 -0.202073 0.043666
0.902535 -0.262220 -0.049284
0.898056 -0.256692 0.243356
0.969666 -0.282756 0.105981
0.906705 -0.245077 0.305042
0.919086 -0.205913 0.126971
0.860090 -0.179913 0.497452
0.924326 -0.144861 0.275813
0.890789 -0.115656 0.404719
0.951979 -0.072368 0.195103
0.895932 -0.024716 0.515027
0.956603 -0.010681 0.253252
0.913527 0.039854 0.328702
0.908586 0.117829 0.118968
0.806997 0.222547 0.382567
0.798220 0.286760 0.216826
0.726108 0.362335 0.402548
0.753845 0.392768 0.268211
0.734223 0.433623 0.580824
0.838543 0.435559 0.412893
0.844935 0.452812 0.522733
0.915739 0.450346 0.302266
0.851834 0.552054 0.538233
0.958138 0.530292 0.362850
0.874255 0.656993 0.330329
0.805867 0.681913 0.307222
0.594525 0.803947 0.404861
0.562231 0.741937 0.284341
0.415068 0.705548 0.176760
