0.400170 0.120395 0.089325
0.482957 0.079456 0.161029
0.367948 0.468620 0.290906
0.244513 0.401174 0.227187
0.087900 0.004328 0.166595
0.479383 0.582953 0.402983
0.173301 0.229555 0.085834
0.092093 0.504555 0.121661
0.546486 0.498182 0.477841
0.288745 0.515524 0.387520
0.067221 0.434274 0.223201
0.363342 0.232838 0.202575
-0.040158 0.753499 0.541104
0.652457 0.351400 0.585755
-0.121984 0.598712 0.317371
0.437152 0.069428 0.394701
0.052359 -0.059732 0.049946
0.314003 0.144735 0.272841
0.305411 0.384709 0.351233
-0.294713 0.580389 -0.192828
0.486771 -0.029965 -0.014067
0.248411 0.718374 0.478914
0.540631 0.560122 0.164550
-0.133003 0.138849 -0.104447
-0.056638 0.180014 0.376846
0.564312 0.359119 0.244370
-0.120101 0.787917 0.249672
0.420620 0.118755 0.004005
-0.557464 0.657807 0.161551
0.271629 0.031444 -0.033201
-0.397025 0.404721 -0.191581
0.185234 0.179137 0.187171
0.420965 0.380658 0.241738
0.252861 0.082551 0.038124
0.450621 0.427038 0.250737
0.526938 0.419780 0.438303
0.617197 0.135052 0.351462
0.190310 0.338010 0.182766
0.603975 0.307028 0.417537
-0.188614 0.592252 0.114992
0.128622 0.236419 0.196192
0.317168 0.261252 0.183736
-0.066694 0.133902 0.156703
-0.171199 -0.185756 -0.302470
0.167937 0.227942 0.029377
0.158357 0.085604 0.020014
-0.395747 -0.252136 0.378239
0.710593 0.566724 0.495207
-0.092379 0.447813 0.088384
0.591331 0.175881 0.109198
0.202401 0.379742 0.385066
0.379827 0.474240 0.360411
0.323562 0.425878 0.115498
-0.176034 0.252360 0.660256
-0.085308 0.243560 0.118499
0.620272 0.102448 -0.107624
0.276953 0.184340 0.349031
0.394667 0.528223 0.324474
-0.534422 0.740927 0.045421
0.470779 0.571949 0.404554
-0.350805 0.220851 -0.081297
-0.145584 0.839906 0.107534
-0.268557 -0.077916 0.119878
0.010209 0.067213 0.112107
0.072857 0.109881 0.186687
0.056605 -0.005843 -0.112335
-0.043930 0.428125 0.462230
0.106210 0.186594 0.275256
-0.173791 0.876211 0.430569
-0.301129 0.666209 0.759725
0.303370 0.551404 0.123077
0.437514 0.287867 0.033779
-0.341518 0.281265 0.443785
0.501023 0.237367 0.094290
0.447999 0.445440 0.319556
0.266423 0.152143 0.108461
0.340148 0.450595 0.279541
0.218114 0.114362 0.128863
0.114346 0.173933 0.029247
0.317938 0.463217 0.250939
0.169411 0.152441 0.204995
-0.301763 0.105510 0.168550
0.483303 0.281762 0.542525
-0.677270 0.660027 0.456322
0.065206 -0.030861 0.138618
-0.234550 0.145623 -0.128047
0.367527 -0.017599 0.144067
0.468908 -0.037298 0.026456
-0.263971 0.800678 0.232739
0.352701 0.266353 0.258192
-0.581914 0.082152 0.315303
0.413983 0.165785 0.005093
0.019988 0.424438 0.589316
-0.088943 0.273971 0.339978
0.657753 0.444168 0.181780
0.710811 0.361585 0.317658
-0.084120 -0.019545 0.303557
0.246162 0.160969 0.018229
0.325487 0.350545 0.298325
-0.255126 -0.040832 -0.209897
-0.249267 0.387541 0.504013
0.026750 0.452343 0.403907
0.452996 0.056675 0.028026
-0.044582 0.190545 0.301476
0.082510 0.136209 -0.005073
0.103022 0.518416 0.292979
0.022937 0.657121 0.376856
0.057940 0.576831 0.259921
0.346543 0.394099 -0.021074
0.111804 0.204329 0.053393
-0.486272 0.901054 0.545191
0.142092 -0.017195 0.082907
0.401047 0.069280 0.077556
0.439069 0.282388 0.255237
0.481046 0.025092 0.203075
-0.420054 0.148997 -0.131798
-0.140180 -0.142934 0.205955
0.439188 0.194348 0.158255
0.401050 0.261669 0.116345
-0.408859 0.771626 0.019251
0.319235 0.130919 0.042061
0.274604 0.182272 0.154409
-0.070240 -0.233761 -0.283880
0.506299 0.324925 0.342134
0.415153 0.156697 0.076275
0.478619 0.233235 0.331767
0.340208 0.235090 0.110541
0.440567 0.505445 0.283191
0.290335 -0.013581 0.285941
-0.491128 0.288858 0.016689
0.501740 0.302119 0.353047
-0.227350 -0.396821 -0.125126
-0.188184 0.616540 0.143899
0.603227 0.682134 0.343831
-0.344133 -0.070041 -0.336705
0.283002 0.189403 0.062894
0.357663 0.400070 0.278431
0.099691 0.437664 0.299066
-0.358287 -0.108854 -0.178601
-0.216038 0.882459 0.286771
0.459533 -0.027369 -0.208359
-0.357832 0.621126 0.022235
-0.434947 -0.012983 0.458247
-0.005997 0.237294 0.081614
0.403618 0.193275 0.325188
0.386497 0.142118 0.074358
-0.336820 0.151792 -0.077341
-0.185759 0.205158 0.274280
-0.089103 0.601760 0.337161
0.266542 0.354096 0.056698
0.559953 -0.051174 0.098682
0.418205 0.688751 0.290925
0.294244 0.146783 0.197656
0.011973 -0.017279 -0.494498
-0.155188 -0.300701 -0.617158
0.186624 0.237771 0.141109
0.340304 0.345759 0.038352
-0.295837 0.816191 0.181389
0.133830 0.073123 0.363098
-0.246855 0.280396 0.441743
-0.556176 0.103075 0.036933
0.277354 0.347301 0.274711
0.449074 0.320235 0.398627
0.276021 0.343787 0.266616
0.440211 0.313307 0.247182
0.487701 0.524868 0.206230
0.409278 0.067149 0.195871
0.376560 0.044395 0.231569
0.520981 0.415584 0.181674
-0.154593 -0.000364 -0.105086
0.547469 0.574732 0.177654
-0.169869 0.550050 0.479901
-0.011948 0.282620 0.342243
0.446105 0.440754 0.199789
0.402121 0.117825 0.028560
0.451843 0.307763 0.289353
0.574487 0.417090 0.548194
0.483964 0.095012 0.221436
-0.056406 0.016139 0.151653
0.409296 0.179551 0.145701
0.492865 0.405399 0.465773
0.215699 0.367662 0.493734
0.375186 0.360185 0.409940
0.540264 0.413751 0.374779
0.088940 0.174548 0.004673
0.403616 0.242461 0.099269
0.246014 0.456758 0.536216
-0.453863 0.494374 0.060802
0.427972 0.257284 -0.006242
-0.102435 0.288861 0.053425
-0.216366 0.314397 -0.387602
0.471250 0.282017 0.246527
0.384939 -0.101116 0.090741
-0.031584 0.455021 -0.046339
-0.427156 0.412430 0.579631
0.526198 0.135433 0.050320
0.471062 -0.136499 0.095917
0.285923 0.360470 0.059639
-0.187781 -0.251204 0.132260
0.560117 0.231287 0.278518
0.699504 0.671468 0.231500
-0.081425 0.684734 0.496733
0.569072 0.724002 0.102910
-0.021508 0.350931 0.390143
0.525723 -0.100267 0.206072
0.558510 0.668979 0.350146
-0.445144 0.340646 0.010216
0.560212 0.143506 0.292997
-0.166544 0.006413 0.236642
0.431455 0.040757 0.289190
0.416329 0.483404 0.362194
0.492713 0.385986 0.216451
0.383738 0.520814 0.326851
0.484311 0.493792 0.290847
-0.508547 0.773059 0.707245
-0.302486 -0.151444 -0.086418
0.260409 0.287514 0.222217
0.389302 0.130239 0.156617
-0.296631 0.357583 -0.008860
0.514990 0.309397 0.564488
-0.216865 0.130462 -0.240459
-0.466865 0.698174 0.477694
-0.617708 0.559316 0.134412
-0.281052 0.083716 0.100721
-0.464615 0.352638 0.470566
0.562025 0.314912 0.325829
-0.119444 -0.216831 0.066888
-0.421814 0.117960 -0.308707
0.429860 0.120058 0.049712
-0.029014 -0.226346 0.032975
0.438674 0.445909 0.415882
0.476433 0.121408 -0.008319
-0.322135 -0.336158 0.130059
-0.207155 0.204383 -0.121163
-0.067700 0.102595 0.031395
0.464706 0.346153 0.005285
-0.235219 -0.272998 0.175261
0.219563 0.409604 0.182368
-0.156671 0.112745 -0.003339
0.175393 0.619376 0.180564
0.284541 0.156457 0.186288
-0.366283 -0.109892 0.193772
0.113596 0.084027 0.120233
0.339296 0.517765 0.547154
-0.331779 -0.212414 -0.152006
0.102317 0.369558 0.340097
-0.531247 0.565488 0.557410
0.465982 0.125468 0.200988
0.255423 0.138017 0.083024
-0.416189 -0.123807 0.109134
-0.229743 -0.451727 -0.466942
0.423106 0.038052 0.142037
-0.273418 -0.385507 -0.025541
-0.366278 0.773328 0.288044
0.054575 0.572023 0.230986
-0.174553 0.081160 0.154080
0.097823 0.116886 0.028633
0.137856 0.352489 0.436164
0.089042 0.397481 -0.073880
0.090097 0.393193 0.431297
0.033590 0.441825 0.011584
0.034266 0.385376 0.436349
0.009652 0.453079 0.027517
-0.070085 0.449473 0.520269
-0.174700 0.478877 0.095057
-0.208446 0.413522 0.403637
-0.253158 0.423494 0.080137
-0.347122 0.445398 0.502165
-0.477992 0.446580 0.129219
-0.517269 0.429493 0.379333
-0.538162 0.440912 -0.043189
-0.584309 0.500054 0.659293
-0.751455 0.579649 0.152187
-0.749652 0.576760 0.506026
-0.668816 0.639708 0.021889
-0.644307 0.693533 0.759426
-0.736696 0.738777 0.310768
-0.716598 0.740865 0.598332
-0.649218 0.792169 0.089024
-0.587162 0.767873 0.772157
-0.609342 0.844443 0.358274
-0.453129 0.812322 0.588174
-0.281896 0.919398 0.168881
-0.223043 0.873020 0.690948
-0.288924 0.914452 0.290316
-0.204069 0.867116 0.397676
-0.047081 0.985131 0.050584
-0.027366 0.919310 0.109949
0.231192 0.114094 0.117697
0.304737 0.321826 0.335992
0.206241 0.320492 0.359003
0.248538 0.306983 0.454119
0.178725 0.378168 0.268397
0.117956 0.321756 0.494987
0.050794 0.399373 0.322026
-0.011550 0.331369 0.488952
-0.097156 0.475961 0.276798
-0.128031 0.396376 0.605336
-0.206666 0.484477 0.363069
-0.266708 0.406041 0.518617
-0.351651 0.498179 0.291434
-0.452448 0.444491 0.675530
-0.560331 0.536055 0.498399
-0.593816 0.514069 0.589267
-0.615068 0.650150 0.206866
-0.710024 0.591687 0.896906
-0.743755 0.722567 0.561813
-0.743225 0.686994 0.730670
-0.665663 0.824874 0.254505
-0.711768 0.719133 0.953674
-0.690465 0.795219 0.645107
-0.671902 0.708136 0.803071
-0.488840 0.830790 0.353395
-0.383081 0.635294 0.962054
-0.165509 0.737693 0.767592
-0.070849 0.646645 0.885617
-0.023591 0.868095 0.306870
0.056033 0.647404 0.823061
0.175376 0.677455 0.957802
0.118057 0.674650 0.835393
0.027413 0.267680 0.251372
0.034989 0.474983 0.251616
0.039753 0.554109 0.265957
0.094621 0.458979 0.459214
0.033032 0.533937 0.185587
0.009779 0.482733 0.443106
-0.100811 0.609147 0.107146
-0.190420 0.529681 0.697594
-0.330998 0.580947 0.288791
-0.405322 0.496885 0.517085
-0.548212 0.545275 0.121649
-0.709999 0.486809 0.738675
-0.912725 0.565036 0.311363
-0.897949 0.534278 0.469239
-1.018665 0.600992 0.091305
-1.051283 0.621268 0.767142
-1.235534 0.765395 0.365497
-1.066693 0.779381 0.569097
-1.088268 0.888288 0.074197
-1.049817 0.909007 0.849141
-1.164929 1.023060 0.428898
-1.009730 1.025381 0.592071
-1.030150 1.094284 0.102337
-0.936764 1.048319 0.845657
-0.941358 1.158008 0.456429
-0.696993 1.060359 0.583834
-0.658913 1.147919 0.163166
-0.544689 1.081218 0.698238
-0.617225 1.116913 0.445872
-0.419602 1.012786 0.544768
-0.422716 1.009190 0.202333
-0.357879 0.958918 0.163433
0.266496 0.233420 0.134059
0.243435 0.320762 0.375800
0.179386 0.380860 0.446670
0.128387 0.247680 0.474855
0.090922 0.391098 0.266181
0.011361 0.233794 0.795262
-0.024527 0.377082 0.310638
-0.129354 0.176778 0.718607
-0.186816 0.372706 0.084981
-0.317650 0.204282 1.027174
-0.434670 0.392135 0.345225
-0.516765 0.214017 0.793093
-0.557031 0.431509 0.006948
-0.700951 0.385868 1.042423
-0.767745 0.537631 0.439256
-0.835326 0.476724 0.823410
-0.804274 0.693291 0.071240
-0.905417 0.681637 1.023745
-0.888764 0.813085 0.422388
-0.904826 0.737554 0.890512
-0.769707 0.960598 -0.040389
-0.823157 0.883099 0.988873
-0.869710 0.999497 0.375296
-0.813861 0.866290 0.848775
-0.581383 1.076842 -0.010198
-0.555865 0.892071 0.909923
-0.533103 1.039997 0.481282
-0.450495 0.848740 0.890897
-0.285326 1.047108 0.116235
-0.330258 0.864663 0.901700
-0.268266 0.890833 0.549369
-0.245885 0.819003 0.746707
-0.006235 0.155022 0.290271
-0.064571 0.271882 0.316989
-0.036129 0.390540 0.366905
0.008818 0.270198 0.381016
-0.008615 0.363847 0.370484
-0.040412 0.268293 0.595308
-0.079491 0.357518 0.408006
-0.181470 0.254096 0.815528
-0.261587 0.380382 0.529401
-0.426021 0.253900 0.792752
-0.539230 0.288249 0.451570
-0.753406 0.262810 0.974389
-0.901693 0.398651 0.726686
-1.055935 0.430896 1.001572
-1.130067 0.571503 0.525259
-1.277857 0.658046 0.925646
-1.264854 0.852129 0.746229
-1.291377 0.851097 1.109685
-1.205874 1.052750 0.400882
-1.292647 1.042779 0.847039
-1.233377 1.225358 0.621940
-1.221376 1.172709 1.090327
-1.178665 1.339566 0.370939
-1.223719 1.221814 0.742490
-1.023942 1.322955 0.589823
-0.903458 1.196710 0.925249
-0.824907 1.259339 0.401763
-0.817327 1.158983 0.580425
-0.634446 1.167255 0.512719
-0.538512 1.085128 0.893419
-0.495897 1.089855 0.544664
-0.466169 1.061607 0.562502
0.268691 0.138248 0.179797
0.198971 0.183943 0.303871
0.123818 0.205596 0.537119
0.082264 0.030083 0.442885
0.071771 0.098851 0.563900
-0.037068 -0.106370 0.759543
-0.086451 0.015953 0.725124
-0.229358 -0.242083 0.872481
-0.255525 -0.123610 0.722378
-0.437227 -0.293755 1.405831
-0.473323 0.021127 1.009327
-0.701457 -0.194950 1.320373
-0.630066 0.116917 0.571280
-0.912353 0.103172 1.564306
-0.842447 0.446916 0.792194
-1.082385 0.387864 1.244514
-0.923990 0.685678 0.305627
-1.062012 0.616761 1.186334
-0.938787 0.861200 0.520531
-1.079530 0.744740 0.974214
-0.914618 0.985586 0.125204
-0.988222 0.925512 0.949429
-0.915491 1.092542 0.374409
-0.946776 1.034896 0.702016
-0.752823 1.154985 0.156328
-0.703749 1.038651 0.701132
-0.636904 1.113788 0.447655
-0.606377 0.983969 0.574897
-0.477051 1.065286 0.355683
-0.450184 0.912511 0.599753
-0.385615 0.927444 0.601825
-0.361044 0.889132 0.642684
0.081367 0.047161 0.212033
-0.002976 0.135305 0.211691
-0.051243 0.195269 0.255007
-0.063260 0.081121 0.597328
-0.135397 0.137220 0.370282
-0.168417 -0.018736 0.600555
-0.173007 0.045216 0.372809
-0.225972 -0.016131 1.431689
-0.241628 0.182645 0.767900
-0.390295 0.053576 1.249483
-0.353089 0.197020 0.419797
-0.631618 0.136743 2.084209
-0.642717 0.359168 0.595936
-0.938660 0.425892 1.588186
-0.878233 0.654339 -0.267017
-1.097270 0.681848 1.820183
-1.051564 0.698654 0.142143
-1.137710 0.914291 1.184124
-1.040557 1.101280 -0.671675
-1.120537 1.079515 1.594119
-1.179544 1.032304 0.028091
-1.182356 1.309491 0.934948
-1.085411 1.431752 -0.590848
-1.065244 1.363777 1.234126
-1.041148 1.431590 0.135669
-0.919170 1.311970 0.589907
-0.813527 1.342060 -0.229971
-0.732060 1.213389 0.660283
-0.647358 1.261729 0.282188
-0.497425 1.137946 0.537896
-0.465773 1.125940 0.240834
-0.447407 1.056034 0.316345
0.141364 0.003219 0.051316
0.059725 0.014649 0.339185
-0.045841 -0.107405 0.376736
-0.062830 -0.286871 0.484214
-0.067556 -0.281297 0.323703
-0.133929 -0.417700 1.030649
-0.116716 -0.260968 0.725618
-0.230391 -0.494119 1.215629
-0.186729 -0.335935 0.564531
-0.365522 -0.456567 2.268907
-0.304037 -0.184507 1.018756
-0.508072 -0.377734 2.219153
-0.403391 0.054413 0.132901
-0.690578 0.029185 2.644203
-0.628426 0.470787 0.405115
-0.849376 0.272688 2.060549
-0.745003 0.812620 -0.659207
-0.777998 0.756242 2.018958
-0.728198 0.876447 -0.270901
-0.865670 0.755921 1.473749
-0.704919 1.133565 -1.036919
-0.766592 1.107516 1.692899
-0.812044 1.152153 -0.358801
-0.794720 1.084730 1.085628
-0.526461 1.270994 -0.713017
-0.523348 1.133886 0.884651
-0.585663 1.110083 -0.065362
-0.530432 1.017438 0.639282
-0.411256 1.125486 -0.159593
-0.419540 0.962252 0.451325
-0.367141 0.967351 0.187606
-0.366205 0.883399 0.425676
0.118502 -0.038515 0.159787
0.128399 0.079301 0.087363
0.020212 -0.056450 0.316366
-0.055957 -0.140900 0.378203
-0.097057 -0.138419 0.474169
-0.148709 -0.198244 0.589462
-0.109192 -0.190428 0.596845
-0.167832 -0.202767 1.239860
-0.152730 -0.049324 0.858884
-0.269785 -0.052045 1.345795
-0.209460 -0.006813 0.930770
-0.452168 -0.002873 1.818507
-0.442615 0.203218 1.045370
-0.720054 0.283992 1.665437
-0.641965 0.541503 0.453161
-0.853673 0.630439 1.364838
-0.752603 0.840391 0.497309
-0.948452 0.851344 1.458360
-0.814229 1.158817 -0.275383
-0.903126 1.176519 0.950495
-0.732978 1.399279 0.113991
-0.828352 1.362891 1.454886
-0.720100 1.554994 -0.421308
-0.808306 1.442681 0.771222
-0.580311 1.491103 0.020408
-0.649341 1.362027 1.078500
-0.532125 1.430814 -0.335639
-0.575241 1.295288 0.335467
-0.453167 1.362020 -0.065701
-0.439996 1.246176 0.569972
-0.410495 1.277844 0.270746
-0.451121 1.163244 0.351543
0.246547 -0.209640 0.040722
0.210602 -0.257066 0.105550
0.089604 -0.537496 0.200923
0.050769 -0.679033 0.215878
0.017647 -0.801204 0.149835
-0.049181 -0.688585 0.737713
-0.016858 -0.479013 0.639493
-0.126007 -0.558608 1.051308
-0.058685 -0.485752 0.919733
-0.260000 -0.572343 1.955652
-0.157664 -0.273748 1.199583
-0.423474 -0.455030 1.931475
-0.292228 -0.103366 0.996193
-0.640042 -0.217092 2.516433
-0.449415 0.350523 0.945862
-0.709150 0.074925 1.862032
-0.509554 0.623960 0.318749
-0.711442 0.501159 1.725873
-0.600870 0.898746 0.103068
-0.831776 0.758801 1.056023
-0.564816 1.085609 -0.338614
-0.718416 0.979684 1.231772
-0.759625 1.190055 -0.013323
-0.823743 1.092826 0.759875
-0.510898 1.181708 -0.288744
-0.523803 1.005966 0.718144
-0.515282 1.088649 0.006535
-0.516890 1.052435 0.275698
-0.441035 1.148728 -0.106238
-0.450835 1.055372 0.268651
-0.416106 1.015480 0.190990
-0.403261 0.952099 0.326236
0.287345 -0.103630 0.050910
0.283630 0.031040 -0.062933
0.236542 -0.219969 -0.124359
0.164592 -0.211813 0.401285
0.087323 -0.287915 0.117622
0.001332 -0.193490 0.626021
-0.020285 -0.164514 0.143931
-0.132299 -0.145128 1.570783
-0.141521 0.100756 0.607801
-0.279818 0.036188 1.382234
-0.223974 0.129395 0.251133
-0.411839 0.058391 2.520132
-0.313180 0.294356 0.353256
-0.590718 0.323232 1.695476
-0.493289 0.576796 -0.626498
-0.593988 0.534295 2.411159
-0.472343 0.675532 -0.584066
-0.691714 0.769528 1.327394
-0.635523 1.242662 -1.618442
-0.670362 1.166558 2.134606
-0.736922 1.355241 -1.114778
-0.746171 1.437097 1.184516
-0.592863 1.744672 -1.881038
-0.543583 1.505284 1.903731
-0.533645 1.527460 -1.030539
-0.512058 1.359385 0.787050
-0.361776 1.543776 -1.522558
-0.325573 1.359467 0.572925
-0.381291 1.553338 -0.488667
-0.341005 1.348917 0.196781
-0.319032 1.322199 -0.236469
-0.356424 1.212803 -0.033766
0.275080 -0.379668 -0.141886
0.228264 -0.464709 0.023210
0.172382 -0.881320 -0.153181
0.157189 -0.895060 0.163353
0.085042 -1.146385 -0.606342
0.041366 -0.719114 0.921454
0.082813 -0.524898 0.030265
-0.069728 -0.434364 1.164837
-0.113123 -0.293796 -0.010637
-0.296484 -0.352936 2.222649
-0.159932 -0.029988 0.548324
-0.414521 -0.298237 2.170921
-0.280461 0.036081 -0.368969
-0.494602 -0.158758 3.104813
-0.232023 0.377335 -0.066859
-0.502864 0.041182 2.496950
-0.279355 0.706575 -1.490868
-0.445222 0.537210 2.947453
-0.239577 0.916176 -0.911480
-0.465122 0.683187 2.121415
-0.288932 1.313632 -2.042272
-0.407578 1.211748 2.465557
-0.442995 1.222675 -0.784169
-0.524262 1.067906 1.617471
-0.303498 1.305286 -1.470891
-0.367740 1.147135 1.389749
-0.402478 1.004973 -0.483010
-0.418425 0.991477 0.696917
-0.366705 1.138506 -0.572559
-0.453974 1.058820 0.476032
-0.454399 1.031147 -0.113317
-0.382881 0.955191 0.151343
0.202346 -0.163917 0.056558
0.217364 -0.001117 -0.134152
0.225114 -0.229668 -0.075734
0.181615 -0.198020 -0.012146
0.084038 -0.227694 0.173713
0.003848 -0.123019 0.099228
-0.076653 -0.065674 0.229897
-0.216882 -0.027872 0.666548
-0.259935 0.159491 0.522723
-0.381074 0.095393 0.869229
-0.342021 0.155406 0.396810
-0.486153 0.092465 1.263717
-0.439396 0.294849 0.450045
-0.557183 0.296980 1.270363
-0.427896 0.338628 -0.203561
-0.612638 0.410397 1.286984
-0.515480 0.613423 0.009474
-0.594242 0.657632 1.394855
-0.408802 0.891702 -0.846726
-0.503967 0.934152 1.116601
-0.468728 1.179037 -0.297736
-0.529335 1.180818 1.745786
-0.443163 1.326793 -1.091391
-0.454402 1.212240 1.058150
-0.335064 1.249298 -0.770600
-0.302849 1.227059 1.701386
-0.217482 1.311866 -1.168309
-0.268158 1.212300 1.034484
-0.209045 1.462440 -1.089147
-0.271146 1.309399 0.377291
-0.227682 1.355321 -0.173747
-0.322008 1.155810 0.181568
0.289778 -0.341759 -0.130034
0.270549 -0.363692 -0.179445
0.224537 -0.729960 -0.045062
0.261600 -0.743831 -0.145910
0.168676 -0.933561 -0.355060
0.102165 -0.651201 0.203193
0.038828 -0.417304 0.116030
-0.132428 -0.335646 0.308319
-0.189535 -0.142700 0.331356
-0.300024 -0.264242 1.003380
-0.263849 0.045755 0.603213
-0.446426 -0.167852 0.997804
-0.350722 0.048022 0.311188
-0.470935 -0.118880 1.787089
-0.343425 0.287428 0.464221
-0.570820 0.097232 1.227062
-0.307753 0.415719 -0.070239
-0.453593 0.265628 1.627614
-0.309594 0.648259 0.188200
-0.581516 0.535240 0.671921
-0.292930 0.819707 -0.342035
-0.455369 0.736675 0.982542
-0.453359 0.912248 -0.062110
-0.594283 0.781048 0.383232
-0.364772 0.862216 -0.346231
-0.380921 0.726611 0.523120
-0.423932 0.763949 -0.194925
-0.439075 0.762553 0.101175
-0.357392 0.855835 -0.400214
-0.422280 0.802351 0.359933
-0.406488 0.799716 -0.138114
-0.358958 0.797944 0.336931
0.150952 -0.080676 -0.031132
0.153429 0.007992 -0.062237
0.203989 -0.125673 -0.250170
0.204553 -0.171090 -0.001689
0.130897 -0.173024 -0.078456
0.043066 -0.154593 0.095919
-0.017322 -0.091432 -0.189500
-0.104112 -0.067281 0.441061
-0.241989 0.140299 0.007860
-0.303097 0.024493 0.428789
-0.330878 0.168502 -0.044058
-0.348795 0.098605 0.891266
-0.396780 0.286419 0.015490
-0.459001 0.247051 0.644751
-0.541069 0.331203 -0.471475
-0.493065 0.319130 1.329848
-0.461071 0.489260 -0.271136
-0.427938 0.511416 0.695082
-0.414477 0.730477 -0.937725
-0.394344 0.673667 1.518256
-0.397440 0.726007 -0.572162
-0.361649 0.731426 0.599655
-0.358525 0.954255 -1.305348
-0.311566 0.831195 1.379022
-0.293086 0.898181 -0.803422
-0.247868 0.899916 0.707043
-0.198388 1.203199 -1.687260
-0.196155 1.016739 0.663516
-0.230380 1.244103 -0.618253
-0.179902 1.014988 0.535345
-0.131185 1.059796 -0.462874
-0.227893 0.894895 -0.047420
0.290135 -0.162882 -0.174088
0.274355 -0.139470 -0.019892
0.268771 -0.323837 -0.164124
0.304021 -0.346123 -0.038743
0.256044 -0.405956 -0.468997
0.200248 -0.339181 0.272232
0.157280 -0.253726 -0.113406
0.048384 -0.277575 0.373932
-0.065497 -0.181871 -0.310699
-0.130797 -0.193789 0.853937
-0.162341 0.019857 0.061912
-0.222817 -0.064722 0.691548
-0.252687 0.187407 -0.341171
-0.274182 0.154737 1.249115
-0.236895 0.338879 -0.056937
-0.308024 0.211872 0.811694
-0.218079 0.482138 -0.708416
-0.291553 0.464599 1.561315
-0.217810 0.559190 -0.193894
-0.268957 0.437808 0.823773
-0.119619 0.757713 -1.039450
-0.204637 0.728364 1.470083
-0.227075 0.622188 -0.331062
-0.260311 0.518245 0.700702
-0.261014 0.761828 -1.087278
-0.256506 0.726283 0.673605
-0.270212 0.666141 -0.405165
-0.256716 0.680342 0.376017
-0.225432 0.807459 -0.443209
-0.326976 0.752705 0.198376
-0.336055 0.812007 -0.133368
-0.253391 0.737849 0.094140
0.020727 -0.120173 -0.022355
0.002629 -0.093544 -0.068218
0.093786 -0.127768 -0.089456
0.136580 -0.210707 0.025636
0.142803 -0.217532 -0.054067
0.100611 -0.275231 0.076878
0.104998 -0.230030 -0.105624
0.073891 -0.227939 0.254321
0.012819 -0.110422 -0.008192
-0.066230 -0.096027 0.297203
-0.032661 0.038295 -0.116826
-0.047157 0.095553 0.408833
-0.016175 0.169611 -0.102390
-0.105969 0.214612 0.424331
-0.022969 0.233166 -0.199531
-0.106748 0.282507 0.445533
-0.046511 0.300788 -0.211200
-0.107386 0.369811 0.667082
0.066119 0.362746 -0.402163
-0.032861 0.447583 0.471958
-0.029671 0.446723 -0.279435
-0.113071 0.536570 0.852787
-0.124826 0.531902 -0.593568
-0.125333 0.589535 0.558938
-0.108164 0.622350 -0.616479
-0.106138 0.751730 0.973375
-0.126644 0.782579 -0.827387
-0.100631 0.841929 0.569688
-0.058039 0.946872 -0.786911
-0.043718 0.909425 0.205597
-0.037549 0.922940 -0.288151
-0.090249 0.846639 0.058662
0.107586 -0.143700 -0.124136
0.137517 -0.125945 -0.054536
0.194968 -0.204107 0.026403
0.252208 -0.243670 -0.140562
0.258482 -0.257760 -0.096060
0.246348 -0.270218 -0.027677
0.244345 -0.266698 0.062816
0.207262 -0.289584 -0.006834
0.153169 -0.264607 -0.029053
0.152222 -0.228459 0.253069
0.175331 -0.117281 0.055988
0.226128 -0.001785 0.199873
0.310887 0.088650 -0.119759
0.317732 0.147116 0.323500
0.416250 0.184931 -0.086793
0.401581 0.240825 0.118903
0.449289 0.290067 -0.182750
0.347542 0.352726 0.380709
0.419223 0.364165 -0.240446
0.320300 0.436472 0.126801
0.350453 0.386893 -0.324257
0.199588 0.455014 0.365699
0.146411 0.438279 -0.315957
0.066260 0.497886 0.232644
0.040901 0.471331 -0.467278
0.012500 0.536795 0.301431
-0.075411 0.547689 -0.337790
-0.088420 0.615888 0.148285
-0.117574 0.629168 -0.411336
-0.156778 0.713283 0.141227
-0.184279 0.703273 -0.048916
-0.132083 0.697624 0.022016
-0.037479 -0.150044 -0.102962
-0.093296 -0.132760 -0.112713
0.022107 -0.132065 -0.236825
0.136225 -0.234391 -0.011561
0.214311 -0.209178 -0.096576
0.217761 -0.291191 0.049564
0.231060 -0.239662 -0.112992
0.299928 -0.262132 0.123783
0.318141 -0.185240 -0.032310
0.293994 -0.183744 0.113047
0.366716 -0.069732 -0.071636
0.515836 0.004928 0.151463
0.548653 0.078274 -0.008923
0.576109 0.101716 0.103724
0.545130 0.144600 -0.052993
0.651570 0.196311 0.257843
0.646041 0.200965 -0.010205
0.657405 0.263804 0.181927
0.533298 0.249269 -0.179420
0.586521 0.347136 0.300175
0.452854 0.322372 -0.039538
0.417501 0.397916 0.215401
0.259205 0.377853 -0.456165
0.303934 0.452911 0.454687
0.275837 0.411421 -0.274189
0.269813 0.527235 0.294116
0.181942 0.656779 -0.868324
0.162441 0.664123 0.314633
0.084535 0.767305 -0.314560
0.143637 0.760813 0.162602
0.127459 0.818965 -0.290886
0.053326 0.771040 -0.058831
0.223612 -0.133261 -0.206063
0.173181 -0.154958 -0.052953
0.187320 -0.194792 -0.062868
0.251217 -0.259308 -0.092467
0.304936 -0.215356 -0.235148
0.316282 -0.234520 -0.037222
0.396716 -0.193144 -0.073629
0.449427 -0.228776 -0.053342
0.514203 -0.205053 -0.180419
0.564298 -0.178897 0.132671
0.627123 -0.100999 -0.014778
0.712640 -0.067320 0.050239
0.727836 0.018364 -0.085267
0.731734 0.019089 0.220573
0.772549 0.064524 0.034171
0.802549 0.081722 0.089816
0.767644 0.160589 -0.151244
0.764156 0.198477 0.334326
0.800863 0.191915 -0.036766
0.780874 0.261025 0.080049
0.662435 0.298826 -0.152929
0.552527 0.367183 0.202985
0.559258 0.353507 0.031851
0.504568 0.417965 0.039362
0.358230 0.453641 -0.224551
0.265368 0.542979 0.123132
0.195573 0.509395 0.001218
0.142521 0.584738 -0.005304
0.041013 0.654167 -0.072818
-0.030649 0.696152 -0.066797
-0.032908 0.738793 0.101412
0.036223 0.680219 -0.118915
-0.043201 -0.144483 -0.164072
-0.063207 -0.101924 -0.069348
0.019739 -0.111853 -0.194987
0.135551 -0.206353 -0.050673
0.235010 -0.209894 -0.156887
0.287062 -0.260612 -0.054755
0.371666 -0.194628 -0.133805
0.464270 -0.194168 -0.008615
0.555862 -0.145367 -0.102899
0.608088 -0.140091 -0.014953
0.654750 -0.038480 -0.034029
0.732802 -0.005363 0.098365
0.740774 0.078412 0.029737
0.763426 0.064133 0.045693
0.715685 0.148873 0.066451
0.786152 0.155848 0.225380
0.818504 0.229469 -0.053776
0.847480 0.254466 0.129259
0.819266 0.313195 0.047480
0.862634 0.360971 0.181721
0.844702 0.372770 -0.082988
0.809467 0.370925 0.032353
0.705851 0.419367 0.073260
0.711994 0.448845 0.129154
0.684509 0.448594 -0.160298
0.635951 0.491748 0.176877
0.523899 0.529662 -0.106483
0.492910 0.653389 0.122429
0.453548 0.754896 -0.361600
0.408490 0.769153 -0.018637
0.267074 0.774388 -0.056527
0.148449 0.714826 -0.071716
0.244897 -0.156988 -0.210946
0.180764 -0.138507 0.028844
0.238625 -0.170347 -0.017811
0.301205 -0.183474 -0.160766
0.399073 -0.178923 -0.214893
0.423863 -0.178762 -0.083374
0.513720 -0.166787 -0.085513
0.562149 -0.114547 -0.083021
0.631438 -0.105699 -0.138704
0.628653 -0.070472 0.000965
0.703091 -0.039965 -0.010495
0.740338 -0.023558 0.010549
0.785791 -0.000630 0.062568
0.737677 -0.031168 0.187670
0.799230 0.008503 0.073855
0.818096 0.050555 0.148536
0.816123 0.117647 0.109344
0.796823 0.144786 0.276258
0.822874 0.159445 0.049728
0.823667 0.202309 0.106546
0.751700 0.227943 0.127215
0.684750 0.257398 0.151249
0.664773 0.247232 0.094580
0.619641 0.306437 0.012914
0.574921 0.310271 0.058651
0.485429 0.384221 0.067059
0.417369 0.435538 0.033246
0.299410 0.530713 0.003490
0.231455 0.603950 -0.025203
0.173555 0.672213 -0.030521
0.141541 0.680078 0.185743
0.075264 0.646486 0.136518
0.007747 -0.130604 -0.138858
0.071283 -0.077387 -0.102086
0.133051 -0.083105 -0.273955
0.267951 -0.147293 -0.070997
0.353590 -0.201093 -0.133976
0.429686 -0.205296 -0.058480
0.522404 -0.171849 -0.191036
0.567699 -0.124161 -0.028255
0.642650 -0.080439 -0.142999
0.686780 -0.052064 0.007729
0.708393 0.023896 -0.084414
0.727051 0.049205 0.116095
0.734668 0.068659 -0.006887
0.780959 0.044704 0.081633
0.749680 0.105042 -0.069794
0.787072 0.127398 0.242645
0.787112 0.161819 0.027583
0.853626 0.167373 0.107903
0.822066 0.209936 -0.138500
0.809532 0.233833 0.137462
0.775672 0.237865 -0.025500
0.784959 0.242251 -0.015994
0.717958 0.244737 -0.136186
0.716454 0.311048 0.133581
0.663547 0.277341 0.031330
0.719590 0.364630 -0.017941
0.577268 0.396456 -0.090781
0.607669 0.551819 0.040129
0.475306 0.514911 0.053178
0.470095 0.600803 0.002925
0.287886 0.563889 -0.181269
0.142017 0.586947 -0.258493
0.223493 -0.085091 -0.101172
0.176918 -0.004675 0.078264
0.232858 -0.017694 -0.054887
0.315309 -0.038287 -0.002106
0.376080 -0.050545 -0.171854
0.416619 -0.028552 -0.000788
0.465280 -0.014562 -0.116228
0.515585 0.050670 0.004892
0.546422 0.070737 -0.153244
0.562643 0.101198 0.059271
0.603723 0.092138 -0.006003
0.621540 0.130991 0.129866
0.680453 0.109019 0.053892
0.650896 0.094477 0.238415
0.708835 0.093643 0.159160
0.671277 0.148875 0.238385
0.730694 0.170558 0.097489
0.693862 0.195087 0.306502
0.753018 0.194172 0.150782
0.711712 0.226189 0.174607
0.722081 0.235579 0.016441
0.624182 0.269684 0.215408
0.632963 0.221684 0.068163
0.565179 0.279923 0.057450
0.568629 0.302102 -0.014903
0.469227 0.388591 0.099877
0.461189 0.403027 0.058899
0.373169 0.494225 -0.038312
0.358220 0.620690 0.057661
0.278822 0.672324 0.022123
0.222008 0.686459 0.070469
0.208660 0.570814 -0.035836
