0.908159 -0.399149 -0.641731
0.827707 -0.198237 -0.216136
0.807814 -0.203227 0.045481
0.577349 0.310938 -0.386143
0.723122 -0.330820 0.513845
0.779149 0.464203 -0.106296
0.777329 0.050616 0.510888
0.590525 0.591270 0.488981
0.896522 0.230962 -0.015366
0.619622 0.598336 0.159392
0.524237 0.175100 0.667394
0.818843 0.053026 0.418914
0.405351 0.332554 0.821387
0.975476 -0.065316 1.070084
0.449293 0.420903 0.746880
1.030290 -0.693640 -0.422068
0.785129 -0.364336 -0.526293
0.753750 -0.529715 -0.059520
0.409271 0.469889 -0.112057
-0.009528 0.213076 -0.605893
0.842296 -0.247372 0.182010
0.719833 0.544068 0.115506
0.843048 -0.009759 -0.329832
0.325192 -0.094691 -0.703813
0.503383 -0.196983 0.821771
0.923819 -0.204948 0.719404
0.249603 0.652681 -0.107741
0.914819 -0.400717 0.402769
-0.507704 0.400159 -0.153028
0.757925 -0.320881 -0.194439
-0.336676 0.055757 -0.579065
0.698459 -0.143479 -0.400051
0.888091 0.167265 -0.452972
0.913733 -0.067841 -0.400197
0.900458 -0.123175 -0.343636
0.839881 0.100744 -0.023416
0.921034 -0.363159 -0.146213
0.839610 -0.068310 -0.452843
1.041232 0.089098 0.828072
0.448119 0.248106 -0.593347
0.466192 0.141401 0.447254
0.772961 0.143195 0.488148
0.598431 -0.261170 0.592431
0.361841 -0.363819 -0.720134
0.411435 -0.115546 -0.548900
0.600580 -0.395130 -0.412549
-0.367943 -0.454006 0.411118
1.098371 0.212392 0.952994
0.206924 0.223108 -0.575503
1.033012 -0.145342 0.878797
0.900247 -0.447091 0.097445
0.832644 0.113339 -0.030817
0.816752 0.261319 0.422285
0.395688 -0.123916 0.896980
0.357581 -0.152061 0.715923
0.990378 -0.273076 0.348986
1.115290 -0.309145 -0.711915
0.792014 0.504511 0.508064
-0.351783 0.237495 -0.424851
0.828738 -0.036006 -0.153521
-0.165881 -0.054637 -0.539797
0.328484 0.442123 -0.532641
0.065829 -0.593975 0.354993
0.550068 -0.536777 0.311520
0.359004 -0.505363 -0.404202
0.723116 -0.314604 -0.706872
0.251210 0.250893 0.573335
0.694505 -0.058324 0.766359
0.505868 0.647381 0.677915
0.056303 0.150723 0.820050
0.912056 0.317955 0.348209
0.852810 -0.142845 -0.293694
-0.014009 -0.063161 0.783481
1.024683 -0.077318 0.638203
0.830662 0.244708 -0.578154
0.782804 -0.153156 -0.222508
0.844544 0.040364 0.688956
0.707029 -0.231240 -0.311145
0.672284 -0.148938 0.596471
0.776605 0.500288 0.080450
0.646311 -0.503853 -0.208422
-0.189257 -0.202858 0.548372
0.946105 -0.132734 -0.393300
-0.524104 0.081532 0.486636
0.679437 -0.504684 -0.369526
0.438439 -0.182256 -0.544730
0.831332 -0.285973 -0.272689
0.843765 -0.138173 -0.333301
0.006352 0.532589 -0.234567
1.041834 -0.197559 -0.525118
-0.539348 -0.191881 0.470673
0.750053 -0.152740 -0.164214
0.604751 0.289008 0.943291
0.073559 -0.107340 0.586751
1.038877 0.024868 0.545547
1.117924 -0.051523 0.784211
0.361451 -0.679912 -0.041063
0.659854 0.088922 -0.710489
0.831633 -0.248001 -0.036625
0.208106 -0.256899 -0.589121
-0.115999 0.072610 0.583486
0.523917 0.588414 0.353676
0.898077 -0.271631 -0.496689
0.643275 -0.152807 0.835861
0.827985 -0.206309 -0.473024
0.642119 0.430429 -0.415023
0.199465 0.604745 0.170817
0.387519 0.494408 -0.313276
0.836996 0.081905 0.486111
0.672675 -0.106020 -0.672895
-0.334172 0.571065 0.096753
0.735524 -0.249106 -0.439808
0.870907 -0.165352 0.486141
0.863332 0.089657 0.393189
0.792546 -0.217540 -0.271857
-0.574274 -0.122811 -0.390589
0.422163 -0.354196 0.684823
0.896489 -0.132128 -0.305893
0.739084 -0.102661 -0.533318
-0.163747 0.284008 -0.405118
0.797654 -0.221097 0.203272
0.744957 -0.341265 0.355281
0.572770 -0.524440 -0.752640
0.899079 0.272263 0.051767
0.842337 -0.246647 -0.182369
0.860197 0.412501 0.312271
0.820532 -0.119205 -0.408632
0.850882 0.384096 0.754382
0.798747 -0.529447 -0.209081
-0.552355 0.014580 -0.383389
0.851987 0.076230 -0.155433
0.395955 -0.603939 -0.624845
0.170636 0.399759 -0.354683
0.903815 0.517042 0.596610
-0.057675 -0.255532 -0.597226
0.895929 -0.074094 0.663943
0.846344 0.154768 0.405111
0.423643 0.399488 0.523197
0.022890 -0.366490 -0.470618
0.527133 0.618045 -0.312858
0.972995 -0.386406 -0.910092
-0.035535 0.305832 -0.435963
-0.089049 -0.194222 0.713105
0.489039 0.089636 -0.520079
0.869321 0.031447 0.828199
0.841820 -0.068166 0.227605
-0.119613 -0.288041 -0.550468
0.253538 -0.082349 0.725920
0.086038 0.443193 0.419727
0.762383 0.489797 0.112036
0.970409 -0.231777 -0.316291
0.677720 0.292525 -0.235638
0.819340 0.027375 -0.354554
0.589778 -0.161094 -0.887515
0.235090 -0.251061 -0.728536
0.542981 -0.114258 0.578210
0.846647 0.258000 0.295527
-0.218784 0.445078 -0.185941
1.054123 -0.676196 -0.762734
0.229644 0.024277 0.828658
-0.731667 -0.269939 -0.416803
0.964824 -0.131565 -0.781319
0.700524 -0.063783 -0.035958
0.941385 0.001824 0.591259
0.809957 0.209239 -0.350180
0.812831 0.254308 -0.023623
0.800023 -0.139403 -0.261833
0.752711 0.300989 -0.233244
0.776400 -0.064992 0.134619
0.315448 -0.383754 -0.498438
0.919218 0.161793 0.489132
0.281254 0.210065 0.697481
0.523810 0.075576 0.871369
0.789872 0.521996 0.325509
0.916162 -0.210155 -0.542777
0.745568 0.394524 0.651707
0.790673 0.199487 0.126192
0.912088 -0.330568 -0.413995
0.423483 -0.615656 -0.089601
0.860555 -0.078077 0.408071
0.760992 0.316288 0.065883
0.641580 0.418005 -0.029960
0.838041 0.374202 0.071942
0.795410 0.137485 -0.321150
0.668903 -0.051488 0.430623
0.830088 -0.277160 -0.201981
0.881342 0.408308 -0.325514
-0.195795 0.086897 -0.437048
0.882159 0.078083 0.456361
0.499972 0.021966 -0.625777
0.317804 0.164397 -0.824982
0.836264 -0.065809 -0.261973
0.878988 -0.508863 -0.564394
0.597847 0.170092 -0.675453
-0.177291 0.026531 0.619188
0.931942 -0.054051 0.343592
0.806174 -0.292712 -0.418613
0.747001 -0.439020 0.057060
-0.005725 -0.681408 -0.173596
0.975651 -0.013160 -0.613765
1.024939 0.375599 0.634900
0.545989 0.611938 -0.006986
0.955042 0.324116 0.437459
0.363633 -0.018992 0.622411
0.858325 -0.459302 -0.369615
0.984631 0.497942 0.829591
-0.010544 0.016000 -0.500257
0.923751 0.095169 0.506214
0.198769 -0.228530 0.685125
1.087573 -0.435584 -0.435914
0.733069 0.459341 -0.040970
0.865933 0.327435 0.217822
0.831685 0.262769 -0.165926
0.887981 0.213274 0.761720
-0.077128 0.307881 0.569750
0.142371 -0.479634 -0.473778
0.338572 0.241547 -0.392088
0.841394 -0.187494 -0.303162
0.154268 0.074960 -0.621413
0.852894 0.255450 0.433865
-0.017631 -0.006016 -0.652790
0.213882 0.470831 0.573412
-0.749729 0.061938 -0.365900
0.448288 -0.378703 0.515257
-0.286822 -0.160145 0.648603
0.994344 0.033970 0.390825
0.408894 -0.696454 -0.375850
-0.360179 -0.135720 -0.506229
0.979540 -0.360312 0.621972
0.571134 -0.633572 -0.513628
0.778644 0.204324 0.296482
0.924954 -0.167715 -0.704838
-0.279727 -0.584744 -0.309435
0.009472 -0.144991 -0.544350
0.532102 -0.264274 -0.532659
0.850863 -0.239683 -0.305982
0.235135 -0.557528 0.508840
0.678953 0.352794 0.374665
-0.360503 -0.328679 -0.451472
-0.163760 0.428436 -0.338539
0.677084 0.128592 -0.469609
-0.067270 -0.327107 0.583456
0.604227 -0.572264 -0.058210
0.843988 0.602746 0.307335
-0.416743 -0.398147 -0.478616
0.702541 0.173891 0.823926
-0.318896 0.164346 0.441855
0.773152 -0.139115 -0.042119
0.227332 -0.181150 -0.461381
-0.593078 -0.434452 -0.285129
-0.013853 -0.493323 -0.514986
0.815522 -0.335040 -0.178270
0.090845 -0.640841 -0.393186
0.359437 0.591249 0.370736
0.701137 0.457710 -0.249408
0.184298 -0.347378 0.593477
-0.504967 -0.558676 -0.136095
-0.691376 -0.471369 0.158463
-0.833741 -0.452120 -0.230595
-0.883140 -0.428440 0.425427
-1.012589 -0.508830 -0.044042
-1.033403 -0.444249 0.402422
-1.070815 -0.502559 -0.353391
-1.120165 -0.368486 0.651697
-1.285395 -0.502018 -0.081806
-1.315131 -0.443293 0.382175
-1.370499 -0.500655 -0.398378
-1.370638 -0.318733 0.605338
-1.526575 -0.337875 -0.189409
-1.543095 -0.172491 0.163610
-1.559123 -0.182561 -0.457292
-1.526969 -0.039789 0.253402
-1.600071 -0.076841 -0.212670
-1.537141 0.052344 0.054934
-1.380718 -0.122149 -0.528961
-1.193807 -0.069182 0.295833
-1.133447 -0.295607 -0.289725
-0.998895 -0.215015 0.306123
-0.946525 -0.385349 -0.443370
-0.810653 -0.269996 0.480360
-0.850079 -0.294187 -0.239689
-0.753581 -0.148337 0.324484
-0.624808 -0.018077 -0.350102
-0.498511 0.196005 0.323402
-0.303093 0.350488 -0.222624
-0.110987 0.465294 0.205151
0.106167 0.528858 -0.104012
0.162930 0.591284 -0.038706
-1.039965 -0.628777 -0.208936
-1.243827 -0.739135 -0.031339
-1.339990 -0.902235 -0.044163
-1.420411 -0.769323 0.312385
-1.512391 -0.849307 -0.147749
-1.556245 -0.697697 0.608260
-1.698937 -0.857333 0.240980
-1.819998 -0.732290 0.411655
-1.852787 -0.796719 -0.082073
-1.947178 -0.637083 0.683608
-2.057557 -0.782653 0.336599
-2.112356 -0.561898 0.444641
-2.120433 -0.539978 -0.120559
-2.191455 -0.325136 0.619298
-2.229317 -0.370419 0.162789
-2.301874 -0.123150 0.260331
-2.184074 -0.148702 -0.149740
-2.123774 -0.027633 0.418805
-1.971126 -0.250951 0.195716
-1.840854 -0.230630 0.348459
-1.608931 -0.440868 -0.011300
-1.487391 -0.357980 0.509853
-1.300092 -0.518564 0.204762
-1.285977 -0.388815 0.370061
-1.117911 -0.359665 0.022084
-1.130387 -0.172809 0.439093
-0.925232 -0.111602 0.299128
-0.839128 0.048417 0.367764
-0.563424 0.238747 0.114199
-0.369391 0.397565 0.174730
-0.091597 0.511076 0.310482
0.069908 0.559084 0.346815
-1.124934 -0.524867 0.145548
-1.337827 -0.609157 0.015456
-1.506537 -0.692816 0.053254
-1.441111 -0.624895 0.250529
-1.714852 -0.658248 0.415728
-1.641336 -0.591974 0.057162
-1.880770 -0.687554 0.088646
-1.843147 -0.612059 0.245110
-2.194223 -0.700200 0.471097
-2.123529 -0.667335 0.025378
-2.422700 -0.715916 0.176126
-2.347472 -0.528586 0.248050
-2.611632 -0.450635 0.416230
-2.583859 -0.249608 0.011526
-2.825154 -0.188479 0.002703
-2.729121 -0.016721 0.170011
-2.794866 0.003506 0.152094
-2.543314 0.048911 -0.014259
-2.429186 -0.009662 -0.077370
-2.028088 0.023853 0.102027
-1.854617 -0.102328 0.144089
-1.556541 -0.132288 -0.009400
-1.469216 -0.208154 -0.085611
-1.241250 -0.122145 0.103193
-1.217864 -0.149138 0.022393
-1.041938 -0.006864 0.031640
-0.924389 0.039014 -0.023183
-0.659409 0.193015 0.042514
-0.324569 0.362945 0.018194
0.086731 0.483745 0.085956
0.242317 0.548041 -0.007974
0.199926 0.601899 -0.157671
-1.208810 -0.713694 -0.172404
-1.467816 -0.942750 -0.076908
-1.532739 -1.093403 0.029946
-1.648779 -1.067114 0.292921
-1.767381 -1.139514 -0.171990
-1.792529 -1.046562 0.529382
-1.891561 -1.162416 0.250708
-2.031583 -1.078611 0.304312
-2.112950 -1.105112 -0.095819
-2.187293 -0.951255 0.481738
-2.269306 -0.985093 0.130025
-2.359988 -0.845620 0.312458
-2.433964 -0.739837 -0.168007
-2.479615 -0.495512 0.402911
-2.490248 -0.416844 0.098820
-2.594700 -0.213610 0.111235
-2.456890 -0.155668 -0.092409
-2.394686 -0.010370 0.238804
-2.167475 -0.138491 0.014434
-2.007091 -0.105792 0.074465
-1.715768 -0.198727 -0.143255
-1.554046 -0.150796 0.331805
-1.404228 -0.216726 -0.009835
-1.305786 -0.146431 0.263974
-1.217286 -0.099988 -0.080664
-1.108369 0.037860 0.192805
-0.999476 0.118655 0.061995
-0.862822 0.299596 0.123789
-0.622254 0.483741 0.040109
-0.357546 0.581237 0.074951
-0.094428 0.731062 -0.001523
0.106707 0.733786 0.109635
-1.029606 -0.669871 0.112151
-1.245794 -0.759668 0.060429
-1.371553 -0.883143 -0.035034
-1.409192 -0.832825 0.191060
-1.547655 -0.867031 0.151028
-1.606157 -0.836436 0.130643
-1.690178 -0.904453 -0.128227
-1.765418 -0.828625 0.254433
-1.864032 -0.823181 0.035278
-1.927007 -0.790836 0.081636
-2.033386 -0.757774 -0.300020
-2.091422 -0.581793 0.342755
-2.171706 -0.485972 -0.228706
-2.212260 -0.307295 0.305430
-2.371776 -0.180304 -0.363280
-2.351217 -0.048715 0.439312
-2.364098 0.030249 -0.100637
-2.151549 -0.000920 0.123888
-2.026241 0.079799 -0.105987
-1.746475 0.038843 0.105991
-1.526488 0.068648 0.057661
-1.288738 -0.021876 0.027796
-1.171067 0.014461 -0.055928
-1.025848 0.059116 0.061627
-0.909387 0.146573 0.023402
-0.807528 0.194947 0.066982
-0.579446 0.307188 0.051398
-0.308935 0.365834 -0.103843
0.018925 0.615722 -0.205017
0.313239 0.628985 -0.199901
0.530213 0.756130 -0.249514
0.430237 0.714700 -0.345738
-0.993324 -0.711181 -0.091558
-1.192662 -0.881432 -0.031467
-1.255386 -0.971379 0.009520
-1.349232 -0.933333 0.272310
-1.394135 -0.977812 -0.239736
-1.431902 -0.884574 0.480150
-1.550272 -0.997545 0.067759
-1.657963 -0.928456 0.336015
-1.657992 -0.955294 -0.362444
-1.729872 -0.741873 0.601970
-1.763756 -0.788444 -0.204505
-1.825517 -0.639922 0.454450
-1.841248 -0.606503 -0.517933
-1.878073 -0.346891 0.577125
-1.893548 -0.323586 -0.319055
-2.027699 -0.091268 0.349332
-1.918983 -0.081023 -0.385879
-1.872841 0.046641 0.364579
-1.637275 -0.017349 -0.153148
-1.528426 0.049187 0.174793
-1.284133 0.038843 -0.180077
-1.159087 0.105405 0.216057
-1.071363 0.063984 -0.086761
-1.001662 0.116756 0.107291
-0.902267 0.164043 -0.049476
-0.832044 0.282462 0.051187
-0.747624 0.424570 0.060371
-0.547865 0.420149 0.015626
-0.222236 0.593426 -0.110911
0.120763 0.618367 -0.241698
0.318305 0.853347 -0.015118
0.364984 0.814930 -0.146065
-0.832220 -0.610700 0.077339
-1.037200 -0.665567 0.099139
-1.103608 -0.745770 -0.089117
-1.119007 -0.633071 0.174392
-1.205139 -0.648681 -0.023283
-1.263527 -0.594308 0.167763
-1.281263 -0.648091 -0.228895
-1.353407 -0.570460 0.162110
-1.434874 -0.564754 -0.071277
-1.440717 -0.549357 0.161783
-1.504843 -0.549626 -0.318849
-1.518227 -0.427695 0.410275
-1.587153 -0.368532 -0.298340
-1.609034 -0.248560 0.460455
-1.705305 -0.234029 -0.493438
-1.692042 -0.129537 0.626572
-1.688158 -0.081960 -0.254985
-1.546513 -0.041725 0.374386
-1.397698 -0.040657 -0.257649
-1.172686 0.026960 0.396986
-1.033189 0.089716 -0.043626
-0.804962 0.152971 0.136693
-0.688119 0.194659 -0.136163
-0.504366 0.258075 0.112212
-0.321110 0.251715 0.089441
-0.139278 0.346198 -0.035723
-0.162046 0.798630 -0.400700
-0.120681 0.803006 -0.391140
-0.067406 1.882262 -0.880417
0.229115 1.751070 -0.805862
0.449977 1.880713 -1.141885
0.379454 1.582684 -1.035138
-0.753619 -0.611967 -0.094004
-0.896159 -0.713232 0.021660
-0.897020 -0.742447 -0.008804
-0.953338 -0.691785 0.218999
-0.934253 -0.693049 -0.292150
-0.967428 -0.607840 0.306993
-1.040535 -0.633681 -0.091322
-1.166711 -0.620790 0.141073
-1.152691 -0.621907 -0.437346
-1.253812 -0.492679 0.403405
-1.252908 -0.507448 -0.296219
-1.342888 -0.431148 0.314005
-1.310846 -0.399405 -0.582372
-1.336250 -0.250963 0.636219
-1.332756 -0.284198 -0.479573
-1.434914 -0.153656 0.588855
-1.306146 -0.131867 -0.633376
-1.234644 -0.017381 0.729640
-1.049741 -0.072155 -0.441690
-0.941974 -0.017612 0.545283
-0.784210 0.062231 -0.476196
-0.702896 0.131134 0.549240
-0.625859 0.157997 -0.239901
-0.530408 0.195875 0.152619
-0.439840 0.335387 -0.162398
-0.221313 0.214504 0.189944
-0.027172 0.488571 0.045683
0.115945 0.403497 -0.021678
0.151488 0.776656 -0.596135
0.300314 0.892107 -0.519828
0.484109 1.012236 -0.676412
0.337742 1.272223 -0.378434
-0.569464 -0.596722 0.041282
-0.670751 -0.624708 0.064137
-0.658749 -0.686519 -0.188772
-0.672412 -0.624138 0.108291
-0.730558 -0.585061 -0.148469
-0.733132 -0.567185 -0.074891
-0.695896 -0.565414 -0.404364
-0.778366 -0.565217 0.091826
-0.869365 -0.474736 -0.262466
-0.928296 -0.461406 0.054792
-1.041789 -0.404394 -0.464648
-1.149846 -0.356834 0.470540
-1.239387 -0.347061 -0.284766
-1.205683 -0.254800 0.560384
-1.210493 -0.275507 -0.393390
-1.230565 -0.158979 0.721267
-1.193566 -0.177979 -0.162873
-1.101098 -0.076817 0.688196
-0.952176 -0.069644 -0.070808
-0.818647 0.066003 0.698953
-0.619443 0.185758 0.025863
-0.456799 0.353457 0.482032
-0.317756 0.292653 -0.118416
-0.189422 0.338424 0.178096
-0.072025 0.455915 0.138656
-0.260383 1.304501 -0.582011
-0.630401 2.518824 -1.368557
-0.591544 2.469009 -1.037352
-0.481921 2.757297 -1.545131
-0.219720 2.404240 -1.074142
-0.122124 2.602989 -1.540128
-0.012610 2.162125 -1.096784
-0.459643 -0.644031 -0.169923
-0.464415 -0.730494 -0.054432
-0.396203 -0.787899 -0.096067
-0.408001 -0.761452 0.034195
-0.440543 -0.841540 -0.549874
-0.450196 -0.757848 0.162814
-0.457839 -0.828173 -0.517788
-0.498395 -0.745640 -0.174772
-0.479007 -0.844552 -1.029167
-0.568436 -0.577448 0.356370
-0.628811 -0.605328 -0.723164
-0.808046 -0.457929 0.302789
-0.854087 -0.499192 -0.989781
-0.910622 -0.307233 0.876578
-0.824643 -0.330334 -0.719997
-0.910997 -0.222749 0.792435
-0.790609 -0.240293 -0.722589
-0.861401 -0.109451 1.136923
-0.661979 -0.096358 -0.475384
-0.699232 -0.044189 0.705991
-0.507994 0.101640 -0.346282
-0.517959 0.193607 0.802298
-0.418807 0.304260 -0.122828
-0.243098 0.296570 0.081585
-0.154500 0.467144 -0.203798
-0.074624 0.377043 0.164943
-0.121769 0.728834 0.168224
-0.150414 0.995366 -0.544516
-0.190085 1.428785 -0.733025
-0.070050 1.686590 -1.026027
0.117721 1.593567 -0.791491
0.103927 1.741119 -0.660220
-0.341965 -0.658402 -0.072042
-0.372599 -0.668683 0.082248
-0.268617 -0.781345 -0.489183
-0.261420 -0.693327 0.320488
-0.321999 -0.736869 -0.485281
-0.372485 -0.687205 -0.050702
-0.338711 -0.886345 -1.251853
-0.259960 -0.568700 0.423718
-0.365768 -0.740292 -0.934731
-0.386372 -0.349285 0.461580
-0.464433 -0.632356 -1.359547
-0.482234 -0.246994 1.103568
-0.655784 -0.517593 -0.868338
-0.684368 -0.130083 0.965964
-0.592992 -0.287410 -1.056507
-0.612552 -0.047011 1.528675
-0.534456 -0.174735 -0.714864
-0.667637 0.122454 1.106821
-0.487504 0.055536 -0.960596
-0.484938 0.285046 1.647902
-0.358055 0.072733 -0.334484
-0.285424 0.402609 0.571156
-0.062941 0.356268 -0.616347
-0.040414 0.527620 0.527321
-0.052906 0.499897 0.049222
-0.476965 2.342468 -1.103244
-0.840270 2.954371 -1.824488
-0.807300 2.895490 -1.153826
-0.701857 3.157888 -1.803787
-0.364155 2.766551 -1.355116
-0.153111 2.846791 -1.695747
-0.020646 2.343665 -1.324696
-0.242879 -0.687729 -0.272779
-0.196271 -0.763038 -0.006411
-0.138605 -0.908133 -0.342650
-0.107679 -0.829364 0.087715
-0.210076 -1.004186 -1.130558
-0.174392 -0.815798 0.521962
-0.270232 -1.020968 -1.049257
-0.245236 -0.783112 0.106096
-0.326838 -1.165508 -1.961898
-0.178881 -0.554066 0.968424
-0.153861 -0.823713 -1.380677
-0.205571 -0.390489 0.861228
-0.340281 -0.748240 -1.897619
-0.295161 -0.248567 1.676010
-0.202879 -0.384153 -1.249434
-0.299547 -0.129066 1.448744
-0.270709 -0.173935 -1.736555
-0.300781 0.171331 2.106461
-0.103128 0.037952 -1.114044
-0.232703 0.231385 1.570861
-0.187695 0.357275 -1.545523
-0.208026 0.556039 1.709401
-0.065706 0.506975 -0.599077
0.093570 0.575086 0.369291
0.104405 0.749065 -0.547773
0.120102 0.715743 0.213738
0.003111 0.901950 -0.188614
-0.065577 1.789878 -0.784744
-0.044039 2.013873 -1.260113
0.077162 2.168853 -1.093329
0.262585 2.129622 -1.359408
0.174018 2.117689 -0.986621
-0.260733 -0.638890 -0.079840
-0.247620 -0.601743 0.021637
-0.091533 -0.710584 -0.456062
0.005667 -0.607690 0.171761
-0.122153 -0.652778 -0.431235
-0.165257 -0.552676 -0.031715
-0.219067 -0.629652 -0.968499
-0.108982 -0.392306 0.232181
-0.279401 -0.484037 -0.548620
-0.184128 -0.248302 0.260138
-0.294159 -0.404170 -0.831270
-0.198992 -0.178008 0.690490
-0.328490 -0.339778 -0.395154
-0.295939 -0.131306 0.891233
-0.285673 -0.221053 -0.495743
-0.315629 0.035411 1.127090
-0.263106 -0.058534 -0.379093
-0.282169 0.206957 1.071737
-0.134104 0.159785 -0.290791
-0.158714 0.433384 1.083597
-0.066122 0.374312 -0.199244
-0.022012 0.644403 0.862498
0.139115 0.422291 -0.138166
0.168012 0.669688 0.148826
0.207204 0.860862 -0.117363
0.020846 2.262137 -0.868514
-0.299530 2.751600 -1.779129
-0.248881 2.733837 -0.867443
-0.104192 3.079509 -1.945210
0.113502 2.780784 -1.249689
0.256869 2.899410 -1.537300
0.237233 2.493777 -1.033120
-0.146972 -0.584586 -0.261319
-0.047919 -0.612758 -0.133187
0.058034 -0.755949 -0.199129
0.224880 -0.722492 -0.048975
0.160531 -0.858647 -0.635067
0.183124 -0.708878 0.259297
0.101405 -0.710256 -0.487155
0.142051 -0.551852 -0.056352
0.047219 -0.715731 -1.049311
0.057898 -0.446567 0.545895
0.002721 -0.540121 -0.409932
-0.042101 -0.306997 0.457205
-0.085943 -0.446464 -0.668661
-0.145182 -0.270565 1.130046
-0.115532 -0.228198 -0.368703
-0.195935 -0.043755 0.926051
-0.104736 -0.012466 -0.508288
-0.170956 0.142386 1.363229
-0.031372 0.182056 -0.374106
-0.028818 0.373333 0.702726
0.091320 0.447295 -0.280798
0.125506 0.557089 0.735142
0.121927 0.568998 -0.241687
0.247633 0.620721 -0.020928
0.248420 0.774628 -0.292588
0.340076 0.836970 -0.128376
0.210754 1.222213 -0.280018
0.183959 1.799767 -0.974646
0.130956 1.904546 -0.950502
0.213071 2.037723 -1.088980
0.363216 2.050295 -1.080133
0.366449 1.988982 -0.860698
-0.131106 -0.537003 -0.137606
-0.102238 -0.555104 0.054733
0.112456 -0.624849 -0.442857
0.264209 -0.584459 0.166603
0.241049 -0.571248 -0.399597
0.181296 -0.517850 0.095730
0.131081 -0.516766 -0.774515
0.134256 -0.429888 0.292544
0.070585 -0.380966 -0.362178
0.028943 -0.309274 0.289000
-0.011332 -0.370851 -0.524081
-0.016799 -0.304429 0.592695
-0.094422 -0.326216 -0.249174
-0.118683 -0.285185 0.679317
-0.021221 -0.265807 -0.358668
-0.002670 -0.089821 0.929987
0.080631 -0.010666 -0.344817
0.021644 0.138205 0.707208
0.122452 0.204335 -0.295966
0.226650 0.361166 0.757183
0.354051 0.440414 -0.129392
0.378127 0.654227 0.239874
0.392208 0.510936 -0.299575
0.375635 0.709133 0.002086
0.405555 0.906168 -0.320930
0.361907 2.016153 -0.900540
0.240121 2.709651 -1.868637
0.125539 2.631780 -1.073919
0.133208 2.974264 -1.702835
0.314900 2.705960 -1.122360
0.440179 2.810335 -1.641639
0.385271 2.316841 -1.153827
0.174592 -0.467614 -0.283115
0.251962 -0.484382 -0.080073
0.375542 -0.635568 -0.260357
0.500767 -0.626506 0.028716
0.527876 -0.677243 -0.689742
0.508238 -0.570173 0.291332
0.430743 -0.578194 -0.471753
0.321666 -0.462193 0.097046
0.258869 -0.504514 -0.816475
0.204677 -0.364515 0.536580
0.166248 -0.400083 -0.320051
0.080899 -0.323349 0.364601
0.077628 -0.345972 -0.445212
-0.011792 -0.274523 0.831885
0.078098 -0.192042 -0.246722
0.053756 -0.108183 0.649733
0.109563 0.030662 -0.403236
0.036354 0.152741 0.886100
0.202713 0.237612 -0.158183
0.239970 0.344690 0.453752
0.289201 0.527902 -0.265821
0.314991 0.629155 0.493658
0.376135 0.703071 -0.136948
0.447425 0.687710 -0.092778
0.439131 0.923798 -0.505184
0.466664 0.832554 -0.308564
0.326542 1.060647 -0.545365
0.368167 1.407034 -0.755360
0.310884 1.953644 -1.086895
0.432423 1.949534 -1.067434
0.519404 2.112039 -1.302050
0.426620 1.998250 -0.977891
0.164805 -0.469097 -0.138468
0.217520 -0.477707 -0.048124
0.391868 -0.555442 -0.336211
0.504667 -0.553577 0.078088
0.537641 -0.569613 -0.224414
0.526389 -0.510992 0.076834
0.486353 -0.485014 -0.339074
0.467751 -0.437470 0.302380
0.522188 -0.449212 -0.138910
0.428597 -0.388997 0.253549
0.480631 -0.423911 -0.265146
0.400443 -0.319319 0.528413
0.406677 -0.367648 -0.244019
0.381320 -0.279777 0.463256
0.527311 -0.289454 -0.312646
0.528085 -0.110382 0.550987
0.640701 0.023248 -0.376346
0.571259 0.120529 0.359517
0.658492 0.208379 -0.180238
0.583443 0.315290 0.248338
0.593463 0.452098 -0.285339
0.519598 0.603594 -0.034008
0.462465 0.774272 -0.440285
0.451648 0.981894 -0.346709
0.422353 1.345829 -0.990392
0.429833 1.763924 -0.601608
0.388347 2.420766 -1.599162
0.439234 2.331095 -0.790179
0.455981 2.743673 -1.922605
0.530880 2.489582 -1.204335
0.601301 2.717509 -1.521595
0.515570 2.283239 -0.938790
0.444976 -0.449401 -0.303485
0.567995 -0.466926 -0.178747
0.619122 -0.606334 -0.174127
0.700315 -0.655930 -0.128704
0.698121 -0.684486 -0.306733
0.708457 -0.610429 0.155378
0.703938 -0.590675 -0.166678
0.669813 -0.530006 0.104818
0.666151 -0.514079 -0.248261
0.659876 -0.443291 0.360163
0.701281 -0.415776 -0.199398
0.661757 -0.352346 0.276719
0.708889 -0.357205 -0.217870
0.724950 -0.262015 0.518366
0.838594 -0.238251 -0.303280
0.804985 -0.104646 0.420630
0.741484 -0.038767 -0.154623
0.618265 0.086254 0.428232
0.664860 0.165823 -0.149343
0.626222 0.263297 0.094666
0.570037 0.393893 -0.103358
0.513433 0.460890 0.160805
0.454222 0.511964 -0.143027
0.479494 0.589515 -0.203302
0.449457 0.781015 -0.380213
0.432680 0.922830 -0.340450
0.376292 1.090069 -0.587839
0.403493 1.361075 -0.740692
0.387962 1.624000 -0.873426
0.519489 1.730669 -1.010738
0.518377 1.805213 -1.057266
0.516871 1.770400 -0.867147
0.361589 -0.388318 -0.272544
0.424273 -0.364069 -0.163982
0.563799 -0.410067 -0.439281
0.637720 -0.465341 -0.012692
0.661773 -0.494873 -0.246053
0.683768 -0.485607 0.015926
0.692413 -0.461921 -0.419364
0.750261 -0.423601 0.291488
0.735047 -0.451015 -0.167405
0.718144 -0.402883 0.270324
0.734779 -0.398539 -0.370862
0.752407 -0.312241 0.446578
0.679128 -0.319370 -0.162604
0.697693 -0.220380 0.385406
0.743273 -0.203966 -0.361120
0.824952 -0.047211 0.461304
0.779301 -0.015051 -0.194852
0.719294 0.091430 0.299416
0.617299 0.167468 -0.282500
0.612835 0.260548 0.205253
0.583703 0.338618 -0.256121
0.564045 0.494666 -0.123608
0.511554 0.775477 -0.616381
0.513802 0.839866 -0.373304
0.433705 1.068654 -0.670398
0.472075 1.337283 -0.828583
0.459804 1.874443 -1.537457
0.475766 1.888366 -0.980631
0.474359 2.211224 -1.436000
0.638958 2.088271 -1.117330
0.773443 2.336323 -1.706268
0.575375 1.984093 -1.206614
0.583593 -0.324744 -0.428909
0.644488 -0.362644 -0.251942
0.683319 -0.481279 -0.314089
0.729122 -0.584780 -0.100491
0.758453 -0.636129 -0.560090
0.787810 -0.594387 0.316402
0.911463 -0.650422 -0.353907
0.935404 -0.605998 0.256615
0.935280 -0.665385 -0.589822
0.957469 -0.523284 0.677554
1.048897 -0.550556 -0.344363
1.077401 -0.420971 0.492879
1.028785 -0.435603 -0.602947
0.999593 -0.247560 0.847976
1.060729 -0.273500 -0.345151
1.069017 -0.090475 0.552137
0.978852 -0.060817 -0.552233
0.883384 0.089404 0.674198
0.857205 0.082240 -0.285574
0.802134 0.204228 0.209933
0.667457 0.322599 -0.311993
0.567941 0.411350 0.128935
0.519206 0.487135 -0.141891
0.536420 0.563857 -0.216083
0.500099 0.686545 -0.432938
0.522891 0.748272 -0.400760
0.452307 0.951301 -0.579265
0.493177 1.064913 -0.690879
0.472951 1.409265 -0.967523
0.560127 1.526254 -0.868205
0.622437 1.787073 -1.193507
0.560711 1.785400 -0.886387
0.402219 -0.235481 -0.416615
0.526622 -0.221940 -0.317671
0.600316 -0.221190 -0.476822
0.693915 -0.307641 -0.244065
0.711230 -0.335582 -0.381421
0.774073 -0.367263 -0.227990
0.749294 -0.329231 -0.249575
0.833792 -0.350316 0.046949
0.875209 -0.353903 -0.275375
0.913725 -0.317660 0.071164
0.890320 -0.304156 -0.202970
0.924870 -0.250230 0.378421
0.971703 -0.251399 -0.242609
0.997154 -0.137273 0.165966
0.962253 -0.091173 -0.161459
0.958871 0.016332 0.419298
0.962729 0.044498 -0.283292
0.916741 0.151820 0.194091
0.845030 0.223198 -0.103721
0.803206 0.326108 0.211833
0.727362 0.452915 -0.266573
0.670393 0.581466 -0.188014
0.589292 0.758484 -0.380227
0.568730 0.780870 -0.368069
0.504678 0.985279 -0.775771
0.502564 1.121946 -0.661091
0.521057 1.503833 -1.168256
0.599796 1.508890 -0.788551
0.658198 1.799391 -1.486808
0.765102 1.721467 -1.137242
0.813820 2.025505 -1.373848
0.601877 1.809902 -0.980688
0.574223 -0.223428 -0.377053
0.665982 -0.220107 -0.329024
0.676065 -0.294316 -0.317426
0.713368 -0.323727 -0.427649
0.761180 -0.437227 -0.294288
0.795548 -0.454784 -0.139456
0.913912 -0.546399 -0.079514
0.962431 -0.501025 0.003699
0.968944 -0.567122 -0.034969
0.934492 -0.474590 0.385175
0.991200 -0.534151 -0.014302
1.026726 -0.415257 0.381538
0.980075 -0.430072 0.071235
0.960678 -0.294193 0.662725
0.978849 -0.315429 -0.016114
1.014455 -0.142432 0.480654
0.915208 -0.117315 0.108658
0.866307 0.023472 0.586447
0.829001 0.010779 -0.004107
0.800463 0.159066 0.206259
0.697521 0.228905 0.110957
0.609143 0.334019 0.111631
0.556085 0.386334 0.014702
0.557794 0.529260 -0.245340
0.552865 0.614052 -0.214357
0.547461 0.739497 -0.355225
0.542586 0.783807 -0.482426
0.549964 1.026766 -0.677301
0.552150 1.157570 -0.831056
0.565376 1.379028 -0.903058
0.561180 1.437283 -0.852792
0.465059 1.520586 -0.708809
0.350095 -0.189340 -0.370891
0.515189 -0.175117 -0.338560
0.586274 -0.119222 -0.557302
0.729811 -0.188201 -0.371306
0.731246 -0.234393 -0.352930
0.820479 -0.283729 -0.242471
0.772361 -0.286506 -0.360615
0.822680 -0.272812 0.008161
0.762515 -0.255093 -0.200651
0.823943 -0.254600 0.135253
0.802577 -0.276386 -0.238451
0.887412 -0.219317 0.321621
0.854653 -0.215139 -0.081595
0.928126 -0.156255 0.338091
0.871350 -0.139852 -0.167823
0.904564 -0.019425 0.431523
0.859445 0.002001 0.005674
0.901293 0.108330 0.226056
0.819740 0.128923 -0.120138
0.808723 0.262398 0.156689
0.735134 0.320642 -0.014098
0.745864 0.460639 -0.147738
0.655845 0.551104 -0.310195
0.663684 0.656086 -0.286360
0.635910 0.737094 -0.421423
0.697401 0.860002 -0.618671
0.665582 1.037628 -0.885708
0.699316 1.152855 -0.835724
0.738989 1.267382 -0.953112
0.819524 1.256969 -1.085856
0.737128 1.393574 -1.207211
0.475043 1.273267 -1.034221
0.535242 -0.147672 -0.188026
0.595425 -0.081209 -0.046643
0.663634 -0.073692 -0.169576
0.707164 -0.116518 -0.112753
0.712648 -0.152769 -0.257140
0.717873 -0.162304 -0.031623
0.770672 -0.205233 -0.109527
0.776174 -0.191625 0.114589
0.835010 -0.223980 -0.058596
0.795536 -0.202279 0.353728
0.868642 -0.225308 0.126679
0.820169 -0.181710 0.398797
0.864321 -0.165869 0.136990
0.782684 -0.099562 0.571968
0.834119 -0.089347 0.240773
0.800741 -0.002180 0.472245
0.834505 0.040022 0.148620
0.747812 0.134594 0.504228
0.784493 0.131081 0.232690
0.721735 0.203295 0.218028
0.698522 0.258277 0.116088
0.602002 0.359602 0.157524
0.582546 0.381583 0.023068
0.553240 0.512295 -0.123160
0.565624 0.567814 -0.211027
0.583711 0.717201 -0.316627
0.603648 0.736558 -0.397338
0.639122 0.917235 -0.517803
0.637631 0.969933 -0.629821
0.645354 1.131596 -0.622548
0.569992 1.200157 -0.801715
0.461159 1.128169 -0.598674
