0.580039 -0.169083 -0.745989
0.556035 -0.147652 -0.350734
0.370846 -0.193791 0.021097
0.581794 0.037321 -0.528087
0.664159 -0.472598 -0.251722
0.809635 0.306411 -0.590928
0.611634 -0.121174 -0.197837
0.578438 -0.120784 -0.196040
0.971402 0.071725 -0.429190
0.569894 -0.062599 -0.377420
0.491131 -0.162468 -0.246164
0.649693 -0.191833 -0.279198
0.510668 0.099062 0.127253
0.741715 0.186702 0.631771
0.426786 -0.130131 -0.151263
0.583886 -0.646171 -0.154775
0.316092 -0.291573 -0.615094
0.476083 -0.666575 -0.019992
0.544889 -0.139991 -0.457199
0.212367 0.273332 -0.845074
0.744745 -0.461923 -0.316916
0.632368 0.170826 -0.359372
0.754851 0.190059 -0.659256
0.247071 0.029104 -0.755191
0.545687 -0.083884 0.037856
0.686750 -0.151278 0.115437
0.434278 -0.006620 -0.428440
0.765976 -0.760477 -0.274562
0.113529 0.069626 -0.401244
0.435337 -0.296422 -0.229458
-0.230979 0.225820 -1.108539
0.369786 -0.029118 -0.444016
0.790623 0.187005 -0.794562
0.608101 0.148939 -0.554326
0.720336 0.131539 -0.669320
0.702367 -0.074943 -0.488870
0.544098 -0.313613 -0.001000
0.488067 0.011242 -0.663999
0.755986 -0.138895 0.178061
0.333129 0.184172 -0.694777
0.446433 -0.317313 -0.318725
0.641308 -0.209169 -0.294388
0.568774 -0.395871 -0.039686
0.276244 -0.218353 -0.809583
0.479096 -0.162178 -0.494377
0.452438 -0.225637 -0.377335
0.163223 -0.392000 0.001786
0.886713 0.004451 0.290024
0.271756 0.009268 -0.603521
0.646899 -0.138230 -0.052950
0.458401 -0.572892 0.049211
0.494653 -0.068941 -0.327115
0.666601 -0.152220 -0.336728
0.451597 -0.020622 0.290558
0.462011 -0.087995 -0.076024
0.784627 -0.464177 -0.514245
0.706547 -0.096932 -0.744157
0.654519 -0.072312 -0.178830
-0.073608 0.332606 -0.747861
0.711473 0.203508 -0.403973
-0.158848 0.064239 -0.787970
0.404518 0.372434 -0.816788
0.176146 -0.444848 -0.078236
0.491276 -0.394509 -0.172767
0.391725 -0.254907 -0.343094
0.399430 -0.061472 -0.802183
0.387105 -0.278717 -0.135780
0.635038 -0.056750 0.055113
0.572739 0.075625 -0.010126
0.436993 0.177074 0.420628
0.786444 -0.140337 -0.300151
0.721875 0.058707 -0.669438
0.351544 -0.047214 -0.111130
0.848401 -0.227329 -0.149522
0.799660 0.549326 -0.943957
0.450417 0.041916 -0.331986
0.666878 -0.044000 0.088660
0.574628 -0.063654 -0.349792
0.608673 -0.141537 -0.185027
0.710251 -0.059967 -0.308141
0.439865 -0.239945 -0.129933
0.215703 -0.126269 -0.415569
0.848178 -0.093172 -0.629995
0.058135 0.137191 -0.170011
0.375965 -0.454949 -0.274074
0.219416 0.024589 -0.614417
0.487358 -0.284344 -0.318789
0.546411 0.011948 -0.639686
0.290330 -0.036040 -0.502101
0.711305 0.080011 -0.738583
0.170976 -0.005734 -0.250776
0.364589 -0.486183 -0.246181
0.666054 0.088448 0.395875
0.244488 -0.119918 -0.157376
0.738978 -0.168433 -0.069796
0.913934 -0.049999 0.081018
0.355157 -0.491302 -0.043540
0.632356 0.371872 -1.067857
0.462950 -0.165941 0.009196
0.050991 -0.104364 -0.740605
0.226094 -0.283921 -0.264077
0.462761 -0.135862 -0.161500
0.588394 -0.049875 -0.679081
0.422326 -0.086510 0.132128
0.400993 0.026855 -0.682436
0.656950 0.547156 -0.947969
0.456556 -0.095753 -0.310329
0.368954 0.011238 -0.415728
0.687953 -0.165973 -0.152404
0.611460 0.107805 -0.894822
0.123255 0.075428 -0.341380
0.560768 -0.152370 -0.541614
0.689590 -0.316528 -0.206822
0.707548 -0.191218 -0.289757
0.467099 -0.198591 -0.310536
-0.324953 -0.026439 -0.766879
0.450457 -0.448262 -0.097301
0.668394 -0.055395 -0.584199
0.632293 0.220055 -0.999549
0.184993 0.115894 -0.694553
0.648385 -0.285123 -0.207627
0.701899 -0.521580 -0.174330
0.379233 -0.357927 -0.747451
0.722874 -0.138890 -0.425051
0.601600 -0.229258 -0.400452
0.779571 -0.168448 -0.254778
0.593661 -0.017913 -0.538916
0.647375 -0.016321 -0.049694
0.407834 -0.545850 -0.107648
-0.157019 -0.023129 -0.592128
0.759559 0.013568 -0.477807
0.105261 -0.583140 -0.631509
0.261201 -0.052107 -0.454965
0.681852 -0.084639 -0.126449
-0.201808 -0.155853 -0.869501
0.681000 -0.184539 -0.142241
0.673614 -0.259553 -0.249874
0.448364 -0.222565 -0.280899
-0.076068 -0.198335 -0.736691
0.448587 0.286352 -0.613992
0.743986 0.038678 -0.869939
0.233516 0.050425 -0.507837
0.239776 -0.235383 0.053567
0.386505 -0.048901 -0.580393
0.656968 -0.060318 0.114979
0.659062 -0.266106 -0.290344
0.097898 -0.009777 -0.648507
0.458566 -0.051395 -0.054716
0.345051 -0.197498 -0.220198
0.737572 -0.152698 -0.357195
0.680635 -0.086157 -0.439577
0.694116 0.389105 -0.684852
0.532690 -0.049024 -0.453136
0.420444 0.195367 -1.085140
0.172658 -0.176200 -1.002171
0.609912 -0.164345 -0.131530
0.748130 -0.219951 -0.254553
0.197084 0.100968 -0.450279
0.596113 -0.453243 -0.361768
0.466439 -0.085304 -0.053381
-0.602489 -0.347995 -0.997441
0.782415 0.242566 -1.000342
0.582679 -0.050894 -0.343722
0.742661 -0.149984 -0.115596
0.710013 -0.089133 -0.531397
0.710311 0.059548 -0.420192
0.425839 -0.113309 -0.424233
0.698047 -0.183908 -0.360776
0.548679 -0.056172 -0.371298
0.256783 -0.205966 -0.614766
0.655067 -0.094525 -0.238124
0.393637 -0.200816 -0.127779
0.589310 0.015945 0.058512
0.777143 -0.082844 -0.218025
0.721541 -0.050772 -0.804635
0.642715 -0.079213 -0.131432
0.673353 -0.008551 -0.329109
0.677605 -0.135532 -0.659148
0.308426 -0.442560 -0.219293
0.669936 -0.148480 -0.259920
0.726026 -0.050842 -0.425261
0.553968 -0.206312 -0.228468
0.727147 -0.098286 -0.332676
0.796391 0.182900 -0.708126
0.435457 -0.142170 -0.440933
0.461048 -0.278727 -0.203608
0.781093 0.308404 -0.700349
-0.082024 0.061872 -0.665165
0.728159 -0.157089 -0.088193
0.307592 0.007289 -0.733537
0.172061 0.306781 -1.144900
0.650152 -0.005741 -0.566419
0.491024 -0.194021 -0.506624
0.442956 0.329868 -0.998756
0.425656 -0.130562 -0.204875
0.812862 -0.302035 -0.214211
0.420619 -0.326606 -0.440038
0.463518 -0.305865 -0.138516
0.180556 -0.554908 -0.329972
0.859331 0.136076 -0.934633
0.767319 -0.019391 -0.021747
0.592003 0.098368 -0.594364
0.657108 -0.068310 -0.221679
0.373725 -0.189597 -0.252988
0.530664 -0.414156 -0.250069
0.700728 0.008482 0.077696
0.092513 0.031772 -0.667975
0.679719 -0.207042 -0.196690
0.330814 -0.129895 -0.028921
0.687966 -0.278688 -0.519510
0.650443 0.059489 -0.411929
0.692352 -0.087381 -0.333659
0.698627 0.044632 -0.571822
0.582867 0.000671 0.040605
0.313349 -0.196784 -0.125846
0.198911 -0.404450 -0.571520
0.398807 -0.048440 -0.414932
0.670103 -0.053695 -0.654142
0.155475 0.122947 -0.766132
0.655991 -0.179867 -0.247570
0.007226 0.062495 -0.945962
0.200535 -0.116006 -0.194162
-0.493360 0.118368 -0.821452
0.349568 -0.301158 -0.217170
0.203134 -0.175263 0.027979
0.743441 -0.166435 -0.195934
0.225704 -0.651817 -0.381184
-0.414085 -0.034310 -1.136806
0.717480 -0.427656 -0.354778
0.322731 -0.590131 -0.428127
0.589696 -0.130783 -0.268483
0.724041 0.048959 -0.937834
0.110826 -0.699860 -0.313546
0.149985 0.095594 -0.625596
0.339553 -0.055040 -0.556619
0.647385 -0.013142 -0.581038
0.179088 -0.685410 -0.080380
0.665037 -0.192942 -0.290492
0.257106 -0.147975 -0.593100
0.275011 -0.113612 -0.408850
0.591766 -0.060003 -0.681192
0.203553 -0.334679 -0.026195
0.436457 -0.528404 -0.115045
0.765801 0.008731 -0.247530
-0.216126 -0.403858 -0.773943
0.538965 -0.119407 -0.031378
0.252469 -0.146568 -0.170314
0.411481 -0.178488 -0.123091
0.294626 -0.023528 -0.443098
-0.333914 -0.510726 -0.633815
0.095630 -0.374832 -0.820536
0.451673 -0.417820 -0.222812
0.154986 -0.645721 -0.486819
0.349908 -0.127293 -0.305003
0.568318 0.177921 -0.632700
0.314581 -0.227229 -0.286062
-0.023612 -0.793433 -0.572793
-0.217787 -0.899352 -0.292377
-0.177785 -0.829721 -0.748796
-0.219796 -0.768088 -0.066119
-0.319656 -0.862244 -0.676526
-0.398250 -0.806585 -0.208257
-0.370259 -0.888165 -1.078048
-0.469006 -0.735495 0.006732
-0.703605 -0.924274 -0.718231
-0.756182 -0.878651 -0.125886
-0.794367 -1.023878 -1.201548
-0.765784 -0.804839 0.104595
-0.890951 -0.979772 -1.091745
-0.786347 -0.819499 -0.120764
-0.723369 -0.943690 -1.505397
-0.726357 -0.647132 0.070236
-0.917185 -0.753351 -1.169786
-0.856224 -0.568362 -0.250943
-0.727029 -0.659874 -1.372615
-0.672612 -0.510100 -0.139348
-0.791095 -0.588665 -1.015095
-0.704262 -0.468349 -0.314119
-0.606060 -0.466731 -0.894634
-0.467265 -0.329112 -0.086886
-0.417545 -0.279062 -0.585289
-0.223629 -0.226078 -0.127298
0.061507 -0.224368 -0.450127
0.276487 -0.154021 0.009355
0.422629 -0.254296 -0.199114
0.522565 -0.201862 0.026207
0.595019 -0.274562 -0.075581
0.509826 -0.046588 -0.039305
-0.450904 -0.847744 -0.819495
-0.430003 -0.938200 -0.637591
-0.384867 -1.044416 -0.798420
-0.418577 -0.943498 -0.384411
-0.499672 -1.022139 -1.145994
-0.628895 -0.879738 -0.193229
-0.796035 -1.071807 -0.967527
-0.930116 -0.917372 -0.404212
-1.059083 -1.144428 -1.267053
-1.254720 -0.917417 -0.150588
-1.350988 -1.188793 -0.961030
-1.418183 -0.966342 -0.435534
-1.288871 -1.143731 -1.578086
-1.209452 -0.901755 -0.335800
-1.123595 -1.069881 -1.394103
-1.136086 -0.842582 -0.691803
-1.027708 -0.883183 -1.831365
-1.038558 -0.678985 -0.482955
-0.968638 -0.883562 -1.392278
-0.987904 -0.723299 -0.704015
-0.872316 -0.838350 -1.557802
-0.831000 -0.623071 -0.474841
-0.726021 -0.723042 -1.093552
-0.589762 -0.526071 -0.454893
-0.395441 -0.521715 -0.883011
-0.188614 -0.302940 -0.150212
0.032282 -0.326357 -0.352618
0.236455 -0.155463 -0.054106
0.433663 -0.231688 -0.275497
0.594959 -0.216229 -0.191818
0.621829 -0.239710 0.004965
0.658703 -0.099684 -0.031547
-0.504282 -0.814265 -0.345863
-0.632692 -0.989747 -0.394682
-0.694029 -1.043758 -0.651246
-0.652479 -0.968676 -0.280818
-0.851839 -0.955699 -0.529213
-0.860617 -0.958879 -0.704090
-1.197328 -0.985803 -0.787282
-1.181754 -0.925936 -0.475671
-1.551224 -0.982750 -0.286793
-1.445887 -1.015773 -0.682897
-1.805547 -1.031064 -0.685624
-1.629478 -0.934384 -0.567273
-1.824741 -0.929994 -0.435605
-1.430099 -0.850857 -0.948184
-1.586528 -0.815135 -1.091907
-1.353441 -0.603532 -0.890631
-1.589885 -0.544509 -0.834375
-1.330354 -0.475804 -1.215897
-1.509415 -0.470626 -1.170280
-1.224822 -0.418025 -1.034002
-1.364083 -0.435805 -0.849844
-1.028480 -0.398428 -0.924090
-1.012285 -0.342309 -0.803783
-0.657211 -0.251053 -0.493723
-0.521084 -0.194556 -0.397291
-0.168915 -0.160448 -0.316922
0.040643 -0.136436 -0.242611
0.350929 -0.016398 -0.157902
0.502565 -0.041383 -0.062114
0.636451 -0.061855 -0.079380
0.623448 -0.122538 0.041820
0.582869 -0.093224 -0.099828
-0.677957 -0.849291 -0.636683
-0.702448 -1.021286 -0.593963
-0.719660 -1.120406 -0.547951
-0.691027 -1.008862 -0.359609
-0.859293 -1.142098 -0.799334
-1.062595 -1.019221 -0.193758
-1.448003 -1.187540 -0.557295
-1.602309 -1.102483 -0.414011
-1.774928 -1.200448 -0.761730
-1.857640 -1.021649 -0.092551
-1.875077 -1.115020 -0.430312
-1.957843 -1.042576 -0.417886
-1.914081 -1.020032 -0.924327
-1.796362 -0.864362 -0.302337
-1.716890 -0.889566 -0.787279
-1.625604 -0.767015 -0.784130
-1.607370 -0.663129 -1.256485
-1.400321 -0.478147 -0.743823
-1.388901 -0.539027 -1.173039
-1.192357 -0.485423 -1.030856
-1.161180 -0.533799 -1.311055
-0.963516 -0.395426 -0.701206
-0.876401 -0.432486 -0.980652
-0.657703 -0.330199 -0.504715
-0.454082 -0.301415 -0.768540
-0.145756 -0.135956 -0.175255
0.151749 -0.097735 -0.383904
0.303784 0.014808 -0.073884
0.486682 0.008529 -0.218844
0.586102 -0.011518 -0.108343
0.614360 -0.016931 -0.044997
0.605031 0.027194 -0.103806
-0.575020 -0.954228 -0.294430
-0.622822 -1.104618 -0.321723
-0.711708 -1.165168 -0.587958
-0.764451 -1.093671 -0.337514
-1.052493 -1.043736 -0.515366
-1.054024 -1.123368 -0.605892
-1.274171 -1.054089 -0.730121
-1.249415 -1.063210 -0.471585
-1.593128 -0.975442 -0.602344
-1.568365 -1.070911 -0.565438
-1.865062 -0.939355 -0.870125
-1.716613 -0.965332 -0.439282
-1.889422 -0.802858 -0.758914
-1.580951 -0.802204 -0.678396
-1.772806 -0.549364 -1.135116
-1.607479 -0.431527 -0.844814
-1.896053 -0.177926 -1.145845
-1.593268 -0.193144 -1.247671
-1.696451 -0.063591 -1.334482
-1.288002 -0.133240 -1.012784
-1.307259 -0.060725 -0.997837
-0.893863 -0.148401 -0.950656
-0.844980 -0.052853 -0.852419
-0.423258 -0.014235 -0.407582
-0.166035 0.050692 -0.463507
0.191051 -0.025762 -0.196569
0.438402 0.012807 -0.294377
0.593681 0.050927 -0.003540
0.699740 0.079843 -0.096911
0.709553 0.044558 0.005459
0.738994 0.037767 0.056712
0.672888 0.076398 -0.058461
-0.615607 -1.090008 -0.534481
-0.687010 -1.267328 -0.558236
-0.684769 -1.364770 -0.514330
-0.771797 -1.246766 -0.406169
-0.880085 -1.291411 -0.766375
-1.016267 -1.136841 -0.321505
-1.168082 -1.191675 -0.618658
-1.247015 -1.107770 -0.446862
-1.337034 -1.128904 -0.879020
-1.453486 -1.009671 -0.044375
-1.568667 -1.074895 -0.651601
-1.661061 -1.026085 -0.252844
-1.664708 -1.000363 -1.102505
-1.491000 -0.868545 -0.015705
-1.603980 -0.811974 -0.993195
-1.576540 -0.647641 -0.621496
-1.666274 -0.488395 -1.448087
-1.464718 -0.295272 -0.590318
-1.429708 -0.338027 -1.373880
-1.184311 -0.293792 -1.000300
-1.131795 -0.305178 -1.413665
-0.818246 -0.146463 -0.529592
-0.788520 -0.197832 -0.990926
-0.458109 -0.067200 -0.480588
-0.194198 -0.043184 -0.762790
0.132792 0.061568 -0.248208
0.385231 0.062538 -0.379407
0.506707 0.112867 -0.095499
0.644889 0.103991 -0.229499
0.714061 0.084262 -0.187993
0.810525 0.093485 -0.022915
0.719386 0.169583 -0.033912
-0.496414 -1.180562 -0.299748
-0.536017 -1.320256 -0.261736
-0.528686 -1.396189 -0.626133
-0.572332 -1.275317 -0.262664
-0.755510 -1.194423 -0.603676
-0.815015 -1.181594 -0.529724
-0.953877 -1.094339 -0.921785
-0.959180 -1.002863 -0.351998
-1.147313 -0.939651 -0.813623
-1.214145 -0.983858 -0.483908
-1.430094 -0.938949 -1.093446
-1.363701 -0.879557 -0.306403
-1.547188 -0.785483 -1.035956
-1.363350 -0.688842 -0.448611
-1.626398 -0.543191 -1.495630
-1.523798 -0.311549 -0.597331
-1.805082 -0.144804 -1.467429
-1.512421 -0.094022 -0.976403
-1.558621 -0.090697 -1.605974
-1.121809 -0.028906 -0.644021
-1.203624 -0.088620 -1.245278
-0.806137 -0.011615 -0.829786
-0.739159 0.005583 -1.115182
-0.313042 0.073966 -0.344709
0.001253 0.080225 -0.520532
0.382303 0.026652 -0.175874
0.556845 0.014490 -0.346653
0.700989 0.020273 -0.018447
0.743070 0.006986 -0.074472
0.756161 -0.008762 0.009476
0.759819 -0.010470 0.094970
0.671230 0.082328 -0.044996
-0.523454 -1.294896 -0.494332
-0.509108 -1.540107 -0.453744
-0.537295 -1.611888 -0.482552
-0.558888 -1.492302 -0.310570
-0.621467 -1.462667 -0.888778
-0.602265 -1.277365 -0.135199
-0.804948 -1.270971 -0.784164
-0.817427 -1.161548 -0.348262
-0.887658 -1.099392 -1.070270
-0.879582 -0.976285 -0.005034
-1.081228 -1.011127 -0.987379
-1.137838 -0.973324 -0.171692
-1.207551 -0.914708 -1.348510
-1.050195 -0.768112 0.178843
-1.238317 -0.749588 -1.299719
-1.224410 -0.558193 -0.184238
-1.392563 -0.432963 -1.722997
-1.106899 -0.296769 -0.217439
-1.167378 -0.400107 -1.532653
-0.904427 -0.315955 -0.640813
-0.962107 -0.255935 -1.614099
-0.589549 -0.059761 -0.428222
-0.516959 -0.141206 -1.153041
-0.201315 0.004534 -0.364045
0.126254 0.032748 -0.936432
0.384114 0.103244 -0.251861
0.573411 0.089372 -0.452439
0.554740 0.102773 -0.131515
0.639904 0.075538 -0.255068
0.634994 0.058883 -0.086379
0.701837 0.057728 0.035702
0.652961 0.145547 -0.060633
-0.336635 -1.241294 -0.181484
-0.426852 -1.386745 -0.330478
-0.399050 -1.454434 -0.496697
-0.443713 -1.350655 -0.257273
-0.567980 -1.245435 -0.537600
-0.589586 -1.210838 -0.463460
-0.684678 -1.062838 -0.771070
-0.683077 -1.006938 -0.455245
-0.819823 -0.912430 -0.781348
-0.810241 -0.980552 -0.485532
-0.965325 -0.914124 -1.058821
-0.997282 -0.937507 -0.473755
-1.145580 -0.797363 -0.945173
-1.059173 -0.813693 -0.469181
-1.285794 -0.584470 -1.268022
-1.253445 -0.505299 -0.701386
-1.388461 -0.289883 -1.161513
-1.069254 -0.319067 -0.812761
-1.103173 -0.176694 -1.414813
-0.768433 -0.132091 -0.802951
-0.744663 -0.051577 -1.091356
-0.406200 -0.016888 -0.754165
-0.337706 -0.002182 -0.989441
0.033384 -0.007893 -0.538400
0.357609 0.002688 -0.620272
0.586101 -0.033964 -0.280591
0.676792 -0.034281 -0.272553
0.716768 -0.038344 -0.029579
0.746289 -0.038598 0.027411
0.777390 -0.046697 -0.045417
0.784033 -0.005663 0.160531
0.710474 0.120065 -0.028372
-0.280647 -1.300371 -0.357206
-0.256624 -1.517274 -0.386346
-0.293406 -1.584788 -0.329528
-0.342400 -1.535226 -0.233314
-0.414197 -1.560657 -0.712720
-0.391790 -1.449873 -0.102826
-0.511504 -1.309227 -0.687141
-0.551963 -1.250670 -0.382612
-0.565799 -1.184422 -1.089542
-0.536312 -1.103447 -0.171541
-0.647429 -1.026400 -1.030751
-0.739889 -1.032055 -0.328851
-0.822485 -0.973266 -1.429498
-0.786026 -0.914933 -0.165150
-0.941913 -0.798811 -1.254753
-0.962863 -0.740216 -0.371197
-1.021504 -0.614157 -1.620636
-0.779908 -0.493646 -0.286305
-0.780587 -0.437233 -1.340037
-0.565631 -0.355377 -0.691774
-0.543264 -0.310011 -1.573262
-0.259735 -0.120951 -0.551368
-0.280957 -0.127539 -1.210262
-0.156136 -0.022819 -0.562637
-0.015659 -0.029498 -0.923702
0.282441 -0.044448 -0.396735
0.454267 -0.049785 -0.482884
0.582940 -0.006741 -0.099132
0.650712 0.039537 -0.102052
0.741664 0.045300 -0.043695
0.825921 0.134118 0.085349
0.747499 0.229513 0.014368
-0.187357 -1.165036 -0.151065
-0.258798 -1.198768 -0.093704
-0.235012 -1.259927 -0.516979
-0.293452 -1.112130 0.009328
-0.406947 -0.998190 -0.493845
-0.475741 -0.956261 -0.142694
-0.493710 -0.901493 -0.912042
-0.467939 -0.879388 -0.137228
-0.605700 -0.796648 -0.913420
-0.599851 -0.850877 -0.191614
-0.701247 -0.814359 -1.432955
-0.569995 -0.824918 -0.137674
-0.709248 -0.664952 -1.224849
-0.622227 -0.650581 -0.141209
-0.760739 -0.535592 -1.692755
-0.616748 -0.513424 -0.047862
-0.817497 -0.322057 -1.400143
-0.505999 -0.305933 -0.336188
-0.559281 -0.165469 -1.621072
-0.260086 -0.129943 -0.320156
-0.297777 -0.053577 -1.287272
0.030393 -0.010821 -0.516153
0.161404 -0.014093 -1.169801
0.348995 -0.057315 -0.393225
0.491071 -0.062276 -0.774202
0.599932 -0.080604 -0.095653
0.678457 -0.109029 -0.307420
0.740620 -0.052845 0.113494
0.758353 -0.029169 0.158962
0.808141 0.051449 0.213308
0.810726 0.107998 0.313993
0.731746 0.319086 0.074151
-0.129928 -1.147375 -0.310269
-0.071015 -1.226570 -0.172222
-0.062815 -1.329266 -0.368025
-0.056857 -1.197030 0.014132
-0.177520 -1.195256 -0.758663
-0.124798 -1.033935 0.209573
-0.248333 -1.008808 -0.685145
-0.268471 -0.958797 -0.068932
-0.357949 -0.971179 -1.185310
-0.250491 -0.906148 0.092431
-0.323844 -0.856158 -1.186855
-0.317295 -0.817628 0.003662
-0.420883 -0.822170 -1.782288
-0.240104 -0.679060 0.251011
-0.257014 -0.593349 -1.427021
-0.218291 -0.471138 0.074923
-0.389933 -0.454398 -1.919719
-0.144265 -0.328391 0.237887
-0.084119 -0.308840 -1.383367
-0.044707 -0.197711 -0.215074
-0.233562 -0.215777 -1.605412
-0.050745 -0.054308 -0.188884
0.058282 -0.140595 -1.161652
0.309843 -0.065683 -0.210759
0.384416 -0.097064 -0.780910
0.524773 -0.052616 -0.199893
0.617547 -0.136766 -0.327517
0.641912 0.007081 0.110233
0.685679 0.002234 0.012849
0.715313 0.205404 0.266055
0.795899 0.308960 0.296742
0.723416 0.412805 0.127226
-0.099436 -1.042378 -0.024332
-0.124200 -1.025897 -0.109980
-0.077676 -1.087731 -0.239045
-0.105144 -0.968291 -0.008264
-0.180019 -0.921462 -0.289878
-0.251913 -0.882018 -0.105133
-0.248898 -0.874473 -0.725389
-0.232260 -0.866035 -0.033923
-0.336127 -0.786882 -0.856812
-0.379592 -0.796614 -0.056453
-0.493152 -0.711746 -1.253521
-0.412666 -0.695283 -0.008276
-0.556141 -0.575349 -1.063227
-0.487518 -0.487795 0.117658
-0.572732 -0.452003 -1.321509
-0.385423 -0.363528 0.034381
-0.402207 -0.283128 -1.003704
-0.292735 -0.209271 -0.033341
-0.325906 -0.175752 -1.177574
-0.143600 -0.120063 -0.276686
-0.032682 -0.111950 -0.737589
0.128788 -0.116164 -0.317335
0.239761 -0.151681 -0.532619
0.461459 -0.010927 -0.194418
0.584777 -0.017693 -0.279057
0.653116 0.149449 0.286384
0.649622 0.033872 0.199109
0.686331 0.292913 0.523887
0.708739 0.265509 0.453642
0.748002 0.548855 0.476012
0.719058 0.443562 0.638404
0.636030 0.658828 0.502450
-0.023227 -1.028256 -0.172020
0.036062 -1.074277 -0.166160
0.116932 -1.132381 -0.120067
0.158186 -1.050224 -0.071370
0.060549 -1.041464 -0.441352
0.051024 -0.923903 0.028930
0.015483 -0.881196 -0.489774
0.040798 -0.864796 -0.135348
-0.007980 -0.881030 -0.862954
0.007898 -0.848116 0.001129
-0.136882 -0.824092 -1.075441
-0.271630 -0.707753 -0.086497
-0.432751 -0.713603 -1.481990
-0.365384 -0.548101 0.071738
-0.437065 -0.476217 -1.195583
-0.407286 -0.321701 -0.050412
-0.446788 -0.311232 -1.264587
-0.313987 -0.208513 -0.074846
-0.387228 -0.201079 -0.845842
-0.242085 -0.162625 -0.207658
-0.200191 -0.180547 -0.927627
0.148007 -0.136108 -0.344815
0.351900 -0.160347 -0.702455
0.598062 -0.010945 -0.226511
0.600178 -0.062224 -0.240871
0.658829 0.084965 -0.015945
0.666895 0.052044 0.090478
0.688316 0.268731 0.356143
0.668800 0.389456 0.537982
0.703662 0.552474 0.696590
0.754465 0.630124 0.637093
0.683241 0.687911 0.497287
0.069912 -0.948193 -0.036899
0.088546 -0.932372 0.079619
0.204085 -0.969937 -0.254877
0.237886 -0.899326 0.108601
0.206922 -0.829320 -0.230949
0.115413 -0.799789 0.063148
0.152408 -0.766852 -0.596806
0.217315 -0.766691 0.093920
0.129486 -0.670926 -0.674005
0.066935 -0.686947 0.077682
-0.107620 -0.610175 -1.046012
-0.108473 -0.568925 0.083518
-0.374467 -0.475605 -0.878465
-0.348829 -0.409544 0.106588
-0.436011 -0.342796 -1.008160
-0.241254 -0.268812 0.174394
-0.308790 -0.195409 -0.708483
-0.140854 -0.157583 0.096198
-0.218976 -0.071443 -0.609701
-0.095095 -0.060304 -0.116759
0.035677 -0.075585 -0.458800
0.406409 -0.036692 -0.067079
0.562547 -0.050171 -0.045771
0.637133 0.257707 0.324022
0.648586 0.247515 0.257557
0.661925 0.626960 0.548890
0.625390 0.596615 0.271873
0.663093 0.843954 0.908655
0.636886 0.995982 0.683190
0.706211 1.069543 0.816053
0.713302 1.042265 0.790296
0.659811 1.046797 0.709696
0.222751 -0.971816 -0.199971
0.271495 -1.018871 0.054099
0.365190 -1.061018 -0.195290
0.391625 -0.959811 0.159468
0.389482 -0.910623 -0.577617
0.392058 -0.808661 0.337629
0.368448 -0.778288 -0.427830
0.408876 -0.708538 0.100574
0.376178 -0.705622 -0.774852
0.407393 -0.620276 0.282295
0.356932 -0.588112 -0.799727
0.200722 -0.505029 0.084106
0.020758 -0.499933 -1.139135
-0.023541 -0.355278 0.359280
0.061512 -0.330298 -0.913857
0.095281 -0.164784 0.243813
0.056264 -0.160763 -0.859425
0.143080 -0.006689 0.443309
0.288401 -0.015905 -0.510838
0.364050 0.056731 0.139979
0.427051 0.077385 -0.306387
0.594227 0.120913 0.243738
0.694363 0.020319 -0.248556
0.715910 0.241696 0.205820
0.736539 0.202836 0.112544
0.695987 0.433930 0.635109
0.733339 0.424655 0.406548
0.713652 0.605865 0.704086
0.732509 0.691058 0.637070
0.686068 0.886289 0.957627
0.782324 0.972168 0.756260
0.674691 0.969444 0.574862
0.210377 -0.882583 -0.002892
0.259852 -0.887765 0.087397
0.420329 -0.926022 -0.102525
0.429300 -0.856289 0.126443
0.484422 -0.812455 -0.110184
0.473778 -0.741342 0.069691
0.471201 -0.697142 -0.238445
0.505115 -0.645937 0.188061
0.475300 -0.591453 -0.354812
0.491446 -0.487063 0.174060
0.355711 -0.430194 -0.660454
0.341097 -0.327031 0.248996
0.183888 -0.332048 -0.650389
0.151440 -0.218499 0.214388
0.131952 -0.298096 -0.593603
0.317842 -0.128224 0.396987
0.383901 -0.122032 -0.358649
0.486849 0.042955 0.355110
0.495022 0.068700 -0.176870
0.652857 0.252570 0.176644
0.731765 0.158768 -0.067506
0.806601 0.699715 0.409838
0.770510 0.465444 0.134787
0.788975 0.789204 0.678317
0.742683 0.736236 0.205490
0.714318 0.877882 1.141845
0.713213 0.908098 0.565197
0.724683 1.159346 1.160168
0.747160 1.274921 0.569353
0.836656 1.370442 1.127459
0.845883 1.366091 0.910071
0.731825 1.312051 0.993321
0.372075 -0.934943 -0.097700
0.460521 -0.988011 0.013341
0.608550 -1.057546 -0.027609
0.609736 -0.988278 0.018007
0.593114 -0.962595 -0.229741
0.580490 -0.848435 0.210786
0.586392 -0.804283 -0.195894
0.601270 -0.678936 0.103336
0.611465 -0.626279 -0.341818
0.678935 -0.514354 0.151783
0.714374 -0.448225 -0.393713
0.704410 -0.317173 0.103669
0.599359 -0.329187 -0.597365
0.516892 -0.200729 0.210259
0.544204 -0.265152 -0.473742
0.703620 -0.081558 0.170721
0.758890 -0.121008 -0.347688
0.823975 0.073369 0.321390
0.908219 0.085659 -0.101992
0.979800 0.236066 0.334114
0.950750 0.251864 0.057686
0.991615 0.360851 0.324748
1.016727 0.285382 0.214859
1.025194 0.439287 0.534960
0.967817 0.395639 0.286664
0.859491 0.602053 0.696524
0.863948 0.630088 0.410569
0.856448 0.740584 0.877518
0.871766 0.814084 0.668144
0.790923 1.039519 1.012265
0.896257 1.068865 0.900917
0.799933 1.051897 0.700875
0.412320 -0.860732 -0.046457
0.451846 -0.906843 0.140283
0.652747 -0.905174 -0.247624
0.699517 -0.828492 0.159770
0.705988 -0.765515 -0.144383
0.640042 -0.748928 0.085336
0.621525 -0.656354 -0.253493
0.660535 -0.583217 0.096830
0.611317 -0.486669 -0.055620
0.642117 -0.372941 0.110455
0.584030 -0.297545 -0.221054
0.690319 -0.168348 0.058872
0.592101 -0.183446 -0.127149
0.687609 -0.107102 0.131887
0.734505 -0.091836 -0.023431
0.921710 -0.011237 0.187645
0.981028 0.017564 0.162309
1.096975 0.141840 0.359875
1.080483 0.240520 0.109418
1.235296 0.438461 0.431137
1.160691 0.463316 0.218040
1.190036 0.681848 0.621048
1.137943 0.643013 0.171714
1.133847 0.810049 0.977096
1.044784 0.712901 0.486917
1.046005 0.928973 0.982577
0.993252 0.889160 0.372686
1.007421 1.152357 1.264311
0.898977 1.188693 0.775405
0.957260 1.324928 1.028763
0.974342 1.254693 0.901239
0.860550 1.314656 0.884997
0.623006 -0.868276 -0.200209
0.721141 -0.939833 0.127091
0.861645 -1.020925 -0.201546
0.839960 -0.950685 0.138351
0.845331 -0.911641 -0.446122
0.805904 -0.810284 0.393372
0.862985 -0.796841 -0.271258
0.831700 -0.666690 0.119818
0.787322 -0.597709 -0.349082
0.785187 -0.435411 0.192155
0.869910 -0.349332 -0.155871
0.942622 -0.184760 0.013747
0.986100 -0.136821 -0.078198
1.064674 -0.056389 0.223057
1.217762 -0.082038 0.025232
1.390635 0.008390 0.171415
1.435160 0.032254 0.099442
1.479544 0.173723 0.498549
1.517429 0.205677 0.168655
1.524481 0.385283 0.494093
1.474307 0.383317 0.142723
1.370438 0.510251 0.754349
1.427570 0.433382 0.298918
1.337503 0.596172 0.775541
1.308087 0.540828 0.310888
1.197640 0.713105 1.105044
1.231863 0.635543 0.411577
1.134414 0.844264 0.884585
1.030855 0.837143 0.629798
0.898924 0.964404 1.009051
0.947756 0.975723 0.732224
0.867002 1.015270 0.686454
0.422091 -0.783737 -0.115615
0.579694 -0.822330 -0.023728
0.724665 -0.825085 -0.152614
0.811996 -0.769840 -0.015227
0.873924 -0.757525 -0.185088
0.900514 -0.735158 -0.107228
0.861708 -0.632610 -0.146379
0.847748 -0.544990 0.029024
0.843244 -0.423678 -0.119049
0.860608 -0.223744 -0.003626
0.863899 -0.094537 -0.031676
1.004097 0.030701 0.163267
1.135732 0.048878 -0.091773
1.330191 0.078698 0.132287
1.418487 0.110383 0.083813
1.563463 0.183444 0.420747
1.689031 0.220171 -0.053599
1.798462 0.309098 0.238918
1.793467 0.405134 0.122944
1.756282 0.574043 0.552552
1.745004 0.568355 -0.036756
1.711430 0.685807 0.515862
1.638702 0.706379 0.346900
1.554616 0.821278 0.762935
1.531280 0.751801 0.280945
1.504964 0.902060 0.874615
1.441636 0.932226 0.622685
1.323163 1.122517 0.922536
1.215755 1.111428 0.453172
1.160129 1.168420 0.861836
1.077022 1.132678 0.895493
0.873627 1.158907 0.884112
0.548335 -0.823485 -0.134357
0.652029 -0.923620 -0.093765
0.810973 -1.003797 -0.027521
0.873435 -0.903999 -0.197914
0.924107 -0.953669 -0.071795
0.886467 -0.863016 0.066260
0.910829 -0.872352 -0.091742
0.896335 -0.710432 -0.074066
0.868047 -0.655650 -0.134405
0.836738 -0.425650 0.059378
0.945221 -0.366467 -0.110075
1.040353 -0.016595 0.101558
1.191902 0.038521 0.047319
1.300969 0.078499 0.322711
1.550798 0.084137 -0.021096
1.710469 0.068168 0.295328
1.765742 0.120560 0.174032
1.699764 0.173023 0.626852
1.808788 0.209294 0.127009
1.790553 0.329814 0.486807
1.740414 0.372937 0.328253
1.582554 0.472473 0.728255
1.635653 0.451257 0.285856
1.581788 0.506248 0.677359
1.542022 0.497564 0.527670
1.380648 0.551730 0.844802
1.371415 0.552938 0.523852
1.325596 0.670427 0.714358
1.211238 0.674623 0.800101
1.018796 0.742076 0.775748
0.985246 0.756243 0.974845
0.835969 0.798801 0.776020
0.034928 -0.675840 -0.156082
0.246955 -0.720597 -0.185677
0.399363 -0.682023 -0.430350
0.668607 -0.680453 -0.155758
0.737659 -0.725559 -0.186179
0.836245 -0.728147 -0.162035
0.817565 -0.676721 -0.244449
0.820839 -0.571200 -0.013147
0.819316 -0.459489 -0.134370
0.884475 -0.182620 0.085326
0.911422 -0.061294 -0.064935
1.023488 0.101306 0.216789
1.149024 0.122013 0.094955
1.330165 0.137915 0.204337
1.357698 0.144531 0.076211
1.495488 0.172507 0.391765
1.546989 0.177975 0.136755
1.701694 0.213832 0.277034
1.647796 0.285949 -0.022052
1.703595 0.444831 0.408712
1.648518 0.462107 0.192186
1.767565 0.534426 0.289501
1.607689 0.547377 0.106681
1.591086 0.679579 0.555965
1.473527 0.628902 0.418106
1.551377 0.703665 0.498191
1.391524 0.649204 0.356432
1.335057 0.866782 0.750212
1.166600 0.841461 0.695228
1.241730 0.937936 0.653622
1.053335 0.743699 0.649035
0.874249 0.861647 0.492789
0.144905 -0.554969 -0.120461
0.174696 -0.630152 0.121115
0.434775 -0.700130 0.038668
0.537034 -0.655704 0.111584
0.657002 -0.644170 -0.123207
0.644013 -0.608504 0.059171
0.701177 -0.605355 -0.097828
0.704712 -0.491163 -0.060943
0.748947 -0.412750 -0.196671
0.746034 -0.174767 0.030686
0.855416 -0.036465 -0.060146
0.926657 0.181898 0.107654
1.078712 0.247091 0.024194
1.132872 0.250327 0.216612
1.306495 0.243861 0.184782
1.337044 0.186801 0.303388
1.459566 0.215756 0.223067
1.383662 0.198367 0.491031
1.537064 0.273395 0.316565
1.482356 0.344181 0.353533
1.528185 0.451900 0.264751
1.370215 0.472739 0.540660
1.495085 0.505468 0.383478
1.406945 0.539225 0.457120
1.384525 0.569859 0.408306
1.221280 0.597492 0.672607
1.297120 0.574558 0.581829
1.202442 0.648371 0.592693
1.174523 0.703830 0.616196
0.976771 0.728935 0.835003
0.942338 0.656340 0.725327
0.776175 0.677360 0.634567
