1.170937 -0.270563 -0.230386
1.354711 -0.182140 0.162428
1.420484 -0.184196 0.514356
0.765933 0.598575 -0.342526
1.313413 -0.558070 0.632212
1.444459 0.925044 -0.097314
1.179807 -0.129268 0.538468
0.792043 0.721816 0.283365
1.529483 0.649380 0.042837
0.742559 0.885960 0.131174
0.664196 0.259040 0.621352
1.230320 0.221630 0.232040
0.476997 0.333727 0.792776
1.192867 -0.230248 1.153803
0.459810 0.530355 0.576532
1.359731 -0.525634 0.214962
1.091365 -0.255097 -0.164214
1.261348 -0.518452 0.365280
0.351035 0.734259 -0.114628
-0.078172 0.418083 -0.516813
1.579975 -0.446524 0.127530
1.336837 0.903956 0.107384
1.408270 0.426825 -0.293259
0.307441 0.126649 -0.555437
0.633377 -0.222277 0.867861
1.266116 -0.391224 0.713829
0.224547 0.770585 -0.049833
1.517407 -0.597242 0.430259
-0.647214 0.323470 0.022513
1.253773 -0.210162 0.164244
-0.489134 0.257391 -0.544299
0.992710 0.136746 -0.255301
1.390719 0.577097 -0.349486
1.364625 -0.000945 -0.137505
1.346756 0.324499 -0.188175
1.519789 0.423523 -0.039138
1.468882 -0.382252 0.422489
1.200632 0.258144 -0.307651
1.271934 -0.019306 0.706717
0.554903 0.502241 -0.509201
0.396435 0.362885 0.534439
1.014695 0.288563 0.374310
1.011427 -0.326822 0.611247
0.418457 -0.270836 -0.616009
0.287038 0.171271 -0.452949
0.735379 -0.423339 -0.283167
-0.405519 -0.335849 0.238657
1.299011 0.231327 0.652203
0.205566 0.425172 -0.407067
1.439858 -0.292374 0.816503
1.363832 -0.309788 0.585054
1.245068 0.365119 0.203870
1.153350 0.395280 0.147260
0.473191 -0.091106 1.010038
0.545368 -0.157349 0.700196
1.550808 -0.451011 0.254899
1.339527 -0.122189 -0.302682
1.189955 0.654962 0.242712
-0.474789 0.417611 -0.282282
1.348191 0.570733 0.093532
-0.183693 0.179161 -0.378996
0.443682 0.710538 -0.410530
-0.061625 -0.495022 0.300340
0.749351 -0.558123 0.369445
0.237127 -0.517368 -0.285124
0.856108 -0.152604 -0.426349
0.073207 0.470729 0.589112
0.966842 -0.181107 0.848176
0.576273 0.681781 0.389457
-0.046596 0.179057 0.859006
1.346173 0.532096 -0.016376
1.233574 0.413341 0.012849
-0.174078 0.021007 0.843137
1.566365 -0.274436 0.649281
1.362061 0.727279 -0.379202
1.203264 -0.098471 -0.016642
1.232744 -0.009912 0.678184
1.022776 -0.328195 -0.118085
1.144754 -0.287916 0.591974
1.144921 0.685795 -0.012411
0.892708 -0.515110 0.060658
-0.309500 -0.205292 0.454741
1.468068 0.258032 -0.122205
-0.762575 0.197886 0.534592
1.090985 -0.484324 -0.043550
0.466614 -0.115627 -0.528665
1.180001 -0.211448 0.006584
1.239228 -0.171284 -0.012737
-0.063955 0.650337 -0.041544
1.275654 0.109176 -0.181902
-0.682001 -0.141124 0.357221
1.312006 -0.138267 0.261016
0.732338 0.189862 0.990281
-0.130353 0.048156 0.605014
1.259059 0.116535 0.343235
1.354173 -0.109252 0.640334
0.335182 -0.645833 0.209949
0.938916 0.488126 -0.407838
1.376822 -0.082257 0.402745
0.213212 -0.131515 -0.511274
-0.330644 0.229204 0.508018
0.450473 0.769280 0.311989
1.205073 -0.193459 -0.193404
0.959407 -0.249533 0.942808
1.163425 0.003064 -0.336942
1.013312 0.832018 -0.287503
0.033140 0.708956 0.128439
0.460800 0.659434 -0.319814
1.296466 0.143040 0.437731
0.895627 0.216478 -0.520404
-0.460447 0.603420 0.241096
0.944804 -0.239242 -0.334642
1.550776 -0.434591 0.581433
1.313320 0.179068 0.049362
1.318034 -0.198466 0.201670
-0.496855 0.017032 -0.219645
0.645818 -0.376208 0.687001
1.325136 0.198362 0.028629
1.237815 0.359337 -0.395945
-0.337703 0.441338 -0.227355
1.515133 -0.304749 0.268997
1.283489 -0.404055 0.444642
0.651557 -0.304665 -0.465032
1.471359 0.337344 -0.048400
1.284330 -0.024295 0.052077
1.423995 0.548567 0.154567
1.240334 0.170214 -0.210459
1.077205 0.492471 0.518695
1.266003 -0.518735 0.299708
-0.573084 0.163769 -0.135652
1.451552 0.312583 -0.060228
0.587336 -0.473212 -0.358742
0.114387 0.582692 -0.228388
1.243821 0.741191 0.222750
-0.088988 -0.161429 -0.555073
1.429976 -0.266068 0.763427
1.314334 0.293475 0.194059
0.311421 0.515436 0.492002
-0.063345 -0.329275 -0.396120
0.669311 0.825041 -0.297189
1.123771 -0.182366 -0.534334
-0.108130 0.501695 -0.279987
-0.106661 -0.213503 0.708943
0.598884 0.361689 -0.399046
1.194673 0.024149 0.728207
1.415342 -0.125967 0.075870
-0.266944 -0.117484 -0.360898
0.272725 -0.053601 0.807251
-0.114579 0.638318 0.221619
1.039613 0.669355 0.065392
1.288562 -0.163792 0.016904
1.313403 0.805906 -0.199191
1.241799 0.273745 -0.070432
0.648041 0.077555 -0.683204
0.244133 -0.111623 -0.620494
0.781645 -0.012722 0.577783
1.325322 0.311375 0.101205
-0.412220 0.614170 0.044474
1.313559 -0.547291 -0.132392
0.206091 0.056318 0.823174
-0.704842 -0.174182 -0.185044
1.243055 0.286658 -0.469499
1.255649 0.355567 -0.049194
1.300538 0.041716 0.368049
1.168849 0.450406 -0.325368
1.513858 0.566182 -0.184419
1.204285 -0.059533 0.082127
0.978087 0.464576 -0.199147
1.322062 0.226069 0.078936
0.261660 -0.333384 -0.378967
1.319897 0.388773 0.125166
0.126869 0.293692 0.650610
0.633197 0.043224 0.883970
1.320315 0.754984 0.133045
1.301179 0.178254 -0.309275
1.050671 0.514045 0.336467
1.428435 0.552490 0.114415
1.248970 -0.034285 -0.087985
0.414808 -0.624822 0.160347
1.514729 -0.191844 0.395679
1.381933 0.700517 -0.035032
0.719040 0.681180 -0.025276
1.353956 0.608365 0.021911
1.422189 0.625903 -0.279383
0.959759 -0.162672 0.401182
1.318187 -0.284032 0.202353
1.441898 0.759752 -0.256079
-0.327456 0.281687 -0.280352
1.422796 -0.183934 0.470912
0.659877 0.241587 -0.505293
0.369262 0.409958 -0.675637
1.286909 0.308794 0.013586
1.158180 -0.443387 -0.132575
0.761608 0.516898 -0.511997
-0.440879 0.122165 0.623449
1.431317 -0.210622 0.149237
1.250663 -0.361858 0.033203
1.206464 -0.540801 0.343267
-0.092774 -0.508571 0.164809
1.449469 0.489480 -0.358136
1.331031 0.435764 0.336736
0.656193 0.920126 0.028037
1.300838 0.581419 0.074470
0.317734 0.111400 0.669833
1.229644 -0.553788 0.109486
1.309267 0.610958 0.484048
-0.064234 0.204277 -0.421862
1.362957 0.235450 0.175430
0.273434 -0.188882 0.619107
1.434202 -0.350887 -0.048089
1.312414 0.832791 -0.085814
1.386903 0.517490 0.077629
1.316968 0.566805 -0.175056
1.209270 0.343565 0.546318
-0.361418 0.431858 0.492518
0.054597 -0.379867 -0.297973
0.179242 0.463352 -0.258355
1.203095 0.200145 -0.088602
0.145189 0.226219 -0.554995
1.387632 0.579314 0.144488
-0.154213 0.116063 -0.586375
0.144878 0.635840 0.463912
-0.704392 0.205341 -0.148441
0.591246 -0.408292 0.532359
-0.459246 -0.106358 0.683951
1.434332 -0.215110 0.250019
0.502231 -0.637839 -0.118985
-0.375169 -0.019555 -0.450357
1.459346 -0.474832 0.618812
0.771074 -0.527213 -0.108897
1.314366 0.489710 0.235149
1.125695 0.083547 -0.391921
-0.293189 -0.480044 0.033411
-0.068106 -0.035416 -0.437166
0.581724 -0.220439 -0.422874
1.255698 0.101806 0.017621
0.220184 -0.585937 0.495249
0.860366 0.551970 0.369871
-0.521090 -0.147976 0.030938
-0.233409 0.430781 -0.058757
0.838009 0.396968 -0.411511
-0.071621 -0.402384 0.560550
0.902168 -0.576489 0.213542
1.453276 0.718666 0.144202
-0.450824 -0.295819 -0.296516
1.005668 0.237349 0.545287
-0.577590 0.312577 0.325394
1.275664 -0.087027 0.463602
0.109127 -0.248232 -0.383363
-0.489495 -0.321761 0.038941
-0.134132 -0.500623 -0.456114
1.392225 -0.309933 0.174895
-0.062487 -0.595391 -0.202603
0.260751 0.713250 0.230172
1.011597 0.764101 -0.198678
0.039216 -0.339575 0.471151
0.199580 -0.571110 -0.104710
0.235655 -0.567058 0.375868
0.159269 -0.533095 -0.310087
0.014095 -0.422413 0.603721
-0.224767 -0.518336 -0.010945
-0.338072 -0.461898 0.656081
-0.344927 -0.549677 -0.233047
-0.397978 -0.451392 0.759225
-0.645785 -0.662595 0.227033
-0.595919 -0.599132 0.592022
-0.613819 -0.631106 0.027380
-0.554906 -0.461326 0.827339
-0.723901 -0.536396 0.198142
-0.632131 -0.429849 0.473099
-0.599106 -0.427088 -0.190510
-0.636364 -0.295674 0.725426
-0.856245 -0.320029 -0.198945
-0.877998 -0.111017 0.253472
-0.787710 -0.039582 -0.607417
-0.799679 0.124352 0.364985
-0.889090 0.176872 -0.447651
-0.861491 0.252919 -0.051830
-0.711552 0.252070 -0.585035
-0.595908 0.300558 0.330714
-0.564362 0.283165 -0.235827
-0.458387 0.277586 0.194868
-0.260228 0.316479 -0.380019
-0.175933 0.335762 0.457749
-0.150427 0.382898 0.008919
-0.086720 0.414533 0.456205
0.007074 0.496177 0.064101
0.030159 0.548641 0.314552
-0.145693 -0.514826 -0.132567
-0.043357 -0.576169 0.107373
-0.163391 -0.591965 0.229620
-0.264877 -0.545161 0.499726
-0.450438 -0.556876 -0.030903
-0.556974 -0.474250 0.763378
-0.796502 -0.679940 0.417986
-0.871954 -0.627054 0.712661
-1.033130 -0.811873 0.323574
-1.101983 -0.738651 0.966215
-1.283909 -0.965883 0.927305
-1.115582 -0.757580 0.871520
-1.076771 -0.714542 0.601222
-0.958999 -0.535267 0.873952
-1.019118 -0.619836 0.615153
-0.988403 -0.483208 0.563384
-0.996691 -0.354257 -0.039697
-1.042209 -0.189482 0.628569
-1.049695 -0.134455 0.063258
-1.031966 0.035768 0.079978
-0.911486 0.104681 -0.373695
-0.910024 0.177428 0.345061
-0.842669 0.097237 -0.091014
-0.692094 0.120676 0.167877
-0.534186 0.130676 -0.320873
-0.466408 0.143060 0.494686
-0.442404 0.106859 0.200343
-0.309012 0.134845 0.475901
-0.242154 0.265036 -0.007747
-0.197580 0.207559 0.629433
-0.168463 0.279658 0.585783
-0.035179 0.334268 0.534431
-0.266030 -0.516395 0.243001
-0.349840 -0.646693 0.349587
-0.569161 -0.652009 0.037031
-0.612176 -0.541224 0.522774
-0.863286 -0.549950 0.312052
-0.889693 -0.510470 0.303854
-1.180411 -0.634504 0.321196
-1.123360 -0.598114 0.585420
-1.469829 -0.750047 0.893351
-1.171549 -0.699910 0.443491
-1.501588 -0.787765 0.801708
-1.189325 -0.674041 0.654273
-1.410308 -0.696623 0.893650
-1.120336 -0.444870 0.343141
-1.191137 -0.426627 0.310692
-1.097708 -0.306576 0.374666
-1.285201 -0.294957 0.301208
-1.259814 0.041473 -0.100162
-1.409612 0.147861 -0.418610
-1.412326 0.354751 -0.113257
-1.526475 0.453363 -0.270751
-1.423793 0.457711 -0.312891
-1.372815 0.458053 -0.461100
-1.175549 0.460924 -0.011266
-1.105937 0.438284 -0.134922
-0.803619 0.394915 -0.012261
-0.662739 0.425398 -0.243821
-0.481459 0.434528 0.345757
-0.466563 0.472311 0.164009
-0.323255 0.495674 0.431455
-0.311218 0.487045 0.071143
-0.172080 0.542358 0.117259
-0.587718 -0.493291 -0.053707
-0.673142 -0.592157 0.171804
-0.750825 -0.638594 0.181226
-0.766169 -0.596335 0.436349
-0.941844 -0.656914 -0.031423
-1.133742 -0.647154 0.725640
-1.431994 -0.843768 0.450489
-1.579152 -0.873981 0.616859
-1.775743 -1.071677 0.453587
-1.829531 -1.059661 1.039532
-2.005868 -1.186230 1.105871
-1.774418 -1.085716 0.847117
-1.644078 -0.873424 0.716359
-1.404655 -0.713300 0.745367
-1.307901 -0.648865 0.676700
-1.198207 -0.446244 0.449502
-1.177515 -0.269081 -0.018822
-1.148144 -0.186506 0.451383
-1.150904 0.005466 0.012669
-1.129268 0.219604 -0.089507
-1.054501 0.296627 -0.407215
-1.045128 0.393209 0.057005
-1.021012 0.311822 -0.264753
-0.934256 0.342022 0.015398
-0.753713 0.347534 -0.428816
-0.646467 0.334596 0.365140
-0.546481 0.338063 -0.003431
-0.422993 0.275784 0.443534
-0.339624 0.408221 -0.153222
-0.328535 0.364354 0.619601
-0.325845 0.437957 0.313059
-0.157677 0.452528 0.487313
-0.530456 -0.581738 0.174340
-0.630841 -0.605388 0.300122
-0.807127 -0.662327 0.132548
-0.851660 -0.578223 0.326350
-1.079645 -0.571241 0.372286
-1.142465 -0.626863 0.261422
-1.327070 -0.725254 0.310690
-1.438099 -0.762806 0.605462
-1.677058 -0.820301 0.696524
-1.548663 -0.851721 0.456527
-1.634010 -0.817132 0.444371
-1.540531 -0.699073 0.676038
-1.448185 -0.559539 0.606150
-1.247579 -0.383985 0.525598
-1.226073 -0.314532 0.045878
-1.221810 -0.196299 0.379773
-1.344195 -0.054481 0.027673
-1.389894 0.304172 0.022277
-1.616336 0.537470 -0.581072
-1.609684 0.645481 -0.183616
-1.611694 0.757262 -0.296648
-1.481856 0.647100 -0.216216
-1.405090 0.656104 -0.421701
-1.251036 0.601207 -0.102398
-1.026392 0.564834 -0.111168
-0.808025 0.477502 0.116443
-0.634203 0.484440 -0.069658
-0.528470 0.492697 0.141234
-0.388961 0.520870 0.170835
-0.367116 0.525122 0.361658
-0.308948 0.510150 0.246041
-0.253688 0.562273 0.276579
-0.535193 -0.609999 -0.025311
-0.653567 -0.640025 0.107552
-0.716184 -0.709166 0.182345
-0.804242 -0.639906 0.262816
-0.892838 -0.651532 0.057552
-1.036180 -0.645423 0.384660
-1.204759 -0.759941 0.452920
-1.371521 -0.844182 0.514952
-1.518828 -0.947486 0.155626
-1.612656 -0.906767 0.965763
-1.658910 -1.029135 0.740281
-1.657007 -0.908953 0.942497
-1.521047 -0.740528 0.230369
-1.401210 -0.601182 0.895832
-1.199397 -0.457312 0.169534
-1.278037 -0.319242 0.596235
-1.289777 -0.100133 -0.218699
-1.355106 -0.017918 0.477171
-1.307454 0.241015 -0.267300
-1.274233 0.457433 0.029307
-1.178356 0.496480 -0.467137
-1.164382 0.565987 0.090755
-1.138950 0.512786 -0.274198
-1.027166 0.478169 -0.036187
-0.869896 0.471568 -0.266823
-0.762501 0.426109 0.189282
-0.648756 0.450399 0.044316
-0.560053 0.386417 0.218491
-0.436307 0.446619 0.008048
-0.444272 0.427638 0.403540
-0.344328 0.487684 0.413445
-0.239170 0.481172 0.396321
-0.400349 -0.596275 0.111733
-0.480709 -0.577314 0.300932
-0.550445 -0.642699 0.004672
-0.611262 -0.546911 0.368395
-0.751122 -0.536398 0.141270
-0.853013 -0.525192 0.350944
-0.877675 -0.634041 0.033160
-0.978413 -0.630227 0.614139
-1.034313 -0.670434 0.331417
-1.107056 -0.650089 0.607837
-1.062081 -0.711332 -0.029896
-1.186253 -0.581019 0.822713
-1.221862 -0.469106 0.264766
-1.270024 -0.282318 0.586561
-1.209976 -0.261227 -0.355950
-1.265758 -0.098660 0.568229
-1.408490 0.071007 -0.373455
-1.562199 0.366865 0.288665
-1.690638 0.516018 -0.952984
-1.625360 0.555343 0.393423
-1.581322 0.672777 -0.613105
-1.375097 0.606435 -0.072992
-1.197090 0.617546 -0.662685
-1.031487 0.578449 0.124285
-0.945175 0.596073 -0.215752
-0.735467 0.523159 -0.093468
-0.610334 0.572449 -0.218156
-0.507913 0.574504 0.154889
-0.463921 0.653113 0.153460
-0.364240 0.634341 0.190300
-0.342149 0.593604 0.170236
-0.269392 0.624992 0.203466
-0.327602 -0.581567 -0.028059
-0.369607 -0.591651 0.212172
-0.428509 -0.671235 0.117727
-0.469423 -0.607631 0.316887
-0.552850 -0.606770 -0.142108
-0.603094 -0.563315 0.546218
-0.695556 -0.612076 0.146752
-0.803784 -0.638895 0.503307
-0.814605 -0.711448 -0.230609
-0.865577 -0.621452 0.978154
-0.970079 -0.724704 0.212023
-1.094386 -0.658487 0.899474
-1.042868 -0.611935 -0.243707
-1.066992 -0.438391 1.064572
-1.021799 -0.350480 -0.108424
-1.106444 -0.241988 0.752929
-1.186554 -0.024500 -0.578852
-1.250992 0.093438 0.731239
-1.233266 0.174874 -0.595143
-1.173307 0.274885 0.417044
-1.080034 0.375857 -0.844990
-0.953283 0.446559 0.434734
-0.919998 0.383977 -0.510933
-0.840320 0.387696 0.079024
-0.688098 0.448301 -0.572703
-0.624136 0.476640 0.244825
-0.594604 0.470159 -0.119421
-0.526325 0.430616 0.205371
-0.432237 0.541151 -0.102831
-0.392765 0.483853 0.280304
-0.322895 0.496972 0.258180
-0.184456 0.494300 0.294282
-0.182386 -0.537436 0.135448
-0.225538 -0.486195 0.304417
-0.246396 -0.591677 -0.040008
-0.281456 -0.503185 0.409435
-0.382842 -0.520291 0.058816
-0.460829 -0.479693 0.391857
-0.448504 -0.574197 -0.190396
-0.508043 -0.524740 0.773601
-0.533461 -0.607739 0.104335
-0.602659 -0.522389 0.726159
-0.695292 -0.583644 -0.067591
-0.894867 -0.508701 1.016705
-0.986777 -0.484732 0.283105
-1.044192 -0.324732 0.699205
-1.012702 -0.281151 0.040139
-1.079515 -0.145395 0.540492
-1.176858 -0.015526 -0.050947
-1.242644 0.068922 0.447882
-1.341786 0.149882 -0.502490
-1.253002 0.176138 0.327574
-1.142872 0.352777 -0.357743
-0.958692 0.442330 0.147768
-0.838046 0.534804 -0.496003
-0.743557 0.574161 0.074475
-0.558378 0.630970 -0.083718
-0.423315 0.683826 0.181645
-0.393568 0.754186 -0.042157
-0.425441 0.815085 0.140176
-0.315444 0.846663 0.101967
-0.252764 0.864117 0.402618
-0.287313 0.834922 0.344901
-0.241627 0.749058 0.309827
-0.056972 -0.515029 -0.025266
0.012369 -0.523137 0.203310
-0.013253 -0.608472 0.075692
-0.030967 -0.575408 0.268011
-0.156519 -0.645525 -0.243572
-0.216039 -0.589083 0.659443
-0.255452 -0.633893 -0.169781
-0.330967 -0.594841 0.550819
-0.304488 -0.769328 -0.652678
-0.432709 -0.617098 1.180686
-0.443710 -0.632239 -0.049402
-0.724472 -0.617656 0.970785
-0.674702 -0.689855 -0.443795
-0.787642 -0.568574 1.342415
-0.719814 -0.457492 0.154190
-0.840166 -0.433975 0.882975
-0.850026 -0.277912 -0.170159
-0.924919 -0.178940 0.907266
-0.906141 -0.069049 -0.190031
-0.887102 -0.045237 0.485349
-0.729253 0.073187 -0.552399
-0.675639 0.150989 0.688556
-0.591407 0.206540 -0.155801
-0.524239 0.171163 0.151353
-0.431678 0.297857 -0.429425
-0.389885 0.344090 0.304072
-0.413863 0.367611 -0.073146
-0.440518 0.414042 0.206269
-0.413999 0.538286 -0.030505
-0.358677 0.556723 0.170543
-0.264763 0.542297 0.303270
-0.180130 0.525880 0.242113
0.068968 -0.487975 0.097724
0.065976 -0.439345 0.268466
0.082991 -0.535755 -0.237366
0.050196 -0.464372 0.469510
-0.022763 -0.501114 -0.168897
-0.144699 -0.437081 0.411852
-0.114314 -0.579084 -0.926053
-0.149775 -0.391830 1.195035
-0.219909 -0.491622 -0.453817
-0.427348 -0.378019 0.962629
-0.384059 -0.548014 -1.048790
-0.514203 -0.381690 1.689994
-0.582952 -0.426328 -0.262225
-0.708592 -0.276775 1.065064
-0.562722 -0.338221 -0.690771
-0.697209 -0.177328 1.233362
-0.771311 -0.176111 -0.358024
-0.820748 -0.028027 0.722376
-0.788016 0.029763 -0.879606
-0.714246 0.138128 1.038082
-0.753184 0.274443 -0.534596
-0.633162 0.484061 0.368457
-0.510131 0.643167 -0.938998
-0.370611 0.728458 0.555830
-0.370764 0.802270 -0.332285
-0.312183 0.900959 0.261195
-0.244182 1.020103 -0.363732
-0.206415 1.120381 0.297252
-0.208311 1.186305 0.045318
-0.164786 1.115993 0.313297
-0.193005 1.013278 0.229953
-0.179148 0.869331 0.213522
0.051075 -0.416241 -0.109491
0.122746 -0.406670 0.219271
0.100152 -0.526562 -0.081994
0.123257 -0.515724 0.256685
0.027367 -0.641804 -0.684407
0.013979 -0.500654 0.813762
-0.042675 -0.558078 -0.502419
-0.073008 -0.439154 0.736778
-0.185842 -0.757707 -1.729748
-0.169146 -0.384094 1.795277
-0.190811 -0.516349 -0.815570
-0.336528 -0.454591 1.414814
-0.402912 -0.673173 -1.764789
-0.387790 -0.434845 2.090584
-0.288352 -0.355339 -0.512651
-0.381037 -0.354192 1.460708
-0.395907 -0.252772 -1.299882
-0.421650 -0.088524 1.803832
-0.366187 -0.001134 -0.627151
-0.363734 0.065113 1.112506
-0.329541 0.292799 -1.309192
-0.251831 0.410200 1.344475
-0.187817 0.379749 -0.460351
-0.197934 0.445149 0.613258
-0.124652 0.537928 -0.680560
-0.163623 0.543246 0.532937
-0.204338 0.468479 -0.101934
-0.231713 0.483588 0.260498
-0.229982 0.630532 0.022301
-0.283101 0.652858 0.348653
-0.228258 0.666133 0.174161
-0.179755 0.622638 0.139695
0.166974 -0.425542 0.108151
0.219683 -0.364297 0.116672
0.246948 -0.440828 -0.114875
0.222238 -0.409253 0.210336
0.119599 -0.428507 0.037925
0.045147 -0.383913 0.145801
-0.028370 -0.435771 -0.350995
-0.002901 -0.302416 0.571740
-0.173030 -0.383649 0.146146
-0.184628 -0.288515 0.541598
-0.237579 -0.372561 -0.102761
-0.231995 -0.247061 0.954330
-0.298121 -0.332533 0.269335
-0.338810 -0.225603 0.817765
-0.287217 -0.282665 -0.007127
-0.416430 -0.128804 0.766349
-0.360630 -0.104771 0.037479
-0.463301 0.029148 0.638292
-0.386126 0.069636 -0.149955
-0.406236 0.193356 0.591645
-0.325810 0.347663 0.089155
-0.308841 0.498746 0.699999
-0.215063 0.582364 -0.273084
-0.208704 0.686795 0.376682
-0.173373 0.782370 -0.054886
-0.153874 0.899917 0.736570
-0.118806 0.940231 -0.056920
-0.138363 1.073230 0.612284
-0.082605 1.214253 -0.211577
-0.128944 1.187022 0.372501
-0.117072 1.175880 0.228518
-0.126634 0.981530 0.385075
0.145020 -0.365834 -0.108681
0.260774 -0.343870 0.023403
0.293653 -0.455054 0.037891
0.344419 -0.470889 -0.007669
0.259501 -0.577958 -0.237251
0.299032 -0.497505 0.299519
0.227662 -0.442349 0.037743
0.243165 -0.369452 0.210755
0.122541 -0.444495 -0.380911
0.143566 -0.372928 0.821790
0.113205 -0.383977 0.120152
0.045126 -0.306476 0.697748
-0.030221 -0.359738 -0.366538
-0.106579 -0.364802 1.178519
-0.060713 -0.288204 0.115702
-0.184599 -0.252517 0.809160
-0.154100 -0.135456 -0.164105
-0.228834 -0.119656 1.106597
-0.178572 0.050232 0.088602
-0.222115 0.046958 0.428226
-0.103480 0.242415 -0.092826
-0.096157 0.221957 0.717759
-0.018757 0.370029 -0.057079
-0.106343 0.333602 0.294222
-0.076136 0.463023 -0.059493
-0.128080 0.329742 0.205051
-0.176897 0.444789 0.099063
-0.196279 0.382654 0.264899
-0.115057 0.534105 0.077707
-0.165246 0.542330 0.304827
-0.107661 0.634627 0.213932
-0.078232 0.587696 0.261174
0.307876 -0.448974 0.014608
0.332937 -0.435472 0.062702
0.378758 -0.455709 -0.221008
0.413632 -0.457493 0.190724
0.386825 -0.433545 -0.134084
0.327480 -0.402014 0.313539
0.331542 -0.424153 -0.448590
0.360650 -0.376014 0.548200
0.348534 -0.339807 -0.155937
0.235526 -0.287023 0.583923
0.235132 -0.338625 -0.514316
0.244854 -0.278608 0.895376
0.221756 -0.249855 -0.251056
0.042922 -0.181391 0.673996
0.094652 -0.191704 -0.503273
-0.009991 -0.102033 0.880735
-0.042351 0.029882 -0.344909
-0.175713 0.089347 0.582840
-0.074353 0.178148 -0.549807
-0.090187 0.231833 0.956543
-0.077123 0.345466 -0.164528
-0.097946 0.404925 0.273140
-0.007385 0.525201 -0.423267
-0.033467 0.499941 0.689906
-0.013562 0.607259 -0.133212
-0.032200 0.622941 0.425084
-0.040492 0.830791 -0.434707
-0.047806 0.820064 0.484762
-0.049123 1.036889 0.094614
-0.008583 0.947581 0.696790
0.025415 0.910599 0.094231
-0.011473 0.814735 0.301712
0.296340 -0.421434 -0.216997
0.360692 -0.415295 0.050981
0.449292 -0.496814 -0.086639
0.520629 -0.491222 0.130101
0.574741 -0.535643 -0.497731
0.595893 -0.458672 0.401118
0.608473 -0.480316 -0.261861
0.568618 -0.399458 0.413373
0.532253 -0.469635 -0.715871
0.512178 -0.347568 0.949129
0.531962 -0.402851 -0.428317
0.438271 -0.266697 0.810771
0.416722 -0.294379 -0.941785
0.302342 -0.173279 1.293963
0.372048 -0.106119 -0.583514
0.222746 -0.048807 0.917794
0.213292 0.072238 -1.051073
0.061125 0.138555 1.433414
0.136871 0.253987 -0.483757
0.115120 0.208856 0.895711
0.181042 0.413813 -0.977447
0.095296 0.392760 1.325365
0.164060 0.455544 -0.190433
0.116036 0.319602 0.491794
0.088316 0.502565 -0.344097
0.033586 0.422113 0.613775
0.013253 0.493850 0.075312
-0.040222 0.427760 0.367561
-0.007391 0.576014 0.048361
-0.087178 0.559420 0.357275
-0.027128 0.632478 0.191062
0.034183 0.592299 0.173587
0.335122 -0.544774 0.009082
0.386239 -0.538847 0.111994
0.468925 -0.525989 -0.130151
0.561755 -0.503037 0.221069
0.607170 -0.536879 -0.099267
0.647993 -0.451089 0.321176
0.638729 -0.497607 -0.209136
0.666931 -0.410626 0.545753
0.668505 -0.489786 -0.163480
0.629266 -0.325071 0.565334
0.638954 -0.397134 -0.433573
0.600131 -0.215376 0.796409
0.641757 -0.245061 -0.507664
0.514707 -0.080815 0.686272
0.571083 -0.109424 -0.583203
0.384024 0.033115 0.802476
0.399738 0.052495 -0.550448
0.325316 0.157800 0.759316
0.397070 0.153293 -0.569229
0.320541 0.251144 0.745520
0.331490 0.260185 -0.386355
0.242866 0.342306 0.705769
0.306011 0.338023 -0.310906
0.241071 0.369805 0.436153
0.241339 0.407421 -0.145639
0.181362 0.435706 0.584696
0.196764 0.507633 -0.063608
0.158571 0.556241 0.426527
0.142926 0.671634 -0.124539
0.130649 0.757690 0.319917
0.126248 0.763690 0.090442
0.120686 0.765009 0.269707
0.340033 -0.491797 -0.159775
0.482474 -0.497490 -0.015846
0.578434 -0.555677 0.013143
0.688167 -0.551143 0.031000
0.721438 -0.570079 -0.049709
0.801413 -0.518300 0.319802
0.821501 -0.532983 -0.084445
0.835281 -0.478735 0.356143
0.779746 -0.524818 -0.226096
0.761185 -0.396801 0.704215
0.797374 -0.432524 -0.280026
0.812937 -0.253479 0.649907
0.835084 -0.252443 -0.356326
0.728356 -0.091197 0.921090
0.796280 -0.104945 -0.515771
0.730379 0.046015 0.649134
0.736947 0.058049 -0.503687
0.605051 0.176575 0.849569
0.646561 0.178279 -0.592075
0.592740 0.271765 0.545482
0.617762 0.269219 -0.418163
0.502437 0.315915 0.716126
0.510442 0.327614 -0.364969
0.465339 0.339879 0.357941
0.391966 0.389782 -0.200855
0.301554 0.353527 0.354634
0.226636 0.430121 -0.056398
0.154141 0.438306 0.227303
0.116119 0.527248 -0.081658
0.054425 0.575952 0.327599
0.112665 0.612825 0.239740
0.110794 0.597736 0.126663
0.495347 -0.618426 0.006208
0.567278 -0.629597 0.161831
0.631539 -0.567231 -0.131683
0.751673 -0.555564 0.218205
0.851388 -0.535363 -0.082884
0.883815 -0.524095 0.285179
0.909160 -0.490145 -0.271590
1.012191 -0.423083 0.445550
1.018574 -0.441616 -0.119012
0.962660 -0.364183 0.509697
0.989785 -0.353636 -0.344966
1.057389 -0.183735 0.532473
1.089419 -0.205500 -0.230700
0.954734 -0.082302 0.558576
0.962320 -0.104850 -0.404603
1.010074 0.060798 0.521591
1.025001 0.023490 -0.205845
0.931450 0.137035 0.534806
0.956531 0.114268 -0.430609
1.014132 0.248967 0.505686
0.985174 0.181451 -0.171481
0.856836 0.287337 0.448697
0.767362 0.259625 -0.324573
0.808246 0.347782 0.426267
0.659282 0.316205 -0.088295
0.529883 0.356784 0.297347
0.468597 0.395362 -0.268312
0.433767 0.449048 0.228940
0.315345 0.552315 0.106844
0.267179 0.639931 0.282271
0.254459 0.652202 0.078217
0.208836 0.705735 0.140401
0.579436 -0.539741 -0.159707
0.719503 -0.561521 0.081089
0.836939 -0.607272 -0.051667
0.881286 -0.592510 0.133813
0.949193 -0.566750 -0.227017
1.011741 -0.551568 0.396033
1.179116 -0.562291 -0.100868
1.181980 -0.518727 0.368915
1.123227 -0.478343 -0.284478
1.079853 -0.411536 0.674571
1.200431 -0.404664 -0.099621
1.170185 -0.290755 0.457764
1.163659 -0.244230 -0.324146
1.074255 -0.120517 0.696544
1.219846 -0.141565 -0.117836
1.220562 -0.005733 0.437861
1.200636 0.026387 -0.396610
1.154231 0.157799 0.681327
1.283770 0.104846 -0.163392
1.290056 0.223419 0.387514
1.218349 0.234748 -0.318658
1.094579 0.334172 0.549206
1.104478 0.312821 -0.084830
1.079691 0.395439 0.306663
0.961420 0.406361 -0.248957
0.808295 0.467025 0.302488
0.718310 0.484767 -0.053141
0.600859 0.540619 0.163463
0.431601 0.620320 -0.037480
0.239109 0.614962 0.060145
0.225735 0.680984 0.264168
0.203859 0.638396 0.043436
0.639556 -0.619429 -0.043548
0.862443 -0.602074 0.169017
0.916910 -0.575434 -0.098555
1.031867 -0.542055 0.210340
1.099132 -0.531919 -0.092983
1.228865 -0.516107 0.104138
1.182385 -0.444661 0.034197
1.272458 -0.398575 0.307637
1.288029 -0.369811 -0.091552
1.361630 -0.290660 0.173041
1.351406 -0.245956 -0.074110
1.361567 -0.145765 0.344168
1.412570 -0.131383 -0.187900
1.423779 -0.047192 0.109128
1.383295 0.006410 -0.069574
1.363094 0.124651 0.325911
1.427419 0.120113 -0.201291
1.459418 0.221493 0.133778
1.466028 0.265327 -0.064325
1.463479 0.375064 0.392650
1.494822 0.325772 -0.263930
1.498393 0.401420 0.140276
1.411992 0.424881 -0.035253
1.327640 0.515653 0.322033
1.207398 0.438071 -0.195411
1.129810 0.482948 0.253650
0.996117 0.513743 0.016547
0.857854 0.594734 0.216806
0.730514 0.612912 -0.151103
0.611244 0.645768 0.023028
0.458215 0.657771 0.177398
0.332199 0.631076 0.060667
0.746842 -0.611836 -0.078504
0.901158 -0.624017 0.113641
0.992037 -0.642750 0.044095
1.076874 -0.590065 -0.016183
1.115466 -0.599179 0.081660
1.174259 -0.603299 0.232215
1.330791 -0.570553 0.034546
1.394322 -0.507578 0.211479
1.401810 -0.443281 0.103279
1.343328 -0.405943 0.449429
1.427793 -0.388853 -0.052305
1.475879 -0.312868 0.280976
1.414036 -0.236438 0.081037
1.351500 -0.184489 0.459133
1.391812 -0.146075 -0.038284
1.430675 -0.038708 0.286583
1.392559 0.048019 0.066454
1.369434 0.111466 0.498702
1.468583 0.097811 -0.109333
1.511337 0.201898 0.288516
1.470723 0.248133 0.071460
1.369846 0.313405 0.462556
1.407189 0.301716 -0.076520
1.333670 0.391420 0.272075
1.256689 0.431560 0.026233
1.063067 0.505647 0.340645
1.005949 0.532976 -0.040194
0.859357 0.627282 0.142548
0.755843 0.673298 -0.021571
0.530845 0.684175 0.072735
0.486133 0.705580 0.287302
0.278736 0.701378 0.221412
0.680112 -0.638840 -0.002486
0.952629 -0.624974 0.030097
1.029800 -0.541781 -0.256021
1.106291 -0.498551 0.117237
1.149297 -0.506873 -0.031476
1.218908 -0.457097 0.123945
1.198026 -0.453219 -0.111921
1.276236 -0.381096 0.214605
1.281955 -0.344293 -0.010204
1.368248 -0.303324 0.173978
1.326305 -0.278072 -0.178393
1.374661 -0.186610 0.245198
1.368976 -0.143840 -0.062405
1.400942 -0.089383 0.112055
1.321496 -0.037604 -0.202845
1.345865 0.075057 0.202644
1.366436 0.107101 -0.030941
1.468398 0.154034 0.076357
1.432416 0.171447 -0.219760
1.478601 0.288437 0.207787
1.475961 0.262571 -0.070190
1.568287 0.334189 0.067958
1.451919 0.329131 -0.255926
1.434077 0.469771 0.182311
1.342219 0.441230 -0.031180
1.360882 0.564567 0.072993
1.184341 0.542696 -0.177689
1.122792 0.650452 0.096831
0.931946 0.668343 0.074065
0.848220 0.689951 0.112262
0.678635 0.658329 0.009381
0.460262 0.687890 -0.134964
0.724301 -0.521423 0.030238
0.754454 -0.536375 0.303512
0.930241 -0.515572 0.109092
0.940460 -0.450205 0.232540
0.997930 -0.410142 0.005288
1.003954 -0.371520 0.267416
1.136026 -0.359494 0.100470
1.139609 -0.313982 0.237220
1.187992 -0.254130 0.094715
1.147276 -0.230843 0.393865
1.285585 -0.168267 0.144850
1.267859 -0.133309 0.260050
1.279597 -0.046017 0.044139
1.206478 -0.019081 0.417889
1.293980 0.039605 0.129945
1.259897 0.095317 0.251131
1.274332 0.167322 0.048091
1.226269 0.190542 0.374072
1.338567 0.208207 0.121382
1.347813 0.245149 0.215683
1.385367 0.319690 0.018648
1.265013 0.347480 0.346831
1.359589 0.371847 0.078916
1.266734 0.424510 0.166820
1.239205 0.525301 0.005772
1.023670 0.582555 0.298923
1.060803 0.607155 0.091393
0.917858 0.680460 0.098271
0.834323 0.714190 0.086214
0.655762 0.746264 0.205364
0.592088 0.751302 0.182222
0.463203 0.712806 0.167422
