0.463540 -0.252191 -0.433812
0.503894 -0.172795 -0.129100
0.498480 -0.277380 0.105508
0.371696 0.519482 -0.196605
0.363949 -0.330829 0.150551
0.496388 0.754614 0.095040
0.267816 0.120930 0.383355
0.385198 0.664181 0.101296
0.481497 0.573541 0.043107
0.391481 0.670924 0.173885
0.183671 0.404732 0.390594
0.351318 0.304263 0.258684
0.000512 0.544733 0.518138
0.296308 0.097535 0.326065
0.179965 0.580063 0.422230
0.469889 -0.395650 0.027398
0.257333 -0.293253 -0.401904
0.463542 -0.459863 0.196807
0.295488 0.597055 -0.007017
-0.208318 0.448231 -0.432416
0.491639 -0.286846 -0.093531
0.495319 0.701358 0.253983
0.472710 0.472922 -0.120663
0.027398 0.131528 -0.643020
0.124388 0.043382 0.475364
0.431824 0.002269 0.279531
-0.034436 0.772735 0.109198
0.458723 -0.456320 0.110603
-0.613653 0.540657 -0.001275
0.449285 -0.322170 -0.026930
-0.493717 0.213728 -0.465223
0.304392 0.072514 -0.362897
0.361161 0.464272 -0.206785
0.404043 -0.095478 -0.318518
0.395458 0.233716 -0.254075
0.567587 0.469908 0.043548
0.514109 -0.354871 0.108793
0.266995 0.313980 -0.378507
0.524210 0.319202 0.291447
0.112760 0.544282 -0.423530
0.232756 0.396084 0.271944
0.333939 0.393981 0.256573
0.231703 -0.261076 0.364066
0.011247 -0.233204 -0.625952
-0.012232 0.009948 -0.426364
0.303925 -0.277842 -0.262127
-0.459333 -0.302336 0.389996
0.517735 0.446525 0.396245
-0.132374 0.378627 -0.413418
0.399379 -0.048777 0.393280
0.489618 -0.226571 0.283203
0.416157 0.378788 0.112768
0.438073 0.484864 0.226602
-0.045720 0.026951 0.659391
0.065905 -0.063513 0.454661
0.481934 -0.233957 0.133447
0.425953 -0.045431 -0.288452
0.545549 0.668674 0.305377
-0.509597 0.465366 -0.233540
0.454389 0.376665 -0.025745
-0.386606 0.146740 -0.412650
0.022842 0.726844 -0.411849
-0.250775 -0.437474 0.234857
0.236530 -0.362472 0.240325
0.010800 -0.394845 -0.258994
0.219484 -0.037402 -0.559001
0.024382 0.470718 0.432357
0.268225 0.058412 0.353545
0.167335 0.747679 0.357812
-0.137178 0.293019 0.520413
0.529549 0.609792 0.175971
0.409900 0.219520 -0.177714
-0.284365 0.109940 0.458198
0.518746 -0.040817 0.319911
0.393861 0.525886 -0.273794
0.387533 -0.078637 -0.155096
0.416021 0.111905 0.178931
0.396760 -0.180434 -0.182725
0.300317 -0.097692 0.311085
0.422093 0.510470 0.176472
0.299757 -0.349581 0.058867
-0.389271 -0.096111 0.466732
0.361354 0.292690 -0.019432
-0.642299 0.208393 0.391662
0.304233 -0.425121 -0.196520
0.022000 -0.022421 -0.504163
0.402003 -0.301940 -0.123771
0.450310 -0.137594 -0.183407
-0.229713 0.703403 0.004135
0.414354 0.043816 -0.236585
-0.576188 -0.071013 0.437293
0.490616 -0.170288 0.080311
0.114610 0.422899 0.487717
-0.121922 0.129797 0.467222
0.445704 0.424647 0.152662
0.402607 0.185989 0.343594
0.039663 -0.445860 0.129540
0.358654 0.371221 -0.518942
0.395671 -0.156547 0.162599
-0.166214 -0.084568 -0.500393
-0.314876 0.321453 0.536270
0.203204 0.679531 0.276932
0.476541 -0.118474 -0.314924
0.079003 -0.230813 0.513832
0.261426 0.018503 -0.432012
0.301069 0.656145 -0.269715
0.003145 0.676086 0.235860
0.226495 0.609309 -0.253531
0.322309 0.115375 0.172521
0.279008 0.160934 -0.532302
-0.417335 0.689850 0.281976
0.307307 -0.160000 -0.321017
0.460412 -0.172322 0.187646
0.500697 0.331194 0.206943
0.470809 -0.275418 -0.033091
-0.616390 0.060772 -0.376837
0.078459 -0.364324 0.521654
0.409562 0.044862 -0.245658
0.446350 0.354617 -0.331700
-0.374800 0.503191 -0.236801
0.418447 -0.317881 -0.031959
0.321540 -0.276628 0.270803
0.161076 -0.288828 -0.571489
0.506436 0.372516 0.125179
0.424683 0.016481 0.063641
0.587668 0.537143 0.149347
0.366768 0.164115 -0.274995
0.522528 0.587425 0.390691
0.343975 -0.357132 -0.027457
-0.621618 0.208126 -0.277867
0.527504 0.455672 -0.045757
0.035357 -0.473425 -0.443074
-0.034511 0.670435 -0.154953
0.565219 0.810916 0.251214
-0.205891 -0.085459 -0.517839
0.350546 -0.109122 0.257756
0.567980 0.439069 0.246224
0.075046 0.571486 0.372968
-0.310614 -0.182145 -0.397167
0.184034 0.786664 -0.141843
0.368684 -0.079456 -0.721802
-0.200531 0.516462 -0.305880
-0.260437 -0.130056 0.536376
0.155797 0.200118 -0.400857
0.364809 0.225519 0.318199
0.399593 -0.169254 0.054192
-0.402875 -0.005970 -0.385654
-0.195833 -0.028816 0.454814
-0.164297 0.577967 0.325015
0.446726 0.541694 -0.007772
0.441801 -0.192400 -0.144718
0.514944 0.677156 -0.102568
0.381920 0.201442 -0.150292
0.192529 0.131946 -0.862635
-0.068046 -0.018661 -0.708594
0.203066 0.173856 0.393495
0.419493 0.428423 0.113871
-0.423939 0.638985 -0.090944
0.431554 -0.302223 -0.124364
-0.040443 0.254130 0.443487
-0.744377 -0.101773 -0.331994
0.370673 0.300180 -0.416787
0.496973 0.403966 0.122930
0.395877 0.270790 0.272984
0.422183 0.367670 -0.190574
0.535132 0.605507 0.021874
0.448380 -0.175141 -0.069728
0.385745 0.261644 0.050157
0.506827 0.419272 0.110304
-0.062975 -0.263138 -0.414020
0.507110 0.510744 0.052791
-0.137755 0.378709 0.435825
0.157774 0.191196 0.483078
0.507286 0.608437 0.118669
0.360391 -0.035054 -0.371312
0.478440 0.564303 0.289916
0.554467 0.557052 0.198430
0.498378 0.032325 -0.202008
0.121760 -0.455841 -0.013569
0.435910 -0.013683 0.214511
0.571777 0.691196 0.245737
0.320748 0.577849 0.113148
0.426604 0.501247 0.088313
0.491003 0.420266 -0.115504
0.276583 0.040726 0.356028
0.447655 -0.160862 0.002766
0.336179 0.524438 0.028115
-0.445306 0.312394 -0.333926
0.411420 0.027697 0.113467
0.100491 0.282730 -0.511018
-0.009116 0.422275 -0.720911
0.523446 0.331464 -0.138043
0.416087 -0.260322 -0.221487
0.190241 0.560537 -0.579614
-0.405730 0.295408 0.499491
0.418896 0.111557 0.216712
0.464693 -0.225825 -0.150571
0.426598 -0.254262 -0.026317
-0.205925 -0.528432 -0.064188
0.480548 0.193459 -0.263411
0.552546 0.558920 0.255946
0.193610 0.790773 0.098922
0.495541 0.657636 -0.011154
0.073728 0.232049 0.439997
0.465525 -0.418472 -0.084770
0.564661 0.757582 0.319210
-0.324713 0.244844 -0.406531
0.521695 0.382467 0.279407
-0.116526 -0.118629 0.452101
0.467157 -0.260055 -0.153211
0.483910 0.702241 0.040207
0.533350 0.448062 0.170884
0.506603 0.517660 -0.104406
0.491698 0.429648 0.304481
-0.307898 0.497098 0.429251
-0.220944 -0.301094 -0.339711
0.130777 0.405438 -0.355055
0.362556 0.213319 -0.292020
-0.117267 0.287645 -0.555856
0.610930 0.521882 0.521182
-0.150260 0.156219 -0.559805
-0.243638 0.545598 0.302907
-0.789504 0.283436 -0.280045
0.043484 -0.395784 0.374795
-0.442333 0.028092 0.527499
0.428040 -0.006148 0.146523
0.032526 -0.483592 -0.110619
-0.475633 0.021885 -0.479727
0.459170 -0.307748 0.279956
0.236505 -0.440121 -0.298215
0.556895 0.542236 0.410458
0.465656 0.074633 -0.532465
-0.350639 -0.345429 -0.192507
-0.247078 0.053823 -0.447071
0.156213 -0.186974 -0.386829
0.402788 0.168792 -0.279430
-0.131251 -0.407649 0.324793
0.331216 0.505652 0.231971
-0.441911 -0.167747 -0.422441
-0.156282 0.543695 -0.085954
0.331320 0.349842 -0.302940
-0.232626 -0.231540 0.393113
0.311134 -0.420211 0.111676
0.495817 0.650811 0.382725
-0.478931 -0.181247 -0.352075
0.312926 0.406393 0.412138
-0.503058 0.467796 0.424058
0.491696 -0.156232 0.008528
0.148492 -0.152758 -0.378501
-0.618008 -0.324653 -0.260441
-0.220136 -0.307419 -0.455475
0.525100 -0.389153 -0.020585
-0.194341 -0.415111 -0.328965
-0.109407 0.769662 0.269997
0.367997 0.653569 -0.103191
0.023404 -0.233167 0.425180
-0.450863 -0.241503 -0.158180
-0.554184 -0.093575 0.223850
-0.572308 -0.057346 -0.263303
-0.561444 -0.044974 0.329037
-0.642995 -0.029399 -0.208070
-0.687304 0.025028 0.225117
-0.737336 0.008101 -0.226514
-0.752211 0.091656 0.340578
-0.829582 0.050061 -0.113157
-0.901999 0.051801 0.313748
-0.965556 -0.055359 -0.078743
-0.998663 -0.035139 0.468345
-1.110873 -0.139522 0.096930
-1.066062 -0.095400 0.374957
-1.077695 -0.094567 0.045181
-1.060375 0.058568 0.621150
-1.212928 0.029536 0.059276
-1.134814 0.103405 0.428258
-1.071499 0.069184 -0.075557
-1.007473 0.197623 0.589177
-1.051672 0.106450 0.101759
-0.957024 0.171635 0.397598
-0.864294 0.140830 -0.208853
-0.746725 0.254721 0.528327
-0.769504 0.238332 -0.133561
-0.686534 0.325584 0.362572
-0.626558 0.291782 -0.282077
-0.565177 0.391603 0.503555
-0.678061 0.375691 -0.112090
-0.679977 0.409602 0.359767
-0.568343 0.455241 -0.241266
-0.399192 0.529030 0.233844
-0.570152 -0.203051 -0.169130
-0.670994 -0.124092 0.119765
-0.793022 -0.186943 -0.063851
-0.774410 -0.170124 0.140601
-0.799876 -0.168169 -0.255458
-0.849906 -0.074821 0.323742
-0.938826 -0.082778 -0.216482
-0.984608 -0.008964 0.303613
-1.009469 -0.029410 -0.133137
-1.116526 0.016129 0.449860
-1.191345 -0.078238 0.185328
-1.254050 -0.064985 0.498444
-1.274167 -0.140966 0.204406
-1.328894 -0.092664 0.709079
-1.381180 -0.133255 0.453535
-1.372138 -0.084215 0.586833
-1.351337 -0.084183 0.194793
-1.370706 0.053408 0.760539
-1.320518 -0.019298 0.344715
-1.279216 0.066394 0.553184
-1.174920 0.031443 0.201007
-1.116443 0.096924 0.723747
-1.088133 0.057767 0.330731
-0.985485 0.082012 0.564271
-0.876884 0.131314 -0.064793
-0.844527 0.200444 0.651164
-0.869849 0.208377 0.043424
-0.827407 0.227062 0.462422
-0.758895 0.277957 -0.216377
-0.759266 0.255853 0.486578
-0.734907 0.244456 0.333036
-0.554446 0.250359 0.374002
-0.612322 -0.177861 0.015794
-0.756068 -0.159286 0.057002
-0.779612 -0.166209 -0.130565
-0.776485 -0.114348 0.197483
-0.841488 -0.110366 -0.082010
-0.860759 -0.043434 0.064824
-0.909927 -0.030225 -0.125223
-0.917800 0.074710 0.150206
-0.940088 0.036609 0.120919
-0.939645 0.047582 0.144736
-1.017660 -0.049304 0.260558
-1.115591 -0.067096 0.382224
-1.362845 -0.141548 0.498561
-1.485869 -0.098008 0.487559
-1.761872 -0.071497 0.413835
-1.735700 0.060689 0.602033
-1.902508 0.128282 0.559891
-1.696922 0.225095 0.444101
-1.696980 0.279031 0.297424
-1.512682 0.320526 0.561206
-1.476947 0.345040 0.457223
-1.235054 0.368000 0.420963
-1.182664 0.393180 -0.009513
-1.008470 0.447740 0.453705
-0.999190 0.500168 0.115142
-0.826768 0.520351 0.272560
-0.808726 0.539908 -0.011188
-0.772078 0.539020 0.318579
-0.819177 0.537523 0.143712
-0.770329 0.511518 0.224175
-0.796518 0.463755 -0.033921
-0.659218 0.510020 -0.020909
-0.566447 -0.224796 -0.090994
-0.704561 -0.233178 0.018592
-0.751522 -0.267125 0.009900
-0.769746 -0.268552 0.032507
-0.756334 -0.256041 -0.154425
-0.837114 -0.174068 0.156459
-0.902422 -0.172814 -0.012348
-0.985697 -0.151930 0.123252
-1.025441 -0.149377 -0.002272
-1.142526 -0.174086 0.284067
-1.236156 -0.204579 0.253528
-1.379866 -0.282650 0.436599
-1.485077 -0.294883 0.258107
-1.617908 -0.270925 0.667422
-1.679579 -0.192461 0.430620
-1.776463 -0.118177 0.635257
-1.653537 0.029256 0.301944
-1.643903 0.103680 0.745576
-1.473780 0.180787 0.480425
-1.434009 0.217054 0.657393
-1.242369 0.255751 0.147433
-1.170146 0.251247 0.753715
-1.062842 0.279526 0.270922
-1.017148 0.278081 0.644093
-0.853142 0.355709 -0.119069
-0.846509 0.389178 0.564439
-0.810997 0.421946 0.012766
-0.826125 0.409698 0.409127
-0.795300 0.452242 -0.090344
-0.794843 0.416337 0.442397
-0.793714 0.437863 0.227882
-0.625797 0.437222 0.343368
-0.550961 -0.340083 0.036449
-0.670633 -0.320265 0.026135
-0.702504 -0.359597 -0.040277
-0.701336 -0.310118 0.027268
-0.765260 -0.319224 0.010170
-0.787238 -0.268727 -0.064393
-0.834312 -0.220492 0.013460
-0.888689 -0.139532 0.078693
-0.940111 -0.117545 0.131956
-0.975781 -0.124465 0.245251
-1.065202 -0.157665 0.256044
-1.245013 -0.208151 0.531151
-1.409730 -0.195878 0.449498
-1.575175 -0.187056 0.667419
-1.741003 -0.056751 0.319804
-1.847302 0.097422 0.693019
-1.865681 0.279178 0.354335
-1.721837 0.298922 0.622876
-1.600660 0.446839 0.262995
-1.527368 0.452052 0.583761
-1.443009 0.520579 0.354156
-1.290896 0.490793 0.567309
-1.154948 0.552927 0.053299
-1.047677 0.561509 0.382009
-0.938559 0.622715 0.132687
-0.847567 0.633291 0.359961
-0.828433 0.659659 0.076159
-0.852124 0.674758 0.282467
-0.869721 0.679532 0.106875
-0.877941 0.641246 0.268531
-0.814997 0.539896 0.090049
-0.726959 0.635027 0.087982
-0.565962 -0.403109 -0.096678
-0.677020 -0.391788 -0.068614
-0.718272 -0.452787 -0.009591
-0.748713 -0.424320 -0.063114
-0.743707 -0.439858 -0.100991
-0.835868 -0.349139 0.015175
-0.846956 -0.383120 -0.008021
-0.976622 -0.336590 -0.016660
-0.988192 -0.322329 -0.035665
-1.060215 -0.263407 0.220649
-1.072234 -0.237808 0.281419
-1.194993 -0.287962 0.475784
-1.263903 -0.306989 0.159555
-1.408568 -0.274236 0.749304
-1.435430 -0.189626 0.306898
-1.602168 -0.069029 0.733860
-1.489389 0.123708 0.230704
-1.510743 0.217235 0.739341
-1.275362 0.321939 0.299479
-1.254970 0.309446 0.691218
-1.095351 0.351769 0.121622
-1.105997 0.371719 0.676287
-0.975002 0.441464 0.195238
-0.979772 0.435305 0.463826
-0.832431 0.484845 0.052686
-0.826343 0.525668 0.410795
-0.811693 0.555628 0.060996
-0.831585 0.579019 0.292758
-0.796589 0.565446 -0.025109
-0.851246 0.565947 0.323923
-0.820607 0.559156 0.199309
-0.681745 0.583847 0.261441
-0.556369 -0.455650 0.001783
-0.654042 -0.402965 0.008271
-0.673135 -0.481512 -0.130363
-0.670643 -0.425974 0.036493
-0.740622 -0.460191 -0.053200
-0.786029 -0.377476 -0.114391
-0.801549 -0.382814 -0.098697
-0.839371 -0.233304 0.036559
-0.884913 -0.172178 0.045847
-0.911383 -0.129155 0.141000
-1.000172 -0.120694 0.081257
-1.080289 -0.175600 0.500899
-1.224902 -0.131244 0.288299
-1.287780 -0.100258 0.647962
-1.356505 -0.058528 0.004391
-1.404395 0.084117 0.679408
-1.435193 0.225810 0.185432
-1.391684 0.329743 0.624760
-1.310428 0.364965 0.032200
-1.266476 0.425304 0.589265
-1.275207 0.477007 0.210458
-1.192635 0.522469 0.468208
-1.032685 0.559699 -0.130100
-0.950256 0.615303 0.334426
-0.916610 0.726913 0.055446
-0.866667 0.796244 0.258858
-0.818187 0.871571 -0.093725
-0.816532 0.913397 0.304613
-0.868055 0.971912 0.074767
-0.844210 0.934386 0.190491
-0.863774 0.908829 0.018715
-0.747687 0.804582 0.048226
-0.592892 -0.507142 -0.171267
-0.641259 -0.508460 -0.076605
-0.655188 -0.624455 -0.152278
-0.687099 -0.565956 -0.021726
-0.717966 -0.676967 -0.302533
-0.787239 -0.578303 0.044261
-0.866342 -0.733677 -0.194311
-0.958046 -0.629168 -0.082890
-0.926911 -0.588637 -0.267275
-0.923089 -0.372169 0.136638
-0.897378 -0.268428 -0.013708
-0.990738 -0.202429 0.430679
-0.955439 -0.220323 -0.184786
-1.032425 -0.142005 0.827324
-1.010512 -0.153416 0.023509
-1.164549 -0.029244 0.772841
-1.016871 0.071763 -0.125213
-1.092287 0.255546 0.731158
-0.981935 0.199751 0.042563
-0.978353 0.305065 0.566723
-0.824563 0.207559 -0.119344
-0.919873 0.445270 0.644086
-0.907422 0.381842 -0.032810
-0.881789 0.486508 0.427446
-0.735584 0.530760 -0.224503
-0.748109 0.649251 0.400899
-0.782520 0.611132 -0.123805
-0.815845 0.719926 0.274732
-0.737976 0.724326 -0.191003
-0.789254 0.733663 0.256591
-0.806922 0.644620 -0.011924
-0.683555 0.664869 0.212176
-0.564811 -0.494506 -0.022102
-0.640368 -0.423717 -0.005907
-0.659206 -0.529253 -0.124683
-0.687926 -0.463309 -0.006391
-0.799057 -0.529049 -0.124394
-0.856347 -0.476293 -0.196677
-0.876788 -0.544402 -0.180618
-0.847346 -0.409031 -0.125768
-0.832531 -0.336481 -0.020257
-0.803203 -0.183503 0.057220
-0.808318 -0.138852 -0.066650
-0.856160 -0.083737 0.405006
-0.903197 -0.094623 0.065984
-0.907058 -0.000298 0.570100
-0.897404 0.023082 -0.144293
-1.008345 0.152002 0.529746
-0.993718 0.225019 -0.039497
-1.011292 0.360898 0.596805
-0.924225 0.349375 -0.076573
-1.006240 0.514276 0.382441
-0.893091 0.529823 0.004370
-0.899226 0.698178 0.596535
-0.860107 0.668734 -0.209812
-0.857354 0.864570 0.248879
-0.744073 0.940301 -0.038612
-0.761701 1.118227 0.550530
-0.833892 1.192346 -0.074760
-0.830742 1.282710 0.260417
-0.787097 1.266679 0.095117
-0.780491 1.219606 0.440195
-0.862466 1.156954 0.244120
-0.779548 1.006070 0.199335
-0.588466 -0.528669 -0.116468
-0.607694 -0.533399 -0.091278
-0.611890 -0.671663 -0.078638
-0.662621 -0.654706 -0.044535
-0.737865 -0.782645 -0.285455
-0.830683 -0.745909 -0.002773
-0.925237 -0.934171 -0.240103
-0.966071 -0.882213 -0.075028
-0.920533 -0.929048 -0.382750
-0.859800 -0.695839 0.141552
-0.770302 -0.507292 -0.216400
-0.761585 -0.266876 0.353543
-0.688663 -0.242301 -0.345348
-0.751880 -0.187697 0.638810
-0.644810 -0.037759 -0.263775
-0.851488 0.015665 0.604131
-0.766600 0.082256 -0.641163
-0.888084 0.149044 0.602018
-0.695617 0.112644 -0.392601
-0.618468 0.220373 0.256483
-0.511707 0.251529 -0.577859
-0.718605 0.306714 0.437861
-0.691184 0.251888 -0.237126
-0.673724 0.411967 0.200513
-0.542905 0.404979 -0.426706
-0.619003 0.555295 0.339748
-0.716103 0.526593 -0.091926
-0.794446 0.767162 0.240021
-0.791354 0.770879 -0.079407
-0.846779 0.861654 0.143480
-0.806721 0.809504 -0.010106
-0.691853 0.814147 0.207722
-0.613139 -0.435058 0.022890
-0.681206 -0.396452 0.006369
-0.699729 -0.480029 -0.114178
-0.721340 -0.360672 -0.038895
-0.880771 -0.363590 0.003764
-0.944555 -0.292066 -0.144263
-1.000186 -0.329753 -0.015220
-0.943537 -0.284220 -0.076809
-0.911375 -0.265447 -0.011570
-0.828889 -0.201613 0.039599
-0.740085 -0.139407 -0.278678
-0.685270 -0.063146 0.294657
-0.585436 0.048880 -0.372100
-0.571563 0.061066 0.441853
-0.659025 0.116236 -1.278132
-0.857186 0.163029 0.631396
-0.898670 0.270431 -1.264201
-0.955099 0.254872 0.438866
-0.879961 0.445666 -2.095178
-0.922394 0.504137 0.654995
-0.845599 0.570856 -1.397959
-0.791518 0.618057 0.253164
-0.687337 0.751116 -1.717579
-0.721390 0.851572 0.532389
-0.723870 0.749515 -0.764929
-0.781243 1.096915 0.533301
-0.745009 1.156001 -0.482716
-0.739754 1.334880 0.541610
-0.711489 1.323258 0.033052
-0.692033 1.300188 0.283521
-0.701126 1.160608 0.190848
-0.623408 1.023550 0.130666
-0.633594 -0.388442 -0.089312
-0.690359 -0.408061 -0.013952
-0.701736 -0.476997 -0.046926
-0.738618 -0.478874 0.033194
-0.833616 -0.475002 -0.176238
-0.955690 -0.427347 0.072975
-1.062627 -0.427818 -0.042350
-1.080929 -0.413516 0.001726
-0.945236 -0.421844 -0.199181
-0.802375 -0.320794 0.183889
-0.603057 -0.245288 -0.317386
-0.501917 -0.180643 0.242456
-0.353292 -0.076300 -0.974672
-0.444193 -0.110829 0.629601
-0.529356 0.080365 -1.199865
-0.627546 0.131746 0.629723
-0.662442 0.319923 -2.430961
-0.514493 0.287071 0.637173
-0.437248 0.175416 -2.110831
-0.429876 0.363277 0.447453
-0.360517 0.463418 -2.683952
-0.273806 0.638649 0.437125
-0.256739 0.262451 -1.652864
-0.335675 0.550188 0.391930
-0.315589 0.383588 -1.486821
-0.445001 0.768264 0.566677
-0.577020 0.540585 -0.635721
-0.632871 0.833557 0.299941
-0.620863 0.852352 -0.146492
-0.721943 0.876451 0.202553
-0.750080 0.809434 0.012588
-0.613255 0.765956 0.048919
-0.682835 -0.342526 0.058701
-0.786014 -0.312562 0.100867
-0.818957 -0.367937 0.008311
-0.778733 -0.287087 0.055881
-0.893027 -0.310067 0.070665
-0.933759 -0.259944 0.026025
-1.007927 -0.248014 -0.004857
-0.938049 -0.218683 0.066962
-0.834281 -0.188284 -0.000035
-0.641121 -0.182801 0.004530
-0.436627 -0.094225 -0.391289
-0.322109 -0.084680 0.111556
-0.260404 0.076827 -0.637685
-0.387944 0.056496 0.308302
-0.553111 0.229493 -1.620862
-0.544195 0.281382 0.173544
-0.476708 0.484979 -1.492928
-0.422900 0.483490 0.334301
-0.444155 0.542562 -2.110118
-0.363216 0.600192 -0.027935
-0.306559 0.556580 -1.577435
-0.223174 0.795243 0.426580
-0.301582 0.507834 -1.523583
-0.361441 0.737863 0.072202
-0.401843 0.415111 -0.856478
-0.503648 0.921820 0.564485
-0.550611 0.836013 -0.519270
-0.584373 1.032832 0.465324
-0.535472 1.033173 -0.215006
-0.552989 1.062940 0.243721
-0.570478 1.042523 0.076676
-0.512435 0.926047 0.120250
-0.657669 -0.267770 -0.055011
-0.737954 -0.292449 0.077840
-0.747185 -0.294593 0.006295
-0.732743 -0.297929 0.066713
-0.765629 -0.302254 -0.111361
-0.838864 -0.273222 0.092460
-0.882705 -0.227984 0.005169
-0.889087 -0.239125 0.045653
-0.820466 -0.201446 -0.141060
-0.646291 -0.216996 0.156963
-0.411126 -0.214828 -0.350747
-0.190612 -0.236831 0.115310
-0.103371 -0.154062 -1.019122
-0.125004 -0.127296 0.231775
-0.192487 0.074660 -1.226662
-0.121349 0.181241 0.086695
-0.035671 0.211777 -2.003207
-0.009471 0.254800 0.128950
0.011839 0.181156 -1.747012
0.029962 0.481415 -0.001642
0.102569 0.310863 -2.173471
0.091596 0.557457 -0.107294
0.078594 0.307860 -1.502952
0.038953 0.597070 -0.162963
-0.038458 0.382162 -1.439761
-0.302820 0.570757 0.113301
-0.418688 0.488357 -0.721866
-0.464596 0.652832 0.113186
-0.467934 0.710830 -0.374295
-0.561504 0.716204 0.151141
-0.590606 0.685828 -0.074973
-0.468283 0.638945 0.005449
-0.628152 -0.260033 0.019070
-0.731564 -0.225461 0.134783
-0.708266 -0.253826 -0.061201
-0.632598 -0.224458 0.117357
-0.662369 -0.271002 -0.023902
-0.666421 -0.258580 0.093468
-0.653552 -0.260496 -0.078575
-0.579264 -0.242044 0.131026
-0.441177 -0.200352 -0.165119
-0.272591 -0.243098 0.232365
-0.062552 -0.186719 -0.972115
0.044214 -0.220957 0.285257
0.043082 0.038755 -1.662268
-0.079810 0.035071 0.407977
-0.243108 0.278996 -2.675436
-0.213293 0.246845 0.471605
-0.179814 0.543599 -2.473786
-0.115762 0.430027 0.350890
-0.104556 0.636569 -3.015500
-0.070514 0.564947 0.292382
-0.019253 0.744779 -2.512908
-0.035923 0.725012 0.151584
-0.018951 0.799737 -2.716720
-0.083420 0.721288 0.080998
-0.112681 0.688395 -1.732618
-0.260257 0.749654 0.188934
-0.272867 0.752300 -1.325804
-0.387408 0.833796 0.190989
-0.389524 0.826713 -0.470693
-0.403826 0.834625 0.132887
-0.362708 0.805463 -0.096033
-0.329130 0.746210 0.008219
-0.598046 -0.238451 -0.038977
-0.644553 -0.235825 0.050748
-0.591217 -0.252224 0.023225
-0.532365 -0.256289 0.083745
-0.510543 -0.265024 -0.068796
-0.534903 -0.233328 0.129652
-0.494965 -0.209703 0.001764
-0.386581 -0.202495 0.100948
-0.221295 -0.200189 -0.266867
-0.034099 -0.233568 0.306058
0.127955 -0.143931 -0.683066
0.239927 -0.214559 0.319322
0.185884 -0.079434 -2.078787
0.191880 -0.141865 0.429397
0.140803 0.001434 -2.358144
0.093953 0.104242 0.331420
0.080299 0.182450 -3.107388
0.122088 0.346449 0.355567
0.214789 0.237976 -2.903862
0.192322 0.493881 0.145224
0.183863 0.542572 -3.255987
0.175948 0.685503 0.142899
0.208176 0.382021 -2.614538
0.122245 0.620834 -0.039089
0.081472 0.433777 -2.448023
-0.034848 0.635409 0.137693
-0.120992 0.368047 -1.549194
-0.257728 0.636056 0.242477
-0.314111 0.601430 -0.789771
-0.369216 0.679907 0.117314
-0.381782 0.636150 -0.225357
-0.232428 0.620927 -0.043133
-0.565122 -0.249138 0.033960
-0.646808 -0.206333 0.097998
-0.552710 -0.259072 0.027167
-0.449175 -0.221925 0.114473
-0.430147 -0.297311 -0.016900
-0.392716 -0.269213 0.082086
-0.314170 -0.285807 -0.055024
-0.166236 -0.270459 0.169045
-0.000943 -0.259549 -0.203542
0.137882 -0.253490 0.208298
0.240808 -0.134047 -0.802267
0.305202 -0.170800 0.211059
0.221124 0.088354 -1.357415
0.205463 -0.077379 0.287512
0.078279 0.127001 -2.264750
0.024900 0.156860 0.246498
0.051201 0.249924 -2.388881
0.158963 0.366112 0.311369
0.233083 0.458947 -2.622647
0.207348 0.571609 -0.010758
0.309016 0.221291 -2.375602
0.283288 0.729797 0.150339
0.263940 0.594190 -2.336575
0.136859 0.702524 0.056990
0.167431 0.535850 -2.023307
0.134614 0.808536 0.448181
0.024364 0.591364 -1.327420
-0.110951 0.844610 0.262731
-0.089178 0.757951 -0.791512
-0.108990 0.825362 0.025234
-0.050843 0.793000 -0.257767
0.007969 0.739564 -0.127173
-0.531568 -0.258129 -0.012636
-0.570910 -0.231160 0.015106
-0.495220 -0.270543 0.063610
-0.379774 -0.247274 0.004131
-0.318710 -0.300700 -0.023032
-0.296194 -0.245824 0.065155
-0.211509 -0.255581 0.037804
-0.050128 -0.254440 0.029843
0.129068 -0.236728 -0.068548
0.326497 -0.235163 0.157247
0.441571 -0.188808 -0.300786
0.497058 -0.176729 0.128583
0.366030 -0.065898 -0.858801
0.396374 -0.123767 0.245738
0.172171 -0.015885 -1.330670
0.286689 0.100892 -0.079942
0.237643 0.004848 -2.032054
0.280166 0.237323 0.010321
0.142563 0.068384 -1.984734
0.233983 0.399777 -0.380988
0.272234 0.191705 -2.117225
0.325572 0.508632 -0.314131
0.145191 0.181441 -1.810498
0.250600 0.563378 -0.327067
0.266252 0.244785 -1.732484
0.233193 0.634590 -0.095106
0.067019 0.369141 -1.362273
0.005621 0.699564 -0.097153
-0.050678 0.506586 -0.895126
-0.071044 0.690450 -0.086230
-0.115231 0.603764 -0.320701
-0.027579 0.651697 -0.145973
-0.455091 -0.269729 0.024620
-0.563008 -0.234594 0.053620
-0.455743 -0.273978 -0.012764
-0.345294 -0.256089 0.093480
-0.261502 -0.312470 -0.030805
-0.158188 -0.311079 0.069623
-0.014389 -0.314932 -0.028299
0.235019 -0.315418 0.137648
0.409157 -0.287961 -0.065653
0.545185 -0.273102 0.147492
0.490683 -0.176682 -0.562249
0.550879 -0.214971 0.157057
0.487808 0.021602 -1.097817
0.419646 -0.087327 0.210210
0.257201 0.132239 -2.378446
0.309761 0.055581 0.396190
0.265429 0.165067 -2.234248
0.188643 0.142057 0.269265
0.115268 0.443806 -2.817783
0.233524 0.403833 0.084406
0.273899 0.494170 -2.326522
0.261498 0.314345 0.004065
0.275412 0.599500 -2.727587
0.335858 0.570531 0.127100
0.369983 0.500853 -2.031067
0.271206 0.609385 0.166489
0.252295 0.598755 -1.922928
0.197497 0.783368 0.114833
0.112764 0.647661 -0.868132
0.120019 0.722214 0.034965
0.162850 0.710399 -0.419047
0.153181 0.700998 -0.190399
-0.393578 -0.274925 -0.051809
-0.441760 -0.221899 0.008245
-0.335560 -0.287973 0.032199
-0.259120 -0.289536 0.017447
-0.158836 -0.343855 -0.101142
-0.062169 -0.318843 0.111248
0.095799 -0.302479 -0.043556
0.319048 -0.328853 0.071044
0.449927 -0.296536 -0.194799
0.544470 -0.335744 0.228216
0.594077 -0.230642 -0.316847
0.643114 -0.324107 0.237543
0.397751 -0.154269 -1.341218
0.492107 -0.265626 0.370343
0.457726 -0.144033 -1.555391
0.428912 -0.150856 0.307756
0.205790 -0.092549 -2.577557
0.301752 0.080873 0.177617
0.403688 -0.046744 -2.228925
0.369395 0.164760 -0.042111
0.274730 0.227909 -2.663841
0.332260 0.398037 -0.047852
0.410598 0.164506 -2.143456
0.414337 0.461928 -0.027962
0.293107 0.394750 -2.276048
0.286463 0.684424 0.074444
0.261497 0.338665 -1.557989
0.181302 0.680443 -0.019786
0.072550 0.507889 -1.060988
0.065394 0.635135 -0.150604
0.022822 0.602228 -0.477035
0.079680 0.632708 -0.261677
-0.425162 -0.306091 -0.019785
-0.500544 -0.261129 0.049150
-0.397010 -0.304094 -0.014536
-0.265294 -0.305896 0.131257
-0.142384 -0.366348 -0.001492
0.034276 -0.388769 0.031747
0.238640 -0.357686 -0.021943
0.427960 -0.389802 0.091755
0.518953 -0.330728 -0.025457
0.604466 -0.352887 0.084345
0.556531 -0.266874 -0.271899
0.599795 -0.351167 0.147871
0.489699 -0.196810 -0.624307
0.514528 -0.352858 0.243413
0.343077 -0.126602 -1.246767
0.364461 -0.198819 0.113385
0.294792 -0.128505 -1.596645
0.364810 0.015348 0.144309
0.348102 0.036938 -1.563909
0.345670 0.161432 0.063386
0.361185 0.118860 -1.813324
0.379460 0.342149 -0.109459
0.391523 0.335741 -1.506126
0.365288 0.522408 0.020120
0.399767 0.425438 -1.675445
0.365558 0.717176 0.261485
0.384103 0.584333 -0.911488
0.305721 0.781146 0.110092
0.286264 0.641874 -0.854468
0.264197 0.698955 -0.045459
0.237429 0.668509 -0.341597
0.224569 0.612294 -0.171646
-0.348952 -0.382585 -0.106098
-0.428118 -0.305604 0.025689
-0.367734 -0.376770 0.091067
-0.233765 -0.298615 -0.024214
-0.058365 -0.373611 -0.054816
0.094872 -0.346103 0.066992
0.323135 -0.353540 0.084580
0.508044 -0.369826 0.017046
0.627296 -0.377031 0.011730
0.646178 -0.406189 0.124180
0.669721 -0.382239 0.036765
0.692612 -0.436617 0.157628
0.615107 -0.401897 -0.137681
0.613632 -0.484439 0.319329
0.510177 -0.411147 -0.331365
0.494769 -0.362741 0.237001
0.373385 -0.370656 -0.683215
0.341386 -0.171936 0.065363
0.311275 -0.238476 -0.929243
0.310726 0.095490 -0.205964
0.281620 -0.067829 -1.024831
0.301204 0.213427 -0.185300
0.303953 0.054083 -1.005765
0.333566 0.450524 -0.192226
0.347628 0.234831 -0.880468
0.348715 0.544224 -0.081743
0.311118 0.321129 -0.868070
0.303162 0.650139 -0.083624
0.285431 0.511240 -0.595794
0.267259 0.607378 -0.171677
0.224079 0.565820 -0.198877
0.182609 0.568555 -0.131483
-0.419137 -0.369723 -0.093940
-0.473102 -0.264668 0.052339
-0.379315 -0.251539 -0.113280
-0.191085 -0.263243 0.137906
0.008340 -0.331446 0.003188
0.161035 -0.370128 0.103345
0.349651 -0.347252 -0.044659
0.527583 -0.371542 0.064692
0.613661 -0.329521 0.028235
0.697466 -0.360658 0.046397
0.658831 -0.329754 -0.159810
0.680595 -0.412370 0.032041
0.602374 -0.373456 -0.209520
0.626891 -0.399483 0.020146
0.503825 -0.365068 -0.620309
0.520263 -0.319072 -0.052251
0.455510 -0.198769 -0.689159
0.434048 -0.015570 -0.127338
0.376749 -0.014425 -0.905396
0.377606 0.108417 -0.187477
0.333915 0.084787 -0.832955
0.357843 0.281679 -0.357468
0.404989 0.229340 -1.004994
0.442182 0.453685 -0.173119
0.445015 0.391134 -0.774518
0.473422 0.619840 -0.137584
0.462793 0.462612 -0.659316
0.471731 0.633395 -0.045566
0.379624 0.492833 -0.364437
0.381317 0.533441 -0.176646
0.289109 0.512120 -0.348637
0.242361 0.477274 -0.323245
-0.106847 -0.322211 -0.039299
-0.191273 -0.288848 0.151847
-0.149976 -0.297587 0.036745
-0.027059 -0.221169 0.172425
0.129965 -0.228332 -0.037561
0.265893 -0.229142 0.156854
0.436095 -0.233049 0.054150
0.520365 -0.278990 0.174964
0.608294 -0.271329 0.064818
0.604057 -0.315953 0.263130
0.693850 -0.315847 0.123043
0.664625 -0.392970 0.248268
0.678019 -0.351052 0.039497
0.577416 -0.429880 0.382819
0.563103 -0.422393 -0.008574
0.472654 -0.386472 0.258275
0.420979 -0.303862 -0.318563
0.389440 -0.163219 0.118950
0.357817 -0.154515 -0.376425
0.289421 0.017576 -0.116866
0.271273 -0.005379 -0.518051
0.268113 0.175033 -0.093598
0.327900 0.097160 -0.478650
0.382768 0.336325 -0.128105
0.435086 0.246661 -0.527816
0.430810 0.468886 -0.006618
0.431014 0.344301 -0.349673
0.416132 0.494788 -0.154579
0.397406 0.436942 -0.325591
0.372701 0.506750 -0.082808
0.303528 0.488609 -0.185108
0.269391 0.427415 -0.203936
