1.399477 -0.439025 -0.553214
1.234882 -0.178287 -0.053087
1.457907 -0.296146 0.227629
0.723990 0.577886 -0.321551
1.147774 -0.445847 0.387488
1.549941 0.818750 -0.132799
0.958716 0.063143 0.539594
0.746477 0.833667 0.275077
1.609493 0.597691 -0.049130
0.639032 0.840902 0.191703
0.545051 0.433892 0.780206
1.030669 0.166735 0.242770
0.313626 0.716918 1.057516
1.132430 -0.122960 0.687043
0.496530 0.750225 0.868898
1.541239 -0.673000 -0.087523
1.029906 -0.349380 -0.460165
1.548296 -0.526112 0.262826
0.488687 0.718099 -0.109930
0.049954 0.549148 -0.517998
1.489362 -0.411304 0.110717
1.289163 0.713480 0.134835
1.414390 0.313295 -0.062029
0.637698 -0.024594 -0.815909
0.624711 -0.233888 0.996632
1.414869 -0.219834 0.651946
0.198578 1.056896 0.062731
1.552603 -0.603039 0.345043
-0.354626 0.499937 -0.037421
1.139654 -0.203708 0.200545
-0.152739 0.268256 -0.425710
0.946356 0.039988 -0.340047
1.172329 0.409148 -0.311169
1.200160 -0.084142 -0.193403
1.442592 0.064500 -0.246938
1.507109 0.282213 -0.039067
1.592400 -0.353404 0.061303
0.964412 0.228502 -0.352330
1.379127 0.081789 0.418728
0.562395 0.551419 -0.533224
0.534164 0.418077 0.542242
0.813969 0.363606 0.531635
0.832448 -0.473717 0.656541
0.589977 -0.478101 -0.951958
0.513679 0.126331 -0.394258
0.753638 -0.378517 -0.306638
-0.282854 -0.437280 0.508990
1.511230 0.235257 0.708346
0.251894 0.405777 -0.387186
1.625220 -0.113720 0.865682
1.626572 -0.326695 0.354445
1.001401 0.248142 0.179944
0.831404 0.404270 0.271468
0.379811 -0.065885 1.148776
0.575523 -0.186238 0.729907
1.611930 -0.248237 0.322025
1.484912 -0.199512 -0.588683
0.957678 0.634241 0.287965
-0.207224 0.467979 -0.238817
1.459920 0.298685 0.047511
0.081439 0.019078 -0.410444
0.399139 0.837269 -0.607292
0.135291 -0.582618 0.333713
0.766260 -0.482464 0.364729
0.493365 -0.483904 -0.148062
0.784782 -0.217265 -0.729426
0.258840 0.608455 0.744135
0.758591 -0.068130 0.792038
0.368531 0.939479 0.660575
-0.211704 0.494290 1.091031
1.203685 0.435581 0.223211
1.314244 0.106937 -0.022599
-0.240302 0.154015 0.823599
1.621593 -0.156490 0.568048
1.473128 0.553830 -0.518343
1.072589 -0.076991 0.064872
1.338427 -0.002924 0.473835
0.978866 -0.277717 -0.074199
0.920864 -0.219930 0.479806
0.829144 0.718936 0.116102
0.911454 -0.499989 0.134267
-0.250073 -0.243591 0.646193
1.576963 0.204875 -0.141773
-0.629389 0.118190 0.684668
1.018538 -0.466643 -0.109196
0.671385 -0.116072 -0.527023
1.122967 -0.306729 -0.078989
1.274632 -0.119475 -0.100039
0.078032 0.906789 -0.112499
1.439940 0.071476 -0.317104
-0.464517 -0.140475 0.627859
1.565697 -0.129292 0.359652
0.523820 0.392818 1.042425
0.115090 0.061221 0.835466
1.405395 0.170076 0.337581
1.486261 0.041175 0.570997
0.574058 -0.629080 0.298744
1.023911 0.149234 -0.670655
1.184234 -0.046113 0.325301
0.415675 -0.232695 -0.617601
-0.279685 0.276459 0.756102
0.451524 0.894125 0.301248
1.415176 -0.217000 -0.257890
0.773798 -0.346403 0.837311
1.100924 -0.046126 -0.429688
1.002717 0.496604 -0.300430
0.229114 0.755436 0.158092
0.532590 0.700472 -0.359385
1.078468 -0.118494 0.392667
0.801071 0.039513 -0.612944
-0.236623 0.847404 0.236351
0.876037 -0.246479 -0.509934
1.391170 -0.245993 0.451251
1.114815 0.022937 0.201493
1.515155 -0.263583 0.127823
-0.064054 0.047551 -0.107980
0.563930 -0.653133 0.967457
1.352534 0.090371 -0.112567
1.323552 0.275071 -0.419637
-0.170107 0.454608 -0.281441
1.316414 -0.385422 0.134902
0.964974 -0.366397 0.361796
0.662211 -0.658220 -0.903109
1.137582 0.247882 -0.039558
1.232196 0.034696 0.146791
1.173739 0.484205 0.056112
1.009582 0.116264 -0.250628
1.038112 0.450452 0.512541
1.244251 -0.485310 -0.011680
-0.298669 0.203438 -0.105036
1.207454 0.240669 -0.009293
0.506073 -0.794851 -0.754558
0.246824 0.819588 -0.235369
1.375750 0.681223 0.241317
0.303598 -0.340047 -0.698997
1.202366 -0.165384 0.526866
1.229211 0.289056 0.212106
0.417986 0.703200 0.675703
0.277039 -0.296957 -0.374570
0.516382 0.895092 -0.273929
1.142091 -0.398995 -0.917499
0.161909 0.576898 -0.333309
-0.096115 -0.216993 0.855459
0.615245 0.251398 -0.355453
1.105561 0.076677 0.551648
1.225370 -0.095620 0.089620
0.027112 -0.068512 -0.274637
0.199027 -0.130774 0.882057
-0.068272 0.726230 0.282658
0.890282 0.587582 -0.044456
1.439303 -0.066080 -0.061415
1.480592 0.641755 -0.228449
0.951988 0.148162 -0.048155
0.724669 -0.174606 -1.043306
0.472870 -0.379627 -1.028381
0.589734 0.046690 0.768435
1.032917 0.353786 0.116590
-0.203243 0.810611 -0.144039
1.452978 -0.649594 -0.501420
0.152519 0.269938 0.958045
-0.144578 -0.078763 -0.114679
1.294920 -0.051049 -0.621100
1.409817 0.304331 0.097267
0.910630 0.155717 0.536617
0.941923 0.359942 -0.283595
1.354799 0.403362 -0.048247
1.257871 -0.215730 0.171581
0.851058 0.418911 -0.113091
1.242481 0.219209 0.129335
0.468375 -0.405966 -0.537285
1.316598 0.286452 0.077625
-0.024333 0.516665 0.866221
0.562772 0.136251 0.966403
1.091130 0.578973 0.092868
1.239087 0.035727 -0.321396
0.841367 0.574585 0.489152
1.521098 0.507026 0.040413
1.519314 -0.085394 -0.242312
0.726620 -0.651528 0.113661
1.231981 -0.017451 0.305809
1.560175 0.692484 0.053691
0.650455 0.770086 -0.157512
0.944445 0.519545 0.026719
1.568329 0.388316 -0.254614
0.939400 -0.024329 0.321718
1.257880 -0.184197 0.161522
1.528057 0.631537 -0.318783
-0.034314 0.299847 -0.256193
1.345931 -0.034179 0.409783
0.669704 0.156333 -0.577475
0.551013 0.385712 -0.858980
1.089068 0.139732 -0.034919
1.228625 -0.400594 -0.234212
0.695555 0.383098 -0.685814
-0.481762 0.310496 0.864620
1.182443 -0.053604 0.290085
1.492836 -0.276903 -0.077991
1.097169 -0.411645 0.228603
0.165190 -0.554500 0.050468
1.510823 0.174381 -0.402642
1.553897 0.374643 0.350671
0.498053 0.942906 0.057853
1.421015 0.444462 0.126795
0.406320 0.202895 0.787252
1.484313 -0.549020 -0.191842
1.424717 0.589514 0.479532
0.132794 0.204195 -0.403639
1.180221 0.082385 0.358013
0.269843 -0.291839 0.838386
1.569831 -0.337331 -0.233828
1.203442 0.652498 -0.074539
1.241759 0.386781 0.066392
1.114736 0.484472 -0.205234
1.180737 0.269861 0.471153
-0.268946 0.625390 0.785470
0.300770 -0.474927 -0.435980
0.551746 0.434769 -0.242072
1.163493 0.183191 -0.280214
0.397232 0.260995 -0.695879
1.639489 0.393006 0.385940
0.291977 0.070514 -0.672474
0.115643 0.850593 0.700756
-0.387563 0.260169 0.028962
0.577921 -0.526546 0.594714
-0.460644 0.016947 0.868183
1.482628 -0.064533 0.181052
0.619395 -0.747308 -0.210842
-0.009092 -0.057121 -0.406254
1.506386 -0.392105 0.576347
0.849799 -0.647645 -0.475813
1.414164 0.429769 0.251896
1.294603 0.017696 -0.567736
0.029727 -0.425272 -0.029777
0.214559 0.000826 -0.412449
0.694803 -0.254475 -0.383171
1.239820 0.100658 -0.080680
0.297614 -0.644272 0.570828
0.698824 0.648919 0.362447
-0.265257 -0.198858 -0.092863
0.016891 0.497232 -0.093144
0.801144 0.397642 -0.389363
-0.061238 -0.434368 0.589316
0.966888 -0.577490 0.167245
1.664244 0.749614 0.221137
0.019985 -0.210590 -0.267275
0.747147 0.266995 0.740439
-0.428825 0.386457 0.576358
1.424438 -0.041732 0.346133
0.669165 -0.083951 -0.214049
-0.128365 -0.233700 0.037408
0.141686 -0.507873 -0.532762
1.643773 -0.420223 0.037865
0.127030 -0.646715 -0.322120
0.204719 1.053721 0.521697
0.786775 0.661714 -0.209023
0.457117 -0.318277 0.583966
0.163156 -0.312414 -0.148772
0.309383 -0.106317 0.266311
0.345489 0.037098 -0.403473
0.332082 0.109504 0.241173
0.283453 0.210490 -0.429227
0.246206 0.382808 0.175549
0.199181 0.491460 -0.534148
0.076766 0.677248 0.188065
-0.028589 0.636001 -0.435850
-0.110126 0.634780 0.053684
-0.091727 0.565631 -0.447604
-0.167594 0.593309 0.095211
-0.281302 0.508101 -0.309293
-0.399296 0.556619 0.068773
-0.516374 0.523298 -0.336627
-0.672918 0.599498 0.226953
-0.826933 0.499402 -0.317235
-0.906228 0.558746 0.268255
-0.910299 0.503566 -0.302280
-0.935461 0.583924 0.483773
-0.949633 0.538547 -0.139251
-0.886723 0.644696 0.486039
-0.807289 0.686428 -0.273826
-0.713310 0.790374 0.528053
-0.631614 0.859436 -0.141037
-0.442682 0.929547 0.411868
-0.320269 0.958950 -0.269399
-0.195637 0.979447 0.378774
-0.173240 1.038970 -0.202797
-0.034575 1.070237 0.183064
0.136431 1.156719 -0.307630
0.210308 1.098606 -0.005886
0.199672 -0.298843 -0.120824
0.363630 -0.183017 0.145522
0.249471 -0.227958 0.029579
0.383074 -0.102032 0.223925
0.303426 0.039499 -0.342618
0.231748 0.235481 0.310394
0.069948 0.288929 -0.256643
0.037684 0.459466 0.078188
-0.059042 0.445922 -0.391418
-0.140750 0.536035 0.087146
-0.289966 0.368327 -0.306134
-0.319140 0.430920 0.005955
-0.376356 0.334976 -0.387047
-0.463916 0.419809 0.074947
-0.565072 0.363557 -0.218231
-0.650955 0.491381 0.044398
-0.801365 0.477316 -0.234794
-0.930578 0.533686 0.254047
-0.955631 0.516126 -0.069161
-0.984989 0.601011 0.322849
-0.950361 0.674190 -0.074225
-0.999210 0.677266 0.584360
-0.989405 0.804264 0.208818
-0.928110 0.827877 0.562303
-0.787563 1.004068 -0.066663
-0.626384 0.924764 0.512346
-0.484053 1.030392 0.066058
-0.313905 0.954798 0.386161
-0.158445 1.026630 -0.321853
-0.103262 0.991662 0.371163
0.014727 1.026825 0.151814
0.160365 1.047041 0.366762
-0.017860 -0.153152 0.118069
0.054583 -0.050092 0.284810
0.156097 0.149286 -0.333024
0.242367 0.105119 0.426730
0.139185 0.300575 -0.583461
0.105317 0.448984 -0.001861
-0.141707 0.634097 -0.636790
-0.310203 0.707084 0.009446
-0.755349 0.644500 -0.430256
-0.729563 0.617679 -0.253236
-0.944842 0.509438 -0.402692
-0.883282 0.547513 -0.203259
-1.086547 0.435588 -0.249785
-0.955757 0.537639 -0.224864
-1.192745 0.488377 -0.089927
-1.152128 0.534768 0.005711
-1.293485 0.512971 0.070241
-1.133288 0.567219 0.180058
-1.155140 0.634357 0.095077
-1.067613 0.681368 0.321946
-1.147412 0.742451 0.321568
-0.939907 0.764695 0.363921
-0.888902 0.890022 0.118656
-0.743217 0.934546 0.363169
-0.741292 1.105711 0.168845
-0.550401 1.124766 0.252846
-0.419287 1.219598 -0.232344
-0.292197 1.216703 0.201096
-0.197424 1.242787 -0.155923
0.003547 1.224948 0.116189
0.055227 1.265913 -0.309039
0.173128 1.204497 -0.333221
0.021985 -0.189577 0.115122
0.140942 -0.194553 0.456619
0.083704 -0.193711 0.100916
0.237435 -0.229187 0.636623
0.018046 0.027816 -0.318851
-0.164110 0.051435 0.816423
-0.508212 0.032453 -0.354809
-0.603046 0.094182 -0.027463
-0.797260 0.026725 -0.759396
-0.889640 0.169521 -0.065619
-1.183444 -0.149479 -0.635071
-1.104192 0.060791 -0.472184
-1.141531 -0.178303 -0.685319
-1.086203 0.078971 -0.226546
-1.196104 -0.064607 -0.369715
-1.100947 0.202906 -0.089083
-1.022639 0.234889 -0.263420
-0.959869 0.404140 0.222686
-0.911331 0.515971 0.072151
-0.904066 0.551244 0.375501
-0.855307 0.690790 0.098664
-0.928325 0.701142 0.530258
-0.955555 0.877839 0.181414
-0.866673 0.926291 0.516711
-0.710398 1.136655 -0.017694
-0.570909 1.078721 0.469997
-0.513468 1.174792 -0.031978
-0.366426 1.093438 0.338545
-0.197870 1.162969 -0.325996
-0.056332 1.084805 0.346064
0.060245 1.110169 -0.178387
0.095779 1.107749 0.226831
-0.084109 -0.282402 0.454461
-0.039486 -0.207445 0.861247
-0.140572 0.086288 0.240713
-0.029761 -0.103141 0.791759
-0.188100 0.252863 -0.304129
-0.162248 0.176070 0.216740
-0.553675 0.377720 -0.401136
-0.633330 0.284360 0.211492
-1.315565 0.309857 -0.390207
-1.140234 0.235172 -0.587072
-1.439201 -0.051652 -0.620985
-1.261849 0.179920 -0.451042
-1.461926 -0.122740 -0.324105
-1.239216 0.195087 -0.420799
-1.362599 0.077927 -0.120689
-1.235336 0.266084 -0.003648
-1.181571 0.290392 0.103911
-1.051229 0.415456 0.349177
-1.071706 0.602447 0.129426
-1.084620 0.678122 0.499561
-1.061550 0.833917 0.351579
-1.005710 0.875065 0.567732
-0.943522 1.026398 0.161242
-0.882997 1.059991 0.344992
-0.761401 1.147411 0.224597
-0.643622 1.137575 0.333868
-0.498371 1.180338 -0.188926
-0.429092 1.127325 0.084180
-0.325929 1.187235 -0.233031
-0.228483 1.104699 0.133236
-0.168277 1.215394 -0.203045
-0.025161 1.189810 -0.132349
0.046661 -0.445966 0.797443
0.097070 -0.587165 1.185428
-0.041245 -0.523547 1.064821
0.012439 -0.755010 1.538934
-0.170545 -0.298227 1.063570
-0.402900 -0.514342 2.171014
-0.727702 -0.215691 0.521832
-0.562857 -0.415104 1.347789
-0.920546 -0.492591 -0.248497
-0.941760 -0.372774 1.110787
-1.378637 -0.712085 -0.600307
-1.323848 -0.373348 -0.380571
-1.545700 -0.832679 -1.000666
-1.304519 -0.300089 -0.293547
-1.367740 -0.569122 -0.614416
-1.248843 -0.087027 0.004769
-1.179504 -0.021954 -0.350639
-1.094103 0.264293 0.532366
-1.064305 0.464776 0.111925
-1.095452 0.573637 0.637147
-0.985938 0.781587 0.103785
-0.945113 0.848702 0.669461
-0.942076 1.047512 0.226974
-0.930793 1.069216 0.467413
-0.816113 1.169753 0.054442
-0.698341 1.132370 0.268230
-0.650503 1.176762 0.087666
-0.532538 1.091608 0.055508
-0.411588 1.087041 -0.339574
-0.280153 1.018838 0.063403
-0.253760 1.026555 -0.162672
-0.125940 1.041061 0.105899
0.061396 -0.477712 0.979658
0.140950 -0.629040 1.266682
0.028904 -0.264622 0.762433
-0.095161 -0.585212 2.020511
-0.142756 0.027092 0.313650
-0.158206 -0.253839 1.397809
-0.341487 0.085029 -0.330697
-0.499987 -0.174082 1.916737
-0.867021 0.098266 -0.630102
-0.911246 0.067517 0.389844
-1.078930 -0.100214 -0.851264
-1.014252 0.108242 0.404487
-1.200819 -0.101812 -0.357262
-1.119889 0.231008 0.126134
-1.144688 0.096933 -0.030019
-1.155135 0.284263 0.438722
-1.175496 0.335310 0.019703
-1.110576 0.494555 0.566907
-1.040250 0.704274 -0.052380
-1.014780 0.847267 0.650353
-1.026432 1.049651 0.197355
-0.907800 1.098835 0.572106
-0.816593 1.224218 -0.112134
-0.737486 1.217579 0.393691
-0.762341 1.278326 -0.159133
-0.691133 1.237131 0.014942
-0.624750 1.331388 -0.702238
-0.554770 1.243259 -0.335960
-0.542732 1.401706 -0.557320
-0.372338 1.224163 -0.526658
-0.272599 1.318699 -0.623564
-0.132748 1.151363 -0.705690
-0.158809 -0.730042 1.231599
-0.133430 -1.025706 1.927718
-0.230932 -1.018315 1.442414
-0.222772 -1.242933 2.318532
-0.224858 -0.710827 1.045386
-0.358158 -1.047675 3.268203
-0.416568 -0.357244 0.694732
-0.352436 -0.893976 3.205127
-0.373201 -0.449440 -0.389050
-0.501911 -0.676078 3.462237
-0.774887 -0.256097 -0.302436
-0.767721 -0.289947 1.979891
-1.058253 -0.325652 -0.850449
-0.962806 -0.006462 1.084529
-0.875449 -0.008680 -0.511077
-0.683921 0.227483 0.631586
-0.593852 0.433018 -0.306441
-0.725207 0.520420 0.803577
-0.798856 0.729687 -0.089371
-0.895240 0.802824 0.799760
-0.780547 1.051305 -0.095682
-0.776619 1.081081 0.853401
-0.777718 1.195605 -0.193668
-0.690519 1.148578 0.575431
-0.643305 1.235925 -0.571956
-0.602058 1.103148 0.328138
-0.640096 1.123616 -0.534707
-0.630858 1.040846 -0.183439
-0.630911 1.185594 -0.838311
-0.472143 1.031720 -0.524154
-0.381907 1.140895 -0.697156
-0.240070 1.074336 -0.525992
0.052098 -0.614747 1.247903
0.084523 -0.843215 1.568914
-0.028219 -0.586074 1.235155
-0.202627 -0.874524 2.190541
-0.217242 -0.253611 0.766180
-0.205356 -0.534418 1.834755
-0.179883 -0.096873 0.220470
-0.359562 -0.369620 2.399479
-0.428260 0.168030 0.081949
-0.462618 -0.131452 1.449685
-0.457210 0.104235 -0.448506
-0.501559 -0.010273 1.211425
-0.723664 0.204717 -0.042532
-0.628302 0.240883 0.592379
-0.712677 0.356822 0.213846
-0.708824 0.339180 0.491164
-0.690394 0.595528 0.206308
-0.738821 0.681268 0.698822
-0.686509 0.976784 0.098116
-0.700349 1.099771 0.507829
-0.520567 1.263841 0.019126
-0.471083 1.295833 0.669966
-0.489440 1.469161 -0.568625
-0.560501 1.439592 0.376661
-0.525856 1.603271 -0.937193
-0.519634 1.532365 -0.253017
-0.656010 1.874392 -1.552667
-0.691678 1.799286 -1.005709
-0.757601 2.131264 -1.601691
-0.626375 1.797265 -1.243294
-0.496661 2.043976 -1.378504
-0.362051 1.596799 -1.254167
-0.016660 -0.913089 1.389746
0.071222 -1.169152 1.860540
-0.076957 -1.206493 1.563548
-0.051362 -1.434618 2.315706
-0.076954 -0.910360 1.440003
-0.127330 -1.211859 3.169950
-0.174487 -0.460235 1.126821
-0.186012 -0.986050 3.077538
-0.140463 -0.355226 0.781618
-0.382384 -0.837121 3.631618
-0.383695 -0.054092 0.795993
-0.428350 -0.521133 2.625695
-0.402312 -0.031072 0.457956
-0.506141 -0.192227 2.079443
-0.463823 0.345659 0.424621
-0.457762 0.244634 0.860212
-0.440857 0.594281 0.014992
-0.567199 0.614795 0.847615
-0.553476 0.900036 -0.091696
-0.558340 0.955140 0.652132
-0.455659 1.139072 -0.273637
-0.519961 1.167010 0.781100
-0.571459 1.228420 -0.398423
-0.440631 1.232458 0.325088
-0.361786 1.240779 -0.954921
-0.326500 1.104051 -0.066727
-0.460431 1.207669 -0.600376
-0.507502 1.082919 -0.657424
-0.632885 1.363223 -1.108959
-0.468269 1.055644 -1.002112
-0.460220 1.360165 -0.964260
-0.371651 1.264678 -0.976548
0.109775 -0.532527 1.179725
0.135841 -0.731048 1.570754
-0.048432 -0.519588 1.078986
-0.168816 -0.865535 2.504019
-0.212331 -0.334028 0.801892
-0.337071 -0.648334 2.068167
-0.336120 -0.227791 0.332665
-0.509252 -0.430337 3.192339
-0.397224 0.066603 0.237451
-0.518486 -0.176156 2.138251
-0.403450 0.099212 -0.040789
-0.523179 -0.069679 2.797418
-0.463567 0.281052 0.011700
-0.537117 0.156601 1.388839
-0.463221 0.525374 -0.517013
-0.587408 0.449118 1.462690
-0.633947 0.722307 -0.445826
-0.662297 0.839707 0.934506
-0.583490 1.163154 -0.751916
-0.628027 1.189769 1.073757
-0.582268 1.322896 -0.746747
-0.508275 1.377213 0.689163
-0.482697 1.774605 -1.670417
-0.485771 1.595749 0.465328
-0.599741 1.995038 -1.867120
-0.613948 1.587570 -0.668220
-0.789537 2.531539 -2.684206
-0.741278 2.241428 -1.584167
-0.821049 2.845763 -2.367592
-0.730516 2.278153 -1.880459
-0.642570 2.656590 -2.139958
-0.571895 2.118779 -2.117877
0.125601 -0.724566 1.023234
0.138574 -0.951653 1.908573
0.051372 -0.810052 1.262294
-0.006432 -1.162042 2.383203
-0.101879 -0.639451 0.854701
-0.205507 -1.082522 3.411150
-0.177409 -0.248197 0.684843
-0.240802 -0.885980 3.272164
-0.170975 -0.295617 0.003347
-0.443559 -0.726224 3.987269
-0.266952 0.038482 0.326225
-0.389457 -0.606863 3.065214
-0.300670 0.048918 -0.427676
-0.512773 -0.383349 3.200109
-0.320732 0.467171 -0.237075
-0.448658 0.028987 2.006274
-0.363476 0.729548 -1.208263
-0.478040 0.624368 1.788330
-0.519840 0.976201 -0.757253
-0.514127 0.931970 1.164702
-0.396918 1.286932 -1.175697
-0.404031 1.245407 1.125548
-0.441014 1.362451 -1.102047
-0.336333 1.319594 0.475992
-0.292796 1.595503 -1.955877
-0.257214 1.270941 -0.154280
-0.453709 1.553315 -1.600004
-0.479399 1.269080 -0.673646
-0.628586 1.805962 -1.855364
-0.455659 1.323600 -1.051811
-0.468833 1.922583 -1.807090
-0.407955 1.674101 -1.404804
0.036458 -0.277066 0.732765
-0.056675 -0.362821 1.035514
-0.095439 -0.308112 0.620733
-0.248197 -0.625471 1.455997
-0.258128 -0.239822 0.600393
-0.413425 -0.407789 1.124089
-0.258239 -0.153060 0.250326
-0.503832 -0.258129 1.833640
-0.357977 -0.001489 0.243296
-0.544782 -0.099702 1.339779
-0.353483 0.056602 0.120778
-0.591848 0.001066 1.764927
-0.424263 0.209576 0.178522
-0.571759 0.122064 0.997468
-0.395282 0.356600 -0.580946
-0.532990 0.381981 1.134666
-0.518509 0.726812 -0.555315
-0.549111 0.808285 1.052668
-0.508024 1.115371 -0.794500
-0.540056 1.129274 0.844265
-0.489118 1.396024 -0.830859
-0.484177 1.396463 0.908933
-0.529030 1.770886 -1.782621
-0.516191 1.683269 0.239138
-0.452290 2.175997 -2.130146
-0.478021 1.988108 -0.474362
-0.613328 2.542520 -2.831949
-0.644532 2.293698 -1.092881
-0.702585 3.047310 -2.886221
-0.552195 2.438078 -1.750893
-0.636207 2.907403 -2.030460
-0.497924 2.271153 -1.679154
0.091678 -0.405420 0.331412
-0.010837 -0.547892 0.881503
0.002942 -0.533664 0.629762
-0.147416 -0.843388 1.211768
-0.048949 -0.545645 0.300225
-0.214736 -0.828708 1.797863
-0.089486 -0.157518 0.302434
-0.357415 -0.538421 1.388995
-0.183552 -0.114676 0.067857
-0.415673 -0.519330 2.028742
-0.222004 0.041517 0.200329
-0.357102 -0.403949 1.546356
-0.193184 0.096318 -0.116567
-0.352649 -0.427005 2.014242
-0.266076 0.240129 -0.007214
-0.424121 -0.044812 1.177258
-0.343104 0.495204 -0.654679
-0.443793 0.384402 1.248206
-0.505762 0.712547 -0.470448
-0.539004 0.733214 0.778111
-0.524080 0.960186 -0.909366
-0.500003 1.035680 0.772326
-0.619893 1.184816 -0.955219
-0.526252 1.236524 0.055066
-0.551044 1.412218 -1.648850
-0.374057 1.228588 -0.274894
-0.596189 1.401390 -1.281308
-0.449711 1.224863 -0.873582
-0.533286 1.628611 -1.613767
-0.413277 1.209535 -0.961061
-0.511052 1.530055 -1.566734
-0.371755 1.265491 -1.005161
0.151658 -0.288389 0.001362
0.077792 -0.347928 0.101710
0.045267 -0.519638 -0.293082
-0.039944 -0.603843 0.324436
-0.156893 -0.533940 -0.258381
-0.234687 -0.454797 0.203785
-0.171961 -0.434121 -0.305110
-0.224953 -0.382589 0.513914
-0.259003 -0.212075 -0.303724
-0.332365 -0.196938 0.536328
-0.285390 -0.137270 -0.300710
-0.311282 -0.112365 0.929265
-0.295415 -0.039660 -0.208139
-0.312024 -0.026946 0.710744
-0.267087 0.067086 -0.713080
-0.303523 0.134028 1.162772
-0.395927 0.418038 -0.893178
-0.437402 0.474611 0.961426
-0.499681 0.769206 -1.271682
-0.472323 0.838942 1.282255
-0.537083 1.104481 -1.314984
-0.441571 1.117869 0.676413
-0.559996 1.651801 -2.363616
-0.422215 1.382994 0.772707
-0.467082 1.975717 -2.522650
-0.350810 1.596794 -0.331990
-0.420852 2.407069 -3.205471
-0.332536 1.889654 -1.063830
-0.440435 2.510864 -2.724922
-0.324938 1.733804 -1.299717
-0.446907 2.230435 -2.031435
-0.411326 1.592366 -1.726126
0.567535 -0.576243 -0.585099
0.566879 -0.675105 -0.441907
0.615723 -1.049523 -0.607596
0.504529 -0.962432 -0.076201
0.501333 -1.134480 -0.960684
0.254770 -0.784201 0.136665
0.298252 -0.705069 -0.613639
0.166672 -0.520798 0.103194
0.192343 -0.431208 -0.611357
0.027826 -0.362994 0.418637
0.060789 -0.362916 -0.430457
-0.096462 -0.249253 0.714479
0.011738 -0.139401 -0.707322
-0.085490 -0.190340 1.208815
0.003725 0.023222 -0.656387
-0.143249 0.016242 1.056465
-0.113463 0.335446 -1.270397
-0.233681 0.318665 1.496698
-0.243875 0.473196 -1.158200
-0.198950 0.487849 1.297229
-0.199022 0.816932 -1.500746
-0.236409 0.747129 1.404581
-0.376493 0.903966 -1.318414
-0.266466 0.888063 0.732302
-0.319202 1.306339 -2.197827
-0.223594 1.164678 0.213868
-0.461277 1.274833 -1.862938
-0.338526 1.076549 -0.215790
-0.371696 1.408914 -1.735122
-0.236512 0.928055 -0.558587
-0.324715 1.230707 -1.319936
-0.276898 1.030621 -0.683674
0.667314 -0.962446 -0.678607
0.711438 -1.046746 -0.731189
0.819617 -1.219481 -1.067025
0.779914 -1.077836 -0.494438
0.776833 -1.172215 -1.034217
0.730595 -0.924438 -0.401173
0.687855 -0.915266 -0.897550
0.570943 -0.708968 -0.174004
0.513384 -0.639657 -0.714768
0.400927 -0.443114 0.114403
0.450328 -0.380058 -0.595206
0.344193 -0.170124 0.487267
0.346750 -0.201934 -0.603285
0.174048 -0.043250 0.706611
0.221791 -0.056071 -0.762251
0.029467 0.068804 0.845357
0.019497 0.137961 -0.839561
-0.101353 0.262454 0.990191
-0.059583 0.379853 -1.018738
-0.152327 0.492242 0.977315
-0.132677 0.690409 -1.131994
-0.178704 0.784302 1.097597
-0.288156 1.135483 -1.970802
-0.232746 1.013002 0.746466
-0.309013 1.482405 -2.235802
-0.223427 1.318021 0.558572
-0.365575 1.713420 -2.709923
-0.246311 1.338159 -0.067535
-0.277080 1.851109 -2.527592
-0.125754 1.258306 -0.766609
-0.231016 1.612216 -1.470862
-0.193842 1.154503 -1.004921
0.779219 -1.397582 -0.971709
0.847980 -1.586954 -0.840146
0.917273 -1.991638 -1.017644
0.939511 -1.723777 -0.573612
0.987065 -1.946381 -1.495947
0.824733 -1.327381 -0.373826
0.853005 -1.508367 -1.205352
0.795614 -0.997593 -0.258857
0.759005 -1.075434 -1.026578
0.679062 -0.612640 0.019240
0.690846 -0.670082 -0.719336
0.630844 -0.263113 0.384348
0.694752 -0.301242 -0.656349
0.583043 -0.052630 0.693330
0.617414 -0.115955 -0.683944
0.487426 0.104942 0.724206
0.490066 0.075532 -0.814062
0.305703 0.219714 0.912070
0.342893 0.226048 -1.012349
0.270299 0.425707 0.872422
0.213021 0.449287 -1.021171
0.126500 0.633478 0.870457
-0.076114 0.697436 -0.918340
-0.105829 0.847191 0.434859
-0.266937 0.863202 -1.231813
-0.112168 0.873269 0.408120
-0.359949 0.826947 -1.087848
-0.279598 0.902092 -0.020720
-0.321978 0.917537 -1.216045
-0.213043 0.916533 -0.205378
-0.267718 0.892613 -1.030329
-0.173229 0.874212 -0.454281
0.791843 -1.311724 -0.731209
0.832804 -1.457513 -0.719562
0.941077 -1.689033 -1.378063
0.933760 -1.439725 -0.586120
0.967982 -1.592050 -1.286818
0.932668 -1.244960 -0.601524
0.920133 -1.184139 -1.290583
0.899282 -0.807356 -0.252933
0.857657 -0.805403 -0.875311
0.822808 -0.431957 0.078257
0.816752 -0.445450 -0.790848
0.884541 -0.205250 0.297405
0.930308 -0.223154 -0.474800
0.853071 -0.060344 0.564246
0.916388 -0.113996 -0.675228
0.972419 0.080756 0.669980
0.984529 0.037575 -0.632798
0.746774 0.178020 0.822783
0.772180 0.152692 -0.805442
0.788175 0.382090 0.656621
0.646640 0.343511 -0.676804
0.425043 0.498396 0.591526
0.095695 0.620426 -1.157526
0.123022 0.656124 0.583807
-0.034945 0.876665 -1.305124
0.009898 0.819666 0.216842
-0.139162 1.192525 -2.107560
-0.096752 1.003206 -0.162180
-0.173637 1.165495 -1.741545
-0.085888 0.873514 -0.345793
-0.079548 1.198383 -1.174334
-0.094420 0.991248 -0.739736
0.913281 -1.594708 -0.966647
0.981904 -1.779482 -0.680491
1.082116 -2.187230 -1.071533
0.991548 -1.816773 -0.477028
1.003455 -2.084507 -1.618555
0.879264 -1.425191 -0.263771
1.005092 -1.622119 -1.331834
0.916051 -1.051008 -0.303870
0.884595 -1.206254 -1.498205
0.846758 -0.592367 0.112230
0.964518 -0.735726 -0.922028
1.044316 -0.309865 0.242077
1.096855 -0.351781 -0.827268
1.188928 -0.056423 0.560133
1.370007 -0.096802 -0.501933
1.386231 0.121751 0.500279
1.360337 0.057527 -0.664145
1.289194 0.253373 0.633187
1.331284 0.167019 -0.475433
1.258381 0.394388 0.439209
1.058744 0.295942 -0.505490
0.854191 0.442929 0.379917
0.718666 0.476469 -0.336725
0.621283 0.559866 0.303384
0.276950 0.631033 -0.721550
0.196715 0.699273 0.281498
-0.020732 0.749373 -0.631885
-0.026584 0.801246 -0.114241
-0.150219 0.882721 -0.904387
-0.113915 0.853486 -0.364347
-0.167835 0.903148 -0.818653
-0.082054 0.856113 -0.514319
0.607645 -1.170470 -0.563938
0.670170 -1.317024 -0.659231
0.776899 -1.566286 -0.913753
0.773651 -1.313078 -0.690253
0.815135 -1.434381 -0.905386
0.843290 -1.139774 -0.668775
0.829599 -1.094565 -0.855981
0.886257 -0.704433 -0.329932
0.883841 -0.702745 -0.752087
0.916413 -0.323490 0.029623
0.954366 -0.312227 -0.454888
1.104421 -0.057526 0.238362
1.213509 -0.126908 -0.421076
1.367344 0.011440 0.198147
1.415134 0.000829 -0.300068
1.479382 0.170569 0.410855
1.519766 0.141707 -0.375523
1.552223 0.261561 0.265501
1.525004 0.276008 -0.190043
1.505310 0.408019 0.374925
1.445887 0.349618 -0.345419
1.349655 0.462678 0.128088
1.175863 0.496912 -0.187695
1.024220 0.593086 0.184993
0.816847 0.617853 -0.446207
0.588325 0.704558 0.154762
0.384492 0.777067 -0.622626
0.251114 0.734285 -0.059052
0.174974 0.924088 -1.050147
0.143463 0.803479 -0.316215
0.046969 0.969883 -0.671298
0.043932 0.709726 -0.508770
0.848708 -1.276464 -0.681324
0.906984 -1.435398 -0.611542
0.979628 -1.751373 -0.663561
0.996901 -1.512868 -0.572975
0.971974 -1.653900 -0.947245
0.911658 -1.177117 -0.391272
0.972348 -1.274504 -0.859294
0.958460 -0.843699 -0.402550
0.927368 -0.930290 -0.681509
0.976820 -0.488468 -0.003213
1.085237 -0.577289 -0.539177
1.208629 -0.250854 0.182680
1.294886 -0.285295 -0.188923
1.302210 -0.125296 0.416141
1.421170 -0.111400 -0.238195
1.471000 0.024120 0.387588
1.472772 0.093229 -0.005330
1.387110 0.171604 0.465149
1.481779 0.139209 -0.120441
1.469455 0.220560 0.312928
1.420471 0.241522 0.023161
1.235898 0.318299 0.246494
1.235403 0.319627 -0.105794
1.121240 0.404310 0.051121
0.969965 0.470250 -0.142156
0.770389 0.556873 -0.028295
0.596422 0.581089 -0.347987
0.458101 0.708261 -0.111684
0.290401 0.780385 -0.493574
0.207998 0.760769 -0.229849
0.110300 0.821997 -0.298331
0.059318 0.789165 -0.019659
0.478049 -0.848852 -0.530170
0.587198 -0.991405 -0.645451
0.666390 -1.096321 -0.859386
0.756031 -1.079701 -0.629642
0.725621 -1.009492 -0.660220
0.778048 -0.897528 -0.622892
0.780849 -0.763730 -0.649281
0.888172 -0.564141 -0.310573
0.941370 -0.441147 -0.312763
1.061970 -0.232466 -0.076349
1.085217 -0.196184 -0.370393
1.219239 -0.040947 0.092050
1.255699 -0.060592 -0.185005
1.377415 -0.006048 0.072450
1.326430 -0.003090 -0.350612
1.432714 0.118880 0.217047
1.432902 0.170204 -0.087358
1.559264 0.235801 0.104460
1.444362 0.227566 -0.234459
1.499629 0.321533 0.143996
1.455555 0.296743 -0.036375
1.497534 0.374712 -0.050745
1.288653 0.354948 -0.205444
1.232537 0.433072 -0.045767
1.080431 0.493154 -0.131114
0.987791 0.613931 -0.133920
0.782260 0.606220 -0.365733
0.658098 0.711149 -0.161822
0.410247 0.756056 -0.377666
0.303703 0.724669 -0.361237
0.147805 0.820538 -0.458716
0.089266 0.696868 -0.675856
0.717425 -0.762121 -0.279648
0.731474 -0.902892 -0.204187
0.892815 -1.098181 -0.389652
0.799599 -0.973708 -0.256532
0.823015 -0.950026 -0.542442
0.778996 -0.740451 -0.244224
0.846855 -0.720928 -0.418884
0.838865 -0.491786 -0.187910
0.897055 -0.466010 -0.310407
0.933709 -0.248911 0.122744
1.038313 -0.224110 -0.022488
1.111511 -0.131417 0.224477
1.220257 -0.103305 -0.012319
1.216497 -0.065301 0.406933
1.346962 -0.001144 0.108582
1.345630 0.044072 0.315820
1.387443 0.129571 0.079569
1.341454 0.140561 0.431275
1.454382 0.170611 0.197874
1.418839 0.174475 0.265984
1.411397 0.238355 0.137696
1.302078 0.242775 0.267278
1.353942 0.278271 0.121589
1.214086 0.330351 0.098590
1.091720 0.444091 0.035564
0.896796 0.527772 0.147339
0.799830 0.577560 -0.079212
0.648208 0.693360 -0.132180
0.506072 0.715573 -0.255363
0.398327 0.777917 -0.072552
0.269044 0.793174 -0.165786
0.219825 0.696908 -0.138450
