0.770190 -0.121656 -0.730672
0.297042 -0.210184 -0.304628
0.283294 -0.540901 0.144209
0.067972 0.230457 -0.324126
0.093014 -0.239197 0.350742
0.566373 0.396496 -0.084672
-0.078473 0.236030 0.492536
0.042278 0.535498 0.000636
0.584209 0.270948 -0.103343
0.119543 0.464254 0.383268
-0.177734 0.376995 0.386178
-0.055055 0.268034 0.405892
-0.130330 0.470704 0.467101
0.711545 0.174896 0.438363
-0.023455 0.483753 0.244879
0.803163 -0.543786 -0.220023
0.150511 -0.195957 -0.487613
0.556399 -0.532640 0.113154
-0.106351 0.372425 0.014756
-0.307419 0.270893 -0.475855
0.348406 -0.295235 0.177212
0.318954 0.452344 0.181075
0.375721 0.131716 -0.480838
0.073206 0.132490 -0.762217
0.081989 0.118518 0.485918
0.676590 0.036866 0.435947
-0.273560 0.584679 0.186447
0.482991 -0.367070 0.253800
-0.683179 0.589836 0.146329
0.074573 -0.426841 0.014481
-0.703378 0.249838 -0.637926
-0.017097 -0.018239 -0.398506
0.212736 0.172114 -0.560409
0.258433 -0.093756 -0.467075
0.568536 0.087067 -0.777196
0.456580 0.280805 -0.157970
0.775679 -0.385614 -0.048558
0.122207 0.125125 -0.686545
0.675129 0.335117 0.538259
-0.043254 0.263481 -0.422519
-0.203939 0.246654 0.189109
0.046551 0.406707 0.262897
0.091819 -0.196945 0.438169
0.100248 -0.036041 -0.511305
-0.125059 -0.211686 -0.294300
-0.044962 -0.291559 -0.122537
-0.763143 -0.436287 0.262931
0.750527 0.535349 0.743321
-0.268539 0.165003 -0.358938
0.682865 0.103720 0.782965
0.837020 -0.375538 0.081941
-0.010632 0.252530 -0.028679
0.030414 0.464302 0.268095
-0.111735 0.119522 0.612655
-0.161828 -0.122651 0.474572
0.671055 0.041516 0.372762
1.007652 0.125048 -0.889438
0.275748 0.662687 0.333502
-0.708789 0.432846 -0.389766
0.483806 0.061676 -0.579179
-0.479389 0.113563 -0.416817
-0.027167 0.441959 -0.504880
-0.531726 -0.418168 0.121080
-0.016694 -0.334667 0.171638
-0.172221 -0.345368 -0.041192
0.437527 0.059785 -0.809763
-0.355261 0.351615 0.295541
0.225368 0.156913 0.484028
0.025162 0.666498 0.294776
-0.344243 0.394793 0.542010
0.264185 0.623634 0.248733
0.447370 0.085278 -0.457272
-0.456151 0.162310 0.378407
0.617556 0.093601 0.566572
0.608243 0.376585 -0.968356
0.047351 -0.211064 -0.268975
0.441975 0.144513 0.415595
0.158090 -0.245590 -0.234344
0.094403 -0.089295 0.520059
-0.006221 0.418693 0.273188
0.004619 -0.319020 0.096861
-0.481476 -0.149323 0.376772
0.631564 -0.012985 -0.566985
-0.683553 0.349583 0.280945
0.052905 -0.423451 -0.122635
-0.003868 0.028826 -0.415953
0.208769 -0.389783 -0.180973
0.521294 -0.110278 -0.395998
-0.479043 0.581145 0.110616
0.775625 0.148299 -0.654674
-0.773516 -0.055267 0.432450
0.549269 -0.382783 0.047667
0.065923 0.394610 0.402600
-0.214589 0.168599 0.289014
0.607157 0.296589 0.383384
0.685591 0.213731 0.530336
-0.170585 -0.338798 0.102582
0.631890 0.346441 -1.228711
0.088920 -0.422196 0.089576
-0.201725 -0.011464 -0.364153
-0.400335 0.282711 0.239882
-0.197911 0.547507 0.149575
0.564606 -0.050810 -0.629347
0.059987 0.066714 0.541712
0.171201 0.136572 -0.635794
0.224805 0.265257 -0.642256
-0.353597 0.452615 0.268748
-0.125793 0.419046 -0.170657
-0.011735 -0.001202 0.334043
0.355852 0.157493 -0.933806
-0.704586 0.635245 0.466448
0.185114 -0.027464 -0.518968
0.358854 -0.131864 0.485198
0.163758 0.418495 0.394438
0.613610 -0.428596 -0.032923
-0.603085 -0.069206 -0.285557
0.023751 -0.211128 0.612583
0.379211 0.049398 -0.567518
0.616920 0.172865 -0.859701
-0.420751 0.369160 -0.260356
0.107598 -0.484275 0.067570
0.001651 -0.248911 0.386669
0.296074 -0.061187 -0.712185
0.076761 0.430505 0.165526
0.280161 -0.149912 -0.321243
0.182873 0.495576 0.302095
0.092932 0.055251 -0.543360
0.193669 0.618087 0.423293
0.328600 -0.438634 -0.111604
-0.611333 0.024226 -0.237230
0.249803 0.230566 -0.311853
-0.047448 -0.171484 -0.213094
-0.302609 0.473292 -0.080155
0.429853 0.799699 0.382654
-0.354530 -0.054271 -0.473197
0.275047 -0.017618 0.549426
0.348730 0.496098 0.297468
-0.283642 0.441402 0.284997
-0.349774 -0.159103 -0.250219
0.056575 0.445204 -0.057060
0.753884 0.135847 -1.271374
-0.291143 0.301898 -0.300229
-0.465577 -0.096672 0.554340
-0.244673 0.045247 -0.487387
0.292987 0.153097 0.479297
0.119140 -0.266279 0.246395
-0.372923 0.025232 -0.345843
-0.297376 0.062843 0.416379
-0.439027 0.420489 0.154304
0.017307 0.471155 -0.065734
0.658068 -0.073061 -0.220572
0.550592 0.266291 -0.302566
0.013603 0.116187 -0.393461
0.370404 0.236686 -1.222181
-0.126545 0.109876 -0.697966
-0.111974 0.138784 0.436479
0.071243 0.457394 0.148748
-0.532041 0.547676 -0.092005
0.879580 -0.333548 -0.431181
-0.309496 0.190987 0.440522
-0.746233 -0.156859 -0.203793
0.948269 0.419737 -1.344087
0.365472 0.182157 -0.181913
0.128534 0.270265 0.523231
0.154736 0.159200 -0.305100
0.304413 0.368443 -0.056676
0.379273 -0.202884 -0.201396
-0.093736 0.102331 -0.036536
0.173913 0.329727 0.008219
-0.180314 -0.177061 -0.211345
0.629476 0.606802 0.220872
-0.330753 0.333214 0.339108
0.030610 0.240094 0.446647
0.129081 0.509069 0.150183
0.479122 -0.021634 -0.786766
0.195935 0.599809 0.349568
0.444224 0.343002 0.034557
0.720001 0.043401 -0.495611
0.029525 -0.387950 -0.112110
0.080798 -0.058295 0.537661
0.521191 0.504580 0.187912
-0.030374 0.445272 0.126591
0.015707 0.477188 0.116934
0.555249 0.131328 -0.411007
-0.053169 -0.019730 0.358821
0.224324 -0.403757 -0.100052
0.672390 0.248701 -0.401061
-0.549789 0.181795 -0.428465
0.317030 0.124006 0.460922
0.048171 0.205035 -0.605992
-0.078603 0.476946 -1.064473
0.274341 0.105806 -0.350428
0.526598 -0.229759 -0.471275
0.171063 0.393771 -0.900632
-0.426922 0.386101 0.458390
0.089822 0.088750 0.524464
0.544622 -0.327223 -0.271950
0.213573 -0.464090 -0.070597
-0.419325 -0.507531 0.030921
0.727910 0.158557 -0.965898
0.810881 0.690293 0.341202
-0.067575 0.490931 0.147359
0.582464 0.657481 0.159912
-0.167230 0.218550 0.386621
0.625342 -0.485848 -0.239003
0.700268 0.845712 0.506377
-0.403937 0.104339 -0.352745
0.200021 0.317467 0.528410
-0.314732 -0.127998 0.481604
0.736988 -0.200270 -0.395340
0.185415 0.465925 0.049130
0.214574 0.513803 0.240296
0.239935 0.283123 -0.263104
0.375261 0.342748 0.563545
-0.409821 0.483254 0.372240
-0.326798 -0.234795 -0.093875
-0.162504 0.121736 -0.222145
0.263974 0.092462 -0.702444
-0.088418 0.174369 -0.531038
0.594942 0.550970 0.573143
-0.226008 0.229643 -0.703284
-0.433375 0.354215 0.137067
-0.825312 0.233448 -0.405695
-0.186081 -0.326895 0.365979
-0.516803 0.059633 0.584303
0.436108 0.055321 0.491305
-0.101712 -0.396673 0.048981
-0.648823 0.032159 -0.580574
0.624753 -0.089066 0.529899
0.187257 -0.323213 -0.267998
0.428179 0.505503 0.279445
0.707162 0.267064 -0.983246
-0.562153 -0.397838 0.073577
-0.234596 0.079931 -0.402739
0.019730 -0.134544 -0.335145
0.274375 -0.004683 -0.544814
-0.359489 -0.384565 0.250979
-0.140039 0.391075 0.180770
-0.229178 -0.058937 -0.216845
-0.219442 0.227893 -0.032132
0.119344 0.100686 -0.459853
-0.412717 -0.226187 0.381430
0.122962 -0.497165 0.041043
0.692246 0.730153 0.381847
-0.545593 -0.261948 -0.190939
0.030382 0.396762 0.495199
-0.594301 0.440029 0.272081
0.427326 -0.384169 0.075767
-0.047337 -0.191546 -0.160127
-0.651380 -0.377829 -0.088925
-0.329834 -0.231689 -0.312390
0.537374 -0.592461 -0.038899
-0.407066 -0.402610 -0.121666
-0.415380 0.581844 0.207287
0.067509 0.305430 -0.266321
-0.101442 -0.187098 0.288770
0.518748 -0.299390 -0.079803
0.764391 -0.153581 0.158281
0.779119 -0.002004 -0.149440
0.786272 0.034726 0.205140
0.785643 0.040353 -0.224805
0.785192 0.079153 0.305946
0.760456 0.103084 -0.251272
0.741845 0.100406 0.280497
0.722804 0.009509 -0.232895
0.705135 0.036919 0.287880
0.590320 -0.123687 -0.193156
0.270972 -0.085435 0.291227
-0.195606 -0.193634 -0.048632
-0.524568 0.045207 0.335584
-0.763111 0.062796 0.008145
-0.777338 0.150271 0.348100
-0.889659 0.154045 0.027413
-0.747077 0.187474 0.059575
-0.531526 0.080179 -0.157534
-0.399700 0.112476 0.449291
-0.407680 -0.102300 0.004669
-0.327079 -0.150774 0.270605
-0.216934 -0.231459 -0.223840
-0.164416 -0.167402 0.530976
-0.270705 -0.223458 -0.158771
-0.253981 -0.163265 0.364654
-0.207482 -0.131644 -0.368355
-0.195250 0.041275 0.547810
-0.243127 0.100135 -0.280178
-0.204300 0.224569 0.296256
-0.040238 0.318107 -0.342011
0.064446 0.417300 0.133048
0.402500 -0.325909 0.028948
0.704002 -0.196847 0.008571
0.681303 -0.250717 0.122677
0.797974 -0.188568 -0.001317
0.763005 -0.126390 -0.029627
0.797029 -0.100735 0.172900
0.719453 -0.176513 0.027555
0.732449 -0.048126 0.222299
0.616243 -0.065550 0.068428
0.651479 -0.007747 0.158796
0.433958 -0.158821 0.162295
0.201471 -0.021903 0.106686
-0.338010 -0.092734 0.177811
-0.559032 0.087441 0.108034
-0.777382 0.101032 0.115649
-0.771365 0.146523 0.180419
-0.797704 0.085644 -0.022430
-0.732122 0.037596 0.515999
-0.656912 -0.126189 0.190667
-0.481805 -0.204008 0.280960
-0.298003 -0.309295 0.033808
-0.176295 -0.335524 0.439561
-0.225611 -0.425085 0.190685
-0.178196 -0.377718 0.351764
-0.218614 -0.431306 -0.104040
-0.278539 -0.307072 0.440979
-0.288498 -0.343125 -0.027159
-0.289006 -0.157330 0.420015
-0.188976 -0.092628 -0.240577
-0.165699 0.061918 0.392616
-0.145007 0.096893 0.225576
0.080048 0.221288 0.274329
0.332025 -0.379590 0.061100
0.602554 -0.307733 0.143969
0.669030 -0.091006 -0.032938
0.805548 -0.107414 0.329520
0.863958 -0.086196 -0.011952
1.080493 -0.068833 0.248353
0.883190 -0.050833 -0.094325
0.975847 -0.072701 0.359161
0.752499 -0.103559 0.027367
0.828966 0.000690 0.174346
0.499759 -0.093274 -0.125894
0.178252 -0.052854 0.047450
-0.706780 -0.069737 0.160647
-1.156364 0.118036 0.038129
-1.643417 0.081774 0.210665
-1.695191 0.190719 0.238691
-1.819294 0.221063 0.142650
-1.440771 0.245953 0.105321
-1.215028 0.184243 -0.093484
-0.854703 0.064918 0.150555
-0.805583 -0.046350 0.144010
-0.632067 -0.143982 0.080727
-0.688688 -0.181783 -0.051252
-0.587142 -0.229536 0.214453
-0.683925 -0.189734 0.108297
-0.582923 -0.196968 0.131800
-0.578528 -0.117021 -0.114486
-0.543733 -0.016145 0.119905
-0.554472 0.114617 0.007471
-0.466493 0.191243 0.036870
-0.428572 0.234344 -0.130369
-0.171656 0.330909 -0.079946
0.003988 -0.377515 0.166082
0.156112 -0.504075 0.264455
0.171991 -0.635394 0.336868
0.408037 -0.603745 0.273768
0.248335 -0.672333 0.318916
0.401750 -0.823733 0.469946
0.203184 -0.830274 0.426559
0.474244 -0.742600 0.485225
0.115359 -0.620281 0.225595
0.171627 -0.344969 0.282766
-0.160462 -0.423394 0.171057
-0.245233 -0.112544 0.061442
-0.805041 -0.065230 0.082994
-1.125823 0.111389 0.096846
-1.458769 0.210779 0.120182
-1.577374 0.229922 0.107012
-1.498853 0.287509 -0.047551
-1.394615 0.213279 0.298618
-1.157321 0.112369 0.177327
-0.916464 -0.011584 0.331903
-0.619763 -0.143266 0.002967
-0.429462 -0.206472 0.443538
-0.418986 -0.243740 0.141834
-0.358246 -0.295993 0.423618
-0.318768 -0.281426 -0.220997
-0.277546 -0.270125 0.450313
-0.292904 -0.209945 -0.102989
-0.327664 -0.176265 0.388043
-0.375389 0.020776 -0.281762
-0.322546 0.095377 0.326953
-0.289100 0.205968 0.115966
-0.147536 0.263501 0.310432
-0.143504 -0.608946 0.280010
-0.076038 -0.646411 0.493071
-0.410117 -0.714785 0.390319
-0.245079 -0.734646 0.557743
-0.404120 -0.863155 0.354186
0.083153 -0.711409 0.307658
-0.170320 -0.742661 0.291283
0.085878 -0.483549 0.488292
-0.183589 -0.520571 0.253178
-0.058782 -0.236709 0.161261
-0.419261 -0.205527 0.077924
-0.567297 -0.051264 0.057760
-1.163352 -0.036012 0.151069
-1.552328 0.036465 0.068225
-1.937612 0.088980 0.064485
-2.161400 0.175604 0.263880
-2.200239 0.253308 0.180823
-1.915392 0.267995 0.113038
-1.714382 0.329006 -0.007121
-1.339570 0.214408 0.083835
-1.142556 0.203499 0.138431
-0.930499 -0.041927 0.001499
-1.061106 0.331223 -0.258522
-0.875685 0.127398 -0.147491
-0.878265 0.440262 -0.396950
-0.645253 -0.060926 -0.138130
-0.671116 0.354053 -0.535950
-0.471332 0.086381 -0.133733
-0.421630 0.394026 -0.346634
-0.313580 0.142191 -0.063629
-0.316706 0.338228 -0.212430
-0.192728 0.353467 -0.159834
-0.666303 -0.977188 0.589044
-0.885644 -1.271689 0.859633
-1.262984 -1.569668 1.031165
-1.385851 -1.719880 1.158431
-1.702739 -1.831950 1.048557
-1.855986 -1.812951 1.188324
-2.071205 -2.015064 0.952722
-1.902687 -1.689025 0.755603
-2.011649 -1.710403 0.742817
-1.914973 -1.287513 0.430396
-2.001441 -1.214947 0.675881
-1.377154 -0.629291 0.178923
-1.156083 -0.323239 0.329932
-1.163882 0.025639 0.163000
-1.515224 0.130123 0.083773
-1.797588 0.186099 0.109514
-1.817579 0.214527 -0.094692
-1.724308 0.214892 0.220335
-1.474902 0.131345 0.066347
-1.259209 0.161042 0.185355
-1.032840 0.056785 0.101165
-0.845673 0.038579 0.188084
-0.664949 -0.058434 0.170114
-0.533933 -0.042330 0.077879
-0.524252 -0.014275 -0.279670
-0.473970 -0.051911 0.296839
-0.329310 -0.029293 -0.361263
-0.203446 -0.105211 -0.045004
-0.207662 0.126688 -0.653091
-0.331905 0.180656 0.143846
-0.370402 0.241242 -0.115666
-0.266401 0.313810 0.052446
-0.519192 -1.026768 0.692495
-0.641001 -1.240843 0.928516
-1.035675 -1.412623 0.887780
-1.144608 -1.419809 1.032991
-1.386567 -1.459711 0.915159
-1.220628 -1.250144 0.617581
-1.236757 -1.242019 0.667133
-1.131430 -0.837561 0.271769
-1.129745 -0.724898 0.462253
-0.992859 -0.534366 0.091117
-0.851212 -0.378664 0.101232
-0.488850 -0.176296 -0.016076
-0.649973 0.003444 -0.062184
-1.064208 0.053633 0.038326
-1.539101 0.084678 -0.259225
-1.704727 0.139449 0.197510
-1.819859 0.241480 -0.193566
-1.679654 0.283457 0.093883
-1.528598 0.347809 -0.383747
-1.325650 0.341304 -0.019965
-1.420990 0.446808 -0.296512
-1.574116 0.526394 -0.629830
-1.906700 0.883402 -1.158899
-1.678366 0.672929 -0.839570
-1.883121 1.080768 -1.285055
-1.736632 0.771232 -1.290075
-1.765956 1.217412 -1.680511
-1.293219 0.814466 -1.078865
-1.037755 0.995145 -1.258234
-0.666758 0.403034 -0.797709
-0.507106 0.611995 -0.984630
-0.362566 0.412397 -0.564059
-0.518471 -1.225899 0.877463
-0.703792 -1.566228 1.067551
-1.045882 -1.777087 1.077756
-1.200018 -1.854704 1.211869
-1.393275 -1.797693 0.922343
-1.611184 -1.696236 1.190436
-1.867989 -1.666581 0.945058
-1.795756 -1.399350 0.624248
-1.598158 -1.194782 0.603513
-1.313196 -0.988877 0.340265
-1.113910 -0.796869 0.302755
-0.661144 -0.433424 0.146322
-0.468611 -0.149089 -0.036869
-0.490427 -0.041726 0.344501
-0.787234 0.100382 -0.196712
-1.173943 0.108941 0.222256
-1.299435 0.112732 -0.426515
-1.331436 0.165772 0.260321
-1.106059 0.131816 -0.366633
-1.030457 0.216753 0.100196
-0.970033 0.335736 -0.508137
-0.909204 0.275292 0.347803
-1.051888 0.324678 -0.396240
-0.945627 0.276910 0.169949
-1.031497 0.421151 -0.998955
-0.772207 0.281593 -0.151272
-0.832163 0.414046 -0.775155
-0.646866 0.246718 -0.343156
-0.618144 0.583338 -1.444630
-0.315666 0.366495 -0.431627
-0.239207 0.418471 -0.663946
-0.218166 0.432095 -0.371601
-0.359903 -1.166506 0.767379
-0.437588 -1.357754 0.837542
-0.700674 -1.474588 0.844078
-0.748817 -1.399235 0.811040
-0.881528 -1.307878 0.757441
-0.759251 -0.980019 0.402667
-0.648267 -0.871877 0.402274
-0.525545 -0.663178 0.148329
-0.332410 -0.590595 0.250443
-0.215217 -0.445706 0.076885
-0.222413 -0.410334 -0.020786
-0.218496 -0.332997 0.212760
-0.247554 -0.180399 -0.027669
-0.447945 -0.001180 0.209740
-0.804745 0.124048 -0.181266
-1.077579 0.122018 0.074398
-1.302541 0.236714 -0.300660
-1.213273 0.225181 -0.087696
-1.148384 0.381448 -0.577505
-1.031059 0.355261 -0.123169
-1.171236 0.513286 -0.509060
-1.303726 0.318143 -0.273744
-1.841832 1.032557 -1.540911
-1.756913 0.914941 -1.134457
-1.992210 1.442062 -1.537262
-1.886434 1.081183 -1.342597
-2.124918 1.539668 -2.012137
-1.738953 1.138372 -1.694143
-1.501525 1.418111 -1.650087
-1.121852 0.894052 -1.345256
-0.888501 1.013314 -1.534841
-0.621115 0.832355 -1.080478
-0.192992 -1.330735 0.833099
-0.203869 -1.544098 0.912748
-0.330964 -1.676677 0.900844
-0.477892 -1.687650 1.023829
-0.564048 -1.483090 0.763067
-0.670184 -1.416565 0.954022
-0.606114 -1.150030 0.671346
-0.494521 -0.841536 0.449605
-0.357737 -0.674817 0.324467
-0.349812 -0.557122 0.234885
-0.363257 -0.488140 -0.027861
-0.391190 -0.248788 0.263419
-0.498139 -0.118531 -0.282548
-0.552701 -0.001024 0.313076
-0.686865 0.047784 -0.332989
-0.811393 0.063775 0.122888
-0.932001 0.093177 -0.446056
-0.943352 0.119195 0.015675
-0.910049 0.146991 -0.369209
-0.843654 0.279273 -0.126932
-0.813934 0.367732 -0.517059
-0.807879 0.433680 0.398742
-0.970254 0.475936 -0.459001
-0.864675 0.399919 0.217450
-1.104086 0.600024 -0.880020
-1.043200 0.331212 -0.434004
-1.144224 0.656709 -0.954301
-0.940033 0.500839 -0.722256
-0.963707 0.769417 -1.381972
-0.697554 0.566611 -0.880485
-0.619539 0.782502 -0.929761
-0.465308 0.709368 -0.766419
0.016078 -1.211922 0.729263
0.011922 -1.273663 0.761962
-0.192295 -1.261532 0.675533
-0.216494 -1.150980 0.651644
-0.185126 -0.890244 0.494425
-0.180620 -0.688371 0.278145
-0.186884 -0.599364 0.167759
-0.248056 -0.514385 0.159955
-0.311394 -0.473246 0.131075
-0.433912 -0.390287 0.202291
-0.597454 -0.357541 -0.075889
-0.573380 -0.230110 0.256735
-0.600824 -0.063841 -0.293619
-0.667144 0.097045 0.213628
-0.738424 0.197253 -0.467122
-0.781221 0.222376 0.095892
-0.836738 0.342131 -0.544137
-0.838971 0.352351 -0.021295
-0.866306 0.435497 -0.762102
-0.807372 0.415766 -0.017930
-0.891896 0.537946 -0.581092
-0.888658 0.245726 -0.114985
-1.065474 0.937685 -1.163396
-1.030663 0.690500 -0.759700
-1.425226 1.386128 -1.848620
-1.377630 1.018280 -1.377607
-1.627169 1.605287 -2.234629
-1.248102 1.164252 -1.665067
-1.255377 1.575117 -1.916142
-0.992794 1.040279 -1.675888
-0.846239 1.300131 -1.812699
-0.649981 1.025142 -1.573191
0.106907 -1.399349 0.703041
0.167177 -1.513844 0.867930
0.124738 -1.655692 0.807100
0.019797 -1.584977 0.984580
-0.102525 -1.355576 0.610328
-0.224787 -1.195811 0.838095
-0.290860 -0.716746 0.337426
-0.280714 -0.633307 0.424281
-0.283711 -0.566737 0.164577
-0.322735 -0.493145 0.173276
-0.359527 -0.411036 -0.100383
-0.395413 -0.212777 0.197581
-0.383679 -0.155774 -0.359096
-0.469009 -0.039171 0.263808
-0.498060 -0.029679 -0.424440
-0.607041 0.197168 0.299979
-0.572277 0.172689 -0.630904
-0.594728 0.325240 0.181182
-0.596445 0.266833 -0.441833
-0.603590 0.355624 -0.001711
-0.641531 0.469237 -0.618760
-0.506631 0.386687 0.250652
-0.496814 0.459359 -0.317566
-0.397834 0.169660 0.503496
-0.565301 0.503254 -0.447316
-0.484632 0.150267 -0.009155
-0.795630 0.772370 -0.959450
-0.710184 0.605032 -0.587539
-0.864150 0.980652 -1.526560
-0.672076 0.688382 -1.098437
-0.675637 1.032378 -1.250101
-0.468507 0.845866 -1.232214
0.044801 -1.179577 0.666032
0.150245 -1.178802 0.604381
0.015376 -1.104116 0.611078
-0.044451 -0.946903 0.460288
-0.096038 -0.648277 0.309839
-0.139420 -0.508763 0.182106
-0.227370 -0.424747 0.104310
-0.321502 -0.383090 0.119707
-0.389868 -0.378825 0.029006
-0.379470 -0.318480 0.060332
-0.420840 -0.254539 -0.230025
-0.439356 -0.148657 0.187404
-0.495526 -0.102280 -0.313750
-0.580917 0.032157 0.208594
-0.609995 0.096473 -0.355914
-0.666655 0.257399 0.119171
-0.651009 0.296550 -0.240772
-0.684709 0.462282 0.023147
-0.615296 0.364727 -0.452832
-0.588842 0.496735 -0.061217
-0.531492 0.425776 -0.199637
-0.473423 0.401658 -0.078757
-0.436193 0.335768 -0.093189
-0.416420 0.058123 -0.076858
-0.626475 0.599729 -0.949604
-0.577024 0.379268 -0.408796
-0.893219 1.191051 -1.950575
-0.712591 0.989246 -1.154438
-0.785659 1.479396 -2.053581
-0.596374 1.144965 -1.561391
-0.617353 1.455896 -1.625310
-0.462509 1.143724 -1.451473
0.303277 -1.355215 0.652114
0.381550 -1.460891 0.674393
0.357078 -1.583177 0.784716
0.297555 -1.546778 0.747083
0.234078 -1.243231 0.566578
0.178220 -1.127949 0.617853
0.136799 -0.573401 0.233869
0.082060 -0.497027 0.148889
0.004282 -0.438400 0.049506
-0.030175 -0.413648 0.133510
-0.058971 -0.384880 -0.241504
-0.204149 -0.224105 0.265674
-0.285376 -0.196140 -0.375277
-0.388067 -0.081023 0.276958
-0.464099 -0.046652 -0.491995
-0.543531 0.135984 0.273902
-0.546057 0.170688 -0.425104
-0.559407 0.316095 0.123243
-0.593186 0.346798 -0.275186
-0.610402 0.389483 -0.021339
-0.515574 0.377024 -0.339470
-0.406930 0.319142 -0.035819
-0.346860 0.301916 -0.131574
-0.203023 0.054183 0.072940
-0.242661 0.283124 0.047465
-0.135555 0.107539 0.178702
-0.362616 0.415422 -0.289835
-0.275061 0.341996 -0.133470
-0.355602 0.686517 -1.033577
-0.249643 0.375008 -0.597101
-0.311199 0.879191 -1.062678
-0.220515 0.708550 -0.869870
0.144701 -1.035438 0.537607
0.216475 -1.039106 0.507799
0.110515 -0.925770 0.414147
0.124590 -0.809655 0.455298
0.130451 -0.545098 0.178866
0.153795 -0.429904 0.109410
0.108925 -0.291457 -0.043612
0.084119 -0.309600 0.103094
-0.008074 -0.282565 -0.122414
-0.037344 -0.249829 0.238963
-0.096821 -0.182919 -0.385696
-0.144339 -0.113173 0.306954
-0.223785 -0.028617 -0.460801
-0.321394 0.040868 0.410696
-0.420189 0.065663 -0.451766
-0.441840 0.178667 0.328181
-0.500436 0.284622 -0.211282
-0.592887 0.399262 0.254467
-0.664373 0.395936 -0.272843
-0.603868 0.468377 -0.028685
-0.526738 0.459578 -0.061102
-0.412718 0.385999 -0.076213
-0.302174 0.372662 0.134772
-0.182205 0.232370 -0.103496
-0.203124 0.190928 -0.329076
-0.128372 0.134099 -0.166231
-0.389911 0.918827 -1.596333
-0.314726 0.657930 -0.979818
-0.346900 1.253942 -1.803207
-0.171495 0.828660 -1.283260
-0.166606 1.220687 -1.607195
-0.171493 0.917747 -1.493564
0.509371 -1.276995 0.540894
0.601728 -1.423548 0.666531
0.563776 -1.553658 0.707042
0.491641 -1.500650 0.856136
0.430313 -1.193013 0.333856
0.401177 -1.098431 0.690667
0.345883 -0.534874 0.100449
0.268680 -0.395509 0.235849
0.202914 -0.301392 -0.065056
0.132908 -0.243348 0.185174
0.089133 -0.219680 -0.260897
0.026529 -0.063028 0.308587
-0.021302 -0.126366 -0.435144
-0.129624 -0.005630 0.337755
-0.186428 -0.044018 -0.462486
-0.294546 0.105205 0.356112
-0.318594 0.151502 -0.394066
-0.405835 0.236311 0.253295
-0.508864 0.290576 -0.219576
-0.524721 0.365052 0.217496
-0.460599 0.379304 -0.153045
-0.343668 0.336426 0.131538
-0.214258 0.289176 -0.156711
-0.001958 0.156733 0.004945
0.044862 0.264338 -0.076866
0.128630 0.136205 -0.002456
0.021751 0.324319 -0.280153
0.066220 0.284638 0.028141
-0.038675 0.593883 -0.665053
0.056325 0.297926 -0.471243
-0.008142 0.813619 -0.982616
0.007103 0.633189 -0.819981
0.259448 -0.929388 0.531434
0.337917 -0.966933 0.470953
0.299499 -0.970040 0.503622
0.356849 -0.904857 0.394733
0.327183 -0.686070 0.251714
0.318855 -0.558983 0.054042
0.282561 -0.361441 -0.050783
0.274904 -0.332216 0.075756
0.297701 -0.236187 -0.145255
0.273335 -0.157696 0.189473
0.221892 -0.098887 -0.240176
0.167604 -0.018949 0.284570
0.076240 -0.013774 -0.415631
0.014692 0.049891 0.413215
-0.042963 -0.030279 -0.467541
-0.104164 0.125267 0.383217
-0.103756 0.163242 -0.330395
-0.140046 0.275739 0.363600
-0.168291 0.333250 -0.348602
-0.162432 0.461946 0.275693
-0.135437 0.489765 -0.263700
-0.039160 0.423587 0.164055
0.049837 0.381234 -0.290222
0.143173 0.310410 0.170817
0.126501 0.356584 -0.587319
0.201854 0.220511 0.279508
0.076122 0.775783 -1.223783
0.208544 0.508478 -0.299986
0.169281 1.043460 -1.558302
0.281126 0.619246 -0.848150
0.207282 1.091891 -1.266585
0.146296 0.867676 -1.070320
0.574981 -1.105223 0.554448
0.700307 -1.243575 0.586663
0.723635 -1.389965 0.707283
0.816602 -1.395880 0.607189
0.767710 -1.251483 0.476192
0.710025 -1.117007 0.495533
0.528274 -0.626993 0.271967
0.417809 -0.382701 0.130698
0.409160 -0.243273 0.052508
0.416120 -0.125212 0.080988
0.394458 -0.084877 -0.102616
0.315638 0.022783 0.301368
0.277060 -0.040254 -0.305439
0.215954 -0.000649 0.306852
0.194781 -0.039150 -0.437521
0.152397 0.089263 0.440264
0.179801 0.076159 -0.370324
0.159201 0.196854 0.410549
0.149515 0.225816 -0.414959
0.141297 0.341745 0.440676
0.211942 0.339378 -0.431029
0.243598 0.283465 0.352424
0.276783 0.284989 -0.522631
0.343769 0.261699 0.366710
0.306258 0.307175 -0.587209
0.346227 0.294905 0.228289
0.251474 0.339284 -0.599876
0.292554 0.331595 0.005712
0.286728 0.497028 -0.675352
0.364654 0.373994 -0.460160
0.265481 0.562112 -0.674164
0.323950 0.479717 -0.510073
0.432908 -0.900918 0.468383
0.613631 -0.930840 0.557996
0.624842 -0.955932 0.468093
0.765396 -0.935991 0.536399
0.684455 -0.848261 0.374295
0.782219 -0.715727 0.188610
0.665522 -0.445632 0.079107
0.674112 -0.282223 0.112923
0.593660 -0.144289 -0.032529
0.553188 -0.045137 0.206397
0.507831 -0.018933 -0.207264
0.466462 0.037063 0.254896
0.407337 0.030873 -0.335978
0.391252 0.029177 0.409046
0.414999 -0.021641 -0.455367
0.414045 0.062790 0.401592
0.415493 0.097066 -0.368395
0.446541 0.198296 0.485215
0.467669 0.252621 -0.530030
0.488643 0.365588 0.480849
0.507682 0.356532 -0.437746
0.529082 0.355257 0.484688
0.505790 0.350725 -0.673649
0.534969 0.348835 0.386818
0.449700 0.473680 -0.755318
0.457044 0.409525 0.177453
0.360855 0.772492 -1.441157
0.440425 0.504946 -0.358140
0.383962 0.895048 -1.322313
0.536665 0.383122 -0.724488
0.566468 0.879671 -1.379792
0.473935 0.603293 -0.969649
0.685002 -1.037201 0.358008
0.860912 -1.146428 0.510063
1.050591 -1.363212 0.628949
1.178852 -1.417434 0.659439
1.211623 -1.334380 0.472074
1.180283 -1.185745 0.727154
0.982707 -0.730960 0.255334
0.879185 -0.496812 0.272360
0.714228 -0.305708 -0.005171
0.660196 -0.185837 0.191086
0.637659 -0.180586 -0.131205
0.598428 -0.085777 0.249835
0.552059 -0.156396 -0.402479
0.534821 -0.065926 0.377837
0.545047 -0.148837 -0.326195
0.568888 -0.013143 0.390196
0.586199 -0.058480 -0.500192
0.599380 0.102778 0.601735
0.666165 0.089035 -0.480808
0.722550 0.309135 0.577217
0.699251 0.247469 -0.671591
0.672405 0.335803 0.696252
0.643477 0.243546 -0.452732
0.646175 0.287335 0.446535
0.552292 0.326202 -0.699589
0.542292 0.365058 0.167526
0.497970 0.360308 -0.561485
0.513492 0.323671 -0.065056
0.459557 0.516750 -0.824813
0.595429 0.262912 -0.284467
0.533755 0.526644 -0.866855
0.595702 0.398325 -0.509957
0.350376 -0.680627 0.395644
0.574899 -0.659103 0.374657
0.647313 -0.730346 0.484236
0.823446 -0.710805 0.474386
0.733525 -0.658317 0.333659
0.897452 -0.577333 0.167857
0.813790 -0.331102 0.161507
0.874737 -0.187966 0.103109
0.805836 -0.071339 -0.062445
0.777792 0.021688 0.049323
0.715217 0.004924 -0.160948
0.674746 0.061864 0.216440
0.624443 0.021601 -0.306953
0.587613 0.079204 0.225491
0.583224 0.018700 -0.312223
0.609422 0.101192 0.359689
0.640813 0.123905 -0.317966
0.676906 0.284195 0.382259
0.689759 0.331057 -0.341982
0.756076 0.462146 0.541322
0.801274 0.415804 -0.435668
0.803121 0.420798 0.384678
0.745139 0.354946 -0.344710
0.720241 0.380320 0.367851
0.678187 0.433497 -0.576611
0.667459 0.470770 0.188870
0.617027 0.639211 -0.730668
0.695946 0.604012 -0.172754
0.763640 0.860623 -1.433782
0.892507 0.578574 -0.684127
0.762321 0.768557 -1.003635
0.723918 0.543719 -0.637838
0.676720 -0.767143 0.291068
0.832104 -0.874061 0.321992
1.048079 -1.069170 0.615785
1.257896 -1.125270 0.503801
1.387956 -1.198274 0.529708
1.343630 -1.093859 0.568939
1.180395 -0.743967 0.288045
1.122999 -0.465884 0.166132
0.918516 -0.251407 0.116508
0.831247 -0.145720 0.056200
0.757582 -0.184770 -0.016286
0.678822 -0.099308 0.087326
0.626397 -0.148916 -0.133478
0.566455 -0.062207 0.159415
0.573077 -0.160530 -0.190364
0.584649 -0.043215 0.206033
0.618312 -0.090038 -0.240077
0.616273 0.107603 0.375088
0.655373 0.123097 -0.189421
0.685368 0.311990 0.382639
0.682734 0.206225 -0.070200
0.653356 0.275633 0.462713
0.632170 0.102676 -0.027747
0.674171 0.178746 0.276895
0.650321 0.119665 -0.026585
0.667461 0.187134 0.138036
0.660489 0.122394 -0.158951
0.713893 0.223120 -0.122624
0.671312 0.194697 -0.163826
0.703716 0.153239 -0.164999
0.621759 0.155217 -0.288141
0.682230 0.216169 -0.054853
0.218414 -0.452492 0.106295
0.353514 -0.403866 0.197774
0.433481 -0.432577 0.123240
0.621076 -0.516598 0.332908
0.614227 -0.489719 0.146594
0.848170 -0.446949 0.116586
0.749268 -0.239842 -0.008170
0.892081 -0.133241 0.064686
0.879124 -0.012980 0.005429
0.882048 0.055766 0.037858
0.790569 0.034396 -0.156136
0.744605 0.052863 0.029234
0.729362 0.031881 -0.148244
0.679756 0.108479 -0.008557
0.648901 0.052039 -0.198659
0.655442 0.071344 0.063938
0.644918 0.093399 -0.100234
0.666998 0.232917 0.179668
0.632266 0.306343 -0.080478
0.692662 0.414093 0.334062
0.664317 0.351436 0.150791
0.760280 0.341623 0.156206
0.709686 0.166347 -0.113195
0.749326 0.202722 0.220287
0.698174 0.109142 0.015849
0.730834 0.175635 -0.051701
0.662665 0.154099 -0.312395
0.709410 0.201457 -0.202868
0.691458 0.118533 -0.296201
0.809993 0.100375 -0.536053
0.654107 0.226052 -0.748063
0.626343 0.159241 -0.573397
0.678826 -0.486055 0.175448
0.751931 -0.518515 0.312644
0.995348 -0.625006 0.344749
1.014498 -0.623677 0.413219
1.104634 -0.658446 0.274829
1.076366 -0.611784 0.392212
1.105214 -0.407844 0.205959
1.002175 -0.169203 0.175226
0.859139 -0.085914 0.129523
0.797461 -0.024208 0.193415
0.741717 -0.031619 0.032232
0.695929 -0.012930 0.092671
0.637075 -0.055612 0.008618
0.602581 0.020541 0.116263
0.603344 -0.001946 0.019391
0.627118 0.016966 0.070574
0.660290 0.029453 -0.016731
0.642979 0.146587 0.245586
0.664595 0.217733 0.143902
0.669132 0.244757 0.252079
0.742421 0.172811 0.144954
0.720307 0.175278 0.445284
0.747639 0.072211 0.316788
0.713112 -0.014672 0.318579
0.725167 -0.031750 0.187460
0.712202 -0.020461 0.277525
0.698507 -0.050673 0.191802
0.739088 -0.040128 0.052281
0.752864 -0.059306 0.001148
0.761213 -0.019842 0.078925
0.728444 -0.063025 0.052808
0.621046 0.012204 -0.106655
