0.386210 -0.983675 -1.284382
-0.013091 -0.596534 -0.800063
-0.029041 -1.091473 0.225200
0.033855 0.649678 -0.863036
-0.072873 -1.019584 0.990663
0.011465 1.391151 -0.923849
-0.477847 -0.215564 1.148294
0.033218 1.093463 -0.062398
-0.200469 0.952484 -1.083093
0.182164 1.260330 -0.012101
-0.550766 0.829592 1.181330
-0.141647 0.483694 0.945252
-1.020956 1.205902 1.548352
0.190912 0.490981 1.124525
-0.728251 1.205646 0.986945
-0.275395 -1.504963 -0.838688
-0.429444 -1.116837 -1.355607
-0.237321 -1.242259 0.098448
-0.126462 0.778706 -0.583576
-1.089946 0.811564 -1.515102
0.071359 -0.995501 0.572551
-0.247621 1.352767 -0.440838
-0.025246 0.678479 -1.053880
-0.693617 -0.104058 -1.668579
-0.575241 -0.072780 1.483290
-0.156682 0.100588 1.177090
-0.973451 1.549921 -0.279336
0.268293 -1.315067 0.877074
-1.730965 1.149845 -0.406883
-0.265140 -0.873335 -0.941225
-1.618242 0.392912 -1.742364
-0.284704 -0.064191 -0.939610
-0.266804 0.735127 -1.215607
-0.249974 -0.666645 -1.123250
-0.147267 0.441647 -1.027975
-0.018492 0.740944 -0.766338
-0.262206 -1.192894 -0.881732
-0.004954 0.277354 -1.146606
0.398581 0.795244 1.114883
-0.642477 0.880005 -1.250491
-0.223708 0.536077 0.597401
-0.153666 0.640430 0.835473
-0.271975 -0.748413 1.134187
-0.605405 -0.842917 -1.459497
-0.588312 -0.274113 -1.033258
-0.252090 -0.543094 -0.729141
-1.716408 -1.072551 1.318284
0.389746 1.042376 1.176197
-0.752598 0.550737 -1.156018
-0.126194 -0.517425 1.406040
-0.213176 -1.013293 0.625042
-0.152542 0.713001 -0.539364
0.058238 0.837419 0.497302
-0.957273 -0.144331 1.725888
-0.661253 -0.532348 1.253199
0.238954 -0.934604 0.871040
0.217394 -0.720853 -1.101902
0.265818 1.269656 0.657374
-1.821260 0.901378 -1.047134
0.009278 0.680712 -1.032090
-1.298543 -0.111336 -1.247780
-0.745096 1.230477 -1.108400
-1.226631 -1.266987 0.550446
-0.116519 -0.753651 0.327831
-0.371728 -0.877683 -0.809176
-0.287636 -0.600242 -1.615391
-0.675981 0.564568 1.094512
-0.100615 -0.198715 1.307178
-0.452531 1.482873 0.931721
-1.299113 0.630466 1.663623
-0.358667 1.309549 0.304631
0.080931 0.297234 -0.785716
-1.312533 0.021360 1.096227
0.247570 -0.493619 1.127333
0.135570 1.141093 -1.361663
-0.181547 -0.338613 -0.811692
0.180044 -0.186564 0.861286
0.042025 -0.634186 -0.650609
0.015102 -0.613093 0.954118
0.066915 0.636737 -0.596122
0.051564 -0.851947 -0.379021
-1.550726 -0.519586 1.062866
0.153010 0.499533 -1.054493
-2.203346 0.166830 1.352341
-0.355351 -1.173856 -0.966007
-0.398274 -0.203780 -1.179419
-0.034255 -1.105486 -0.858941
0.054152 -0.845292 -0.912770
-1.030298 1.492215 -0.655931
0.059196 -0.381607 -1.169450
-2.155452 -0.685695 1.001768
0.245351 -0.900291 -0.522225
-0.567483 1.065348 1.421180
-0.851707 0.042187 0.943521
0.085887 0.684537 0.986082
0.093891 0.419041 1.257776
-0.443758 -1.194972 0.228170
0.220913 0.549824 -1.476030
-0.244043 -0.993209 -0.169515
-1.087537 -0.641988 -1.227588
-1.287983 0.417823 1.073403
-0.180265 1.288153 0.023667
0.035290 -0.855199 -1.245591
-0.533467 -0.652122 1.312781
-0.475402 -0.315966 -1.157697
-0.398946 1.169815 -1.233505
-0.833370 1.506488 0.111499
-0.242576 0.837143 -1.094173
-0.164484 0.006658 0.775483
-0.191132 -0.077485 -1.271130
-1.353587 1.528186 0.362003
-0.095365 -0.804153 -0.821856
0.243519 -0.859103 0.855947
-0.036112 0.362717 0.764721
-0.059436 -1.148999 -0.810685
-1.866907 -0.317148 -1.132805
-0.635605 -1.016869 1.417026
-0.201251 0.084552 -0.971830
0.000821 0.638883 -1.347259
-1.310054 1.110963 -1.256993
-0.297965 -0.958308 0.531917
-0.104084 -0.548674 0.724726
-0.104210 -1.190933 -1.415477
-0.386273 1.021322 -0.435027
-0.011305 -0.050275 -0.588933
0.026814 1.157519 -0.262670
-0.421218 0.283242 -1.185890
-0.022651 1.176713 1.145582
-0.104749 -1.174323 -0.740545
-1.838251 0.027522 -0.822671
-0.210973 0.621124 -1.091385
-0.826664 -1.369212 -1.065586
-0.779288 1.210873 -0.886630
-0.192123 1.411340 0.690501
-1.184563 -0.729577 -1.482293
-0.085823 -0.667945 1.065520
0.150928 0.725290 0.221346
-0.385219 1.059011 0.965620
-1.157844 -0.725534 -0.870676
-0.425373 1.453295 -0.787393
0.111615 -0.757095 -1.873376
-1.104011 0.762324 -1.061635
-1.488796 -0.766292 1.613768
-0.562576 0.139800 -1.145038
0.097409 0.315201 1.150775
-0.027127 -0.632859 0.581100
-1.471629 -0.382949 -0.943621
-1.117240 -0.280337 1.207669
-1.052133 1.035852 0.897049
-0.132767 1.128875 -0.731733
0.121143 -0.605301 -0.994284
0.268349 1.134369 -1.067171
-0.271978 0.527648 -0.872735
-0.006451 -0.036748 -1.737995
-0.808195 -0.433423 -1.496787
-0.424587 0.058025 1.040039
0.025679 0.715152 -0.190064
-1.411424 1.446509 -0.806408
0.009575 -1.390678 -1.089101
-1.182729 0.288517 1.277763
-2.156628 -0.729198 -1.068705
0.022348 0.597543 -1.182310
0.066375 0.440868 -0.922673
-0.251507 0.312819 1.026486
0.168943 0.425404 -0.806715
-0.119807 1.007590 -0.870776
-0.000608 -0.876424 -0.671989
0.113858 -0.078364 -0.453670
-0.107258 0.632808 -0.540664
-0.812945 -0.948215 -1.078428
-0.032951 0.972064 0.462745
-1.024243 0.547844 1.264263
-0.552031 0.288380 1.503150
0.014487 0.905756 -0.074603
0.036604 -0.353008 -1.079369
0.215018 1.171217 0.852110
-0.043230 0.918316 -0.612425
0.242135 -0.415191 -1.082402
-0.155149 -0.992679 -0.507763
-0.206076 -0.482124 0.767986
-0.078848 1.326276 -0.590055
0.044462 0.914943 -0.541034
0.027186 0.808527 -0.670690
0.151663 0.724002 -1.078062
-0.123460 -0.154304 0.660433
-0.033928 -0.764081 -0.694253
-0.094289 1.171238 -0.820555
-1.683463 0.459461 -1.296158
0.014953 -0.379744 0.734915
-0.485729 0.430163 -1.358856
-0.717304 0.568191 -1.596376
0.066444 0.423458 -0.764187
0.115087 -1.002807 -1.046865
-0.350627 0.815195 -1.476534
-1.680502 0.502960 1.615871
-0.056690 0.331602 0.659523
-0.073655 -0.879794 -1.089302
0.067485 -0.764584 -0.473391
-1.183821 -1.476551 -0.235126
0.021048 0.216051 -1.252661
0.029690 0.963689 1.078729
-0.269167 1.371554 -0.348239
0.207232 0.948272 0.732360
-0.658912 0.294316 1.065622
-0.175250 -1.298800 -0.670679
0.457842 1.448900 0.942723
-1.171879 0.254261 -1.112083
-0.001624 0.434105 1.101100
-0.913211 -0.685733 1.015579
-0.120678 -1.191024 -1.076692
0.070945 1.151831 -0.707260
0.043924 0.664719 -0.501787
0.115930 0.758606 -0.937264
0.130125 0.658673 1.054247
-1.478724 0.928465 1.220114
-1.248349 -1.020116 -0.903236
-0.346892 0.305038 -0.965657
-0.407708 0.204300 -1.096172
-0.728126 0.365217 -1.437182
0.031863 1.157663 0.859492
-0.873890 0.191884 -1.649078
-1.343660 0.816858 0.781024
-2.270682 0.531098 -1.233181
-0.536784 -1.058160 0.823401
-1.824241 -0.363307 1.706194
0.012312 -0.166782 0.923527
-0.576392 -1.470769 -0.460316
-1.610519 -0.197524 -1.784142
0.417924 -0.999428 1.193002
-0.237607 -1.454201 -1.069211
-0.049930 1.205884 -0.346366
0.156468 -0.175871 -1.462265
-1.429557 -1.241604 -0.606628
-0.920004 -0.272919 -1.085254
-0.401977 -0.785618 -1.082269
-0.096652 0.055678 -0.975970
-1.043873 -1.134794 0.869592
-0.122629 0.999786 0.413558
-1.285892 -0.145532 -0.732013
-1.046359 0.764242 -0.507872
-0.021587 0.229454 -0.955422
-1.118690 -0.993413 1.088940
0.132421 -1.271676 -0.203100
0.008264 1.486890 -0.176698
-1.655033 -0.893976 -1.261498
-0.296861 0.722533 1.287856
-2.078860 0.851466 1.104179
0.089999 -0.762823 -0.518004
-0.306800 -0.538879 -0.797674
-1.987210 -1.126256 -0.806759
-1.375076 -1.121294 -1.412020
-0.063745 -1.201713 -0.459059
-1.330848 -1.290027 -0.862250
-0.944599 1.558219 0.520988
-0.256506 1.093660 -1.023190
-0.560835 -0.597420 0.900763
-1.236024 -0.680888 -0.500881
-1.537613 -0.535485 0.324606
-1.661530 -0.404422 -0.529173
-1.663908 -0.309362 0.688335
-1.797088 -0.280212 -0.246151
-1.792158 -0.135623 0.407680
-1.695633 -0.221200 -0.501750
-1.682104 -0.156238 0.738590
-1.855604 -0.385891 -0.084446
-1.798928 -0.369237 0.140114
-1.747983 -0.431340 -0.496124
-1.597402 -0.203870 0.525340
-1.684196 -0.255183 -0.189549
-1.568571 -0.163848 0.075324
-1.524113 -0.196513 -0.533417
-1.520468 -0.066495 0.553476
-1.707360 -0.130333 -0.251157
-1.759326 0.006620 0.255975
-1.699140 -0.035031 -0.620479
-1.699089 0.150088 0.710331
-1.807695 0.175066 -0.357677
-1.826360 0.270976 0.203219
-1.683659 0.222025 -0.687282
-1.565574 0.312152 0.480842
-1.677032 0.375142 -0.428840
-1.663489 0.404791 -0.024642
-1.525351 0.397331 -0.823294
-1.452145 0.478617 0.607355
-1.599111 0.551735 -0.368028
-1.539748 0.736970 0.445419
-1.404038 0.994074 -0.417731
-1.076102 1.001892 0.123767
-1.615545 -0.810589 -0.319475
-1.933554 -0.764542 0.355742
-2.034055 -0.881926 -0.100665
-2.144836 -0.707029 0.632769
-2.110589 -0.755762 -0.526376
-2.264708 -0.517717 1.083134
-2.295466 -0.789760 0.070408
-2.429991 -0.699929 0.645598
-2.407874 -0.828881 -0.379919
-2.560968 -0.637052 1.040259
-2.634414 -0.901188 0.165235
-2.547060 -0.698420 0.504365
-2.364766 -0.705769 -0.460762
-2.310630 -0.355191 0.751264
-2.297834 -0.616612 -0.118568
-2.226837 -0.340982 0.460229
-2.155337 -0.410100 -0.591401
-2.233510 -0.105142 0.808444
-2.232914 -0.269364 -0.312794
-2.290638 0.003461 0.385619
-2.130023 -0.043059 -0.841942
-2.224305 0.147017 0.958243
-2.107778 0.045106 -0.361659
-2.064201 0.140596 0.302428
-1.808787 0.043675 -0.713916
-1.926502 0.213340 0.779960
-1.861454 -0.048331 -0.148270
-1.841776 0.030320 0.282619
-1.660725 0.071126 -0.474537
-1.719494 0.164648 0.945275
-1.617445 0.013926 0.728230
-1.353975 0.323368 0.897520
-1.651680 -0.508027 0.089886
-1.840298 -0.567451 0.121697
-2.131845 -0.641320 -0.087377
-2.030948 -0.469588 0.593464
-2.225315 -0.494858 0.272050
-2.075677 -0.320108 0.275435
-2.436787 -0.514669 -0.240401
-2.487807 -0.432506 0.736021
-2.926621 -0.644332 0.188359
-2.689489 -0.501162 0.142847
-3.027707 -0.534861 -0.308365
-2.710148 -0.315169 0.625355
-2.985119 -0.333046 0.216971
-2.727208 -0.133696 0.162913
-3.022718 -0.137507 -0.281860
-2.740350 0.017275 0.639007
-2.924520 -0.011386 0.161616
-2.783249 0.172792 0.218749
-2.982801 0.226335 -0.470824
-2.802199 0.349186 0.770495
-2.920284 0.405806 0.078963
-2.779897 0.501949 0.162920
-2.838338 0.664669 -0.915130
-2.641414 0.782170 0.431028
-2.653800 0.885075 -0.398303
-2.436245 0.789757 -0.389352
-2.327620 0.901815 -0.998697
-2.141530 0.909474 0.104615
-2.030764 1.009354 -0.302571
-1.828701 0.527755 0.102165
-1.980004 0.938475 -0.489902
-1.677837 0.984749 -0.414061
-1.772954 -0.810222 -0.286293
-2.026421 -1.073009 0.241029
-2.189006 -1.288641 -0.017839
-2.287806 -1.250335 0.548335
-2.404483 -1.341915 -0.558894
-2.467514 -1.115297 1.228005
-2.570623 -1.367515 -0.181434
-2.759762 -1.191636 0.741238
-2.820135 -1.302787 -0.914652
-2.994293 -0.977013 1.384821
-3.113616 -1.203264 -0.372157
-3.176139 -0.899802 0.632891
-3.048172 -0.846045 -0.830460
-3.083983 -0.493419 1.200180
-3.058908 -0.559400 -0.200193
-3.067896 -0.289625 0.597003
-2.919118 -0.236699 -0.699515
-2.989288 -0.051701 1.206966
-2.826985 -0.086219 -0.227544
-2.860516 0.093027 0.623587
-2.630257 0.115335 -1.085183
-2.748808 0.296231 1.181277
-2.615462 0.254564 -0.370237
-2.633776 0.408973 0.400160
-2.272456 0.432371 -1.096713
-2.272484 0.596719 0.700075
-2.094345 0.356392 -0.361579
-2.111077 0.466724 0.354661
-1.849289 0.549360 -0.829311
-1.778785 0.638668 0.927151
-1.712406 0.514469 0.389427
-1.458547 0.740870 0.780577
-1.485762 -0.812988 -0.072319
-1.726027 -0.894452 0.275295
-1.877620 -1.041340 -0.397594
-1.971857 -0.942144 0.789532
-2.088419 -1.012390 -0.404739
-2.209498 -0.831866 0.725397
-2.305638 -1.078521 -1.131638
-2.546718 -0.793173 1.542474
-2.695413 -0.888250 -0.921407
-2.747830 -0.642521 0.916320
-2.921813 -0.744794 -1.412781
-2.935600 -0.364481 1.665676
-2.975877 -0.395195 -0.809917
-2.967260 -0.162052 0.884651
-3.043007 -0.098738 -1.187623
-3.061477 0.126229 1.541368
-2.977899 0.172027 -0.681929
-2.984392 0.315550 1.106815
-2.898702 0.480130 -1.077143
-2.977427 0.555481 1.612113
-2.860798 0.733949 -0.382071
-2.810879 0.786742 1.191165
-2.739053 1.094316 -1.127472
-2.747380 1.166942 0.854439
-2.626997 1.384441 -0.420453
-2.463390 1.242636 0.362164
-2.287976 1.452889 -0.896454
-2.175278 1.369702 0.112307
-1.916076 1.467605 -0.269558
-1.789032 1.142883 0.425138
-1.796290 1.043861 -0.054205
-1.662261 1.143944 -0.033083
-1.371338 -1.041656 -0.381607
-1.534528 -1.166568 0.157276
-1.702663 -1.371128 -0.427028
-1.889208 -1.242730 0.629704
-1.956015 -1.501161 -1.307023
-1.990767 -1.118787 1.498526
-2.157252 -1.479857 -1.102199
-2.310489 -1.118164 1.267912
-2.494485 -1.471939 -1.938028
-2.482822 -0.930854 2.155990
-2.611055 -1.193005 -1.323907
-2.633392 -0.749941 1.261264
-2.719824 -0.756125 -1.637809
-2.779555 -0.310902 1.825317
-2.674686 -0.349393 -0.951422
-2.809298 -0.068844 1.175462
-2.694266 -0.041802 -1.491179
-2.693992 0.150267 1.747621
-2.569699 0.146331 -1.089178
-2.650359 0.273131 1.330427
-2.527070 0.394510 -1.544101
-2.529770 0.535628 1.811155
-2.512727 0.650831 -0.972930
-2.513154 0.797007 1.021857
-2.321072 0.910320 -1.156835
-2.254881 1.012038 1.197504
-2.147675 0.961958 -0.532957
-1.983562 1.052963 0.468330
-1.810345 1.100337 -0.637305
-1.746099 1.018570 0.795641
-1.699190 0.913590 0.228688
-1.369247 1.053160 0.685913
-1.160248 -0.979896 -0.247090
-1.400143 -1.035098 0.255901
-1.463975 -1.239983 -0.879033
-1.650091 -0.964800 0.930701
-1.766541 -1.071710 -0.963652
-1.953844 -0.838201 0.964337
-1.965063 -1.374393 -2.064862
-2.115279 -0.767151 1.980613
-2.272214 -0.941768 -1.586736
-2.364219 -0.498690 1.219918
-2.528475 -0.767491 -2.062096
-2.525407 -0.346246 2.099763
-2.479487 -0.330181 -1.525689
-2.610976 0.012859 1.188333
-2.622481 -0.099404 -2.018371
-2.621875 0.203025 2.104311
-2.461925 0.219229 -1.616509
-2.564332 0.540622 1.713238
-2.419717 0.429267 -2.185989
-2.460567 0.682878 2.421148
-2.353508 0.662785 -1.802126
-2.339829 1.032193 1.836915
-2.153834 1.090016 -2.250633
-2.153372 1.266710 2.030423
-2.189285 1.309130 -1.457855
-2.091626 1.491969 0.990271
-1.869887 1.627481 -1.569234
-1.763803 1.598346 0.751801
-1.774571 1.656270 -0.456015
-1.669309 1.444663 0.247208
-1.766048 1.375704 -0.500073
-1.445071 1.284840 -0.307378
-1.068252 -1.104719 -0.485924
-1.158197 -1.164143 0.065398
-1.314583 -1.378861 -0.604997
-1.508219 -1.157010 0.591940
-1.545345 -1.481615 -1.706081
-1.627097 -0.900651 1.605340
-1.813144 -1.332644 -1.494642
-1.991431 -0.864854 1.371718
-2.099551 -1.450576 -2.496061
-2.047250 -0.794041 2.357331
-2.157340 -1.052683 -1.971491
-2.267859 -0.487744 1.736014
-2.307722 -0.619148 -2.374592
-2.353626 -0.166527 2.445236
-2.284469 -0.241107 -1.758443
-2.423038 0.149738 1.807523
-2.301556 0.037287 -2.355814
-2.228583 0.306350 2.518467
-2.051289 0.171078 -1.970454
-2.150489 0.551642 2.143736
-2.117281 0.495767 -2.635120
-2.016869 0.803928 2.658435
-2.001078 0.652279 -1.950261
-1.984404 0.948357 1.967390
-1.807578 1.066403 -2.227199
-1.778244 1.285325 1.939604
-1.806810 1.096217 -1.200153
-1.712929 1.309059 1.044701
-1.505251 1.379632 -0.894551
-1.473830 1.256402 0.606541
-1.464548 1.153147 -0.125801
-1.272486 1.169602 0.235853
-0.890765 -1.089309 -0.130881
-1.073532 -1.131015 0.055504
-1.102543 -1.313309 -0.766667
-1.259226 -0.998786 0.440450
-1.491912 -1.087960 -0.763313
-1.612473 -0.860013 0.410323
-1.722781 -1.139570 -1.355533
-1.846459 -0.730769 1.154977
-1.994979 -0.877216 -0.831374
-2.009843 -0.547956 0.701480
-2.153712 -0.639127 -1.172108
-2.244424 -0.297886 1.034991
-2.264764 -0.233910 -0.776800
-2.342151 0.035378 0.941962
-2.411101 0.046277 -1.343176
-2.422027 0.221184 1.230727
-2.293376 0.223736 -0.869882
-2.282380 0.411004 1.327153
-2.179887 0.452890 -1.473237
-2.235903 0.646344 1.502711
-2.078140 0.619849 -1.071368
-2.091711 0.905034 1.633023
-1.876652 1.008071 -1.400930
-2.010089 1.188031 1.370388
-1.817232 1.263258 -0.815177
-1.745914 1.529438 1.330660
-1.527950 1.669811 -1.038204
-1.625253 1.761401 0.408634
-1.442938 1.805155 -0.381142
-1.421300 1.722409 0.542424
-1.441158 1.720584 -0.164074
-1.282467 1.596091 -0.037164
-0.854605 -1.254745 -0.388596
-0.907103 -1.296028 -0.106050
-1.019027 -1.363730 -0.407059
-1.203645 -1.204759 0.231937
-1.231591 -1.344545 -1.114894
-1.369272 -1.016006 0.955032
-1.516882 -1.155220 -0.910763
-1.741697 -0.864693 0.805293
-1.687894 -1.156142 -1.713649
-1.812397 -0.776564 1.554027
-1.917501 -0.873405 -1.186310
-2.054296 -0.527570 1.065004
-1.975929 -0.548595 -1.622482
-2.074686 -0.258216 1.552339
-2.132736 -0.171025 -1.085141
-2.282033 0.031205 1.123371
-2.107067 -0.037168 -1.598768
-2.041279 0.170390 1.628744
-1.890709 0.245322 -0.954583
-2.001607 0.393124 1.125458
-1.821179 0.429474 -1.459748
-1.798390 0.641463 1.668795
-1.698294 0.733598 -0.879097
-1.771672 0.906402 1.088485
-1.542736 0.926659 -1.303683
-1.463443 1.165788 1.240891
-1.419866 1.245641 -0.773163
-1.465576 1.496518 0.610293
-1.344292 1.526975 -0.583679
-1.324927 1.549865 0.298142
-1.205170 1.473017 -0.251935
-1.030719 1.498582 0.185916
-0.684233 -1.199349 -0.111121
-0.805605 -1.232888 0.175545
-0.814877 -1.328600 -0.757914
-0.938150 -1.113959 0.609072
-1.102287 -1.120319 -0.797772
-1.213275 -1.014113 0.537422
-1.221822 -1.159014 -1.361639
-1.353312 -0.915095 1.111699
-1.506052 -0.973600 -1.159296
-1.585281 -0.743437 0.943918
-1.605221 -0.794208 -1.490622
-1.694000 -0.462338 1.306933
-1.662066 -0.355856 -1.301100
-1.776259 -0.092224 1.115506
-1.829208 -0.114843 -1.595508
-1.908560 0.152489 1.303899
-1.822663 0.131855 -1.299925
-1.838221 0.394090 1.084643
-1.762273 0.345974 -1.450115
-1.765048 0.625306 1.413714
-1.648095 0.646945 -1.103821
-1.557374 0.871111 1.186851
-1.486130 0.912503 -1.439119
-1.438322 1.143949 1.401525
-1.346915 1.267495 -1.108575
-1.230989 1.469809 1.081699
-1.125013 1.650684 -1.119718
-1.105975 1.773503 0.704321
-1.140378 1.970939 -0.574881
-1.092329 1.934411 0.143338
-1.077787 1.868918 -0.464001
-0.942129 1.758857 -0.371389
-0.630533 -1.300249 -0.323579
-0.631317 -1.357016 0.011757
-0.696190 -1.393384 -0.427607
-0.754304 -1.270526 0.479047
-0.840277 -1.422072 -1.116116
-0.887712 -1.121077 1.071059
-0.983957 -1.237912 -1.079468
-1.096427 -1.054836 0.843912
-1.063085 -1.275614 -1.606310
-1.149679 -0.902834 1.457942
-1.163523 -0.996237 -1.421483
-1.288775 -0.666150 1.253601
-1.170485 -0.760480 -1.726780
-1.305232 -0.388855 1.597452
-1.290238 -0.463320 -1.605441
-1.520179 -0.097610 1.483738
-1.371298 -0.212609 -1.807152
-1.444137 0.125135 1.547168
-1.318282 0.082866 -1.429806
-1.400612 0.425280 1.292417
-1.232803 0.477557 -1.588300
-1.212288 0.726169 1.521428
-1.192111 0.716226 -1.359533
-1.127521 0.934076 1.298127
-0.973643 1.109957 -1.466141
-0.920268 1.216027 1.263957
-1.016687 1.256167 -1.107697
-0.958420 1.456309 0.867119
-0.936154 1.691089 -0.715977
-0.958174 1.711759 0.536786
-0.931612 1.720126 -0.462557
-0.826979 1.621966 0.047860
-0.454840 -1.187721 0.035276
-0.590297 -1.214860 0.231478
-0.560142 -1.311817 -0.571798
-0.632917 -1.100246 0.714472
-0.782612 -1.171415 -0.758423
-0.838633 -1.074373 0.694969
-0.774228 -1.186764 -1.266600
-0.835452 -0.990746 1.213712
-0.911781 -1.073747 -1.205500
-0.980446 -0.852725 1.029611
-0.897534 -0.882302 -1.487132
-0.985407 -0.565725 1.399696
-1.001190 -0.562316 -1.463656
-1.100864 -0.270524 1.359746
-1.051243 -0.252706 -1.623802
-1.195995 0.056947 1.405759
-1.153250 0.089161 -1.458208
-1.233955 0.330022 1.356949
-1.143041 0.411952 -1.433551
-1.202471 0.646929 1.215981
-1.103383 0.751516 -1.194204
-1.083481 0.917128 1.240489
-0.975717 1.101999 -1.297277
-1.009411 1.232998 1.026621
-0.886443 1.395600 -1.006283
-0.835701 1.495072 1.177862
-0.784015 1.731485 -1.049396
-0.816624 1.766024 0.898319
-0.850538 2.033894 -0.820230
-0.828409 1.949937 0.464973
-0.818434 2.119707 -0.318252
-0.757099 1.907676 -0.012585
-0.422297 -1.264313 -0.169551
-0.393321 -1.301365 0.091809
-0.389506 -1.328113 -0.256814
-0.466397 -1.258000 0.496765
-0.545437 -1.355171 -0.846401
-0.604510 -1.176334 1.038481
-0.646100 -1.276374 -1.022146
-0.655096 -1.113471 0.939394
-0.618710 -1.329383 -1.422574
-0.690480 -1.001289 1.452423
-0.699412 -1.039572 -1.486936
-0.736794 -0.760955 1.278752
-0.730845 -0.912200 -1.721293
-0.799228 -0.557366 1.574417
-0.785251 -0.571497 -1.701808
-0.855583 -0.203111 1.569661
-0.824088 -0.284568 -1.858914
-0.890181 0.081287 1.716409
-0.907240 0.099210 -1.679453
-0.890393 0.419275 1.509735
-0.808228 0.424905 -1.692540
-0.813404 0.654667 1.587117
-0.860867 0.686407 -1.452744
-0.843779 0.881196 1.202382
-0.761262 0.981278 -1.322462
-0.744210 1.082675 1.237035
-0.858385 1.154473 -0.971730
-0.846288 1.266178 0.884683
-0.820825 1.524779 -0.737028
-0.844294 1.534051 0.585264
-0.846262 1.655501 -0.394600
-0.714755 1.598387 0.276783
-0.267637 -1.152483 0.055139
-0.355639 -1.106820 0.383940
-0.376882 -1.180463 -0.490989
-0.380819 -0.999070 0.762089
-0.440654 -1.033201 -0.692215
-0.486657 -0.932470 0.786717
-0.421536 -1.018636 -1.196593
-0.443317 -0.834348 1.205471
-0.451661 -0.872463 -1.112963
-0.476661 -0.705105 0.996592
-0.455734 -0.690249 -1.422691
-0.484259 -0.465245 1.326333
-0.495312 -0.431413 -1.365276
-0.538426 -0.239141 1.139081
-0.492519 -0.209731 -1.603027
-0.573077 0.048926 1.416006
-0.577046 0.147883 -1.604450
-0.630606 0.355922 1.342357
-0.615532 0.435843 -1.764348
-0.659012 0.652530 1.577229
-0.632602 0.739864 -1.645066
-0.640138 0.934292 1.466159
-0.615240 1.094070 -1.649151
-0.644679 1.242809 1.497766
-0.666238 1.391060 -1.227188
-0.636209 1.396265 1.187691
-0.637802 1.665660 -1.191581
-0.609987 1.641703 0.984034
-0.673940 1.924280 -0.741570
-0.648232 1.799198 0.588094
-0.688166 1.840085 -0.331287
-0.612159 1.658904 0.008913
-0.209197 -1.196949 -0.152339
-0.197976 -1.253763 0.145045
-0.194415 -1.254119 -0.312221
-0.230983 -1.147948 0.542004
-0.249034 -1.237054 -0.821700
-0.221046 -1.063529 1.091137
-0.218571 -1.099894 -0.967067
-0.212076 -0.961314 0.972623
-0.206071 -1.200437 -1.336504
-0.168264 -0.925768 1.483784
-0.119182 -0.883301 -1.284781
-0.166292 -0.724460 1.204033
-0.164236 -0.831462 -1.567822
-0.156613 -0.542935 1.535770
-0.088815 -0.481982 -1.464639
-0.204032 -0.277074 1.375944
-0.201081 -0.314991 -1.761883
-0.258598 -0.002394 1.663143
-0.251707 0.051681 -1.671664
-0.333136 0.272445 1.504632
-0.328904 0.309643 -1.768543
-0.375732 0.551090 1.601284
-0.424506 0.482143 -1.592884
-0.456276 0.719819 1.394725
-0.459532 0.843346 -1.445741
-0.506688 0.951469 1.256369
-0.630000 1.012118 -1.089776
-0.596426 1.101899 0.936375
-0.622108 1.354583 -0.780573
-0.631744 1.322251 0.605263
-0.687131 1.420165 -0.373383
-0.556124 1.321594 0.201285
-0.147059 -1.097933 0.072338
-0.253825 -1.044211 0.182334
-0.251542 -1.097421 -0.317028
-0.223369 -0.890771 0.476054
-0.255132 -0.901675 -0.404872
-0.255336 -0.792644 0.388882
-0.230898 -0.788464 -0.721464
-0.203439 -0.666993 0.756980
-0.196049 -0.619374 -0.662676
-0.198548 -0.567977 0.409055
-0.228945 -0.487805 -0.848363
-0.225120 -0.396082 0.673505
-0.215359 -0.250673 -0.730108
-0.185665 -0.237575 0.438086
-0.217218 -0.078220 -0.926307
-0.229104 0.022859 0.749388
-0.241413 0.218562 -0.880960
-0.235135 0.283540 0.667445
-0.265499 0.452529 -1.032825
-0.260272 0.521007 0.909309
-0.296286 0.700529 -0.946772
-0.313884 0.743895 0.962200
-0.324767 0.984865 -1.026066
-0.347252 1.025646 0.947847
-0.388163 1.264818 -0.903735
-0.388795 1.185851 0.932023
-0.348094 1.446830 -0.909420
-0.368249 1.394905 0.819591
-0.397299 1.608394 -0.642777
-0.385124 1.546031 0.602996
-0.421156 1.621226 -0.117708
-0.357844 1.430835 0.247791
-0.179254 -1.139540 -0.171901
-0.162844 -1.150483 0.014175
-0.135191 -1.212200 -0.173969
-0.135912 -1.103026 0.278772
-0.096708 -1.189920 -0.565962
-0.055743 -1.024205 0.768518
-0.112644 -1.033090 -0.608914
-0.097392 -0.931813 0.707534
-0.056104 -1.079037 -0.862573
-0.047469 -0.918809 1.097683
-0.127179 -0.821796 -0.765165
-0.149339 -0.769161 0.767880
-0.079404 -0.789521 -0.930111
-0.093073 -0.658576 1.165160
-0.160632 -0.478801 -0.773684
-0.183469 -0.394773 0.781163
-0.137939 -0.342340 -1.116330
-0.135451 -0.131066 1.224762
-0.177624 0.022709 -0.845263
-0.208844 0.137486 0.822405
-0.248686 0.240575 -1.107483
-0.281380 0.373551 1.208858
-0.349940 0.476501 -0.832750
-0.371431 0.567421 0.905254
-0.389796 0.701148 -1.002222
-0.423377 0.717710 0.972475
-0.480739 0.938280 -0.609107
-0.481149 0.896140 0.601410
-0.440791 1.050740 -0.525400
-0.442849 1.072061 0.531716
-0.438095 1.092860 -0.209705
-0.375221 1.067333 0.271329
-0.220709 -1.088495 -0.032633
-0.248905 -1.031601 0.107226
-0.289563 -1.087648 -0.345471
-0.228501 -0.931723 0.393789
-0.254062 -0.921056 -0.357661
-0.195128 -0.859676 0.420652
-0.251726 -0.783140 -0.887916
-0.188630 -0.627421 0.939885
-0.215998 -0.585160 -0.903493
-0.189089 -0.523378 0.763185
-0.225654 -0.470649 -1.189305
-0.171409 -0.316687 1.243811
-0.186556 -0.257412 -1.132021
-0.197703 -0.179813 0.877473
-0.188987 -0.088461 -1.374788
-0.116638 0.047342 1.293056
-0.112182 0.140312 -1.179871
-0.118234 0.204804 0.969490
-0.124848 0.333642 -1.326811
-0.105688 0.425871 1.414453
-0.120523 0.512776 -1.198323
-0.140083 0.603682 1.162245
-0.140463 0.804002 -1.394332
-0.151700 0.869546 1.505634
-0.170077 1.034215 -1.271526
-0.148804 1.102268 1.025782
-0.146355 1.323122 -1.119708
-0.113938 1.299805 1.018621
-0.154420 1.435469 -0.611990
-0.101281 1.453328 0.725470
-0.179913 1.452127 -0.122672
-0.198275 1.235419 0.218858
-0.271049 -1.137944 -0.219421
-0.288558 -1.160031 -0.023549
-0.238753 -1.209467 -0.242165
-0.261028 -1.059404 0.164866
-0.209386 -1.102755 -0.439847
-0.182122 -0.920868 0.656851
-0.161795 -0.883097 -0.660942
-0.133088 -0.733343 0.671750
-0.108451 -0.838546 -1.156250
-0.056994 -0.706765 1.301715
-0.097148 -0.549441 -1.206003
-0.076874 -0.482958 1.101355
-0.075106 -0.538164 -1.637040
-0.069826 -0.437202 1.582790
-0.082652 -0.253976 -1.412324
-0.057970 -0.216009 1.259867
-0.068483 -0.132335 -1.727321
-0.080096 -0.031076 1.572124
-0.109006 0.153741 -1.468161
-0.090959 0.182385 1.272058
-0.096936 0.362258 -1.816403
-0.086995 0.451873 1.599350
-0.125823 0.501982 -1.575053
-0.096576 0.527119 1.292933
-0.141515 0.722220 -1.796258
-0.147483 0.756830 1.339765
-0.212089 0.774338 -1.291611
-0.241248 0.855291 0.831839
-0.267844 0.950218 -0.948025
-0.304165 0.934218 0.614350
-0.327981 0.908311 -0.426865
-0.319370 0.875482 0.176975
-0.392750 -1.169570 -0.006181
-0.433348 -1.171750 0.099297
-0.452793 -1.288242 -0.208196
-0.404247 -1.132769 0.277268
-0.456011 -1.111867 -0.131960
-0.391173 -0.996764 0.076555
-0.380312 -0.945467 -0.579062
-0.288367 -0.771274 0.499245
-0.301901 -0.620455 -0.416575
-0.230203 -0.583257 0.402225
-0.259704 -0.483321 -0.772043
-0.227608 -0.351056 0.707206
-0.267748 -0.156669 -0.638420
-0.196093 -0.124460 0.498774
-0.226858 -0.051967 -0.902426
-0.188637 0.021776 0.759140
-0.204172 0.245516 -0.817277
-0.179800 0.290841 0.621455
-0.191721 0.407641 -0.892627
-0.204551 0.458493 0.976068
-0.237704 0.651685 -0.851541
-0.194533 0.709774 0.833685
-0.196325 0.891022 -0.735283
-0.197832 0.847727 0.989866
-0.247719 1.040661 -0.764101
-0.201053 1.101624 0.831751
-0.242917 1.269574 -0.466442
-0.252462 1.233788 0.689339
-0.328622 1.291743 -0.275425
-0.308970 1.336101 0.601252
-0.365929 1.354267 0.058627
-0.356671 1.150883 0.229184
-0.470299 -1.348002 -0.104203
-0.502319 -1.370386 0.066765
-0.527122 -1.456565 -0.169116
-0.561949 -1.348567 0.145557
-0.516761 -1.440244 -0.427922
-0.457670 -1.229555 0.474022
-0.375374 -1.249190 -0.251617
-0.325951 -1.094718 0.438057
-0.254662 -1.163351 -0.535917
-0.160491 -1.000716 0.856765
-0.195084 -0.707523 -0.330501
-0.197615 -0.637775 0.901139
-0.200210 -0.668374 -0.858611
-0.140978 -0.525851 1.180629
-0.158808 -0.283499 -0.533266
-0.195248 -0.249648 1.006275
-0.162331 -0.112036 -0.865599
-0.158681 0.009927 1.173306
-0.173521 0.212389 -0.622312
-0.221076 0.234886 0.881210
-0.189260 0.403154 -0.669008
-0.229979 0.445262 1.059202
-0.204934 0.568879 -0.362546
-0.276780 0.607204 0.746601
-0.240083 0.784696 -0.271524
-0.339219 0.772333 0.966162
-0.381318 0.821811 -0.131228
-0.452662 0.924675 0.767278
-0.437357 0.982484 -0.150834
-0.533219 0.980136 0.718323
-0.569757 0.864095 0.056853
-0.568080 0.930603 0.413411
-0.469242 -1.345114 0.016300
-0.463623 -1.255954 0.183857
-0.541627 -1.317773 -0.232228
-0.526952 -1.206422 0.258664
-0.548538 -1.252333 -0.064367
-0.490750 -1.176025 0.187654
-0.451092 -1.147874 -0.265754
-0.353098 -1.014738 0.454074
-0.272630 -0.913743 -0.068826
-0.240396 -0.829418 0.554173
-0.205942 -0.669891 -0.356891
-0.187026 -0.514832 0.837688
-0.119528 -0.355104 -0.194473
-0.160958 -0.238494 0.811321
-0.134674 -0.115946 -0.419861
-0.164159 0.014955 0.885871
-0.148078 0.178164 -0.282121
-0.202802 0.249068 0.716427
-0.156064 0.355348 -0.314645
-0.210479 0.431036 0.844185
-0.202179 0.571024 -0.043317
-0.270456 0.673509 0.730832
-0.225870 0.722837 0.008926
-0.281683 0.802882 0.777732
-0.253126 0.910465 0.220196
-0.323823 1.018775 0.687031
-0.306174 1.059927 0.258372
-0.345178 1.123159 0.804233
-0.363534 1.075648 0.356032
-0.417895 1.198563 0.669321
-0.478668 1.146737 0.249781
-0.514230 1.077485 0.285494
-0.176757 -1.053784 0.058576
-0.221368 -1.181009 0.170837
-0.269062 -1.106479 -0.008357
-0.318559 -1.063677 0.263960
-0.316130 -1.043613 -0.133193
-0.276319 -0.984487 0.359568
-0.254938 -0.947100 -0.077876
-0.250640 -0.861446 0.393395
-0.205836 -0.833143 -0.119406
-0.185444 -0.706369 0.615276
-0.122818 -0.526107 0.055332
-0.192900 -0.442623 0.590923
-0.091878 -0.330441 -0.061823
-0.137895 -0.236288 0.754977
-0.076564 -0.089390 0.004113
-0.167364 -0.041742 0.577647
-0.096528 0.162176 -0.064096
-0.149198 0.193539 0.723644
-0.135902 0.313217 0.038338
-0.210847 0.319366 0.483634
-0.171082 0.493457 -0.000214
-0.218329 0.527326 0.631058
-0.200223 0.625607 0.148845
-0.246472 0.648369 0.458504
-0.205896 0.778785 0.134261
-0.227752 0.809390 0.561355
-0.208167 0.889768 0.285431
-0.216038 0.886879 0.482264
-0.214705 0.944541 0.307314
-0.263843 0.939407 0.516026
-0.419205 0.937178 0.368310
-0.314183 0.828280 0.233198
