1.001568 -0.138025 -1.401756
0.819079 -0.063101 -0.928610
0.708968 -0.222725 -0.856095
0.692887 0.243438 -0.772737
0.489555 -0.521793 -1.059881
0.840252 0.421873 -0.504590
0.490030 0.000353 -0.557431
0.334607 0.160423 -0.957689
0.621505 0.255290 -0.651902
0.393150 0.178201 -0.471859
0.230422 0.112751 -0.461268
0.606128 0.019725 -0.540371
-0.051681 0.076933 -0.309213
0.388635 -0.272741 -0.627778
0.054350 0.223974 -0.647480
0.696919 -0.226899 -0.680195
0.333414 -0.346822 -1.230292
0.855115 -0.548375 -0.541915
0.462990 0.139291 -0.755157
-0.436065 0.885672 -1.544728
0.713271 -0.396547 -1.153997
0.727623 0.265780 -0.328972
0.734897 0.402583 -0.973804
-0.036517 0.403895 -1.565212
0.376012 -0.285936 -0.203996
0.692981 -0.025952 -0.718615
-0.117214 0.651470 -0.521910
0.776604 -0.486507 -1.095266
-0.572249 0.938834 -0.859815
0.710063 -0.398336 -0.582780
-1.324645 0.703024 -1.896990
0.448634 -0.111533 -1.046000
0.650244 0.246498 -0.932112
0.934436 -0.067926 -0.922382
0.808922 0.141869 -1.000738
0.816268 0.281694 -0.718284
0.742386 -0.446914 -0.419067
0.292654 0.258167 -1.170147
0.741304 -0.066479 -0.817156
0.288010 0.619962 -1.249914
0.343485 0.042216 -0.961093
0.409898 0.072549 -0.608172
0.625658 -0.527093 -0.414121
-0.125143 -0.124572 -1.520656
0.363640 -0.266761 -1.013378
0.720637 -0.291332 -0.869438
0.229648 -0.786264 -0.284272
0.648314 -0.021219 -0.735006
-0.032499 0.402869 -1.339771
0.549362 -0.417221 -0.766765
0.458831 -0.324508 -0.607655
0.516735 -0.004103 -0.296834
0.473062 0.061625 -0.672774
0.184373 -0.281887 0.018186
0.443450 -0.421338 -0.259589
0.756954 -0.458005 -0.908487
0.737278 0.121019 -1.261664
0.603038 0.146721 -0.576325
-0.961438 1.023586 -1.450451
0.658235 0.407267 -0.857926
-1.019802 0.360716 -1.676839
-0.180467 1.023316 -1.300044
0.021847 -0.750149 -0.856891
0.695710 -0.247318 -0.967169
0.188925 -0.409733 -1.168007
0.364873 0.190074 -1.331284
0.194711 0.255729 -0.519982
0.625240 -0.228069 -0.452811
-0.238206 0.332084 -0.519613
0.019011 -0.178964 0.030969
0.723142 0.210213 -0.752207
0.802951 0.111023 -0.942471
-0.138765 -0.073460 -0.477281
0.737925 -0.150361 -0.684378
0.754890 0.345698 -0.812137
0.698160 -0.225035 -0.647014
0.676550 0.213071 -0.691118
0.925863 -0.046769 -0.817387
0.492519 -0.255521 -0.516659
0.375453 -0.046975 -0.375553
0.706497 -0.240681 -0.582594
-0.037446 -0.215920 -0.299205
0.518238 -0.157422 -0.917583
-0.175627 0.137659 -0.565598
0.469838 -0.543417 -0.955264
0.073112 0.199253 -1.388266
0.763526 -0.376319 -0.825995
0.817677 0.225085 -0.940021
-0.290116 0.801302 -0.931209
0.720630 0.386405 -1.104586
0.069169 0.006142 -0.402058
0.687990 -0.380028 -0.896777
-0.022622 -0.238549 -0.323999
0.053572 -0.056934 -0.321652
0.703945 0.123668 -0.860304
0.602757 -0.029752 -0.592678
0.378950 -0.770748 -0.609548
0.833854 0.195249 -1.057148
0.723496 0.064372 -0.373596
-0.365632 -0.087071 -1.576703
-0.133687 0.030530 -0.370539
0.214246 0.295582 -0.550579
0.945347 0.252098 -1.035211
0.218534 -0.419305 0.089489
0.343543 0.001281 -1.342411
0.414893 0.344419 -0.742958
0.185203 0.375832 -0.522103
0.270462 0.462186 -1.046298
0.481310 -0.220974 -0.773883
0.582678 0.196593 -1.244998
-0.228254 0.862408 -0.436453
0.610269 -0.092384 -0.820648
0.616687 -0.387222 -0.748941
0.602319 -0.050133 -0.492125
0.833636 -0.515695 -0.994811
-0.915315 0.092505 -1.542783
0.428907 -0.776941 -0.194231
0.839874 0.136720 -1.059028
0.758210 0.083443 -1.194355
-0.734186 0.813585 -1.416733
0.865088 -0.385105 -1.097952
0.598491 -0.166323 -0.678331
0.285744 -0.046669 -1.331696
0.623875 -0.220142 -0.274481
0.572157 -0.441027 -0.636154
0.671580 -0.084953 -0.746240
0.781482 -0.084120 -0.812624
0.600663 0.194009 -0.627929
0.636177 -0.474945 -0.819669
-1.138399 0.198436 -1.417833
0.772270 0.034349 -0.576652
-0.168711 -0.596402 -1.226378
0.053061 0.736220 -1.079566
0.636434 0.520099 -0.733261
-0.789271 0.258294 -1.640383
0.393266 -0.237604 -0.747136
0.435445 0.074905 -0.662656
0.163479 0.342404 -0.675385
-0.702350 -0.223211 -1.424793
-0.023892 0.732246 -0.943847
0.659134 0.120941 -1.002072
-0.105733 0.693825 -1.401332
0.218559 -0.664025 -0.040546
0.260908 -0.005437 -1.240281
0.526709 0.082264 -0.513480
0.683116 -0.276214 -1.277254
-0.649612 0.078575 -1.621161
0.035213 -0.421034 -0.171480
-0.039675 0.308948 -0.713249
0.767232 -0.062178 -0.790977
0.663734 -0.178208 -0.700642
0.791956 0.487917 -0.784774
0.703977 -0.526269 -0.822891
0.183731 0.355927 -1.480480
-0.393148 0.277717 -1.592164
0.469268 -0.110364 -0.303700
0.486661 -0.111978 -0.662971
-0.455954 0.966939 -1.183374
0.563893 -0.063857 -0.857507
-0.158364 -0.148699 -0.313504
-1.210151 -0.054233 -1.478092
0.763984 0.431703 -0.982704
0.539368 0.094756 -0.517003
0.547868 -0.127464 -0.441664
0.563987 -0.192872 -0.717543
0.721738 0.309577 -0.530639
0.823352 -0.105480 -0.901526
0.574868 -0.280583 -0.564990
0.690551 0.160594 -0.579001
-0.069413 -0.265204 -1.355696
0.729863 0.337241 -0.884634
-0.140396 0.105082 -0.411901
0.234095 -0.188911 -0.427063
0.460371 -0.074391 -0.694995
0.865691 -0.105111 -1.270047
0.568272 0.299238 -0.606528
0.780221 0.174403 -0.581520
0.922909 0.171541 -1.162140
0.616099 -0.555389 -0.881450
0.582183 -0.122391 -0.663958
0.893708 0.311623 -0.424748
0.461231 0.174578 -0.533161
0.426624 -0.148138 -0.454340
0.722683 0.038631 -0.843797
0.454453 -0.121361 -1.054361
0.790744 0.134998 -0.693349
0.332040 0.230185 -0.607217
-0.986629 0.630415 -1.643513
0.583863 -0.186501 -0.903027
0.145509 0.356611 -1.421470
-0.722523 0.782161 -1.890556
0.808682 0.019620 -0.674835
0.789935 0.031517 -0.970165
0.174224 0.743564 -1.398741
0.060240 0.027057 -0.296695
0.545130 -0.228293 -0.750106
0.770243 -0.225415 -1.157918
0.834597 -0.115046 -0.998047
-0.005147 -0.567362 -0.878576
0.880292 0.064294 -1.008407
0.729359 0.349297 -0.783825
0.175671 0.471324 -0.702631
0.705026 0.334122 -0.928368
0.271469 -0.008316 -0.350581
0.892312 -0.500103 -0.934995
0.632719 0.151961 -1.001865
-0.632905 0.575223 -1.619043
0.703830 0.014170 -0.406363
0.026334 -0.495376 -0.108763
0.831455 -0.300399 -1.219888
0.575573 0.353276 -0.662263
0.549524 -0.006980 -0.621622
0.689283 0.046581 -0.632614
0.790408 0.132836 -0.544990
-0.351269 0.219290 -0.231296
-0.565520 -0.446404 -1.348075
0.451182 0.128378 -1.064579
0.693177 -0.224603 -0.953039
-0.253931 0.649386 -1.793567
0.892830 0.112836 -0.228582
-0.838407 0.484695 -1.732332
-0.536354 0.326783 -0.438212
-1.393548 0.569310 -1.548707
0.273975 -0.775552 -0.466255
0.148039 -0.360846 -0.073709
0.637617 -0.062287 -0.810671
-0.146530 -0.798410 -0.871633
-1.156265 0.287102 -1.929995
0.508547 -0.136686 -1.113011
0.423988 -0.658311 -1.072050
0.630172 0.059329 -0.366893
0.921993 0.218934 -1.298866
-0.281786 -0.624240 -1.130648
-0.359122 0.148178 -1.451236
0.323555 -0.015837 -1.143887
0.908264 -0.025696 -1.087927
-0.113298 -0.647855 -0.603670
0.421132 0.253691 -0.712079
-0.174096 0.002464 -1.359998
0.241086 0.417021 -0.922564
0.628344 -0.004615 -1.045654
-0.021244 -0.419317 -0.382027
0.750395 -0.494482 -0.769781
0.688060 0.414768 -0.361190
-0.845948 -0.213905 -1.560006
0.268008 0.098509 -0.437234
-0.072194 -0.043452 -0.310162
0.712689 -0.169658 -0.917686
0.669841 -0.148418 -0.972869
-0.724205 -0.300597 -1.162159
-0.451448 -0.250882 -1.620038
1.142613 -0.692957 -0.835749
-0.265083 -0.731823 -1.334407
-0.273577 0.638814 -0.600154
0.335523 0.440359 -0.815469
0.594626 -0.424418 -0.711826
-0.171531 -0.231751 -0.372110
-0.285926 -0.101938 -0.080428
-0.319598 -0.068975 -0.628939
-0.357043 0.002828 0.134317
-0.413978 -0.011382 -0.470927
-0.462707 -0.005659 0.066779
-0.423950 -0.013099 -0.467664
-0.392523 0.045259 0.242325
-0.367410 -0.008649 -0.520559
-0.359631 0.067007 0.187498
-0.324660 -0.004671 -0.528118
-0.371057 0.105992 0.170126
-0.503637 0.013633 -0.574570
-0.623303 0.112191 -0.012064
-0.709223 0.056741 -0.731607
-0.826358 0.219461 -0.043417
-0.939720 0.221964 -0.712225
-0.960660 0.335322 -0.309628
-0.857352 0.312254 -0.864821
-0.862929 0.463180 -0.192183
-0.866167 0.477644 -0.778410
-0.832846 0.625880 -0.414166
-0.738403 0.597690 -0.782053
-0.668754 0.619905 -0.199631
-0.655424 0.573457 -0.422411
-0.593948 0.548500 -0.217616
-0.486524 0.449460 -0.398446
-0.431556 0.420065 0.080275
-0.502928 0.374796 -0.175669
-0.525115 0.376575 -0.042398
-0.418430 0.400038 -0.168069
-0.278500 0.446110 0.069542
-0.330163 -0.184912 -0.539972
-0.393030 -0.112913 -0.304101
-0.410709 -0.238842 -0.569118
-0.459524 -0.213469 -0.208664
-0.439698 -0.229555 -0.747416
-0.531221 -0.112025 0.066503
-0.546760 -0.122247 -0.452695
-0.527483 -0.055992 0.053818
-0.501667 -0.061070 -0.606198
-0.495749 0.041579 0.133462
-0.525721 -0.001958 -0.553711
-0.594639 0.127549 -0.011763
-0.681922 0.047539 -0.767910
-0.875316 0.228192 -0.155114
-1.028792 0.166278 -0.790355
-1.155630 0.337111 -0.498429
-1.252419 0.324622 -0.994768
-1.271650 0.470508 -0.455980
-1.232409 0.430784 -1.061879
-1.172548 0.595304 -0.759644
-0.957613 0.633406 -1.240889
-0.934965 0.689766 -0.434387
-0.908577 0.644420 -0.991479
-0.832899 0.654090 -0.493231
-0.649212 0.607034 -0.853793
-0.646116 0.586835 -0.114639
-0.661031 0.429437 -0.341038
-0.616419 0.401543 -0.024549
-0.571487 0.343453 -0.461183
-0.594509 0.408331 0.194940
-0.600430 0.322434 0.020960
-0.355014 0.289463 0.046850
-0.326616 -0.145811 -0.381176
-0.468902 -0.053364 -0.309171
-0.470909 -0.086596 -0.863715
-0.462421 -0.069978 -0.026085
-0.479737 -0.057708 -0.619829
-0.520681 -0.058959 -0.173742
-0.473370 -0.010786 -0.607821
-0.476229 0.006617 0.001564
-0.473300 -0.038476 -0.477074
-0.565202 -0.032596 -0.123144
-0.663112 -0.044162 -0.574439
-0.758419 0.057388 -0.220806
-0.936303 0.017189 -0.654581
-0.948853 0.121327 -0.535289
-1.153356 0.103573 -0.842281
-1.226364 0.291680 -0.500966
-1.454219 0.321240 -0.839823
-1.355982 0.443019 -0.754676
-1.411773 0.410721 -1.071685
-1.407739 0.635314 -0.618083
-1.439174 0.667753 -0.934726
-1.225977 0.790883 -0.837065
-1.121473 0.733421 -1.141850
-1.071182 0.763931 -0.487029
-0.985187 0.699082 -0.733681
-0.796331 0.668018 -0.337757
-0.678768 0.563335 -0.645761
-0.652432 0.586074 -0.054847
-0.660563 0.514192 -0.229706
-0.602256 0.498142 -0.134259
-0.546293 0.410045 -0.133880
-0.451128 0.424161 -0.104609
-0.247497 -0.182841 -0.543524
-0.356325 -0.143601 -0.264222
-0.362566 -0.277277 -0.725355
-0.451752 -0.212819 -0.289724
-0.394967 -0.272077 -1.009703
-0.415073 -0.100522 -0.056526
-0.400260 -0.184550 -0.650457
-0.472132 -0.090146 -0.143548
-0.494525 -0.118579 -0.683608
-0.602669 0.003912 -0.167599
-0.719902 -0.073373 -0.636615
-0.868146 0.057408 -0.351038
-0.955292 0.001832 -0.973722
-1.089553 0.125875 -0.368647
-1.259399 0.071146 -0.968216
-1.266639 0.286335 -0.629230
-1.291687 0.349184 -1.222319
-1.254468 0.490840 -0.535998
-1.379884 0.411197 -1.111709
-1.289860 0.631025 -0.837200
-1.149939 0.662359 -1.296643
-1.045942 0.808297 -0.575444
-1.063195 0.691070 -1.069082
-0.937843 0.757598 -0.577864
-0.748847 0.658742 -1.069583
-0.670084 0.664927 -0.148723
-0.659188 0.470800 -0.550109
-0.643221 0.507288 -0.035029
-0.546684 0.428073 -0.494885
-0.552311 0.455520 0.130070
-0.606550 0.380556 -0.085922
-0.446252 0.327030 0.013438
-0.169376 -0.279196 -0.424610
-0.300851 -0.200068 -0.336993
-0.369191 -0.196670 -0.912477
-0.350961 -0.186954 -0.289619
-0.370193 -0.187340 -0.764379
-0.387809 -0.163425 -0.384174
-0.415335 -0.156279 -0.832051
-0.452421 -0.120295 -0.324456
-0.583044 -0.087762 -0.644061
-0.707106 -0.110302 -0.523920
-0.944661 -0.048099 -0.673174
-1.107879 0.002848 -0.589533
-1.401119 0.044925 -0.782852
-1.415088 0.049232 -0.767507
-1.626489 0.157531 -0.902646
-1.608391 0.348153 -0.688921
-1.762520 0.465429 -0.828154
-1.593670 0.549880 -0.858844
-1.624897 0.635246 -1.030352
-1.560871 0.827481 -0.792180
-1.538974 0.903929 -0.843601
-1.305223 0.898710 -0.906865
-1.225134 0.900658 -0.982236
-1.120896 0.846931 -0.669659
-1.021500 0.830528 -0.608390
-0.823841 0.743571 -0.301336
-0.741539 0.565035 -0.368506
-0.691536 0.778883 0.122434
-0.628279 0.535478 -0.113759
-0.577851 0.634609 0.033038
-0.525107 0.489401 0.012852
-0.439608 0.457951 0.020451
-0.288285 -0.308875 -0.591755
-0.387135 -0.275261 -0.570407
-0.393811 -0.370192 -0.890007
-0.484353 -0.288519 -0.738813
-0.414423 -0.405972 -1.301839
-0.420476 -0.277846 -0.596247
-0.417425 -0.374724 -1.149080
-0.547356 -0.300596 -0.730130
-0.629135 -0.365514 -1.185730
-0.860043 -0.224510 -0.551383
-1.055849 -0.206825 -0.888061
-1.279699 -0.175201 -0.764585
-1.394842 -0.173821 -1.086562
-1.511087 -0.031025 -0.527950
-1.680353 0.037983 -1.119195
-1.640760 0.245625 -0.647653
-1.605309 0.352636 -1.245011
-1.559754 0.518019 -0.553618
-1.504819 0.551117 -1.163147
-1.390127 0.740276 -0.867625
-1.271470 0.790871 -1.226834
-1.189986 0.874014 -0.640324
-1.172699 0.847935 -0.873688
-1.017697 0.808653 -0.698262
-0.880892 0.732590 -0.893009
-0.731358 0.702480 -0.259022
-0.708011 0.532391 -0.411654
-0.632245 0.641543 0.008802
-0.563595 0.534785 -0.276896
-0.565999 0.573396 0.258949
-0.590267 0.481710 0.079356
-0.494429 0.471320 0.152673
-0.246487 -0.299464 -0.478553
-0.334845 -0.262266 -0.706461
-0.391567 -0.288925 -1.142965
-0.365242 -0.304187 -0.703575
-0.417252 -0.370611 -1.179800
-0.387112 -0.312842 -0.938280
-0.453013 -0.365487 -1.635669
-0.473348 -0.257641 -0.854948
-0.690399 -0.180820 -1.329849
-0.773450 -0.036763 -1.125226
-0.956584 -0.042110 -1.456064
-1.115783 0.028181 -0.879381
-1.394029 0.104208 -1.169842
-1.410129 0.123546 -0.908182
-1.711574 0.185190 -1.323512
-1.653646 0.355891 -0.518613
-1.761082 0.490346 -1.276452
-1.566302 0.681204 -0.584034
-1.481065 0.709121 -1.373423
-1.407742 0.877803 -0.490525
-1.384598 0.953434 -1.060291
-1.142937 1.078960 -0.733962
-0.967120 1.065689 -1.156743
-0.928197 1.106041 -0.050663
-0.938652 1.005969 -0.653884
-0.778897 1.321221 0.569932
-0.609858 1.220763 -0.077048
-0.620521 1.393032 1.119453
-0.619430 1.302293 0.613462
-0.553905 1.235831 0.813445
-0.486526 0.863414 0.603957
-0.508581 0.859881 0.520111
-0.341342 -0.324004 -0.772963
-0.432790 -0.399226 -0.792861
-0.474856 -0.511172 -1.244674
-0.563476 -0.485902 -1.047028
-0.527927 -0.664864 -1.887215
-0.453356 -0.604860 -1.013335
-0.474971 -0.716957 -1.897827
-0.541612 -0.576354 -1.138364
-0.608582 -0.719182 -2.262710
-0.589103 -0.418804 -0.733036
-0.728774 -0.422137 -1.867468
-0.832197 -0.135379 -0.945151
-0.954786 -0.151494 -2.023047
-1.024519 0.020815 -0.509465
-1.386260 -0.000276 -1.663529
-1.398629 0.250684 -0.359071
-1.473257 0.369988 -1.735012
-1.263196 0.506407 -0.200666
-1.271045 0.527350 -1.470193
-1.085107 0.733064 -0.443651
-1.074262 0.823962 -1.502142
-0.919892 0.991946 -0.116223
-0.983141 0.880858 -1.025980
-0.829436 1.073661 0.064875
-0.765910 0.924886 -0.935151
-0.675443 0.991066 0.511381
-0.797187 0.591105 -0.400969
-0.776196 0.906575 0.533397
-0.555557 0.775651 0.082367
-0.551439 0.892601 0.761997
-0.433316 0.721756 0.324226
-0.493334 0.793731 0.515712
-0.261285 -0.385481 -0.608901
-0.333377 -0.328418 -0.775878
-0.393510 -0.381559 -1.259612
-0.346073 -0.331753 -0.998511
-0.537173 -0.553348 -1.460605
-0.508776 -0.440950 -1.171596
-0.661676 -0.612033 -2.137715
-0.565584 -0.385844 -1.221817
-0.823397 -0.450372 -1.854611
-0.743126 -0.107184 -1.421353
-0.845986 -0.193321 -2.157430
-0.836512 0.051463 -1.328236
-0.956040 -0.062012 -1.532052
-0.885126 0.180388 -1.063969
-1.110859 0.243579 -1.299535
-1.177649 0.374470 -0.758889
-1.265620 0.432629 -1.086918
-1.079025 0.620533 -0.396988
-1.172500 0.639901 -1.206391
-1.018776 0.877284 -0.344684
-0.956299 0.852320 -0.998517
-0.853266 1.185833 0.053575
-0.855317 1.089248 -0.953983
-0.800646 1.387618 0.131206
-0.669883 0.738374 -0.025353
-0.742337 1.926873 2.004181
-0.790977 1.833921 0.809533
-0.833890 2.060315 1.755068
-0.783739 1.941504 1.300612
-0.736617 1.972516 1.723532
-0.724336 1.745333 1.298459
-0.686823 1.461530 1.195304
-0.267142 -0.501895 -0.876660
-0.304996 -0.561712 -0.890586
-0.284064 -0.770222 -1.216405
-0.328559 -0.730305 -1.059099
-0.443321 -1.007967 -2.010497
-0.400249 -0.820500 -1.027991
-0.507938 -1.038960 -2.285060
-0.552580 -0.759068 -1.365212
-0.682724 -1.173555 -3.147873
-0.656357 -0.510786 -1.036042
-0.725023 -0.814457 -2.772288
-0.911073 -0.276757 -1.656816
-0.929558 -0.741550 -3.200742
-0.898195 -0.051190 -0.899415
-0.987402 -0.350815 -2.084438
-0.963712 0.201234 -0.736813
-0.899812 0.044887 -1.717702
-0.990809 0.382993 -0.321273
-1.098429 0.443456 -1.248556
-1.003489 0.736464 -0.405295
-0.912099 0.760112 -1.262479
-0.842369 0.983777 -0.169173
-0.913485 0.843675 -1.051682
-0.854937 1.094603 0.096311
-0.809049 0.882424 -0.657851
-0.829269 0.951855 0.337192
-0.933382 0.652409 -0.229286
-1.028067 0.892963 0.535925
-0.840113 0.825579 0.470156
-0.822803 1.145612 0.697259
-0.664895 0.885011 0.561327
-0.641864 1.055611 0.848728
-0.137726 -0.454183 -0.626799
-0.232227 -0.424270 -0.670385
-0.272473 -0.543724 -1.425475
-0.258157 -0.462064 -0.557180
-0.448184 -0.735484 -1.726007
-0.459780 -0.605512 -0.666044
-0.689060 -0.944608 -3.023125
-0.478446 -0.428517 -0.647925
-0.903032 -0.753020 -3.131986
-0.797796 -0.175975 -0.974016
-1.088995 -0.734346 -3.880700
-0.843096 0.041928 -0.903818
-1.147650 -0.448816 -3.013615
-1.029084 0.305406 -1.054896
-0.962979 -0.082852 -2.478847
-1.005991 0.379756 -0.253963
-0.989525 0.278573 -1.740672
-0.946261 0.652524 -0.130065
-0.978280 0.670130 -1.670853
-1.034708 0.948251 0.155406
-1.014630 0.950100 -1.418788
-0.915418 1.310685 0.279797
-0.799775 1.218070 -1.195120
-0.823973 1.563900 0.891211
-0.741663 0.998469 -0.558287
-0.851281 1.828022 1.392980
-0.774581 1.717887 0.372645
-0.862146 2.240735 1.961067
-0.802090 2.059171 0.976933
-0.822568 2.231532 1.455534
-0.767391 1.964624 1.209865
-0.680590 1.691568 0.938142
-0.024412 -0.635638 -0.924666
-0.059922 -0.707292 -0.675455
-0.103943 -0.950023 -1.259307
-0.113338 -0.840685 -0.589988
-0.337326 -1.187495 -2.166006
-0.149428 -0.891078 -0.359287
-0.542149 -1.092472 -2.507371
-0.346744 -0.696156 -0.625811
-0.840846 -1.369886 -3.854952
-0.320854 -0.511033 -0.385960
-0.843183 -1.199480 -3.532060
-0.681689 -0.518252 -0.850653
-1.114833 -1.429962 -4.499822
-0.677278 -0.168823 -0.488403
-0.806422 -0.864542 -3.148369
-0.739993 -0.009290 -0.314146
-0.745275 -0.376855 -2.859673
-0.635793 0.352444 0.144459
-0.658159 0.276794 -2.012411
-0.677549 0.764675 0.123496
-0.763086 0.767002 -1.764484
-0.681170 1.014136 0.475964
-0.724590 0.692132 -1.451384
-0.690346 1.017730 0.444784
-0.594610 0.815769 -0.731831
-0.616615 0.978660 0.686006
-0.673325 0.583265 -0.324574
-0.780092 0.986551 0.772893
-0.719571 0.909440 0.226193
-0.797072 1.285271 0.844603
-0.776133 1.116872 0.488381
-0.773499 1.177144 0.565989
-0.014770 -0.622771 -0.458958
-0.097255 -0.619206 -0.436726
-0.095525 -0.773365 -0.918083
-0.060768 -0.638265 -0.348994
-0.338088 -0.673043 -1.040759
-0.309441 -0.598011 -0.124033
-0.594551 -0.751223 -2.050957
-0.336063 -0.449675 -0.418018
-0.876515 -0.547679 -1.933841
-0.638942 -0.254770 -0.552935
-1.143274 -0.767001 -3.156036
-0.638440 -0.163594 -0.822249
-1.183215 -0.529406 -2.178335
-0.807138 0.170820 -0.559498
-1.056784 -0.276195 -2.254212
-0.727447 0.305606 -0.431579
-0.885814 0.002582 -1.631498
-0.792596 0.556223 0.146833
-0.801869 0.473294 -1.389802
-0.760351 0.801835 0.075291
-0.715082 0.587512 -1.188660
-0.632524 1.218070 1.171947
-0.607907 0.960339 -0.831021
-0.553717 1.337230 0.820003
-0.523848 0.741605 -0.271901
-0.577259 1.523263 1.843587
-0.543990 1.023097 0.475289
-0.650595 1.778990 1.723457
-0.699652 1.764187 0.580787
-0.703214 1.904252 1.351494
-0.776262 1.849903 0.946762
-0.695339 1.587572 1.007693
0.163091 -0.757687 -0.518705
0.200065 -0.849111 -0.483813
0.226901 -1.042465 -0.565580
0.255519 -0.951780 -0.290322
0.127238 -1.064996 -1.001532
0.156445 -0.914108 -0.121446
-0.093786 -0.709146 -1.082900
-0.034632 -0.594402 -0.446365
-0.415087 -0.839648 -1.900618
-0.298615 -0.416291 -0.494902
-0.626927 -0.630490 -1.556091
-0.380513 -0.388101 -0.675520
-0.818561 -0.954136 -2.537936
-0.537380 -0.254103 -0.451519
-0.833296 -0.593706 -1.960278
-0.673824 -0.124243 -0.424884
-0.713845 -0.483523 -2.115530
-0.626299 0.136194 -0.077436
-0.652776 -0.005547 -1.599686
-0.572282 0.449400 0.032589
-0.532383 0.313710 -1.245052
-0.504965 0.597053 0.310921
-0.499804 0.386142 -1.107785
-0.579960 0.692257 0.543741
-0.500805 0.578291 -0.464613
-0.593299 0.693884 0.606447
-0.701116 0.647400 -0.047041
-0.820919 0.747980 0.609978
-0.808054 0.735382 0.233298
-0.872042 0.851753 0.565679
-0.887828 0.814696 0.353061
-0.783717 0.932534 0.471705
0.307886 -0.740756 -0.271977
0.270876 -0.830540 -0.144050
0.377536 -0.918462 -0.600206
0.365845 -0.852329 0.011459
0.235899 -0.762956 -0.645195
0.147371 -0.671480 0.122288
-0.062678 -0.546769 -1.092167
0.000610 -0.477503 0.040998
-0.228558 -0.374889 -0.916890
-0.209791 -0.228909 0.060741
-0.469017 -0.273263 -1.404544
-0.259233 -0.274518 -0.205333
-0.586143 -0.181274 -1.174046
-0.358202 -0.068699 0.065288
-0.609663 -0.074551 -1.359225
-0.431468 0.050851 0.040219
-0.608120 0.100441 -1.230389
-0.457384 0.350322 0.350602
-0.536806 0.319822 -1.152072
-0.444079 0.504414 0.435670
-0.399981 0.436359 -1.008416
-0.394557 0.779328 0.714939
-0.422998 0.626931 -0.877145
-0.435017 0.936103 1.174232
-0.463524 0.797784 -0.475810
-0.565201 1.005613 0.976308
-0.552040 0.918831 -0.161326
-0.680532 1.136763 1.087746
-0.666762 1.202030 0.362303
-0.738014 1.282963 0.946095
-0.760349 1.205736 0.497180
-0.650979 1.085050 0.556901
0.549657 -0.997807 -0.288610
0.601519 -1.173311 -0.094285
0.676618 -1.276906 -0.412260
0.610771 -1.166781 0.211347
0.542648 -1.132082 -0.770710
0.441351 -0.964632 0.426980
0.327392 -0.783032 -0.750969
0.166768 -0.615635 0.202657
-0.029008 -0.565703 -1.211187
0.009265 -0.368974 -0.132650
-0.019893 -0.446702 -0.899371
0.004025 -0.327607 -0.079203
-0.143319 -0.479435 -1.151232
-0.094419 -0.256631 -0.087394
-0.256059 -0.305348 -0.999486
-0.263587 -0.083248 0.031662
-0.375243 -0.147642 -1.138756
-0.341940 0.152527 0.130208
-0.343303 0.093699 -0.887463
-0.338052 0.298385 0.223185
-0.283832 0.273663 -0.798597
-0.248122 0.461040 0.488827
-0.206801 0.289599 -0.788780
-0.299492 0.429592 0.532999
-0.327902 0.403937 -0.736406
-0.505093 0.532927 0.569253
-0.584463 0.455499 -0.314141
-0.681863 0.521263 0.374315
-0.707452 0.545934 -0.113207
-0.796222 0.605161 0.308902
-0.778348 0.575176 0.190293
-0.622821 0.569467 0.249457
0.548579 -1.058001 -0.063118
0.585975 -1.178834 0.055198
0.716077 -1.247530 -0.233870
0.653345 -1.109319 0.191936
0.558510 -0.986169 -0.393710
0.441041 -0.842427 0.181932
0.353444 -0.637371 -0.633103
0.256401 -0.497670 0.117908
0.173538 -0.361283 -0.727909
0.160406 -0.306591 -0.041717
0.212507 -0.328633 -0.801166
0.277797 -0.237790 -0.152005
0.290657 -0.192510 -0.789208
0.218497 -0.149083 -0.144233
0.184119 -0.177871 -0.794357
0.062966 -0.016934 -0.110189
-0.040752 -0.024684 -0.629850
-0.179101 0.119630 -0.033963
-0.247924 0.065986 -0.574027
-0.255786 0.316233 0.021285
-0.213982 0.231593 -0.441067
-0.213095 0.428143 0.244888
-0.220027 0.319811 -0.560118
-0.248222 0.516117 0.407123
-0.279576 0.488847 -0.591810
-0.350511 0.675736 0.499659
-0.406845 0.615248 -0.473725
-0.509069 0.753145 0.406658
-0.563671 0.710939 -0.279348
-0.585262 0.723154 0.223478
-0.610944 0.638536 -0.017318
-0.491299 0.614999 0.079027
0.708464 -1.352345 -0.040247
0.833182 -1.508811 0.047214
0.895170 -1.646824 -0.073005
0.876571 -1.526180 0.302490
0.826154 -1.488700 -0.361154
0.656307 -1.216261 0.503362
0.561284 -0.903487 -0.411891
0.451933 -0.683290 0.230105
0.411438 -0.535343 -0.599428
0.375212 -0.344933 -0.251533
0.483759 -0.447171 -0.674858
0.565209 -0.311425 -0.294885
0.670596 -0.455111 -0.852866
0.619310 -0.292652 -0.400179
0.648906 -0.297718 -0.841951
0.479265 -0.044507 -0.279663
0.450539 -0.036665 -0.785657
0.185694 0.115294 -0.363428
0.031864 0.134233 -0.558848
-0.081484 0.259022 -0.127878
-0.087545 0.239202 -0.362179
-0.110577 0.283911 -0.071196
-0.205173 0.271620 -0.427264
-0.262165 0.338273 0.144486
-0.297210 0.316567 -0.496774
-0.354684 0.363062 0.183955
-0.438401 0.326395 -0.443056
-0.486299 0.371187 0.059153
-0.518923 0.352356 -0.478916
-0.584078 0.345851 0.056905
-0.630697 0.367159 -0.141504
-0.490049 0.349991 -0.003289
0.595926 -1.272051 0.133686
0.701121 -1.375307 0.228453
0.786932 -1.381388 -0.135920
0.795197 -1.224083 0.370147
0.659548 -1.098975 -0.271233
0.579956 -0.934452 0.238261
0.481810 -0.725815 -0.595973
0.443724 -0.545255 -0.008923
0.458736 -0.374757 -0.669389
0.594891 -0.291184 -0.184546
0.719807 -0.261698 -0.854376
0.822531 -0.257924 -0.316833
0.857504 -0.267276 -0.947161
0.841558 -0.181501 -0.288806
0.847393 -0.172539 -0.946099
0.830787 -0.068812 -0.312949
0.746755 -0.014117 -0.746598
0.518151 0.099137 -0.363685
0.392631 0.142174 -0.656906
0.282159 0.266494 -0.383461
0.155467 0.219496 -0.335002
-0.030640 0.240089 -0.274862
-0.157804 0.207448 -0.402468
-0.150900 0.290224 -0.041753
-0.176823 0.344768 -0.346031
-0.164336 0.473948 0.078149
-0.186685 0.491406 -0.578009
-0.210775 0.558038 0.104402
-0.285478 0.536488 -0.361425
-0.342250 0.487091 0.021222
-0.364198 0.442650 -0.182215
-0.340218 0.429224 -0.040138
0.773048 -1.476714 0.069330
0.908953 -1.611112 0.294044
1.025537 -1.759404 -0.049703
0.994121 -1.616897 0.587621
0.938292 -1.596529 -0.542552
0.815093 -1.296490 0.871191
0.761134 -0.996153 -0.481130
0.745851 -0.797594 0.425328
0.717684 -0.607244 -0.771663
0.726961 -0.432700 -0.004503
0.866324 -0.433020 -0.895207
0.947847 -0.387245 -0.368364
0.978488 -0.456115 -1.201792
0.964369 -0.325237 -0.195657
1.018075 -0.266761 -1.049518
1.045843 -0.118028 -0.455317
0.956933 -0.056581 -1.216746
0.881928 0.095960 -0.425119
0.816719 0.114987 -0.934751
0.767546 0.279315 -0.441980
0.646988 0.235518 -0.676179
0.472171 0.298829 -0.317952
0.249189 0.304639 -0.369925
0.117349 0.340406 -0.141265
0.042020 0.363976 -0.354466
-0.016827 0.403716 -0.043342
-0.092140 0.394624 -0.203466
-0.163637 0.366389 -0.101373
-0.253511 0.398513 -0.252982
-0.340241 0.362035 -0.054678
-0.392246 0.359906 -0.131391
-0.313957 0.349486 -0.028090
0.445639 -1.195583 0.155772
0.580559 -1.272350 0.245365
0.586932 -1.280506 0.078466
0.599157 -1.108328 0.246855
0.464426 -1.025750 -0.044207
0.507554 -0.903134 0.096925
0.460127 -0.697647 -0.288930
0.504751 -0.489899 -0.170686
0.534761 -0.353015 -0.637164
0.690619 -0.280813 -0.522659
0.785984 -0.224821 -0.905551
0.933438 -0.195328 -0.638957
0.984669 -0.169962 -1.111405
1.034570 -0.207291 -0.721103
1.079792 -0.125399 -1.028903
1.150483 -0.113512 -0.533765
1.137726 0.102918 -1.119123
1.022029 0.164850 -0.516313
0.967702 0.284939 -0.820784
0.925655 0.322124 -0.395800
0.885512 0.366296 -0.692946
0.776074 0.335447 -0.412253
0.640194 0.350450 -0.369125
0.546736 0.321107 -0.159307
0.379029 0.327496 -0.199461
0.252666 0.339473 -0.079874
0.098927 0.323112 -0.220340
-0.009492 0.390623 -0.107152
-0.156985 0.429009 -0.276991
-0.214821 0.389749 -0.205227
-0.272238 0.364902 -0.150732
-0.238496 0.326215 -0.176399
0.735938 -1.333336 0.160805
0.822501 -1.452330 0.223464
0.916342 -1.582592 0.219987
0.961644 -1.364673 0.304062
0.912727 -1.339948 0.019745
0.809110 -1.081641 0.468707
0.683764 -0.938213 -0.022497
0.700975 -0.741366 0.150551
0.649424 -0.626417 -0.268350
0.706873 -0.512119 -0.258313
0.800129 -0.513359 -0.586400
0.900134 -0.424060 -0.598628
0.971625 -0.461876 -0.897048
1.044932 -0.441329 -0.579711
1.163788 -0.362061 -1.046229
1.156631 -0.176107 -0.740386
1.082424 -0.085574 -0.991452
0.999615 0.070937 -0.556696
1.016155 0.097604 -0.981199
0.948288 0.232624 -0.608575
0.837097 0.205429 -0.748395
0.703582 0.261225 -0.598556
0.595506 0.137356 -0.560683
0.488891 0.175497 -0.456688
0.363125 0.103740 -0.445524
0.223052 0.217674 -0.344865
0.076629 0.247037 -0.294027
-0.054563 0.359628 -0.258135
-0.197442 0.403979 -0.238007
-0.331673 0.385008 -0.145545
-0.400014 0.432022 0.006637
-0.318963 0.390884 -0.093555
0.265665 -0.939600 -0.010781
0.392604 -1.021880 0.049765
0.373618 -0.977897 -0.212432
0.516755 -0.955959 0.104695
0.466191 -0.787892 -0.169634
0.603972 -0.689338 0.068837
0.638632 -0.500475 -0.289296
0.684919 -0.354179 -0.134107
0.677880 -0.313881 -0.404112
0.761187 -0.254109 -0.539620
0.715446 -0.221198 -0.773787
0.816901 -0.215155 -0.768022
0.857474 -0.281376 -0.902311
1.014057 -0.297486 -0.879865
1.001583 -0.268320 -1.027483
1.043390 -0.181936 -0.670909
1.042262 -0.019549 -0.851079
1.064373 0.071244 -0.725882
0.948020 0.129541 -0.869532
0.870027 0.212838 -0.579479
0.829944 0.233524 -0.617072
0.804643 0.234000 -0.594615
0.672855 0.133165 -0.577848
0.555649 0.088192 -0.423400
0.372139 0.036920 -0.252558
0.277411 0.104687 -0.258304
0.158095 0.130375 -0.204427
0.052250 0.326777 -0.169906
-0.095362 0.380183 -0.092396
-0.215097 0.389826 -0.221217
-0.257951 0.433583 -0.147877
-0.198628 0.372440 -0.266271
0.544490 -0.826222 0.089435
0.533740 -0.928225 0.263821
0.739345 -1.028948 0.085312
0.672637 -0.891516 0.378860
0.701686 -0.790876 -0.032424
0.672522 -0.660284 0.427979
0.695784 -0.590720 0.011726
0.680421 -0.462759 0.188874
0.726698 -0.331158 -0.215566
0.688951 -0.294637 -0.033963
0.715098 -0.308797 -0.274612
0.711109 -0.277253 -0.405934
0.777421 -0.299993 -0.645233
0.816737 -0.292379 -0.532782
0.955734 -0.324384 -0.683909
0.980437 -0.184656 -0.595018
0.935040 -0.112518 -0.740230
0.849977 0.020392 -0.513929
0.894197 -0.026243 -0.719674
0.870597 0.132449 -0.578373
0.762062 0.130188 -0.641572
0.651504 0.197500 -0.552212
0.568019 0.031156 -0.565016
0.421250 0.059831 -0.510630
0.248527 -0.034507 -0.447814
0.129894 0.065207 -0.331423
0.121191 0.073802 -0.304565
0.103837 0.252011 -0.266803
0.065811 0.331166 -0.215682
-0.049669 0.357022 -0.138044
-0.154010 0.397166 -0.026620
-0.065579 0.330244 -0.149921
