0.829548 -0.590382 -0.606216
0.671191 -0.410107 -0.345567
0.670094 -0.493840 -0.159156
0.344569 0.319306 -0.307865
0.471695 -0.278105 0.342770
0.672169 0.435186 0.046670
0.429836 0.087975 0.505824
0.447316 0.505394 0.318455
0.678204 0.300960 0.038567
0.377435 0.473708 0.287249
0.228211 0.193184 0.579327
0.499634 0.132890 0.433589
0.121928 0.191761 0.611221
0.706717 -0.065753 0.604239
0.334736 0.358226 0.548913
0.852161 -0.690648 -0.333012
0.611525 -0.547074 -0.526593
0.704745 -0.583479 -0.157336
0.096752 0.362859 -0.009527
-0.189801 0.187096 -0.310280
0.633385 -0.283501 0.141713
0.622704 0.440032 0.222023
0.649973 0.111313 -0.251566
0.303523 -0.150128 -0.526415
0.287185 -0.150074 0.617109
0.821814 -0.143394 0.551569
-0.007370 0.502815 0.078233
0.696645 -0.349673 0.216158
-0.461087 0.278502 0.009802
0.582934 -0.540231 -0.149483
-0.437026 -0.030087 -0.327661
0.467720 -0.182946 -0.424323
0.552987 0.179976 -0.353872
0.685072 -0.285613 -0.393708
0.701634 -0.111022 -0.355301
0.692322 0.278711 0.036240
0.796054 -0.549555 -0.299171
0.522807 0.030860 -0.443996
0.892622 0.088090 0.600666
0.189796 0.240665 -0.474743
0.139945 0.224517 0.405984
0.467465 0.280516 0.463117
0.332801 -0.322777 0.469715
0.326065 -0.403531 -0.500961
0.036518 -0.182271 -0.422471
0.353569 -0.527746 -0.378593
-0.504452 -0.400513 0.384940
0.878366 0.187438 0.696574
-0.108839 0.129184 -0.355062
0.854804 -0.047915 0.641514
0.779433 -0.269670 -0.052545
0.553928 0.275410 -0.015638
0.532425 0.377548 0.458501
0.096411 -0.159494 0.670667
0.054810 -0.212272 0.547873
0.743117 -0.148723 0.341173
0.870005 -0.363038 -0.537727
0.615901 0.495441 0.487846
-0.431513 0.183246 -0.216097
0.637494 -0.069565 -0.262160
-0.280263 -0.090574 -0.282112
0.096475 0.362909 -0.372106
-0.252902 -0.496054 0.218705
0.263508 -0.504037 0.093340
0.084063 -0.582430 -0.290595
0.613224 -0.327302 -0.523010
-0.075487 0.235739 0.403648
0.496171 0.036044 0.630844
0.340413 0.474842 0.436654
-0.082349 0.097308 0.590283
0.697113 0.440077 0.450744
0.653354 -0.129703 -0.307570
-0.191043 -0.031677 0.475942
0.828746 -0.070135 0.511761
0.661160 0.261553 -0.311650
0.558727 -0.289409 -0.296098
0.736115 -0.083064 0.497961
0.518966 -0.498231 -0.325488
0.393337 -0.193201 0.508957
0.467217 0.495085 0.216361
0.359046 -0.613176 -0.132371
-0.406765 -0.191051 0.439565
0.632524 0.079572 -0.208491
-0.461264 -0.007170 0.339366
0.538818 -0.681823 -0.317319
0.310773 -0.209708 -0.420150
0.617386 -0.529388 -0.328382
0.705162 -0.387013 -0.313449
-0.162979 0.363785 0.006928
0.797930 -0.161009 -0.440138
-0.530979 -0.252738 0.372815
0.669870 -0.343932 -0.119384
0.422455 0.180946 0.552763
-0.141936 -0.015271 0.387907
0.844183 0.094886 0.483719
0.891593 -0.077709 0.616704
0.081367 -0.660401 -0.034572
0.654026 0.042164 -0.559219
0.559315 -0.452187 -0.107154
0.031508 -0.323180 -0.361762
-0.209717 0.058842 0.371442
0.205818 0.486888 0.341404
0.800297 -0.389575 -0.490151
0.375918 -0.127290 0.597751
0.595721 -0.190970 -0.445353
0.547358 0.321828 -0.267672
-0.079400 0.361645 0.249854
0.202483 0.418446 -0.244833
0.546504 -0.081588 0.466282
0.541759 -0.169285 -0.547691
-0.342827 0.352277 0.210586
0.536618 -0.376463 -0.436102
0.636899 -0.137542 0.383285
0.675505 0.183223 0.519437
0.768438 -0.547971 -0.280029
-0.498937 -0.141607 -0.223347
0.117197 -0.394154 0.597550
0.694796 -0.230731 -0.452646
0.666619 0.023503 -0.394423
-0.306121 0.188601 -0.175622
0.513773 -0.395420 0.044673
0.371615 -0.376057 0.249615
0.528680 -0.528863 -0.527757
0.554608 0.360907 0.157331
0.633511 -0.091037 -0.106026
0.645697 0.446957 0.224017
0.561938 -0.089871 -0.427325
0.675735 0.335291 0.602113
0.659096 -0.606345 -0.318247
-0.463369 0.021400 -0.210063
0.612613 0.233792 -0.135102
0.218337 -0.643656 -0.430202
-0.058112 0.373875 -0.195858
0.785874 0.546291 0.470552
-0.129640 -0.300362 -0.306893
0.575139 -0.066204 0.521432
0.732649 0.247235 0.461949
0.051886 0.343353 0.470901
-0.129306 -0.367680 -0.273973
0.388939 0.447249 -0.079994
0.740236 -0.393719 -0.640496
-0.161355 0.241236 -0.271797
-0.274489 -0.211486 0.477977
0.176245 0.021989 -0.453716
0.624300 0.075018 0.639246
0.519362 -0.208493 0.209770
-0.229329 -0.233074 -0.295153
-0.134619 -0.132775 0.493136
-0.177288 0.249866 0.238653
0.464193 0.452674 0.044896
0.717671 -0.309027 -0.277874
0.678361 0.330696 -0.094765
0.518416 0.105149 -0.347778
0.540118 -0.176336 -0.555931
0.090395 -0.208827 -0.403562
0.227700 -0.003250 0.560054
0.537866 0.360607 0.363759
-0.382038 0.295411 -0.064299
0.890378 -0.716812 -0.469914
-0.008357 -0.013992 0.553270
-0.520501 -0.285513 -0.263855
0.727515 -0.136003 -0.465569
0.629844 0.165173 0.012564
0.603965 0.141967 0.573271
0.477372 0.318536 -0.325358
0.666103 0.352347 0.065872
0.680410 -0.384358 -0.218369
0.365274 0.318654 -0.114804
0.620598 0.229664 0.232385
0.085369 -0.458979 -0.336190
0.776334 0.347535 0.359123
-0.044346 0.078503 0.451206
0.301405 0.039369 0.689329
0.558608 0.477208 0.278476
0.689564 -0.275325 -0.479011
0.535087 0.467831 0.551893
0.723214 0.282467 0.177128
0.856320 -0.258218 -0.392691
0.206560 -0.680912 -0.168832
0.516121 -0.041581 0.410351
0.715884 0.428658 0.237736
0.288550 0.458529 -0.000723
0.469489 0.463492 0.104022
0.677675 0.136145 -0.183451
0.337401 -0.043613 0.526910
0.568081 -0.499459 -0.277690
0.639388 0.307535 -0.077193
-0.319646 0.066255 -0.279132
0.702460 0.051538 0.422639
0.296380 -0.031800 -0.514538
0.186333 0.129764 -0.501829
0.659248 0.065750 -0.294700
0.743387 -0.594238 -0.460686
0.479981 0.167001 -0.509931
-0.274526 0.060133 0.424024
0.637825 0.007331 0.542017
0.777531 -0.420024 -0.440004
0.494740 -0.589748 -0.147257
-0.149713 -0.595098 -0.133618
0.725711 0.006660 -0.387397
0.899531 0.360578 0.463425
0.308007 0.503846 0.109111
0.823194 0.469105 0.314103
0.058316 0.018022 0.510368
0.791675 -0.640840 -0.410879
0.841373 0.487140 0.573555
-0.204718 0.002160 -0.320231
0.730434 0.214978 0.582609
-0.133530 -0.242021 0.478812
0.872731 -0.558201 -0.386951
0.532527 0.435352 0.015715
0.689525 0.391617 0.293692
0.585775 0.357415 -0.134891
0.784193 0.230381 0.706610
-0.156207 0.138431 0.362744
-0.050613 -0.507442 -0.321398
0.078034 0.202261 -0.361786
0.625557 -0.037248 -0.428064
0.011141 0.056313 -0.429152
0.849297 0.393486 0.622606
-0.012663 -0.055313 -0.334335
-0.073683 0.279091 0.332476
-0.618993 0.021778 -0.251252
0.120860 -0.410427 0.376397
-0.386817 -0.160223 0.501903
0.761451 -0.002667 0.427127
0.190780 -0.704978 -0.240269
-0.382135 -0.189209 -0.280041
0.757655 -0.169626 0.440149
0.538399 -0.648380 -0.455935
0.751334 0.372295 0.379548
0.778996 -0.212271 -0.549207
-0.305338 -0.486819 -0.157253
-0.118399 -0.163208 -0.348292
0.303399 -0.375565 -0.406789
0.684419 -0.224060 -0.308985
-0.071786 -0.415006 0.300750
0.340129 0.384666 0.342135
-0.321549 -0.266207 -0.217454
-0.236917 0.208093 -0.099217
0.417678 0.185129 -0.425063
-0.322136 -0.277677 0.377999
0.410381 -0.677385 -0.171193
0.733164 0.488656 0.392694
-0.388569 -0.375725 -0.249279
0.466853 0.258924 0.673803
-0.262790 0.139104 0.322384
0.635062 -0.396532 -0.156407
0.161763 -0.249471 -0.358383
-0.496103 -0.421506 -0.081853
-0.121929 -0.461768 -0.263817
0.817221 -0.604099 -0.320910
-0.120180 -0.644284 -0.285939
-0.008126 0.426880 0.323138
0.449476 0.390108 -0.123099
0.037574 -0.301101 0.424489
-0.416531 -0.371334 -0.049368
-0.472918 -0.224258 0.251172
-0.596740 -0.201921 0.010202
-0.516560 -0.170300 0.197412
-0.579926 -0.200708 0.105379
-0.530118 -0.232138 0.113374
-0.552392 -0.267605 -0.005148
-0.495601 -0.215183 0.264670
-0.517439 -0.259232 -0.010389
-0.405669 -0.217298 0.211285
-0.325936 -0.214341 -0.221883
-0.198094 -0.044164 0.437395
-0.257807 -0.015992 -0.313028
-0.185567 0.125801 0.446930
-0.229362 0.096582 -0.428575
-0.254347 0.265266 0.412482
-0.409227 0.150564 -0.315529
-0.395078 0.196206 0.149099
-0.428089 0.060647 -0.207641
-0.373929 0.140897 0.214812
-0.459098 -0.016372 -0.064462
-0.422416 -0.004585 0.143819
-0.429313 -0.084398 -0.140284
-0.375539 -0.055798 0.295350
-0.401447 -0.136359 -0.077082
-0.383249 -0.105537 0.168185
-0.372626 -0.103267 -0.214975
-0.394033 -0.016006 0.301177
-0.440500 0.004732 -0.194503
-0.459579 0.045574 0.219579
-0.381649 0.076217 -0.257070
-0.253349 0.161464 0.168841
-0.641935 -0.395938 0.023855
-0.698208 -0.343089 0.266333
-0.829476 -0.428203 0.188658
-0.781019 -0.368329 0.281107
-0.754559 -0.400072 0.060357
-0.736505 -0.375781 0.362908
-0.735026 -0.466570 0.154516
-0.659826 -0.424395 0.272445
-0.577314 -0.467456 0.051931
-0.468545 -0.349025 0.358075
-0.457488 -0.377425 0.065446
-0.282236 -0.194246 0.307195
-0.271444 -0.187823 -0.171944
-0.208906 -0.018088 0.470067
-0.328223 -0.084287 -0.164288
-0.299221 0.078001 0.362797
-0.375049 0.004878 -0.091679
-0.351523 0.119734 0.229105
-0.473275 -0.055398 -0.060001
-0.431086 0.000033 0.126083
-0.478856 -0.130419 -0.083127
-0.476793 -0.056852 0.209337
-0.529972 -0.180109 -0.003587
-0.534403 -0.173217 0.156537
-0.537378 -0.197112 -0.092840
-0.554086 -0.101412 0.184597
-0.518630 -0.113598 -0.086369
-0.581220 -0.030237 0.170018
-0.589141 0.011456 -0.216790
-0.658103 0.093594 0.187617
-0.588517 0.053197 -0.021914
-0.390967 0.089558 0.116588
-0.633242 -0.398808 0.145768
-0.730691 -0.343743 0.231172
-0.854999 -0.352099 0.156321
-0.786795 -0.277449 0.303928
-0.816187 -0.288178 0.202885
-0.708205 -0.292330 0.199576
-0.736134 -0.343893 0.076216
-0.638916 -0.319215 0.317833
-0.669851 -0.339295 0.098622
-0.453651 -0.257182 0.178013
-0.436936 -0.229591 -0.119770
-0.255881 -0.066620 0.321783
-0.331544 -0.031412 -0.123336
-0.236570 0.139158 0.222182
-0.417147 0.146311 -0.189795
-0.408013 0.281275 0.153929
-0.598251 0.229575 -0.017339
-0.590874 0.364766 0.139535
-0.737245 0.287570 0.234741
-0.693494 0.328632 0.227295
-0.768793 0.258175 0.272594
-0.678043 0.219499 0.202324
-0.669925 0.099904 0.016740
-0.611863 0.055897 0.147174
-0.607721 -0.011590 0.009391
-0.586748 -0.005767 0.029618
-0.541374 -0.043211 -0.175069
-0.540074 0.062203 0.095660
-0.543313 0.078297 -0.128754
-0.560012 0.131372 0.007221
-0.526402 0.096282 -0.112859
-0.427626 0.206903 0.030786
-0.788196 -0.548372 0.083499
-0.904822 -0.602414 0.328628
-0.962103 -0.662367 0.275282
-0.950049 -0.577665 0.368109
-0.872899 -0.593363 0.124342
-0.878992 -0.556751 0.496427
-0.847191 -0.632035 0.149551
-0.876091 -0.604327 0.320048
-0.805377 -0.612543 -0.066404
-0.812372 -0.520331 0.371074
-0.802160 -0.508778 -0.130977
-0.733208 -0.317556 0.228438
-0.647309 -0.348905 -0.364060
-0.629503 -0.112198 0.310984
-0.682668 -0.194346 -0.234805
-0.629453 0.000626 0.141931
-0.524708 -0.107990 -0.223116
-0.511894 0.068485 0.122698
-0.411490 -0.032423 -0.038675
-0.419342 0.169877 0.127267
-0.351379 0.057882 -0.000833
-0.442477 0.121926 0.330409
-0.462278 -0.033360 -0.035475
-0.525793 -0.006791 0.272439
-0.508107 -0.094213 -0.068379
-0.478957 -0.038201 0.252872
-0.465065 -0.057101 -0.070757
-0.471374 0.022457 0.151723
-0.472067 0.088540 -0.168212
-0.490166 0.136813 0.139892
-0.500550 0.095583 -0.069249
-0.381353 0.130914 0.130957
-0.740867 -0.637490 0.297357
-0.857650 -0.646252 0.370962
-0.980328 -0.669236 0.362243
-1.009890 -0.594762 0.510513
-1.066684 -0.588299 0.429107
-1.024232 -0.570080 0.313343
-1.038946 -0.577717 0.189361
-1.051566 -0.515538 0.293109
-1.121119 -0.518860 0.054377
-1.060627 -0.490445 0.041431
-1.068090 -0.449871 -0.269655
-0.960180 -0.418111 0.168009
-0.920506 -0.374595 -0.233189
-0.796985 -0.147614 -0.043576
-0.890243 -0.193202 -0.277847
-0.956962 0.056065 0.155380
-0.977233 0.028762 0.021643
-1.128533 0.491808 0.533685
-1.086638 0.503430 0.473625
-1.152565 0.609011 0.557328
-1.100389 0.606643 0.486612
-0.932064 0.546504 0.511638
-0.794601 0.486450 0.224905
-0.678996 0.444384 0.326639
-0.629978 0.324250 0.091856
-0.560167 0.231213 0.128888
-0.502726 0.132330 -0.101370
-0.522889 0.174259 0.010917
-0.474650 0.185762 -0.095494
-0.468899 0.211238 -0.034485
-0.459814 0.206251 0.006078
-0.392523 0.236148 -0.012495
-0.896577 -0.804575 0.260460
-0.954155 -0.918386 0.531185
-1.079984 -1.004771 0.556187
-1.126193 -0.968031 0.605211
-1.109336 -0.959294 0.326647
-1.136170 -0.874136 0.752707
-1.177075 -0.982043 0.377716
-1.222455 -0.908721 0.398111
-1.232712 -0.891414 -0.014293
-1.329273 -0.751823 0.359017
-1.444305 -0.748038 -0.272156
-1.497454 -0.569216 0.076152
-1.476683 -0.670354 -0.702269
-1.426309 -0.381530 0.179338
-1.375544 -0.546712 -0.529378
-1.243355 -0.332945 -0.146990
-0.994691 -0.439336 -0.558266
-0.896330 -0.061335 0.070506
-0.472506 -0.128237 -0.038443
-0.669662 0.246641 0.218339
-0.445281 0.152281 0.287560
-0.613434 0.291559 0.321201
-0.603945 0.170903 0.273946
-0.682362 0.253029 0.209221
-0.611627 0.156801 0.029534
-0.651041 0.176913 0.213133
-0.541838 0.111281 -0.003197
-0.551518 0.124319 0.141884
-0.503428 0.127891 -0.078777
-0.532591 0.190201 0.139815
-0.483181 0.157137 0.013658
-0.333024 0.174694 0.162301
-0.787463 -0.783359 0.371129
-0.900059 -0.831119 0.500125
-1.028019 -0.887110 0.400872
-1.072070 -0.871841 0.743172
-1.148455 -0.820932 0.417708
-1.177807 -0.823997 0.532897
-1.177516 -0.750915 0.131371
-1.249994 -0.711063 0.478087
-1.293488 -0.690566 -0.132402
-1.335381 -0.624280 0.115059
-1.366287 -0.615380 -0.817651
-1.372113 -0.429484 0.159399
-1.333866 -0.452505 -0.860972
-1.266352 -0.191097 -0.046937
-1.117599 -0.347686 -1.003563
-1.237520 0.115835 0.469141
-1.203464 -0.024437 -0.291407
-1.549203 0.440944 0.736142
-1.255434 0.404721 0.275470
-1.470247 0.681594 0.928255
-1.324250 0.716593 0.716623
-1.243939 0.888276 0.776759
-0.958278 0.920083 0.447698
-0.836465 0.938855 0.584449
-0.721624 0.795471 0.355077
-0.696957 0.677465 0.294276
-0.614418 0.466903 0.086939
-0.617653 0.430462 0.073575
-0.506805 0.352286 -0.025402
-0.476480 0.291996 -0.079972
-0.382678 0.281784 0.014833
-0.281055 0.260522 -0.045876
-0.888995 -0.868305 0.212970
-0.949204 -1.040413 0.498147
-1.054146 -1.183167 0.426202
-1.128588 -1.164943 0.743133
-1.137184 -1.167232 0.238097
-1.144676 -1.085069 0.933608
-1.246694 -1.142695 0.309381
-1.310941 -1.057445 0.660005
-1.293282 -0.950006 -0.291426
-1.320341 -0.898203 0.623904
-1.461205 -0.793568 -0.746029
-1.498370 -0.653621 0.084380
-1.493294 -0.804151 -1.518752
-1.346539 -0.407777 0.208701
-1.284617 -0.653468 -1.178402
-1.124902 -0.220164 0.041076
-0.952175 -0.432918 -1.148605
-1.036311 0.143437 0.444112
-0.820759 -0.214537 -0.497028
-0.928540 0.292937 0.432227
-0.759739 0.183023 0.134718
-0.766713 0.448378 0.632869
-0.692005 0.253540 0.213581
-0.688361 0.469842 0.305056
-0.576544 0.354863 0.136082
-0.615419 0.425684 0.265454
-0.574655 0.316087 -0.000601
-0.613334 0.375498 0.085007
-0.492776 0.316831 -0.093344
-0.417064 0.318009 0.035563
-0.243086 0.356168 -0.067403
-0.109118 0.333188 -0.002247
-0.770794 -0.736640 0.354489
-0.878749 -0.774783 0.478773
-1.007257 -0.856583 0.396722
-1.047825 -0.814430 0.712402
-1.151115 -0.769968 0.332179
-1.166436 -0.724460 0.504930
-1.179153 -0.677606 0.060367
-1.243446 -0.614624 0.320759
-1.277257 -0.533235 -0.407443
-1.352218 -0.545220 -0.096246
-1.442071 -0.549413 -1.296250
-1.385007 -0.454809 -0.358173
-1.380313 -0.532298 -1.216455
-1.169386 -0.348936 -0.404078
-0.910980 -0.370367 -1.154417
-0.822321 -0.081733 -0.269322
-0.751978 -0.261446 -0.584854
-1.019472 0.232090 0.365302
-0.930564 0.034338 0.207597
-1.207492 0.676429 0.578427
-0.980423 0.353542 0.602731
-0.981597 1.306751 1.275454
-0.748998 1.273301 0.707122
-0.642633 1.571919 0.863111
-0.432059 1.362043 0.324033
-0.418369 1.260903 0.754890
-0.349637 0.873000 0.154764
-0.374331 0.866959 0.293038
-0.151168 0.655720 -0.134823
-0.020549 0.522591 -0.176757
0.215254 0.691164 -0.059662
0.245340 0.565077 -0.328165
-0.831964 -0.787023 0.076501
-0.895145 -0.945934 0.382183
-0.970516 -1.082827 0.276647
-1.038933 -1.111159 0.690984
-1.081695 -1.110088 0.087946
-1.118014 -1.041617 0.871466
-1.146928 -0.957441 0.145815
-1.266081 -0.843359 0.624312
-1.286974 -0.578218 -0.557818
-1.358224 -0.649248 0.251624
-1.440310 -0.641231 -1.328180
-1.449664 -0.611091 -0.474782
-1.353212 -0.935082 -2.224175
-1.173224 -0.552245 -0.118688
-1.064788 -0.812187 -1.510772
-0.964026 -0.400505 -0.292531
-0.789271 -0.674918 -1.519342
-0.759080 -0.150278 -0.143872
-0.664831 -0.464954 -0.929652
-0.681811 0.070642 -0.057672
-0.545433 0.009870 -0.291191
-0.613311 0.327191 0.108410
-0.477617 0.111513 -0.067373
-0.544822 0.387628 0.139479
-0.407204 0.228846 0.085102
-0.459823 0.571877 0.238009
-0.535876 0.401350 -0.002737
-0.597794 0.583280 0.043705
-0.360769 0.514285 -0.390118
-0.067479 0.678461 -0.314721
0.301294 0.757743 -0.342779
0.391265 0.762929 -0.420833
-0.863873 -0.471830 0.186046
-0.985462 -0.463573 0.307501
-1.068752 -0.521985 0.154605
-1.051697 -0.441076 0.328226
-1.137839 -0.406485 0.180736
-1.124717 -0.320052 0.079277
-1.064164 -0.284771 -0.141201
-1.130136 -0.251273 0.021660
-1.208360 -0.161670 -0.835497
-1.162736 -0.336846 -0.556945
-1.288839 -0.558690 -2.351739
-1.097604 -0.426947 -0.500375
-1.257667 -0.528983 -1.975107
-1.035612 -0.219591 -0.478396
-0.829012 -0.380162 -2.001053
-0.682038 -0.047865 -0.058713
-0.581253 -0.231465 -1.502831
-0.595305 0.206752 -0.125440
-0.392738 -0.207979 -1.233460
-0.738772 0.639034 0.378103
-0.554052 0.251942 -0.256602
-0.732277 1.303414 0.937036
-0.570979 1.349715 0.175992
-0.532535 1.697761 1.170356
-0.414738 1.317428 0.516998
-0.312595 1.357625 0.559762
-0.068060 0.895761 -0.330247
0.100978 1.113721 -0.319066
0.356592 1.110128 -0.727257
0.656725 0.690507 -0.638829
0.833951 1.153936 -0.828311
0.672426 1.128389 -1.167760
-0.829347 -0.435714 -0.022572
-0.977650 -0.507245 0.169686
-1.016621 -0.508292 0.073170
-1.091626 -0.522568 0.345325
-1.089891 -0.434085 -0.131971
-1.124776 -0.448491 0.449635
-1.058104 -0.338320 -0.026313
-1.100533 -0.363599 0.206134
-1.058468 -0.169585 -1.076268
-0.873306 -0.423999 -0.056168
-1.082617 -0.462284 -1.865726
-0.793519 -0.483017 -0.465459
-0.864851 -0.914145 -3.075155
-0.560267 -0.291147 0.066897
-0.516491 -0.677952 -2.199185
-0.441116 -0.187757 0.034716
-0.437131 -0.525101 -2.443901
-0.254922 0.084026 0.249776
-0.176802 -0.379398 -1.772487
-0.184477 0.249073 0.121508
-0.107469 -0.091314 -1.327786
-0.224577 0.681508 0.535822
-0.224999 0.224332 -0.407547
-0.356757 0.595383 0.338889
-0.331262 0.459398 0.103847
-0.429412 0.536242 0.230198
-0.274903 0.570013 0.317233
0.086884 0.737723 -0.227439
0.229534 1.123664 -0.339083
0.561196 0.933287 -0.830850
0.687152 1.606256 -0.900135
0.745286 1.440030 -1.126236
-0.799240 -0.306217 0.062774
-0.993976 -0.299710 0.104020
-1.061296 -0.295200 0.032430
-1.024403 -0.197613 0.104184
-1.047014 -0.250918 0.026893
-0.981775 -0.192890 0.007779
-0.878607 -0.162069 -0.177074
-0.906123 -0.207172 -0.060047
-0.964805 -0.031393 -0.467034
-0.896090 -0.269823 -0.494834
-1.044370 -0.285222 -1.808262
-0.701055 -0.263824 -0.716470
-0.884766 -0.351593 -1.364817
-0.705610 0.024553 -0.326748
-0.761460 -0.233505 -1.508172
-0.515358 0.159125 -0.042600
-0.531304 -0.150410 -0.966709
-0.405000 0.365967 0.168862
-0.310671 -0.024211 -0.844662
-0.155233 0.651903 0.118607
-0.179982 0.266857 -0.252333
-0.219725 0.978478 0.586571
-0.263742 0.389621 0.090458
-0.310685 0.978651 0.466399
-0.113307 0.635926 0.015116
0.253930 1.100635 0.233396
0.409541 1.214780 -0.629689
0.489675 1.729961 -0.832064
0.393665 3.404926 -2.123515
0.575250 2.675356 -1.590955
0.610930 3.446446 -1.921847
0.591899 2.586853 -1.966589
-0.690892 -0.270088 -0.038920
-0.842955 -0.306097 0.081510
-0.887805 -0.269867 -0.000893
-0.903690 -0.262479 0.086933
-0.860612 -0.251436 -0.142249
-0.834835 -0.211113 0.166950
-0.742271 -0.180867 0.019174
-0.685493 -0.251198 0.012034
-0.658828 -0.186690 -0.433220
-0.575659 -0.363855 -0.141404
-0.619452 -0.250376 -0.880086
-0.470717 -0.377482 -0.572921
-0.560681 -0.624278 -2.129992
-0.478827 -0.223799 -0.180724
-0.631573 -0.404226 -1.407711
-0.533788 -0.039260 -0.205420
-0.473301 -0.273660 -1.357585
-0.397943 0.145062 0.017667
-0.491617 -0.105153 -0.973668
-0.314400 0.343753 0.020750
-0.198532 0.142818 -0.753287
-0.129610 0.552552 0.070653
-0.217705 0.392282 -0.336338
-0.182335 0.563569 0.031813
-0.051898 0.574448 -0.240211
0.149757 0.710310 -0.164641
0.155826 1.008993 0.020929
0.289180 1.165315 -0.387469
0.297070 1.812763 -0.675742
0.534912 1.492374 -1.114655
0.692901 2.337458 -1.277830
0.757231 2.120587 -1.147581
-0.578592 -0.280827 -0.006857
-0.721811 -0.268444 0.117654
-0.695239 -0.286090 -0.109148
-0.650026 -0.258659 0.209270
-0.636001 -0.317317 -0.136217
-0.627075 -0.303404 0.180358
-0.531019 -0.258620 -0.217308
-0.463328 -0.229449 0.102908
-0.421532 -0.131655 -0.352217
-0.459814 -0.166751 0.122748
-0.580457 -0.046919 -1.298646
-0.394120 -0.160047 0.102618
-0.485762 -0.075502 -1.235518
-0.350134 0.117573 0.350122
-0.373095 0.081105 -1.387317
-0.274132 0.215529 0.423005
-0.349007 0.161459 -0.907632
-0.254500 0.298337 0.224148
-0.261341 0.222238 -0.625755
-0.206996 0.492094 0.098356
-0.178874 0.398023 -0.260879
-0.171684 0.605003 -0.090115
-0.157799 0.372126 -0.212120
-0.081454 0.722808 0.000111
0.214328 0.688521 -0.051822
0.399849 1.250812 -0.419345
0.175619 3.362918 -1.902210
0.169993 3.215486 -1.579482
0.217480 3.925433 -2.073030
0.473044 3.575117 -1.964017
0.562705 4.045149 -2.340146
0.519879 3.283825 -2.733862
-0.509243 -0.298236 -0.062936
-0.559467 -0.293720 0.066065
-0.482671 -0.346879 -0.049650
-0.426796 -0.333353 0.098886
-0.333261 -0.362122 -0.237666
-0.350073 -0.301351 0.232416
-0.298752 -0.279811 -0.214067
-0.273261 -0.249761 0.152448
-0.262932 -0.209147 -0.642266
-0.231863 -0.225625 0.179097
-0.273675 -0.258683 -0.789070
-0.257201 -0.198181 0.288349
-0.251650 -0.284115 -1.595479
-0.158351 -0.026433 0.393487
-0.182046 -0.099444 -1.236039
-0.193040 0.108911 0.369872
-0.245300 0.070979 -1.261287
-0.183257 0.269324 0.483024
-0.160182 0.199295 -0.814028
-0.159886 0.386203 0.107898
-0.255501 0.415700 -0.431427
-0.245415 0.565660 0.014579
-0.164469 0.564391 -0.383615
0.090205 0.680870 -0.307402
0.323466 0.842699 -0.295365
0.393271 0.699017 -0.393920
0.338776 1.306470 -0.187071
0.430329 1.426995 -0.788595
0.287386 2.554866 -1.214789
0.575431 2.242964 -1.399261
0.757438 3.103238 -1.777043
0.701195 2.759341 -1.653339
-0.456056 -0.304777 -0.014886
-0.533660 -0.259105 0.077453
-0.399855 -0.337419 -0.101698
-0.282398 -0.329638 0.172859
-0.177602 -0.397927 -0.155466
-0.118970 -0.378873 0.119362
-0.006424 -0.370111 -0.333865
0.009512 -0.328532 0.262946
0.001834 -0.288103 -0.454778
-0.036456 -0.219821 0.428447
-0.063103 -0.195440 -0.911659
-0.046343 -0.106618 0.415654
-0.085290 -0.132634 -0.928705
-0.048269 0.081427 0.589624
-0.033159 -0.029313 -1.003318
-0.026336 0.195922 0.611677
-0.074548 0.109904 -0.836264
-0.063567 0.326996 0.467160
-0.063231 0.237050 -0.610286
-0.033793 0.474950 0.379987
-0.026000 0.508929 -0.511544
0.026501 0.663251 -0.021999
0.194762 0.712695 -0.500824
0.389793 0.919548 -0.375172
0.662493 1.166046 -0.885987
0.822963 1.442423 -0.760779
0.522560 3.465922 -2.021267
0.533597 3.406060 -1.500817
0.536319 4.270682 -2.611186
0.638601 3.917112 -2.044256
0.676209 4.383493 -1.917602
0.654921 3.719476 -2.159197
-0.417153 -0.317387 -0.091125
-0.444889 -0.274945 0.022770
-0.317982 -0.402875 0.006290
-0.198993 -0.397505 -0.028107
-0.045141 -0.472193 -0.172165
0.029780 -0.410620 0.166575
0.140809 -0.417246 -0.149770
0.163242 -0.383028 0.163269
0.235206 -0.380767 -0.458034
0.206138 -0.305007 0.252151
0.240340 -0.267220 -0.617789
0.207899 -0.117487 0.273027
0.183191 -0.171822 -0.835496
0.176998 0.012593 0.286518
0.112863 0.003687 -0.894425
0.098357 0.212062 0.389436
0.106090 0.137463 -0.827239
0.123909 0.277269 0.360852
0.127870 0.255824 -0.734796
0.128167 0.434270 0.192342
0.143904 0.466457 -0.539529
0.192072 0.603006 -0.051662
0.228560 0.724762 -0.526333
0.385774 0.906578 -0.320150
0.540290 1.126351 -0.611180
0.588333 1.280520 -0.614936
0.541270 1.663277 -0.803005
0.553259 1.856949 -0.978879
0.417881 2.635496 -1.336775
0.565285 2.627205 -1.439311
0.722567 3.091286 -1.783717
0.850594 2.773352 -1.412435
-0.483715 -0.266920 -0.034899
-0.544716 -0.235713 0.028010
-0.392382 -0.319874 -0.105121
-0.215917 -0.330231 0.118381
-0.034744 -0.403682 -0.131119
0.137061 -0.446038 0.042071
0.267719 -0.421085 -0.304869
0.372120 -0.419360 0.202017
0.417623 -0.370470 -0.356830
0.432058 -0.303929 0.282603
0.442864 -0.254754 -0.702729
0.438433 -0.158785 0.301134
0.361711 -0.136724 -0.690048
0.320130 -0.012424 0.525504
0.286595 -0.039931 -0.944326
0.330693 0.112881 0.567954
0.301960 0.140504 -0.724923
0.312262 0.306419 0.494543
0.323133 0.311740 -0.687692
0.370190 0.429297 0.242898
0.419187 0.568159 -0.511815
0.497669 0.722741 -0.035812
0.572229 1.027987 -0.752046
0.665068 1.244762 -0.562923
0.691616 1.752593 -1.164901
0.794923 1.845330 -1.099477
0.694519 3.016733 -2.030087
0.548611 2.995230 -1.555024
0.444759 3.638273 -2.059184
0.683174 3.541252 -1.721810
0.825944 4.012305 -2.058124
0.795996 3.426283 -2.139913
-0.419385 -0.286457 -0.115252
-0.481930 -0.240141 0.019294
-0.353154 -0.369196 -0.030518
-0.226359 -0.377978 -0.040618
-0.028218 -0.446955 -0.179982
0.155551 -0.441835 0.143209
0.374452 -0.471565 -0.193347
0.511936 -0.500127 0.136647
0.597610 -0.482271 -0.506555
0.634872 -0.424489 0.290319
0.698410 -0.387671 -0.505398
0.698872 -0.278983 0.258837
0.652865 -0.259285 -0.887804
0.658764 -0.116663 0.486776
0.675768 -0.086490 -0.739435
0.712346 0.086109 0.508270
0.634450 0.109747 -0.859780
0.650156 0.249758 0.476838
0.647674 0.256622 -0.555807
0.686034 0.384403 0.193125
0.633449 0.445287 -0.508182
0.648711 0.588552 0.028972
0.661453 0.676311 -0.512289
0.795262 0.811573 -0.376737
0.790713 1.178512 -0.774816
0.846478 1.360075 -0.788663
0.747707 1.643492 -0.998780
0.742753 1.824470 -1.024475
0.621983 2.366528 -1.406204
0.789993 2.388298 -1.090916
0.951663 2.878913 -1.658246
0.911279 2.718621 -1.373657
-0.590300 -0.241444 -0.090489
-0.646498 -0.185051 0.022496
-0.514822 -0.280760 -0.103035
-0.378578 -0.308647 0.152461
-0.232242 -0.429425 -0.052378
-0.024301 -0.473614 -0.071749
0.180243 -0.483896 -0.185051
0.438449 -0.501535 -0.012822
0.572878 -0.479321 -0.235873
0.696531 -0.403504 0.029750
0.707762 -0.332512 -0.397293
0.774995 -0.222464 0.182484
0.776327 -0.188919 -0.552601
0.826173 -0.042836 0.220997
0.799269 0.003613 -0.579200
0.840833 0.177177 0.406364
0.843049 0.213465 -0.536794
0.869482 0.379256 0.293934
0.837242 0.399675 -0.384013
0.825231 0.548504 0.191782
0.808245 0.645516 -0.475354
0.832148 0.850169 -0.268389
0.854026 1.188412 -0.746025
0.848579 1.323606 -0.756920
0.798432 1.677196 -1.265482
0.818242 1.829560 -1.095405
0.786806 2.441881 -1.628324
0.774896 2.503072 -1.184620
0.704491 3.093693 -1.941335
0.753373 3.002774 -1.524230
0.817398 3.431512 -1.581373
0.829344 3.098165 -1.499270
-0.556849 -0.342798 -0.185309
-0.626233 -0.247264 0.094665
-0.552106 -0.366517 -0.052250
-0.448927 -0.318376 -0.059824
-0.251185 -0.438035 -0.187662
-0.069359 -0.430286 -0.018056
0.196667 -0.520894 0.003725
0.431019 -0.515534 -0.086992
0.617097 -0.560354 -0.196258
0.737170 -0.481509 0.060894
0.817768 -0.533369 -0.217639
0.858590 -0.394609 0.126234
0.843098 -0.417523 -0.257636
0.805936 -0.212666 0.331391
0.862374 -0.251041 -0.326171
0.880388 0.000536 0.295798
0.856141 0.032568 -0.191496
0.803362 0.245808 0.295483
0.848736 0.229427 -0.225113
0.835646 0.425105 0.088398
0.856294 0.452995 -0.184081
0.788822 0.580264 -0.057602
0.809486 0.636999 -0.340350
0.836221 0.895562 -0.411133
0.868965 1.011486 -0.667940
0.881562 1.231360 -0.705481
0.876711 1.367940 -0.959796
0.855657 1.608342 -0.943187
0.786404 1.877188 -1.223620
0.819696 2.066339 -1.035658
0.886995 2.327549 -1.277335
0.819516 2.264545 -0.926435
-0.658800 -0.255201 -0.125933
-0.710604 -0.146379 0.134956
-0.612308 -0.189795 -0.171514
-0.494711 -0.233946 0.186378
-0.352326 -0.402886 -0.093281
-0.215671 -0.452694 0.055727
-0.029854 -0.524729 -0.245049
0.215845 -0.542498 -0.042680
0.409909 -0.535696 -0.223344
0.617880 -0.455845 -0.044941
0.688140 -0.407846 -0.338056
0.787011 -0.257974 0.074076
0.768255 -0.238903 -0.223134
0.846783 -0.089401 0.063267
0.821218 -0.084584 -0.301855
0.893802 0.113545 0.184391
0.871012 0.175921 -0.096059
0.945483 0.355150 0.068873
0.866117 0.329537 -0.196363
0.897728 0.528015 -0.015303
0.840102 0.588635 -0.226103
0.885303 0.773093 -0.322546
0.832977 0.900479 -0.548085
0.850126 1.086225 -0.590661
0.851744 1.263231 -0.829963
0.958597 1.479712 -0.961778
0.969986 1.738982 -1.253184
0.914279 1.953337 -1.111825
0.907083 2.237064 -1.299909
0.992285 2.273232 -1.344893
0.936847 2.481008 -1.465036
0.736946 2.221493 -1.568920
-0.281920 -0.248542 -0.120762
-0.380431 -0.204528 0.132578
-0.367351 -0.263606 -0.078171
-0.323841 -0.251846 0.141066
-0.233040 -0.341450 -0.157338
-0.124769 -0.346576 0.116533
0.017599 -0.441252 -0.110471
0.151155 -0.447411 -0.035622
0.363696 -0.441182 -0.197158
0.505235 -0.416071 0.052727
0.655961 -0.437824 -0.088818
0.701598 -0.316096 0.124496
0.753404 -0.280871 -0.109555
0.745000 -0.148269 0.259498
0.784119 -0.117927 0.063848
0.817453 -0.019074 0.247842
0.845302 0.115525 0.032680
0.800570 0.236245 0.316070
0.855259 0.287938 0.125010
0.813793 0.377040 0.146799
0.874893 0.481612 -0.048290
0.820070 0.593821 -0.036298
0.909947 0.664783 -0.233074
0.914024 0.784474 -0.274716
0.990763 0.853957 -0.447525
1.003579 0.985071 -0.450670
1.090146 1.057358 -0.580106
1.104048 1.332942 -0.577869
1.107020 1.430876 -0.713936
1.121014 1.648826 -0.629308
1.019803 1.869671 -0.978215
0.734166 1.694899 -0.733566
