1.540872 -1.027658 -0.635753
1.378219 -0.779169 -0.527116
1.381012 -1.131653 0.129001
0.378393 0.395102 -0.710302
0.971065 -0.785863 0.492458
1.287263 0.239654 -0.231979
0.644204 -0.101234 0.842204
0.586252 0.696594 0.127559
1.374740 0.089585 -0.155911
0.402363 0.717216 0.149826
0.274945 0.201998 0.787114
0.998377 0.172284 0.635756
-0.092657 0.360617 0.818626
0.938893 -0.325139 0.567000
0.334100 0.540128 0.616743
1.615817 -1.195220 -0.095091
0.918509 -0.927836 -0.755943
1.606397 -1.147945 0.193606
-0.110615 0.671662 -0.449953
-0.641255 0.202408 -0.840398
1.413421 -0.879553 0.278245
1.066595 0.375208 -0.066093
1.267191 -0.023573 -0.399744
0.169820 -0.405534 -1.052007
0.279554 -0.359639 0.984139
1.232219 -0.576639 0.691050
-0.326648 0.789980 -0.174871
1.456734 -1.007695 0.402630
-0.817443 0.568461 -0.331745
1.131310 -0.898175 -0.321246
-0.992195 -0.280716 -1.086401
0.535611 -0.389257 -0.897286
0.875834 0.099021 -0.655184
1.137741 -0.592518 -0.720118
1.268557 -0.411110 -0.446214
1.446940 0.080964 -0.321055
1.634755 -1.005495 -0.204960
0.744479 -0.086148 -0.753094
1.380753 -0.214786 0.411511
0.246287 0.267228 -0.857902
0.062512 0.255311 0.752726
0.635683 0.310956 0.658011
0.556442 -0.602666 0.780698
0.336569 -0.739578 -0.945958
-0.126530 -0.321005 -0.966626
0.398383 -0.897616 -0.696982
-0.795211 -0.852383 0.677832
1.382080 -0.193211 0.517239
-0.375669 0.102761 -0.917108
1.417581 -0.464494 0.831373
1.685951 -0.971029 0.300765
1.019597 0.348268 -0.311516
0.835575 0.418361 0.409354
0.049255 -0.331501 1.024805
0.025230 -0.440021 0.830191
1.498472 -0.656899 0.418277
1.613975 -0.802807 -0.595132
0.940456 0.571438 0.207829
-1.093766 0.173582 -0.863508
1.409940 -0.268193 -0.314014
-0.753164 -0.370610 -0.974321
-0.010839 0.318720 -0.791123
-0.566060 -1.093211 0.399877
0.464031 -0.857571 0.413450
-0.112541 -0.988319 -0.643340
0.791551 -0.738603 -0.793636
-0.382345 0.291264 0.777927
0.501602 -0.285145 0.850626
0.315580 0.639152 0.319152
-0.682014 0.128709 1.013376
1.114300 0.397047 0.048122
1.295856 -0.309428 -0.298850
-0.691670 -0.149276 0.814495
1.531051 -0.524682 0.621961
1.372913 -0.093165 -0.371563
1.003245 -0.576464 -0.705311
1.197282 -0.380456 0.598842
0.852180 -0.925509 -0.550899
0.767942 -0.524452 0.700138
0.833368 0.596199 -0.140322
0.650838 -1.112008 -0.042108
-0.848631 -0.495449 0.789574
1.406395 -0.284997 -0.337119
-1.191684 -0.187571 0.819033
0.843206 -1.147205 -0.402393
0.262452 -0.462175 -0.809218
1.166549 -0.972213 -0.454407
1.506606 -0.724725 -0.401217
-0.405489 0.693036 -0.356612
1.521052 -0.462100 -0.525040
-1.004504 -0.538680 0.772434
1.598248 -0.825987 0.231096
0.214146 0.126778 0.832073
-0.473462 -0.283919 0.795871
1.480165 -0.236999 0.444106
1.418049 -0.422394 0.567094
0.121420 -1.173556 0.343876
0.901465 -0.408985 -0.663042
1.214367 -0.925522 0.165714
-0.209257 -0.660920 -0.887795
-0.673556 -0.151568 0.712307
0.116674 0.801277 0.221226
1.370820 -0.802665 -0.605148
0.588498 -0.487334 0.809233
0.857802 -0.454149 -0.759286
0.796675 0.245927 -0.515713
-0.570797 0.732494 0.128592
0.092197 0.492929 -0.722921
0.906174 -0.260015 0.688736
0.591241 -0.466298 -0.815199
-0.763907 0.786144 0.046094
0.668116 -0.761752 -0.725947
1.295263 -0.766432 0.527045
1.214060 0.120908 0.410453
1.703779 -0.861808 -0.163989
-1.158713 -0.548399 -0.852299
0.310280 -0.756830 0.944942
1.282616 -0.161917 -0.550917
1.147647 -0.284473 -0.542717
-0.867165 0.365648 -0.755801
1.093830 -0.903207 0.287676
0.726790 -0.654382 0.566250
0.553180 -1.023431 -0.718106
1.095961 0.406868 -0.218700
1.262646 -0.153312 -0.259879
1.202652 0.422822 -0.119151
0.757925 -0.168816 -0.837730
0.941164 0.281344 0.482327
1.215237 -1.116020 -0.239574
-0.940854 -0.290000 -0.894283
1.208978 0.094106 -0.463806
0.153112 -1.034120 -0.663113
-0.337678 0.605081 -0.632207
1.154998 0.396787 0.168604
-0.577523 -0.695897 -0.995615
1.072845 -0.468656 0.625216
1.350698 0.262372 0.233059
-0.136681 0.551376 0.636559
-0.484052 -0.725774 -0.799973
0.312344 0.576428 -0.438744
1.131065 -0.813568 -0.590412
-0.500898 0.345173 -0.739567
-0.535160 -0.520965 0.937366
0.033833 -0.087677 -0.933812
0.904512 -0.070569 0.641035
1.208158 -0.613529 0.383435
-0.763686 -0.529230 -0.931476
-0.256182 -0.348358 0.838052
-0.782362 0.572631 0.373443
0.712810 0.601045 -0.332253
1.547843 -0.515497 -0.277278
1.314106 0.148153 -0.271078
0.848655 0.029836 -0.690775
0.546430 -0.624121 -0.927527
-0.179632 -0.557653 -0.907288
0.245421 -0.155639 0.852528
1.080193 0.362558 0.161031
-0.796291 0.630514 -0.455397
1.556158 -1.153009 -0.428277
-0.325122 -0.097881 0.813625
-1.290633 -0.875241 -0.893001
1.277370 -0.576786 -0.432778
1.352420 -0.084770 -0.138160
0.831126 0.038748 0.702402
0.724733 0.271542 -0.649429
1.341171 0.166696 -0.363718
1.458706 -0.721667 -0.272576
0.574274 0.344916 -0.588382
1.336434 0.082193 -0.004387
-0.149329 -0.768816 -0.780696
1.337078 0.120830 -0.043455
-0.436528 0.063785 0.773376
0.179998 -0.156382 0.977356
0.949896 0.450803 -0.079902
1.096173 -0.596622 -0.595926
0.702457 0.589585 0.486172
1.454763 0.118105 -0.069961
1.632823 -0.601331 -0.600851
0.372167 -1.211657 -0.027809
0.941631 -0.434606 0.673198
1.426441 0.313122 -0.090183
0.253558 0.720934 -0.537662
0.878771 0.461775 -0.315644
1.413473 -0.095266 -0.348900
0.650225 -0.388721 0.806597
1.228132 -0.924322 -0.181174
1.365425 0.033030 -0.197284
-0.845734 0.023605 -1.048770
1.351747 -0.319066 0.511502
0.260466 -0.162171 -0.921628
0.034442 -0.057977 -0.932669
1.112241 0.054547 -0.544120
1.337565 -0.976521 -0.444665
0.467194 -0.042864 -0.882892
-0.902095 0.053513 0.887982
1.129821 0.006051 0.579205
1.629685 -0.830263 -0.439940
1.000546 -1.110792 0.151595
-0.448755 -1.224753 -0.190053
1.375059 -0.374264 -0.508128
1.449518 -0.053876 0.186977
0.188097 0.687450 -0.198158
1.408907 0.270905 0.084036
-0.074896 -0.081186 0.800532
1.420204 -1.246686 -0.322777
1.355842 0.211237 0.259519
-0.555768 -0.121890 -0.941646
1.281150 0.014327 0.582283
-0.338304 -0.539514 0.804262
1.678472 -0.884958 -0.393486
1.013572 0.420931 -0.431892
1.222254 0.414194 -0.112151
1.080860 0.300645 -0.480216
1.209309 0.094443 0.697115
-0.636874 0.369549 0.739979
-0.415411 -0.934878 -0.712052
-0.168634 0.177464 -0.854221
1.044645 -0.141467 -0.751045
-0.235952 -0.131288 -0.990289
1.549823 0.144062 0.445254
-0.472725 -0.283628 -1.033778
-0.308034 0.463109 0.508591
-1.359513 -0.199701 -0.991825
0.255730 -0.886686 0.644767
-0.860626 -0.269764 0.916404
1.321168 -0.328331 0.353619
0.242876 -1.191060 -0.282475
-1.047255 -0.598526 -1.077056
1.547650 -0.725804 0.645427
0.558567 -1.125724 -0.551028
1.410851 0.331267 -0.010961
1.411203 -0.575517 -0.575390
-0.740004 -1.125777 -0.487984
-0.469075 -0.436298 -0.921315
0.251285 -0.726292 -0.748966
1.260409 -0.396061 -0.577400
-0.265097 -0.917827 0.627677
0.304471 0.687392 0.507278
-0.823113 -0.681202 -0.636374
-0.708920 0.257420 -0.465931
0.576219 0.101195 -0.757362
-0.563172 -0.686236 0.672573
0.799942 -1.160413 0.092442
1.424238 0.249620 0.113754
-0.927243 -0.824704 -0.882188
0.512332 0.149009 0.758157
-0.955311 0.135356 0.736539
1.555473 -0.724666 -0.025796
0.003662 -0.502045 -0.949172
-1.021365 -1.052277 -0.688612
-0.571565 -0.907478 -0.791779
1.639721 -1.191380 -0.190376
-0.538803 -1.100609 -0.593041
-0.153473 0.777123 0.346091
0.598117 0.443829 -0.480873
-0.083807 -0.664741 0.840370
-0.361093 -1.146896 -0.334149
-0.506373 -1.125750 0.161790
-0.537825 -1.102702 -0.478927
-0.586798 -1.008691 0.482182
-0.835819 -1.143644 -0.175485
-0.887428 -1.004791 0.456304
-0.911185 -1.087590 -0.562484
-1.005787 -0.889666 0.772263
-1.314451 -1.114845 -0.518852
-1.391243 -0.942221 0.678526
-1.410829 -1.060933 -0.958389
-1.476225 -0.706992 0.961787
-1.626080 -0.881951 -0.941326
-1.668724 -0.540857 0.765032
-1.524248 -0.623168 -1.295678
-1.608059 -0.150611 0.978519
-1.678510 -0.308931 -1.123857
-1.739500 0.085804 0.774561
-1.646105 -0.031615 -1.263743
-1.713861 0.348467 0.925740
-1.780318 0.253000 -0.934517
-1.732180 0.632913 0.573743
-1.579164 0.574341 -0.838915
-1.463073 0.737932 0.540429
-1.443310 0.687257 -0.419922
-1.356175 0.761108 0.174070
-1.202841 0.660311 -0.575350
-1.122416 0.675653 0.316509
-1.156158 0.633329 -0.227630
-1.085290 0.628976 0.155499
-0.912028 0.713615 -0.325706
-0.661528 0.742135 0.024743
-0.655319 -1.236291 -0.474266
-0.600988 -1.259459 -0.003904
-0.753318 -1.389166 -0.135976
-0.882280 -1.272255 0.347115
-1.069389 -1.353760 -0.437937
-1.204565 -1.118255 0.667527
-1.457844 -1.374700 -0.081090
-1.568542 -1.144585 0.533340
-1.624357 -1.322160 -0.539207
-1.743524 -0.911309 0.733282
-1.927968 -1.222892 -0.299226
-2.006622 -0.843146 0.498602
-1.980390 -1.010630 -0.826662
-2.065412 -0.513834 0.672801
-2.062920 -0.821742 -0.557450
-2.159734 -0.357215 0.363801
-2.018159 -0.434091 -1.038562
-2.094301 0.061355 0.539582
-2.037057 -0.136107 -0.786892
-2.115276 0.314016 0.356777
-2.031457 0.276318 -1.066402
-2.010441 0.634899 0.517031
-1.907137 0.630404 -0.641083
-1.843233 0.815164 0.208990
-1.649727 0.872385 -0.694599
-1.618981 0.859989 0.359252
-1.476849 0.801391 -0.176324
-1.417159 0.717437 0.161159
-1.295341 0.708688 -0.496793
-1.299309 0.581679 0.446948
-1.131854 0.446288 0.268311
-0.866268 0.488077 0.376331
-0.851544 -0.998381 0.088111
-0.939005 -1.228662 -0.000976
-1.194360 -1.322548 -0.083863
-1.229914 -1.255891 0.252119
-1.624359 -1.312706 0.283455
-1.569200 -1.222456 0.035288
-1.857551 -1.275234 -0.119273
-1.859949 -1.075640 0.311588
-2.217441 -1.169613 0.209224
-2.074907 -1.004421 0.004822
-2.327721 -1.026316 -0.251018
-2.237339 -0.735491 0.200855
-2.447217 -0.718239 0.023374
-2.298760 -0.462412 -0.076004
-2.456786 -0.465701 -0.338852
-2.374256 -0.174385 0.125363
-2.493109 -0.126943 0.026819
-2.349274 0.090128 -0.129380
-2.334574 0.141628 -0.408428
-2.313992 0.434790 0.105542
-2.297143 0.481365 -0.149515
-2.180954 0.644193 -0.049234
-2.021955 0.644807 -0.531599
-2.002854 0.845880 0.154373
-1.912023 0.825363 -0.236278
-1.754595 0.840977 -0.023216
-1.594348 0.774648 -0.521112
-1.533679 0.814243 0.103621
-1.506056 0.792835 -0.171638
-1.403334 0.744153 0.022641
-1.355487 0.734005 -0.337390
-1.052308 0.758384 -0.197574
-1.148613 -1.153822 -0.288580
-1.328585 -1.355840 -0.061427
-1.511087 -1.423093 -0.042666
-1.609931 -1.383770 0.159292
-1.669570 -1.386975 -0.347691
-1.807919 -1.287762 0.491794
-1.946180 -1.383536 -0.030624
-2.108662 -1.299904 0.188722
-2.092799 -1.267933 -0.324333
-2.122798 -1.075420 0.607612
-2.160856 -1.093988 -0.044863
-2.265501 -0.901134 0.312779
-2.256193 -0.766800 -0.437455
-2.336141 -0.550344 0.434415
-2.346982 -0.513273 -0.227827
-2.421484 -0.334804 0.166263
-2.316025 -0.226866 -0.585458
-2.292857 0.050316 0.286545
-2.228176 0.136314 -0.371083
-2.187607 0.368126 -0.068905
-2.008613 0.478570 -0.730203
-1.995371 0.673582 0.237986
-1.891212 0.660484 -0.454943
-1.844611 0.762887 0.013379
-1.565310 0.841078 -0.690916
-1.540137 0.874649 0.307590
-1.459390 0.801074 -0.257463
-1.428993 0.766591 0.179349
-1.297971 0.766822 -0.574307
-1.285359 0.712620 0.332046
-1.232073 0.638175 0.041487
-0.948155 0.645308 0.287927
-1.048064 -1.115584 0.020277
-1.161876 -1.264278 -0.025361
-1.339803 -1.368685 -0.164158
-1.476939 -1.325023 0.107596
-1.716103 -1.353161 -0.059536
-1.732045 -1.337588 -0.036286
-1.797294 -1.304546 -0.371164
-1.866086 -1.188628 0.266761
-2.000061 -1.148532 -0.211881
-2.026598 -1.003582 0.218009
-2.117611 -0.858125 -0.577181
-2.140577 -0.596197 0.490137
-2.232380 -0.470208 -0.425859
-2.246420 -0.295505 0.418631
-2.393452 -0.173417 -0.592324
-2.332121 -0.028569 0.402586
-2.338111 0.125784 -0.294035
-2.255201 0.241186 0.243641
-2.231168 0.456660 -0.498342
-2.182680 0.622803 0.323399
-2.126301 0.730504 -0.239115
-2.026160 0.765837 0.224713
-1.974724 0.814960 -0.513460
-1.943044 0.910033 0.155799
-1.797189 0.954876 -0.105292
-1.652900 0.882831 0.101692
-1.540670 0.848605 -0.307749
-1.450911 0.837690 -0.057460
-1.331351 0.834534 -0.032010
-1.277007 0.748966 0.139861
-1.178403 0.734312 -0.120071
-0.963469 0.746489 -0.037546
-0.979958 -1.227124 -0.182596
-1.105415 -1.332897 -0.080789
-1.297606 -1.421321 -0.091696
-1.439170 -1.372421 0.133900
-1.506965 -1.446821 -0.453052
-1.583436 -1.295107 0.421521
-1.666128 -1.384527 -0.313184
-1.748516 -1.248077 0.244799
-1.757930 -1.263460 -0.656003
-1.851400 -0.987483 0.628251
-1.977959 -1.055226 -0.633685
-2.016793 -0.736566 0.691383
-2.102386 -0.729413 -0.801478
-2.152325 -0.398997 0.741238
-2.238843 -0.433560 -0.806367
-2.264764 -0.141230 0.770720
-2.222471 -0.069688 -0.863354
-2.149410 0.191520 0.675357
-2.093458 0.312656 -0.757925
-2.042867 0.533356 0.411252
-1.896292 0.645930 -0.848956
-1.853971 0.770684 0.486933
-1.796341 0.790874 -0.538047
-1.727158 0.852135 0.211246
-1.487472 0.897503 -0.548674
-1.444679 0.894116 0.285535
-1.339782 0.871556 -0.129905
-1.292254 0.820393 0.145120
-1.143400 0.763901 -0.317496
-1.142908 0.721842 0.238102
-1.132380 0.712048 0.065078
-0.850190 0.732318 0.215632
-0.926239 -1.082611 0.026671
-1.049237 -1.165561 0.112140
-1.141346 -1.297115 -0.293804
-1.239388 -1.186864 0.352601
-1.390458 -1.238590 -0.329018
-1.410130 -1.172949 0.296167
-1.403711 -1.259435 -0.727642
-1.503457 -1.049436 0.614793
-1.558222 -1.098000 -0.778289
-1.612485 -0.860568 0.653030
-1.720151 -0.916337 -0.966362
-1.827180 -0.557091 0.920057
-1.910679 -0.555260 -1.040332
-1.997713 -0.203191 0.968730
-2.082400 -0.244984 -1.140618
-2.108090 0.050930 0.953143
-2.057837 0.100528 -1.029060
-2.057812 0.376170 0.822483
-1.954608 0.436413 -0.965531
-2.008320 0.640100 0.734979
-1.960152 0.679707 -0.705315
-1.916120 0.782169 0.437769
-1.815976 0.800565 -0.740435
-1.721453 0.873689 0.375888
-1.612631 0.905075 -0.361295
-1.408216 0.847599 0.021282
-1.237534 0.832336 -0.525084
-1.134474 0.788489 0.092283
-1.134296 0.815477 -0.151635
-1.006268 0.720253 -0.046463
-0.943153 0.731183 -0.256883
-0.755734 0.714956 -0.155313
-0.830659 -1.102768 -0.131864
-0.885539 -1.179099 0.049438
-1.010100 -1.247846 -0.092020
-1.076449 -1.168990 0.404794
-1.134963 -1.261480 -0.567952
-1.140447 -1.066922 0.762323
-1.206163 -1.207840 -0.528723
-1.263676 -1.051501 0.557953
-1.268398 -1.122525 -0.983382
-1.373120 -0.836806 0.946294
-1.522125 -1.016957 -1.014863
-1.651941 -0.637372 1.008090
-1.702454 -0.758219 -1.229212
-1.777395 -0.313816 1.111864
-1.818646 -0.426357 -1.243703
-1.909483 -0.011001 1.033412
-1.838062 -0.021979 -1.261857
-1.808065 0.317067 1.063648
-1.710988 0.309087 -1.148629
-1.793158 0.582826 0.785001
-1.647086 0.590834 -1.048917
-1.658192 0.726926 0.709094
-1.534084 0.668366 -0.805799
-1.494785 0.795188 0.310009
-1.218113 0.841764 -0.784092
-1.169876 0.873422 0.455591
-1.085609 0.726888 -0.456693
-1.007805 0.747258 0.152285
-0.876374 0.720938 -0.596192
-0.889337 0.728016 0.113352
-0.914284 0.700775 -0.193845
-0.668472 0.767208 0.165674
-0.654342 -0.979074 0.084118
-0.784465 -1.010945 0.175685
-0.820072 -1.150937 -0.237655
-0.898677 -1.003158 0.459380
-1.022187 -1.053945 -0.313396
-1.070707 -0.934880 0.445388
-0.994205 -0.983802 -0.772730
-1.082202 -0.808272 0.733292
-1.203303 -0.904774 -0.857097
-1.288965 -0.750716 0.798578
-1.414915 -0.828263 -1.012727
-1.525940 -0.549022 0.997911
-1.612095 -0.595843 -1.087519
-1.665986 -0.254527 0.998079
-1.714296 -0.258892 -1.168902
-1.766715 0.086901 0.934166
-1.727919 0.128748 -1.047512
-1.721411 0.413523 0.862603
-1.647369 0.428280 -1.061450
-1.700012 0.613870 0.750423
-1.613818 0.598752 -0.808473
-1.557616 0.748083 0.683829
-1.452090 0.723635 -0.767142
-1.441465 0.825518 0.447004
-1.278087 0.792551 -0.411289
-1.112398 0.819933 0.234022
-0.958476 0.804033 -0.532985
-0.897650 0.853090 -0.089338
-0.780817 0.849276 -0.363392
-0.679887 0.782739 -0.092712
-0.589067 0.712479 -0.342617
-0.473963 0.774787 -0.242456
-0.552917 -0.996377 -0.082653
-0.548543 -1.054533 0.078532
-0.589557 -1.101562 -0.027072
-0.651404 -1.064471 0.323998
-0.751931 -1.095261 -0.464055
-0.793249 -0.945094 0.666847
-0.848854 -0.955902 -0.500446
-0.915643 -0.859608 0.559542
-0.947370 -0.903122 -0.892413
-1.095959 -0.731539 0.890744
-1.216182 -0.844549 -1.016942
-1.367587 -0.581531 1.033846
-1.407836 -0.676007 -1.205884
-1.461911 -0.332271 1.173877
-1.473769 -0.387001 -1.188486
-1.558419 -0.042331 1.069076
-1.521925 -0.031171 -1.284651
-1.549613 0.271741 1.062514
-1.475537 0.290256 -1.095381
-1.483706 0.477493 0.806525
-1.366695 0.474937 -1.110302
-1.323483 0.612310 0.805793
-1.282497 0.614349 -0.851353
-1.191504 0.728557 0.498329
-1.004449 0.716864 -0.778720
-0.942689 0.768647 0.354742
-0.890061 0.716522 -0.542577
-0.849597 0.800363 0.019648
-0.752491 0.732210 -0.609905
-0.747365 0.783778 -0.101791
-0.733834 0.753490 -0.358741
-0.486983 0.818534 -0.047175
-0.377598 -0.938359 0.065796
-0.484731 -0.921688 0.180582
-0.512800 -1.014707 -0.249158
-0.568854 -0.904020 0.442400
-0.659194 -0.930009 -0.265800
-0.717843 -0.821812 0.379134
-0.679201 -0.837236 -0.681963
-0.747122 -0.719551 0.664449
-0.852100 -0.769958 -0.762263
-0.970287 -0.665691 0.761678
-1.093908 -0.760061 -0.975959
-1.155079 -0.526953 0.985157
-1.248594 -0.544765 -1.059850
-1.297145 -0.251134 1.075182
-1.326298 -0.250152 -1.218943
-1.376050 0.061988 1.159171
-1.376486 0.117891 -1.142853
-1.404457 0.347810 0.981551
-1.373737 0.353921 -1.155995
-1.380472 0.542252 0.889421
-1.284257 0.546776 -0.880959
-1.176999 0.643995 0.625471
-1.073794 0.604726 -0.893789
-1.042241 0.737602 0.614439
-0.967981 0.715933 -0.633225
-0.844921 0.831805 0.256867
-0.726987 0.801537 -0.748003
-0.662807 0.911648 0.082168
-0.623185 0.902128 -0.541403
-0.525117 0.870967 -0.275074
-0.414542 0.818387 -0.514539
-0.289631 0.780147 -0.430255
-0.305913 -0.951660 -0.118289
-0.295064 -1.010401 0.049894
-0.292327 -1.042906 -0.117895
-0.314829 -0.988505 0.328152
-0.383949 -0.980243 -0.488651
-0.427315 -0.847572 0.650114
-0.486490 -0.810600 -0.427267
-0.501991 -0.753448 0.497294
-0.504945 -0.775593 -0.781561
-0.663938 -0.643877 0.797198
-0.829705 -0.698298 -0.912148
-0.937205 -0.480945 0.886026
-0.932228 -0.581016 -1.133246
-1.017130 -0.282504 1.084055
-1.046504 -0.352734 -1.173455
-1.183316 -0.027662 1.078423
-1.085437 -0.072025 -1.266336
-1.154549 0.214736 1.177611
-1.139859 0.179007 -1.164802
-1.195785 0.438939 0.899819
-1.043860 0.450831 -1.112559
-0.978182 0.571068 0.884639
-0.923977 0.536664 -0.977645
-0.864779 0.663760 0.636036
-0.720402 0.695014 -0.991905
-0.668630 0.770036 0.512117
-0.701328 0.662659 -0.818718
-0.669981 0.771905 0.200679
-0.603738 0.717329 -0.744876
-0.585581 0.786867 -0.009814
-0.536792 0.756742 -0.520677
-0.322373 0.818087 -0.154523
-0.191462 -0.866417 0.032903
-0.269334 -0.850320 0.145798
-0.235847 -0.919364 -0.261572
-0.260606 -0.816076 0.395417
-0.311485 -0.825902 -0.289289
-0.378403 -0.752286 0.354284
-0.295490 -0.746091 -0.659934
-0.355601 -0.656463 0.615733
-0.421616 -0.669507 -0.767387
-0.543038 -0.576518 0.738802
-0.603303 -0.618449 -0.965650
-0.700791 -0.425159 0.925552
-0.809313 -0.438094 -1.022980
-0.848099 -0.196786 0.976046
-0.888425 -0.229760 -1.084413
-1.005370 0.033693 0.975163
-1.074567 0.046234 -1.004175
-1.071468 0.263970 0.916858
-1.027042 0.274124 -1.031828
-1.092534 0.471596 0.776233
-0.972384 0.444486 -0.859906
-0.915787 0.575059 0.683409
-0.762445 0.575260 -0.834684
-0.792875 0.703227 0.540396
-0.694607 0.681891 -0.630471
-0.644647 0.819239 0.515482
-0.602466 0.790597 -0.632293
-0.557566 0.880286 0.147348
-0.486962 0.855118 -0.567872
-0.412765 0.865274 -0.083467
-0.293445 0.851241 -0.377129
-0.165142 0.832575 -0.310257
-0.131337 -0.893126 -0.124423
-0.106196 -0.929058 0.036039
-0.070597 -0.981957 -0.162541
-0.088951 -0.907526 0.267134
-0.098258 -0.936693 -0.502461
-0.117266 -0.819365 0.561735
-0.131316 -0.780685 -0.516641
-0.126925 -0.714702 0.501545
-0.147532 -0.752595 -0.848256
-0.249781 -0.582397 0.766750
-0.368037 -0.597802 -0.970614
-0.453022 -0.389231 0.878308
-0.494125 -0.483559 -1.152878
-0.601982 -0.220774 0.968818
-0.649046 -0.283302 -1.177003
-0.756538 -0.034509 0.949943
-0.768651 -0.065658 -1.169669
-0.831133 0.131590 1.037490
-0.836835 0.151690 -1.184853
-0.837696 0.363397 0.871629
-0.768640 0.385403 -1.033934
-0.721134 0.479051 0.803329
-0.678325 0.448288 -0.920276
-0.625580 0.587213 0.601426
-0.562090 0.576887 -0.808714
-0.549379 0.660787 0.522360
-0.568264 0.634442 -0.629794
-0.501953 0.704173 0.307392
-0.456726 0.684662 -0.558214
-0.393257 0.720104 0.079831
-0.368606 0.722040 -0.333475
-0.167732 0.770821 -0.037633
-0.096146 -0.800740 0.011116
-0.119446 -0.766428 0.174318
-0.076376 -0.819061 -0.291038
-0.075884 -0.721834 0.336719
-0.109374 -0.720703 -0.296519
-0.119799 -0.673670 0.284781
-0.096767 -0.655964 -0.592509
-0.109955 -0.581401 0.427442
-0.151697 -0.534251 -0.630225
-0.179069 -0.464026 0.530653
-0.234593 -0.464079 -0.819120
-0.292030 -0.336689 0.657520
-0.381077 -0.311235 -0.898088
-0.385423 -0.195578 0.811189
-0.428917 -0.192922 -1.013753
-0.510702 -0.027535 0.865263
-0.603381 0.024171 -0.999330
-0.614672 0.151708 0.873223
-0.635389 0.179587 -1.020227
-0.647724 0.335044 0.832966
-0.612419 0.348963 -0.954389
-0.564480 0.465376 0.720730
-0.495232 0.474711 -0.891512
-0.511801 0.578038 0.683514
-0.524030 0.583802 -0.753893
-0.486259 0.670437 0.495753
-0.432439 0.683857 -0.727958
-0.359215 0.740979 0.277432
-0.274956 0.724167 -0.520796
-0.186817 0.749301 0.108404
-0.065933 0.730143 -0.363488
0.042990 0.732879 -0.237497
-0.005798 -0.870897 -0.151143
0.019129 -0.918883 0.059054
0.062392 -0.947794 -0.176731
0.071654 -0.850511 0.242815
0.063614 -0.885279 -0.450253
0.063890 -0.768434 0.478543
0.079941 -0.790008 -0.386465
0.088539 -0.653470 0.410431
0.090661 -0.741974 -0.636067
0.075387 -0.574225 0.530097
0.026678 -0.629885 -0.693681
-0.048855 -0.407030 0.602612
-0.102870 -0.462784 -0.910094
-0.164383 -0.244324 0.694432
-0.187139 -0.317013 -0.991232
-0.280340 -0.062913 0.793234
-0.306121 -0.062304 -1.045382
-0.386642 0.081861 0.901285
-0.393134 0.073016 -1.112760
-0.412700 0.236103 0.846228
-0.372186 0.291837 -1.016878
-0.344719 0.359227 0.833960
-0.325807 0.357706 -0.951905
-0.307287 0.456083 0.633430
-0.270274 0.512577 -0.924752
-0.303340 0.577957 0.513396
-0.309185 0.533524 -0.715966
-0.275143 0.603009 0.329552
-0.215481 0.592721 -0.540461
-0.180594 0.650334 0.110214
-0.154362 0.674129 -0.316831
-0.000232 0.712969 -0.040386
-0.006593 -0.766673 -0.008636
0.001924 -0.751881 0.106654
0.093667 -0.821281 -0.239986
0.162524 -0.720104 0.296093
0.159464 -0.785902 -0.293370
0.192733 -0.709733 0.315160
0.222969 -0.735826 -0.492107
0.237150 -0.627561 0.455218
0.242265 -0.645874 -0.593233
0.261396 -0.495817 0.540020
0.258370 -0.507619 -0.761042
0.205237 -0.346340 0.678975
0.121688 -0.362244 -0.878971
0.095194 -0.199574 0.781367
0.100477 -0.266767 -0.932901
0.046449 -0.064788 0.795064
-0.041649 -0.063553 -1.007572
-0.109148 0.067429 0.829970
-0.093493 0.005772 -0.977661
-0.087962 0.177842 0.779091
-0.052353 0.165710 -1.007149
-0.079782 0.297019 0.779708
-0.069203 0.292136 -0.931912
-0.086919 0.390809 0.634251
-0.075443 0.428624 -0.820553
-0.083921 0.520284 0.616243
-0.055156 0.527184 -0.734609
-0.041448 0.618441 0.296366
0.029442 0.618849 -0.543948
0.074529 0.679261 0.111236
0.163595 0.712558 -0.290411
0.232893 0.712794 -0.194459
0.134375 -0.822284 -0.167292
0.209700 -0.838551 0.051137
0.321204 -0.894121 -0.133325
0.396616 -0.821582 0.269698
0.456185 -0.894994 -0.275526
0.483576 -0.791334 0.416607
0.553242 -0.833171 -0.415400
0.554278 -0.738941 0.451104
0.576048 -0.786241 -0.582433
0.552950 -0.625974 0.517776
0.597222 -0.651021 -0.727853
0.550294 -0.457815 0.648773
0.495005 -0.493515 -0.821288
0.415243 -0.274413 0.682268
0.427000 -0.342153 -0.920349
0.420610 -0.119426 0.782614
0.414791 -0.170874 -0.938024
0.297641 0.019422 0.756545
0.252122 -0.081356 -1.089116
0.281928 0.096280 0.834821
0.317254 0.064942 -0.984439
0.262308 0.227324 0.759260
0.243130 0.194929 -0.934384
0.232573 0.355773 0.670457
0.211648 0.360672 -0.865565
0.184507 0.471377 0.541834
0.174932 0.431377 -0.761196
0.171925 0.553455 0.344059
0.167365 0.503650 -0.578557
0.145086 0.611800 0.072135
0.119761 0.612036 -0.218219
0.195831 0.667669 -0.099036
0.187664 -0.793223 -0.036452
0.278006 -0.799732 0.265947
0.447658 -0.844319 -0.278714
0.580422 -0.824742 0.349380
0.702041 -0.895871 -0.263040
0.755366 -0.873998 0.400291
0.909182 -0.851378 -0.500440
0.948444 -0.771505 0.417568
0.998593 -0.777176 -0.587885
0.884707 -0.658747 0.592787
0.976810 -0.655531 -0.750832
0.994178 -0.474378 0.570789
0.899289 -0.464817 -0.745375
0.761171 -0.278751 0.740005
0.795086 -0.322576 -0.820058
0.859257 -0.127492 0.632221
0.821131 -0.169365 -0.807999
0.724303 -0.014717 0.774912
0.759607 -0.105529 -0.917535
0.811212 0.058517 0.644169
0.805341 -0.001528 -0.863622
0.626753 0.168384 0.674852
0.529700 0.161829 -1.024920
0.528476 0.343995 0.630503
0.444147 0.339170 -0.844188
0.390952 0.447981 0.503912
0.354925 0.476801 -0.860996
0.367307 0.567231 0.276702
0.359560 0.543617 -0.596451
0.386819 0.607208 0.073977
0.465857 0.664738 -0.337490
0.433567 0.682243 -0.182283
0.367884 -0.861072 -0.125198
0.486128 -0.908121 0.141594
0.661185 -0.951709 -0.132779
0.773867 -0.929217 0.330913
0.947328 -0.979919 -0.340330
1.066613 -0.956992 0.453414
1.308886 -1.002734 -0.309847
1.336959 -0.917286 0.385313
1.355075 -0.905967 -0.521904
1.285336 -0.803231 0.516142
1.415475 -0.776001 -0.520744
1.389769 -0.586356 0.491735
1.278646 -0.579955 -0.720294
1.165753 -0.417444 0.595384
1.217399 -0.442529 -0.620847
1.232789 -0.223218 0.476879
1.139309 -0.258471 -0.770122
1.080429 -0.099665 0.557310
1.162727 -0.179601 -0.637932
1.139048 0.026541 0.490257
1.067015 -0.032483 -0.695893
0.965609 0.147161 0.524671
0.938220 0.141732 -0.605593
0.883780 0.330908 0.441898
0.729000 0.328692 -0.797239
0.661826 0.455117 0.382080
0.587260 0.446838 -0.624766
0.515921 0.537494 0.218745
0.433613 0.501032 -0.588943
0.411343 0.535381 0.035005
0.387180 0.565042 -0.315340
0.402238 0.606306 -0.205933
0.468425 -0.888065 0.039184
0.655681 -0.901429 0.248093
0.828047 -0.967544 -0.126310
1.024977 -0.929345 0.306570
1.206145 -1.053037 -0.122350
1.483044 -1.047148 0.176908
1.583358 -0.988844 -0.155875
1.717023 -0.871365 0.300575
1.717114 -0.829388 -0.368698
1.795177 -0.729288 0.200722
1.771468 -0.654202 -0.412628
1.810647 -0.516836 0.293321
1.703734 -0.491346 -0.561629
1.689836 -0.350745 0.197583
1.588841 -0.306660 -0.442303
1.567187 -0.165910 0.265549
1.497600 -0.176621 -0.485500
1.486257 -0.046518 0.201350
1.417140 -0.058385 -0.339430
1.411947 0.073760 0.294817
1.377587 0.025358 -0.422722
1.338301 0.175815 0.131952
1.199646 0.199643 -0.357180
1.119359 0.349304 0.210611
1.008165 0.349217 -0.497883
0.880728 0.466406 0.185972
0.756251 0.462242 -0.441832
0.656198 0.543807 0.132027
0.617701 0.517212 -0.508636
0.580946 0.550039 -0.089518
0.560751 0.596810 -0.229047
0.524298 0.582632 -0.172558
0.596871 -0.945433 0.021557
0.746717 -0.959750 0.102432
0.981043 -0.969321 0.038228
1.163290 -0.974786 0.154696
1.394438 -1.086612 0.057264
1.535191 -1.133748 0.374579
1.803709 -1.102453 -0.074457
1.903168 -1.079360 0.327382
1.985837 -0.963092 -0.043667
1.942533 -0.922322 0.431474
2.038537 -0.793903 -0.213594
1.998786 -0.747263 0.305325
1.908626 -0.619027 -0.102114
1.756074 -0.541091 0.411601
1.773798 -0.461863 -0.235753
1.730916 -0.352413 0.268191
1.647855 -0.270072 -0.123623
1.506239 -0.171689 0.369168
1.548579 -0.166619 -0.195578
1.510981 -0.065250 0.225170
1.446242 -0.021196 -0.056329
1.290030 0.085174 0.272483
1.294689 0.096225 -0.143001
1.213486 0.221553 0.148010
1.123623 0.275115 -0.161007
0.947093 0.419348 0.161909
0.880873 0.421123 -0.351964
0.781830 0.526199 0.035591
0.724008 0.478058 -0.263229
0.656178 0.499423 -0.121122
0.649423 0.520156 -0.109467
0.572890 0.557325 -0.058623
0.467272 -0.988752 -0.051696
0.728164 -0.964082 0.141174
0.859419 -0.919972 -0.279315
1.070866 -0.989443 0.114846
1.172871 -1.069141 -0.066710
1.479786 -1.058330 0.074495
1.528535 -0.987142 -0.263642
1.769373 -0.920872 0.133094
1.730572 -0.785669 -0.141588
1.950103 -0.727552 0.047888
1.861220 -0.630738 -0.360835
1.944546 -0.546691 0.091652
1.806674 -0.457639 -0.190172
1.876796 -0.380104 -0.007749
1.682457 -0.308018 -0.351646
1.686890 -0.229950 0.112673
1.601972 -0.151770 -0.149056
1.650551 -0.050596 0.008878
1.532542 -0.050718 -0.251491
1.563460 0.033877 0.061591
1.484759 0.035145 -0.083681
1.505369 0.114226 -0.039690
1.320993 0.119069 -0.244314
1.314006 0.227739 0.035438
1.217624 0.285305 -0.184466
1.161155 0.432997 -0.016981
1.013718 0.424801 -0.311642
0.948871 0.520269 -0.052084
0.825108 0.477519 -0.274613
0.798787 0.482545 -0.212403
0.698020 0.507698 -0.384406
0.633557 0.502324 -0.443754
0.605590 -0.920207 0.119985
0.650335 -0.962487 0.412405
0.967174 -0.958109 0.233672
1.017580 -0.948904 0.457153
1.268682 -1.017513 0.089538
1.325636 -1.050277 0.456009
1.624769 -0.989290 0.126922
1.618501 -0.940115 0.359416
1.756557 -0.804889 0.083468
1.719035 -0.774707 0.449063
1.874021 -0.611564 0.132062
1.769872 -0.540731 0.313438
1.740829 -0.400045 0.081945
1.600906 -0.393436 0.472791
1.640282 -0.269730 0.137778
1.546932 -0.220523 0.296006
1.520423 -0.133907 0.052616
1.437242 -0.103220 0.377968
1.504296 -0.049610 0.146548
1.448533 -0.028513 0.200182
1.419031 0.037407 0.091945
1.306273 0.057721 0.298926
1.366905 0.095514 0.086776
1.261690 0.146621 0.172917
1.189288 0.242483 0.004346
1.017914 0.328761 0.263578
1.013275 0.370481 -0.024580
0.891957 0.429399 0.074010
0.855379 0.439379 -0.124627
0.799291 0.462658 -0.002224
0.736621 0.479884 -0.184475
0.623456 0.488413 -0.128830
