1.734936 -0.924533 -0.673338
1.088380 -0.568345 -0.202082
1.365195 -0.910978 0.546010
0.732872 1.080230 -1.009690
1.232668 -1.040011 0.792288
1.808971 1.459548 -0.666379
0.650195 -0.145719 1.004879
0.763752 1.307139 0.263384
1.717736 0.997771 -0.717600
0.714477 1.479997 -0.035027
0.363016 0.785444 1.043252
0.800328 0.465353 0.316324
-0.002277 0.849772 1.242175
1.072002 0.239724 1.139082
0.416404 1.098236 1.026505
1.793971 -1.515184 -0.334347
0.731716 -0.724025 -0.705008
1.816880 -1.353667 0.169957
0.228421 1.409873 -0.856403
-0.525460 0.722312 -1.192735
1.680624 -0.923617 0.285432
1.597548 1.286762 -0.257224
1.764271 0.800519 -0.702680
0.221066 0.088391 -1.345405
0.306504 -0.188873 1.394544
1.363420 -0.417690 1.093037
-0.066885 1.456418 -0.404116
1.785418 -1.371230 0.583922
-0.971089 0.937234 -0.508761
0.817457 -0.583191 -0.120266
-0.996656 0.240070 -1.261900
0.620304 0.229042 -0.975027
1.352597 0.756623 -0.931341
0.918475 -0.250136 -0.579121
1.515018 0.507886 -0.752777
1.696902 0.616868 -0.891694
1.781006 -0.983113 -0.307808
0.978750 0.463181 -0.774744
1.422389 0.461935 0.725462
0.341852 0.840492 -1.143369
0.449648 0.730182 0.770646
0.694536 0.709920 0.685887
0.714895 -0.716889 0.984085
0.288086 -0.497865 -1.131819
0.253493 0.180492 -1.244092
0.458546 -0.847166 -0.681741
-0.779745 -0.852748 0.833643
1.539727 0.865786 0.995111
-0.095299 0.650784 -1.144339
1.506437 -0.377353 1.239529
1.868986 -1.089488 0.545770
0.829968 0.488517 -0.135338
0.886218 0.770920 0.403742
0.114915 0.081481 1.475389
0.269777 -0.380380 1.164593
1.838711 -0.621438 0.601810
1.536548 -0.589875 -0.853587
1.072460 1.138432 0.275895
-1.065446 0.731605 -0.919322
1.809619 0.809710 -0.294486
-0.690231 0.177993 -1.151492
0.077653 0.992783 -1.023308
-0.533189 -1.237303 0.417211
0.611406 -1.124902 0.464754
0.066959 -1.079826 -0.715761
0.690099 -0.342744 -0.981072
-0.211958 0.834291 1.052475
0.657151 -0.144374 1.172500
0.608582 1.229268 0.769266
-0.470250 0.554319 1.409480
1.239144 0.945442 0.245640
1.525544 0.489301 -0.265158
-0.611518 0.089939 1.079415
1.714977 -0.540631 0.922481
1.874398 1.173372 -1.451557
0.822057 -0.156247 -0.295884
1.257476 -0.191505 0.766302
0.801672 -0.584984 -0.366462
0.925599 -0.520993 0.740777
0.940901 0.922262 -0.188824
0.638301 -1.118232 -0.137887
-0.733775 -0.549317 0.991019
1.689550 0.418823 -0.810602
-1.147154 0.169095 0.903207
0.799137 -1.071397 -0.355119
0.393134 -0.099631 -1.119206
1.062151 -0.854809 -0.340980
1.270683 -0.606057 -0.358120
-0.310532 1.288037 -0.570139
1.352514 -0.164409 -0.696969
-0.979022 -0.346306 0.871267
1.789497 -0.598912 0.422170
0.463697 0.783801 1.323821
-0.299714 0.132734 1.141474
1.445972 0.500681 0.498047
1.376539 0.228272 0.853697
0.278933 -1.371427 0.286396
1.240073 0.655977 -1.001286
0.834092 -0.569276 0.309091
-0.120051 -0.404315 -1.117079
-0.597053 0.310188 0.929523
0.326682 1.479440 0.211840
1.108759 -0.637631 -0.557134
0.759036 -0.434124 1.073845
0.916249 0.133371 -0.866897
1.204267 1.000746 -0.978067
-0.269761 1.365122 -0.000523
0.364645 1.081861 -1.086111
0.897506 -0.089227 0.695328
0.779700 0.379246 -1.056509
-0.665154 1.330239 0.043427
0.754017 -0.490640 -0.703630
1.599001 -0.912019 0.804507
1.104177 0.354366 0.143007
1.710077 -0.664399 -0.081761
-0.927380 -0.060488 -0.968258
0.559218 -0.760269 1.248379
1.188578 0.408340 -0.449271
1.732242 0.924375 -1.075394
-0.826481 0.854525 -0.987353
1.143930 -0.895641 0.396920
0.838724 -0.691000 0.643469
0.518269 -0.843261 -0.887890
1.007016 0.674669 -0.513535
1.198838 0.136922 -0.074986
1.274054 1.007299 -0.249450
0.858050 0.483401 -0.774937
1.029225 1.020564 0.764101
1.235873 -1.166884 -0.199829
-0.969121 0.287457 -0.899240
1.324843 0.577151 -0.684770
0.196953 -1.045177 -0.794295
-0.145252 1.192222 -0.864708
1.473878 1.199656 0.471089
-0.500411 -0.382001 -1.113932
1.180099 -0.709555 1.003466
1.350274 0.666493 0.145332
0.066246 1.072400 0.937482
-0.356390 -0.553154 -1.034883
0.642048 1.238312 -0.802781
1.174790 -0.388978 -0.898443
-0.418052 0.782274 -0.982015
-0.412416 -0.311169 1.208536
0.377145 0.465456 -1.145245
1.005488 0.273092 0.801040
0.965490 -0.524237 0.210667
-0.648990 -0.087268 -1.097439
-0.164346 -0.110933 1.177250
-0.686811 1.002330 0.498351
0.911921 1.169050 -0.423671
1.538204 -0.480144 -0.395264
1.912974 1.247338 -0.943203
0.851067 0.539972 -0.474504
0.635210 0.080479 -1.183824
-0.178194 -0.125497 -1.203488
0.424777 0.283921 1.102002
1.077261 0.564289 0.029307
-0.742700 1.221995 -0.609046
1.804834 -1.255150 -0.689029
-0.217892 0.351137 1.257985
-1.092214 -0.459160 -0.910378
1.385625 0.543383 -1.208235
1.742319 0.519260 -0.464090
0.801868 0.466242 0.756738
0.993944 0.669932 -0.825407
1.596714 0.843343 -0.713163
1.081431 -0.566005 -0.062339
0.726743 0.510163 -0.577845
1.452005 0.496227 -0.241471
-0.022239 -0.735435 -0.914107
1.645540 0.577421 0.022584
-0.426215 0.588985 1.078182
0.412087 0.283384 1.404711
1.188945 1.044335 -0.048816
1.235181 0.277611 -0.704126
0.889726 1.133266 0.646100
1.806964 0.882551 -0.479502
1.496897 -0.238988 -0.642834
0.435188 -1.387571 -0.162634
1.025951 -0.538116 0.632892
1.896370 1.308219 -0.403946
0.597062 1.320300 -0.703465
1.134135 0.835512 -0.480114
1.903267 0.773761 -0.958907
0.667402 -0.305747 0.480599
1.035562 -0.635716 -0.007568
1.703846 1.294903 -1.143268
-0.765703 0.567384 -1.126486
1.374728 -0.430904 0.560198
0.422813 0.423274 -1.209389
0.044113 0.649994 -1.234200
1.133595 0.484730 -0.329617
1.316449 -0.911263 -0.391893
0.675255 0.750856 -1.158571
-0.813486 0.496465 1.136148
1.056632 0.303352 0.318852
1.625433 -0.731380 -0.411301
1.065803 -0.977795 0.086236
-0.369241 -1.328014 -0.249287
1.721280 0.658790 -1.103983
1.660968 0.783437 0.607482
0.519358 1.429743 -0.461722
1.605931 1.076625 0.205093
0.108866 0.466300 1.195703
1.734323 -1.280719 -0.520091
1.730525 1.325506 0.808226
-0.460028 0.363587 -1.130386
1.131285 0.553788 0.465209
-0.043305 -0.549181 1.197635
1.727204 -0.801182 -0.503264
1.400408 1.252887 -0.805870
1.274165 0.710719 -0.292543
1.308639 0.879253 -0.872304
1.207694 0.787350 0.674293
-0.638806 0.792530 0.964411
-0.390623 -0.907919 -0.827101
0.156991 0.729269 -1.107020
1.184259 0.501215 -0.814299
-0.062875 0.321269 -1.288632
1.901555 0.938520 0.370093
-0.428770 0.256799 -1.273821
-0.405384 0.972637 0.790923
-1.242546 0.416524 -1.029834
0.533116 -1.023478 0.857475
-0.807833 -0.097626 1.186476
1.434667 -0.417149 0.332356
0.220671 -1.289772 -0.385975
-0.872593 -0.184954 -1.351386
1.784706 -0.990695 1.084985
0.628436 -1.221425 -0.661490
1.618764 0.871993 0.025598
1.267518 0.017243 -0.846995
-0.815632 -1.020333 -0.460415
-0.224470 0.011946 -1.189234
0.394373 -0.580969 -0.942560
1.126409 0.324433 -0.493037
-0.138867 -1.172605 0.739378
0.611325 1.066575 0.557483
-0.457573 -0.362914 -0.910817
-0.389605 0.864718 -0.788915
0.777303 0.628919 -0.917475
-0.345047 -0.781504 0.904226
0.812709 -1.266556 0.137104
1.872541 1.375139 0.054865
-0.874529 -0.547436 -1.013278
0.657661 0.615355 0.985578
-0.991983 0.730453 0.739562
1.395564 -0.483256 0.251326
0.262758 -0.472119 -1.107453
-0.954348 -0.796958 -0.716852
-0.729337 -0.791088 -0.813201
1.658230 -1.108629 -0.210112
-0.505840 -1.138223 -0.685324
0.008125 1.291261 0.541689
0.855314 1.121669 -0.789414
0.243345 -0.889382 0.972787
-0.224768 -1.050595 -0.381303
-0.349614 -1.031259 0.071682
-0.303291 -0.968118 -0.605663
-0.362799 -0.765849 0.427492
-0.550791 -0.817292 -0.438689
-0.631362 -0.549685 0.439756
-0.540134 -0.619751 -0.951724
-0.562634 -0.364029 0.729982
-0.785721 -0.617862 -0.819318
-0.879114 -0.438495 0.410400
-0.800078 -0.631459 -1.374906
-0.900266 -0.347230 0.593025
-1.196461 -0.652472 -1.415515
-1.252793 -0.402570 0.206374
-1.197382 -0.675846 -2.067228
-1.255366 -0.254809 0.472573
-1.422425 -0.565653 -2.016522
-1.371385 -0.130496 0.178098
-1.178264 -0.512588 -2.310540
-1.178202 0.043133 0.482364
-1.275532 -0.293663 -1.934793
-1.274276 0.170632 0.053303
-1.155774 -0.118624 -1.929638
-1.182005 0.283082 0.496865
-1.309716 0.076488 -1.550783
-1.272375 0.425005 0.241728
-1.102279 0.376269 -1.317359
-0.964349 0.588493 0.720376
-1.016677 0.641748 -0.850369
-0.917472 0.807493 0.316304
-0.687284 0.978767 -0.831855
-0.456153 1.086558 0.038484
-0.461053 -1.079434 -0.601797
-0.411334 -1.105632 -0.167930
-0.491956 -1.169319 -0.276463
-0.603030 -1.024792 0.170122
-0.688881 -1.026691 -0.742790
-0.842322 -0.689317 0.539136
-0.920358 -0.869711 -0.453185
-0.954320 -0.630547 0.280304
-0.901196 -0.801242 -1.096183
-1.075086 -0.487439 0.473499
-1.144213 -0.755022 -0.946252
-1.239494 -0.526066 -0.046610
-1.305058 -0.751201 -1.818176
-1.433231 -0.412489 0.005777
-1.529275 -0.746235 -1.547414
-1.634582 -0.551590 -0.665374
-1.624158 -0.789881 -2.451695
-1.660222 -0.442527 -0.245691
-1.579738 -0.823863 -2.116544
-1.543013 -0.523334 -0.875207
-1.485829 -0.729323 -2.573667
-1.557778 -0.198366 -0.246436
-1.575305 -0.505684 -1.971403
-1.554847 -0.145838 -0.496591
-1.491989 -0.265985 -2.031183
-1.454219 0.135320 0.297645
-1.383763 -0.038880 -1.068990
-1.258303 0.188757 0.330379
-1.075010 0.426484 -1.124830
-1.054271 0.480060 0.757734
-0.978965 0.588184 0.372207
-0.663817 0.700464 0.747755
-0.594377 -0.937184 -0.108910
-0.681743 -1.107123 -0.039241
-0.807002 -1.133564 -0.432455
-0.851199 -0.946659 0.145370
-1.057397 -0.900362 -0.173629
-1.038559 -0.710683 -0.112808
-1.134581 -0.701572 -0.479118
-1.109778 -0.549500 0.003532
-1.347522 -0.628937 -0.384754
-1.225981 -0.513774 -0.428268
-1.507538 -0.619813 -0.950974
-1.554926 -0.443066 -0.447528
-1.949558 -0.555748 -0.682177
-1.774812 -0.375919 -0.990064
-2.054972 -0.513317 -1.360332
-1.946478 -0.247279 -0.844476
-2.234621 -0.283910 -1.023201
-1.860233 -0.135828 -1.353310
-1.909582 -0.285392 -1.748497
-1.820402 0.009213 -1.013422
-2.001738 -0.022977 -1.386621
-1.687654 0.214309 -1.311007
-1.715641 0.096053 -1.608128
-1.648439 0.368359 -0.717419
-1.728388 0.355271 -1.025571
-1.432055 0.457417 -0.768819
-1.291101 0.469740 -1.088429
-1.285753 0.677821 -0.171255
-1.149872 0.815739 -0.527140
-0.964442 0.713986 -0.238255
-0.894772 0.931083 -0.833853
-0.669750 1.032764 -0.574982
-0.845939 -0.992667 -0.552685
-0.951616 -1.216896 -0.342152
-1.005194 -1.356343 -0.451687
-1.062471 -1.196973 -0.087240
-1.052199 -1.227542 -0.725779
-1.189829 -0.944336 0.068949
-1.302522 -1.015422 -0.533072
-1.377518 -0.838640 -0.264387
-1.365875 -0.879162 -0.932285
-1.515100 -0.659875 -0.046143
-1.653562 -0.816505 -0.821096
-1.684247 -0.667985 -0.593291
-1.742380 -0.730981 -1.421341
-1.706484 -0.514715 -0.409040
-1.855808 -0.681505 -1.135036
-1.867480 -0.517598 -1.041866
-1.829885 -0.531504 -1.811705
-1.710929 -0.335938 -0.648372
-1.826072 -0.445451 -1.554297
-1.699563 -0.220359 -1.246323
-1.781913 -0.222106 -2.081591
-1.629380 0.097842 -0.600979
-1.753330 0.029769 -1.517849
-1.595810 0.258099 -0.756220
-1.618719 0.279724 -1.708204
-1.496539 0.477456 -0.061475
-1.440412 0.405159 -0.895842
-1.276525 0.537225 -0.030563
-1.063249 0.676551 -1.078854
-0.978590 0.793208 0.344637
-0.775927 0.816949 -0.237993
-0.564326 0.904852 0.343955
-0.795783 -1.104322 -0.349811
-0.860493 -1.283985 -0.364992
-0.957630 -1.307989 -0.646080
-1.034207 -1.157069 -0.231186
-1.248619 -1.055801 -0.495492
-1.234275 -0.995775 -0.546962
-1.343112 -0.899961 -0.720214
-1.417474 -0.862405 -0.429865
-1.667803 -0.710305 -0.735645
-1.691309 -0.726476 -0.740714
-2.010932 -0.574726 -1.094489
-1.969109 -0.545328 -0.833305
-2.281263 -0.443636 -1.037092
-2.064525 -0.407736 -1.223535
-2.329296 -0.202714 -1.414291
-2.138309 -0.159214 -1.175641
-2.377560 0.040256 -1.288331
-2.014164 0.026477 -1.419880
-2.165320 0.246855 -1.588038
-1.955055 0.302107 -1.221138
-2.152499 0.517454 -1.252386
-1.801655 0.521696 -1.234536
-1.891277 0.755481 -1.444661
-1.717459 0.788683 -0.876175
-1.700675 0.926676 -0.969989
-1.438731 0.816924 -0.719735
-1.358067 0.938378 -1.079728
-1.253289 0.983063 -0.541223
-1.033686 1.145984 -0.633267
-0.906751 1.016743 -0.452701
-0.827778 1.114578 -0.730816
-0.650000 1.112234 -0.549951
-0.936295 -1.462900 -0.786072
-1.088615 -1.780908 -0.791777
-1.216963 -1.985059 -0.929374
-1.306277 -1.793111 -0.593522
-1.329113 -1.889672 -1.204670
-1.343345 -1.413355 -0.345445
-1.429088 -1.393085 -0.919263
-1.558457 -1.209331 -0.653104
-1.611758 -1.202012 -1.267396
-1.711120 -0.880208 -0.277755
-1.924246 -0.863534 -1.154865
-2.020715 -0.727962 -0.780147
-2.099055 -0.760330 -1.546376
-2.057621 -0.561980 -0.493259
-2.178064 -0.584486 -1.511704
-2.149656 -0.414767 -1.058636
-2.145969 -0.326942 -1.795648
-2.001022 -0.081606 -0.580262
-2.076212 -0.045394 -1.566445
-1.948591 0.103276 -1.228646
-1.984055 0.259772 -1.648970
-1.810631 0.473458 -0.550567
-1.877852 0.499055 -1.291338
-1.686575 0.622025 -0.898534
-1.610802 0.742576 -1.415534
-1.484725 0.857105 -0.190620
-1.405456 0.778263 -0.797583
-1.196525 0.867755 -0.480930
-0.994621 0.947764 -0.921508
-0.872177 0.967979 -0.039737
-0.774754 0.994601 -0.285557
-0.560844 1.004413 0.032486
-0.919226 -1.573694 -0.660739
-1.029857 -1.791708 -0.619941
-1.066715 -1.930060 -1.221116
-1.086160 -1.608832 -0.502075
-1.245343 -1.461406 -1.053117
-1.207955 -1.341991 -0.686312
-1.281156 -1.324821 -1.491777
-1.312923 -1.073702 -0.422705
-1.539070 -0.905747 -1.353617
-1.569416 -0.802270 -0.613076
-1.868307 -0.637665 -1.729051
-1.771354 -0.439465 -0.568375
-2.107649 -0.327114 -1.750676
-1.964177 -0.274239 -0.952975
-2.266009 -0.161261 -2.027002
-2.037362 -0.005986 -0.741926
-2.229373 0.144340 -1.838096
-1.870116 0.210449 -0.970072
-2.018879 0.309315 -1.888723
-1.815010 0.497355 -0.527259
-2.018940 0.662916 -1.534085
-1.792994 0.752575 -0.901997
-1.841499 0.967453 -1.746562
-1.686809 1.043780 -0.372509
-1.669847 1.214984 -1.358365
-1.490276 1.186366 -0.925285
-1.394103 1.347154 -1.655157
-1.242167 1.288462 -0.608973
-1.176382 1.479412 -1.010092
-0.942250 1.241377 -0.851335
-0.793036 1.287465 -1.073791
-0.621475 1.146280 -0.887859
-0.877793 -1.875800 -1.001758
-0.980392 -2.193298 -0.935650
-1.064244 -2.369417 -1.233600
-1.159014 -2.128810 -0.648445
-1.188348 -2.250100 -1.721444
-1.088984 -1.713475 -0.161722
-1.201284 -1.727643 -1.542041
-1.192258 -1.496889 -0.382898
-1.317113 -1.482159 -1.812228
-1.291315 -1.042636 0.093343
-1.560410 -0.948562 -1.712122
-1.529703 -0.708341 -0.210892
-1.737206 -0.615703 -2.026821
-1.560866 -0.454080 -0.013159
-1.891944 -0.446646 -2.015558
-1.766908 -0.257273 -0.316121
-1.951970 -0.122959 -2.383874
-1.598145 0.084413 0.101441
-1.772909 -0.035701 -1.979382
-1.603221 0.221373 -0.181625
-1.708959 0.436670 -2.076309
-1.527819 0.640467 0.131140
-1.642138 0.594350 -1.716009
-1.484162 0.770775 -0.212208
-1.372588 0.930861 -1.921642
-1.203635 1.056996 -0.056558
-1.290816 0.959948 -1.231738
-1.161154 1.103961 -0.423825
-1.057192 1.190396 -1.524354
-0.875058 1.165991 -0.334098
-0.737938 1.115353 -0.852066
-0.550857 1.065360 -0.402950
-0.704526 -1.647172 -0.717872
-0.786007 -1.840215 -0.720463
-0.857747 -2.003731 -1.334505
-0.861644 -1.679108 -0.608443
-0.965971 -1.570958 -1.223230
-0.961709 -1.414180 -0.585754
-1.023625 -1.429137 -1.647099
-0.991525 -1.233528 -0.356989
-1.168244 -1.106032 -1.480463
-1.177463 -0.941464 -0.388106
-1.419709 -0.718941 -1.721208
-1.373393 -0.588239 -0.479931
-1.623185 -0.291227 -1.633383
-1.447687 -0.295487 -0.584676
-1.767676 -0.017581 -1.961351
-1.494014 -0.048267 -0.635391
-1.759086 0.180847 -1.596439
-1.437815 0.250057 -0.387158
-1.627516 0.398704 -1.812707
-1.386733 0.506255 -0.228150
-1.483604 0.680739 -1.385609
-1.359514 0.841377 -0.164592
-1.523342 1.062247 -1.806756
-1.442311 1.196597 -0.273664
-1.277011 1.356876 -1.342414
-1.207597 1.458516 -0.408513
-1.237508 1.620837 -1.819316
-1.209844 1.621211 -0.843641
-1.146430 1.676949 -1.272274
-1.015473 1.452017 -0.750551
-0.856326 1.421308 -1.079293
-0.692716 1.314549 -0.896951
-0.628117 -1.847082 -0.986054
-0.664935 -2.108204 -0.934807
-0.704680 -2.229539 -1.206166
-0.769723 -2.020759 -0.612801
-0.774491 -2.105806 -1.683804
-0.741339 -1.772931 -0.143899
-0.840691 -1.729914 -1.643549
-0.791645 -1.572396 -0.191096
-0.873397 -1.664051 -1.968090
-0.930795 -1.256597 0.291769
-1.100047 -1.064474 -1.766281
-1.157938 -0.857713 -0.020991
-1.243764 -0.724153 -2.091693
-1.156442 -0.559448 0.141719
-1.300499 -0.283583 -1.862014
-1.169135 -0.264519 -0.124270
-1.309991 -0.173582 -2.356918
-1.158396 0.007945 0.304608
-1.287427 0.075780 -1.769377
-1.218915 0.291093 -0.119807
-1.140419 0.418784 -2.013678
-1.179534 0.711185 0.306524
-1.159086 0.727903 -1.515967
-1.110301 0.973919 -0.259532
-0.984210 0.933790 -1.825986
-1.010940 1.121387 -0.274498
-1.038416 1.046713 -1.132510
-1.060809 1.315471 -0.841902
-1.034874 1.347232 -1.437061
-0.963380 1.388124 -0.619028
-0.856626 1.302896 -1.004712
-0.622309 1.317468 -0.546273
-0.505950 -1.557929 -0.652498
-0.529092 -1.660944 -0.471690
-0.555049 -1.819728 -1.377932
-0.537472 -1.478765 -0.164388
-0.684391 -1.467478 -1.375884
-0.638504 -1.358713 -0.053966
-0.745252 -1.471565 -2.035850
-0.609427 -1.164375 0.372615
-0.786015 -1.226957 -1.998081
-0.743001 -0.949603 0.433585
-0.904335 -0.855234 -2.341321
-0.817986 -0.572230 0.721785
-1.044171 -0.286743 -2.323497
-0.933740 -0.199172 0.685967
-1.085343 0.049744 -2.676860
-0.872991 0.015046 0.884014
-1.137831 0.353530 -2.534007
-0.994266 0.277324 0.506662
-1.122935 0.559995 -2.963259
-0.983135 0.567367 0.966066
-1.168371 0.893417 -2.494077
-1.179101 0.884609 0.251629
-1.193035 1.284339 -3.042120
-1.113168 1.210030 0.488757
-1.192655 1.521726 -2.473779
-1.129538 1.411881 -0.549684
-1.053859 1.783053 -2.568972
-0.962879 1.680364 -0.707215
-1.010663 1.843737 -1.656689
-0.909106 1.624492 -0.892294
-0.759451 1.622650 -1.368152
-0.605710 1.471380 -1.197268
-0.509457 -1.706421 -0.801363
-0.451405 -1.871454 -0.629082
-0.452768 -1.935953 -1.057550
-0.473676 -1.684593 -0.225377
-0.523645 -1.801736 -1.707392
-0.420352 -1.441040 0.339334
-0.500261 -1.503429 -1.727792
-0.437770 -1.252589 0.341582
-0.587798 -1.562331 -2.232832
-0.471128 -1.024180 1.033387
-0.592058 -1.015696 -2.240978
-0.612917 -0.667333 0.939771
-0.766376 -0.652343 -2.616471
-0.625399 -0.425577 1.247420
-0.779064 -0.199755 -2.614731
-0.734464 -0.154882 1.122751
-0.835014 -0.024254 -3.340877
-0.540317 0.029778 1.345859
-0.679230 0.085905 -2.934627
-0.756681 0.296141 1.070185
-0.832731 0.647058 -3.386155
-0.670220 0.697593 1.111364
-0.812535 0.729770 -2.890449
-0.843166 0.891711 0.715137
-0.870812 1.117222 -3.101458
-0.718191 1.219211 0.218324
-0.897712 1.097254 -2.141461
-0.855644 1.294279 -0.300738
-0.890405 1.391098 -1.944578
-0.816037 1.439103 -0.447274
-0.735445 1.443256 -1.303360
-0.552183 1.390766 -0.723786
-0.431235 -1.406377 -0.330874
-0.454933 -1.480968 -0.253814
-0.405592 -1.599277 -0.918475
-0.384639 -1.289485 0.038071
-0.514277 -1.326753 -0.941130
-0.458428 -1.171551 0.022695
-0.554242 -1.252055 -1.481159
-0.426756 -0.967316 0.408894
-0.622110 -0.972970 -1.450296
-0.522427 -0.790410 0.591162
-0.643581 -0.721791 -1.955287
-0.515689 -0.478451 0.933130
-0.708200 -0.194681 -2.054981
-0.630411 -0.144636 1.064016
-0.770156 0.029812 -2.627065
-0.693485 0.013369 1.003823
-0.941396 0.191323 -2.218313
-0.786409 0.149850 1.083051
-0.927658 0.413238 -2.651779
-0.822882 0.545584 0.771891
-0.918568 0.639464 -2.021788
-0.826435 0.751590 0.946654
-0.985798 1.072875 -2.718738
-0.920637 1.118420 0.339634
-0.944021 1.301529 -2.196042
-0.790432 1.410124 0.355511
-0.798731 1.467130 -2.292729
-0.749311 1.585005 -0.029680
-0.767845 1.722738 -1.758000
-0.701098 1.662752 -0.387331
-0.634971 1.772367 -1.066743
-0.492537 1.596554 -0.805487
-0.400111 -1.492652 -0.481769
-0.341737 -1.599097 -0.335531
-0.327505 -1.657795 -0.502711
-0.298707 -1.480413 -0.000566
-0.339888 -1.560221 -1.038810
-0.243110 -1.312656 0.366116
-0.381541 -1.310524 -1.068149
-0.282044 -1.133509 0.389957
-0.417854 -1.280467 -1.536138
-0.335399 -0.965635 0.827334
-0.481261 -0.775822 -1.556889
-0.441693 -0.562729 0.995023
-0.583479 -0.546399 -2.172133
-0.506528 -0.307051 1.291999
-0.682631 -0.046023 -1.724465
-0.644940 -0.087093 1.051602
-0.803117 -0.059500 -2.275942
-0.686157 0.072221 1.282133
-0.893079 0.107294 -1.715103
-0.748819 0.349866 0.833882
-0.747807 0.346062 -2.043846
-0.676608 0.626658 0.858877
-0.814857 0.729988 -1.548648
-0.769373 0.984362 0.492417
-0.725444 0.847611 -1.936860
-0.658720 1.136005 0.357406
-0.711015 0.952416 -1.455922
-0.686783 1.242123 -0.171159
-0.651179 1.220071 -1.367906
-0.623139 1.303961 -0.241936
-0.614936 1.287146 -0.975310
-0.461695 1.286241 -0.405909
-0.297005 -1.321524 -0.129744
-0.311158 -1.363079 -0.012832
-0.257414 -1.438486 -0.536547
-0.263060 -1.234283 0.272387
-0.313066 -1.250821 -0.554891
-0.261379 -1.102676 0.396702
-0.303474 -1.106907 -1.069442
-0.240253 -0.949431 0.662067
-0.366995 -0.867628 -1.176957
-0.253667 -0.791703 0.913415
-0.389854 -0.669850 -1.705869
-0.348764 -0.456363 1.240391
-0.493477 -0.192591 -1.790907
-0.421473 -0.127521 1.202834
-0.483377 -0.014646 -2.114740
-0.430308 0.024486 1.425609
-0.631550 0.344732 -1.885532
-0.538608 0.275794 1.079934
-0.633649 0.464457 -2.308420
-0.528941 0.513284 1.192163
-0.656176 0.672336 -1.812043
-0.556066 0.781878 0.927242
-0.542251 1.000811 -2.333461
-0.498057 1.042057 0.962281
-0.559358 1.261790 -1.972494
-0.506586 1.214293 0.434144
-0.481121 1.364348 -2.011676
-0.454924 1.388665 0.233641
-0.460175 1.547342 -1.417410
-0.389984 1.476141 -0.095498
-0.361476 1.523494 -0.935074
-0.317100 1.377424 -0.665465
-0.255217 -1.404863 -0.291898
-0.214083 -1.503852 -0.130643
-0.151696 -1.489739 -0.289218
-0.069006 -1.355703 0.249984
-0.046055 -1.388298 -0.676745
-0.019299 -1.147110 0.671776
-0.075383 -1.233471 -0.745313
-0.093347 -1.001950 0.718122
-0.186724 -1.020750 -1.247237
-0.133155 -0.737216 0.973352
-0.226500 -0.597147 -1.431325
-0.261985 -0.406446 1.158302
-0.331361 -0.395153 -1.994313
-0.285679 -0.222569 1.474041
-0.289484 -0.123931 -1.763968
-0.286487 -0.050852 1.401947
-0.319241 0.077021 -2.220859
-0.310162 0.164843 1.669246
-0.351485 0.241829 -1.862604
-0.354129 0.323881 1.313326
-0.362277 0.447733 -2.225647
-0.365026 0.621910 1.344454
-0.362326 0.681485 -1.835001
-0.357729 0.874515 1.032842
-0.353475 0.942815 -1.998369
-0.311672 1.068419 0.803843
-0.447865 1.001510 -1.476277
-0.384623 1.143317 0.385431
-0.389491 1.202474 -1.105330
-0.359856 1.236722 0.171372
-0.374753 1.263057 -0.747056
-0.270644 1.235720 -0.129572
-0.039664 -1.306138 0.014433
-0.084642 -1.309349 0.071246
0.043771 -1.368637 -0.297673
0.106599 -1.221143 0.342982
0.144055 -1.277723 -0.417938
0.169051 -1.096967 0.484124
0.173046 -1.159846 -0.705492
0.135767 -0.964145 0.778538
0.051400 -0.923496 -1.019980
0.083353 -0.676364 1.006580
-0.007531 -0.629602 -1.352381
0.005468 -0.369835 1.262157
-0.135285 -0.256580 -1.566164
-0.120689 -0.082440 1.353813
-0.119708 -0.045631 -1.825960
-0.123254 0.097417 1.490901
-0.202510 0.227874 -1.644051
-0.194293 0.369298 1.350245
-0.218238 0.408386 -1.789128
-0.226363 0.503654 1.226307
-0.240289 0.559223 -1.507855
-0.323901 0.786596 1.269977
-0.261388 0.823586 -1.688750
-0.237837 0.967842 1.112279
-0.191154 1.028808 -1.543929
-0.172094 1.121156 1.030568
-0.199970 1.133408 -1.467745
-0.220219 1.247464 0.623262
-0.235204 1.329466 -1.061975
-0.189762 1.326452 0.292142
-0.124223 1.374357 -0.503792
-0.079732 1.320400 -0.250833
0.012118 -1.354748 -0.125325
0.130545 -1.399596 -0.002340
0.301420 -1.406620 -0.141852
0.438657 -1.291872 0.293225
0.553263 -1.363958 -0.359983
0.568431 -1.171911 0.589628
0.608387 -1.260415 -0.581261
0.563863 -1.046064 0.699374
0.517645 -1.023783 -0.829152
0.489185 -0.718690 0.843870
0.394744 -0.599678 -1.063810
0.470154 -0.333950 1.052942
0.348043 -0.415962 -1.392238
0.318255 -0.134639 1.312202
0.264011 -0.198110 -1.494379
0.305405 0.055987 1.379359
0.240463 -0.031724 -1.618679
0.223057 0.257621 1.524203
0.125153 0.176865 -1.533591
0.213251 0.445363 1.339591
0.144900 0.388715 -1.562431
0.111976 0.701187 1.380902
-0.039914 0.660493 -1.460357
0.072332 0.920101 1.131997
0.102793 0.869993 -1.466195
0.137447 1.060201 0.978433
-0.055303 1.050300 -1.271464
-0.059940 1.209224 0.581460
-0.167214 1.177681 -0.922975
-0.148708 1.280308 0.326592
-0.169429 1.279336 -0.445303
-0.056176 1.262812 0.016378
0.259289 -1.270442 0.048417
0.360326 -1.287566 0.304738
0.561241 -1.317628 -0.232763
0.731715 -1.190158 0.371535
0.901684 -1.270443 -0.301164
0.936352 -1.165753 0.448653
1.089668 -1.177555 -0.519407
1.103397 -1.005119 0.525198
1.114802 -0.996399 -0.670238
0.976253 -0.704498 0.824999
0.952428 -0.694713 -0.973306
1.029258 -0.367078 0.961895
0.963705 -0.335006 -1.135335
0.777083 -0.082845 1.261181
0.741935 -0.175221 -1.649436
0.887594 0.116436 1.422903
0.886130 0.118642 -1.495409
0.811854 0.391487 1.474844
0.799500 0.310391 -1.747665
0.961547 0.598317 1.517059
0.787114 0.507629 -1.390778
0.685797 0.794403 1.457989
0.538893 0.695486 -1.617534
0.516561 0.977203 1.432524
0.417188 0.897617 -1.266219
0.435711 1.038223 1.051468
0.379380 0.997036 -1.228426
0.267124 1.185451 0.725757
0.147495 1.209256 -0.807002
0.174509 1.288825 0.328081
0.242588 1.323441 -0.494237
0.215758 1.317403 -0.178307
0.421046 -1.293904 -0.078445
0.608727 -1.350959 0.103703
0.812534 -1.378270 -0.127492
0.940551 -1.290611 0.351223
1.146479 -1.351850 -0.366672
1.250502 -1.277132 0.517225
1.497165 -1.363477 -0.346442
1.477088 -1.207413 0.448195
1.463153 -1.138637 -0.611202
1.366654 -0.885242 0.656771
1.476443 -0.770233 -0.618745
1.424833 -0.462128 0.741449
1.329216 -0.488205 -1.019167
1.250084 -0.178241 1.119724
1.365260 -0.184724 -1.031204
1.396300 0.112060 1.191036
1.315692 0.000056 -1.470430
1.323708 0.360322 1.660313
1.510663 0.259268 -1.325944
1.595413 0.630333 1.551094
1.478485 0.478772 -1.553720
1.394171 0.880764 1.896622
1.371834 0.709576 -1.428741
1.351909 1.022742 1.612513
1.123561 0.875369 -1.391431
0.995254 1.173645 1.396119
0.768919 1.033862 -1.043292
0.688293 1.243277 0.864322
0.463497 1.224549 -0.805698
0.374442 1.317173 0.504076
0.357444 1.363397 -0.463891
0.371380 1.323346 0.039139
0.626045 -1.247456 0.088183
0.857620 -1.326981 0.222926
1.066874 -1.348787 -0.109141
1.290175 -1.205646 0.285883
1.474159 -1.289644 -0.158827
1.725493 -1.285193 0.166938
1.802341 -1.229288 -0.227920
1.855839 -1.111264 0.307511
1.826311 -1.038531 -0.413428
1.830915 -0.827415 0.262187
1.758425 -0.689543 -0.415571
1.766691 -0.399648 0.517078
1.700628 -0.343830 -0.654938
1.694963 -0.054571 0.546059
1.602480 -0.057404 -0.617741
1.621562 0.256668 0.924053
1.604956 0.154024 -0.821949
1.667537 0.449035 0.834956
1.626368 0.436055 -0.507980
1.645372 0.745155 1.324442
1.633474 0.578418 -0.916388
1.693154 0.845609 1.099036
1.598543 0.833605 -0.629567
1.546051 1.072804 1.393704
1.453145 0.974182 -0.938447
1.350758 1.168405 1.163131
1.207859 1.133408 -0.550234
1.057674 1.270736 0.865436
0.899984 1.206566 -0.675072
0.830201 1.319504 0.146691
0.723523 1.411241 -0.303492
0.606887 1.370228 -0.111525
0.807992 -1.306533 -0.048831
1.034048 -1.358274 0.034458
1.310587 -1.387895 -0.023619
1.519604 -1.354230 0.193148
1.775894 -1.451236 -0.088095
1.833940 -1.508004 0.404040
2.055653 -1.496155 -0.223184
2.074026 -1.481047 0.310844
2.073977 -1.299513 -0.185398
1.949631 -1.133716 0.513506
1.949891 -0.899959 -0.314764
1.873650 -0.731010 0.472012
1.773426 -0.520713 -0.139324
1.631658 -0.293677 0.743405
1.649251 -0.172432 -0.279418
1.594124 0.040001 0.814577
1.570006 0.064457 0.061064
1.435364 0.296956 1.189413
1.546556 0.286760 -0.043822
1.525516 0.530961 1.122541
1.537990 0.500703 0.295385
1.372616 0.742985 1.437706
1.476089 0.675937 0.070139
1.363438 0.939226 1.396374
1.369397 0.859651 0.183854
1.186640 1.093928 1.302845
1.142881 1.032210 -0.100452
1.004258 1.191108 0.865750
0.871782 1.197784 -0.009229
0.774172 1.274778 0.498279
0.710734 1.330885 0.032078
0.628749 1.307638 0.314362
0.638173 -1.317182 -0.075674
0.991476 -1.367252 -0.033446
1.134716 -1.222090 -0.303852
1.384032 -1.234048 0.060598
1.492610 -1.246595 -0.250886
1.821991 -1.287225 -0.013737
1.845654 -1.214533 -0.433868
1.996150 -1.182220 0.064597
1.892632 -1.045634 -0.228398
1.936913 -0.876278 0.038426
1.746146 -0.680863 -0.341761
1.768554 -0.546552 0.189032
1.629143 -0.336384 -0.140279
1.686582 -0.123914 0.260991
1.495332 0.007634 -0.241700
1.584613 0.231253 0.550578
1.461165 0.256888 0.104131
1.610046 0.430324 0.529151
1.387969 0.424313 -0.060002
1.512483 0.669940 0.843154
1.415666 0.457540 0.335242
1.586307 0.785045 0.818324
1.430745 0.637788 0.029243
1.517862 1.051277 1.103778
1.454448 0.698479 0.322703
1.515955 1.164553 0.832201
1.318929 0.947206 -0.063555
1.219160 1.237431 0.623243
1.070480 1.131604 0.015731
1.023517 1.254469 0.079848
0.829244 1.311975 -0.349047
0.664185 1.249106 -0.457585
0.787408 -1.221723 0.117813
0.880064 -1.371859 0.360920
1.278297 -1.358248 0.097990
1.375327 -1.287327 0.414172
1.654915 -1.307665 -0.011572
1.670426 -1.318098 0.448850
1.934693 -1.259703 0.012854
1.830838 -1.179998 0.289031
1.804467 -1.030022 -0.005445
1.651123 -0.946766 0.436809
1.752990 -0.734253 0.102034
1.632915 -0.558484 0.371458
1.571836 -0.346750 0.084364
1.490331 -0.211420 0.572409
1.540037 -0.022877 0.257117
1.446269 0.117101 0.638023
1.500468 0.191044 0.358829
1.371658 0.260319 0.950651
1.527975 0.376598 0.580411
1.413558 0.449093 0.867996
1.517944 0.502688 0.548808
1.345545 0.596641 1.225399
1.508179 0.678950 0.685622
1.325351 0.791491 1.079198
1.432820 0.811096 0.567245
1.257679 0.955956 1.168046
1.359311 0.942764 0.604995
1.227564 1.028859 0.726613
1.180148 1.123519 0.380905
1.040068 1.204134 0.533823
0.922257 1.264572 0.051130
0.708131 1.170558 0.050811
