2.479061 0.083303 0.202560
1.270711 -0.140222 -0.154829
1.617124 -0.018168 0.133203
0.183167 0.358089 0.005731
0.658796 -0.010991 -0.108719
2.705299 0.081580 -0.071734
0.404600 0.073439 0.375781
-0.088798 0.285471 -0.170806
2.962149 0.103469 0.125122
-0.216067 0.146133 0.212392
-0.178416 0.171970 0.282686
0.527079 0.141631 0.266532
0.205933 0.230822 0.108010
1.312903 -0.045684 -0.108559
0.257849 0.410735 0.072307
2.864904 0.001941 0.147111
0.872873 -0.002238 0.152000
2.369698 0.058339 0.301468
-0.584887 0.351589 0.036991
-0.603395 -0.078707 -0.118184
1.972695 -0.029182 0.055438
1.594992 -0.038230 0.093613
2.018343 0.013723 0.152768
-0.143390 0.257800 -0.295191
0.173503 0.027567 0.513709
2.055217 -0.049150 0.152933
-0.208816 0.355307 0.055480
2.000810 0.026865 -0.007444
-0.554832 0.161042 0.120056
0.794269 -0.063119 0.010271
-0.993956 -0.170971 -0.129495
0.254873 0.175765 -0.307501
1.349454 0.342599 -0.004566
1.188868 -0.112864 -0.167128
2.400301 0.011539 0.228094
2.437906 0.068955 0.017034
3.043111 0.207887 -0.005146
0.747679 0.204464 -0.064917
1.905534 0.079073 -0.149310
0.194848 0.222433 -0.219802
-0.495560 0.212355 0.405142
0.080808 0.314504 0.221665
0.490818 0.099966 0.175931
-0.157229 0.111123 -0.170833
-0.036087 -0.026501 -0.239011
-0.190112 -0.084114 -0.377782
-0.672302 -0.214959 0.023487
2.475685 0.037605 0.005468
-0.283134 0.241350 -0.239871
2.631163 0.089106 0.235122
3.286805 0.216223 -0.116039
0.553492 0.290671 -0.060249
0.154875 0.049212 0.159768
-0.037738 0.272051 0.220150
0.301776 -0.215499 0.136470
2.643725 0.241323 0.124268
2.993618 0.072299 -0.021129
0.550798 0.203012 0.140465
-1.118169 0.230303 -0.124834
2.487811 0.167960 0.235226
-1.025460 0.078998 -0.246022
0.324473 0.186959 0.030650
-0.687169 -0.195425 0.115202
0.117598 -0.300140 0.112676
-0.349353 -0.150147 -0.220419
0.821544 -0.086207 0.091471
-0.835890 0.098713 0.332697
0.332137 -0.220966 0.256491
-0.062681 0.288226 -0.150520
-0.772690 0.097611 0.161750
1.288751 0.022963 0.008792
2.043438 0.090356 0.195399
-0.866076 0.124080 0.157264
2.297632 0.134471 0.096173
2.731331 0.167577 0.150229
0.474620 -0.063783 -0.331886
1.615232 0.223480 0.132981
0.230380 -0.198735 -0.240919
0.397120 -0.138222 0.233784
0.120669 0.302819 -0.031898
0.117604 -0.251787 -0.210074
-1.025026 -0.041224 0.270259
3.337999 0.223191 0.111821
-1.146694 0.038985 0.301077
0.538083 -0.132463 -0.138744
0.142034 0.002667 -0.254350
0.905179 -0.155917 0.043150
1.951875 -0.066075 0.112090
-0.494715 0.286661 -0.019978
2.518814 0.177568 -0.017032
-0.672289 0.016999 0.184850
2.344385 0.095645 0.029703
-0.096291 -0.065754 0.169645
-0.531553 -0.007370 0.387950
2.263837 0.076573 0.048923
2.339819 0.054910 -0.022406
-0.318986 -0.153960 0.197474
1.244836 0.079716 0.037928
1.026875 -0.140597 0.212925
-0.595022 0.127056 -0.219907
-0.793262 0.006042 0.250640
-0.508372 0.386704 -0.010686
1.863153 0.066855 0.072573
0.564654 0.076657 -0.186578
0.974741 0.261537 -0.108435
1.205600 0.077613 0.169520
-0.670598 0.219415 0.006318
-0.203613 0.385376 0.044032
0.578755 -0.047995 0.215761
0.621078 -0.216142 0.097226
-0.933075 0.263252 0.075050
-0.021074 0.032906 -0.257297
1.580803 -0.031951 -0.036061
0.912593 0.266489 0.155704
2.458493 0.007329 0.159780
-1.518093 0.138967 -0.322473
0.280728 -0.050100 0.440139
1.777792 0.152854 0.000275
2.133163 -0.019185 0.236119
-0.889575 0.266285 0.019205
0.934680 -0.290381 -0.060234
0.307035 -0.199264 0.317097
-0.239264 -0.090793 0.144305
1.169433 0.115991 0.153074
1.325129 -0.010634 0.154058
1.226598 -0.046381 0.294735
0.642104 0.126860 -0.356345
0.923631 0.240698 -0.116094
1.425610 0.054746 -0.062589
-0.757435 -0.004623 -0.297671
1.689618 0.031035 0.071922
0.091252 -0.144221 0.152960
-0.347130 0.312536 -0.114478
2.042488 0.010167 0.036945
-0.660791 0.147278 -0.190869
1.343672 0.274726 0.006686
1.662391 0.180625 0.126556
-0.535734 0.292945 0.267828
-0.916010 -0.074669 -0.241212
0.227752 0.262491 0.208774
1.441928 0.158949 0.176429
-0.571443 0.295763 -0.106020
-0.348866 0.199057 0.215644
-0.316477 -0.034130 -0.371144
0.971326 0.157080 0.025853
1.105062 -0.134674 0.161572
-0.942384 0.027568 -0.271645
-0.121850 0.002694 0.255406
-1.014272 0.213006 -0.202497
0.489377 0.091512 -0.267914
2.554159 0.114350 0.274802
2.458603 0.014614 0.026476
0.540455 0.248589 -0.187320
-0.009469 -0.008095 -0.056186
-0.208804 0.070782 -0.053847
-0.158810 0.108971 0.418583
0.927300 0.281069 -0.084209
-0.845034 0.285771 0.209910
3.082636 0.046316 0.024928
-0.538428 -0.009821 0.317181
-1.335823 -0.091608 -0.328571
2.627771 0.017266 0.147095
2.207341 0.125506 0.269687
0.535596 0.153894 0.315595
0.427744 -0.059701 -0.154971
1.850686 -0.022551 -0.002845
1.665927 0.025541 0.369175
-0.022173 0.068773 -0.237676
1.856473 0.036245 -0.004512
-0.483509 -0.032945 -0.263253
2.094795 -0.134823 -0.043339
-0.399617 0.133722 0.345494
-0.374267 0.060894 0.436419
0.825123 0.032609 -0.146122
1.423562 0.006769 0.216938
0.305669 0.351786 0.103551
2.575389 -0.074084 0.177042
2.354563 0.170932 0.146505
0.058727 -0.281079 -0.027177
0.805020 0.004156 0.353237
2.629393 0.133480 -0.007762
-0.036138 0.374097 -0.238404
0.420187 0.211012 0.190261
2.815410 0.048258 0.111954
0.225523 -0.118134 0.319982
1.084478 0.008636 -0.076913
3.599872 0.177366 0.191721
-0.822140 0.208210 -0.227696
1.781899 -0.012193 0.042928
0.184536 0.119536 -0.296147
-0.022338 0.199401 0.155331
1.046137 0.235978 -0.103838
1.754558 0.138687 0.299646
0.279153 0.255295 0.051503
-0.981037 0.106205 0.277316
1.040251 -0.060668 0.241381
2.241023 0.089314 -0.015580
0.792571 -0.232264 -0.231805
-0.107940 -0.150886 0.025202
2.681451 0.121200 0.152669
2.894177 -0.138674 -0.043525
-0.211693 0.159668 0.193015
2.122930 0.021663 -0.043515
-0.256083 0.036750 0.377851
2.593392 0.093307 0.173441
2.171301 0.123371 0.031731
-0.590962 0.118297 -0.181837
1.397223 0.103316 0.144533
-0.282168 -0.139933 0.410858
2.691322 0.067212 0.162007
1.575618 0.093492 0.051408
1.212375 0.260399 -0.046204
1.222036 0.196140 0.174900
1.693678 0.140284 0.071170
-0.851568 0.155682 0.067469
-0.584229 -0.083588 -0.190288
-0.302460 0.056301 -0.361423
1.236689 0.249131 -0.143240
-0.273567 0.202193 -0.281152
2.471292 0.055753 0.206437
-0.623106 0.158774 0.006349
-0.665628 0.014695 0.267538
-1.037335 0.191194 -0.312347
-0.228738 -0.305302 0.140983
-0.859846 0.166824 0.146185
1.889841 0.140824 -0.043689
-0.153422 -0.140781 0.094647
-1.268827 0.136123 -0.321229
2.278068 0.203180 -0.096390
0.361167 0.101543 0.085025
2.000875 0.052583 0.003862
2.159919 0.276597 0.111316
-0.950289 -0.142961 0.173201
-0.605096 0.158759 -0.348792
-0.333054 0.026242 -0.268936
1.474449 0.207406 -0.100705
-0.394595 -0.267914 -0.043961
-0.322269 0.330458 0.208621
-1.038937 -0.068827 -0.205922
-0.711224 0.153495 0.079400
0.307360 -0.080010 -0.181287
-0.735144 -0.149808 -0.041118
0.287591 -0.016784 -0.180394
3.105184 0.226771 0.153749
-0.998142 -0.069984 -0.277151
0.303434 0.133112 0.259009
-0.653468 0.133527 0.217972
2.019579 0.123153 0.186361
-0.039062 -0.115232 -0.306178
-1.033579 -0.185420 -0.115302
-0.906943 -0.173155 0.112929
2.062630 -0.082193 -0.017113
-0.598176 -0.156534 -0.246023
-0.500405 0.281786 0.096263
0.423105 -0.003490 -0.020485
-0.171498 -0.131245 0.293610
-1.145777 -0.256240 -0.146851
-1.461157 -0.091439 0.015998
-1.598535 -0.075301 -0.204158
-1.637793 -0.085857 0.204693
-1.740915 -0.141661 -0.080915
-1.773536 -0.112710 -0.038707
-1.751189 -0.194034 -0.351526
-1.762985 -0.130132 0.318570
-1.878082 -0.263014 -0.317464
-1.922207 -0.240836 0.136913
-1.870186 -0.361310 -0.547394
-1.883563 -0.196985 0.647715
-1.968591 -0.331370 -0.233070
-1.904702 -0.134567 0.302237
-1.826094 -0.131901 -0.307927
-1.809692 0.074622 0.603026
-1.953954 0.034398 -0.194453
-1.972785 0.113040 0.341202
-1.946899 0.082958 -0.488008
-1.935901 0.189426 0.687679
-1.962336 0.081315 -0.275402
-1.921397 0.269321 0.478203
-1.853425 0.192353 -0.316143
-1.806703 0.282336 0.560230
-1.862564 0.196500 -0.034252
-1.820363 0.280787 0.216672
-1.749473 0.197090 -0.227812
-1.653117 0.219603 0.257465
-1.631095 0.110816 -0.169099
-1.471934 0.046057 0.073039
-1.245613 0.014792 -0.199596
-0.878854 0.217891 -0.005737
-1.477058 -0.321274 -0.175519
-1.917116 -0.301071 0.140652
-2.141111 -0.469787 -0.001362
-2.266221 -0.440274 0.236406
-2.255843 -0.511509 -0.154574
-2.337314 -0.362187 0.537665
-2.406137 -0.539290 -0.020879
-2.463176 -0.456438 0.028362
-2.418742 -0.576694 -0.380616
-2.499307 -0.385720 0.598235
-2.535850 -0.644657 -0.127362
-2.529091 -0.439002 0.359860
-2.450391 -0.478645 -0.309172
-2.513597 -0.226761 0.842396
-2.554446 -0.402932 0.147946
-2.548222 -0.188220 0.423840
-2.428612 -0.111999 -0.336414
-2.476045 0.114994 0.705250
-2.499803 -0.067334 -0.142942
-2.513048 0.083488 0.498021
-2.426996 -0.002907 -0.393592
-2.487716 0.160014 0.772911
-2.453471 -0.000962 -0.083322
-2.467057 0.082630 0.526974
-2.313976 0.041799 -0.219813
-2.384282 0.073495 0.868735
-2.360303 -0.095422 0.124957
-2.316622 -0.064439 0.398888
-2.097165 -0.139179 -0.100490
-2.027471 -0.131285 0.441695
-1.790918 -0.292473 0.108720
-1.304571 0.010350 0.250148
-1.555237 -0.124783 0.104373
-1.914840 -0.080306 0.022701
-2.160332 -0.186790 0.019849
-2.191116 -0.194011 0.213608
-2.354019 -0.274128 0.166757
-2.365806 -0.267048 -0.141809
-2.539625 -0.294739 -0.122738
-2.517832 -0.284354 0.060944
-2.698227 -0.338489 0.022755
-2.625107 -0.397125 -0.248455
-2.815874 -0.398480 -0.207795
-2.736252 -0.282294 0.246760
-2.886343 -0.242174 0.196339
-2.743612 -0.034756 0.045739
-2.947043 0.009331 -0.083029
-2.702131 0.137172 0.411215
-2.886225 0.104383 0.280010
-2.676605 0.217184 0.124517
-2.812405 0.234335 -0.107007
-2.655998 0.386242 0.306778
-2.795439 0.369555 0.055481
-2.700849 0.485953 0.100799
-2.774696 0.490843 -0.220607
-2.682748 0.593759 0.258339
-2.729061 0.526352 0.033605
-2.666767 0.526287 0.082933
-2.653302 0.484462 -0.268667
-2.533360 0.493795 0.130785
-2.452591 0.355636 -0.032776
-2.198219 0.197729 -0.059303
-2.012351 0.104828 -0.126627
-1.419626 0.233521 -0.173873
-1.454695 -0.370577 -0.142681
-1.871854 -0.499629 0.101555
-2.041570 -0.638695 -0.018403
-2.178390 -0.691880 0.210242
-2.222626 -0.780695 -0.272696
-2.321358 -0.675033 0.550249
-2.412359 -0.761638 -0.170690
-2.518073 -0.765190 0.120383
-2.553193 -0.739033 -0.460158
-2.622174 -0.611399 0.508052
-2.693718 -0.689892 -0.241854
-2.773723 -0.613105 0.265639
-2.784438 -0.516502 -0.468929
-2.807794 -0.291198 0.611321
-2.781889 -0.274396 -0.009707
-2.773284 -0.193154 0.390817
-2.666155 -0.095595 -0.189755
-2.693834 0.053795 0.692470
-2.644958 0.029665 -0.078613
-2.631559 0.125800 0.292495
-2.563499 0.162235 -0.350811
-2.655045 0.301603 0.406995
-2.648904 0.264024 -0.105607
-2.720300 0.316810 0.166455
-2.599062 0.250713 -0.296675
-2.622243 0.352791 0.439611
-2.553028 0.147744 0.004201
-2.566300 0.163607 0.236556
-2.330056 0.039448 -0.241393
-2.195352 0.074326 0.220709
-1.960093 -0.050508 -0.002398
-1.401064 0.152957 0.066846
-1.258797 -0.289889 0.048521
-1.607313 -0.315864 0.064098
-1.780092 -0.369786 -0.018693
-1.890558 -0.435835 0.086144
-2.000471 -0.415714 -0.106405
-2.104448 -0.439548 0.044391
-2.233078 -0.434268 -0.484199
-2.307500 -0.407505 0.443464
-2.394089 -0.410473 -0.308481
-2.436246 -0.487335 0.226288
-2.546675 -0.407966 -0.586270
-2.579821 -0.288707 0.654071
-2.661227 -0.178202 -0.310100
-2.709417 -0.132240 0.448861
-2.751462 0.013142 -0.507666
-2.647590 0.075947 0.746250
-2.619410 0.170958 -0.117736
-2.633149 0.248752 0.615274
-2.634892 0.431599 -0.281612
-2.597340 0.529724 0.724047
-2.609583 0.627083 -0.058591
-2.628236 0.686653 0.437031
-2.637420 0.796615 -0.206126
-2.613037 0.829729 0.307706
-2.496392 0.817648 0.030967
-2.495843 0.756508 0.203077
-2.439246 0.762151 -0.095436
-2.401779 0.668779 -0.011947
-2.199904 0.587670 -0.008208
-2.016256 0.388397 -0.045040
-1.804034 0.274652 -0.049532
-1.322418 0.317207 -0.070496
-1.170788 -0.387515 -0.066818
-1.450552 -0.442912 0.078269
-1.576992 -0.513887 0.037070
-1.666311 -0.561922 0.204674
-1.798723 -0.650505 -0.233216
-1.903527 -0.591928 0.637076
-2.071444 -0.754990 -0.265279
-2.157437 -0.716066 0.434471
-2.135402 -0.788385 -0.636338
-2.255161 -0.572014 0.981017
-2.339665 -0.750365 -0.473165
-2.469750 -0.544694 0.776228
-2.451845 -0.537543 -0.820628
-2.493860 -0.291654 1.004203
-2.398833 -0.297395 -0.487760
-2.453890 -0.159105 0.686894
-2.392643 -0.036244 -0.630560
-2.459491 0.133426 0.904459
-2.403616 0.206009 -0.400030
-2.476528 0.304257 0.624498
-2.331325 0.379075 -0.599047
-2.421664 0.501603 0.599712
-2.380399 0.519462 -0.229288
-2.397380 0.529576 0.290378
-2.208176 0.505441 -0.247663
-2.249810 0.565335 0.384613
-2.167984 0.455861 -0.097339
-2.140151 0.441863 0.142787
-1.981689 0.305609 -0.084670
-1.825928 0.262896 0.112072
-1.679397 0.124907 0.075368
-1.211278 0.205579 0.038031
-1.076861 -0.244093 0.073600
-1.352134 -0.258307 0.159243
-1.523279 -0.276864 0.059774
-1.550331 -0.245250 0.060217
-1.716610 -0.183651 0.068450
-1.830919 -0.188036 0.023994
-1.962483 -0.190601 -0.252719
-2.022358 -0.222074 0.401306
-2.149065 -0.310119 -0.243875
-2.227733 -0.374784 0.257696
-2.343273 -0.379148 -0.544132
-2.367369 -0.265849 0.716051
-2.441470 -0.215664 -0.478106
-2.408526 -0.169186 0.613310
-2.434506 -0.134707 -0.877195
-2.324335 0.031953 1.010472
-2.296430 0.136282 -0.642050
-2.388959 0.291027 0.712696
-2.466027 0.388445 -0.817933
-2.463532 0.582420 0.956437
-2.436235 0.659995 -0.432364
-2.350012 0.696522 0.490619
-2.265077 0.772660 -0.468721
-2.168879 0.806993 0.501352
-2.128152 0.822217 -0.195941
-2.020348 0.741208 0.143414
-1.892290 0.705312 -0.201597
-1.800579 0.634801 0.124827
-1.673425 0.559426 0.014916
-1.549758 0.364792 -0.037155
-1.422463 0.281971 -0.069020
-1.059987 0.282235 -0.126287
-0.986616 -0.240190 -0.093273
-1.267342 -0.264481 0.072617
-1.385289 -0.262245 0.008573
-1.467364 -0.257370 0.111942
-1.538605 -0.265306 -0.125032
-1.635611 -0.320856 0.303363
-1.799088 -0.384949 -0.088677
-1.889458 -0.469098 0.365674
-1.951610 -0.565615 -0.425023
-2.072507 -0.495602 0.748357
-2.154873 -0.656613 -0.452900
-2.290515 -0.511499 0.641837
-2.259131 -0.553755 -0.877753
-2.313973 -0.295933 1.127487
-2.204290 -0.391397 -0.844705
-2.240630 -0.088812 0.884145
-2.165899 -0.057703 -1.102875
-2.237257 0.178446 1.066606
-2.134962 0.123858 -0.769889
-2.190640 0.345210 0.577813
-2.005801 0.364505 -0.909329
-2.030747 0.509890 0.659929
-1.928891 0.393632 -0.399279
-1.963076 0.460907 0.315541
-1.703601 0.479554 -0.427301
-1.655586 0.520156 0.344317
-1.543972 0.374561 -0.128487
-1.494332 0.353792 0.093056
-1.363577 0.277961 -0.119767
-1.329814 0.258541 0.031401
-1.252620 0.161187 -0.004626
-0.917288 0.216519 -0.000705
-0.921745 -0.215870 -0.005304
-1.177621 -0.184170 0.201149
-1.291456 -0.195693 0.027253
-1.311184 -0.121476 0.105632
-1.382473 -0.103967 0.036338
-1.426633 -0.102608 0.155655
-1.553182 -0.135864 -0.059017
-1.626052 -0.194514 0.200499
-1.744881 -0.218000 -0.062474
-1.828798 -0.263053 0.184688
-1.965041 -0.213779 -0.295460
-2.048038 -0.172555 0.510530
-2.191114 -0.148694 -0.343714
-2.225932 -0.179332 0.380583
-2.251466 -0.083238 -0.773495
-2.223116 0.044575 0.731338
-2.211233 0.138185 -0.642157
-2.221926 0.277384 0.535010
-2.168847 0.338920 -0.904067
-2.140620 0.509911 0.661397
-2.018870 0.547719 -0.437590
-1.891879 0.553647 0.319395
-1.826417 0.558266 -0.517773
-1.759965 0.605983 0.294004
-1.674613 0.574538 -0.198067
-1.469733 0.527704 0.149620
-1.313146 0.484706 -0.106304
-1.219351 0.466232 0.054619
-1.135990 0.410416 0.003996
-1.078812 0.323672 -0.072625
-0.998380 0.252439 -0.015187
-0.763133 0.274013 -0.089316
-0.875247 -0.228240 -0.072497
-1.097645 -0.248734 0.144855
-1.171272 -0.211520 -0.051550
-1.176916 -0.200004 0.120714
-1.211308 -0.197186 -0.126080
-1.240131 -0.216174 0.220307
-1.308252 -0.235735 -0.068237
-1.380255 -0.302693 0.285001
-1.494103 -0.348253 -0.168638
-1.628261 -0.373401 0.453847
-1.721395 -0.430035 -0.274673
-1.855747 -0.396574 0.320489
-1.908178 -0.367303 -0.579842
-1.999568 -0.225156 0.875262
-1.984587 -0.204298 -0.539549
-2.074306 -0.055686 0.716125
-1.998518 -0.009389 -0.890086
-1.965348 0.134047 0.928389
-1.849212 0.043253 -0.584226
-1.835010 0.238386 0.548505
-1.606222 0.232054 -0.737022
-1.563715 0.379888 0.502693
-1.460170 0.269418 -0.329831
-1.466680 0.381421 0.229508
-1.297447 0.327528 -0.348985
-1.197858 0.409752 0.249600
-1.063514 0.296383 -0.118382
-1.036005 0.309609 0.081205
-0.961469 0.252084 -0.010225
-0.956436 0.246142 -0.052823
-0.911822 0.214970 0.127113
-0.652700 0.246924 0.005552
-0.843124 -0.209597 -0.020518
-1.042869 -0.210588 0.151652
-1.097578 -0.219180 -0.032075
-1.047605 -0.156768 0.180747
-1.052649 -0.207295 -0.063089
-1.044050 -0.176770 0.149426
-1.098901 -0.210832 -0.062842
-1.143806 -0.192095 0.155898
-1.299851 -0.168407 -0.036621
-1.380548 -0.141680 0.191187
-1.545291 -0.097631 -0.137860
-1.595365 -0.100096 0.380275
-1.761693 -0.086749 -0.114263
-1.793490 -0.134805 0.233650
-1.925726 -0.068044 -0.462938
-1.906163 0.079805 0.473911
-1.937581 0.164549 -0.375349
-1.842312 0.244628 0.314205
-1.807922 0.275968 -0.573243
-1.726944 0.415646 0.263234
-1.591549 0.426120 -0.203873
-1.437776 0.366741 0.070645
-1.348959 0.328185 -0.226490
-1.282395 0.404002 0.093002
-1.187285 0.419335 -0.061879
-0.998989 0.387708 -0.024524
-0.827950 0.357093 -0.078313
-0.761686 0.369099 -0.036841
-0.704464 0.334455 0.015864
-0.731970 0.292887 -0.143469
-0.678683 0.273456 0.071243
-0.527643 0.278756 -0.152806
-0.786726 -0.230596 -0.063666
-0.955399 -0.251885 0.154428
-0.975964 -0.248312 -0.053351
-0.955442 -0.221802 0.121413
-0.958841 -0.245920 -0.112242
-0.977009 -0.196425 0.165600
-0.945690 -0.212053 -0.052461
-1.002025 -0.216651 0.150211
-1.083403 -0.231264 -0.135998
-1.221318 -0.230400 0.259371
-1.315771 -0.206445 -0.131962
-1.426463 -0.174569 0.222635
-1.402590 -0.142320 -0.273263
-1.469241 -0.086742 0.447253
-1.569104 -0.070008 -0.225932
-1.681965 0.058139 0.321282
-1.590673 0.070258 -0.393192
-1.518335 0.176443 0.533196
-1.435938 0.087480 -0.256089
-1.441048 0.207496 0.261343
-1.290385 0.186463 -0.321095
-1.211749 0.300732 0.237224
-1.160289 0.229598 -0.070742
-1.150201 0.255155 0.080316
-1.041489 0.264480 -0.186470
-0.940821 0.327456 0.130548
-0.807809 0.268970 -0.093952
-0.722048 0.267435 0.039744
-0.672942 0.247767 -0.045671
-0.657194 0.227934 -0.086228
-0.640387 0.236807 0.085574
-0.416750 0.267895 0.031557
-0.795814 -0.235520 -0.013221
-0.970499 -0.226052 0.196015
-0.993261 -0.256612 -0.001421
-0.918707 -0.187888 0.170202
-0.908291 -0.234616 -0.023609
-0.923647 -0.195680 0.104490
-0.936337 -0.225914 -0.022971
-0.957916 -0.193908 0.152609
-1.027018 -0.192494 0.028829
-1.116829 -0.154361 0.145294
-1.204651 -0.148960 -0.045680
-1.243730 -0.130294 0.234298
-1.320438 -0.117298 0.011340
-1.350806 -0.123996 0.173435
-1.405056 -0.073937 -0.181278
-1.443186 0.012233 0.175435
-1.449158 0.114800 -0.024318
-1.411011 0.172657 0.115295
-1.337025 0.275089 -0.287153
-1.229084 0.353820 0.077018
-1.176433 0.364532 -0.074383
-1.067890 0.285118 -0.016768
-0.985114 0.280480 -0.086155
-1.015865 0.276095 -0.010203
-1.037891 0.340078 -0.095705
-0.893213 0.327773 -0.013078
-0.787679 0.313686 -0.135305
-0.677131 0.318496 -0.084703
-0.573196 0.318775 -0.054067
-0.489248 0.295251 -0.072733
-0.447082 0.256167 0.136305
-0.309117 0.289204 -0.016031
-0.742145 -0.221277 -0.064636
-0.884286 -0.234412 0.126811
-0.898754 -0.246510 -0.021445
-0.883230 -0.205930 0.081070
-0.854373 -0.251436 -0.100410
-0.906885 -0.179569 0.167866
-0.916936 -0.206431 -0.027633
-0.957065 -0.204123 0.141099
-0.967248 -0.239869 -0.124241
-1.015436 -0.205516 0.238482
-1.047723 -0.195182 -0.091208
-1.122429 -0.140521 0.168322
-1.121548 -0.131290 -0.233010
-1.154555 -0.087728 0.316287
-1.169726 -0.069190 -0.186045
-1.260086 0.020029 0.228218
-1.222318 0.034185 -0.258493
-1.199037 0.168603 0.265512
-1.108320 0.187045 -0.117101
-1.037461 0.255445 0.057805
-0.907286 0.242453 -0.165914
-0.890568 0.288415 -0.016967
-0.905676 0.243824 -0.046379
-0.917678 0.244695 0.107529
-0.896188 0.238695 -0.153830
-0.843279 0.279225 0.100386
-0.724515 0.278734 -0.072153
-0.631362 0.250753 0.052953
-0.539109 0.255594 -0.022518
-0.468047 0.217990 -0.064642
-0.366194 0.218727 0.098434
-0.168971 0.261256 0.022343
-0.728367 -0.223311 -0.015184
-0.892397 -0.214153 0.162344
-0.897983 -0.230660 -0.040991
-0.837115 -0.166002 0.123609
-0.822870 -0.207898 -0.027902
-0.859733 -0.166543 0.040613
-0.863330 -0.189619 -0.078607
-0.839056 -0.134479 0.138450
-0.835704 -0.123915 -0.016405
-0.867742 -0.092746 0.110147
-0.880899 -0.130422 -0.190036
-0.852174 -0.078971 0.237746
-0.888190 -0.078930 -0.088684
-0.942324 -0.040835 0.217537
-1.018048 -0.007037 -0.274955
-1.039986 0.079616 0.230336
-1.107105 0.168538 -0.184761
-1.100257 0.230712 0.130563
-1.071668 0.269071 -0.232363
-0.956917 0.337889 0.054609
-0.873885 0.357201 -0.060438
-0.782955 0.307315 -0.007649
-0.800796 0.283885 -0.003797
-0.857926 0.280169 -0.016314
-0.898687 0.304225 -0.013161
-0.829110 0.294378 0.052486
-0.696125 0.264616 -0.058374
-0.605993 0.293624 0.005474
-0.464663 0.294588 -0.074207
-0.365665 0.292139 -0.049965
-0.255947 0.271631 0.085997
-0.146337 0.310535 0.008017
-0.690950 -0.241912 -0.076633
-0.813987 -0.244103 0.141455
-0.801541 -0.263001 -0.034426
-0.776792 -0.218556 0.074380
-0.757787 -0.259120 -0.083372
-0.747993 -0.192246 0.153747
-0.718918 -0.256520 -0.049007
-0.702907 -0.224844 0.111801
-0.614198 -0.246843 -0.187787
-0.604945 -0.198416 0.240307
-0.592372 -0.233890 -0.107526
-0.616864 -0.208664 0.173882
-0.608307 -0.214802 -0.203470
-0.630793 -0.130911 0.157478
-0.710072 -0.083741 -0.159868
-0.786083 0.052045 0.234220
-0.825462 0.047669 -0.252854
-0.871357 0.173157 0.206648
-0.933333 0.163772 -0.090594
-0.897307 0.267281 0.107075
-0.786695 0.244385 -0.105591
-0.725115 0.277210 0.016890
-0.720947 0.243859 -0.024878
-0.734307 0.254234 0.059229
-0.731283 0.257580 -0.025333
-0.686006 0.260698 0.069086
-0.592128 0.245420 -0.061823
-0.501656 0.246093 0.098809
-0.430238 0.245579 -0.071533
-0.374227 0.233675 0.054968
-0.261011 0.261015 0.031733
-0.096774 0.291999 0.098066
-0.688985 -0.237036 0.006425
-0.810078 -0.218499 0.161920
-0.787984 -0.238306 -0.004970
-0.699444 -0.188121 0.148197
-0.690579 -0.216625 -0.014562
-0.654343 -0.190429 0.044576
-0.588177 -0.220323 -0.074382
-0.501779 -0.171111 0.143142
-0.490752 -0.222520 -0.101037
-0.410930 -0.164880 0.119839
-0.371021 -0.258160 -0.198244
-0.350342 -0.165206 0.253086
-0.330446 -0.224588 -0.209395
-0.321074 -0.102274 0.230247
-0.411695 -0.105775 -0.233981
-0.446066 0.061964 0.223964
-0.533516 0.046527 -0.205479
-0.566307 0.148887 0.244653
-0.660323 0.134860 -0.209655
-0.684971 0.292819 0.091181
-0.597969 0.256004 -0.129090
-0.569405 0.291037 0.043512
-0.565447 0.241203 -0.144534
-0.576393 0.276131 0.015132
-0.544973 0.278023 -0.085449
-0.485500 0.274264 0.036185
-0.446875 0.262685 -0.141292
-0.445345 0.289094 -0.023969
-0.381582 0.276994 -0.169233
-0.325705 0.303933 -0.037597
-0.202134 0.313022 0.099803
-0.086055 0.357953 0.031444
-0.622662 -0.246331 -0.040524
-0.739718 -0.260487 0.137648
-0.714774 -0.260996 -0.009371
-0.654839 -0.207576 0.040048
-0.559001 -0.241443 -0.067737
-0.544041 -0.183835 0.147673
-0.462308 -0.253735 -0.012468
-0.391698 -0.231850 0.061613
-0.252676 -0.234544 -0.154328
-0.173826 -0.192095 0.129506
-0.105188 -0.251969 -0.093073
-0.045684 -0.225965 0.172487
0.039251 -0.254690 -0.182831
0.051369 -0.164505 0.211915
0.004217 -0.137656 -0.192120
-0.079010 0.017015 0.288031
-0.109488 -0.033414 -0.292031
-0.181423 0.093009 0.241898
-0.216174 0.093617 -0.214521
-0.238827 0.215685 0.211069
-0.191437 0.202537 -0.158189
-0.160132 0.207551 0.030605
-0.226865 0.219344 -0.132389
-0.234528 0.242654 0.103126
-0.196381 0.286763 -0.107739
-0.203132 0.276918 -0.009259
-0.232071 0.276973 -0.119007
-0.224614 0.253410 0.045265
-0.231117 0.257083 -0.113877
-0.219932 0.255581 -0.016439
-0.089385 0.282415 0.048555
0.053289 0.336783 0.039780
-0.618124 -0.217390 0.010938
-0.742957 -0.207185 0.111345
-0.712492 -0.193461 -0.036512
-0.622861 -0.141400 0.111249
-0.592273 -0.162909 0.009282
-0.544506 -0.156738 -0.031140
-0.441443 -0.196084 -0.038815
-0.297468 -0.131869 0.099100
-0.155242 -0.156620 -0.040112
-0.025479 -0.158643 0.094061
0.148199 -0.217616 -0.098000
0.306829 -0.187600 0.131586
0.384513 -0.195002 -0.086718
0.419530 -0.136676 0.239661
0.432252 -0.136471 -0.239812
0.378440 -0.013135 0.282348
0.261668 -0.030726 -0.252660
0.188044 0.073796 0.342482
0.189925 0.108205 -0.257467
0.167146 0.207672 0.127714
0.113549 0.232241 -0.146379
0.116020 0.252437 0.086326
0.211749 0.233249 -0.077852
0.251646 0.264643 -0.048500
0.161059 0.289045 -0.142670
0.128326 0.298484 0.000060
0.101724 0.302581 -0.169545
0.036529 0.298217 -0.076529
-0.082300 0.269440 -0.160893
-0.067660 0.293189 -0.108857
0.055275 0.314297 0.084600
0.134331 0.367538 -0.040026
-0.566790 -0.234356 -0.049851
-0.663502 -0.230535 0.140268
-0.631262 -0.223748 -0.009939
-0.599716 -0.200157 0.074459
-0.552814 -0.190977 -0.038164
-0.502961 -0.153805 0.118233
-0.419405 -0.178284 -0.018743
-0.247927 -0.194768 0.005946
-0.052175 -0.173713 -0.054866
0.157759 -0.184955 0.091708
0.310446 -0.174449 -0.004553
0.546561 -0.197877 0.039197
0.651167 -0.184464 -0.109209
0.743073 -0.129083 0.149685
0.768224 -0.124204 -0.072849
0.790328 -0.011086 0.169744
0.694637 -0.058092 -0.317809
0.622332 0.053478 0.245362
0.607816 0.034837 -0.184790
0.592526 0.146334 0.141446
0.488746 0.088352 -0.224971
0.436729 0.105276 -0.061887
0.408623 0.147364 -0.036900
0.475287 0.163546 0.020221
0.460469 0.238138 -0.091465
0.412493 0.281906 -0.076085
0.324380 0.305737 -0.049309
0.162217 0.263781 -0.064678
0.033313 0.258147 -0.132236
-0.022910 0.253367 -0.052360
0.038988 0.280940 0.030197
0.129442 0.348384 0.007121
-0.615285 -0.220700 0.020116
-0.704110 -0.201012 0.128752
-0.663990 -0.206111 -0.007956
-0.574673 -0.169359 0.177507
-0.596705 -0.202810 -0.005445
-0.532778 -0.195637 0.064833
-0.448408 -0.229056 -0.045004
-0.211036 -0.195115 0.141639
0.110360 -0.185341 -0.080712
0.477770 -0.193459 0.064670
0.745727 -0.144351 -0.119218
0.952558 -0.142218 0.092336
1.076262 -0.124714 -0.156758
1.296698 -0.082940 0.031012
1.328807 -0.036042 -0.107757
1.356363 0.020623 0.137591
1.274475 0.020282 -0.212641
1.218155 0.074523 0.046806
1.108344 0.065247 -0.162828
1.093378 0.090791 0.031816
0.941234 0.095503 -0.211773
0.866981 0.131962 -0.118161
0.751686 0.147693 -0.072957
0.732163 0.154586 -0.101537
0.613705 0.196916 -0.079208
0.531792 0.258293 -0.025306
0.398799 0.299945 -0.055624
0.259256 0.322001 -0.067317
0.088741 0.297447 -0.067457
0.003233 0.286653 -0.100082
0.037595 0.278730 0.149036
0.102520 0.319843 0.011203
-0.531464 -0.251144 -0.023861
-0.658797 -0.230760 0.115857
-0.659334 -0.254708 0.049253
-0.609017 -0.212993 0.060323
-0.578941 -0.233496 -0.053406
-0.590216 -0.208530 0.147606
-0.528244 -0.238203 -0.022566
-0.216445 -0.233582 0.062290
0.224563 -0.218539 -0.121971
0.618128 -0.185899 0.045537
0.950958 -0.155645 -0.061489
1.186432 -0.139955 -0.010900
1.420515 -0.099863 0.021609
1.552189 -0.130832 0.121064
1.760336 -0.108682 -0.108908
1.771737 -0.096547 0.022111
1.668019 -0.067520 0.005167
1.433299 -0.077427 0.042482
1.424284 -0.072194 -0.103872
1.322147 -0.075970 -0.005799
1.188632 -0.026354 -0.074135
1.007888 -0.017298 -0.045923
0.946933 0.016782 0.018744
0.873715 -0.004022 -0.063624
0.774707 0.082996 0.014220
0.625113 0.153103 -0.067408
0.463262 0.231385 0.012029
0.253596 0.277005 -0.077367
0.074378 0.246222 -0.029681
-0.129233 0.251304 -0.061325
-0.082068 0.259875 0.124547
0.045837 0.304172 -0.005388
-0.509774 -0.260737 -0.001436
-0.636555 -0.221649 0.048675
-0.620570 -0.229896 -0.006072
-0.544145 -0.212448 0.105338
-0.563232 -0.245891 0.052205
-0.600087 -0.264047 0.074938
-0.489167 -0.266217 -0.059681
-0.277408 -0.218467 0.180361
0.193028 -0.196295 -0.096522
0.552667 -0.160993 0.078053
0.908958 -0.121079 -0.177188
1.141651 -0.118542 0.028261
1.343145 -0.083577 -0.124623
1.547121 -0.084243 0.022183
1.469327 -0.030837 -0.159187
1.552434 -0.042633 0.072537
1.552263 -0.000201 -0.099350
1.548001 -0.033501 -0.078203
1.427198 -0.059421 -0.138912
1.381281 -0.083573 -0.033645
1.248959 -0.011630 -0.053629
1.136806 0.026140 -0.087813
1.003018 0.024212 -0.065975
0.950270 -0.021539 -0.100038
0.865819 0.101629 0.065462
0.783698 0.179663 -0.069796
0.636811 0.278203 -0.089327
0.453353 0.310246 -0.064507
0.239974 0.290726 -0.009149
0.131122 0.291702 -0.112392
0.152465 0.263758 0.098349
0.204151 0.295584 -0.122240
-0.121165 -0.227042 -0.023203
-0.312591 -0.164459 0.076091
-0.362189 -0.216148 0.040815
-0.366401 -0.192732 0.087328
-0.331733 -0.218521 -0.027890
-0.339611 -0.186519 0.107418
-0.251350 -0.197721 -0.004576
-0.030944 -0.188212 0.127841
0.357592 -0.153177 -0.025719
0.680540 -0.141984 0.131555
0.973099 -0.068253 -0.039822
1.118217 -0.097662 0.122763
1.318023 -0.023468 -0.006405
1.398254 -0.135682 0.191062
1.600631 -0.037902 0.032289
1.551445 -0.072447 0.191190
1.485814 -0.006487 0.002563
1.360206 -0.063335 0.138764
1.368576 -0.007524 -0.002717
1.229423 -0.035165 0.055825
1.089989 0.018539 -0.010911
0.937514 0.003355 0.099373
0.951046 0.044158 0.061703
0.898259 -0.016580 0.012825
0.816340 0.075487 0.065499
0.778761 0.120609 0.108354
0.667315 0.230026 0.074667
0.463047 0.274633 0.056729
0.334098 0.289026 -0.014476
0.190224 0.254687 0.057896
0.216977 0.244450 0.085350
0.259525 0.251962 0.044266
