1.184287 -0.408610 -1.373202
0.627270 -0.080804 -0.839094
0.471807 -0.310655 -0.489128
0.376717 0.413247 -0.660397
0.614396 -0.153571 0.961521
0.743077 0.252114 -0.520894
0.606711 0.028537 0.581942
0.382003 0.527733 0.452771
0.705571 0.140332 -0.519584
0.335930 0.564519 0.188519
0.393704 0.095950 0.843551
0.569587 0.039499 0.697259
0.426570 0.174004 0.969271
1.298617 -0.027019 1.324345
0.611537 0.209298 0.792902
0.895148 -0.246977 -1.315325
0.825907 -0.328886 -1.023974
0.451259 -0.114049 -0.752990
-0.078713 0.364617 -0.277886
-0.143899 0.246577 -0.458150
0.605252 0.039946 0.808579
0.473200 0.241226 -0.164444
0.802260 0.071633 -0.855774
0.631208 0.000897 -0.909471
0.802786 -0.310426 0.988206
1.040034 -0.257437 1.212556
-0.060010 0.562567 -0.274402
0.654461 0.078643 0.851320
-0.758440 0.445684 -0.085738
0.477096 -0.318285 -0.596179
-0.565457 0.111247 -0.316346
0.537878 -0.049963 -0.542716
0.743567 0.202239 -0.969207
0.828523 0.001851 -0.645817
1.160722 0.010998 -0.956598
0.584440 0.222263 -0.425290
0.758480 -0.130112 -1.196092
0.809668 0.066138 -0.809953
1.225947 0.233647 1.233428
0.319383 0.283855 -0.664588
0.045357 0.145523 0.448844
0.581660 0.219036 0.645555
0.561958 -0.329054 0.806328
0.559141 -0.349984 -0.943130
0.101694 0.003666 -0.345500
0.200653 -0.243394 -0.522471
-0.648695 -0.426753 0.305750
1.240824 0.430966 1.419545
-0.084398 0.183784 -0.260439
1.132667 -0.132942 1.461781
0.605287 0.243965 -0.506127
0.540338 0.367967 -0.341019
0.589509 0.353052 0.737945
0.472295 -0.338180 1.075611
0.248644 -0.292048 0.671441
0.907031 0.002866 0.965610
1.230371 -0.270186 -1.374390
0.689368 0.474312 0.817098
-0.614198 0.422810 -0.203303
0.864154 -0.024728 -0.986997
-0.244120 0.019245 -0.221234
0.212604 0.477260 -0.549857
-0.231097 -0.371242 0.377328
0.251233 -0.320612 0.177877
0.101531 -0.306710 -0.313722
1.039939 -0.238279 -1.190194
-0.106221 0.159885 0.305669
0.995449 0.010909 1.156512
0.426497 0.411782 0.715304
-0.006026 0.073521 0.828916
0.685439 0.322736 0.856631
0.866918 -0.035136 -0.679738
-0.035686 0.049308 0.367808
1.139206 -0.037175 1.184462
1.010400 0.258331 -1.062724
0.543042 -0.148827 -0.621328
0.996643 -0.083543 1.049142
0.442427 -0.257425 -0.633997
0.661922 -0.223912 0.811356
0.449342 0.516936 0.092421
0.280259 -0.348663 -0.523887
-0.276278 -0.148536 0.360805
1.074031 -0.071537 -0.929336
-0.596896 -0.054395 0.333015
0.513258 -0.421139 -0.837877
0.520783 -0.025705 -0.544197
0.509585 -0.265521 -0.844185
0.857492 -0.044421 -0.912242
-0.246781 0.416920 -0.263076
1.113607 0.072381 -1.165156
-0.660969 -0.183248 0.263607
0.509946 0.110291 -0.487475
0.819690 0.110340 1.073521
-0.033796 -0.172739 0.334542
0.907716 0.165539 1.080975
1.082817 0.088948 1.341564
-0.004749 -0.366733 -0.313500
1.163496 -0.009257 -1.168772
0.490250 -0.239014 -0.490299
0.216798 -0.143998 -0.525905
-0.243219 0.017373 0.375153
0.261935 0.523509 0.262372
1.199599 -0.211760 -1.150366
0.848826 -0.156991 1.155359
0.853725 0.041850 -0.917621
0.693319 0.126971 -0.794461
-0.070815 0.382644 -0.003361
0.150534 0.400778 -0.500649
0.783698 -0.153181 0.821794
0.923129 -0.074029 -1.072911
-0.716732 0.617400 0.144768
0.699397 -0.221430 -0.963472
0.853232 -0.000873 0.966684
0.651657 0.040691 0.845116
0.777113 -0.257439 -1.107988
-0.565590 0.047847 -0.124409
0.408287 -0.553136 0.922848
0.890028 0.090798 -1.000472
1.031884 0.142132 -1.156580
-0.302906 0.222849 -0.318477
0.396877 -0.172576 0.461395
0.388204 -0.278294 0.556114
0.825929 -0.398398 -1.189506
0.382727 0.496637 -0.116702
0.694601 0.078796 -0.503719
0.359742 0.525525 0.212311
0.613205 0.033788 -0.601388
0.839266 0.255274 1.076432
0.623886 -0.254226 -1.113047
-0.637819 0.240868 -0.010210
0.526480 0.168597 -0.623177
0.273277 -0.471799 -0.841013
-0.103006 0.444966 -0.371062
0.765199 0.449346 0.946891
0.017910 -0.182478 -0.445829
0.937251 -0.113647 1.119896
0.677510 0.182919 0.659032
0.207720 0.265044 0.572992
0.015205 -0.176967 -0.314689
0.445440 0.437673 -0.343218
1.305921 -0.326507 -1.471443
-0.184616 0.261962 -0.195901
-0.144193 -0.261613 0.516755
0.123792 0.256935 -0.510249
1.028294 0.006338 1.207540
0.627491 -0.132005 0.557029
-0.218732 0.024971 -0.207344
0.078038 -0.163797 0.630254
-0.176509 0.173898 0.186515
0.420193 0.594506 -0.108393
0.987486 -0.053771 -0.855856
0.834305 0.217023 -0.807082
0.558886 0.261208 -0.594598
1.005990 -0.265291 -0.948290
0.243859 -0.185661 -0.649837
0.404979 -0.183132 0.796021
0.512338 0.383027 0.560513
-0.547800 0.444339 -0.186325
1.268564 -0.520945 -1.397090
0.199060 -0.098035 0.805021
-0.595912 -0.005952 -0.137905
1.174336 -0.014450 -1.352076
0.640080 0.098736 -0.573569
0.860828 0.046910 0.940869
0.468855 0.441362 -0.667299
0.468587 0.320675 -0.171558
0.747581 -0.194082 -0.782601
0.310871 0.412983 -0.456502
0.448084 0.209485 0.123623
0.253319 -0.207555 -0.430006
0.652686 0.245106 1.126983
0.018098 0.003986 0.498621
0.718471 -0.042948 1.084441
0.415245 0.458139 0.466591
1.062443 -0.048305 -1.089584
0.626040 0.392481 0.982023
0.526387 0.267950 -0.401092
1.150339 -0.087621 -1.057493
0.195587 -0.391245 -0.424054
0.533989 0.064693 0.706973
0.606354 0.324509 -0.147174
0.311240 0.601938 -0.435607
0.366040 0.474234 -0.159155
0.970240 0.205587 -0.904257
0.400870 -0.154291 0.586140
0.407892 -0.345840 -0.772934
0.909314 0.309795 -0.746582
-0.426533 0.143990 -0.246609
0.886737 0.230099 0.933991
0.532945 0.174872 -0.757392
0.329404 0.190869 -0.653630
0.677568 0.037872 -0.601593
0.995820 -0.324801 -1.180901
0.725084 0.091089 -0.839427
-0.345150 -0.082438 0.407300
0.786872 -0.043806 0.968487
0.776716 -0.061985 -1.206289
0.381329 -0.453892 -0.311704
-0.243657 -0.381993 -0.115688
1.078558 0.202431 -1.141025
0.901508 0.376898 1.004019
0.341132 0.548480 -0.138586
0.977029 0.253605 1.140417
0.203636 -0.156003 0.534414
0.802941 -0.254622 -1.252296
1.105642 0.459699 1.190164
-0.206839 0.048520 -0.168565
0.779524 0.222184 1.054329
0.080437 -0.281025 0.473403
1.138854 -0.330225 -1.239048
0.329222 0.445380 -0.353479
0.593939 0.316404 0.225299
0.593392 0.443497 -0.627605
0.987799 0.196271 1.193769
-0.234533 0.000560 0.355602
0.084046 -0.229077 -0.432958
0.068277 0.183361 -0.235674
0.808333 0.043224 -0.759015
0.154976 0.153608 -0.450538
0.693127 0.492220 0.566479
0.119661 0.064515 -0.367966
0.089051 0.150716 0.379591
-0.802094 0.268476 -0.086201
0.211063 -0.245727 0.500505
-0.321468 -0.160317 0.591688
0.876243 0.012031 0.839433
0.235995 -0.546551 -0.601149
-0.439059 -0.010121 -0.327538
0.985408 -0.101017 1.086931
0.604198 -0.480127 -1.012964
0.523648 0.412355 0.076299
1.221745 -0.032611 -1.367901
-0.344651 -0.303121 -0.069689
-0.043903 0.045048 -0.231804
0.449747 -0.194656 -0.595075
0.778123 -0.176141 -0.528746
0.026945 -0.386851 0.435002
0.436585 0.371385 0.465120
-0.404865 -0.007218 -0.041654
-0.304909 0.121209 -0.087885
0.502450 0.259089 -0.798386
-0.333480 -0.262464 0.292238
0.395449 -0.506960 -0.666451
0.787734 0.257317 0.102043
-0.474588 -0.199257 -0.158995
0.852094 0.162226 1.109975
-0.436114 0.029676 0.243430
0.454890 -0.094281 -0.693814
0.113892 0.060186 -0.305018
-0.737750 -0.261002 0.062201
-0.137214 -0.219775 -0.295220
0.752923 -0.161988 -0.955204
-0.083404 -0.486465 -0.404163
0.043991 0.410424 0.421037
0.430581 0.442095 -0.528891
0.048442 -0.193099 0.331798
-0.515484 -0.572364 -0.427253
-0.690752 -0.495699 0.025495
-0.701421 -0.427309 -0.539774
-0.670651 -0.345134 0.192979
-0.796951 -0.405616 -0.363837
-0.865219 -0.305140 0.072824
-0.861739 -0.365793 -0.476418
-0.840466 -0.223441 0.178272
-0.964503 -0.292924 -0.272406
-0.909278 -0.170407 0.052085
-0.845172 -0.162115 -0.346556
-0.734732 -0.016857 0.216161
-0.603545 -0.043663 -0.168327
-0.372423 -0.014475 0.064951
-0.283491 -0.045495 -0.321867
-0.305742 -0.052923 0.171721
-0.435383 -0.068023 -0.148815
-0.340878 -0.027457 0.080939
-0.136970 0.028584 -0.256659
-0.035517 0.054601 0.234984
-0.100948 -0.032743 -0.149143
-0.231589 -0.034489 0.019735
-0.185266 -0.210861 -0.407568
-0.186120 -0.228083 0.245717
-0.307923 -0.348037 -0.144943
-0.330011 -0.313208 0.116405
-0.259741 -0.305439 -0.285059
-0.242461 -0.200858 0.388250
-0.397438 -0.176768 -0.195074
-0.454596 -0.043224 0.294474
-0.423491 0.112451 -0.366158
-0.273684 0.252111 0.132383
-0.822360 -0.588554 -0.578208
-0.867159 -0.583595 -0.201950
-0.965404 -0.682982 -0.477232
-0.965411 -0.561965 0.011806
-0.968300 -0.629680 -0.669308
-1.047512 -0.387367 0.169966
-1.107515 -0.498314 -0.366226
-1.135221 -0.337140 0.025685
-1.157749 -0.421319 -0.424483
-1.170821 -0.217195 0.144719
-1.075750 -0.216467 -0.201797
-0.869127 -0.077398 0.028838
-0.686354 -0.073183 -0.253298
-0.419718 0.035649 0.314847
-0.343718 -0.020389 -0.030919
-0.190000 -0.067759 0.107259
-0.319999 -0.076855 -0.379162
-0.161809 -0.040913 0.255084
-0.025386 -0.084096 -0.186836
0.239666 0.017640 0.085763
0.204140 0.002774 -0.359044
0.129715 -0.051439 0.239283
-0.109241 -0.262663 -0.011247
-0.181252 -0.362409 0.052837
-0.290228 -0.465602 -0.225648
-0.247733 -0.418130 0.294997
-0.301463 -0.482904 0.021212
-0.285048 -0.336322 0.274941
-0.428698 -0.299536 -0.205175
-0.467772 -0.155590 0.272728
-0.556980 -0.197234 0.139164
-0.354571 -0.018404 0.316356
-0.915007 -0.480708 -0.106634
-1.036445 -0.585290 -0.149526
-1.157177 -0.629575 -0.366974
-1.094809 -0.559863 -0.035997
-1.234729 -0.588361 -0.182644
-1.190637 -0.523724 -0.176755
-1.283865 -0.538220 -0.311638
-1.230112 -0.408094 -0.096825
-1.327143 -0.341965 -0.086587
-1.070431 -0.236418 -0.228727
-0.991976 -0.144422 -0.239069
-0.662408 -0.043868 0.077550
-0.644309 -0.020641 -0.071813
-0.313559 0.034300 -0.062850
-0.519074 0.041130 -0.380032
-0.457045 0.002472 0.323744
-0.692911 0.063012 -0.183701
-0.400276 0.077724 0.283102
-0.334952 0.154797 -0.489599
-0.124712 0.046694 0.411100
-0.297425 0.075956 -0.091812
-0.346937 0.020260 -0.010027
-0.585393 -0.037493 -0.387031
-0.550875 -0.129068 0.103639
-0.703813 -0.242581 -0.038839
-0.583501 -0.262217 0.026365
-0.641992 -0.266586 -0.155630
-0.610646 -0.161494 0.138062
-0.691663 -0.041822 0.044083
-0.668413 0.022822 0.059723
-0.718297 0.019886 -0.087343
-0.532779 0.153622 -0.063437
-1.038476 -0.586297 -0.357334
-1.178989 -0.704766 -0.248526
-1.277890 -0.794245 -0.261336
-1.263638 -0.730248 -0.079072
-1.230722 -0.791583 -0.526878
-1.308209 -0.645903 0.040753
-1.395713 -0.732144 -0.315597
-1.440105 -0.620240 -0.128685
-1.316170 -0.559453 -0.461245
-1.304822 -0.391131 0.079808
-1.314577 -0.392070 -0.191260
-1.083374 -0.244748 -0.125932
-0.979222 -0.171947 -0.447845
-0.762701 -0.069318 0.279837
-0.808185 0.030029 -0.489712
-0.643789 0.018516 0.336738
-0.591990 0.090319 -0.882954
-0.377730 0.109323 1.003470
-0.193743 -0.018399 -0.415108
-0.016617 -0.063752 0.693429
-0.037072 0.109204 -0.746965
-0.173832 0.040537 0.564086
-0.382590 -0.068243 -0.202554
-0.445168 -0.105399 0.223523
-0.459823 -0.216216 -0.299096
-0.457311 -0.200020 0.332657
-0.390756 -0.259551 -0.056905
-0.445619 -0.185532 0.274175
-0.461134 -0.102244 -0.110119
-0.504228 -0.002975 0.179318
-0.534571 -0.018017 0.141248
-0.421523 0.092151 0.236375
-0.929171 -0.643012 -0.092212
-1.068876 -0.714475 -0.073027
-1.153956 -0.778489 -0.285909
-1.163659 -0.775723 -0.052934
-1.297826 -0.791686 -0.227622
-1.300039 -0.775584 -0.245287
-1.368246 -0.706770 -0.393618
-1.402231 -0.648360 -0.078077
-1.506500 -0.572964 -0.268955
-1.334695 -0.543778 -0.255938
-1.325945 -0.395098 -0.382354
-1.079871 -0.286127 0.029517
-1.226571 -0.092808 -0.194628
-1.226445 0.024189 0.121453
-1.717692 0.147061 -0.778057
-1.806993 0.084829 0.910438
-1.670287 0.164478 -0.690174
-1.305213 0.044174 0.989815
-1.161742 0.315998 -1.183551
-1.045810 0.075027 1.201681
-1.009915 0.267465 -0.549536
-0.912190 0.079882 0.592315
-0.962429 0.221562 -0.367328
-0.759649 0.168163 0.331444
-0.701931 0.120552 -0.056970
-0.522035 0.020228 0.036738
-0.498133 -0.021355 -0.045907
-0.391358 0.070817 0.055672
-0.413657 0.100933 -0.022303
-0.427374 0.139658 0.011886
-0.444166 0.091874 0.072811
-0.382557 0.205057 0.002202
-0.832300 -0.700018 -0.260712
-0.959123 -0.753615 -0.152561
-1.027485 -0.883939 -0.188954
-1.105791 -0.898999 -0.072953
-1.121163 -1.002781 -0.532852
-1.225275 -0.869054 0.106363
-1.333646 -0.953818 -0.327128
-1.453859 -0.871093 -0.140073
-1.459054 -0.885557 -0.618105
-1.506244 -0.708046 0.161555
-1.634542 -0.726454 -0.344046
-1.553467 -0.518467 -0.035512
-1.624596 -0.443620 -0.842315
-1.530208 -0.202932 0.507972
-1.741936 0.120514 -0.830328
-1.928531 0.177656 0.705342
-2.096203 0.175049 -1.440682
-2.131371 0.205457 1.615588
-1.776979 0.172826 -1.120064
-1.527906 0.122950 1.146167
-1.371073 0.275010 -1.198727
-1.435693 0.262002 1.084974
-1.223542 0.129602 -0.495807
-1.031700 0.199196 0.266520
-0.725018 0.100170 -0.373885
-0.606926 0.105218 0.352627
-0.433439 -0.019058 -0.063642
-0.358611 0.007455 0.141921
-0.384177 -0.026295 -0.091028
-0.505956 0.016891 0.066456
-0.518412 0.022706 0.137509
-0.362909 0.070556 0.127561
-0.731120 -0.587128 -0.068047
-0.847983 -0.636591 0.016554
-0.868720 -0.806658 -0.348158
-0.915154 -0.791620 0.205815
-1.039106 -0.887808 -0.295073
-1.107516 -0.852257 -0.008227
-1.175420 -0.905562 -0.682591
-1.285709 -0.748737 0.246730
-1.401611 -0.707699 -0.500343
-1.337233 -0.671364 -0.198083
-1.407044 -0.626380 -0.688600
-1.393284 -0.426113 0.227902
-1.534880 -0.180783 -0.747288
-1.624875 0.149743 0.695901
-2.004225 0.166741 -1.687790
-2.180181 0.328724 1.535304
-2.306666 0.338228 -1.667431
-2.293373 0.574227 1.494295
-2.231680 0.489926 -2.255928
-2.078912 0.560804 1.848349
-1.836296 0.301964 -1.499196
-1.586282 0.607257 1.071202
-1.167988 0.444416 -1.009768
-1.140244 0.662434 1.190446
-0.914755 0.300306 0.022995
-0.691336 0.487244 0.356222
-0.365631 0.280839 -0.028911
-0.222229 0.409573 0.335106
-0.177190 0.212915 0.204292
-0.237725 0.257280 0.076488
-0.307677 0.131848 0.118287
-0.273822 0.080214 -0.035940
-0.617925 -0.634482 -0.211949
-0.672717 -0.722102 -0.024940
-0.654531 -0.930885 -0.172504
-0.738815 -0.964262 0.087744
-0.780412 -1.145810 -0.646641
-0.896817 -0.955871 0.540754
-1.028702 -1.095081 -0.465954
-1.174303 -0.944220 0.179701
-1.182204 -1.059132 -0.925956
-1.195557 -0.739160 0.586037
-1.318217 -0.799360 -0.498237
-1.375355 -0.597739 0.217836
-1.514821 -0.433370 -1.017871
-1.483066 -0.118160 0.747500
-1.721533 0.176288 -1.185472
-1.894038 0.346907 1.045087
-2.055427 0.396501 -2.251519
-1.956603 0.498182 1.752295
-1.795248 0.466050 -1.901290
-1.695158 0.696626 1.457353
-1.556851 0.511780 -2.205051
-1.319913 0.742698 1.608494
-1.185856 0.343748 -1.182445
-0.899695 0.586382 0.849013
-0.502621 0.446260 -0.654836
-0.414853 0.459517 0.611962
-0.290699 0.239952 -0.155921
-0.336133 0.201560 0.111844
-0.194851 0.036745 -0.232739
-0.349678 0.057480 0.102508
-0.366554 -0.003838 0.067800
-0.265972 0.010254 0.201728
-0.567051 -0.429723 -0.084913
-0.644650 -0.505906 -0.023283
-0.572737 -0.706933 -0.381361
-0.630103 -0.733824 0.232390
-0.756465 -0.848508 -0.234312
-0.871716 -0.864204 -0.007302
-0.874877 -0.966253 -0.641167
-1.009973 -0.828899 0.314979
-1.131303 -0.764476 -0.352247
-1.143146 -0.715167 -0.081699
-1.161041 -0.655277 -0.435067
-1.216519 -0.504163 0.119907
-1.308369 -0.199849 -0.195353
-1.344407 -0.104694 0.164817
-1.570970 0.177575 -1.051730
-1.613351 0.261034 0.355569
-1.622404 0.437538 -0.938470
-1.638409 0.558759 0.924604
-1.634945 0.668508 -1.784424
-1.603308 0.727180 0.772604
-1.435515 0.537746 -1.059318
-1.325436 0.926503 1.398556
-1.120383 0.686769 -1.062929
-1.154898 0.990525 1.357119
-0.859604 0.640771 -0.311107
-0.959658 1.034215 1.648661
-0.780626 0.487928 0.261956
-0.853378 0.993391 1.195174
-0.421253 0.565437 0.584677
-0.338961 0.630856 0.607352
-0.370684 0.227309 0.418964
-0.337311 0.179323 0.149252
-0.481808 -0.538434 -0.210448
-0.472149 -0.739174 0.014496
-0.362997 -1.054898 -0.289836
-0.343174 -1.092796 0.180009
-0.329170 -1.377963 -0.797882
-0.530112 -1.075917 0.606892
-0.655355 -1.107706 -0.588068
-0.796752 -1.018602 0.296251
-0.821339 -1.154955 -0.895703
-0.938466 -0.902093 0.660538
-0.954188 -0.845539 -0.458432
-1.090329 -0.696980 0.150212
-1.107889 -0.544676 -0.744501
-1.171800 -0.326537 0.339261
-1.188410 0.128914 -0.361952
-1.229106 0.135001 0.345460
-1.223002 0.299316 -1.157755
-1.260673 0.385094 0.738560
-1.240927 0.620868 -0.870515
-1.207116 0.665205 0.490702
-1.057862 0.530744 -1.461745
-0.982803 0.798275 0.860403
-0.861710 0.561810 -0.853266
-0.794554 0.755967 0.533062
-0.446443 0.515516 -0.798080
-0.427485 0.656233 0.641985
-0.286428 0.391603 -0.333051
-0.320935 0.405126 0.212250
-0.156388 0.211166 -0.100304
-0.228170 0.246130 0.230310
-0.243018 0.161740 0.279145
-0.326740 0.102200 0.233730
-0.478849 -0.232204 -0.205606
-0.510453 -0.377884 0.002294
-0.364982 -0.651801 -0.668664
-0.321260 -0.729638 0.403331
-0.420433 -0.927280 -0.480856
-0.537529 -0.896103 0.225689
-0.497794 -1.031367 -0.748242
-0.632071 -0.870522 0.538268
-0.775507 -0.835081 -0.395108
-0.834631 -0.768313 0.162880
-0.838127 -0.720573 -0.403713
-0.855735 -0.608862 0.248790
-0.947776 -0.364306 0.108945
-0.941298 -0.302741 0.113482
-1.010508 -0.056266 -0.366153
-0.910429 0.041805 0.261647
-0.890494 0.408887 -0.564354
-0.851933 0.412673 0.372872
-0.910875 0.661466 -1.396904
-0.858602 0.702158 0.835704
-0.899023 0.817708 -1.277959
-0.876223 0.974274 0.622136
-0.746934 0.872175 -1.591008
-0.794958 1.155716 1.341040
-0.626980 0.480124 -0.788078
-0.678226 1.289603 1.234697
-0.428206 0.494095 -0.571929
-0.524331 1.257005 1.340948
-0.373000 0.614529 0.428554
-0.341740 0.956018 0.893950
-0.275542 0.378150 0.494491
-0.296442 0.459621 0.367115
-0.336208 -0.620968 -0.303304
-0.302375 -0.883437 0.177985
-0.141653 -1.368844 -0.608669
-0.092873 -1.314879 0.548657
0.008262 -1.766428 -1.141929
-0.147162 -1.282042 1.110363
-0.230446 -1.419673 -0.906544
-0.365052 -1.137420 0.694738
-0.377977 -1.405352 -1.074758
-0.529126 -1.020215 0.844328
-0.563184 -0.932918 -0.507478
-0.608641 -0.801189 0.353872
-0.531785 -0.684362 -0.468864
-0.606291 -0.452706 0.282746
-0.602972 -0.193306 -0.077900
-0.608589 -0.015633 0.166494
-0.531753 0.264586 -0.592492
-0.463892 0.352931 0.445798
-0.502387 0.561451 -0.673360
-0.493842 0.695143 0.445852
-0.552753 0.859796 -1.483951
-0.532878 1.041313 0.987569
-0.643318 0.678757 -1.084015
-0.498045 0.938125 0.551669
-0.313539 0.713320 -1.077046
-0.228903 0.881005 0.542359
-0.274475 0.465287 -0.651873
-0.298842 0.664989 0.283238
-0.159264 0.480980 -0.328259
-0.228002 0.443992 0.310208
-0.283293 0.348858 0.128698
-0.297690 0.229924 0.172573
-0.474532 -0.194097 -0.157415
-0.500311 -0.188068 -0.072337
-0.189630 -0.632222 -0.627710
-0.109227 -0.716882 0.259900
-0.059652 -0.976759 -0.502014
-0.130940 -0.853451 0.062907
-0.083547 -1.020432 -0.655822
-0.257398 -0.869972 0.440293
-0.442634 -0.908768 -0.374065
-0.525117 -0.766593 0.161749
-0.528838 -0.744996 -0.263196
-0.568986 -0.619866 0.266512
-0.651089 -0.523755 0.006285
-0.632127 -0.407171 0.049090
-0.605256 -0.218058 -0.058984
-0.552624 -0.054474 -0.035016
-0.530622 0.170284 -0.042318
-0.497035 0.350676 0.278822
-0.514956 0.468555 -0.718123
-0.418223 0.603731 0.186467
-0.459608 0.467641 -0.536303
-0.458515 1.019805 0.705831
-0.456328 0.891437 -1.052161
-0.439438 1.196123 0.537212
-0.276674 0.725889 -0.864334
-0.206260 1.494062 1.634633
-0.061870 0.703265 -0.623547
-0.130236 1.563250 1.319258
0.005239 1.388075 -0.548419
-0.067675 1.284959 0.706781
-0.120188 0.798102 0.235726
-0.179268 0.728876 0.440999
-0.220322 -0.733002 -0.245124
-0.161100 -1.003007 0.030940
0.054581 -1.780201 -0.398365
0.191883 -1.605206 0.547308
0.311619 -2.153663 -1.079492
0.212231 -1.553343 1.054832
0.140526 -1.665618 -0.734756
0.044200 -1.277842 0.632726
0.036402 -1.475502 -0.824523
-0.064960 -1.097109 0.580390
-0.143271 -0.922384 -0.354855
-0.271260 -0.823493 0.244806
-0.307667 -0.759119 -0.334279
-0.343226 -0.556306 0.170864
-0.319456 -0.395862 -0.047378
-0.345465 -0.113611 -0.046457
-0.354989 0.063087 -0.255681
-0.311699 0.236053 0.042930
-0.416632 0.395330 -0.326012
-0.352504 0.472614 -0.127136
-0.333427 0.573782 -0.656460
-0.251830 0.714366 0.152003
-0.321558 0.668287 -0.573545
-0.251173 0.767925 0.093636
-0.199823 0.687707 -0.807067
-0.100054 0.695138 0.259018
-0.103009 0.510804 -0.523476
-0.069347 0.494721 0.109399
0.045493 0.533969 -0.462897
-0.026864 0.563321 0.222855
-0.039002 0.453278 -0.043062
-0.115062 0.294809 0.094643
-0.611269 -0.000695 -0.252257
-0.608653 0.228115 0.018819
-0.205808 -0.301993 -0.662703
-0.078430 -0.375164 0.250660
-0.053216 -0.740859 -0.573725
-0.021645 -0.676661 -0.001717
0.023641 -0.951823 -0.774005
-0.038105 -0.761646 0.313666
-0.132721 -0.750751 -0.281558
-0.214902 -0.659636 0.083063
-0.214412 -0.684652 -0.292342
-0.295963 -0.615281 0.251965
-0.302026 -0.519406 -0.149552
-0.306083 -0.440639 0.349227
-0.264254 -0.289580 -0.295593
-0.240032 -0.116394 0.262980
-0.258495 0.087220 -0.249550
-0.281804 0.181309 0.269060
-0.344896 0.348045 -0.457876
-0.263076 0.489115 0.343174
-0.189587 0.562393 -0.472812
-0.120835 0.724515 0.039641
-0.158611 0.888833 -1.035624
-0.147984 1.065346 0.827870
-0.078263 0.870009 -0.947214
-0.119524 1.240471 0.643722
-0.073347 1.621214 -1.647789
-0.016519 1.408690 0.553137
0.026949 1.457027 -0.736919
0.042857 1.002751 0.347620
0.115217 0.847795 -0.254505
0.005837 0.710982 -0.083386
-0.258244 -0.416384 -0.316400
-0.221993 -0.497650 0.015761
0.030788 -1.422848 -0.490184
0.150636 -1.214396 0.389382
0.338951 -2.048040 -1.188667
0.254481 -1.326960 1.142764
0.230346 -1.557471 -0.861726
0.117339 -1.158108 0.720922
0.101379 -1.394421 -1.071826
0.058232 -0.982839 0.720940
0.041353 -0.888380 -0.417639
-0.025477 -0.724177 0.336502
-0.018425 -0.730752 -0.455792
-0.043337 -0.489946 0.379718
-0.064586 -0.344626 -0.402297
-0.088913 -0.040132 0.221477
-0.160507 0.073285 -0.477824
-0.217315 0.193309 0.266875
-0.273767 0.223283 -0.484542
-0.182887 0.321199 0.218925
-0.145719 0.501353 -0.528007
-0.033520 0.621049 0.470444
-0.034074 0.593193 -0.601372
0.029215 0.680942 0.153140
-0.035746 0.746514 -0.880128
-0.024561 0.744503 0.267615
-0.113839 0.576073 -0.505441
-0.066057 0.663576 -0.098394
0.022340 0.798945 -0.583409
0.118923 0.608724 -0.094130
0.113248 0.593030 -0.342200
0.071585 0.493412 -0.077107
-0.874386 0.206801 -0.020951
-1.025523 0.486782 0.196072
-0.620745 0.153176 -0.229587
-0.355569 0.063416 0.110365
-0.365069 -0.292794 -0.039832
-0.211804 -0.410236 -0.224230
-0.174541 -0.670303 -0.467389
-0.096228 -0.608048 0.123971
-0.085448 -0.631039 -0.247323
0.009492 -0.526965 0.185008
0.080621 -0.609086 -0.492060
0.107260 -0.417721 0.528086
0.118187 -0.426337 -0.539517
0.128665 -0.256621 0.513052
0.142299 -0.223732 -0.495346
0.110507 0.006398 0.446883
0.068357 0.097409 -0.442210
0.011038 0.238311 0.371779
0.000080 0.272035 -0.495752
-0.006060 0.399957 0.210390
0.011561 0.410042 -0.372039
0.092541 0.613596 0.500931
0.070393 0.648717 -0.572583
0.104091 0.890101 0.394628
0.076094 0.899322 -0.874658
0.093170 1.221686 0.974681
0.020529 1.299049 -1.322324
0.120377 1.271493 0.366474
0.153298 1.493804 -1.112865
0.194386 1.105193 -0.130795
0.265597 0.957159 -0.290528
0.178081 0.737757 -0.090601
-0.639708 -0.033409 -0.163546
-0.693498 0.150447 -0.088845
-0.517543 -0.420037 0.063021
-0.368096 -0.401831 0.085224
-0.202054 -0.970132 -0.368267
-0.113926 -0.587380 0.276912
-0.062680 -0.723251 -0.173680
-0.000574 -0.727541 0.173582
0.011695 -0.870473 -0.571054
0.114386 -0.680558 0.388405
0.154529 -0.650063 -0.440016
0.148795 -0.469025 0.514110
0.218532 -0.479607 -0.589434
0.224852 -0.255202 0.543684
0.300852 -0.200335 -0.413521
0.307360 0.039634 0.390277
0.353351 0.084331 -0.464375
0.297245 0.198577 0.282170
0.234229 0.217335 -0.467248
0.179207 0.343141 0.176523
0.175323 0.322343 -0.492128
0.193879 0.459217 0.047353
0.155508 0.468303 -0.506247
0.194476 0.612004 0.169599
0.117971 0.632358 -0.639118
0.156225 0.578852 0.011000
-0.035919 0.570458 -0.415502
0.008232 0.475791 -0.244457
-0.026431 0.626545 -0.470389
0.000531 0.592113 -0.245590
-0.023845 0.552809 -0.231528
0.010209 0.478579 -0.167900
-1.023726 0.223023 -0.031272
-1.334241 0.367321 0.189529
-1.100111 0.288706 -0.063932
-0.880926 0.189026 0.295922
-0.738494 -0.077507 0.009142
-0.566198 -0.184268 0.111178
-0.317709 -0.438973 -0.046676
-0.110150 -0.480089 -0.039048
0.047606 -0.546448 -0.089864
0.224789 -0.503111 0.198968
0.326039 -0.451729 -0.266819
0.409884 -0.331144 0.321426
0.453649 -0.245107 -0.236400
0.489117 -0.163587 0.397290
0.577518 -0.118424 -0.336428
0.650280 0.018943 0.301827
0.646311 0.039646 -0.413192
0.583442 0.138903 0.359296
0.535240 0.120175 -0.499014
0.487882 0.264278 0.125836
0.389129 0.260488 -0.428123
0.343370 0.408147 0.194104
0.251122 0.501755 -0.599679
0.305924 0.559942 0.465405
0.220142 0.721547 -0.699600
0.208754 0.714915 0.115095
0.084714 1.157556 -1.696333
0.066030 0.826386 0.067085
0.037354 0.795386 -0.868006
0.080203 0.647217 0.007106
0.107625 0.603924 -0.374058
0.037486 0.594092 -0.154701
-0.869865 0.032580 -0.145585
-1.084897 0.148520 -0.038009
-1.023745 -0.000090 0.037354
-0.945406 -0.055521 0.106826
-0.767812 -0.304663 -0.044866
-0.647460 -0.288849 0.079812
-0.397168 -0.448865 0.034430
-0.151895 -0.469422 0.032484
0.118116 -0.530186 -0.142698
0.306339 -0.493819 0.036753
0.469681 -0.414607 -0.004451
0.598190 -0.347732 0.086085
0.709912 -0.299719 -0.143243
0.783418 -0.198861 0.243086
0.883081 -0.191486 -0.138124
0.951054 -0.042443 0.168517
0.942467 -0.061218 -0.460950
0.931330 0.025230 0.271238
0.873363 0.005403 -0.342551
0.871294 0.166962 0.212317
0.739966 0.172716 -0.442561
0.678097 0.339908 0.242205
0.577022 0.443050 -0.339212
0.575991 0.475312 0.276350
0.414299 0.604563 -0.714181
0.276373 0.565086 0.242298
0.083688 0.529570 -0.422154
-0.016759 0.538212 -0.100623
-0.149195 0.582658 -0.474749
-0.130526 0.465559 -0.127114
-0.184299 0.473006 -0.233025
-0.111477 0.385661 -0.069523
-1.013503 0.082428 -0.116016
-1.287970 0.171076 0.105559
-1.236956 0.131803 -0.053629
-1.099507 0.060092 0.152903
-0.945764 -0.174112 -0.040603
-0.797523 -0.283080 0.071545
-0.503084 -0.449671 0.013666
-0.118916 -0.458556 0.064495
0.283318 -0.441071 -0.047235
0.597912 -0.443346 0.009717
0.779786 -0.311061 -0.092173
0.970225 -0.245092 0.114940
1.093364 -0.191920 -0.086318
1.276129 -0.132030 0.020342
1.358077 -0.073383 -0.191353
1.443029 -0.007050 0.057612
1.391493 0.026722 -0.336903
1.369733 0.089640 0.028956
1.235636 0.102158 -0.250450
1.144423 0.187768 0.164406
1.029670 0.258720 -0.272281
0.920069 0.403554 0.106092
0.794217 0.502461 -0.264267
0.654056 0.552791 0.149895
0.476713 0.570415 -0.331191
0.269355 0.556707 0.250930
0.127222 0.591766 -0.422366
0.018646 0.563564 0.125648
-0.043802 0.656805 -0.599312
-0.038572 0.491606 -0.096634
-0.097935 0.523484 -0.137821
-0.089106 0.394669 -0.141395
-0.968464 -0.096557 -0.184485
-1.202391 -0.002697 0.147171
-1.119554 -0.119179 -0.115618
-1.041115 -0.138551 0.163973
-0.888040 -0.357112 -0.162480
-0.784655 -0.322011 0.107563
-0.493151 -0.413344 -0.075941
-0.049548 -0.397745 0.054373
0.539775 -0.436465 -0.128878
0.868410 -0.354088 0.136662
1.156210 -0.281167 -0.109242
1.326983 -0.264306 0.045989
1.468926 -0.169251 -0.022032
1.527852 -0.209983 0.204587
1.713942 -0.173069 -0.176054
1.732156 -0.129024 0.049464
1.657470 -0.075190 -0.108882
1.458040 -0.030266 0.123248
1.397818 -0.024060 -0.169617
1.280104 0.041553 0.061353
1.137476 0.120852 -0.068255
0.906208 0.246499 0.078265
0.791137 0.311186 -0.132966
0.614851 0.414755 0.040057
0.480658 0.447544 -0.157142
0.264967 0.471952 0.051966
0.085785 0.474713 -0.156761
-0.032005 0.468896 0.032929
-0.148955 0.482676 -0.174803
-0.209954 0.365561 -0.042720
-0.234268 0.445131 0.016017
-0.193378 0.371672 0.069727
-0.900558 -0.056677 -0.127903
-1.098774 0.041606 0.209412
-1.055841 -0.009214 -0.134198
-0.949393 -0.066616 0.229076
-0.770639 -0.313427 -0.114494
-0.645679 -0.397025 0.146731
-0.291802 -0.453502 -0.110922
0.101792 -0.408656 0.101087
0.604604 -0.337857 -0.152543
0.896001 -0.292909 0.046651
1.052835 -0.204807 -0.165177
1.216418 -0.197350 0.069114
1.347021 -0.134689 -0.102062
1.500432 -0.137883 -0.030825
1.427671 -0.114679 -0.261395
1.518659 -0.089180 0.010172
1.502899 -0.016523 -0.157652
1.533900 0.017953 -0.105996
1.346388 0.026249 -0.183331
1.308080 0.056699 -0.008677
1.159804 0.147603 -0.065609
1.074836 0.297720 -0.058566
0.858883 0.362595 -0.112308
0.738370 0.443940 -0.045385
0.476183 0.484213 0.018814
0.330458 0.522927 -0.090447
0.120123 0.509865 -0.119871
0.023762 0.512745 -0.096021
-0.112496 0.533970 -0.088055
-0.111852 0.457873 -0.137344
-0.174997 0.442842 0.031746
-0.129947 0.357387 -0.221060
-0.442366 -0.133444 -0.124689
-0.653565 -0.071017 0.099161
-0.621781 -0.139746 -0.107367
-0.574210 -0.144097 0.133902
-0.444342 -0.308726 -0.135823
-0.328636 -0.317357 0.074352
-0.042926 -0.428693 -0.084409
0.306716 -0.362549 0.111499
0.708406 -0.329044 -0.047427
0.893655 -0.230884 0.188339
1.100241 -0.126989 0.041130
1.195251 -0.137251 0.155990
1.286935 -0.079263 0.015116
1.328134 -0.165431 0.225807
1.498233 -0.093721 0.016143
1.470053 -0.086776 0.123719
1.414353 0.014636 -0.040139
1.309352 -0.018688 0.170556
1.355681 0.036283 0.038812
1.241797 0.042782 0.098288
1.147793 0.138489 0.041982
0.958282 0.220188 0.150361
0.875991 0.310049 0.053730
0.650838 0.399456 0.043831
0.483087 0.469889 -0.017696
0.234508 0.488503 0.040524
0.162109 0.469496 -0.010109
0.097442 0.484380 -0.029057
0.004273 0.468010 -0.054901
-0.081782 0.423042 0.061289
-0.181481 0.444434 0.039148
-0.046537 0.366223 0.008406
