0.858351 -0.320935 -0.921812
0.413461 -0.000133 -0.445698
0.354217 -0.145274 0.094539
0.507648 0.233433 -0.627798
0.594794 -0.465336 0.704577
0.648047 0.317736 -0.555882
0.490334 -0.106608 0.352730
0.459400 0.357844 0.106078
0.634876 0.089923 -0.592854
0.463757 0.429293 -0.137513
0.375333 0.038507 0.601670
0.405901 -0.171392 0.381051
0.184509 0.140301 0.608332
0.771463 -0.407308 0.849850
0.407917 0.150268 0.572572
0.662889 -0.256144 -0.646856
0.466816 -0.249014 -0.672845
0.420022 -0.227043 0.121209
0.324223 0.249663 -0.482493
0.004503 0.208495 -0.708879
0.571934 -0.326610 0.570345
0.461166 0.277680 -0.375719
0.699940 0.004326 -0.662119
0.319821 -0.056345 -0.860323
0.565018 -0.410118 0.801623
0.728468 -0.527360 0.857258
0.098507 0.537795 -0.423643
0.709126 -0.518969 0.815820
-0.418980 0.295651 -0.319561
0.384667 -0.173067 -0.239082
-0.400359 0.015060 -0.653887
0.455871 -0.191987 -0.389626
0.653550 0.114125 -0.855826
0.557611 -0.069829 -0.427538
0.804872 -0.082720 -0.673706
0.573633 -0.032670 -0.638254
0.488140 -0.191819 -0.309418
0.699958 -0.058347 -0.632139
0.789092 -0.108886 0.645895
0.401199 0.198382 -0.765058
0.336486 0.005679 0.263897
0.455525 0.027950 0.413532
0.511479 -0.466953 0.701016
0.266398 -0.237259 -0.853811
0.317046 -0.239576 -0.500961
0.290551 -0.222042 -0.394381
-0.257354 -0.498101 0.479592
0.797102 0.033035 0.728556
0.129836 0.086976 -0.577867
0.870854 -0.511988 0.983914
0.530331 -0.163515 0.292050
0.436265 0.086644 -0.419293
0.426728 0.096239 0.347696
0.346619 -0.399239 0.845347
0.301114 -0.411259 0.685411
0.849773 -0.561926 0.663651
0.921578 -0.263740 -0.954333
0.460428 0.246893 0.271146
-0.377223 0.182521 -0.450150
0.717641 0.021009 -0.573238
-0.194032 -0.004435 -0.574098
0.206934 0.334348 -0.717038
-0.050777 -0.502603 0.421106
0.339502 -0.391460 0.270875
0.122121 -0.385341 -0.413998
0.648976 -0.170127 -0.916446
0.281480 0.143085 0.386379
0.668044 -0.246639 0.776722
0.210528 0.386867 0.467801
0.019016 -0.188336 0.647479
0.385097 0.109025 0.219589
0.675403 -0.179042 -0.557580
-0.038057 -0.197094 0.539817
0.830326 -0.463776 0.775635
0.758558 0.094698 -0.858205
0.393253 0.004963 -0.395449
0.753425 -0.405569 0.594886
0.358849 -0.136182 -0.408386
0.587653 -0.361937 0.481627
0.463459 0.263876 -0.204926
0.363379 -0.303396 -0.242222
-0.159141 -0.328664 0.486633
0.823172 -0.192906 -0.730423
-0.572791 -0.123915 0.435309
0.340955 -0.309544 -0.506921
0.412891 -0.136963 -0.632362
0.347047 -0.124645 -0.414977
0.592128 0.003866 -0.543341
-0.086585 0.411747 -0.473878
0.783302 0.005323 -0.757710
-0.564976 -0.297388 0.334099
0.446649 -0.122335 0.235858
0.441043 -0.012099 0.602541
0.013933 -0.265072 0.548086
0.651747 -0.145183 0.527414
0.781711 -0.200869 0.800567
0.141826 -0.502479 0.006658
0.807633 -0.025166 -1.003333
0.400050 -0.081775 -0.008698
0.105332 -0.201335 -0.647558
-0.086455 -0.031411 0.514708
0.493909 0.396381 0.063127
0.749629 -0.170561 -0.703967
0.661885 -0.441798 0.863684
0.586036 -0.169642 -0.696844
0.579320 0.149277 -0.737936
0.158511 0.474405 -0.175081
0.410237 0.274585 -0.644088
0.549069 -0.290616 0.433908
0.677008 -0.149112 -0.831853
-0.305402 0.507926 -0.094696
0.486209 -0.215959 -0.530859
0.683808 -0.429619 0.594367
0.421143 -0.217759 0.326984
0.472684 -0.190481 -0.508305
-0.593712 -0.031114 -0.462515
0.357974 -0.579849 0.768662
0.631252 0.172607 -0.603313
0.715391 -0.004871 -0.916302
-0.160498 0.198546 -0.561918
0.390043 -0.296924 0.397942
0.430828 -0.358366 0.486712
0.463185 -0.274380 -0.966138
0.368588 0.148493 -0.376762
0.426419 0.017264 -0.373556
0.377356 0.177474 -0.206464
0.476748 -0.093717 -0.470197
0.526241 0.046348 0.560832
0.416013 -0.142826 -0.371544
-0.550202 0.002122 -0.409172
0.500218 -0.016957 -0.638480
0.041673 -0.386713 -0.703470
0.189013 0.337763 -0.570631
0.474089 0.201190 0.416168
-0.066237 -0.142060 -0.693834
0.728310 -0.399410 0.746282
0.411527 -0.042448 0.130568
0.330246 0.236149 0.419146
-0.058854 -0.206440 -0.568324
0.362187 0.365276 -0.538995
0.860332 -0.353314 -1.201540
-0.004268 0.234406 -0.545835
-0.022634 -0.483605 0.595523
0.389640 0.041053 -0.644887
0.682358 -0.199478 0.811522
0.422786 -0.159795 0.360425
-0.152266 -0.113213 -0.527626
0.109130 -0.324582 0.678914
-0.033883 0.326775 0.302355
0.514299 0.317849 -0.377533
0.729775 -0.038450 -0.607479
0.679480 0.196089 -0.704636
0.494320 -0.032791 -0.441867
0.633942 -0.132760 -0.936306
0.037666 -0.187404 -0.793371
0.406643 -0.268661 0.614855
0.383628 0.058914 0.125675
-0.218297 0.379416 -0.393559
0.828637 -0.335912 -0.856643
0.196393 -0.167939 0.707470
-0.687664 -0.130856 -0.452548
0.797778 -0.151047 -1.024672
0.564284 -0.059069 -0.509680
0.595707 -0.172934 0.495845
0.569987 0.132190 -0.681875
0.442655 0.150333 -0.452673
0.452270 -0.057833 -0.415400
0.501704 0.053196 -0.450204
0.364918 -0.038322 -0.218142
0.124646 -0.275675 -0.532738
0.452787 -0.047211 0.377903
0.037838 0.014892 0.514886
0.500762 -0.164939 0.757871
0.381585 0.216272 0.030979
0.743048 -0.278856 -0.815020
0.488932 0.207770 0.514982
0.496922 0.086048 -0.465462
0.793679 -0.165954 -0.769388
0.263230 -0.477417 -0.183450
0.497656 -0.179619 0.398501
0.554241 0.217059 -0.368448
0.480133 0.285036 -0.484742
0.443521 0.190529 -0.369917
0.786600 -0.005966 -0.709180
0.356726 -0.217029 0.260849
0.337280 -0.071325 -0.237205
0.678764 0.134087 -0.632128
-0.278898 0.092357 -0.538699
0.673684 -0.060701 0.527245
0.430029 0.046745 -0.808751
0.228936 0.118973 -0.851701
0.510212 -0.037296 -0.463981
0.641124 -0.170190 -0.717995
0.568160 0.123320 -0.887882
-0.237362 -0.129244 0.516004
0.567132 -0.290320 0.463297
0.502256 -0.043671 -0.528055
0.405348 -0.269945 0.094505
-0.133083 -0.567373 -0.107042
0.832734 -0.133806 -0.864695
0.668216 0.023258 0.476640
0.432302 0.419023 -0.383720
0.574391 -0.062694 0.547916
0.338971 -0.143293 0.570884
0.539864 -0.086983 -0.547266
0.647942 0.101907 0.563608
-0.066319 0.004632 -0.591781
0.494830 -0.061048 0.473993
0.136047 -0.456630 0.595145
0.828297 -0.194058 -0.702517
0.421345 0.267499 -0.486371
0.421521 0.055848 -0.203436
0.603123 0.203738 -0.661573
0.627344 -0.090948 0.590749
-0.155354 0.096588 0.430852
-0.089187 -0.327667 -0.551872
0.369673 0.081008 -0.485822
0.599674 -0.220449 -0.600964
0.177681 0.038236 -0.766015
0.482019 0.118040 0.147013
-0.037443 -0.000201 -0.734923
-0.006107 0.290571 0.399801
-0.733942 0.073863 -0.442768
0.303153 -0.471009 0.505083
-0.291847 -0.324205 0.614806
0.675339 -0.383222 0.477878
0.125412 -0.457520 -0.351628
-0.514527 -0.078475 -0.686257
0.841436 -0.682669 0.852963
0.318876 -0.332326 -0.666252
0.369255 0.133643 -0.290397
0.855368 -0.107928 -0.960972
-0.320446 -0.464137 -0.321087
0.034956 -0.100131 -0.550526
0.327416 -0.218001 -0.543431
0.528321 -0.139198 -0.441291
-0.025680 -0.501982 0.492554
0.506240 0.195664 0.277492
-0.193921 -0.141523 -0.423111
-0.059876 0.194008 -0.466970
0.516267 0.072269 -0.674865
-0.139961 -0.385377 0.402349
0.343650 -0.401815 -0.087916
0.539683 0.289842 -0.121551
-0.499917 -0.204563 -0.430706
0.570860 -0.020153 0.694452
-0.404817 0.050317 0.373253
0.352983 -0.076458 -0.167864
0.252721 -0.144530 -0.446611
-0.576255 -0.324545 -0.381653
-0.217662 -0.274657 -0.564381
0.437560 -0.187179 -0.115053
-0.153512 -0.447776 -0.451070
0.194033 0.471725 0.321725
0.506593 0.241490 -0.607151
0.195143 -0.333129 0.383408
-1.161910 -0.431635 -0.401103
-1.460786 -0.250095 -0.145835
-1.578231 -0.268788 -0.418438
-1.566566 -0.321814 -0.049077
-1.603458 -0.408701 -0.283656
-1.600518 -0.397951 -0.194319
-1.589219 -0.464073 -0.487996
-1.603692 -0.392996 0.158613
-1.777578 -0.485759 -0.382796
-1.816738 -0.461742 0.044205
-1.810377 -0.477679 -0.652038
-1.822047 -0.290003 0.563144
-1.951826 -0.287396 -0.569694
-1.977964 -0.069708 0.472948
-2.019871 -0.052918 -0.641449
-2.061228 0.209019 0.520038
-2.165478 0.257714 -0.355726
-2.170955 0.402516 0.146241
-2.108865 0.270140 -0.436962
-2.010371 0.195927 -0.012158
-1.977083 -0.062615 -0.518253
-1.835808 -0.198958 -0.287328
-1.687297 -0.348417 -0.696410
-1.456789 -0.407657 -0.022151
-1.327471 -0.462912 -0.666643
-1.166555 -0.290279 0.040689
-1.009519 -0.197814 -0.502799
-0.848811 0.055160 0.182974
-0.612707 0.134351 -0.152205
-0.278351 0.801677 0.242739
-0.023862 1.173600 -0.062393
0.121209 1.093651 0.048891
-1.556052 -0.549357 -0.431360
-1.973357 -0.591976 -0.242885
-2.147365 -0.889996 -0.499995
-2.233652 -0.716578 -0.167451
-2.175046 -0.887740 -0.648091
-2.182348 -0.640757 0.178526
-2.232973 -0.818658 -0.286556
-2.304845 -0.692009 -0.103830
-2.308892 -0.819956 -0.536322
-2.365442 -0.582980 0.322280
-2.432457 -0.759302 -0.221760
-2.434512 -0.511250 0.201512
-2.359022 -0.495071 -0.575567
-2.459147 -0.158583 0.512842
-2.523960 -0.265552 -0.367933
-2.691647 0.017119 0.297789
-2.582650 -0.027794 -0.498173
-2.760787 0.231812 0.291898
-2.654931 0.053018 -0.300899
-2.730926 0.047736 -0.013291
-2.619572 -0.295864 -0.517840
-2.505766 -0.392280 -0.043001
-2.257914 -0.656706 -0.543454
-2.022247 -0.538560 -0.197608
-1.745358 -0.543160 -0.614377
-1.643766 -0.295727 0.089684
-1.429572 -0.261909 -0.338458
-1.262642 0.060915 0.190694
-1.031048 0.192209 -0.052453
-0.588071 0.378752 0.227625
-0.147433 0.581705 0.080733
0.240577 0.921558 0.247166
-1.734501 -0.311754 -0.109540
-2.057137 -0.304639 -0.295892
-2.282999 -0.464932 -0.262382
-2.238642 -0.514706 -0.253153
-2.317741 -0.657348 -0.119691
-2.234824 -0.694590 -0.459453
-2.407983 -0.733947 -0.347921
-2.350297 -0.662474 -0.129822
-2.607447 -0.688423 -0.038357
-2.513813 -0.676212 -0.313863
-2.699323 -0.633204 -0.237210
-2.581182 -0.412613 0.050839
-2.766071 -0.279697 0.053491
-2.730256 0.015638 -0.044267
-3.010249 0.132567 -0.121677
-3.026474 0.404142 0.038020
-3.267464 0.437167 0.021160
-3.265612 0.492444 -0.084131
-3.316086 0.420854 -0.166085
-3.145186 0.352321 -0.090886
-3.067120 0.167655 -0.309914
-2.824121 -0.104709 -0.537490
-2.590220 -0.213957 -0.627928
-2.246521 -0.356920 -0.401226
-2.065632 -0.461777 -0.621934
-1.872553 -0.348230 -0.310487
-1.599475 -0.142803 -0.330654
-1.178694 0.160237 -0.065305
-0.484132 0.429832 0.045494
0.154346 1.222928 0.300163
0.278287 1.724147 0.151437
0.377192 1.651202 0.052326
-1.607543 -0.528832 -0.351442
-2.008112 -0.697625 -0.282652
-2.151480 -0.822056 -0.352537
-2.218342 -0.891693 -0.253817
-2.214434 -0.975241 -0.586751
-2.252295 -0.898465 0.141994
-2.315319 -1.014337 -0.359055
-2.443564 -0.995883 -0.103202
-2.482063 -0.979990 -0.557986
-2.555529 -0.871074 0.221429
-2.616768 -0.889422 -0.309841
-2.657328 -0.746749 0.125434
-2.662672 -0.604958 -0.387573
-2.705826 -0.290091 0.344202
-2.827687 -0.229605 -0.120587
-2.986977 0.088536 0.098426
-3.000995 0.087243 -0.165100
-3.135233 0.260712 0.096201
-3.086721 0.134996 -0.037735
-3.117978 0.087010 -0.103281
-2.923154 -0.081079 -0.303651
-2.770652 -0.134272 0.005269
-2.523793 -0.329605 -0.390235
-2.271975 -0.287676 0.018596
-2.027583 -0.351730 -0.324081
-1.808196 -0.217633 0.150375
-1.661846 -0.166075 -0.075763
-1.333994 0.196399 0.195815
-0.961587 0.435356 0.095099
-0.346432 0.634024 0.233709
0.151976 0.756883 0.160864
0.380233 1.320207 0.226575
-1.452008 -0.375179 -0.119719
-1.793085 -0.452238 -0.182084
-1.919898 -0.501265 -0.259418
-1.910398 -0.577137 -0.077681
-1.968760 -0.666483 -0.307094
-1.951466 -0.735526 -0.263377
-2.052254 -0.751871 -0.552841
-2.077119 -0.724997 0.002874
-2.228228 -0.734112 -0.513323
-2.237409 -0.747134 -0.076017
-2.382901 -0.707134 -0.645483
-2.427605 -0.499080 0.357117
-2.542826 -0.388092 -0.603180
-2.603014 -0.053641 0.413740
-2.795317 0.161413 -0.545346
-2.888873 0.319475 0.289826
-3.008677 0.490780 -0.304543
-3.014745 0.437014 0.004084
-3.000708 0.553874 -0.227509
-2.921357 0.371795 -0.166071
-2.721095 0.317351 -0.232747
-2.561053 0.066586 -0.295588
-2.445402 -0.001106 -0.365093
-2.143265 -0.106236 -0.409546
-1.869556 -0.134703 -0.277233
-1.539576 -0.016564 -0.256498
-1.056664 0.180760 -0.083744
-0.342172 0.329753 0.270709
0.038828 0.631693 0.488636
0.206861 2.180557 0.641774
0.381489 2.269599 0.327000
0.446478 2.082165 0.245751
-1.259101 -0.424558 -0.215277
-1.578114 -0.509783 -0.070804
-1.726192 -0.577125 -0.229777
-1.732857 -0.638142 -0.049685
-1.711122 -0.734351 -0.494794
-1.715273 -0.673414 0.283255
-1.802774 -0.849196 -0.445849
-1.861607 -0.866325 0.061898
-1.921563 -0.889072 -0.717403
-1.964197 -0.747774 0.334532
-2.121266 -0.864445 -0.607156
-2.103231 -0.646009 0.329404
-2.084919 -0.645982 -0.821718
-2.099871 -0.283659 0.604824
-2.165174 -0.290578 -0.677468
-2.376416 -0.023792 0.470473
-2.435724 0.028974 -0.629382
-2.572944 0.144683 0.217009
-2.571199 0.109157 -0.381368
-2.600383 0.131109 -0.030471
-2.514924 0.057446 -0.287537
-2.326433 0.049292 -0.142881
-2.270184 -0.014146 -0.334387
-1.916053 0.011576 -0.038408
-1.722402 -0.022696 -0.154184
-1.527115 0.112331 0.029082
-1.411685 0.122396 0.040403
-0.808616 0.391789 0.148305
-0.267927 0.400928 -0.146596
0.269509 1.857610 0.404142
0.440011 1.587625 0.280914
0.492255 1.726123 0.398836
-1.099611 -0.300123 -0.036094
-1.376722 -0.350597 0.077915
-1.481361 -0.385604 -0.192912
-1.447499 -0.395094 0.149039
-1.502760 -0.470236 -0.259703
-1.488037 -0.499308 -0.073115
-1.555310 -0.513935 -0.443443
-1.600630 -0.493821 0.067132
-1.756972 -0.526517 -0.484153
-1.741595 -0.554979 -0.083038
-1.842229 -0.647622 -0.603925
-1.784934 -0.498089 0.217820
-1.822003 -0.465117 -0.659882
-1.838292 -0.249298 0.442678
-1.989158 -0.190031 -0.836696
-2.019420 -0.038294 0.340077
-2.068358 0.080073 -0.615137
-1.977732 0.108302 0.149928
-2.032964 0.134015 -0.502521
-2.047660 0.110141 -0.056145
-2.019309 0.072595 -0.357484
-1.905862 0.021380 -0.316593
-1.778690 0.060664 -0.336247
-1.408650 0.105154 -0.351944
-1.142424 0.252472 -0.197974
-0.731012 0.230175 -0.121651
-0.279718 0.231176 0.328017
-0.069729 2.711781 0.860354
-0.389440 2.835105 0.590892
-0.330678 2.888378 0.727251
-0.149324 2.778821 0.592301
0.124146 2.531767 0.471682
-0.896066 -0.321171 -0.101547
-1.115366 -0.363837 0.201620
-1.177491 -0.434562 -0.088053
-1.189240 -0.468764 0.254074
-1.171189 -0.530830 -0.322113
-1.199627 -0.481058 0.561870
-1.284115 -0.595346 -0.282158
-1.345615 -0.629769 0.285220
-1.464304 -0.648790 -0.492475
-1.501538 -0.573614 0.399203
-1.636163 -0.671578 -0.433752
-1.624807 -0.556678 0.184216
-1.593339 -0.519686 -0.534974
-1.620315 -0.296206 0.427424
-1.656719 -0.281116 -0.634601
-1.650379 -0.130679 0.486167
-1.432601 -0.087157 -0.925901
-1.268087 0.024238 0.331284
-1.146093 -0.014790 -0.883222
-1.147082 0.060165 0.030940
-1.197151 0.084273 -0.748814
-1.187848 0.121794 -0.138815
-1.274709 0.126498 -0.587198
-1.112069 0.216078 -0.132892
-1.089167 0.294322 -0.357678
-0.780652 0.373456 -0.152988
-0.519943 0.365116 -0.162366
-0.120375 0.836860 0.062401
0.066892 0.861039 0.173079
0.107586 2.665729 0.560843
0.180703 2.214613 0.590187
0.098772 2.152109 0.537127
-0.685463 -0.333589 0.115625
-0.837470 -0.334246 0.471281
-0.883052 -0.396285 0.061252
-0.858555 -0.398821 0.680433
-0.914410 -0.354779 -0.035099
-0.936581 -0.386923 0.331740
-0.992579 -0.368690 -0.358131
-0.999226 -0.365687 0.572816
-1.169918 -0.325214 -0.317996
-1.233600 -0.432155 0.049932
-1.371694 -0.447967 -0.507523
-1.346164 -0.432166 0.252389
-1.371187 -0.291957 -0.499691
-1.287858 -0.267092 0.307273
-1.319853 -0.105085 -0.726921
-1.215026 -0.067118 0.220868
-0.933589 0.130889 -0.819238
-0.686792 0.069850 0.180316
-0.637431 0.149275 -0.953799
-0.595074 0.160169 -0.082481
-0.576601 0.174196 -0.802168
-0.551302 0.243856 -0.256660
-0.563068 0.143309 -0.610857
-0.541271 0.320132 -0.351398
-0.349057 0.348024 -0.125069
-0.026657 2.123250 0.575267
-0.256274 2.302049 0.722906
-0.791840 3.031877 0.926697
-1.157229 3.223221 0.724061
-1.086952 3.232883 0.816305
-0.750477 3.158123 0.693880
-0.480027 2.877628 0.652681
-0.571436 -0.423984 0.167138
-0.631286 -0.485295 0.625916
-0.638798 -0.562469 0.245057
-0.614626 -0.586809 0.797955
-0.581340 -0.613994 -0.079513
-0.623590 -0.538675 1.286924
-0.676024 -0.563107 -0.143892
-0.681908 -0.591993 1.011075
-0.779906 -0.659628 -0.516173
-0.888813 -0.627846 1.201525
-0.979273 -0.574416 -0.467448
-0.972245 -0.585918 0.541531
-0.980591 -0.486440 -0.648329
-1.042833 -0.371301 0.680847
-0.967662 -0.159443 -0.852756
-0.889513 -0.104036 0.349764
-0.844588 -0.003951 -1.275558
-0.844830 0.022759 0.350580
-0.811887 0.022166 -1.226868
-0.698604 0.083749 -0.239761
-0.552735 0.072800 -1.547850
-0.623753 0.244504 -0.086105
-0.671640 0.110696 -1.115588
-0.606003 0.394810 -0.351603
-0.607808 0.440077 -0.460174
-0.437390 0.438197 -0.180700
-0.081425 0.400356 -0.358975
-0.035321 2.505711 0.301001
-0.228713 2.695846 0.525309
-0.368306 2.935410 0.477346
-0.309128 2.784591 0.607470
-0.365272 2.521137 0.575475
-0.444724 -0.464677 0.274539
-0.502053 -0.426896 0.846531
-0.549707 -0.502399 0.063635
-0.546741 -0.469809 1.350615
-0.562024 -0.435029 0.002968
-0.550402 -0.358817 0.916580
-0.518026 -0.400402 -0.462397
-0.619358 -0.348241 1.389498
-0.748076 -0.327481 -0.571302
-0.835209 -0.365362 0.545569
-0.846917 -0.337514 -1.015222
-0.819884 -0.311355 0.941122
-0.840717 -0.143842 -1.137340
-0.810834 -0.200799 0.608568
-0.848106 0.035090 -1.702775
-0.771326 -0.031633 0.822091
-0.878082 0.249344 -1.768942
-0.836839 -0.036785 0.120118
-0.852309 0.304637 -2.503698
-0.685152 0.219614 0.424978
-0.736569 0.320826 -1.906713
-0.650848 0.342624 -0.256074
-0.524085 0.520473 -1.872410
-0.419913 0.763221 -0.121295
-0.143933 0.420515 -0.581495
-0.338624 2.897635 0.672904
-0.735250 2.969562 0.370511
-1.067035 3.129334 0.751642
-0.956324 3.475081 0.407163
-0.856823 3.492919 0.734304
-0.550097 3.425143 0.632921
-0.448175 3.077945 0.457326
-0.391806 -0.587363 0.237092
-0.406633 -0.668837 0.960209
-0.428866 -0.688050 0.278304
-0.380805 -0.733786 1.219740
-0.353771 -0.679889 -0.287525
-0.366914 -0.663746 1.840567
-0.367342 -0.503598 -0.254532
-0.396090 -0.648427 1.527366
-0.374963 -0.574133 -0.818534
-0.440979 -0.700657 1.965785
-0.497658 -0.490310 -0.820295
-0.506497 -0.600376 1.355828
-0.473741 -0.349009 -1.337604
-0.424230 -0.454717 1.588257
-0.487585 -0.044727 -1.573948
-0.518477 -0.148210 1.034067
-0.598969 0.259152 -2.515822
-0.371820 -0.001407 1.139387
-0.532211 0.145011 -2.445795
-0.508182 0.170827 0.589745
-0.591615 0.359517 -3.126364
-0.272831 0.545644 0.720927
-0.296136 0.277856 -2.193227
-0.193322 0.679572 0.241671
-0.168287 0.648556 -1.125536
-0.075139 0.771040 0.067222
0.010863 0.760295 -0.495759
-0.142083 2.714504 0.390266
-0.293899 2.998514 0.286277
-0.311207 3.216214 0.486506
-0.160662 3.153336 0.391989
-0.271503 2.766505 0.449195
-0.308215 -0.481559 0.349452
-0.352740 -0.427370 0.676425
-0.375896 -0.543009 0.051708
-0.397689 -0.471345 1.072041
-0.412437 -0.444108 -0.038714
-0.425946 -0.364750 0.775365
-0.407358 -0.418434 -0.470839
-0.507395 -0.352559 1.049026
-0.559052 -0.303330 -0.560517
-0.552820 -0.334835 0.473926
-0.506480 -0.276702 -1.002114
-0.508002 -0.289034 0.784117
-0.521290 -0.053976 -1.015911
-0.495150 -0.198648 0.535044
-0.543092 0.047607 -1.597626
-0.460907 -0.057447 0.581865
-0.611101 0.258098 -1.371936
-0.513517 0.150648 0.488398
-0.606363 0.288200 -2.241172
-0.409448 0.167464 0.241548
-0.496733 0.111676 -1.663659
-0.255868 0.414026 0.501296
-0.244170 0.538535 -1.317609
-0.098319 1.027822 0.035428
0.125126 0.832763 -0.425291
0.165432 2.791747 0.656200
0.002029 2.920019 0.228647
-0.324537 3.133317 0.719510
-0.331903 3.585238 0.087426
-0.291657 3.620979 0.692620
-0.137452 3.654830 0.480470
-0.182101 3.263044 0.526330
-0.258806 -0.599909 0.165987
-0.262887 -0.648872 0.668308
-0.272162 -0.615077 0.205259
-0.278273 -0.674210 0.875487
-0.254507 -0.564036 -0.309013
-0.264596 -0.660457 1.352037
-0.282838 -0.397095 -0.225932
-0.325682 -0.587010 1.133655
-0.303953 -0.485819 -0.727423
-0.300924 -0.640645 1.475246
-0.340953 -0.417044 -0.596874
-0.379023 -0.564834 0.979837
-0.350360 -0.425451 -1.017281
-0.325986 -0.486162 1.295834
-0.379580 -0.076786 -0.785128
-0.361652 -0.193562 0.660791
-0.371247 0.045161 -1.250532
-0.270750 -0.055665 0.812167
-0.443295 0.142466 -0.906992
-0.364020 0.077152 0.228470
-0.403896 0.203926 -1.548103
-0.125982 0.423820 0.464076
-0.113246 0.305045 -1.020965
-0.022978 0.671971 0.134252
-0.024792 0.611457 -0.721464
0.086343 0.837258 0.032782
0.090028 1.068664 -0.176843
0.159604 2.490866 0.263629
0.091239 2.917232 0.256098
0.090839 3.241844 0.463399
0.138317 3.233162 0.253348
0.030489 2.837086 0.457886
-0.216256 -0.533281 0.223159
-0.262108 -0.463629 0.502630
-0.259494 -0.539411 -0.145036
-0.241639 -0.459166 0.709770
-0.267646 -0.439277 -0.217516
-0.286259 -0.386252 0.516052
-0.271297 -0.423848 -0.513653
-0.312084 -0.410756 0.632800
-0.347974 -0.351234 -0.514305
-0.324481 -0.369103 0.556438
-0.290860 -0.312203 -0.827631
-0.288750 -0.320065 0.748932
-0.297307 -0.172917 -0.853223
-0.267006 -0.246946 0.646918
-0.255033 -0.121681 -1.159042
-0.199281 -0.160503 0.820149
-0.199790 0.173287 -1.042197
-0.114351 -0.025806 0.583457
-0.206193 0.292328 -1.512141
-0.085277 0.200015 0.616922
-0.163864 0.556118 -1.317725
-0.013505 0.533813 0.308007
-0.002250 0.556823 -1.007409
0.069664 0.908378 0.254783
0.225462 0.904956 -0.304160
0.269144 2.281853 0.473522
0.212778 2.882561 -0.111129
0.091986 3.121492 0.740295
0.053421 3.628054 0.038143
0.062894 3.630388 0.620839
0.105273 3.627912 0.409442
0.110485 3.208389 0.274075
-0.101616 -0.603206 0.018243
-0.120750 -0.577085 0.477771
-0.096832 -0.580261 -0.004638
-0.103694 -0.542857 0.572118
-0.072619 -0.505349 -0.336123
-0.129661 -0.495961 0.748107
-0.138555 -0.368709 -0.207391
-0.184184 -0.416498 0.567106
-0.124047 -0.357160 -0.515244
-0.150927 -0.403117 0.815768
-0.147989 -0.366602 -0.548440
-0.182786 -0.343220 0.707846
-0.130457 -0.283316 -0.843897
-0.146805 -0.229840 0.897061
-0.092410 -0.163955 -0.756719
-0.087580 -0.094968 0.705719
-0.080645 0.014732 -1.010128
-0.045044 0.007382 0.903885
-0.078824 0.088291 -0.912185
-0.007786 0.104884 0.651910
-0.029718 0.340997 -1.148467
0.053353 0.465390 0.675093
0.058184 0.435850 -0.737168
0.144157 0.626754 0.382794
0.120063 0.753127 -0.452444
0.071588 0.936761 0.349470
0.045986 1.185179 -0.092040
0.108339 1.961987 0.294554
0.116732 2.570353 0.195332
0.174654 2.972452 0.422667
0.249852 3.040926 0.185931
0.168742 2.681894 0.320568
-0.037898 -0.621646 0.143252
-0.082156 -0.525887 0.410973
-0.048688 -0.577123 -0.163452
-0.007427 -0.503430 0.451671
0.032041 -0.495561 -0.140417
0.024819 -0.459284 0.396864
0.042911 -0.475631 -0.367989
0.011254 -0.415859 0.546575
0.025473 -0.454735 -0.443885
0.006467 -0.378999 0.582983
0.072895 -0.377553 -0.726179
0.036340 -0.261759 0.764140
0.087318 -0.261959 -0.767516
0.049278 -0.179729 0.755529
0.131727 -0.171688 -0.937460
0.074702 -0.061685 0.821110
0.099314 0.012251 -0.896621
0.098686 0.046047 0.746843
0.135340 0.126333 -0.971820
0.135429 0.255328 0.726992
0.152059 0.426839 -0.799116
0.189584 0.576901 0.548523
0.196022 0.650937 -0.493356
0.204593 0.881936 0.446373
0.224997 1.198050 -0.151968
0.200139 1.680751 0.747024
0.145235 2.180972 0.039519
0.160935 2.575838 0.803845
0.122597 3.114424 -0.095054
0.181054 3.111646 0.561981
0.185231 3.202816 0.364950
0.166034 2.829564 0.344520
0.019884 -0.593788 -0.043607
0.048238 -0.547622 0.278378
0.122574 -0.564275 0.039164
0.176394 -0.537510 0.355063
0.227699 -0.530769 -0.099529
0.231009 -0.489090 0.519811
0.266603 -0.437489 -0.167316
0.253181 -0.426527 0.508375
0.265725 -0.444641 -0.395301
0.249866 -0.366418 0.729591
0.302629 -0.380472 -0.612127
0.297290 -0.269568 0.805184
0.333619 -0.285686 -0.828111
0.316199 -0.149150 0.875448
0.332825 -0.166336 -0.903369
0.311153 -0.024651 0.822605
0.295666 -0.081846 -0.873390
0.261591 0.065873 0.805846
0.262306 0.072775 -0.908152
0.253386 0.252384 0.549006
0.219144 0.256682 -0.654023
0.241638 0.412029 0.425379
0.224108 0.378404 -0.402608
0.235697 0.555465 0.351015
0.180742 0.656161 -0.199076
0.156614 0.842833 0.285568
0.078661 1.144569 0.060589
0.086358 1.487785 0.350865
0.111120 1.956324 0.145737
0.170609 2.344577 0.409502
0.252565 2.481982 0.141019
0.183784 2.164709 0.338275
0.135250 -0.563760 0.092687
0.120576 -0.538032 0.284062
0.193990 -0.532604 -0.103752
0.294097 -0.516788 0.345542
0.349437 -0.492458 0.012980
0.431673 -0.490703 0.416980
0.480659 -0.448451 -0.190513
0.581453 -0.418585 0.567144
0.547957 -0.416945 -0.279693
0.543376 -0.358732 0.625881
0.520579 -0.351189 -0.665083
0.587696 -0.214331 0.795251
0.512237 -0.182445 -0.785108
0.499965 -0.078621 0.877516
0.446979 -0.099764 -1.033618
0.504309 0.025929 0.880906
0.405966 0.039117 -0.850346
0.407519 0.128885 0.741972
0.374618 0.158131 -0.857517
0.385294 0.259669 0.572783
0.335288 0.333860 -0.516584
0.330863 0.468562 0.512617
0.337532 0.616850 -0.343068
0.330829 0.697749 0.439369
0.300017 0.917064 -0.159451
0.239310 1.151211 0.466748
0.206683 1.588340 -0.115874
0.163650 1.885600 0.591384
0.126929 2.380287 0.065225
0.195518 2.473109 0.542112
0.224286 2.563411 0.292990
0.218231 2.331640 0.198300
0.244337 -0.487499 -0.037375
0.277850 -0.503945 0.153597
0.367404 -0.480518 0.049897
0.434180 -0.495058 0.294851
0.511196 -0.474508 -0.048132
0.615455 -0.513942 0.554271
0.763558 -0.498062 0.011805
0.842383 -0.512996 0.561595
0.856429 -0.518091 -0.269708
0.887108 -0.485879 0.911667
0.883058 -0.427065 -0.467016
0.901715 -0.329955 0.905544
0.772628 -0.346364 -0.959931
0.766388 -0.208683 1.058552
0.777031 -0.191406 -0.964744
0.772494 -0.036369 0.928805
0.650842 -0.082061 -1.112888
0.594099 0.079684 0.927504
0.563946 0.044061 -0.855301
0.529978 0.195447 0.573022
0.442299 0.218794 -0.701343
0.420918 0.392559 0.468218
0.377522 0.421799 -0.328030
0.391822 0.524280 0.386265
0.313525 0.639300 -0.194870
0.300983 0.805616 0.402466
0.225995 1.000185 -0.047014
0.165092 1.283187 0.339270
0.136378 1.530545 0.033699
0.190367 1.860348 0.409564
0.307692 1.908853 0.119918
0.228900 1.790584 0.194396
0.287846 -0.459150 0.035222
0.353265 -0.436756 0.134739
0.418555 -0.452972 -0.049926
0.493657 -0.456145 0.232203
0.513369 -0.452209 0.144775
0.646415 -0.465778 0.312479
0.651209 -0.450640 0.190273
0.773047 -0.452448 0.536886
0.729091 -0.480014 0.063353
0.806979 -0.443224 0.422060
0.689988 -0.381059 -0.096920
0.748092 -0.283883 0.627680
0.663789 -0.244743 -0.538784
0.707629 -0.147137 0.514695
0.623155 -0.127732 -0.613791
0.662731 -0.017852 0.666854
0.592709 0.006693 -0.715720
0.592117 0.134395 0.480569
0.469716 0.155307 -0.533499
0.475412 0.293559 0.520351
0.417709 0.351022 -0.447351
0.408897 0.518510 0.420529
0.382370 0.640295 -0.232315
0.398248 0.758261 0.420898
0.383682 0.882264 -0.206349
0.352356 1.048438 0.434182
0.298616 1.331952 -0.038907
0.306012 1.596018 0.518129
0.256512 1.867134 -0.001299
0.326418 1.958243 0.411656
0.293145 2.088039 0.218308
0.240701 1.850048 0.200625
0.401504 -0.426239 -0.016590
0.430534 -0.423297 0.100030
0.508827 -0.396696 0.164148
0.576815 -0.411477 0.121138
0.633597 -0.455602 0.244435
0.662102 -0.523054 0.408855
0.757040 -0.551974 0.382204
0.879046 -0.599349 0.514952
0.892059 -0.580223 0.385975
0.879972 -0.613280 0.797070
0.832035 -0.569052 0.222256
0.867354 -0.529447 0.696071
0.762466 -0.472320 0.027684
0.730415 -0.384306 0.780235
0.675260 -0.372444 -0.266248
0.664316 -0.213642 0.743247
0.624026 -0.205035 -0.288014
0.563794 -0.000659 0.707012
0.522988 -0.057809 -0.392107
0.476303 0.143332 0.390335
0.409038 0.139329 -0.398251
0.360120 0.364748 0.337548
0.353700 0.401413 -0.198832
0.345814 0.618821 0.260531
0.345503 0.647668 -0.152892
0.335045 0.856404 0.327140
0.354181 0.998352 -0.074710
0.345295 1.217744 0.312818
0.273000 1.326332 0.013200
0.246171 1.523592 0.328330
0.293668 1.490506 0.052196
0.161470 1.432435 0.287057
0.339974 -0.427060 -0.037094
0.496789 -0.356244 0.087541
0.566293 -0.333341 -0.111655
0.641028 -0.344996 0.234985
0.621696 -0.363947 0.151418
0.673849 -0.382031 0.300841
0.614104 -0.426412 0.181405
0.673874 -0.485043 0.493465
0.561628 -0.483041 0.261109
0.696100 -0.487025 0.400226
0.599684 -0.458655 0.016089
0.680981 -0.426636 0.458344
0.575169 -0.368141 -0.070777
0.648465 -0.241170 0.421950
0.579986 -0.221464 -0.310117
0.624993 -0.117988 0.444457
0.560464 -0.076025 -0.208137
0.568592 0.126920 0.304969
0.492628 0.099848 -0.357534
0.494841 0.251924 0.342601
0.474743 0.288872 -0.176196
0.463592 0.539921 0.252138
0.448333 0.600818 -0.142870
0.453555 0.784925 0.225994
0.450101 0.838355 -0.111882
0.501295 1.006658 0.244304
0.445352 1.155127 -0.108594
0.459221 1.368806 0.400332
0.390503 1.575321 -0.008974
0.446389 1.628614 0.375057
0.304451 1.625920 0.023722
0.192662 1.445719 -0.150622
0.467472 -0.406096 0.065673
0.485163 -0.381485 0.359738
0.608249 -0.337893 0.236732
0.608905 -0.315274 0.447360
0.690422 -0.327486 0.277575
0.628075 -0.329149 0.577094
0.702653 -0.335108 0.448269
0.620188 -0.408001 0.574455
0.697472 -0.391500 0.429945
0.619932 -0.419271 0.789362
0.752394 -0.366151 0.493314
0.667266 -0.378795 0.634548
0.734031 -0.288839 0.279924
0.606518 -0.255255 0.758629
0.649758 -0.200834 0.248276
0.570772 -0.154967 0.600366
0.609613 -0.059367 0.115439
0.545704 0.041694 0.639596
0.538547 0.014122 0.111367
0.480283 0.114515 0.343712
0.485225 0.135983 -0.013954
0.430244 0.319895 0.282814
0.429301 0.380427 0.057435
0.426523 0.580411 0.199433
0.466010 0.606271 0.001973
0.442589 0.793230 0.227064
0.487844 0.906847 0.074735
0.469459 1.088731 0.279318
0.463917 1.131503 0.074717
0.397841 1.325439 0.335726
0.283560 1.278978 0.078815
0.184597 1.174189 0.130334
