0.212537 -0.602207 -1.173561
0.035783 -0.355450 -0.767847
-0.037720 -0.930723 0.238371
0.078890 0.561480 -0.827270
-0.070829 -0.707566 1.036024
0.096581 1.223761 -0.858204
-0.366145 -0.030667 1.109011
0.086515 0.980092 -0.083918
-0.018211 0.873405 -0.987154
0.236870 1.198756 0.039294
-0.431885 0.681491 1.079506
-0.073472 0.388948 0.941801
-0.774599 1.027923 1.400973
0.309383 0.259625 1.162974
-0.560984 1.047334 0.922097
-0.377130 -1.195096 -0.624241
-0.358656 -0.854991 -1.249021
-0.304736 -1.048387 0.192299
-0.071418 0.739678 -0.515022
-0.933759 0.747284 -1.376979
0.050559 -0.782426 0.620227
-0.103182 1.232029 -0.386121
0.148002 0.527922 -1.096436
-0.482104 -0.029132 -1.460955
-0.415475 -0.095520 1.438064
-0.078139 0.021859 1.175539
-0.803968 1.474198 -0.226590
0.130163 -1.011096 0.841355
-1.389272 0.987993 -0.328733
-0.137451 -0.737200 -0.788308
-1.482197 0.376481 -1.516823
-0.091320 -0.023483 -0.849512
-0.035693 0.651872 -1.244192
-0.110979 -0.378946 -1.056107
0.122552 0.306299 -1.067653
0.090392 0.646325 -0.735406
-0.343869 -1.009452 -0.652482
0.158890 0.231258 -1.112728
0.419052 0.496548 1.127873
-0.448678 0.790043 -1.187693
-0.156952 0.479285 0.488620
-0.082430 0.589734 0.768628
-0.214643 -0.576318 1.138955
-0.520839 -0.603621 -1.302546
-0.473279 -0.257461 -0.883843
-0.135456 -0.445608 -0.678859
-1.389658 -0.884736 1.260027
0.311976 0.732465 1.083057
-0.642736 0.468106 -1.014753
-0.056272 -0.278561 1.417441
-0.311432 -0.839748 0.566444
-0.008068 0.705676 -0.500916
0.077457 0.796748 0.419708
-0.714852 -0.114090 1.592629
-0.540539 -0.377866 1.242612
0.163604 -0.666827 0.907716
0.239863 -0.318734 -1.105590
0.223289 1.174521 0.497471
-1.577990 0.750902 -0.913316
0.221026 0.554022 -1.055042
-1.167829 -0.049862 -1.101922
-0.565233 1.142391 -1.040470
-1.085409 -1.114141 0.587912
-0.081822 -0.702460 0.393686
-0.283534 -0.764362 -0.687690
-0.232369 -0.288292 -1.502936
-0.540918 0.523966 0.913133
-0.008282 -0.126208 1.282733
-0.369797 1.336835 0.840345
-1.043176 0.476779 1.547037
-0.263446 1.147961 0.185042
0.299158 0.152830 -0.890157
-1.108470 0.043662 1.044631
0.255083 -0.179930 1.184312
0.251027 0.892133 -1.338089
-0.063871 -0.158830 -0.793555
0.275206 -0.216493 0.931665
0.091029 -0.457520 -0.645350
0.071316 -0.393277 1.054795
0.073275 0.703588 -0.475221
0.087857 -0.726309 -0.294745
-1.336466 -0.328302 1.019801
0.319640 0.303101 -1.057494
-1.889805 0.163193 1.229806
-0.319002 -0.975659 -0.834535
-0.295418 -0.089020 -1.042555
-0.071938 -0.831250 -0.717788
0.046136 -0.492496 -0.901676
-0.829278 1.382482 -0.547933
0.180239 -0.019915 -1.176284
-1.875013 -0.450630 0.944376
0.146582 -0.769161 -0.398292
-0.369165 0.831988 1.387846
-0.732113 0.012361 0.885115
0.157790 0.403858 0.975838
0.221764 0.198896 1.275704
-0.355878 -1.137866 0.275739
0.410721 0.468043 -1.481042
-0.102671 -0.901199 -0.079316
-0.964963 -0.463769 -1.111730
-1.060598 0.345835 0.960901
-0.084466 1.214659 0.005524
0.074605 -0.480114 -1.200832
-0.433617 -0.402553 1.353865
-0.302182 -0.178175 -1.087308
-0.177124 0.974273 -1.197079
-0.685626 1.376780 0.108229
-0.159440 0.829095 -0.994838
-0.065838 -0.094517 0.833318
0.030931 -0.016607 -1.194603
-1.135592 1.377032 0.281165
-0.032413 -0.545965 -0.815041
0.242935 -0.545893 0.959879
0.024598 0.334632 0.676579
-0.120154 -0.944003 -0.681564
-1.749725 -0.209177 -1.001675
-0.472056 -0.823666 1.443172
0.037740 0.197012 -0.960680
0.172058 0.452106 -1.348206
-1.085902 0.990243 -1.080506
-0.240765 -0.803398 0.592063
-0.103803 -0.466469 0.779449
-0.146050 -0.802580 -1.279486
-0.196601 1.061324 -0.367591
0.161829 -0.065612 -0.665607
0.119613 1.114118 -0.243435
-0.184940 0.179134 -1.115974
-0.017997 0.952731 1.034224
-0.132571 -0.971111 -0.554156
-1.679391 0.008056 -0.675331
-0.029498 0.542256 -1.078520
-0.737740 -1.213484 -0.959855
-0.610455 1.103317 -0.785289
-0.185806 1.260381 0.510358
-1.086516 -0.596108 -1.301593
-0.003820 -0.369644 1.162747
0.188216 0.691194 0.137015
-0.272022 1.008976 0.812789
-1.026091 -0.588651 -0.803063
-0.223865 1.331316 -0.766989
0.091306 -0.286711 -1.695910
-0.921992 0.655518 -0.951271
-1.182701 -0.570247 1.530104
-0.433309 0.060514 -1.046680
0.201381 0.136813 1.185494
0.051088 -0.368926 0.686022
-1.281444 -0.288548 -0.832514
-0.898414 -0.167682 1.181847
-0.855444 0.948214 0.713224
-0.026941 1.047398 -0.650704
0.156368 -0.226011 -1.020060
0.315617 0.987555 -1.038366
-0.112084 0.451105 -0.847789
0.044327 0.158980 -1.547080
-0.684302 -0.254776 -1.309252
-0.362560 -0.022870 1.008438
0.122600 0.749312 -0.171351
-1.197273 1.274143 -0.702471
-0.137861 -1.024368 -0.841286
-0.938396 0.254135 1.158119
-1.960603 -0.592270 -0.962866
0.292592 0.586591 -1.207304
0.136910 0.394070 -0.935943
-0.139817 0.209471 1.033641
0.243279 0.385406 -0.819112
0.015295 0.935394 -0.793033
0.037974 -0.558435 -0.646948
0.174672 0.017059 -0.429699
0.027982 0.589082 -0.551751
-0.720616 -0.747293 -0.971400
0.008646 0.894149 0.320386
-0.832776 0.500390 1.111131
-0.381650 0.185417 1.456035
0.066318 0.868350 -0.113786
0.256607 -0.262123 -1.109786
0.178961 1.041889 0.721210
0.062630 0.841612 -0.576941
0.340326 -0.097377 -1.097156
-0.115845 -0.930269 -0.421091
-0.154899 -0.239840 0.871723
0.011728 1.212411 -0.566766
0.084708 0.872870 -0.441167
0.069048 0.845836 -0.566182
0.281695 0.579948 -1.068206
-0.064685 0.076413 0.732233
0.041546 -0.647557 -0.594374
0.038183 1.002364 -0.780313
-1.452182 0.343054 -1.126899
0.156644 -0.162476 0.880756
-0.314706 0.373988 -1.224744
-0.528403 0.545197 -1.419150
0.200883 0.319489 -0.808129
0.004688 -0.642524 -0.928669
-0.140798 0.726846 -1.396607
-1.389157 0.414799 1.404862
0.087767 0.117874 0.794115
-0.152482 -0.721533 -0.877786
0.057991 -0.746945 -0.336265
-1.057018 -1.305330 -0.179780
0.227720 0.085469 -1.298666
0.020877 0.806436 0.875293
-0.151945 1.303767 -0.308988
0.180393 0.779608 0.620987
-0.532557 0.208424 0.978624
-0.321729 -1.024532 -0.448011
0.330327 1.138833 0.760606
-1.039522 0.239458 -0.999509
0.041196 0.294037 1.010973
-0.726385 -0.506438 1.011097
-0.201712 -0.855763 -0.936230
0.133787 1.061057 -0.597652
0.140999 0.686505 -0.427309
0.177847 0.718756 -0.879279
0.150462 0.384923 1.052229
-1.179479 0.819940 1.044203
-1.061116 -0.868617 -0.787426
-0.214635 0.253755 -0.879879
-0.092372 0.078162 -1.113976
-0.615601 0.383942 -1.315874
0.087234 0.987856 0.623491
-0.792099 0.241437 -1.428498
-1.085951 0.765978 0.670553
-2.092384 0.420508 -1.057522
-0.468374 -0.885292 0.878512
-1.571781 -0.329945 1.581117
0.157551 -0.018198 0.943108
-0.532102 -1.320822 -0.355246
-1.467396 -0.166948 -1.587389
0.294637 -0.558209 1.161362
-0.285360 -1.194722 -0.948093
0.046767 1.134720 -0.379341
0.271402 0.140460 -1.435274
-1.240830 -1.148752 -0.458376
-0.790259 -0.168324 -0.957797
-0.308189 -0.605928 -0.963793
0.110737 0.024924 -0.939363
-0.901603 -0.989417 0.864153
-0.024165 0.950861 0.350678
-1.108752 -0.037100 -0.657494
-0.856883 0.703513 -0.429305
0.138653 0.161115 -0.931767
-0.959640 -0.759488 1.056419
0.130552 -1.144025 -0.095635
0.066972 1.308075 -0.234637
-1.475417 -0.726533 -1.107031
-0.222828 0.626810 1.196431
-1.708037 0.677989 0.959090
0.060289 -0.603190 -0.382481
-0.218821 -0.377473 -0.719063
-1.758965 -0.958892 -0.797043
-1.190340 -0.943495 -1.204590
-0.110471 -1.033383 -0.260694
-1.127850 -1.157458 -0.753009
-0.812836 1.427596 0.414339
-0.133724 0.998016 -0.920469
-0.507177 -0.428957 0.899459
-1.072686 -0.896268 -0.570115
-1.377676 -0.796581 0.209528
-1.438012 -0.679473 -0.639559
-1.420126 -0.606498 0.529649
-1.552809 -0.553352 -0.332611
-1.611471 -0.351367 0.300880
-1.557722 -0.369658 -0.563226
-1.596201 -0.211090 0.594366
-1.787858 -0.332693 -0.165892
-1.710793 -0.298634 -0.014578
-1.679688 -0.334263 -0.490357
-1.487459 -0.163659 0.187058
-1.591591 -0.180461 -0.125151
-1.457146 -0.076247 -0.203275
-1.385436 -0.112661 -0.459173
-1.401973 -0.014310 0.303546
-1.569519 -0.058478 -0.261584
-1.653756 0.123357 0.118925
-1.554451 0.118766 -0.624804
-1.564381 0.439213 0.551284
-1.632179 0.437081 -0.403539
-1.628389 0.547963 0.187902
-1.533942 0.356400 -0.502336
-1.456981 0.412261 0.456136
-1.565793 0.304440 -0.059436
-1.542657 0.333782 0.091246
-1.454319 0.277938 -0.397402
-1.368340 0.447553 0.564042
-1.509026 0.554516 -0.028323
-1.370411 0.644216 0.324216
-1.171825 0.834631 -0.125285
-0.881707 0.847533 0.140107
-1.456746 -1.104049 -0.507646
-1.692388 -1.145537 0.067571
-1.737245 -1.356232 -0.349387
-1.836064 -1.097999 0.348034
-1.823886 -1.110601 -0.750639
-2.037619 -0.820748 0.764676
-2.144220 -1.008183 -0.239963
-2.295034 -0.789217 0.329729
-2.298137 -0.872650 -0.617846
-2.447345 -0.642788 0.801767
-2.595979 -0.852588 0.039729
-2.360837 -0.574671 0.173212
-2.190941 -0.578460 -0.522531
-1.988741 -0.202928 0.288103
-2.051916 -0.447456 -0.174673
-1.994171 -0.246922 0.039215
-1.915964 -0.341276 -0.608742
-2.015638 -0.001260 0.447537
-1.985282 -0.135560 -0.384662
-2.033320 0.251741 0.090385
-1.903934 0.102595 -0.705524
-2.029556 0.361495 0.554251
-1.978815 0.099146 -0.233280
-2.022606 0.165285 0.352882
-1.881851 0.039800 -0.371946
-1.949315 0.189625 0.769726
-1.834233 -0.001696 0.151407
-1.806522 0.090516 0.413529
-1.580753 0.088593 -0.096231
-1.603759 0.193144 0.918628
-1.445939 -0.015178 0.668616
-1.188736 0.241956 0.772018
-1.518374 -0.737729 -0.081613
-1.691556 -0.894340 -0.128113
-1.834452 -0.973197 -0.245984
-1.809245 -0.878310 0.270580
-1.998695 -0.855264 0.006588
-1.893734 -0.588512 -0.000390
-2.120969 -0.689043 -0.473350
-2.207884 -0.587185 0.443886
-2.577752 -0.657377 0.026997
-2.373564 -0.528849 -0.098714
-2.735050 -0.483972 -0.494543
-2.405338 -0.320086 0.243212
-2.722543 -0.236230 0.123053
-2.522230 -0.112745 -0.154516
-2.923396 -0.040443 -0.313686
-2.701545 0.047573 0.274858
-2.893680 0.047063 -0.034200
-2.756093 0.270369 -0.108447
-2.901321 0.379938 -0.399002
-2.749583 0.617871 0.454216
-2.862866 0.652650 0.121342
-2.659627 0.773174 0.156416
-2.683740 0.757206 -0.295882
-2.456800 0.792684 0.550361
-2.570614 0.782136 0.311749
-2.328604 0.760303 0.230354
-2.361193 0.844403 -0.212607
-2.124462 0.886892 0.662883
-2.102707 1.012954 0.393542
-1.795421 0.935386 0.421589
-1.853681 0.909632 0.100284
-1.507571 0.912700 0.004677
-1.583066 -1.136866 -0.417350
-1.799790 -1.458721 -0.122826
-1.951875 -1.609919 -0.213550
-2.084577 -1.490563 0.121460
-2.147225 -1.520479 -0.653664
-2.299207 -1.337974 0.646779
-2.449796 -1.546971 -0.342332
-2.683949 -1.346323 0.234675
-2.743948 -1.452724 -0.917592
-2.922421 -1.094500 1.031548
-3.005700 -1.214473 -0.533796
-2.893867 -0.843805 0.309864
-2.791088 -0.765015 -0.872988
-2.790787 -0.408094 0.765007
-2.841055 -0.506201 -0.396438
-2.858310 -0.257650 0.141045
-2.676507 -0.245696 -0.852464
-2.830628 -0.067296 0.822452
-2.832605 -0.144362 -0.353706
-2.836955 0.178146 0.201366
-2.652438 0.231203 -0.736766
-2.693182 0.455734 0.683613
-2.617509 0.300735 -0.087936
-2.560642 0.378535 0.419542
-2.336850 0.346239 -0.448918
-2.354752 0.447486 0.805736
-2.208868 0.323445 0.181244
-2.133691 0.431476 0.727860
-1.884054 0.415886 -0.138059
-1.850068 0.510735 1.039179
-1.703354 0.334350 0.573260
-1.414742 0.610051 0.714196
-1.392776 -1.075068 -0.117178
-1.564542 -1.267854 -0.109839
-1.694187 -1.399843 -0.400273
-1.801637 -1.329208 0.105895
-1.985576 -1.327202 -0.438291
-2.034769 -1.161204 0.007197
-2.166115 -1.220174 -0.919409
-2.337365 -1.001718 0.629643
-2.561011 -1.016179 -0.881899
-2.472961 -0.793125 0.263792
-2.687655 -0.770243 -1.293774
-2.604970 -0.395845 1.273875
-2.778526 -0.400936 -0.867147
-2.699390 -0.138000 0.708799
-2.945722 -0.114049 -1.242535
-2.973143 0.086073 1.270018
-2.956233 0.061876 -0.900031
-2.834413 0.275647 0.707127
-2.837941 0.464852 -1.059406
-2.900416 0.668295 1.161266
-2.812805 0.806537 -0.282718
-2.731517 0.884385 1.061485
-2.617633 1.129670 -0.285156
-2.619967 1.151226 1.120655
-2.493124 1.210893 0.415200
-2.421006 1.217284 1.111844
-2.278571 1.449691 0.295479
-2.240968 1.473882 0.867616
-2.031023 1.540353 0.674472
-1.956907 1.370075 1.041571
-1.953817 1.286861 0.640133
-1.729936 1.218530 0.394941
-1.297796 -1.395895 -0.369265
-1.426216 -1.630484 -0.187974
-1.627101 -1.744632 -0.282340
-1.786963 -1.663039 0.110751
-1.870728 -1.775009 -0.869664
-1.928997 -1.495675 0.677392
-2.047160 -1.670073 -0.820585
-2.219800 -1.400462 0.479752
-2.299900 -1.613031 -1.661753
-2.276856 -1.006655 1.515331
-2.456634 -1.249657 -1.440003
-2.348140 -0.762984 0.940826
-2.460266 -0.898435 -1.791114
-2.426208 -0.434152 1.713222
-2.489091 -0.576318 -1.231717
-2.586642 -0.243151 1.022741
-2.588974 -0.269243 -1.688159
-2.560191 0.059540 1.454794
-2.493640 0.001856 -1.175988
-2.582366 0.287157 0.876827
-2.569174 0.402653 -1.240778
-2.570439 0.623750 1.410518
-2.514060 0.642403 -0.403127
-2.470611 0.721499 1.027351
-2.314143 0.803861 -0.250827
-2.224151 0.908292 1.209329
-2.124239 0.871817 0.213576
-2.065611 0.900174 0.751407
-1.840946 0.888640 0.218745
-1.782745 0.919808 0.899433
-1.697010 0.755138 0.539966
-1.453285 0.970041 0.781266
-1.142401 -1.282834 -0.105520
-1.332802 -1.477772 0.131880
-1.468163 -1.654663 -0.541880
-1.587718 -1.454849 0.522896
-1.730842 -1.391008 -0.583338
-1.789002 -1.217427 0.491700
-1.842655 -1.479149 -1.428245
-1.936087 -1.067659 1.257038
-2.152597 -1.183355 -1.415933
-2.078231 -0.765776 1.014480
-2.223679 -1.044519 -1.892148
-2.194479 -0.501577 1.924997
-2.272418 -0.617152 -1.536380
-2.265465 -0.116510 1.331733
-2.386094 -0.340512 -2.026174
-2.368285 0.013955 2.029867
-2.323226 -0.066106 -1.643527
-2.350250 0.344776 1.254146
-2.270222 0.316790 -1.830183
-2.344001 0.684983 1.839444
-2.278219 0.687792 -1.255957
-2.316435 1.087490 1.607043
-2.127227 1.170046 -0.989701
-2.197910 1.384824 2.067164
-2.188275 1.364895 -0.260265
-2.231740 1.644781 1.586583
-1.895097 1.784168 -0.104250
-1.920372 1.952122 1.695317
-1.882195 1.996570 0.792942
-1.883523 1.790308 1.166658
-1.847862 1.614265 0.678198
-1.571893 1.476767 0.522170
-1.138255 -1.533948 -0.242763
-1.186747 -1.693267 0.128636
-1.385647 -1.827826 -0.297217
-1.503511 -1.655954 0.505109
-1.555126 -1.769627 -0.991063
-1.547733 -1.372776 1.269479
-1.718255 -1.696819 -0.991049
-1.826116 -1.272363 1.043523
-1.917431 -1.690024 -1.965839
-1.797093 -0.993152 1.926884
-1.957899 -1.355956 -1.810745
-1.933313 -0.729025 1.500423
-2.046808 -1.053688 -2.324475
-1.963464 -0.406278 2.227770
-1.986637 -0.637105 -1.859910
-2.097255 -0.135151 1.773748
-2.055190 -0.247307 -2.220333
-2.027159 0.184640 2.197477
-1.908929 -0.005142 -1.634940
-2.019489 0.503453 1.640202
-1.991211 0.459940 -1.681149
-1.983240 0.889458 2.138374
-2.017591 0.721524 -0.933740
-2.041881 1.008170 1.736417
-1.868636 0.981340 -0.705884
-1.874371 1.225904 2.014867
-1.952250 0.950056 -0.222956
-1.824166 1.202879 1.254793
-1.613188 1.178675 0.071949
-1.571970 1.115787 1.072591
-1.586325 0.957129 0.647314
-1.320870 1.034582 0.770360
-0.964577 -1.394143 0.083430
-1.108168 -1.540730 0.250436
-1.159335 -1.765238 -0.374126
-1.267916 -1.508297 0.615006
-1.490071 -1.482791 -0.362815
-1.563563 -1.261580 0.512262
-1.620086 -1.378949 -0.921924
-1.714720 -1.040555 0.971251
-1.872360 -1.132639 -0.667198
-1.793180 -0.840727 0.749899
-1.940247 -1.010222 -1.082714
-1.893967 -0.586564 1.016037
-1.993814 -0.616390 -0.743017
-1.940068 -0.250170 0.881639
-2.055401 -0.296218 -1.200522
-2.078218 -0.011948 1.112501
-2.000145 -0.071933 -0.920893
-1.996476 0.255789 1.145423
-1.880987 0.278171 -1.148277
-2.017301 0.598362 1.220445
-1.884413 0.585912 -0.663072
-1.985309 1.011645 1.603149
-1.800905 1.078255 -0.434284
-2.037706 1.293634 1.472067
-1.879151 1.138863 -0.011223
-1.895622 1.663454 1.989766
-1.692799 1.774308 0.136922
-1.837109 1.960286 1.426976
-1.658979 1.925152 0.776956
-1.580986 1.816656 1.432432
-1.542554 1.719234 0.888872
-1.366669 1.517322 0.749257
-0.948577 -1.616668 -0.085298
-0.948552 -1.726509 0.148954
-1.071104 -1.827173 -0.115575
-1.133137 -1.718988 0.518919
-1.222391 -1.771802 -0.707035
-1.294227 -1.492788 1.051144
-1.400440 -1.593860 -0.638697
-1.546911 -1.328063 0.859340
-1.517592 -1.522611 -1.267097
-1.574434 -1.136291 1.406923
-1.666584 -1.256418 -0.985769
-1.754348 -0.846242 1.126796
-1.697715 -0.931901 -1.414106
-1.795897 -0.501091 1.488043
-1.832665 -0.537174 -1.101269
-1.955840 -0.180268 1.132495
-1.792910 -0.282075 -1.448906
-1.796192 0.061550 1.431950
-1.640409 0.036986 -0.942578
-1.732320 0.362475 1.055188
-1.625490 0.356273 -1.007638
-1.670938 0.646107 1.415915
-1.562309 0.682449 -0.434615
-1.641736 0.879295 1.080099
-1.571158 0.878381 -0.392253
-1.504109 1.086628 1.334996
-1.497540 1.059322 -0.040242
-1.536127 1.220003 0.889285
-1.416812 1.189935 0.200853
-1.389088 1.179613 0.758848
-1.303033 1.099464 0.523063
-1.071429 1.128409 0.666115
-0.826237 -1.494384 0.107181
-0.880044 -1.566105 0.416881
-0.964090 -1.746084 -0.411006
-1.039666 -1.538211 0.810277
-1.232610 -1.544443 -0.506737
-1.275023 -1.364189 0.686263
-1.270439 -1.454890 -1.002607
-1.340004 -1.200380 1.112770
-1.460199 -1.246598 -0.903346
-1.466392 -1.011704 0.950687
-1.450677 -1.106023 -1.232279
-1.496473 -0.828025 1.245949
-1.490470 -0.737452 -1.200008
-1.545280 -0.473538 1.158731
-1.563157 -0.419310 -1.434897
-1.647650 -0.039471 1.302210
-1.510456 -0.117098 -1.275017
-1.589276 0.254268 1.218604
-1.474213 0.130128 -1.322041
-1.564620 0.549550 1.455537
-1.450988 0.486321 -0.931114
-1.498213 0.863951 1.332302
-1.419961 0.776836 -0.981725
-1.472095 1.117515 1.601103
-1.322037 0.919600 -0.423644
-1.365786 1.346998 1.366232
-1.282778 1.447125 -0.341570
-1.375744 1.593157 1.186713
-1.311359 1.619269 0.195022
-1.275288 1.566044 0.861808
-1.149517 1.484585 0.372076
-0.982508 1.367967 0.440281
-0.850151 -1.628993 -0.086192
-0.797179 -1.753122 0.267695
-0.861442 -1.823902 -0.197128
-0.908598 -1.697942 0.713635
-0.964602 -1.765227 -0.798393
-1.003005 -1.501464 1.183057
-1.045529 -1.636901 -0.805011
-1.085043 -1.399128 0.977668
-1.074688 -1.568125 -1.329768
-1.105685 -1.204527 1.426074
-1.106723 -1.278085 -1.244968
-1.202013 -0.957370 1.316903
-1.102329 -1.041193 -1.552644
-1.189731 -0.614736 1.622226
-1.168254 -0.682236 -1.560477
-1.338755 -0.240872 1.500853
-1.175583 -0.400528 -1.709542
-1.255277 0.037966 1.624699
-1.149834 -0.176029 -1.559143
-1.218313 0.323402 1.465426
-1.068191 0.242366 -1.558595
-1.112092 0.658647 1.611359
-1.109992 0.535600 -1.184076
-1.091230 0.808787 1.324679
-0.930455 0.896926 -1.096123
-0.911195 1.084558 1.374346
-1.003225 1.126524 -0.741047
-0.969024 1.224803 1.045482
-0.933106 1.323783 -0.334086
-0.949933 1.296156 0.807353
-0.942871 1.320577 0.074489
-0.777448 1.226948 0.443905
-0.724945 -1.451311 0.212092
-0.760560 -1.510159 0.395833
-0.796425 -1.695720 -0.315560
-0.838602 -1.471804 0.786739
-0.975833 -1.558137 -0.508302
-1.028329 -1.376772 0.687538
-0.946548 -1.469952 -0.958263
-0.979209 -1.222204 1.100177
-0.965032 -1.280242 -1.028663
-0.981244 -1.056830 1.015111
-0.887429 -1.089715 -1.370117
-0.942921 -0.781329 1.355959
-0.923519 -0.751346 -1.445108
-1.010013 -0.439142 1.378384
-0.923703 -0.408274 -1.579980
-1.025120 -0.035090 1.471098
-0.979488 -0.065619 -1.481405
-1.062094 0.230324 1.415435
-0.975719 0.175311 -1.461094
-1.057850 0.508505 1.349551
-0.981311 0.519646 -1.188319
-1.030823 0.822516 1.419563
-0.871676 0.927694 -1.064910
-0.917989 1.129840 1.267152
-0.816462 1.179739 -0.737876
-0.813968 1.314040 1.424350
-0.694132 1.466656 -0.615817
-0.767444 1.479880 1.154123
-0.778569 1.634587 -0.318955
-0.757622 1.497945 0.877589
-0.706510 1.653351 0.159997
-0.657496 1.437212 0.479050
-0.701877 -1.534958 0.008206
-0.637465 -1.617514 0.231100
-0.676871 -1.693034 -0.090652
-0.691888 -1.602187 0.630168
-0.710491 -1.682124 -0.644095
-0.739999 -1.469892 1.041523
-0.784677 -1.573595 -0.768873
-0.739605 -1.370038 0.922082
-0.690838 -1.502147 -1.206296
-0.727846 -1.176709 1.399505
-0.710674 -1.130727 -1.424523
-0.736318 -0.847648 1.343245
-0.705576 -0.963298 -1.631162
-0.767627 -0.600170 1.596347
-0.751250 -0.626623 -1.734546
-0.783939 -0.228010 1.578717
-0.700289 -0.364421 -1.883514
-0.799782 0.013012 1.770302
-0.790314 -0.095469 -1.778606
-0.798254 0.286068 1.609493
-0.697017 0.181651 -1.772380
-0.749505 0.516420 1.717752
-0.737557 0.492947 -1.421674
-0.735749 0.744835 1.349577
-0.648920 0.852858 -1.139941
-0.648709 0.922927 1.411473
-0.729502 1.086630 -0.718916
-0.705930 1.043994 1.057143
-0.644660 1.313205 -0.373635
-0.643743 1.199127 0.822437
-0.639260 1.375798 -0.018794
-0.496702 1.275387 0.607694
-0.529923 -1.398932 0.167160
-0.546385 -1.375895 0.418682
-0.601955 -1.501579 -0.348381
-0.594231 -1.287894 0.736653
-0.641646 -1.348764 -0.525838
-0.646396 -1.201667 0.661749
-0.565538 -1.248717 -1.001267
-0.553456 -1.016887 1.084535
-0.522591 -1.011504 -1.074171
-0.514284 -0.819913 1.027668
-0.476738 -0.781981 -1.437073
-0.482254 -0.522801 1.377360
-0.465211 -0.464307 -1.497001
-0.488580 -0.291663 1.305638
-0.425976 -0.229811 -1.700467
-0.497762 0.051777 1.548432
-0.511584 0.080651 -1.618654
-0.560489 0.266360 1.381310
-0.520081 0.209149 -1.772987
-0.575381 0.460077 1.659797
-0.560903 0.445694 -1.582260
-0.606230 0.775230 1.597746
-0.542877 0.861465 -1.378204
-0.568441 1.091224 1.641420
-0.526550 1.173631 -0.971960
-0.517342 1.232446 1.353408
-0.472564 1.467550 -0.861005
-0.436981 1.426779 1.170305
-0.433418 1.621812 -0.316406
-0.409182 1.501086 0.874205
-0.422213 1.556151 0.115670
-0.333156 1.369479 0.454863
-0.456520 -1.430802 -0.040727
-0.409892 -1.509443 0.194215
-0.405164 -1.521295 -0.166765
-0.392220 -1.416330 0.567942
-0.384189 -1.463888 -0.638172
-0.355384 -1.282846 1.006252
-0.322271 -1.332166 -0.767043
-0.299307 -1.157941 0.925684
-0.271841 -1.310359 -1.229447
-0.208576 -0.975645 1.453061
-0.141213 -0.834810 -1.357945
-0.173578 -0.659971 1.279042
-0.169887 -0.732821 -1.613471
-0.131867 -0.450033 1.580024
-0.055450 -0.420314 -1.602889
-0.154172 -0.200242 1.491705
-0.153886 -0.295085 -1.879716
-0.198478 -0.013767 1.751482
-0.147607 -0.075560 -1.704279
-0.268475 0.156983 1.592619
-0.272390 0.072790 -1.880662
-0.324551 0.435298 1.722894
-0.292540 0.282528 -1.588657
-0.359468 0.605348 1.500525
-0.336375 0.720113 -1.244540
-0.380109 0.837800 1.310334
-0.432705 0.954169 -0.826829
-0.413117 0.983505 1.072027
-0.381995 1.213015 -0.456689
-0.366327 1.158752 0.777368
-0.346121 1.294862 -0.113542
-0.248674 1.155567 0.389429
-0.350594 -1.268634 0.123735
-0.403320 -1.240086 0.251169
-0.391061 -1.340027 -0.295924
-0.361106 -1.119981 0.525760
-0.363013 -1.131893 -0.349086
-0.362706 -0.983343 0.354950
-0.298500 -0.961151 -0.615660
-0.283871 -0.779168 0.669906
-0.274899 -0.671701 -0.657269
-0.262519 -0.579146 0.440320
-0.271498 -0.448857 -0.861127
-0.268285 -0.332521 0.654605
-0.246591 -0.132368 -0.822899
-0.187979 -0.129288 0.543667
-0.197693 0.012262 -1.025461
-0.207389 0.077975 0.779431
-0.216218 0.209734 -0.891547
-0.206333 0.210490 0.691629
-0.228201 0.281433 -1.046956
-0.253964 0.352628 0.963827
-0.301242 0.447608 -0.948767
-0.310568 0.575150 1.036453
-0.274955 0.744740 -0.837408
-0.314445 0.837945 1.009652
-0.310879 1.035274 -0.667955
-0.299894 1.055411 1.175912
-0.213740 1.260887 -0.632086
-0.232670 1.257375 0.966788
-0.204953 1.439055 -0.330541
-0.157295 1.425473 0.787637
-0.156741 1.479848 0.137582
-0.066589 1.355362 0.479029
-0.354429 -1.298254 -0.090534
-0.318975 -1.338067 0.059682
-0.278063 -1.402586 -0.147315
-0.276930 -1.306720 0.347832
-0.186008 -1.402554 -0.491661
-0.154452 -1.275612 0.748620
-0.167331 -1.222978 -0.522210
-0.133877 -1.124633 0.621059
-0.113865 -1.152478 -0.807387
-0.095838 -0.972543 1.066587
-0.169267 -0.701863 -0.815377
-0.194328 -0.627457 0.793124
-0.125676 -0.616035 -0.940309
-0.117960 -0.445289 1.158571
-0.169755 -0.300740 -0.869969
-0.173375 -0.236804 0.868763
-0.125683 -0.277707 -1.150644
-0.120021 -0.140292 1.206295
-0.164784 -0.023275 -0.860497
-0.212269 0.059033 0.925772
-0.230720 0.071922 -1.111328
-0.283519 0.248743 1.287434
-0.314354 0.311352 -0.841855
-0.356136 0.442520 0.941513
-0.344597 0.592336 -0.809964
-0.371865 0.624644 1.007591
-0.399018 0.888622 -0.422344
-0.382391 0.863093 0.696416
-0.292763 1.040111 -0.203269
-0.259853 1.088480 0.575654
-0.171911 1.155888 0.105023
-0.098223 1.100466 0.323076
-0.425420 -1.186366 0.019573
-0.422243 -1.156717 0.179434
-0.444016 -1.229994 -0.312906
-0.376840 -1.037048 0.408327
-0.397983 -1.032416 -0.333481
-0.340544 -0.930259 0.300405
-0.345212 -0.895624 -0.712430
-0.269188 -0.703186 0.774214
-0.297704 -0.618483 -0.835138
-0.250293 -0.505287 0.673404
-0.258734 -0.417612 -1.173994
-0.195023 -0.209099 1.195778
-0.192452 -0.139462 -1.221604
-0.194543 -0.037377 0.996150
-0.178388 0.021259 -1.405145
-0.109611 0.111765 1.330980
-0.098428 0.131592 -1.253661
-0.101371 0.147353 1.113398
-0.122384 0.202488 -1.372412
-0.126801 0.270051 1.436909
-0.160888 0.327813 -1.266605
-0.178981 0.414407 1.193089
-0.162496 0.604654 -1.282691
-0.153832 0.715266 1.470720
-0.144182 0.889253 -1.069309
-0.129900 0.962438 1.007671
-0.116478 1.178995 -0.799367
-0.071212 1.161365 1.013303
-0.064947 1.289123 -0.179200
-0.021168 1.327081 0.788093
-0.028553 1.342949 0.193487
-0.008421 1.220170 0.373591
-0.455872 -1.230499 -0.187674
-0.438307 -1.280848 0.045229
-0.414242 -1.378968 -0.233763
-0.451261 -1.232377 0.220158
-0.371277 -1.316237 -0.380451
-0.367888 -1.039501 0.585147
-0.309977 -1.053389 -0.501722
-0.253550 -0.841029 0.481803
-0.194435 -0.880989 -1.052948
-0.117544 -0.663609 1.084131
-0.166850 -0.484554 -1.191198
-0.123175 -0.364954 1.057369
-0.098039 -0.395200 -1.659432
-0.065884 -0.264748 1.527047
-0.088161 -0.206846 -1.557937
-0.047892 -0.140014 1.386248
-0.050087 -0.147634 -1.782618
-0.051704 -0.028455 1.654046
-0.064203 0.023589 -1.612112
-0.072997 0.075361 1.396757
-0.095093 0.145143 -1.879084
-0.096672 0.283885 1.672480
-0.112531 0.316829 -1.571768
-0.095543 0.399137 1.287035
-0.117220 0.580511 -1.553181
-0.139096 0.687135 1.229817
-0.152641 0.761739 -0.918847
-0.187646 0.820694 0.700816
-0.165522 0.981784 -0.398910
-0.175604 0.984323 0.550767
-0.089097 1.028857 -0.007307
-0.062070 0.955649 0.188657
-0.609150 -1.203323 0.002508
-0.623689 -1.266008 0.112697
-0.660441 -1.379019 -0.224651
-0.592209 -1.204841 0.319541
-0.669735 -1.202100 -0.153999
-0.590199 -1.030185 0.054917
-0.508633 -1.023961 -0.487138
-0.379903 -0.763315 0.377948
-0.349705 -0.594968 -0.341897
-0.250722 -0.467832 0.384458
-0.274242 -0.382773 -0.725397
-0.239888 -0.188622 0.729658
-0.264467 -0.030013 -0.668896
-0.179539 0.037902 0.657214
-0.233393 0.084240 -0.797845
-0.196827 0.137488 0.893181
-0.224422 0.248186 -0.806617
-0.175585 0.229529 0.771618
-0.194623 0.274420 -0.845516
-0.198316 0.305952 1.027543
-0.215187 0.461026 -0.843978
-0.165249 0.509827 0.826742
-0.160324 0.688445 -0.704870
-0.163556 0.676981 0.910370
-0.159610 0.865232 -0.645791
-0.100283 0.941891 0.746760
-0.072409 1.042357 -0.387542
-0.110618 1.032196 0.592009
-0.109340 1.146378 -0.165819
-0.031042 1.233591 0.568776
-0.037204 1.276380 0.314829
0.001874 1.151077 0.422685
-0.666539 -1.368737 -0.153739
-0.681525 -1.429511 0.128052
-0.742962 -1.556980 -0.224111
-0.780848 -1.459053 0.212046
-0.718938 -1.546272 -0.450538
-0.653078 -1.279141 0.456225
-0.530034 -1.319058 -0.286402
-0.458393 -1.134599 0.301986
-0.356351 -1.129822 -0.550261
-0.248824 -0.870543 0.726140
-0.224061 -0.600482 -0.437139
-0.209945 -0.460493 0.824552
-0.196944 -0.482094 -0.782834
-0.151557 -0.306229 1.252089
-0.183160 -0.156092 -0.453229
-0.191400 -0.143392 1.115995
-0.139637 -0.077908 -0.547569
-0.124056 -0.053848 1.339761
-0.146808 0.075689 -0.461701
-0.182424 0.057301 1.063081
-0.148173 0.155166 -0.565972
-0.184256 0.209186 1.184176
-0.172353 0.366598 -0.313696
-0.227030 0.425657 0.746158
-0.180256 0.644879 -0.235228
-0.234318 0.637028 0.747528
-0.255150 0.782979 -0.060654
-0.266386 0.820966 0.429567
-0.235363 0.958378 -0.054004
-0.259502 0.943275 0.422037
-0.231202 0.964451 0.168010
-0.202539 0.919828 0.301857
-0.654926 -1.333217 0.027444
-0.674393 -1.279502 0.201449
-0.731209 -1.385681 -0.243410
-0.739341 -1.222684 0.348929
-0.779710 -1.269530 -0.092603
-0.681917 -1.148834 0.161472
-0.595111 -1.173405 -0.234852
-0.461689 -0.945366 0.361139
-0.340296 -0.818546 0.010066
-0.271774 -0.609750 0.538639
-0.230280 -0.463733 -0.137869
-0.188610 -0.266814 0.924909
-0.121726 -0.154641 0.121396
-0.154086 -0.036374 0.869406
-0.122719 0.053952 -0.078646
-0.171912 0.133317 0.987431
-0.130642 0.160197 0.002808
-0.179215 0.191833 0.829415
-0.116055 0.226526 -0.139051
-0.160102 0.286711 0.953653
-0.122002 0.375540 0.055233
-0.193478 0.464020 0.711445
-0.152209 0.538731 -0.038283
-0.202968 0.629474 0.720262
-0.151711 0.763707 0.153504
-0.169492 0.807608 0.469471
-0.125466 0.856459 0.009289
-0.099035 0.939838 0.492848
-0.096347 0.999969 0.157037
-0.093247 1.080023 0.406608
-0.111231 1.084472 0.276678
-0.109379 0.994180 0.184342
-0.305613 -1.009122 0.033642
-0.329636 -1.155988 0.167329
-0.399968 -1.116862 -0.044941
-0.447644 -1.076363 0.272934
-0.443970 -1.062514 -0.177631
-0.397271 -1.010911 0.325880
-0.366718 -0.978650 -0.129394
-0.340331 -0.891948 0.291053
-0.288278 -0.840938 -0.116545
-0.220918 -0.631876 0.496318
-0.159949 -0.401473 0.042867
-0.202561 -0.272683 0.550150
-0.094400 -0.129538 0.101855
-0.145699 -0.048845 0.828853
-0.096920 0.059023 0.224790
-0.163145 0.045660 0.656262
-0.085304 0.176930 0.159181
-0.139699 0.140628 0.821992
-0.077132 0.239836 0.225920
-0.165489 0.195414 0.609758
-0.115051 0.331469 0.125811
-0.168063 0.353183 0.721687
-0.145160 0.481996 0.222731
-0.203287 0.509317 0.474168
-0.129368 0.683346 0.148728
-0.138402 0.698030 0.512744
-0.115750 0.764384 0.251541
-0.081749 0.752145 0.303966
-0.016637 0.876827 0.208448
-0.056456 0.854793 0.335584
-0.131341 0.882960 0.205919
-0.068434 0.750009 0.069678
