0.641020 -0.473917 -0.411843
0.453898 -0.193424 -0.106587
0.405681 -0.175176 0.145225
0.424074 0.352427 -0.204321
0.386709 -0.009223 0.761548
0.535690 0.691230 0.180581
0.380873 0.202948 0.779276
0.435785 0.724684 0.707219
0.524433 0.464639 0.046720
0.426345 0.732366 0.497272
0.239604 0.449065 0.990499
0.425463 0.279320 0.677180
0.099862 0.642416 1.210498
0.630139 0.229995 1.241341
0.295849 0.656671 1.171657
0.451128 -0.620259 -0.005912
0.311498 -0.474579 -0.394372
0.319271 -0.383378 0.146726
0.326589 0.623832 0.102930
-0.268386 0.328366 -0.438387
0.378474 0.020343 0.521036
0.383683 0.643394 0.479647
0.469898 0.227555 -0.118121
0.050382 -0.079795 -0.493566
0.235977 0.094536 1.085611
0.636662 0.075283 1.058300
-0.135173 0.924880 0.281359
0.425430 -0.138980 0.680809
-0.691149 0.680926 -0.005282
0.378342 -0.402042 0.024466
-0.552713 0.017788 -0.376736
0.288789 0.009397 -0.171314
0.356780 0.236221 -0.194801
0.451995 -0.202430 -0.215538
0.516225 0.035292 -0.127973
0.384202 0.297465 0.243306
0.443043 -0.337662 -0.023277
0.443705 0.054080 -0.229737
0.831601 0.396579 1.209945
-0.005780 0.465800 -0.466106
0.256618 0.360779 0.632979
0.515342 0.298079 0.753077
0.267298 -0.183280 0.853537
0.066870 -0.432370 -0.453410
-0.006287 -0.226672 -0.468451
0.246929 -0.333739 -0.135843
-0.672079 -0.447637 0.987418
0.789577 0.486980 1.381335
-0.153105 0.280769 -0.429788
0.628178 0.182942 1.201360
0.277738 -0.017933 0.351068
0.386518 0.282121 0.155566
0.557232 0.507285 0.803888
0.101004 0.115470 1.194045
0.091932 0.004649 0.889944
0.489621 0.037655 0.714766
0.459074 -0.216651 -0.254304
0.598112 0.787116 0.922073
-0.577940 0.396211 -0.184510
0.470831 0.076949 -0.046833
-0.432641 -0.065456 -0.357608
-0.150269 0.644945 -0.346772
-0.195317 -0.605953 0.639776
0.189042 -0.276079 0.413482
0.008412 -0.554040 -0.179240
0.298625 -0.282849 -0.487775
0.024687 0.473759 0.920310
0.517336 0.212256 1.011441
0.297646 0.864237 0.970638
-0.129458 0.398911 1.178789
0.558132 0.579682 0.859553
0.466632 -0.083145 -0.116221
-0.267046 0.166562 0.998756
0.682441 0.166668 0.979378
0.632719 0.440665 -0.299219
0.359370 -0.034123 -0.047201
0.628161 0.061964 0.866438
0.334447 -0.200442 -0.014525
0.308249 0.034887 0.776242
0.451292 0.550201 0.393781
0.224262 -0.332921 0.136945
-0.454059 -0.028704 1.021788
0.513415 0.089167 -0.017095
-0.702141 0.311572 0.839329
0.295745 -0.509251 -0.166481
0.183701 -0.189314 -0.388142
0.380171 -0.302132 -0.034461
0.440217 -0.171697 -0.051846
-0.199738 0.816365 0.000058
0.555401 0.009258 -0.115548
-0.767112 -0.104008 0.860915
0.382380 0.024753 0.154006
0.450659 0.596302 1.272464
-0.059514 0.243043 0.851171
0.670533 0.345018 0.888871
0.719968 0.119404 1.179412
-0.029076 -0.590802 0.151571
0.532935 0.189236 -0.405967
0.393494 -0.239459 0.149996
-0.177713 -0.357796 -0.364655
-0.236673 0.332240 0.986769
0.230589 0.772026 0.695908
0.605540 -0.246606 -0.324549
0.359573 0.022920 1.128503
0.346466 -0.068918 -0.301996
0.423310 0.473337 -0.062188
-0.011600 0.851564 0.549338
0.250305 0.576236 -0.282296
0.470612 0.155980 0.715061
0.377102 0.012274 -0.414858
-0.483785 0.888229 0.606234
0.376472 -0.251655 -0.170250
0.478988 0.182222 0.740470
0.550157 0.131204 0.784643
0.463369 -0.282758 0.015595
-0.817094 -0.139243 -0.393215
0.125884 -0.247934 1.104111
0.506847 -0.037394 -0.245287
0.508918 0.147375 -0.306682
-0.365061 0.521958 -0.334576
0.336222 -0.071881 0.393497
0.319847 -0.064820 0.611644
0.302677 -0.563491 -0.468562
0.410199 0.367633 0.299309
0.420037 -0.059047 0.025517
0.466806 0.422383 0.534868
0.339626 -0.022214 -0.237637
0.699827 0.600107 1.239348
0.376510 -0.443565 -0.105611
-0.783645 0.190444 -0.353527
0.426077 0.347854 0.001483
-0.053368 -0.752990 -0.404749
0.013217 0.722020 -0.203660
0.754327 0.816472 1.005003
-0.336573 -0.427421 -0.330157
0.522674 0.182387 0.918193
0.612793 0.240676 0.835104
0.104061 0.645241 1.018735
-0.337463 -0.457230 -0.399766
0.247271 0.796550 0.024259
0.490162 -0.192726 -0.451060
-0.209158 0.458694 -0.375924
-0.323636 -0.097633 1.037915
0.210212 -0.005667 -0.411441
0.691518 0.288146 1.144894
0.464410 0.003404 0.534870
-0.382186 -0.201326 -0.358708
-0.137526 0.060680 0.983586
-0.011865 0.615870 0.786921
0.427503 0.505714 0.316496
0.553121 -0.175621 -0.057212
0.543522 0.511626 -0.064285
0.317666 0.143305 -0.164496
0.298718 0.044038 -0.495689
-0.091240 -0.238559 -0.400733
0.158877 0.058610 0.907829
0.394426 0.437965 0.610056
-0.382400 0.717886 -0.145981
0.508623 -0.637588 -0.182188
-0.000350 0.327690 1.029219
-0.947248 -0.275691 -0.315811
0.476751 0.087073 -0.144516
0.433372 0.301658 0.173210
0.538216 0.208796 0.992139
0.431477 0.253465 -0.136249
0.472524 0.530729 0.212982
0.468501 -0.209476 0.013849
0.442760 0.271016 0.078569
0.457995 0.273785 0.374264
-0.091038 -0.526804 -0.308875
0.592407 0.403900 0.790144
-0.111431 0.451270 1.041449
0.317345 0.326266 1.217319
0.488237 0.600875 0.667136
0.477701 -0.193531 -0.227295
0.617434 0.633331 1.013896
0.465739 0.375420 0.293131
0.644524 -0.022662 -0.122782
0.059882 -0.498733 -0.158385
0.428048 0.282157 0.657634
0.580315 0.578300 0.404798
0.402101 0.561175 0.199718
0.351927 0.418507 0.275882
0.561206 0.295074 -0.048962
0.348928 0.213323 0.735905
0.333624 -0.261152 -0.052577
0.356537 0.568026 0.028283
-0.506380 0.241473 -0.384540
0.588507 0.344237 0.677159
0.060298 0.110926 -0.439105
-0.049404 0.303573 -0.476478
0.492330 0.109231 -0.154360
0.501635 -0.454495 -0.256731
0.305631 0.286531 -0.431509
-0.363066 0.365304 1.038118
0.575810 0.166742 0.828824
0.468880 -0.205733 -0.174426
0.282762 -0.273472 0.090095
-0.224210 -0.809808 -0.153056
0.647302 0.011481 -0.258339
0.674391 0.607837 1.127437
0.190417 0.843292 0.399953
0.683943 0.589143 0.810736
0.035513 0.229513 0.884619
0.458088 -0.473498 -0.123795
0.756156 0.828634 1.196584
-0.356152 0.124406 -0.392221
0.625221 0.248047 0.950876
-0.090064 -0.105888 0.935698
0.555998 -0.434200 -0.038732
0.340727 0.525154 0.211683
0.576550 0.316028 0.614844
0.434329 0.368410 -0.023352
0.661544 0.399304 1.152011
-0.305628 0.539241 0.940201
-0.194927 -0.581374 -0.275601
0.321538 0.319860 -0.408687
0.442661 -0.020001 -0.165551
-0.121561 0.161379 -0.493520
0.704518 0.425572 0.911438
-0.159521 0.059074 -0.360306
-0.193256 0.600354 0.830365
-1.076398 0.313236 -0.162275
0.101158 -0.342563 0.756891
-0.497686 -0.002308 0.970070
0.567574 0.235472 0.701415
-0.012612 -0.699221 -0.107963
-0.542501 -0.223113 -0.437639
0.534323 0.006551 0.912316
0.226304 -0.686073 -0.369978
0.514718 0.432102 0.671230
0.609562 0.017446 -0.416849
-0.509189 -0.690682 -0.288201
-0.230182 -0.137832 -0.435286
0.153793 -0.382282 -0.299441
0.486975 -0.086123 -0.105565
-0.110823 -0.467151 0.727547
0.440251 0.493029 0.707527
-0.385660 -0.208175 -0.503421
-0.163957 0.640542 -0.232122
0.416277 0.181830 -0.248691
-0.292777 -0.271273 0.876867
0.213880 -0.483955 0.140746
0.612005 0.625561 0.678249
-0.719971 -0.439733 -0.410128
0.426216 0.449714 1.201356
-0.436760 0.507305 0.856665
0.340966 -0.032044 0.181364
0.228508 -0.176152 -0.233220
-0.956474 -0.600327 -0.200870
-0.289241 -0.635195 -0.375883
0.447435 -0.362030 0.020244
-0.260650 -0.789392 -0.396286
-0.086993 0.854255 0.749765
0.334303 0.578824 0.027632
0.040633 -0.174455 0.851741
-0.812575 -0.977686 0.197511
-0.919255 -0.965319 0.851425
-1.152130 -0.986990 0.165431
-1.131373 -0.892078 1.308414
-1.399464 -1.005971 0.605992
-1.378434 -0.942152 1.082715
-1.455945 -1.020771 0.322233
-1.420061 -0.902460 1.424067
-1.643662 -0.972056 0.621269
-1.629752 -0.962084 1.044074
-1.655678 -0.932526 0.293680
-1.629922 -0.758806 1.354755
-1.746676 -0.730472 0.200406
-1.688737 -0.556684 0.960978
-1.589939 -0.437166 -0.105683
-1.548991 -0.121560 1.233768
-1.608839 -0.305166 0.264088
-1.501879 -0.162918 0.809439
-1.420545 -0.287650 0.190814
-1.302780 -0.121913 1.162466
-1.359505 -0.257124 0.371529
-1.250135 -0.181359 0.815082
-1.164351 -0.269770 0.002071
-1.064185 -0.050676 1.138079
-1.135270 -0.127504 0.034525
-1.066361 0.060217 0.758955
-0.929640 0.128479 -0.455987
-0.820843 0.301475 0.887173
-0.843999 0.406051 -0.386911
-0.763131 0.611781 0.557636
-0.538983 0.793550 -0.489985
-0.352262 0.892303 0.267804
-1.270356 -1.070603 0.503711
-1.367697 -1.109268 1.085930
-1.633628 -1.215859 0.991167
-1.662443 -1.194472 1.313260
-1.791797 -1.265987 0.598800
-1.835453 -1.112088 1.589430
-2.177984 -1.308430 1.108569
-2.162649 -1.243684 1.377251
-2.204994 -1.331243 0.736890
-2.219357 -1.161678 1.538611
-2.324566 -1.227950 0.985649
-2.255143 -1.032655 1.290706
-2.231977 -1.087844 0.488210
-2.220865 -0.699600 1.366198
-2.199816 -0.811366 0.672840
-2.073588 -0.494408 1.080196
-1.957745 -0.561323 0.463618
-1.893758 -0.295550 1.415218
-1.886056 -0.519384 0.867945
-1.733417 -0.422613 1.097267
-1.530593 -0.607580 0.540818
-1.463509 -0.400089 1.329099
-1.451762 -0.583741 0.702000
-1.403582 -0.438064 1.052076
-1.249622 -0.470504 0.154655
-1.212159 -0.292900 1.182045
-1.152375 -0.300399 0.301783
-1.075048 -0.107646 0.919996
-0.967994 0.164307 -0.335666
-0.920975 0.251610 0.840236
-0.822801 0.338074 0.502092
-0.547424 0.471351 0.810178
-1.289424 -0.938073 0.692720
-1.452792 -1.112631 0.701518
-1.927078 -1.148394 0.753161
-1.843611 -1.095199 1.131443
-2.296875 -1.125844 1.054375
-2.192192 -1.058623 1.061123
-2.489884 -1.092868 0.819608
-2.392460 -1.078746 1.170776
-2.741229 -1.119005 1.090124
-2.549949 -0.983771 0.988137
-2.843662 -0.929265 0.796230
-2.547288 -0.797648 1.061034
-2.752401 -0.737072 1.091449
-2.456991 -0.451013 0.797538
-2.674908 -0.407592 0.854657
-2.416282 -0.181825 1.098980
-2.576463 -0.185268 1.084915
-2.282131 -0.034938 0.903318
-2.370460 -0.100228 0.805765
-2.061487 -0.065994 1.176463
-2.085596 -0.133671 0.968524
-1.809213 -0.046885 0.874485
-1.791177 -0.118127 0.556182
-1.539909 0.043074 1.071372
-1.539062 -0.062843 0.607999
-1.327416 0.129124 0.618461
-1.279342 0.153231 -0.075466
-1.115540 0.283930 0.519808
-0.978462 0.396841 -0.119397
-0.786795 0.542633 0.308030
-0.739854 0.709450 -0.370838
-0.534500 0.827528 -0.253632
-1.395830 -1.114896 0.207834
-1.526037 -1.332344 0.773870
-1.832856 -1.405639 0.637487
-1.937889 -1.388300 1.075228
-2.139139 -1.394447 0.533428
-2.098362 -1.361463 1.329295
-2.278995 -1.393126 0.861349
-2.402533 -1.362858 1.196758
-2.541492 -1.360364 0.591563
-2.567455 -1.250205 1.352229
-2.622905 -1.227467 0.874295
-2.615657 -1.094677 1.212803
-2.633088 -1.005816 0.583814
-2.620768 -0.819945 1.301185
-2.589840 -0.732764 0.889434
-2.516262 -0.517178 1.071054
-2.367263 -0.377040 0.569619
-2.328181 -0.272018 1.344333
-2.213449 -0.309905 0.858197
-2.099681 -0.329524 1.276631
-1.878015 -0.346121 0.448399
-1.737901 -0.320244 1.349719
-1.664575 -0.333245 0.630333
-1.558692 -0.214910 1.098096
-1.441855 -0.160332 0.190640
-1.324488 -0.055310 1.013619
-1.237085 0.023279 0.329030
-1.159866 0.186629 0.858066
-1.005793 0.394745 -0.295591
-0.884262 0.511410 0.658239
-0.708124 0.635035 0.024607
-0.424817 0.721267 0.644356
-1.180432 -1.071041 0.423772
-1.315088 -1.172922 0.608026
-1.591832 -1.320416 0.496840
-1.713987 -1.232996 0.966740
-1.926407 -1.209274 0.687161
-2.004422 -1.120834 1.024448
-2.122845 -1.106826 0.539435
-2.271076 -1.023617 1.330946
-2.428579 -1.075641 0.667295
-2.478066 -0.923200 1.260376
-2.481823 -0.875607 0.460698
-2.519989 -0.684708 1.466529
-2.560475 -0.669022 0.688247
-2.547036 -0.440673 1.252746
-2.512514 -0.292212 0.514137
-2.524658 -0.103594 1.371908
-2.462817 -0.063744 0.763355
-2.344344 0.005145 1.181910
-2.229288 0.069823 0.682020
-2.157684 0.112955 1.199931
-1.993176 0.114675 0.775920
-1.827375 0.176009 1.026092
-1.661234 0.214425 0.478402
-1.585465 0.324851 0.828052
-1.449003 0.297476 0.492983
-1.324962 0.316027 0.484518
-1.176537 0.361704 0.111330
-1.102112 0.515954 0.234245
-0.807961 0.635924 -0.090095
-0.682809 0.691910 0.300799
-0.492267 0.784486 -0.242674
-0.345015 0.937096 -0.124099
-1.106997 -1.209566 0.179745
-1.155820 -1.343462 0.456904
-1.338552 -1.454418 0.393788
-1.490804 -1.391536 0.817985
-1.605784 -1.423356 0.230569
-1.663629 -1.266734 1.241790
-1.796806 -1.359364 0.555215
-1.879459 -1.196455 1.244724
-2.018173 -1.320564 0.371981
-2.102758 -1.086067 1.581184
-2.154531 -1.210016 0.655208
-2.165101 -0.909199 1.465752
-2.176545 -0.956574 0.391432
-2.276861 -0.671739 1.619010
-2.206737 -0.693814 0.719773
-2.209370 -0.404464 1.371448
-2.097129 -0.346972 0.560521
-2.127464 -0.147187 1.414307
-1.942419 -0.153735 0.795137
-1.890275 -0.089101 1.253204
-1.673763 -0.047366 0.406254
-1.645936 0.043642 1.196482
-1.460672 0.104734 0.377101
-1.422750 0.215424 0.885312
-1.216784 0.270245 0.118874
-1.240684 0.315742 0.686563
-1.143190 0.396878 0.138300
-1.055335 0.474654 0.435395
-0.841346 0.612110 -0.192554
-0.717927 0.710229 0.391251
-0.551737 0.823131 0.040118
-0.288520 0.896586 0.520654
-0.931341 -1.155094 0.238499
-1.046052 -1.222702 0.382904
-1.230813 -1.358938 0.206653
-1.280082 -1.236901 0.760052
-1.494306 -1.216941 0.350904
-1.535491 -1.073404 0.854404
-1.670248 -1.161613 0.394243
-1.718821 -1.040406 1.289612
-1.925135 -1.116393 0.563660
-1.912648 -0.907073 1.265046
-2.018219 -0.993392 0.495189
-1.984649 -0.764615 1.517083
-2.021273 -0.808200 0.633658
-2.037508 -0.524139 1.393235
-2.057877 -0.511962 0.454827
-2.086302 -0.195105 1.460343
-2.016244 -0.168183 0.627182
-1.971782 0.039687 1.264458
-1.872066 0.009590 0.342946
-1.814916 0.179389 1.332458
-1.698971 0.209280 0.439799
-1.575019 0.348530 1.082937
-1.398619 0.349246 -0.006973
-1.249289 0.485529 0.842074
-1.119814 0.521148 0.119438
-1.027431 0.546988 0.434104
-0.850718 0.547887 -0.197583
-0.787497 0.620333 0.138887
-0.668170 0.842806 -0.205367
-0.490126 0.782956 -0.028971
-0.349927 0.871718 -0.420898
-0.180549 0.975258 -0.431027
-0.901508 -1.282005 0.049218
-0.904387 -1.408164 0.241393
-1.044638 -1.515114 0.157342
-1.160134 -1.410155 0.578364
-1.250678 -1.428901 -0.051337
-1.308244 -1.228979 1.029099
-1.436136 -1.352433 0.275586
-1.516316 -1.179417 1.133054
-1.616865 -1.310530 0.196418
-1.623947 -1.073796 1.552381
-1.732520 -1.214072 0.494505
-1.720189 -0.927780 1.421168
-1.650199 -0.981674 0.288382
-1.687934 -0.620920 1.602847
-1.682505 -0.687032 0.485162
-1.714744 -0.371197 1.423409
-1.566730 -0.348332 0.404472
-1.648531 -0.048015 1.478456
-1.505958 -0.074716 0.396057
-1.462825 0.084613 1.288017
-1.232790 0.123965 0.082207
-1.164423 0.279328 1.298397
-1.010276 0.276635 -0.086264
-0.998872 0.394976 0.971796
-0.848432 0.486670 -0.253612
-0.901843 0.506911 0.610538
-0.845329 0.583300 -0.130397
-0.776830 0.652493 0.244234
-0.610365 0.796391 -0.452601
-0.481726 0.868773 0.015771
-0.357466 0.950248 -0.295403
-0.142522 1.029118 0.005081
-0.710524 -1.255542 0.127739
-0.789127 -1.269788 0.216546
-0.901746 -1.455526 -0.036802
-0.967079 -1.271105 0.573186
-1.218053 -1.255943 0.219206
-1.250201 -1.069393 0.686047
-1.372873 -1.161791 0.252705
-1.462295 -0.996339 1.161103
-1.621615 -1.079355 0.512902
-1.626765 -0.860253 1.180483
-1.624022 -0.941497 0.437533
-1.678875 -0.723016 1.419951
-1.679001 -0.783853 0.524192
-1.655176 -0.501656 1.214894
-1.535497 -0.476315 0.453083
-1.600209 -0.185546 1.241118
-1.580669 -0.174636 0.511874
-1.612755 0.038276 1.203831
-1.381810 0.082753 0.402671
-1.352800 0.245118 1.101732
-1.191587 0.283320 0.297911
-1.098140 0.413502 0.940328
-0.873181 0.408404 -0.036614
-0.858503 0.551649 0.640325
-0.693007 0.644794 -0.285733
-0.645451 0.763736 0.243173
-0.550164 0.903616 -0.507273
-0.508779 0.982024 -0.234847
-0.413240 1.112697 -0.543168
-0.355589 1.103250 -0.393269
-0.276121 1.201703 -0.628367
-0.111881 1.191446 -0.661969
-0.692108 -1.383610 -0.028114
-0.674426 -1.468087 0.042285
-0.760999 -1.621919 -0.020232
-0.879710 -1.540478 0.406079
-0.987790 -1.616907 -0.247943
-1.118340 -1.339104 0.772645
-1.208746 -1.431257 0.153778
-1.336480 -1.184767 0.953859
-1.387522 -1.298923 0.125098
-1.407241 -1.038198 1.444423
-1.440682 -1.166888 0.451537
-1.420573 -0.877130 1.303875
-1.343743 -0.936726 0.206813
-1.321726 -0.651200 1.546731
-1.241464 -0.620832 0.315082
-1.296167 -0.352537 1.399090
-1.209311 -0.300341 0.179811
-1.258131 -0.073202 1.535713
-1.120342 -0.008769 0.159955
-1.113201 0.121219 1.273668
-0.897366 0.192091 0.048574
-0.883919 0.273944 1.307875
-0.729227 0.390543 -0.176836
-0.691654 0.440644 0.771107
-0.515088 0.530221 -0.376341
-0.486781 0.596679 0.474518
-0.456343 0.635509 -0.289447
-0.507287 0.831352 -0.038367
-0.428546 0.966168 -0.504205
-0.329250 1.083259 -0.380942
-0.211467 1.108053 -0.487060
-0.066797 1.176476 -0.302692
-0.615408 -1.252429 0.028214
-0.663143 -1.198592 0.250701
-0.778678 -1.318627 -0.245476
-0.870771 -1.082272 0.523192
-1.099862 -1.060459 0.050377
-1.173117 -0.898968 0.668857
-1.281086 -0.997658 0.204297
-1.328078 -0.864036 1.037307
-1.506423 -0.939059 0.459981
-1.466714 -0.750535 1.051112
-1.475767 -0.864727 0.338633
-1.434536 -0.653398 1.333531
-1.454355 -0.707801 0.316783
-1.359006 -0.416763 1.222612
-1.263166 -0.443042 -0.085264
-1.194311 -0.147819 1.550319
-1.145328 -0.116548 -0.133716
-1.152531 0.166211 1.399742
-1.014814 0.128076 -0.301500
-0.976595 0.327466 1.663031
-0.798940 0.291216 -0.152837
-0.733914 0.517661 1.038220
-0.572228 0.571266 -0.639207
-0.569546 0.618446 0.812496
-0.526848 0.760195 -0.681257
-0.462618 0.926114 -0.011360
-0.400914 1.133948 -0.960859
-0.371819 1.254099 -0.399854
-0.401412 1.419758 -0.816706
-0.355224 1.365013 -0.633825
-0.263447 1.421311 -0.828281
-0.099774 1.315455 -1.006064
-0.650472 -1.278604 -0.122408
-0.617913 -1.388926 0.048331
-0.680769 -1.486150 -0.242827
-0.804024 -1.348532 0.406102
-0.938249 -1.362731 -0.448493
-1.033469 -1.086907 0.731852
-1.172400 -1.166590 -0.057429
-1.263362 -0.977415 0.857723
-1.264509 -1.081437 -0.040057
-1.242872 -0.835726 1.200627
-1.306424 -0.945274 0.200083
-1.285423 -0.718497 1.161209
-1.181066 -0.772599 -0.041488
-1.100059 -0.503685 1.548707
-0.940703 -0.522740 -0.169883
-0.869279 -0.261718 1.563897
-0.758724 -0.221436 -0.483595
-0.764867 0.073457 1.954283
-0.622195 0.045564 -0.461495
-0.692864 0.196147 1.748953
-0.510237 0.335513 -0.724492
-0.559123 0.446586 1.792521
-0.437676 0.547245 -0.658172
-0.440889 0.572011 1.063984
-0.262837 0.746325 -0.921842
-0.237080 0.805295 0.360882
-0.255272 0.780728 -0.659224
-0.327189 0.981050 -0.139685
-0.350601 1.131455 -0.749606
-0.292384 1.215074 -0.424686
-0.162474 1.315130 -0.829308
-0.083641 1.330419 -0.667076
-0.648643 -0.979812 0.070541
-0.691716 -0.930210 0.139130
-0.773095 -1.028103 -0.136543
-0.814218 -0.763123 0.355027
-1.044514 -0.794395 0.023551
-1.054121 -0.666273 0.379431
-1.130234 -0.801607 0.002080
-1.184857 -0.671003 0.634168
-1.269552 -0.784187 0.166653
-1.288102 -0.600289 0.679618
-1.256913 -0.703206 0.074817
-1.316223 -0.482800 0.953645
-1.285356 -0.566212 0.061305
-1.161396 -0.323335 0.997348
-0.972325 -0.356638 -0.187419
-0.904846 -0.041763 1.326835
-0.784178 -0.040726 -0.307440
-0.776257 0.236873 1.354690
-0.568477 0.285789 -0.461338
-0.635905 0.473194 1.369856
-0.496009 0.503593 -0.553099
-0.512403 0.621015 1.117991
-0.352258 0.762089 -0.918136
-0.388020 0.814213 0.601817
-0.275464 0.988716 -0.963013
-0.227702 1.107799 0.071869
-0.223204 1.280192 -1.037189
-0.311241 1.437243 -0.254382
-0.322079 1.620447 -1.093163
-0.315249 1.603120 -0.614528
-0.236553 1.678369 -0.783502
-0.071752 1.565806 -0.693566
-0.619622 -0.933633 -0.092064
-0.580622 -0.942096 0.020262
-0.623235 -1.013770 -0.078326
-0.705774 -0.943967 0.236633
-0.783926 -0.928579 -0.302064
-0.862954 -0.809405 0.475762
-0.962217 -0.827651 -0.024557
-1.049107 -0.750121 0.483837
-1.008436 -0.829780 -0.239008
-1.041722 -0.652973 0.771591
-1.019146 -0.699915 -0.086676
-1.087103 -0.525418 0.819644
-0.976527 -0.598289 -0.248331
-0.906851 -0.436726 1.174745
-0.719319 -0.403656 -0.327694
-0.688533 -0.146966 1.267952
-0.544604 -0.083016 -0.505959
-0.562805 0.113408 1.613656
-0.371625 0.239394 -0.641043
-0.464625 0.319542 1.312875
-0.352696 0.465908 -0.788316
-0.339633 0.490191 1.405151
-0.269372 0.645723 -0.799457
-0.277034 0.692789 0.689144
-0.191715 0.820366 -0.876995
-0.104096 0.918356 0.245645
-0.144725 0.940725 -0.662079
-0.143789 1.059465 -0.090479
-0.198652 1.147795 -0.716368
-0.155964 1.245726 -0.363128
-0.101738 1.300571 -0.607689
-0.010422 1.323371 -0.465623
-0.511445 -0.757652 0.073364
-0.565218 -0.735037 0.079122
-0.571820 -0.779600 -0.094000
-0.591073 -0.659085 0.189873
-0.682396 -0.691488 -0.010380
-0.705065 -0.636685 0.225753
-0.723385 -0.742331 -0.184205
-0.726566 -0.639374 0.427882
-0.800514 -0.714783 -0.121026
-0.784238 -0.565128 0.511084
-0.788193 -0.635375 -0.324217
-0.796409 -0.459620 0.723922
-0.809322 -0.511586 -0.319146
-0.728269 -0.314294 0.863380
-0.549700 -0.323715 -0.495357
-0.489421 -0.042180 1.164728
-0.295940 0.063572 -0.704580
-0.333295 0.317846 1.146341
-0.163438 0.424778 -0.851933
-0.218012 0.493899 1.252836
-0.114116 0.634875 -0.915435
-0.191780 0.694082 0.829871
-0.131007 0.942860 -1.157166
-0.143642 0.959094 0.513047
-0.121956 1.130422 -1.070049
-0.040840 1.205638 0.045576
-0.046165 1.417699 -1.252558
-0.123851 1.469076 -0.220837
-0.149043 1.637611 -0.969154
-0.075915 1.549781 -0.449077
-0.011295 1.617202 -0.897588
0.038113 1.447136 -0.914713
-0.399491 -0.724690 -0.058531
-0.405583 -0.751465 0.020341
-0.385230 -0.771679 -0.012657
-0.360801 -0.734175 0.175608
-0.356090 -0.745083 -0.200443
-0.409608 -0.687713 0.277096
-0.436408 -0.695946 -0.126798
-0.440054 -0.649947 0.267545
-0.385746 -0.697852 -0.395281
-0.378595 -0.552452 0.524792
-0.389835 -0.617633 -0.379970
-0.394184 -0.444295 0.603614
-0.355395 -0.550636 -0.496316
-0.349756 -0.327171 0.853369
-0.205015 -0.332228 -0.512963
-0.215150 -0.066270 1.026092
-0.172294 0.039437 -0.648689
-0.203395 0.248746 1.220685
-0.031645 0.329542 -0.745232
-0.080797 0.374320 1.031800
-0.046272 0.518287 -0.842764
-0.089176 0.569103 1.068730
-0.045573 0.669838 -0.832803
-0.031578 0.804408 0.494900
-0.006365 0.892014 -0.966888
0.017375 1.034294 0.129077
-0.051297 0.983700 -0.895734
-0.048499 1.137495 -0.118678
-0.049890 1.237319 -0.897293
0.022511 1.346266 -0.314191
0.078559 1.411362 -0.798709
0.103774 1.411301 -0.525814
-0.302638 -0.674268 0.015403
-0.348259 -0.657370 0.076884
-0.280216 -0.703996 -0.121211
-0.248149 -0.636849 0.150114
-0.229339 -0.682252 -0.129440
-0.213457 -0.663672 0.165077
-0.151956 -0.714545 -0.268876
-0.117592 -0.655767 0.300072
-0.092491 -0.698888 -0.338224
-0.125704 -0.551961 0.387861
-0.115817 -0.588778 -0.440429
-0.119102 -0.416597 0.473603
-0.102910 -0.447803 -0.485121
-0.095036 -0.255248 0.592858
0.011421 -0.199594 -0.567486
-0.023121 0.054727 0.817051
0.040756 0.218376 -0.781865
0.015282 0.368310 1.006335
0.096490 0.505131 -0.795592
0.061675 0.515992 0.862304
0.123887 0.701038 -0.939350
0.124308 0.743479 0.676829
0.145796 0.947959 -1.043316
0.182199 1.010120 0.336570
0.213470 1.133688 -1.063581
0.257382 1.223858 0.176091
0.244804 1.345648 -1.087391
0.187937 1.452465 0.026857
0.176068 1.583440 -1.037680
0.190967 1.560383 -0.292250
0.251250 1.643062 -0.698833
0.227035 1.519286 -0.558544
-0.191315 -0.662654 -0.118354
-0.190794 -0.678378 -0.001384
-0.108694 -0.734710 -0.078809
-0.048524 -0.684329 0.064137
0.015867 -0.705254 -0.211538
0.046192 -0.655012 0.185635
0.142528 -0.684066 -0.247087
0.190345 -0.629718 0.243364
0.261561 -0.709052 -0.450434
0.223717 -0.553398 0.379354
0.232558 -0.609166 -0.469971
0.169684 -0.399605 0.409030
0.186589 -0.442545 -0.468922
0.149605 -0.244120 0.479265
0.180607 -0.181314 -0.432567
0.131782 0.058360 0.608783
0.113468 0.160792 -0.469480
0.098786 0.317919 0.733060
0.147257 0.353732 -0.619390
0.164833 0.424445 0.709344
0.181503 0.467918 -0.703858
0.231685 0.563817 0.674104
0.250578 0.583306 -0.755334
0.281954 0.813583 0.319934
0.264330 0.775271 -0.915525
0.286369 0.965533 0.169052
0.219790 0.913403 -0.877177
0.237255 1.129753 -0.071713
0.192277 1.113447 -0.823476
0.231710 1.281912 -0.220889
0.177016 1.237794 -0.591808
0.260460 1.293115 -0.412294
-0.089267 -0.642378 -0.055591
-0.138625 -0.626257 0.043910
-0.048572 -0.672942 -0.140835
0.039070 -0.596605 0.060517
0.153167 -0.622252 -0.143826
0.263469 -0.653159 0.080567
0.405141 -0.637403 -0.315840
0.496901 -0.609494 0.179361
0.527880 -0.627346 -0.339032
0.505182 -0.538432 0.235870
0.489491 -0.542472 -0.417531
0.456144 -0.394565 0.214761
0.405103 -0.340940 -0.274822
0.357016 -0.194696 0.260728
0.321543 -0.063022 -0.367083
0.289450 0.104569 0.428502
0.284029 0.259293 -0.479587
0.304813 0.354200 0.544160
0.285360 0.493414 -0.679324
0.314204 0.528849 0.553016
0.302720 0.625766 -0.766457
0.366406 0.692080 0.469631
0.341265 0.820106 -1.067075
0.378291 0.920885 0.443768
0.375129 0.998588 -1.026719
0.444157 1.140302 0.090967
0.461668 1.224584 -1.156919
0.426349 1.347630 -0.013058
0.376542 1.377814 -0.868409
0.404921 1.464351 -0.272501
0.455420 1.524144 -0.782901
0.419084 1.401895 -0.604267
0.018571 -0.631514 -0.160113
0.038442 -0.653015 -0.055359
0.126235 -0.705600 -0.152796
0.242410 -0.631998 -0.043298
0.378666 -0.681392 -0.269225
0.491530 -0.647579 0.105501
0.620747 -0.697463 -0.266678
0.685515 -0.671038 0.080359
0.710841 -0.726769 -0.451080
0.695935 -0.627017 0.264092
0.701599 -0.656665 -0.384441
0.640416 -0.513691 0.179382
0.543011 -0.500561 -0.438462
0.469749 -0.329310 0.255502
0.416602 -0.238303 -0.309522
0.400009 -0.030561 0.230851
0.340416 0.083738 -0.409276
0.336039 0.238271 0.464956
0.339374 0.256521 -0.455798
0.387985 0.383296 0.396950
0.354736 0.418735 -0.648848
0.420306 0.556436 0.521103
0.416031 0.547911 -0.735540
0.500401 0.676298 0.340412
0.494416 0.673260 -0.926333
0.509773 0.912487 0.153699
0.451456 0.845010 -0.885105
0.460592 1.080392 -0.053331
0.391287 1.028376 -0.884974
0.402863 1.193091 -0.222595
0.382845 1.216215 -0.679623
0.406419 1.272604 -0.445223
0.044640 -0.591710 -0.106355
0.086476 -0.546125 -0.016953
0.214702 -0.586687 -0.164469
0.354850 -0.523960 -0.041118
0.485694 -0.569858 -0.191295
0.625161 -0.628941 -0.082695
0.723583 -0.641588 -0.244996
0.787421 -0.632933 -0.018981
0.794352 -0.656590 -0.273458
0.813387 -0.606187 -0.057692
0.747164 -0.571435 -0.265685
0.676065 -0.463671 0.066388
0.558194 -0.397210 -0.229511
0.473725 -0.230246 0.033870
0.382615 -0.102138 -0.207224
0.358025 0.084695 0.258573
0.341268 0.188283 -0.313015
0.353663 0.352226 0.252935
0.351955 0.445044 -0.342511
0.395906 0.555320 0.321789
0.430211 0.639703 -0.617674
0.483869 0.736559 0.257954
0.529112 0.818274 -0.699522
0.577082 0.906965 0.234657
0.576145 0.960580 -0.960494
0.590801 1.090794 0.160894
0.606718 1.182115 -0.825124
0.610747 1.296214 -0.045256
0.614369 1.337127 -0.920579
0.604565 1.386015 -0.261479
0.605463 1.472821 -0.583088
0.518238 1.364352 -0.383573
0.204128 -0.626765 -0.233676
0.269855 -0.633364 -0.147586
0.393474 -0.666836 -0.153082
0.492262 -0.572222 -0.146695
0.590535 -0.646285 -0.221991
0.672511 -0.646172 -0.089780
0.786497 -0.733117 -0.239138
0.868912 -0.706891 -0.152846
0.874670 -0.777191 -0.306245
0.832700 -0.747356 -0.022996
0.780292 -0.836251 -0.288942
0.711523 -0.717728 -0.098519
0.570405 -0.728363 -0.320189
0.426622 -0.537670 -0.030114
0.319415 -0.477132 -0.202274
0.266125 -0.227610 -0.079782
0.254097 -0.186008 -0.272377
0.249514 0.051237 0.095587
0.295393 0.085639 -0.224758
0.316181 0.298903 0.059773
0.356554 0.282654 -0.262410
0.357228 0.486538 0.109251
0.408228 0.412894 -0.376302
0.488732 0.640885 0.086880
0.522998 0.561604 -0.438189
0.524746 0.807876 0.028523
0.523832 0.734636 -0.546795
0.565657 1.003878 -0.155133
0.553207 0.962287 -0.557260
0.529197 1.169083 -0.281849
0.525207 1.141001 -0.464290
0.452840 1.219089 -0.310547
0.058415 -0.539955 -0.260758
0.137302 -0.458641 -0.010242
0.346964 -0.450959 -0.300921
0.499725 -0.431461 -0.071398
0.601495 -0.520678 -0.238867
0.700919 -0.611004 -0.219654
0.755150 -0.649953 -0.357041
0.832173 -0.656825 -0.191490
0.829451 -0.657465 -0.298660
0.821074 -0.656090 -0.204426
0.694982 -0.661157 -0.373036
0.656055 -0.608393 -0.094182
0.523622 -0.567138 -0.291690
0.440667 -0.365864 -0.158403
0.317674 -0.270295 -0.326873
0.285756 -0.114946 0.004598
0.254936 0.060852 -0.138987
0.306919 0.266977 0.103458
0.330363 0.319206 -0.200721
0.379691 0.479141 0.054818
0.408220 0.472924 -0.194411
0.498863 0.628786 -0.057832
0.534193 0.622285 -0.411716
0.597395 0.784652 0.008286
0.631074 0.758419 -0.438148
0.758235 0.911231 -0.133609
0.747403 0.929967 -0.590698
0.761237 1.120677 -0.178253
0.744381 1.107406 -0.571947
0.766125 1.198044 -0.378541
0.646875 1.224173 -0.604792
0.494482 1.147398 -0.610113
0.255437 -0.487817 -0.113441
0.277775 -0.491452 -0.000747
0.452305 -0.498350 -0.098375
0.529688 -0.431173 0.021951
0.594580 -0.438910 -0.178965
0.605172 -0.484718 -0.065507
0.681504 -0.590306 -0.151567
0.733976 -0.615006 -0.082972
0.731392 -0.628888 -0.189142
0.676728 -0.607193 -0.010296
0.643080 -0.685891 -0.189689
0.563595 -0.632081 -0.094605
0.502442 -0.619474 -0.231991
0.390240 -0.498038 0.040491
0.318923 -0.427482 -0.142782
0.245164 -0.261708 -0.053342
0.254551 -0.189967 -0.180639
0.248011 -0.013549 -0.008699
0.285777 0.047538 -0.046891
0.289050 0.205505 -0.025284
0.341421 0.193855 -0.120788
0.337775 0.386515 -0.031829
0.407097 0.380488 -0.165857
0.506301 0.539307 -0.021186
0.594121 0.513992 -0.299958
0.624768 0.679078 -0.003904
0.664326 0.667948 -0.277483
0.730528 0.866056 -0.132698
0.759858 0.887085 -0.363413
0.761986 1.063512 -0.213244
0.671416 1.076061 -0.439830
0.498292 1.024996 -0.340570
