1.372027 -0.366889 -0.674083
1.158288 -0.085928 -0.043830
1.398436 -0.085762 0.228954
0.647932 0.449694 -0.118027
0.944462 -0.314938 0.312330
1.557205 0.709822 -0.022492
0.804035 0.059023 0.529526
0.620012 0.768360 0.177285
1.669785 0.565424 0.061565
0.555778 0.743260 0.290206
0.421916 0.499331 0.778830
0.877914 0.247811 0.207364
0.229097 0.839507 1.167700
1.009938 -0.175237 0.720200
0.359698 0.784439 0.868178
1.535758 -0.365073 -0.056059
0.934887 -0.286161 -0.470970
1.542079 -0.280632 0.302776
0.531616 0.628817 0.063797
0.133929 0.489318 -0.436410
1.337403 -0.275687 0.062287
1.247477 0.637778 0.257980
1.319671 0.331218 -0.005289
0.679713 -0.037793 -0.922224
0.485485 -0.229290 1.048777
1.315423 -0.129667 0.613595
0.145530 1.040313 0.222828
1.458109 -0.381350 0.309501
-0.394301 0.542546 0.097467
1.085369 -0.096345 0.262418
-0.043429 0.261739 -0.356406
0.888046 0.078359 -0.238720
1.072138 0.358014 -0.182195
1.155996 -0.060370 -0.218358
1.446702 0.123057 -0.221329
1.460572 0.258582 0.087942
1.669196 -0.178412 0.125196
0.871771 0.185287 -0.333065
1.209595 0.157518 0.350948
0.564902 0.489305 -0.385363
0.493733 0.444876 0.471213
0.699703 0.360251 0.475005
0.663310 -0.346596 0.642801
0.588637 -0.452741 -1.113982
0.553009 0.101528 -0.236061
0.760114 -0.199801 -0.161685
-0.364407 -0.362983 0.594145
1.428566 0.291143 0.619338
0.316809 0.372786 -0.229016
1.563301 -0.052423 0.859854
1.597699 -0.051130 0.465626
0.891181 0.223597 0.242576
0.680887 0.402425 0.205719
0.236581 -0.066206 1.321777
0.498506 -0.153062 0.711129
1.591951 -0.123770 0.305328
1.451627 -0.121485 -0.572192
0.850809 0.651369 0.281717
-0.160871 0.465268 -0.059806
1.419494 0.343808 0.066167
0.222807 -0.003481 -0.430893
0.441490 0.738645 -0.491585
0.154522 -0.447563 0.368784
0.621726 -0.274109 0.428616
0.508050 -0.271864 0.006040
0.778123 -0.237604 -0.944677
0.326685 0.670639 0.769739
0.627458 -0.105558 0.768308
0.187168 0.986729 0.661571
-0.337789 0.579519 1.342469
1.090388 0.458266 0.234395
1.247271 0.102745 0.040233
-0.286430 0.167581 0.941498
1.517203 -0.071463 0.512810
1.395163 0.458060 -0.444943
1.000022 -0.049632 0.098169
1.182006 0.012228 0.355107
0.918403 -0.110413 0.012744
0.742489 -0.153799 0.471397
0.707061 0.674413 0.153515
0.849763 -0.250724 0.289860
-0.253785 -0.218761 0.775115
1.612423 0.189056 -0.000698
-0.643532 0.172543 0.817711
0.932106 -0.284947 -0.081597
0.638575 -0.077854 -0.548322
1.044266 -0.206000 -0.058989
1.273360 -0.056300 -0.133043
0.055301 0.920138 0.006012
1.474936 0.136428 -0.271391
-0.530900 -0.102429 0.775165
1.505773 0.026417 0.302474
0.411093 0.428547 1.091577
0.212416 0.100152 0.897203
1.261481 0.282957 0.232199
1.374051 0.083505 0.480658
0.558875 -0.361592 0.341860
0.959787 0.081358 -0.872634
1.130372 0.119225 0.384640
0.498518 -0.187128 -0.680552
-0.261802 0.419768 0.916458
0.375265 0.825795 0.297620
1.462595 -0.150107 -0.277713
0.640469 -0.352641 0.933487
1.001740 -0.014195 -0.487051
0.893405 0.422258 -0.219512
0.311880 0.781203 0.236713
0.541667 0.628177 -0.201246
0.912464 -0.101608 0.314156
0.797678 0.006822 -0.687543
-0.279039 0.911161 0.444256
0.873673 -0.240380 -0.536492
1.205079 -0.164701 0.436880
0.948094 0.069497 0.175609
1.532282 -0.152413 0.131264
0.058857 0.119955 -0.056113
0.397888 -0.592994 1.031244
1.324349 0.156255 -0.073922
1.254216 0.189030 -0.369261
-0.115663 0.436419 -0.202143
1.178100 -0.225790 0.093358
0.806757 -0.191065 0.348463
0.648808 -0.684419 -1.169590
1.054680 0.150999 0.066279
1.165120 0.006297 0.211642
1.044428 0.374867 0.138690
0.937242 0.154407 -0.161887
0.906859 0.467614 0.455532
1.190006 -0.232634 -0.039080
-0.273243 0.212126 0.031676
1.140435 0.229051 0.117371
0.497132 -0.646112 -0.847481
0.279930 0.791294 -0.041700
1.274782 0.700108 0.206711
0.445574 -0.345002 -0.879606
1.046178 -0.110361 0.458995
1.113655 0.306049 0.197469
0.436026 0.723344 0.642604
0.363305 -0.229819 -0.347484
0.409296 0.811066 -0.119758
1.158346 -0.515047 -1.386096
0.224497 0.613976 -0.214786
-0.212001 -0.156799 1.020454
0.613186 0.242618 -0.198749
0.950035 0.072202 0.518616
1.074271 -0.029877 0.120325
0.129305 -0.011325 -0.192542
0.111044 -0.093868 0.997306
0.033248 0.812840 0.320042
0.781447 0.499449 0.019331
1.487642 -0.050129 -0.014620
1.458118 0.558036 -0.167079
0.836703 0.025876 0.032493
0.758549 -0.255481 -1.432164
0.533552 -0.480612 -1.364402
0.469361 0.052067 0.777739
0.873051 0.398319 0.082661
-0.163758 0.819533 -0.027750
1.336596 -0.479071 -0.539860
0.111113 0.333770 1.092806
-0.116049 0.060440 0.052481
1.162051 -0.072857 -0.703479
1.379641 0.330746 0.175910
0.727731 0.149681 0.528517
0.869497 0.237749 -0.088023
1.260741 0.373900 0.044729
1.234559 -0.168222 0.170614
0.777180 0.292046 0.073943
1.194203 0.237632 0.177646
0.549294 -0.292076 -0.535480
1.226692 0.382361 0.085927
-0.024426 0.658468 0.977157
0.437706 0.150907 0.952597
0.971820 0.532539 0.131706
1.206602 0.008352 -0.354440
0.755617 0.544370 0.430238
1.477306 0.462951 0.089561
1.518912 -0.035365 -0.201890
0.704798 -0.398929 0.218000
1.122450 0.065869 0.309553
1.566553 0.691703 0.169422
0.581205 0.695199 -0.007460
0.816026 0.430615 0.161069
1.589339 0.359075 -0.148662
0.773010 -0.024364 0.326168
1.211946 -0.012161 0.190737
1.456985 0.462006 -0.055666
0.026819 0.257337 -0.142882
1.154883 0.029411 0.371827
0.653346 0.133376 -0.489918
0.574062 0.284517 -1.024634
1.019197 0.113256 0.039586
1.194006 -0.311527 -0.333640
0.607671 0.304766 -0.712971
-0.486812 0.355174 1.076124
1.026600 -0.094947 0.278189
1.469057 -0.158873 -0.070957
1.044944 -0.119869 0.225486
0.184321 -0.373269 0.150585
1.505007 0.116400 -0.339332
1.530248 0.505448 0.346178
0.373213 0.831749 0.264453
1.310852 0.484224 0.118484
0.388376 0.237718 0.828363
1.495669 -0.377097 -0.223232
1.292620 0.618940 0.390912
0.164712 0.180780 -0.286081
1.047569 0.083000 0.312183
0.202672 -0.249721 0.895249
1.608590 -0.236660 -0.231742
1.134578 0.531488 0.024655
1.156218 0.317487 0.149654
1.031436 0.384732 -0.078767
1.031259 0.299709 0.344291
-0.278426 0.749693 0.919376
0.345772 -0.323394 -0.395935
0.615969 0.418327 -0.067493
1.069945 0.146326 -0.235189
0.463904 0.239273 -0.644675
1.618424 0.409961 0.481243
0.447178 0.023308 -0.753524
0.064751 0.931682 0.756965
-0.366180 0.364084 0.235213
0.391826 -0.380072 0.613253
-0.570271 0.098682 1.113809
1.360030 -0.008997 0.164344
0.588239 -0.487903 -0.240301
0.093063 -0.019854 -0.426553
1.379154 -0.224720 0.506760
0.820616 -0.424834 -0.535767
1.356883 0.374587 0.324868
1.277185 0.026574 -0.728412
0.129985 -0.264912 0.040813
0.284578 0.026430 -0.360042
0.729189 -0.112800 -0.316548
1.151878 0.152366 -0.073294
0.241811 -0.516761 0.591460
0.642049 0.582423 0.298533
-0.115868 -0.081952 -0.011856
0.166692 0.523462 0.038905
0.780389 0.316890 -0.260234
-0.100196 -0.382235 0.626835
0.894851 -0.327358 0.188292
1.663487 0.716052 0.366862
0.144371 -0.086785 -0.160378
0.572533 0.316843 0.750742
-0.447423 0.455639 0.740206
1.400462 0.081805 0.380107
0.758931 -0.019396 -0.032076
-0.092779 -0.059198 0.174590
0.315266 -0.414538 -0.660853
1.641356 -0.254222 0.069534
0.136138 -0.429835 -0.280483
0.150427 1.095969 0.561843
0.654178 0.533264 -0.099633
0.478117 -0.206171 0.547565
0.297758 -0.458098 0.138866
0.410368 -0.316091 0.467826
0.318153 -0.283169 -0.045168
0.257885 -0.265920 0.418041
0.097661 -0.286065 -0.130243
0.023695 -0.230575 0.399800
-0.076977 -0.225243 -0.344399
-0.143818 -0.042727 0.315052
-0.199443 -0.100203 -0.346553
-0.156895 0.016320 0.174040
-0.112675 -0.022337 -0.430638
-0.134772 0.167757 0.228212
-0.219652 0.049592 -0.336004
-0.300570 0.160695 0.220710
-0.391308 0.025092 -0.416637
-0.616779 0.238680 0.458206
-0.767123 0.115935 -0.316729
-0.855587 0.305510 0.559547
-0.874718 0.213902 -0.286175
-0.911398 0.390794 0.726617
-0.982644 0.333147 -0.116068
-0.888088 0.505241 0.570660
-0.821726 0.450354 -0.288048
-0.696201 0.569870 0.705265
-0.716493 0.558390 -0.024656
-0.602795 0.639084 0.495810
-0.498988 0.651772 -0.203417
-0.428030 0.710343 0.503362
-0.416236 0.776661 -0.048877
-0.365299 0.838015 0.217769
-0.183532 0.937359 -0.258170
-0.034157 0.941593 0.014470
0.253102 -0.520886 0.300049
0.355840 -0.459093 0.426497
0.263829 -0.506775 0.435212
0.287100 -0.510520 0.532153
0.144571 -0.431198 0.107806
0.042667 -0.381727 0.550408
-0.139411 -0.316575 -0.005770
-0.139612 -0.153869 0.291027
-0.201589 -0.137090 -0.199476
-0.160973 0.037931 0.190751
-0.282469 -0.083074 -0.146940
-0.257168 0.037247 0.062025
-0.342748 -0.142510 -0.273755
-0.419898 -0.010912 0.159211
-0.536245 -0.202427 -0.163197
-0.661808 0.004176 0.166255
-0.778287 -0.095740 -0.231559
-0.947649 0.191669 0.453032
-0.980609 0.193942 0.027489
-1.015765 0.412694 0.527857
-1.043117 0.479680 0.046746
-1.035286 0.525400 0.795420
-1.086787 0.542788 0.328052
-0.976993 0.548353 0.638741
-0.872089 0.631053 0.073868
-0.793314 0.604574 0.582515
-0.719237 0.671664 0.212200
-0.632451 0.602420 0.396494
-0.511593 0.775722 -0.111743
-0.455596 0.711721 0.353411
-0.322231 0.811697 0.299827
-0.099260 0.819816 0.333481
0.185065 -0.451575 0.526887
0.204930 -0.471258 0.613213
0.162003 -0.244969 0.427171
0.123463 -0.403444 0.770198
-0.065311 -0.233477 0.083082
-0.122377 -0.372083 0.503047
-0.294720 -0.174483 -0.302778
-0.346013 -0.082614 0.392146
-0.490685 -0.066960 -0.278635
-0.394926 0.042618 -0.120474
-0.553867 -0.016567 -0.273615
-0.507850 0.135723 -0.247055
-0.721935 -0.017285 -0.121158
-0.711301 0.117361 -0.208288
-0.934034 0.029365 -0.083832
-0.962027 0.204350 0.163986
-1.094338 0.210743 0.269383
-0.968267 0.337848 0.352185
-1.063107 0.408537 0.408582
-1.017981 0.492192 0.524060
-1.166803 0.571784 0.522283
-0.981810 0.649879 0.487003
-0.952897 0.681357 0.258856
-0.841820 0.694924 0.487301
-0.772801 0.767794 0.304055
-0.593898 0.789428 0.201583
-0.503032 0.853926 -0.052386
-0.451575 0.889346 0.203635
-0.413563 0.980752 -0.029982
-0.339983 1.022233 0.031105
-0.262288 1.077660 -0.221316
-0.109815 1.061085 -0.321547
0.037040 -0.472370 0.723553
0.071967 -0.684474 0.921057
-0.013659 -0.615411 0.816350
0.057924 -0.832502 1.227301
-0.031649 -0.402479 0.527930
-0.131658 -0.633247 1.386453
-0.257824 -0.276210 0.258283
-0.247187 -0.317576 0.780089
-0.228010 -0.262908 -0.473524
-0.385383 -0.180134 0.245315
-0.618517 -0.408997 -0.554897
-0.688068 -0.251257 -0.469481
-0.863975 -0.508275 -0.570735
-0.911308 -0.281760 -0.269246
-1.084715 -0.475078 -0.348215
-1.025976 -0.143448 -0.164100
-0.922556 -0.137566 -0.227335
-0.914234 0.196115 0.472471
-0.911122 0.325164 0.249399
-0.953435 0.392736 0.595440
-0.930193 0.578603 0.203902
-0.949823 0.590725 0.814922
-0.964036 0.715720 0.246520
-0.910225 0.693873 0.696352
-0.800375 0.815846 0.067689
-0.726009 0.745333 0.446316
-0.630129 0.852677 -0.004926
-0.511573 0.787568 0.226696
-0.426970 0.932004 -0.196341
-0.334721 0.911509 0.167075
-0.236565 0.986498 -0.153794
-0.160669 0.955471 0.009184
-0.076605 -0.602021 0.808321
-0.133299 -0.763114 1.020828
-0.158425 -0.525920 0.899100
-0.201864 -0.790573 1.275765
-0.055564 -0.318732 0.470191
-0.118815 -0.672919 0.699715
-0.140436 -0.206386 0.072703
-0.162492 -0.537991 0.748269
-0.453441 -0.230007 -0.351363
-0.628687 -0.288636 -0.550310
-1.070664 -0.539654 -0.722561
-1.017280 -0.419764 -0.622483
-1.382459 -0.644856 -0.446462
-1.202085 -0.253030 -0.531861
-1.303463 -0.348656 -0.225602
-1.123596 0.167019 0.310885
-1.082292 0.185845 0.316449
-0.999485 0.329191 0.521308
-1.048685 0.464039 0.459003
-1.063619 0.505027 0.668649
-1.104347 0.675051 0.597176
-1.018678 0.711932 0.684946
-0.934373 0.841699 0.306974
-0.869546 0.832178 0.457278
-0.712559 0.904449 0.173543
-0.611785 0.900244 0.183141
-0.486259 0.974819 -0.127716
-0.472006 1.020212 -0.022764
-0.412232 1.200175 -0.264758
-0.379011 1.209113 -0.182873
-0.341347 1.353226 -0.336687
-0.223623 1.278561 -0.339996
-0.114986 -0.853765 1.281971
-0.172855 -1.186114 1.588782
-0.300685 -1.188948 1.602033
-0.369009 -1.468304 1.978625
-0.273420 -0.891314 1.739362
-0.444021 -1.118089 2.587652
-0.361490 -0.506507 1.116148
-0.355354 -0.827650 2.070001
-0.351480 -0.511563 0.195554
-0.655131 -0.660137 1.459962
-0.987158 -0.883760 -0.697860
-1.107245 -0.655775 -0.565081
-1.485127 -1.098095 -1.004985
-1.291994 -0.565521 -0.445041
-1.415535 -0.891019 -0.760796
-1.224686 -0.299566 -0.144904
-1.106557 -0.343375 -0.461078
-1.021147 0.234002 0.620785
-1.012553 0.373703 0.409688
-1.044715 0.445121 0.764703
-0.917473 0.654081 0.375343
-0.873782 0.708397 0.925540
-0.848029 0.888113 0.433773
-0.817450 0.876368 0.696047
-0.723111 0.928308 0.208104
-0.646682 0.858780 0.303779
-0.606369 0.939277 0.106797
-0.544530 0.875656 -0.075935
-0.496857 0.974065 -0.216987
-0.454058 0.945621 -0.134714
-0.433726 1.037325 -0.165090
-0.325037 1.028959 -0.232774
-0.109113 -0.888575 1.262260
-0.125975 -1.211194 1.654016
-0.164849 -0.913083 1.254439
-0.419335 -1.296242 2.403915
-0.254646 -0.553830 0.969033
-0.403536 -0.791946 1.684284
-0.212391 -0.319371 0.252130
-0.459702 -0.613675 1.830739
-0.534248 -0.362886 -0.357200
-0.713750 -0.514481 0.245366
-0.889856 -0.647694 -0.987024
-0.842807 -0.407768 -0.023031
-1.191922 -0.742908 -0.755515
-1.050764 -0.049195 0.008918
-1.119585 -0.362465 -0.368908
-1.129191 0.297855 0.726121
-1.159926 0.288278 0.258219
-1.102594 0.466439 0.723121
-1.047977 0.571751 0.280608
-0.987986 0.635059 1.018874
-1.006454 0.754393 0.621125
-0.890276 0.831745 0.876935
-0.769078 0.822040 0.361065
-0.677762 0.954728 0.601895
-0.616115 1.174906 -0.010682
-0.572246 1.184544 -0.153304
-0.547071 1.393551 -0.599709
-0.564465 1.441016 -0.465096
-0.617672 1.784468 -0.680267
-0.515800 1.732020 -0.673230
-0.437652 1.786142 -0.823310
-0.394961 1.530989 -0.847901
-0.164206 -1.135732 1.513478
-0.220383 -1.558312 2.101350
-0.258013 -1.613221 1.638682
-0.381586 -1.830224 2.542373
-0.265555 -1.321379 1.223442
-0.400410 -1.567553 3.314056
-0.303937 -0.680398 1.145079
-0.416789 -1.295634 3.074512
-0.302919 -0.583230 -0.224713
-0.545317 -0.919604 3.143024
-0.689537 -0.586402 -0.449606
-0.754379 -0.584509 1.321751
-1.031760 -0.893070 -1.299228
-0.826266 -0.268203 0.597718
-0.842641 -0.588196 -0.856776
-0.663447 0.115347 0.531301
-0.655160 0.166514 -0.227095
-0.812629 0.395314 1.063229
-0.845660 0.558944 0.299139
-0.888713 0.570548 1.160371
-0.782582 0.801722 0.199931
-0.739677 0.846372 1.345661
-0.703159 0.964398 0.229198
-0.685118 0.861565 0.932232
-0.631365 0.880645 0.078650
-0.546738 0.608898 0.367979
-0.590546 0.930140 -0.108602
-0.617771 0.912417 -0.219176
-0.711543 1.148134 -0.589588
-0.645751 1.132766 -0.409649
-0.560090 1.320297 -0.748933
-0.461519 1.309691 -0.642770
-0.050768 -0.997678 1.365484
-0.053713 -1.318966 1.625435
-0.109761 -1.182293 1.498340
-0.313853 -1.364606 2.245734
-0.199746 -0.736608 1.130694
-0.266976 -0.915855 1.828004
-0.122181 -0.471338 0.470527
-0.388873 -0.682204 2.056346
-0.341756 -0.249174 0.088455
-0.413243 -0.430916 1.041597
-0.372255 -0.371822 -0.640538
-0.495506 -0.285060 0.837068
-0.769463 -0.316603 -0.259916
-0.575231 0.077788 0.494206
-0.665870 0.067649 0.221346
-0.833811 0.382773 0.657878
-0.945907 0.513334 0.403321
-1.000718 0.650304 0.925681
-0.925587 0.792162 0.471121
-0.837337 0.854837 0.970155
-0.753640 0.919360 0.536380
-0.712257 0.961191 1.068459
-0.550326 0.811069 0.234315
-0.642282 1.103474 0.553947
-0.503137 1.585575 -0.574040
-0.513511 1.646962 -0.347176
-0.573343 2.160033 -1.211388
-0.625237 2.245567 -0.869572
-0.675087 2.615571 -1.333381
-0.612710 2.487142 -0.875057
-0.585926 2.591751 -1.186777
-0.543791 2.220329 -1.068974
-0.010815 -1.376621 1.428843
0.038267 -1.694621 1.768890
-0.051432 -1.721366 1.480531
-0.105965 -1.901658 2.173467
-0.118524 -1.476570 1.272739
-0.243376 -1.691432 2.910968
-0.191704 -0.813006 1.181705
-0.249999 -1.260565 2.636104
-0.169156 -0.513374 0.533730
-0.326259 -1.054549 2.946996
-0.320553 -0.237235 0.513707
-0.331981 -0.604774 1.861562
-0.475192 -0.377022 -0.022997
-0.503013 -0.225509 1.413043
-0.511825 0.016356 0.184828
-0.484600 0.273882 0.715837
-0.508577 0.501625 0.214864
-0.696939 0.597319 0.972556
-0.665389 0.747850 0.222399
-0.721795 0.769695 1.050095
-0.595266 0.892093 0.153202
-0.599500 0.860066 1.224902
-0.525466 0.943648 -0.044169
-0.485370 0.848710 0.821497
-0.310064 0.844388 -0.209861
-0.322798 0.715787 0.315219
-0.441581 0.947367 -0.145413
-0.514051 1.023234 -0.382695
-0.683498 1.480077 -0.559988
-0.624154 1.632290 -0.739911
-0.665933 1.778637 -0.866581
-0.572074 1.852963 -0.838620
0.070949 -0.925858 1.145697
0.118149 -1.113577 1.357535
-0.045643 -0.963528 1.094780
-0.137232 -1.230693 2.146707
-0.246991 -0.696427 0.845811
-0.312952 -0.863761 1.693134
-0.261793 -0.509893 0.403183
-0.408064 -0.599315 2.205935
-0.315964 -0.230057 0.209283
-0.397422 -0.347184 1.295360
-0.350804 -0.215302 -0.106261
-0.440330 -0.270901 1.455852
-0.461283 -0.051033 0.028652
-0.468270 0.032885 0.854828
-0.456812 0.312870 -0.061564
-0.595153 0.446597 1.076507
-0.718810 0.720981 0.109986
-0.827542 0.879220 1.061842
-0.776658 0.994047 -0.003107
-0.716586 1.047428 1.350006
-0.678021 1.004131 0.144240
-0.660816 1.115923 1.057884
-0.556098 1.001388 -0.596063
-0.578443 1.273776 0.641628
-0.587385 1.768681 -1.189944
-0.597839 2.014345 -0.552515
-0.700016 2.716068 -1.930930
-0.683100 2.790101 -1.162849
-0.704093 3.303729 -1.819978
-0.646188 3.074602 -1.369030
-0.588800 3.117705 -1.608271
-0.574466 2.713566 -1.684293
0.089951 -1.195395 1.015339
0.076132 -1.417693 1.703047
0.029736 -1.319799 1.241182
-0.031746 -1.591619 2.051077
-0.093599 -1.092315 0.807712
-0.175324 -1.416282 2.646498
-0.148168 -0.519069 0.639131
-0.172036 -1.005171 2.395403
-0.077233 -0.415825 0.101692
-0.262271 -0.838640 2.639507
-0.164008 -0.180231 0.202450
-0.265788 -0.613922 1.918214
-0.221300 -0.104549 -0.298636
-0.382575 -0.233966 1.811268
-0.349576 0.337906 -0.063538
-0.479693 0.286017 1.279659
-0.436803 0.667822 -0.304166
-0.547673 0.737119 1.313462
-0.562190 0.860056 -0.079032
-0.566384 0.904650 1.258999
-0.476556 1.081190 -0.363512
-0.476113 1.063545 1.345876
-0.420631 1.129653 -0.473276
-0.345095 1.074902 0.843066
-0.271977 1.182301 -0.856253
-0.313337 1.080379 0.157758
-0.438023 1.376741 -0.659536
-0.454333 1.539177 -0.456265
-0.655842 2.064789 -0.991926
-0.569666 2.048169 -0.812835
-0.552703 2.361903 -1.400746
-0.512874 2.271639 -1.142144
-0.002867 -0.521026 0.697880
-0.053764 -0.569384 0.759017
-0.075065 -0.546563 0.637947
-0.181562 -0.831223 1.176953
-0.243922 -0.454960 0.493143
-0.322841 -0.532775 0.765413
-0.184079 -0.293984 0.104380
-0.322211 -0.363881 1.150609
-0.215231 -0.169914 0.066665
-0.300594 -0.205392 0.725958
-0.191815 -0.110473 -0.110884
-0.309415 -0.099798 0.994724
-0.233223 -0.001644 -0.130964
-0.283230 0.109497 0.775535
-0.267795 0.302347 -0.234421
-0.356292 0.445134 0.921274
-0.446642 0.743254 -0.025807
-0.547691 0.881465 1.180628
-0.584482 1.090476 0.007952
-0.592413 1.118984 1.091924
-0.554563 1.201467 0.028594
-0.547065 1.215341 1.144910
-0.446047 1.319539 -0.801910
-0.478981 1.356584 0.483485
-0.418690 1.857645 -1.260294
-0.397329 1.990316 -0.335745
-0.441103 2.527138 -1.812338
-0.497353 2.629023 -0.807981
-0.567294 3.253200 -2.075862
-0.509007 3.120112 -1.194476
-0.535441 3.318662 -1.588931
-0.469229 2.889547 -1.297302
0.048790 -0.662235 0.504545
-0.007467 -0.815019 0.880299
-0.002562 -0.826332 0.824501
-0.073918 -1.112280 1.147803
-0.001268 -0.784553 0.285411
-0.125731 -1.060246 1.473018
-0.017792 -0.340918 0.069864
-0.178706 -0.662443 1.149889
-0.057223 -0.264473 -0.318943
-0.171440 -0.548623 1.338431
-0.026769 -0.156591 -0.233010
-0.125540 -0.328824 0.960431
-0.007701 -0.047209 -0.504069
-0.106059 -0.137842 1.206172
-0.112063 0.212547 -0.428724
-0.283978 0.232383 0.941468
-0.308443 0.526294 -0.442654
-0.395167 0.543337 1.112712
-0.431760 0.839920 -0.234907
-0.517021 0.837470 0.997753
-0.482418 1.022551 -0.419317
-0.472789 0.995226 1.052235
-0.481912 1.162201 -0.543569
-0.428241 1.114716 0.440164
-0.376321 1.218066 -1.030646
-0.270714 1.145311 0.047952
-0.405077 1.316523 -0.618020
-0.363069 1.345248 -0.620979
-0.498303 1.804245 -0.956577
-0.469449 1.736533 -0.813135
-0.563636 1.973122 -1.215251
-0.404707 1.832510 -0.847409
-0.005568 -0.394379 0.167564
-0.063407 -0.426566 0.169593
-0.043139 -0.509329 -0.151142
-0.052290 -0.670100 0.453368
-0.108592 -0.584348 -0.273085
-0.134022 -0.529446 0.287782
-0.070062 -0.462560 -0.575858
-0.082230 -0.380138 0.387899
-0.090383 -0.332442 -0.485580
-0.069704 -0.255913 0.432970
0.000465 -0.232665 -0.622463
0.001704 -0.143723 0.660989
0.042812 -0.100539 -0.571458
-0.015328 0.006264 0.721622
-0.036535 0.133782 -0.691382
-0.127223 0.264706 1.124122
-0.198280 0.518323 -0.634368
-0.320361 0.624805 1.142018
-0.415432 0.867590 -0.773852
-0.439296 0.984377 1.496109
-0.487086 1.130874 -0.700547
-0.423831 1.164800 1.054228
-0.459626 1.422337 -1.596091
-0.303369 1.274772 0.934567
-0.336946 1.729201 -1.733643
-0.243716 1.568316 -0.302998
-0.241136 2.292588 -2.199124
-0.242124 2.086540 -0.988056
-0.257711 2.684723 -1.962641
-0.248307 2.383326 -1.116493
-0.356784 2.616060 -1.562389
-0.349531 2.141771 -1.427940
0.268195 -0.456938 -0.265864
0.268877 -0.487742 -0.056213
0.323364 -0.742087 -0.275651
0.292786 -0.770616 0.205954
0.323082 -0.831723 -0.907378
0.178599 -0.694857 0.350444
0.175856 -0.663762 -0.783076
0.104803 -0.539680 0.207180
0.179283 -0.628247 -1.024083
0.162324 -0.392435 0.332989
0.233124 -0.473012 -0.690343
0.204207 -0.241932 0.509130
0.238175 -0.290070 -0.890123
0.152613 -0.069628 0.919897
0.158569 -0.028485 -0.845358
0.031482 0.162253 0.985604
-0.005708 0.329834 -1.089118
-0.103947 0.452976 1.393516
-0.127005 0.609345 -1.010415
-0.153842 0.678828 1.311293
-0.118566 0.935209 -1.091697
-0.170447 0.961686 1.526056
-0.226470 1.024577 -0.913988
-0.168407 0.940314 0.805323
-0.177327 1.213287 -1.559868
-0.116079 1.127237 0.163598
-0.325425 1.300490 -1.244174
-0.328552 1.202265 -0.404364
-0.417912 1.567459 -1.085725
-0.347763 1.337756 -0.654728
-0.383271 1.576951 -1.248480
-0.313654 1.448595 -0.820678
0.398529 -0.616236 -0.387913
0.466074 -0.682039 -0.438572
0.529920 -0.758679 -0.744660
0.496989 -0.752841 -0.289775
0.460551 -0.860384 -0.856379
0.419760 -0.709183 -0.192042
0.403842 -0.753516 -1.019542
0.381426 -0.548927 -0.174217
0.375017 -0.621583 -0.829017
0.367620 -0.382846 0.042507
0.404896 -0.455877 -0.785065
0.376808 -0.152154 0.378919
0.400506 -0.228050 -0.710098
0.324818 -0.000514 0.670699
0.302799 -0.038306 -0.693253
0.184080 0.133647 0.843038
0.187059 0.203169 -0.780950
0.065894 0.358313 1.027877
0.057843 0.505062 -0.836290
-0.054450 0.668704 1.069759
-0.044789 0.828047 -0.802307
-0.090504 0.976214 1.127272
-0.150964 1.127343 -1.343187
-0.141028 1.069957 0.636121
-0.189049 1.447811 -1.656827
-0.100021 1.336670 0.278318
-0.213045 1.734909 -2.012854
-0.181914 1.641639 -0.274087
-0.209080 2.083236 -1.975652
-0.157734 1.716734 -0.877416
-0.247151 2.060822 -1.329765
-0.231113 1.621721 -1.171507
0.667946 -0.813481 -0.841306
0.696367 -0.899986 -0.719289
0.762229 -1.262951 -0.798652
0.802864 -1.172942 -0.515336
0.840108 -1.432993 -1.375055
0.712516 -0.985216 -0.296624
0.750959 -1.265657 -1.220554
0.706116 -0.858800 -0.286163
0.677317 -1.102670 -1.324271
0.608413 -0.612162 -0.092579
0.635859 -0.789888 -0.981069
0.594441 -0.341148 0.313666
0.634007 -0.503754 -0.868426
0.571998 -0.105994 0.695696
0.616366 -0.213171 -0.796702
0.511206 0.107189 0.821890
0.522743 0.088127 -0.772818
0.412079 0.287882 1.009361
0.416097 0.324256 -0.995917
0.301907 0.565052 0.959742
0.298027 0.666466 -0.828042
0.229621 0.853659 1.007793
0.094249 0.899662 -0.654856
0.023968 0.920653 0.474970
-0.176933 0.921700 -0.854215
-0.048640 0.865820 0.306751
-0.288038 0.865160 -0.705842
-0.246559 0.877857 -0.145048
-0.316089 1.071970 -0.941589
-0.295691 1.013169 -0.468123
-0.345486 1.211871 -1.063195
-0.229286 1.098193 -0.659462
0.740800 -0.938038 -0.689332
0.762335 -0.990691 -0.691367
0.866659 -1.181936 -1.358482
0.889716 -1.009926 -0.438800
0.951037 -1.248428 -1.312158
0.890023 -0.929571 -0.376877
0.836609 -1.026894 -1.560848
0.836912 -0.663370 -0.139262
0.829650 -0.811747 -1.173681
0.736480 -0.390629 0.176230
0.720087 -0.582886 -1.193920
0.769202 -0.159357 0.463529
0.843277 -0.270167 -0.619412
0.786596 -0.038196 0.663444
0.840752 -0.134111 -0.651747
0.884783 0.080803 0.754152
0.962851 0.055668 -0.571375
0.769153 0.234032 0.833734
0.748982 0.276817 -0.685629
0.750830 0.533684 0.704182
0.666519 0.510996 -0.501746
0.479493 0.692202 0.566757
0.260076 0.757620 -0.672589
0.195550 0.787998 0.477213
-0.002445 0.908706 -0.941295
0.016653 0.818377 -0.004080
-0.101637 1.258029 -1.774746
-0.056557 1.058765 -0.419376
-0.141556 1.459136 -1.577901
-0.105393 1.048800 -0.807288
-0.146932 1.591595 -1.226747
-0.161771 1.176113 -1.175113
0.851759 -1.178851 -1.014130
0.946978 -1.318811 -0.741828
1.052949 -1.758052 -1.098024
1.012571 -1.477334 -0.427427
1.039757 -1.778832 -1.702532
0.927393 -1.133943 -0.193618
1.038115 -1.421372 -1.433638
0.912408 -0.931434 -0.270803
0.834198 -1.278193 -1.829944
0.784808 -0.583987 0.004939
0.934337 -0.897569 -1.297893
0.973017 -0.303332 0.400446
1.026787 -0.573600 -1.257829
1.106740 -0.079708 0.802927
1.297269 -0.159064 -0.554646
1.302510 0.109139 0.609626
1.294545 0.070410 -0.620383
1.222759 0.296943 0.671136
1.266958 0.256063 -0.408431
1.189981 0.507592 0.486067
0.988884 0.448804 -0.422261
0.807735 0.602020 0.402287
0.637802 0.628543 -0.153182
0.587671 0.679643 0.266510
0.238432 0.716984 -0.409218
0.197142 0.698123 0.154484
-0.004387 0.722515 -0.424537
-0.036096 0.711025 -0.202968
-0.181982 0.909080 -0.724364
-0.199241 0.789422 -0.483956
-0.230565 1.088511 -0.960914
-0.142745 0.938813 -0.654255
0.602556 -0.982847 -0.606479
0.722352 -1.056105 -0.645871
0.831035 -1.305768 -0.880593
0.852999 -1.109442 -0.574023
0.889040 -1.290128 -0.948595
0.895051 -0.987540 -0.590722
0.832135 -0.962610 -0.989626
0.855424 -0.679510 -0.357016
0.823922 -0.723645 -0.830338
0.877162 -0.294363 0.036553
0.876235 -0.364909 -0.535495
1.062228 -0.023306 0.333206
1.158581 -0.186114 -0.437974
1.360899 0.014251 0.367177
1.411448 -0.029077 -0.289271
1.493203 0.161924 0.501704
1.534311 0.151262 -0.328412
1.588234 0.306197 0.281133
1.554033 0.370030 -0.170030
1.521762 0.538911 0.401709
1.442389 0.498601 -0.301456
1.351868 0.597131 0.133417
1.165526 0.635802 -0.072626
1.004102 0.669521 0.205735
0.734341 0.628510 -0.242385
0.506143 0.666283 0.152990
0.206024 0.751594 -0.612595
0.107993 0.629771 -0.220396
0.013934 1.081597 -1.204832
0.039575 0.761407 -0.568185
-0.053029 1.075553 -0.782723
-0.054630 0.659953 -0.789780
0.860157 -1.068974 -0.660642
0.947145 -1.188116 -0.594777
1.043701 -1.541157 -0.620235
1.071290 -1.352726 -0.504905
1.053797 -1.503289 -0.840996
0.989621 -1.035595 -0.311520
1.018521 -1.138461 -0.769834
1.027057 -0.794551 -0.401616
0.920661 -0.903544 -0.639384
0.971247 -0.489510 -0.065334
1.079374 -0.617083 -0.582560
1.219418 -0.243056 0.220869
1.285506 -0.323445 -0.185107
1.316028 -0.141456 0.579939
1.453879 -0.139062 -0.229229
1.536861 0.006375 0.439947
1.538076 0.103768 0.021773
1.431736 0.204743 0.537892
1.543018 0.206455 -0.070494
1.527343 0.335708 0.337199
1.466844 0.390478 0.058540
1.251461 0.459075 0.255930
1.210030 0.434904 -0.031695
1.072878 0.475949 0.078919
0.915632 0.470076 -0.067162
0.734996 0.490403 0.011122
0.524039 0.526264 -0.216563
0.346365 0.585220 -0.089477
0.147464 0.724216 -0.385556
0.039790 0.669305 -0.239412
-0.034408 0.789573 -0.368006
-0.063057 0.696198 -0.137103
0.539298 -0.762188 -0.487790
0.721518 -0.875734 -0.539137
0.804187 -0.972720 -0.773894
0.921009 -1.005901 -0.443289
0.899158 -0.938599 -0.597526
0.908328 -0.837266 -0.503507
0.868615 -0.680094 -0.642548
0.927973 -0.539133 -0.231378
0.938752 -0.411571 -0.335411
1.045328 -0.202578 -0.035766
1.035274 -0.187264 -0.312230
1.195774 -0.038267 0.209991
1.212660 -0.057181 -0.047646
1.344181 -0.004336 0.172197
1.282096 -0.027516 -0.266332
1.435826 0.115963 0.281844
1.447437 0.187777 -0.028808
1.613842 0.278673 0.133570
1.505413 0.301344 -0.226782
1.571694 0.437811 0.158241
1.512347 0.429467 -0.015527
1.563006 0.523032 -0.057456
1.345758 0.467371 -0.163398
1.258372 0.489604 -0.057279
1.063751 0.465187 -0.045511
0.928811 0.531341 -0.134815
0.690764 0.534656 -0.291845
0.531505 0.632520 -0.175897
0.245561 0.748960 -0.429577
0.133091 0.627693 -0.501350
-0.008199 0.834259 -0.553894
-0.041560 0.564238 -0.778963
0.776310 -0.708036 -0.252768
0.814779 -0.837322 -0.128529
0.997645 -1.001133 -0.333247
0.903478 -0.919495 -0.170917
0.919985 -0.898527 -0.470934
0.861262 -0.716602 -0.111398
0.920721 -0.671389 -0.347193
0.882053 -0.496526 -0.124332
0.886990 -0.430844 -0.303517
0.889508 -0.234508 0.141174
0.988417 -0.221022 0.005161
1.045252 -0.146126 0.262425
1.139629 -0.103983 0.060306
1.142853 -0.083505 0.473179
1.288537 -0.027316 0.211589
1.320307 -0.004890 0.370901
1.413372 0.110294 0.142854
1.384786 0.152722 0.480673
1.512899 0.219796 0.244507
1.479080 0.260779 0.285514
1.471572 0.352729 0.156950
1.339885 0.370799 0.270529
1.371993 0.393882 0.139691
1.203425 0.411218 0.072412
1.072129 0.456241 0.056570
0.873225 0.491673 0.124370
0.741192 0.522396 -0.031658
0.551682 0.629008 -0.153627
0.344284 0.661159 -0.177103
0.215018 0.648332 -0.098808
0.097921 0.712813 -0.100511
0.097880 0.563859 -0.151641
