0.340797 -0.689904 -1.178049
0.085274 -0.395826 -0.726296
0.050180 -0.914339 0.306331
0.160438 0.645541 -0.830724
0.087118 -0.899291 0.954783
0.273758 1.348086 -0.926407
-0.337290 -0.091942 1.048166
0.183153 0.998753 0.037419
0.165075 0.955162 -1.080703
0.242160 1.224695 -0.021627
-0.375458 0.753194 1.207795
-0.028213 0.392272 0.924732
-0.775642 1.136865 1.572325
0.334930 0.578591 1.156548
-0.560989 1.099486 1.140188
-0.316179 -1.313006 -0.663104
-0.324086 -0.881696 -1.230790
-0.131159 -1.144234 0.185050
-0.045123 0.766404 -0.596545
-0.952294 0.824317 -1.401523
0.202937 -0.917989 0.530184
0.044919 1.253300 -0.413685
0.279224 0.670495 -1.028185
-0.522054 -0.000527 -1.480325
-0.420281 -0.028508 1.416321
0.003099 0.111139 1.113326
-0.812436 1.512041 -0.277807
0.369357 -1.278433 0.810294
-1.511754 1.019199 -0.373244
-0.128411 -0.710841 -0.754324
-1.555517 0.405305 -1.534598
-0.136572 0.018638 -0.780022
0.074602 0.768261 -1.194650
-0.081375 -0.469182 -0.923960
0.230979 0.474516 -0.997086
0.218849 0.693808 -0.750547
-0.227933 -1.036208 -0.703978
0.178046 0.297867 -1.024643
0.561588 0.760566 1.181081
-0.475712 0.835168 -1.215286
-0.134723 0.414918 0.574069
-0.005342 0.518743 0.861062
-0.124575 -0.675094 1.061189
-0.534707 -0.636493 -1.326450
-0.488834 -0.187032 -0.886968
-0.140898 -0.508509 -0.688886
-1.514472 -1.034359 1.215180
0.500576 0.956621 1.307508
-0.669864 0.504614 -1.036663
0.031974 -0.383321 1.303903
-0.223335 -0.964138 0.582387
-0.017167 0.646334 -0.366676
0.186754 0.694052 0.505747
-0.752305 -0.061741 1.613533
-0.491940 -0.439259 1.184104
0.341100 -0.863676 0.776549
0.169873 -0.414828 -1.105240
0.358684 1.165546 0.624673
-1.657984 0.838800 -0.900813
0.371249 0.743437 -0.962214
-1.209704 -0.022169 -1.097659
-0.556772 1.253076 -1.077900
-1.102975 -1.197066 0.530909
-0.003692 -0.715774 0.367578
-0.309154 -0.813167 -0.725995
-0.185027 -0.355289 -1.490879
-0.571864 0.522893 1.047435
0.038098 -0.087241 1.227783
-0.283111 1.380244 1.037212
-1.081666 0.644391 1.622853
-0.111051 1.067993 0.334545
0.346728 0.266184 -0.735995
-1.137131 0.076667 1.123596
0.382030 -0.386576 1.041428
0.444891 1.167963 -1.465255
-0.057231 -0.199186 -0.651618
0.327108 -0.073577 0.847064
0.140945 -0.467321 -0.561108
0.131698 -0.465694 0.920061
0.161797 0.641842 -0.456046
0.120730 -0.733373 -0.316470
-1.378071 -0.444142 0.963217
0.441101 0.406511 -1.080456
-2.018953 0.240820 1.247594
-0.227857 -0.968858 -0.832558
-0.331442 -0.092363 -1.046292
0.042033 -0.842750 -0.732267
0.121768 -0.575144 -0.840518
-0.861595 1.412025 -0.581401
0.149655 -0.093246 -1.104022
-1.946380 -0.523183 0.943415
0.285788 -0.739680 -0.367819
-0.311669 1.057464 1.538840
-0.770218 0.094899 0.902762
0.292449 0.602511 1.000370
0.310860 0.434458 1.268279
-0.334987 -1.171390 0.277506
0.465648 0.654999 -1.439365
-0.133402 -0.788298 -0.070937
-0.970183 -0.513266 -1.125204
-1.134571 0.341561 1.009859
-0.052912 1.213637 0.107333
0.151763 -0.579329 -1.099939
-0.413335 -0.470628 1.230912
-0.254405 -0.167393 -1.036067
-0.056313 1.135016 -1.233487
-0.709923 1.342741 0.099120
-0.142015 0.861196 -1.060843
-0.020159 0.046999 0.757496
0.040188 0.110295 -1.180146
-1.202887 1.414058 0.295552
0.037207 -0.561799 -0.746116
0.373318 -0.744136 0.839524
0.116075 0.221967 0.733605
-0.030988 -0.947482 -0.684306
-1.797578 -0.253539 -1.011177
-0.450324 -0.953217 1.359661
0.054135 0.201620 -0.843485
0.332350 0.704629 -1.359273
-1.152549 1.033242 -1.115218
-0.111653 -0.839297 0.554022
0.019673 -0.495227 0.723565
-0.080160 -0.824350 -1.298428
-0.166183 0.954548 -0.403713
0.165639 -0.083685 -0.507988
0.172297 1.062712 -0.277918
-0.167310 0.259283 -0.970964
0.165172 1.059370 1.187748
-0.042461 -0.964468 -0.572511
-1.730316 0.046460 -0.671050
0.043302 0.595240 -1.002278
-0.731687 -1.210696 -1.004845
-0.649800 1.145008 -0.828491
0.020385 1.209778 0.725471
-1.157827 -0.621085 -1.328382
0.059359 -0.542379 1.024225
0.289679 0.611165 0.229000
-0.267350 0.985699 1.018459
-1.114811 -0.639871 -0.837436
-0.198086 1.408152 -0.817507
0.148175 -0.310298 -1.666520
-0.938923 0.685060 -0.945996
-1.261256 -0.653188 1.536431
-0.409846 0.095413 -1.008293
0.275383 0.325363 1.122081
0.105705 -0.487635 0.509889
-1.377575 -0.282573 -0.852101
-0.929273 -0.221988 1.156419
-0.909696 0.933673 0.858847
0.075955 1.028386 -0.635196
0.248992 -0.368760 -0.938940
0.512164 1.142888 -1.099607
-0.098380 0.464697 -0.715047
0.088283 0.220740 -1.611536
-0.701371 -0.265561 -1.350880
-0.276723 0.036698 1.022897
0.195909 0.586347 -0.073948
-1.253595 1.325380 -0.709884
-0.069847 -1.120754 -0.888122
-0.957162 0.352393 1.278047
-2.066832 -0.646677 -1.032931
0.335898 0.794347 -1.231946
0.272120 0.435259 -0.918144
-0.064374 0.275998 1.041807
0.303159 0.405408 -0.752730
0.137523 0.987683 -0.816478
0.103477 -0.618690 -0.600952
0.209176 -0.004340 -0.413040
0.093173 0.591146 -0.531903
-0.706280 -0.832003 -0.997512
0.181813 0.809170 0.465710
-0.883855 0.529653 1.263614
-0.346749 0.355041 1.524704
0.166102 0.837522 -0.087205
0.292839 -0.204678 -1.000902
0.323261 1.012460 0.865398
0.203617 0.878818 -0.635484
0.405176 -0.206817 -1.031884
-0.094377 -0.958459 -0.478387
-0.096401 -0.365568 0.713006
0.209915 1.240935 -0.602632
0.130704 0.868653 -0.489029
0.164534 0.765262 -0.582688
0.476254 0.725046 -1.118188
-0.056381 -0.032716 0.586051
0.110695 -0.566543 -0.566381
0.188938 1.158480 -0.954898
-1.537572 0.414571 -1.110045
0.187926 -0.211053 0.705874
-0.363907 0.448615 -1.214216
-0.561755 0.685082 -1.450231
0.243038 0.368740 -0.661511
0.130928 -0.682496 -0.930496
-0.136676 0.867038 -1.365825
-1.476087 0.482915 1.527420
0.145445 0.233407 0.716554
-0.012616 -0.726111 -0.903758
0.133411 -0.649464 -0.346880
-1.129271 -1.368932 -0.201841
0.396011 0.320500 -1.281543
0.218969 0.857442 1.146081
-0.089119 1.364837 -0.351231
0.335263 0.844635 0.752069
-0.527558 0.294718 1.038765
-0.158610 -1.090875 -0.513667
0.583427 1.270592 1.039179
-1.064432 0.279241 -1.006447
0.160717 0.343626 1.095416
-0.749865 -0.588112 1.009987
-0.135599 -0.905152 -0.934308
0.224282 1.125970 -0.694313
0.191998 0.595794 -0.466716
0.285067 0.767595 -0.896937
0.295005 0.567594 1.092367
-1.251608 0.851750 1.250564
-1.104726 -0.907034 -0.854973
-0.243361 0.246748 -0.832899
-0.079912 0.197324 -0.969426
-0.616516 0.425886 -1.323296
0.249188 0.973900 0.686584
-0.817306 0.285761 -1.473836
-1.103745 0.792364 0.867837
-2.162023 0.499034 -1.045283
-0.412302 -1.017897 0.831567
-1.617754 -0.327432 1.602940
0.179345 -0.043896 0.832309
-0.510824 -1.367639 -0.364944
-1.564518 -0.219161 -1.642315
0.434479 -0.886049 1.079262
-0.237893 -1.235529 -0.983481
0.161692 1.112047 -0.335220
0.309907 0.132906 -1.371929
-1.357163 -1.174667 -0.568274
-0.834953 -0.149306 -0.988880
-0.295305 -0.659627 -0.942974
0.129675 0.101018 -0.826315
-0.924780 -1.145788 0.864142
0.032406 0.882642 0.440536
-1.200675 -0.076052 -0.653576
-0.931740 0.684819 -0.446273
0.146029 0.257478 -0.886605
-1.000971 -0.922961 1.070561
0.172159 -1.105459 -0.080260
0.199741 1.312296 -0.208985
-1.622776 -0.789358 -1.188181
-0.117209 0.637256 1.272707
-1.835801 0.766856 1.035338
0.150408 -0.587472 -0.390891
-0.230332 -0.454813 -0.702694
-1.872361 -1.059912 -0.823589
-1.318948 -0.997324 -1.237711
-0.012686 -1.034586 -0.320521
-1.184769 -1.233198 -0.812719
-0.743111 1.446473 0.584542
-0.052979 1.076076 -0.929679
-0.504030 -0.525950 0.793528
-1.005322 -1.084458 -0.480148
-1.248218 -1.011827 0.451898
-1.300055 -0.844662 -0.586613
-1.361775 -0.678951 0.814852
-1.527789 -0.631750 -0.269386
-1.559202 -0.317988 0.507052
-1.461379 -0.303558 -0.470018
-1.483850 -0.152715 0.836934
-1.692902 -0.344931 -0.008808
-1.598494 -0.325207 0.155728
-1.575331 -0.368502 -0.390660
-1.415625 -0.129574 0.425137
-1.514401 -0.137817 -0.075458
-1.418018 -0.078397 -0.129522
-1.370191 -0.124753 -0.451287
-1.379225 -0.062419 0.330667
-1.581336 -0.146151 -0.215112
-1.665109 -0.035808 0.086700
-1.570498 -0.080909 -0.653454
-1.608383 0.122123 0.647376
-1.774728 0.122618 -0.404528
-1.802301 0.289327 0.180314
-1.646567 0.209452 -0.737956
-1.537275 0.340694 0.513693
-1.656079 0.344652 -0.395766
-1.611723 0.373016 -0.045335
-1.456907 0.341733 -0.750858
-1.366155 0.432494 0.604659
-1.493444 0.501009 -0.343178
-1.384906 0.659592 0.500477
-1.216754 0.879954 -0.370855
-0.905194 0.919720 0.210331
-1.408006 -1.191121 -0.375069
-1.524549 -1.176232 0.286364
-1.498839 -1.294141 -0.161826
-1.641205 -1.068066 0.668890
-1.672816 -1.002579 -0.570662
-1.937251 -0.721578 1.090580
-2.033619 -1.002215 0.048532
-2.193306 -0.809486 0.678590
-2.167249 -0.921575 -0.385864
-2.295656 -0.657884 1.112709
-2.451656 -0.903347 0.226030
-2.296517 -0.647485 0.434662
-2.092772 -0.648744 -0.435556
-2.004900 -0.272397 0.513947
-2.061691 -0.539662 -0.107994
-1.984015 -0.321263 0.188988
-1.943345 -0.432083 -0.619112
-2.051985 -0.140228 0.632083
-2.040733 -0.362177 -0.335977
-2.109572 -0.047252 0.294086
-1.989810 -0.140123 -0.869452
-2.125933 0.143883 0.844224
-2.084246 -0.046850 -0.350168
-2.049304 0.105068 0.262870
-1.780785 -0.034252 -0.679052
-1.863724 0.157248 0.787315
-1.787000 -0.121320 -0.113474
-1.707224 -0.033222 0.277305
-1.529501 -0.018234 -0.515448
-1.517678 0.097464 0.883405
-1.401700 -0.054943 0.610848
-1.125768 0.245451 0.905687
-1.433854 -0.842512 0.076447
-1.541267 -0.986415 0.073367
-1.704376 -1.075024 -0.143323
-1.664147 -0.895136 0.530656
-1.915399 -0.864757 0.189859
-1.761490 -0.449536 0.303690
-2.067250 -0.577153 -0.220158
-2.100130 -0.421588 0.859736
-2.606044 -0.557393 0.298319
-2.288731 -0.401481 0.239114
-2.634267 -0.426457 -0.287607
-2.314656 -0.230873 0.590626
-2.720893 -0.203682 0.214568
-2.553760 -0.094176 -0.002732
-2.949794 -0.061912 -0.362601
-2.690421 0.008981 0.528707
-2.857750 -0.034205 0.031122
-2.741614 0.111877 0.072172
-2.940272 0.173655 -0.503833
-2.804483 0.340325 0.606599
-2.949607 0.386798 0.046105
-2.771238 0.533338 0.083534
-2.804830 0.634760 -0.822472
-2.592779 0.773648 0.420402
-2.592860 0.827449 -0.315547
-2.331685 0.744956 -0.272457
-2.230580 0.795829 -0.876975
-1.989146 0.796822 0.235456
-1.869256 0.874106 -0.100004
-1.626447 0.580731 0.211184
-1.742190 0.805305 -0.259251
-1.423632 0.858380 -0.238307
-1.606835 -1.110788 -0.368304
-1.813893 -1.398720 -0.034923
-1.937339 -1.526822 -0.105580
-2.065295 -1.401093 0.332292
-2.170796 -1.478929 -0.594811
-2.331953 -1.258741 1.061864
-2.505301 -1.549180 -0.139580
-2.685546 -1.276471 0.693407
-2.730944 -1.406387 -0.832281
-2.930006 -1.037908 1.516705
-3.019995 -1.222019 -0.283155
-2.984354 -0.845575 0.635488
-2.878742 -0.811272 -0.906770
-2.914449 -0.442766 1.130948
-2.850425 -0.568596 -0.316296
-2.854501 -0.328281 0.439215
-2.654322 -0.312388 -0.891596
-2.790859 -0.129736 1.088083
-2.653366 -0.199207 -0.362350
-2.730401 0.028114 0.346120
-2.527639 0.065507 -1.089574
-2.648959 0.281232 0.992268
-2.530442 0.174510 -0.361752
-2.578609 0.370358 0.362617
-2.226990 0.316454 -0.978098
-2.193947 0.483978 0.717097
-1.939017 0.209729 -0.262282
-1.934482 0.328504 0.473590
-1.621601 0.361574 -0.664573
-1.560254 0.489699 0.936819
-1.434646 0.407041 0.435362
-1.200445 0.629147 0.813690
-1.370963 -1.076311 -0.104215
-1.542585 -1.241262 -0.053204
-1.646802 -1.386790 -0.384583
-1.768717 -1.262493 0.432150
-1.957903 -1.319533 -0.315754
-2.039729 -0.999079 0.493155
-2.138182 -1.135488 -0.947114
-2.363426 -0.796444 1.449926
-2.555972 -0.868601 -0.734070
-2.490613 -0.606657 0.941188
-2.665599 -0.668093 -1.330896
-2.675016 -0.330792 1.773251
-2.833779 -0.346878 -0.775903
-2.837043 -0.141253 0.959902
-2.946705 -0.118239 -1.384270
-3.014212 0.098767 1.628381
-2.928928 0.105516 -0.806570
-2.899511 0.234711 0.986446
-2.866790 0.407734 -1.172265
-2.947191 0.560632 1.379959
-2.885280 0.719419 -0.376556
-2.801409 0.770023 0.991435
-2.736140 1.072133 -0.882378
-2.680417 1.141684 0.774060
-2.583261 1.314190 -0.212445
-2.426343 1.156297 0.543217
-2.226325 1.321796 -0.470814
-2.070402 1.235181 0.341143
-1.755218 1.216763 0.142417
-1.644397 0.987719 0.650372
-1.577546 0.894218 0.246958
-1.423522 0.990653 0.234157
-1.283826 -1.383382 -0.438240
-1.406232 -1.577208 -0.200048
-1.552282 -1.708306 -0.369811
-1.742255 -1.559425 0.303851
-1.821806 -1.764982 -1.045364
-1.882106 -1.370926 1.248729
-2.045692 -1.666960 -0.893740
-2.202708 -1.296733 1.123857
-2.392898 -1.581835 -1.728232
-2.408142 -1.008717 2.143559
-2.519971 -1.150501 -1.231108
-2.479559 -0.768063 1.386212
-2.588581 -0.840465 -1.726502
-2.650935 -0.440023 2.030318
-2.603739 -0.476011 -1.094785
-2.722056 -0.181544 1.217115
-2.612948 -0.167365 -1.666437
-2.588900 0.068606 1.686436
-2.482117 0.060038 -1.162082
-2.583020 0.231870 1.093678
-2.511342 0.363412 -1.454434
-2.532172 0.538903 1.562162
-2.542031 0.594225 -0.773006
-2.502845 0.713606 0.897040
-2.309179 0.800147 -0.844223
-2.214939 0.842554 1.158291
-2.075550 0.741034 -0.311042
-1.869569 0.784767 0.525174
-1.619014 0.775642 -0.261364
-1.525837 0.777173 0.863337
-1.435087 0.715224 0.432084
-1.166803 0.866069 0.815846
-1.118493 -1.267011 -0.202137
-1.324470 -1.429618 0.126454
-1.421814 -1.616770 -0.661408
-1.583031 -1.345869 0.761506
-1.711777 -1.314029 -0.687463
-1.819040 -1.068686 0.864888
-1.830956 -1.488448 -1.809422
-1.982524 -0.930507 2.012128
-2.155704 -1.038076 -1.512027
-2.218218 -0.588114 1.345727
-2.360252 -0.905167 -2.035762
-2.356065 -0.475299 2.319963
-2.378559 -0.509300 -1.461867
-2.498661 -0.075464 1.378879
-2.598622 -0.263984 -2.085546
-2.596939 0.093961 2.188556
-2.453012 0.063860 -1.640791
-2.510993 0.464181 1.595320
-2.376472 0.375558 -2.069077
-2.405742 0.650009 2.154367
-2.332705 0.653595 -1.621193
-2.344374 0.992958 1.634931
-2.233208 1.040895 -1.899657
-2.239607 1.227586 1.972334
-2.322304 1.190956 -1.092271
-2.212152 1.358442 1.167284
-1.932259 1.409795 -1.074823
-1.774658 1.418294 1.195926
-1.730546 1.374354 0.148552
-1.611534 1.182815 0.680483
-1.608600 0.945427 0.174358
-1.312837 1.057335 0.196586
-1.130160 -1.542162 -0.387895
-1.180058 -1.700233 0.018015
-1.370772 -1.851104 -0.455468
-1.517806 -1.612704 0.530433
-1.555854 -1.794484 -1.253138
-1.580321 -1.255697 1.604526
-1.783789 -1.601449 -1.204998
-1.943112 -1.139900 1.511512
-2.042304 -1.660227 -2.278609
-1.940039 -0.958042 2.474994
-2.034931 -1.174213 -1.836895
-2.138362 -0.648421 1.881065
-2.229207 -0.883834 -2.427197
-2.221346 -0.343958 2.551181
-2.221324 -0.505614 -1.820931
-2.350618 -0.012304 1.895562
-2.282967 -0.137563 -2.354547
-2.208509 0.215370 2.482550
-2.003390 0.104326 -1.891349
-2.133035 0.500623 2.004752
-2.089423 0.469674 -2.422194
-2.046724 0.817596 2.501500
-2.045494 0.581857 -1.683463
-2.068953 0.898020 1.902223
-1.920407 0.920939 -1.701083
-1.860512 1.088970 2.077098
-1.896273 0.799689 -0.835154
-1.721723 0.930908 1.177692
-1.484238 0.957765 -0.506379
-1.427103 0.889017 0.835711
-1.353170 0.841654 0.330840
-1.099630 0.883850 0.688685
-0.968351 -1.403313 -0.054858
-1.123842 -1.545518 0.111758
-1.158005 -1.765996 -0.563364
-1.273350 -1.457957 0.592500
-1.529608 -1.449473 -0.416769
-1.631419 -1.178380 0.581866
-1.732936 -1.352540 -1.044290
-1.843929 -0.964189 1.188486
-1.977707 -1.036736 -0.558139
-1.931290 -0.701674 0.824556
-2.057046 -0.871038 -1.069232
-2.099049 -0.487825 1.142868
-2.164823 -0.467781 -0.681518
-2.213165 -0.156663 0.934985
-2.316387 -0.182714 -1.305416
-2.361123 0.078723 1.211739
-2.246040 0.076193 -0.965719
-2.276481 0.357766 1.289794
-2.162452 0.397968 -1.428824
-2.251544 0.618791 1.432618
-2.118445 0.571059 -0.941932
-2.141762 0.893962 1.576522
-1.955058 0.918227 -1.048866
-2.102790 1.091905 1.334944
-1.960589 0.957255 -0.505527
-1.900892 1.259935 1.632709
-1.663333 1.284175 -0.519295
-1.717895 1.360791 0.912473
-1.491932 1.309736 0.259250
-1.426836 1.240433 1.032340
-1.339478 1.221826 0.442136
-1.184063 1.112328 0.348469
-0.966560 -1.656405 -0.218772
-0.983305 -1.756036 0.027166
-1.090061 -1.860231 -0.266900
-1.183465 -1.702400 0.418463
-1.257172 -1.777455 -0.872143
-1.386670 -1.433241 1.152195
-1.532434 -1.545708 -0.622935
-1.732920 -1.247668 0.990655
-1.669189 -1.472886 -1.338327
-1.702564 -1.055331 1.635333
-1.760801 -1.097886 -0.823499
-1.958416 -0.742823 1.130507
-1.907966 -0.811942 -1.457998
-2.021390 -0.455774 1.571259
-2.067755 -0.413812 -0.951881
-2.237386 -0.114602 1.127569
-2.078738 -0.181699 -1.548967
-2.074245 0.111034 1.598203
-1.920615 0.159282 -0.982348
-2.044183 0.369092 1.123728
-1.864812 0.370609 -1.388101
-1.850438 0.587939 1.612948
-1.701806 0.593956 -0.808317
-1.790207 0.753781 1.013853
-1.586860 0.704747 -1.019228
-1.541670 0.886959 1.327611
-1.466570 0.855575 -0.591967
-1.482656 0.988286 0.804556
-1.277662 0.974344 -0.327894
-1.250085 0.967540 0.623347
-1.132430 1.006526 0.149628
-0.932499 1.044551 0.555615
-0.838607 -1.486186 0.040621
-0.907565 -1.574393 0.335763
-0.951656 -1.759011 -0.544562
-1.059855 -1.528884 0.797869
-1.267016 -1.532611 -0.550833
-1.347025 -1.337946 0.697283
-1.370462 -1.460414 -1.060932
-1.457520 -1.171601 1.152658
-1.573266 -1.208899 -0.876089
-1.582334 -0.936035 0.916846
-1.566373 -1.015701 -1.255825
-1.650232 -0.700473 1.215129
-1.659900 -0.595945 -1.087326
-1.738037 -0.335072 1.053380
-1.798443 -0.317706 -1.447007
-1.890843 0.037776 1.262041
-1.818107 0.044325 -1.223530
-1.885389 0.335795 1.077133
-1.810228 0.273196 -1.434603
-1.843648 0.577497 1.452869
-1.696146 0.549270 -1.125096
-1.636349 0.804338 1.272992
-1.497844 0.733144 -1.359341
-1.484384 0.977925 1.570914
-1.351544 0.872179 -0.897157
-1.295515 1.107799 1.280984
-1.217505 1.078328 -0.928228
-1.232326 1.256605 1.067890
-1.150053 1.243448 -0.247648
-1.105073 1.233059 0.639717
-1.029569 1.215765 0.017813
-0.885987 1.172615 0.208243
-0.848528 -1.647488 -0.140906
-0.789940 -1.773009 0.194674
-0.853977 -1.850282 -0.242701
-0.901174 -1.711983 0.665342
-0.980826 -1.795590 -0.886605
-1.051809 -1.512388 1.191348
-1.125064 -1.674053 -0.844469
-1.195548 -1.421560 0.959705
-1.134912 -1.571529 -1.350422
-1.184203 -1.171768 1.397183
-1.156532 -1.209233 -1.195421
-1.298933 -0.908370 1.182633
-1.191503 -0.986641 -1.538705
-1.316142 -0.575572 1.520757
-1.307088 -0.597173 -1.443369
-1.541426 -0.199331 1.379888
-1.389505 -0.284331 -1.702278
-1.488442 0.086630 1.510333
-1.368784 -0.007771 -1.403104
-1.479454 0.385977 1.294927
-1.295022 0.350995 -1.607579
-1.267284 0.647128 1.578667
-1.167212 0.502031 -1.366870
-1.136650 0.749902 1.326979
-0.961725 0.786981 -1.478404
-0.910955 0.953507 1.427382
-0.977729 0.895607 -1.167657
-0.915543 1.038528 1.115703
-0.834803 1.120851 -0.786263
-0.868312 1.116701 0.780043
-0.870854 1.132591 -0.256717
-0.724149 1.101113 0.364370
-0.703110 -1.452737 0.192240
-0.747711 -1.517773 0.361620
-0.764847 -1.696848 -0.363450
-0.820887 -1.471220 0.785426
-0.961785 -1.563287 -0.557859
-1.051612 -1.398764 0.681844
-0.986778 -1.504770 -1.023646
-1.036917 -1.255930 1.100801
-1.022228 -1.291780 -1.047104
-1.076274 -1.052789 0.970311
-0.941418 -1.062990 -1.359802
-1.010732 -0.768289 1.306783
-1.008316 -0.747479 -1.359681
-1.129371 -0.422203 1.274483
-1.063929 -0.366504 -1.508486
-1.220741 -0.005905 1.351927
-1.184430 0.018619 -1.367806
-1.256602 0.271994 1.309522
-1.171457 0.306041 -1.387724
-1.244103 0.554541 1.216929
-1.133714 0.574282 -1.156649
-1.122249 0.790509 1.315965
-0.968430 0.838861 -1.240346
-0.989623 1.017880 1.173389
-0.866173 0.989850 -0.919388
-0.836471 1.178970 1.434871
-0.729704 1.206996 -0.957116
-0.780258 1.298876 1.125273
-0.756620 1.368829 -0.672795
-0.747552 1.322944 0.798143
-0.696341 1.454173 -0.096803
-0.646119 1.302352 0.324437
-0.678658 -1.543373 -0.000240
-0.611647 -1.637115 0.204646
-0.648765 -1.704108 -0.115605
-0.682298 -1.618946 0.614398
-0.713188 -1.696370 -0.698855
-0.767811 -1.494396 1.027352
-0.801253 -1.612658 -0.813170
-0.787935 -1.422976 0.892189
-0.722811 -1.571993 -1.249075
-0.776663 -1.229563 1.380683
-0.729248 -1.183840 -1.395587
-0.781131 -0.913498 1.246910
-0.758198 -1.013360 -1.621826
-0.827639 -0.631276 1.523180
-0.807061 -0.607731 -1.642991
-0.871795 -0.228567 1.501825
-0.829115 -0.303180 -1.793661
-0.894208 0.040973 1.660554
-0.904450 0.024164 -1.612995
-0.898031 0.356399 1.470999
-0.809263 0.300117 -1.694001
-0.820057 0.570406 1.649174
-0.809429 0.534213 -1.437945
-0.779080 0.757887 1.298944
-0.683273 0.782362 -1.319322
-0.679814 0.867067 1.420279
-0.751494 0.905213 -0.986160
-0.741705 0.923809 1.107942
-0.650630 1.095919 -0.730967
-0.659701 1.048635 0.843856
-0.638111 1.194544 -0.227891
-0.487648 1.153935 0.592606
-0.515261 -1.387864 0.175170
-0.523148 -1.360106 0.442905
-0.575498 -1.473802 -0.361826
-0.578723 -1.259557 0.735620
-0.635339 -1.325543 -0.548602
-0.653642 -1.190652 0.662695
-0.591102 -1.246370 -1.025436
-0.581941 -1.029638 1.079672
-0.553467 -1.024317 -1.031365
-0.550336 -0.833471 0.966130
-0.499598 -0.791308 -1.397435
-0.506088 -0.545479 1.302495
-0.495386 -0.489456 -1.356934
-0.533900 -0.285929 1.132741
-0.475725 -0.242574 -1.575487
-0.567307 0.031722 1.394330
-0.572679 0.101425 -1.528503
-0.626874 0.302307 1.306764
-0.596060 0.334034 -1.722926
-0.635048 0.562215 1.598903
-0.617455 0.570177 -1.593517
-0.625374 0.810475 1.555276
-0.579207 0.874205 -1.555866
-0.593807 1.066946 1.651105
-0.571758 1.103106 -1.164379
-0.566112 1.146379 1.363963
-0.555899 1.276854 -1.145503
-0.541678 1.269253 1.177410
-0.525892 1.394448 -0.610449
-0.460325 1.305784 0.853157
-0.455606 1.350177 -0.096101
-0.360269 1.229802 0.363222
-0.459575 -1.413679 -0.030351
-0.405247 -1.493757 0.221071
-0.407833 -1.499424 -0.169574
-0.402104 -1.387872 0.593121
-0.397095 -1.427258 -0.653427
-0.372058 -1.253205 1.000873
-0.324761 -1.320471 -0.791505
-0.309401 -1.178794 0.898776
-0.263807 -1.342470 -1.218521
-0.222303 -1.038066 1.435088
-0.150421 -0.916650 -1.299816
-0.192372 -0.750944 1.228537
-0.168319 -0.819366 -1.563470
-0.161479 -0.527705 1.544642
-0.085904 -0.450067 -1.512046
-0.193759 -0.249503 1.408084
-0.186919 -0.299843 -1.798687
-0.243749 -0.018632 1.675629
-0.223780 0.017590 -1.660134
-0.316851 0.236136 1.532998
-0.309915 0.239890 -1.805744
-0.343011 0.536749 1.660159
-0.339715 0.413695 -1.598816
-0.388729 0.667441 1.517454
-0.361155 0.739895 -1.452982
-0.381311 0.815039 1.357206
-0.456196 0.843583 -1.100022
-0.455384 0.885399 1.153142
-0.436762 1.069521 -0.735666
-0.417991 1.008801 0.798698
-0.388170 1.145326 -0.237237
-0.276994 1.034896 0.389262
-0.384366 -1.242567 0.148048
-0.423839 -1.199648 0.299680
-0.401941 -1.301203 -0.266011
-0.360238 -1.081464 0.537499
-0.359805 -1.090104 -0.344276
-0.360919 -0.965196 0.374271
-0.278092 -0.939152 -0.626716
-0.257507 -0.777777 0.682138
-0.234032 -0.701555 -0.650357
-0.234065 -0.616215 0.433418
-0.244286 -0.507247 -0.850680
-0.239670 -0.398511 0.666590
-0.227696 -0.222342 -0.794517
-0.183731 -0.205193 0.496648
-0.216350 -0.057056 -0.991048
-0.220671 0.028915 0.794215
-0.237611 0.200533 -0.888799
-0.220579 0.254870 0.726832
-0.247742 0.381071 -1.032481
-0.251358 0.471335 0.993407
-0.292495 0.601431 -0.952426
-0.308769 0.691774 1.090812
-0.296465 0.842658 -0.952767
-0.316305 0.891595 1.070415
-0.331606 1.063173 -0.803506
-0.316584 1.015174 1.152385
-0.258981 1.148076 -0.812479
-0.278802 1.118391 0.940236
-0.250225 1.263183 -0.467794
-0.212269 1.268798 0.733039
-0.213336 1.332959 0.054314
-0.122677 1.227400 0.424767
-0.374672 -1.271437 -0.056504
-0.330939 -1.293028 0.113351
-0.302284 -1.357343 -0.096513
-0.292566 -1.277650 0.381894
-0.190079 -1.329918 -0.457643
-0.148533 -1.263806 0.742179
-0.154995 -1.205348 -0.522253
-0.117919 -1.110737 0.613345
-0.076653 -1.199079 -0.825637
-0.054793 -1.040893 1.087831
-0.123867 -0.815421 -0.842681
-0.149935 -0.727040 0.808572
-0.092651 -0.725936 -0.980433
-0.085488 -0.523997 1.206125
-0.147265 -0.377375 -0.893346
-0.163230 -0.282332 0.894719
-0.127971 -0.285178 -1.185614
-0.113455 -0.104321 1.237926
-0.167078 0.024083 -0.909547
-0.212805 0.139929 0.888970
-0.252380 0.207435 -1.111316
-0.291207 0.365944 1.267493
-0.327946 0.461078 -0.857414
-0.355716 0.548911 0.994891
-0.348639 0.663596 -0.956982
-0.360048 0.666650 1.128823
-0.386362 0.855830 -0.572751
-0.377230 0.803533 0.763413
-0.320412 0.918407 -0.428173
-0.302972 0.931056 0.661474
-0.248850 1.012438 0.018259
-0.155004 0.951987 0.325091
-0.433498 -1.173894 0.065250
-0.422715 -1.116349 0.244770
-0.452791 -1.204632 -0.283489
-0.387126 -1.015465 0.459443
-0.381877 -1.017777 -0.311483
-0.316918 -0.953042 0.345978
-0.315343 -0.893884 -0.751134
-0.238760 -0.730305 0.816736
-0.257339 -0.658030 -0.825679
-0.211417 -0.562708 0.707418
-0.229203 -0.473517 -1.169781
-0.168179 -0.288995 1.222899
-0.178170 -0.237661 -1.196251
-0.182304 -0.143428 0.973389
-0.175021 -0.062553 -1.412189
-0.111681 0.065493 1.337844
-0.104529 0.137724 -1.255680
-0.110789 0.186958 1.057898
-0.124508 0.299835 -1.341380
-0.112226 0.393400 1.438703
-0.131939 0.478252 -1.230184
-0.148222 0.563088 1.208258
-0.148372 0.744904 -1.321341
-0.128170 0.809092 1.532882
-0.136812 0.942005 -1.162798
-0.120547 0.930722 1.001791
-0.122980 1.088660 -0.943048
-0.083242 1.047372 1.085494
-0.082893 1.150359 -0.318565
-0.020862 1.211434 0.773986
-0.055789 1.266428 0.098279
-0.036409 1.122866 0.363934
-0.462282 -1.221354 -0.128694
-0.435878 -1.255414 0.104636
-0.423586 -1.342457 -0.158686
-0.453233 -1.197137 0.291795
-0.363418 -1.253924 -0.333817
-0.345303 -1.032904 0.631756
-0.285377 -1.047171 -0.500410
-0.228985 -0.879735 0.516855
-0.173569 -0.948307 -1.061503
-0.104562 -0.749476 1.152189
-0.130412 -0.560040 -1.182027
-0.088094 -0.453092 1.067969
-0.078900 -0.483002 -1.663417
-0.056569 -0.356734 1.575629
-0.075740 -0.236797 -1.540408
-0.029828 -0.205635 1.392641
-0.052483 -0.123583 -1.832260
-0.062474 0.023226 1.666135
-0.099831 0.121448 -1.598619
-0.083725 0.182701 1.364500
-0.098010 0.314622 -1.841359
-0.090567 0.436041 1.650194
-0.123143 0.483844 -1.566371
-0.092366 0.515648 1.322962
-0.115285 0.695975 -1.627036
-0.126064 0.725542 1.378580
-0.156687 0.760001 -1.014080
-0.173235 0.751351 0.804462
-0.158944 0.876632 -0.657450
-0.167686 0.847220 0.692097
-0.118603 0.884043 -0.106868
-0.101412 0.737318 0.277941
-0.616459 -1.211006 0.105060
-0.624274 -1.240686 0.232883
-0.669590 -1.374623 -0.109227
-0.599918 -1.202292 0.409163
-0.665916 -1.210299 -0.050888
-0.572684 -1.047643 0.088760
-0.489173 -1.059735 -0.487856
-0.366139 -0.830948 0.405390
-0.336644 -0.649826 -0.353872
-0.240103 -0.536574 0.375375
-0.266154 -0.433623 -0.792491
-0.225862 -0.278844 0.692496
-0.251247 -0.109737 -0.730432
-0.164615 -0.043732 0.601752
-0.209255 0.028345 -0.935013
-0.179426 0.099357 0.882724
-0.209766 0.256298 -0.904868
-0.170281 0.289652 0.766897
-0.192689 0.389439 -0.880850
-0.192580 0.443506 1.078618
-0.222262 0.604557 -0.863283
-0.168489 0.643287 0.927286
-0.165319 0.826365 -0.707574
-0.169225 0.762472 1.023360
-0.174585 0.946749 -0.672357
-0.131239 0.932051 0.802402
-0.109254 1.033316 -0.433261
-0.122604 0.981923 0.662301
-0.131927 1.067745 -0.114784
-0.078338 1.181720 0.660309
-0.109352 1.224497 0.287005
-0.085504 1.067186 0.423578
-0.679576 -1.371239 -0.028579
-0.664710 -1.413229 0.252786
-0.751734 -1.536214 -0.058877
-0.785557 -1.455020 0.335744
-0.735781 -1.527107 -0.355915
-0.653520 -1.303127 0.555409
-0.536674 -1.368582 -0.212428
-0.457864 -1.210947 0.386651
-0.358895 -1.223838 -0.512334
-0.234755 -1.013487 0.756586
-0.228510 -0.703143 -0.412806
-0.198486 -0.577687 0.831902
-0.194645 -0.566378 -0.876625
-0.138224 -0.375085 1.201844
-0.165009 -0.194493 -0.581028
-0.177978 -0.148233 1.073689
-0.134467 -0.056418 -0.732196
-0.123421 0.055764 1.332714
-0.144009 0.186059 -0.585792
-0.191593 0.215548 1.010428
-0.148882 0.367638 -0.561390
-0.201909 0.395770 1.179918
-0.167046 0.536605 -0.284323
-0.231272 0.558345 0.813463
-0.170574 0.741632 -0.192704
-0.242389 0.695440 0.927609
-0.265346 0.774587 -0.022613
-0.310847 0.766432 0.602668
-0.251350 0.873844 -0.032919
-0.288884 0.847832 0.619688
-0.272339 0.888462 0.254895
-0.266339 0.863309 0.422941
-0.670299 -1.345633 0.134569
-0.681248 -1.292603 0.341398
-0.747057 -1.384899 -0.105028
-0.742862 -1.228525 0.447253
-0.785931 -1.283468 0.019769
-0.685263 -1.185656 0.221971
-0.600169 -1.236400 -0.185326
-0.462257 -1.026333 0.404753
-0.346820 -0.913385 0.018249
-0.276421 -0.727367 0.494275
-0.243652 -0.567195 -0.306544
-0.186931 -0.393875 0.801269
-0.105019 -0.240825 -0.133214
-0.124066 -0.100753 0.791662
-0.106457 0.039908 -0.306420
-0.145713 0.151857 0.949787
-0.105037 0.217341 -0.115070
-0.167074 0.276187 0.809336
-0.096795 0.352895 -0.156109
-0.158627 0.423759 0.963374
-0.115401 0.523668 0.086964
-0.206754 0.594791 0.753940
-0.164983 0.650333 0.020226
-0.222831 0.708747 0.768497
-0.171499 0.797252 0.184852
-0.199886 0.848701 0.555482
-0.144439 0.882796 0.140842
-0.146450 0.917603 0.661877
-0.133448 0.926721 0.335373
-0.173421 1.034821 0.487845
-0.211278 1.015055 0.326082
-0.205289 0.990277 0.227453
-0.319012 -1.012010 0.116001
-0.335416 -1.156103 0.252066
-0.419220 -1.121960 0.060281
-0.456347 -1.074421 0.357320
-0.447720 -1.074046 -0.106254
-0.409675 -1.031906 0.390849
-0.375166 -1.017777 -0.077439
-0.351498 -0.960017 0.323279
-0.278891 -0.919495 -0.096137
-0.205603 -0.739829 0.522629
-0.153490 -0.515144 0.025853
-0.193854 -0.391288 0.538135
-0.095803 -0.237212 -0.011856
-0.133563 -0.116497 0.780215
-0.082123 0.013640 0.109772
-0.161080 0.052064 0.621112
-0.079764 0.207657 0.102700
-0.141354 0.219156 0.816485
-0.077263 0.332581 0.208448
-0.172834 0.321296 0.591289
-0.127053 0.465687 0.119302
-0.180188 0.478440 0.715606
-0.164939 0.600634 0.234485
-0.205844 0.612864 0.488788
-0.137084 0.742750 0.159383
-0.147386 0.733432 0.566302
-0.123792 0.786142 0.302422
-0.110852 0.746260 0.446754
-0.071071 0.844388 0.335929
-0.115249 0.819748 0.502859
-0.196860 0.858883 0.388569
-0.112023 0.730263 0.173733
