0.632863 -0.926007 -0.763901
0.274143 -0.566570 -0.517417
0.230392 -0.697141 0.027724
-0.112881 -0.300114 -0.331980
0.013202 -0.774524 0.079531
0.282726 -0.261148 -0.194467
-0.222683 -0.241895 0.253363
-0.297769 -0.061136 -0.356199
0.152362 -0.182817 -0.198213
-0.091352 0.055055 0.240659
-0.573335 0.182802 0.498373
-0.091278 -0.243648 0.263970
-0.867267 0.854542 0.936504
0.075228 -0.301473 0.225260
-0.524874 0.289181 0.398933
0.424153 -1.060259 -0.069166
-0.292003 -0.935451 -0.768840
0.526418 -0.910227 0.110690
-0.162190 -0.226243 -0.343028
-0.735333 -0.065612 -0.635607
0.341814 -0.949897 -0.182328
-0.037967 -0.206816 -0.096981
0.224185 -0.320721 -0.587620
-0.479540 -0.463684 -0.792613
-0.429968 -0.336724 0.508821
0.265885 -0.477766 0.319322
-0.806996 0.386980 0.086249
0.553611 -1.085565 0.025415
-0.827366 0.284684 -0.150640
0.051390 -0.674052 -0.220768
-1.157037 -0.337920 -0.829974
-0.153480 -0.468055 -0.335619
-0.113974 -0.370811 -0.452840
-0.071344 -0.582968 -0.553324
0.252502 -0.534719 -0.580264
0.297659 -0.320992 -0.275841
0.415786 -0.958102 -0.198811
-0.158574 -0.391721 -0.537380
0.200324 -0.389895 0.195740
-0.429145 -0.108066 -0.503856
-0.161305 -0.196184 0.080703
-0.261553 -0.125560 0.352815
-0.120440 -0.604480 0.323491
-0.262474 -0.821127 -0.869135
-0.269585 -0.625223 -0.539124
0.019024 -0.573391 -0.296964
-0.917198 -0.897922 0.427322
0.272990 -0.182196 0.208615
-0.551706 -0.188086 -0.580925
0.286770 -0.645882 0.366247
0.336019 -0.759055 0.206733
-0.187099 -0.184992 -0.262587
-0.297412 -0.179656 0.081791
-0.540648 -0.318644 0.725692
-0.522640 -0.576447 0.367295
0.428275 -0.885746 0.019286
0.435639 -0.735696 -0.461275
-0.068122 -0.007433 0.090676
-1.134776 0.110947 -0.600352
0.234526 -0.437317 -0.535452
-1.005082 -0.523102 -0.756892
-0.542607 0.105712 -0.418833
-0.648605 -1.158472 0.043845
-0.043002 -0.474177 -0.062476
-0.285249 -0.751387 -0.533588
-0.024344 -0.628975 -0.739407
-0.472813 0.027552 0.521227
-0.219601 -0.462648 0.379596
-0.684779 0.413392 0.427705
-0.890819 0.271165 1.116104
-0.297179 -0.112286 -0.131757
0.320084 -0.405176 -0.580323
-0.846141 -0.166189 0.400092
0.434918 -0.594813 0.263928
0.325219 -0.516892 -0.235625
-0.012062 -0.313174 -0.354020
0.205097 -0.655659 0.131168
0.124590 -0.464479 -0.286228
-0.066535 -0.372759 0.244425
-0.213742 -0.082344 -0.282525
0.125671 -0.404346 0.063973
-0.970492 -0.544061 0.425269
0.140420 -0.510445 -0.080239
-0.848867 -0.150166 0.421879
-0.197366 -0.918507 -0.409461
-0.296131 -0.414873 -0.618695
0.228222 -0.819516 -0.281959
0.483270 -0.780405 -0.540216
-0.638676 0.417591 -0.180617
0.445923 -0.517591 -0.445070
-0.983209 -0.576759 0.310970
0.445906 -0.918400 -0.155232
-0.585711 0.210084 0.658434
-0.548515 -0.355821 0.465612
0.304445 -0.209742 0.138998
0.331485 -0.430381 0.239299
-0.356199 -1.010791 0.013088
0.300265 -0.602938 -0.536863
0.088023 -0.436919 0.062799
-0.708361 -0.739063 -0.813888
-0.668576 -0.031468 0.546402
-0.380852 0.162336 -0.084024
0.464933 -0.706084 -0.720091
-0.448003 -0.537830 0.336624
-0.327081 -0.372147 -0.656827
-0.220027 -0.338005 -0.154238
-0.547961 0.438067 0.125980
-0.344277 -0.037800 -0.441197
-0.168991 -0.570238 0.080781
-0.047365 -0.576168 -0.565933
-0.781798 0.456650 0.437700
-0.061722 -0.641174 -0.427887
0.309841 -0.773707 0.110225
-0.180383 -0.430944 0.208730
0.472267 -1.025200 -0.327879
-1.333027 -0.771418 -0.822509
-0.451078 -0.842899 0.420215
0.256599 -0.310848 -0.595807
0.298208 -0.613869 -0.622538
-0.891190 0.049026 -0.570355
0.223140 -0.702374 -0.032412
-0.012526 -0.535086 0.105492
-0.142960 -1.038415 -0.847780
-0.223051 -0.116367 0.002257
0.127339 -0.495621 -0.446418
-0.101173 -0.390889 -0.216900
-0.213223 -0.340418 -0.549087
-0.195337 -0.049050 0.234483
0.266687 -0.815731 -0.167775
-1.288092 -0.641822 -0.657734
0.084911 -0.349954 -0.486578
-0.608523 -1.227424 -0.693171
-0.545697 0.211350 -0.311119
-0.046387 -0.297029 0.015176
-0.941580 -0.848513 -0.960366
0.046865 -0.637443 0.121900
-0.092460 -0.269897 -0.132715
-0.457880 0.229361 0.351976
-0.961631 -0.887823 -0.750946
-0.658050 0.109624 -0.064759
0.435499 -0.747158 -0.812041
-0.619987 0.013698 -0.589543
-0.851006 -0.651136 0.496139
-0.513811 -0.378956 -0.678962
-0.158169 -0.349108 0.434832
0.125117 -0.466563 -0.054092
-0.989368 -0.596700 -0.798575
-0.678204 -0.426864 0.448572
-0.646155 0.294347 0.416136
-0.150345 -0.156293 -0.462611
0.422197 -0.689626 -0.433959
0.379086 -0.264165 -0.288491
-0.118763 -0.483103 -0.455091
-0.101706 -0.642679 -0.801750
-0.538355 -0.741424 -0.861897
-0.369431 -0.376397 0.440622
-0.218509 -0.263066 -0.262994
-0.792022 0.250178 -0.415992
0.271650 -1.038733 -0.290981
-0.800789 -0.130817 0.563315
-1.678460 -0.980330 -0.690046
0.229676 -0.402898 -0.374204
0.229104 -0.343717 -0.200054
-0.461969 -0.155313 0.627639
-0.038146 -0.419834 -0.304106
0.163003 -0.138419 -0.363132
0.372586 -0.718854 -0.387747
-0.118209 -0.512405 -0.133930
0.099594 -0.102808 -0.192370
-0.409701 -0.829525 -0.745991
0.188021 -0.098225 -0.164463
-0.681779 0.058359 0.534256
-0.517151 -0.191375 0.530022
-0.230699 -0.317796 -0.275459
0.315236 -0.876471 -0.564621
-0.132120 0.021058 0.264810
0.217187 -0.172606 -0.080698
0.546514 -0.775516 -0.542127
-0.008572 -0.766185 -0.337163
-0.078773 -0.361972 0.193508
0.306804 -0.094044 -0.051819
-0.182519 -0.060497 -0.240569
-0.213819 -0.146172 -0.243837
0.373770 -0.444436 -0.287966
-0.130685 -0.378703 -0.055771
0.247773 -0.517686 -0.236191
-0.128266 -0.526396 0.202354
-1.080009 -0.248339 -0.734782
0.055255 -0.525475 0.098988
-0.311921 -0.316623 -0.516401
-0.489316 -0.333996 -0.743140
0.155071 -0.360699 -0.358611
0.427024 -0.869062 -0.590189
-0.322574 -0.321602 -0.602273
-0.683813 0.097665 0.777130
-0.142391 -0.509665 0.160082
0.500638 -0.824573 -0.544449
0.099804 -0.442160 -0.249362
-0.555598 -1.087105 -0.398016
0.335454 -0.784404 -0.553848
0.363361 -0.169034 -0.045005
-0.631899 0.199153 0.052227
0.287958 -0.103091 -0.078043
-0.552778 -0.195749 0.473422
0.463844 -1.180819 -0.225409
0.196465 -0.233594 0.014444
-0.856892 -0.303792 -0.616557
-0.076316 -0.475466 0.438722
-0.701564 -0.546498 0.420613
0.429178 -1.059010 -0.481660
-0.086110 -0.273736 -0.301636
-0.048766 -0.315155 -0.242266
0.079895 -0.257647 -0.306136
0.036046 -0.341760 0.316696
-0.690727 0.359821 0.640306
-0.624975 -1.006773 -0.679689
-0.235929 -0.313646 -0.439038
0.046872 -0.495570 -0.530232
-0.562473 -0.264036 -0.712991
0.262091 -0.447022 0.461454
-0.647463 -0.487411 -0.775847
-0.800353 -0.008173 0.348260
-1.429530 -0.220769 -0.714209
-0.383419 -0.916845 0.203720
-0.898985 -0.426723 0.680863
0.256208 -0.531208 0.200793
-0.509952 -1.248612 -0.261764
-1.259108 -0.640519 -1.074329
0.506543 -0.834591 0.097150
-0.204985 -1.098141 -0.618208
0.205429 -0.196848 -0.104814
0.582468 -0.481365 -0.822585
-0.851136 -1.306965 -0.640628
-0.653696 -0.509855 -0.755053
-0.126582 -0.631443 -0.536067
0.294740 -0.380060 -0.555050
-0.888356 -1.041235 0.161384
-0.203232 0.076796 0.063642
-0.428893 -0.449516 -0.678253
-0.379037 -0.235418 -0.313183
-0.022999 -0.480926 -0.344533
-0.854579 -0.669527 0.263195
0.112047 -0.814345 0.008482
0.029130 -0.396472 0.177572
-1.147677 -1.021776 -0.782445
-0.591844 0.033157 0.635145
-0.737546 0.186237 0.688744
0.321178 -0.681372 -0.221476
-0.110740 -0.479010 -0.457408
-1.221299 -1.350471 -0.723973
-0.773932 -1.021393 -0.943414
0.531291 -0.987070 -0.183737
-0.650121 -1.192473 -0.605298
-0.736433 0.534547 0.252190
-0.433355 -0.117605 -0.365813
-0.265527 -0.664112 0.190247
-0.610127 -0.675796 -0.319421
-0.780868 -0.618214 0.037874
-0.745027 -0.625893 -0.449112
-0.683895 -0.580384 0.213251
-0.753936 -0.742798 -0.328479
-0.787227 -0.698224 -0.053454
-0.659555 -0.888259 -0.695361
-0.674938 -0.761057 0.120342
-0.799465 -0.978472 -0.501592
-0.867570 -0.959891 -0.100772
-0.801244 -1.097691 -0.757822
-0.801918 -0.967954 0.111954
-0.857759 -1.169238 -0.654790
-0.844379 -1.122214 -0.038472
-0.808396 -1.292351 -0.961906
-0.837730 -1.121579 0.194005
-0.940504 -1.253899 -0.900616
-0.884850 -1.045205 0.076745
-0.860536 -1.084690 -1.004481
-0.763437 -0.883000 0.180776
-0.829904 -0.873996 -0.736331
-0.816027 -0.709165 0.034143
-0.785112 -0.583332 -0.727006
-0.687158 -0.439683 0.237945
-0.730147 -0.408496 -0.575690
-0.683062 -0.299637 0.137790
-0.579085 -0.261952 -0.543585
-0.482416 -0.128334 0.366856
-0.529272 -0.065186 -0.349247
-0.507985 0.023391 0.159606
-0.378360 0.124930 -0.319804
-0.213917 0.220303 0.076502
-0.845502 -0.696065 -0.421055
-0.869973 -0.763491 -0.019998
-0.973307 -1.062064 -0.248988
-0.920229 -0.981901 0.055406
-0.863995 -1.113543 -0.707627
-0.941681 -0.884416 0.182551
-0.961739 -1.182459 -0.564245
-0.997055 -1.108425 -0.203126
-0.909508 -1.320809 -0.868043
-1.076414 -1.111658 -0.036288
-1.128606 -1.354806 -0.634841
-1.184791 -1.248584 -0.304834
-1.068794 -1.443772 -0.934931
-1.058540 -1.274822 -0.116090
-1.040337 -1.584106 -0.741613
-1.104979 -1.492448 -0.315257
-0.991020 -1.661199 -1.159966
-1.045075 -1.405846 -0.086302
-0.998857 -1.574050 -1.062770
-1.028130 -1.300106 -0.231841
-0.995098 -1.275348 -1.077115
-1.004327 -0.903841 -0.016864
-0.994733 -0.865606 -0.723577
-0.986457 -0.613931 -0.085023
-0.886112 -0.586125 -0.824518
-0.852638 -0.367815 0.209230
-0.746238 -0.475620 -0.530685
-0.668887 -0.281687 0.176710
-0.576204 -0.228715 -0.652801
-0.588586 -0.107882 0.353711
-0.554466 -0.101934 -0.214776
-0.308388 0.004111 0.111092
-0.853082 -0.564778 -0.026866
-0.952924 -0.721464 0.010825
-1.075506 -0.872331 -0.208910
-1.033972 -0.843632 0.122328
-1.106791 -0.931457 -0.086759
-1.061970 -0.969950 -0.289599
-1.129001 -1.160354 -0.472013
-1.145724 -1.179549 -0.265735
-1.362832 -1.308561 -0.299512
-1.367038 -1.327406 -0.511794
-1.540230 -1.355142 -0.590170
-1.503826 -1.298405 -0.339679
-1.647583 -1.344763 -0.372491
-1.442904 -1.346939 -0.574906
-1.568204 -1.382970 -0.769655
-1.491911 -1.334940 -0.442033
-1.630059 -1.352057 -0.589362
-1.380118 -1.286298 -0.564135
-1.314567 -1.221317 -0.919946
-1.180160 -1.095301 -0.354465
-1.258702 -0.947765 -0.796439
-1.098172 -0.786717 -0.408158
-1.103498 -0.560250 -0.786069
-1.002274 -0.454077 -0.134967
-1.001831 -0.296456 -0.555486
-0.866812 -0.292354 -0.146703
-0.734442 -0.213489 -0.643362
-0.665287 -0.130080 0.301145
-0.644384 -0.055574 -0.376110
-0.582283 -0.052264 0.080555
-0.494960 0.044921 -0.391808
-0.359051 0.146987 -0.113487
-0.986337 -0.858674 -0.160084
-1.090686 -1.101098 0.081924
-1.122136 -1.327466 -0.033433
-1.117594 -1.236324 0.176874
-1.004442 -1.291251 -0.493256
-1.118858 -1.125115 0.199496
-1.267666 -1.450759 -0.394926
-1.364579 -1.419573 -0.348346
-1.298307 -1.570582 -0.773639
-1.466716 -1.359890 -0.013321
-1.645803 -1.551337 -0.552276
-1.688981 -1.451156 -0.379858
-1.607711 -1.514251 -0.923316
-1.518348 -1.292588 -0.202917
-1.477740 -1.474381 -0.681731
-1.393882 -1.410763 -0.421853
-1.283064 -1.487282 -1.044082
-1.180374 -1.310091 -0.230602
-1.164946 -1.401015 -1.010181
-1.094120 -1.192465 -0.456439
-1.124259 -1.160937 -1.177456
-1.037937 -0.789507 -0.194921
-1.048891 -0.752965 -0.868397
-1.028346 -0.489241 -0.150674
-0.892448 -0.463703 -0.923033
-0.788505 -0.215026 0.303518
-0.581564 -0.340528 -0.650684
-0.581367 -0.213693 0.229763
-0.426083 -0.178172 -0.812852
-0.435501 -0.040936 0.506544
-0.425144 -0.029302 -0.259721
-0.332328 0.054001 0.144684
-0.823125 -0.940916 0.197106
-0.886168 -1.088156 0.356765
-0.939288 -1.205600 0.038418
-1.049309 -1.151478 0.447496
-1.230633 -1.172502 -0.082008
-1.238048 -1.334126 -0.200897
-1.240475 -1.446615 -0.566373
-1.296759 -1.485315 -0.083165
-1.528128 -1.515174 -0.418206
-1.489645 -1.543939 -0.415942
-1.734777 -1.447742 -0.649140
-1.698967 -1.444857 -0.295203
-1.883227 -1.338605 -0.507454
-1.636523 -1.295576 -0.505360
-1.797234 -1.127280 -0.846511
-1.612961 -1.144972 -0.584220
-1.703111 -0.988059 -0.780940
-1.321454 -1.073452 -0.733541
-1.326499 -0.846904 -0.914902
-1.102022 -0.811286 -0.658249
-1.219600 -0.573837 -0.828394
-1.024193 -0.470575 -0.658265
-1.009704 -0.225079 -0.818410
-0.922604 -0.146469 -0.424810
-0.893788 0.007271 -0.537038
-0.807365 -0.043031 -0.316881
-0.671892 -0.009845 -0.660224
-0.608759 0.036812 0.167245
-0.578158 0.088128 -0.373453
-0.495348 0.089490 0.132034
-0.456572 0.122775 -0.223811
-0.380613 0.199639 -0.001552
-0.943397 -1.394272 0.304820
-0.952238 -1.693622 0.686705
-1.056109 -1.928121 0.415796
-1.111161 -1.880641 0.921888
-1.076808 -1.829180 -0.183744
-1.069687 -1.673358 1.086339
-1.199550 -1.849195 -0.365486
-1.224780 -1.714404 0.245968
-1.253329 -1.947689 -0.886235
-1.291855 -1.578475 0.449926
-1.512398 -1.753128 -0.658597
-1.598146 -1.538170 -0.000963
-1.739610 -1.618583 -0.964183
-1.592663 -1.294118 0.099699
-1.693725 -1.399920 -0.851719
-1.459318 -1.157694 -0.241287
-1.444722 -1.123277 -1.044104
-1.249756 -0.949889 -0.149191
-1.310027 -0.951744 -0.989551
-1.174906 -0.804981 -0.500678
-1.135508 -0.736566 -1.164884
-1.057609 -0.488999 -0.278074
-1.062567 -0.442980 -0.966880
-0.991524 -0.223982 -0.426830
-0.839715 -0.184396 -1.034293
-0.809549 -0.013705 0.033612
-0.736631 -0.177407 -0.605951
-0.674010 -0.127223 -0.062041
-0.519827 -0.120218 -0.793679
-0.521123 0.014815 0.391253
-0.520758 0.023809 -0.227638
-0.417288 0.096002 0.184413
-0.847533 -1.356415 0.649890
-0.864115 -1.511793 1.182814
-1.003786 -1.602985 0.156694
-1.049227 -1.531855 1.615617
-1.225020 -1.458702 -0.119130
-1.156651 -1.447611 0.944032
-1.145677 -1.676341 -0.866695
-1.103100 -1.533855 1.094285
-1.269256 -1.665232 -0.647444
-1.188009 -1.551317 0.456742
-1.372516 -1.668656 -0.792529
-1.355690 -1.515924 0.291452
-1.651136 -1.448555 -0.790569
-1.399245 -1.290498 -0.004144
-1.650892 -1.074806 -1.081891
-1.393366 -0.941210 -0.130067
-1.543453 -0.812582 -1.087038
-1.207344 -0.739704 -0.442707
-1.279843 -0.527550 -1.252803
-1.202658 -0.407737 -0.395158
-1.278208 -0.220885 -1.238055
-1.068619 -0.031688 -0.609908
-1.000832 0.124235 -1.302592
-0.932575 0.269659 -0.279040
-0.948240 0.363861 -1.007130
-0.852916 0.280564 -0.562355
-0.785417 0.361365 -1.275837
-0.692824 0.280239 -0.050979
-0.642261 0.194458 -0.490058
-0.583997 0.076723 -0.038118
-0.575657 0.128100 -0.342338
-0.513474 0.156769 -0.090276
-0.917036 -1.614803 0.657909
-0.882985 -1.906393 1.400842
-1.094567 -2.112349 0.699124
-1.050869 -2.039166 1.853059
-1.049988 -1.964548 -0.327850
-1.003468 -1.760096 2.184063
-1.113660 -1.931103 -0.504839
-1.033726 -1.787739 1.500487
-1.104433 -2.116557 -1.161766
-1.063151 -1.687105 1.565699
-1.304935 -1.935049 -0.893877
-1.308462 -1.630366 0.966135
-1.518425 -1.750594 -1.099227
-1.377707 -1.339289 0.906010
-1.550058 -1.403372 -0.888572
-1.302352 -1.086630 0.374233
-1.356867 -0.954186 -1.140511
-1.126495 -0.736799 0.283354
-1.184447 -0.715721 -1.196888
-1.119557 -0.537735 -0.073352
-1.142541 -0.423865 -1.553531
-1.017936 -0.223888 0.010955
-1.033683 -0.215417 -1.298702
-0.937409 0.002882 -0.222917
-0.890473 0.178652 -1.496115
-0.792539 0.232376 0.084258
-0.882394 0.160177 -1.035289
-0.833280 0.201971 -0.151155
-0.738707 0.158844 -1.124362
-0.685427 0.136575 0.081168
-0.634030 0.018819 -0.486366
-0.565519 0.067991 -0.034204
-0.870069 -1.313476 0.828209
-0.825111 -1.445552 1.281313
-1.063264 -1.542915 0.408392
-1.080085 -1.447135 1.619951
-1.226268 -1.408449 0.152434
-1.121168 -1.341282 1.215405
-1.091642 -1.596273 -0.458269
-1.092922 -1.424768 1.515583
-1.233125 -1.622556 -0.366006
-1.124462 -1.414780 1.032440
-1.221772 -1.601542 -0.653354
-1.225098 -1.409669 0.795806
-1.377318 -1.381861 -0.675383
-1.270615 -1.426880 0.359486
-1.431309 -0.971724 -0.961926
-1.209768 -0.818424 0.018436
-1.237767 -0.607725 -0.949060
-1.064382 -0.501213 -0.205186
-1.180079 -0.242351 -1.255657
-1.142512 -0.151053 -0.528547
-1.066407 0.115853 -1.112702
-0.988999 0.255560 -0.493721
-1.001663 0.464392 -1.423177
-0.961303 0.512636 -0.486392
-0.904280 0.705249 -1.280504
-0.877461 0.707021 -0.278452
-0.962228 0.916696 -1.566174
-0.896426 0.824861 -0.422040
-0.832178 0.935129 -1.063387
-0.744659 0.685134 -0.157160
-0.722561 0.509078 -0.617834
-0.625926 0.479543 -0.238720
-0.897516 -1.417532 0.485703
-0.834486 -1.656965 1.094267
-1.024517 -1.775038 0.550777
-1.009056 -1.831169 1.540098
-1.029846 -1.787864 -0.199122
-0.915381 -1.793029 2.028295
-1.040596 -1.781948 -0.269621
-0.941185 -1.757716 1.636110
-0.984625 -1.969414 -0.822252
-0.941653 -1.704942 1.886295
-1.088267 -1.824567 -0.696957
-1.058590 -1.556292 1.357252
-1.194608 -1.617323 -0.973617
-1.112574 -1.444595 1.228205
-1.249854 -1.221135 -0.917360
-1.074441 -1.151628 0.524844
-1.130730 -0.815898 -1.132591
-0.977766 -0.815211 0.339833
-1.050065 -0.496736 -1.038853
-1.071519 -0.447819 -0.206170
-1.042165 -0.268301 -1.418748
-0.912876 -0.217039 -0.152127
-1.000937 -0.082802 -1.149306
-0.919974 -0.013240 -0.529836
-0.905527 0.162400 -1.459527
-0.859997 0.225309 -0.105433
-0.977266 0.272401 -0.935004
-0.924423 0.261045 -0.444628
-0.880332 0.298266 -1.200341
-0.847330 0.175402 -0.335628
-0.800714 -0.027876 -0.775284
-0.684015 0.117541 -0.225337
-0.911288 -1.061310 0.430404
-0.890793 -1.124662 0.773868
-1.074276 -1.269144 0.021167
-1.047682 -1.235398 1.268662
-1.181813 -1.303511 -0.184535
-1.049114 -1.254440 1.131019
-1.068332 -1.513525 -0.649666
-1.062470 -1.324386 1.713033
-1.194114 -1.416805 -0.577833
-1.089763 -1.186689 1.233433
-1.105967 -1.340759 -0.811253
-1.120151 -1.091000 1.263521
-1.192825 -1.040582 -0.934508
-1.033283 -0.908100 0.633561
-1.169558 -0.659268 -1.325271
-1.018399 -0.534529 0.462108
-1.194387 -0.399855 -1.514458
-1.000129 -0.315620 0.097688
-1.161060 -0.027925 -2.065569
-1.013093 -0.037667 0.321198
-1.154326 0.303050 -1.979012
-0.993827 0.265598 -0.245094
-1.034970 0.701041 -2.426369
-0.900067 0.587626 0.262240
-0.989340 0.868374 -2.082653
-0.942184 0.751059 0.012135
-0.981863 1.285867 -2.147039
-0.878840 1.240829 0.090948
-0.891186 1.479764 -1.229762
-0.819616 1.128220 -0.344570
-0.801400 1.035877 -0.836721
-0.724958 0.763032 -0.539995
-0.940527 -1.100003 0.006361
-0.899754 -1.238332 0.488766
-0.993942 -1.347621 0.064055
-1.001091 -1.399787 0.963530
-1.034708 -1.471682 -0.453245
-0.986087 -1.433311 1.583811
-1.086776 -1.556674 -0.542686
-1.022010 -1.425505 1.498122
-1.010322 -1.685596 -1.089034
-0.958306 -1.380004 1.959721
-1.016206 -1.409937 -0.877303
-1.016703 -1.190966 1.515691
-1.068241 -1.194031 -1.173311
-0.985990 -0.922833 1.514368
-1.048421 -0.701900 -1.203970
-0.947431 -0.620390 0.847367
-1.066476 -0.332015 -1.857885
-0.783454 -0.335875 0.773928
-0.873663 -0.212104 -1.778838
-0.721501 -0.286707 0.483546
-0.975146 -0.000922 -2.426781
-0.760385 -0.025133 0.788216
-0.992596 0.038178 -2.034806
-0.821872 0.051783 0.457889
-0.960117 0.249547 -2.432779
-0.827753 0.292206 0.550940
-0.974425 0.243713 -1.671402
-0.951955 0.306963 0.267832
-0.971221 0.422595 -1.373708
-0.942146 0.327304 -0.041083
-0.935496 0.180152 -0.795261
-0.764297 0.216945 -0.348630
-0.839026 -0.962885 0.121078
-0.936811 -0.997534 0.296048
-1.007062 -1.228982 -0.151444
-1.028457 -1.053256 0.649345
-1.174998 -1.227864 -0.266656
-1.151851 -1.039982 0.632540
-1.110534 -1.316091 -0.668783
-1.180033 -1.018580 1.142856
-1.225762 -1.206993 -0.631067
-1.155662 -0.889964 0.830827
-1.062978 -1.075364 -0.977235
-1.119073 -0.733936 1.035230
-1.104198 -0.721329 -0.916866
-1.057626 -0.517107 0.625408
-1.188691 -0.417749 -1.237106
-1.056489 -0.373177 0.297365
-1.263034 -0.192856 -1.041716
-1.012880 -0.253154 0.178382
-1.173381 -0.078162 -1.736341
-0.935034 -0.139322 0.108000
-1.082535 0.130436 -1.566681
-0.898842 0.053402 0.562592
-1.073467 0.398780 -2.369703
-0.911893 0.408644 0.475658
-0.982767 0.681447 -1.925275
-0.858929 0.929267 1.262496
-0.904267 1.048910 -1.933056
-0.855095 1.237101 0.783845
-0.943877 1.345788 -1.383549
-0.866511 1.170499 0.253312
-0.918914 1.030590 -0.706278
-0.822214 0.721152 -0.343385
-0.768845 -1.016071 -0.137401
-0.809264 -1.088999 0.054920
-0.904728 -1.151786 -0.055894
-0.983502 -1.101511 0.390763
-1.034616 -1.222025 -0.477987
-1.059658 -1.030714 0.850511
-1.122175 -1.150899 -0.382081
-1.169328 -0.999225 0.849453
-1.083963 -1.196161 -0.962204
-1.048835 -0.887847 1.295372
-1.008867 -0.978885 -0.791372
-1.059240 -0.780102 0.976811
-0.994877 -0.857541 -1.149452
-0.981306 -0.616945 1.123672
-1.059767 -0.395887 -0.761276
-1.061851 -0.379415 0.547723
-1.116252 -0.322915 -1.099208
-0.910914 -0.318950 0.477420
-1.009179 -0.141679 -0.714033
-0.826929 -0.252875 0.259673
-0.995467 -0.141937 -1.389099
-0.794233 -0.123001 0.731177
-1.117605 0.013009 -0.982752
-0.951032 -0.019094 0.277889
-0.920682 0.067271 -1.635347
-0.844113 0.143309 0.637571
-1.042983 0.180514 -1.141630
-1.044199 0.198109 0.210242
-0.986200 0.284715 -1.019292
-0.980861 0.249614 0.116477
-0.965487 0.210796 -0.581700
-0.801752 0.273447 -0.102522
-0.624389 -0.983327 -0.006383
-0.737085 -1.003414 0.107516
-0.768555 -1.118188 -0.319614
-0.817996 -0.956711 0.386808
-0.914354 -1.007910 -0.257289
-0.958893 -0.855742 0.379156
-0.920201 -0.970884 -0.575719
-0.986932 -0.779321 0.646838
-1.045706 -0.835102 -0.559256
-1.023853 -0.630819 0.560646
-0.895903 -0.732566 -0.876684
-0.892581 -0.555280 0.692827
-0.908813 -0.493552 -0.697593
-0.891165 -0.402513 0.466421
-0.951937 -0.242215 -0.775169
-0.913103 -0.266793 0.582676
-0.993843 -0.124015 -0.625088
-0.834336 -0.202759 0.367214
-0.910961 -0.060313 -1.064295
-0.811127 -0.151870 0.525763
-1.005772 0.086702 -1.043010
-0.847280 0.003555 0.307613
-1.066168 0.256808 -1.568846
-0.954513 0.278009 0.899060
-1.033501 0.379980 -1.306489
-0.952866 0.422327 0.712856
-0.993602 0.606169 -1.448898
-0.966245 0.784906 0.933648
-0.959609 0.766759 -0.809626
-0.877553 0.645914 0.295885
-0.914082 0.506757 -0.417050
-0.814442 0.463327 -0.175000
-0.491876 -0.988620 -0.220768
-0.511240 -1.050868 -0.115516
-0.514137 -1.055623 -0.178186
-0.526450 -0.977006 0.165391
-0.533580 -1.000283 -0.495576
-0.566005 -0.849651 0.419006
-0.618501 -0.828346 -0.315951
-0.683475 -0.750540 0.317161
-0.651326 -0.747432 -0.654700
-0.689140 -0.574521 0.599398
-0.627441 -0.581988 -0.565810
-0.660852 -0.482334 0.428053
-0.596576 -0.465662 -0.752996
-0.634854 -0.285372 0.626086
-0.671957 -0.213609 -0.479494
-0.711973 -0.198623 0.322553
-0.663752 -0.154115 -0.647905
-0.616063 -0.148281 0.554409
-0.667469 -0.092083 -0.383614
-0.694516 -0.119550 0.414034
-0.808940 -0.001292 -0.922751
-0.781377 0.078902 0.874180
-0.858470 0.050706 -0.467343
-0.902335 0.007334 0.509412
-0.887541 0.163759 -0.823974
-0.928819 0.174969 0.616940
-0.927176 0.158251 -0.505203
-0.977472 0.187597 0.364266
-0.901264 0.298587 -0.501424
-0.933381 0.279644 0.244573
-0.889971 0.241265 -0.176876
-0.723440 0.237443 0.070461
-0.323484 -0.905179 -0.138766
-0.376471 -0.931261 -0.070642
-0.299921 -0.970854 -0.378486
-0.315935 -0.853020 0.110119
-0.308666 -0.864760 -0.306854
-0.318846 -0.772886 0.128529
-0.267111 -0.777972 -0.457377
-0.313048 -0.675201 0.270538
-0.296338 -0.646505 -0.447768
-0.311824 -0.529369 0.324810
-0.226296 -0.509103 -0.624309
-0.247748 -0.418123 0.377878
-0.256399 -0.430552 -0.581247
-0.270442 -0.307648 0.292728
-0.304360 -0.269671 -0.557849
-0.372862 -0.194751 0.423053
-0.386781 -0.192359 -0.442266
-0.378279 -0.151626 0.387235
-0.413583 -0.136098 -0.553160
-0.513786 -0.036209 0.438417
-0.628488 0.002126 -0.366045
-0.730263 0.083353 0.348911
-0.685883 0.050082 -0.620731
-0.788953 0.127844 0.401212
-0.746529 0.126081 -0.445988
-0.860636 0.208152 0.301921
-0.784862 0.172119 -0.556566
-0.820043 0.315509 0.367072
-0.797589 0.284483 -0.437500
-0.786376 0.334346 0.146483
-0.736129 0.246396 -0.186473
-0.591706 0.276234 -0.025828
-0.196347 -0.928155 -0.350572
-0.154407 -0.980615 -0.201523
-0.038560 -0.991379 -0.335286
0.029782 -0.899239 -0.031358
0.090563 -0.926148 -0.486146
0.073277 -0.793730 0.148670
0.120978 -0.793099 -0.419482
0.096005 -0.669997 0.163472
0.086232 -0.676122 -0.550439
0.082143 -0.528661 0.197654
0.130878 -0.547298 -0.518105
0.127791 -0.392496 0.216811
0.149657 -0.460788 -0.652469
0.123064 -0.271502 0.253515
0.087736 -0.289153 -0.544535
-0.005752 -0.148510 0.232509
-0.004401 -0.182871 -0.496322
-0.085642 -0.106292 0.222996
-0.145807 -0.100285 -0.340280
-0.256804 0.014702 0.229317
-0.407684 0.011854 -0.493095
-0.503806 0.097224 0.316105
-0.518185 0.103325 -0.286589
-0.583527 0.080854 0.185968
-0.550079 0.122813 -0.421116
-0.571149 0.078349 0.215996
-0.576525 0.130661 -0.204056
-0.610274 0.074604 0.120948
-0.641840 0.160683 -0.332469
-0.694571 0.171218 0.161865
-0.684906 0.146445 -0.108666
-0.539497 0.143718 0.044352
-0.015774 -0.851004 -0.258138
-0.041504 -0.874038 -0.122290
0.106147 -0.882719 -0.428153
0.192473 -0.785775 -0.070348
0.260178 -0.762293 -0.380612
0.281338 -0.725111 0.004952
0.315831 -0.683196 -0.480582
0.352362 -0.594796 0.078008
0.343359 -0.566985 -0.407727
0.358139 -0.493072 0.102212
0.360971 -0.477913 -0.511854
0.383423 -0.405259 0.066534
0.326809 -0.388547 -0.388865
0.308054 -0.308738 0.086043
0.294979 -0.288479 -0.405381
0.299004 -0.197829 0.059659
0.230353 -0.204422 -0.178116
0.188532 -0.129420 0.073671
0.111424 -0.108440 -0.235398
0.057122 -0.006086 0.003985
-0.176174 0.035341 -0.120719
-0.337309 0.122377 -0.015855
-0.383576 0.126268 -0.146399
-0.414455 0.118394 -0.000692
-0.431068 0.152459 -0.090979
-0.444767 0.176277 0.022649
-0.434324 0.127101 -0.293141
-0.457437 0.228019 0.150509
-0.462417 0.161508 -0.231957
-0.513284 0.210559 0.037473
-0.535694 0.170367 -0.151318
-0.483150 0.156541 -0.074678
0.174765 -0.864223 -0.414987
0.236279 -0.950438 -0.266134
0.355205 -0.942010 -0.435030
0.429468 -0.842108 -0.141932
0.505093 -0.875886 -0.614814
0.536790 -0.740104 0.098964
0.573870 -0.768909 -0.550930
0.551879 -0.662634 0.064428
0.532899 -0.684162 -0.640191
0.538277 -0.574560 0.160538
0.541210 -0.587793 -0.514562
0.543789 -0.495639 0.067065
0.489797 -0.534422 -0.670043
0.479632 -0.422460 0.232443
0.460870 -0.440060 -0.461121
0.496497 -0.310493 0.095062
0.452801 -0.336017 -0.467750
0.453174 -0.217316 0.122993
0.387184 -0.180307 -0.192358
0.245054 -0.036756 -0.005164
0.058869 -0.012211 -0.221684
-0.068275 0.111265 -0.072368
-0.158187 0.154214 -0.009361
-0.228514 0.124075 0.059405
-0.301607 0.146706 -0.197150
-0.316747 0.139609 0.078822
-0.321935 0.147854 -0.199166
-0.405810 0.108353 0.076885
-0.428289 0.159319 -0.218528
-0.514038 0.152728 0.096119
-0.555298 0.101676 -0.140466
-0.430500 0.116524 0.066450
0.171622 -0.768485 -0.323177
0.216060 -0.807393 -0.301713
0.384042 -0.803900 -0.391905
0.472416 -0.701054 -0.254997
0.539001 -0.720232 -0.355520
0.581380 -0.676128 -0.192342
0.562292 -0.662084 -0.350180
0.554607 -0.598978 -0.082840
0.517233 -0.601543 -0.367875
0.533406 -0.544713 -0.103954
0.513342 -0.510315 -0.442903
0.530111 -0.459683 -0.026970
0.470021 -0.453281 -0.405786
0.448355 -0.396959 -0.044219
0.406200 -0.362254 -0.356096
0.437997 -0.265963 0.077045
0.418863 -0.248668 -0.330132
0.411707 -0.173255 -0.026159
0.371172 -0.135661 -0.237166
0.311617 0.028092 -0.087702
0.196360 0.061481 -0.076879
0.072600 0.141489 -0.156834
-0.073864 0.144574 -0.006906
-0.190398 0.209221 -0.161581
-0.329108 0.217988 -0.016209
-0.381511 0.243784 -0.122156
-0.429280 0.190643 -0.151768
-0.459802 0.238928 -0.091969
-0.525687 0.190182 -0.180855
-0.554550 0.211644 -0.109356
-0.569624 0.131387 -0.101068
-0.471224 0.140427 -0.143977
0.405372 -0.808808 -0.434081
0.494891 -0.882134 -0.426736
0.630053 -0.953047 -0.343101
0.679485 -0.825951 -0.337210
0.680844 -0.894063 -0.461631
0.632206 -0.756163 -0.139826
0.611831 -0.840747 -0.372117
0.587042 -0.711252 -0.160300
0.546692 -0.745125 -0.470715
0.529297 -0.668474 -0.096379
0.525976 -0.691996 -0.393112
0.518683 -0.596336 -0.177242
0.465330 -0.672453 -0.544688
0.389758 -0.584679 -0.091759
0.372977 -0.648072 -0.389777
0.379536 -0.465153 -0.177523
0.369902 -0.529581 -0.395281
0.328644 -0.407920 -0.102358
0.273123 -0.441657 -0.235542
0.228175 -0.244165 -0.247624
0.144790 -0.248932 -0.405213
0.022711 -0.052886 -0.175067
-0.088979 -0.040330 -0.244365
-0.236967 0.091140 -0.127105
-0.377643 0.086397 -0.395078
-0.458485 0.186900 -0.102555
-0.510760 0.180430 -0.214841
-0.586558 0.223929 -0.107717
-0.622333 0.238857 -0.191051
-0.659848 0.253174 0.002810
-0.632395 0.210159 -0.005939
-0.498185 0.210561 -0.002529
0.158022 -0.667913 -0.450523
0.270943 -0.692463 -0.327584
0.372451 -0.679649 -0.552988
0.469606 -0.628002 -0.248250
0.477809 -0.634775 -0.358124
0.520628 -0.597447 -0.205061
0.465533 -0.592672 -0.394682
0.466809 -0.572116 -0.195682
0.456902 -0.572180 -0.372517
0.474671 -0.526559 -0.214094
0.453993 -0.534729 -0.465351
0.442902 -0.486354 -0.210018
0.410354 -0.519134 -0.424978
0.376446 -0.430033 -0.206763
0.341969 -0.475264 -0.385082
0.336242 -0.398991 -0.097567
0.337007 -0.456926 -0.312072
0.320390 -0.319138 -0.232846
0.287147 -0.345332 -0.341931
0.212852 -0.214723 -0.165544
0.110626 -0.278824 -0.207976
0.026721 -0.036300 -0.098578
-0.086427 -0.004915 -0.198125
-0.176349 0.124338 -0.106257
-0.300399 0.095348 -0.091282
-0.364545 0.195279 -0.132497
-0.469551 0.168151 -0.110620
-0.505991 0.225614 -0.119168
-0.552234 0.243022 -0.057928
-0.564971 0.207548 -0.160368
-0.546359 0.229801 0.012381
-0.396776 0.192712 -0.173326
0.290762 -0.586275 -0.242820
0.288526 -0.639739 -0.156589
0.466335 -0.716797 -0.285258
0.511079 -0.597236 -0.129614
0.529751 -0.565991 -0.325949
0.486023 -0.462983 -0.071338
0.480714 -0.527839 -0.265090
0.433776 -0.473063 -0.082897
0.406101 -0.537461 -0.297670
0.399614 -0.464927 -0.078645
0.423503 -0.490183 -0.298937
0.423492 -0.416017 -0.142489
0.423571 -0.466977 -0.335977
0.369978 -0.411297 -0.080374
0.365288 -0.454835 -0.291702
0.350237 -0.332463 -0.121617
0.365240 -0.396863 -0.262698
0.314535 -0.341465 -0.135194
0.281409 -0.379008 -0.215126
0.176435 -0.280427 -0.218535
0.137977 -0.283178 -0.340322
0.052483 -0.184643 -0.232463
0.036044 -0.121799 -0.309541
-0.051818 -0.014506 -0.134099
-0.138631 0.005663 -0.285879
-0.218323 0.076968 -0.120676
-0.273445 0.136226 -0.212250
-0.332656 0.159046 -0.140141
-0.357678 0.222051 -0.151042
-0.388560 0.233641 -0.067934
-0.406955 0.256037 0.027430
-0.233476 0.211842 -0.043650
