0.564340 -0.618449 -0.788914
0.567777 -0.436499 -0.285705
0.625652 -0.476001 -0.263337
0.377289 0.440620 -0.237047
0.396268 -0.423839 0.115123
0.506906 0.537067 0.263545
0.451579 0.126350 0.764380
0.412784 0.790927 0.256014
0.488754 0.523596 0.167750
0.438071 0.773429 0.246862
0.212080 0.504406 0.980501
0.495052 0.320600 0.564151
-0.098441 0.646663 1.200089
0.430627 -0.091412 0.374916
0.135299 0.695406 0.983542
0.593825 -0.677692 -0.389565
0.584688 -0.683563 -0.869783
0.558609 -0.586971 -0.212245
0.427253 0.749997 0.123722
0.041570 0.365593 -0.441382
0.462222 -0.313880 -0.149026
0.396445 0.572373 0.411555
0.463179 0.250669 -0.057948
0.361423 -0.276727 -1.151393
0.161478 -0.080579 0.991017
0.581174 0.032813 0.531245
-0.115663 0.987797 0.274828
0.515422 -0.431386 0.013744
-0.779624 0.793593 -0.010428
0.695284 -0.552730 -0.364860
-0.106360 0.045574 -0.478601
0.673576 -0.078008 -0.459429
0.387318 0.282164 -0.202069
0.700895 -0.243014 -0.608604
0.506428 -0.026063 -0.256408
0.565430 0.401999 0.244720
0.512873 -0.481957 -0.314233
0.561320 0.080454 -0.526024
0.509668 0.163868 0.474264
0.237807 0.452079 -0.420597
0.320961 0.431022 0.718706
0.418141 0.370340 0.676502
0.315440 -0.383597 0.411693
0.363183 -0.719994 -1.377191
0.321063 0.129774 -0.524582
0.652344 -0.425160 -0.449716
-0.499766 -0.372322 0.525656
0.546978 0.206191 0.567172
0.093734 0.363119 -0.354698
0.457871 0.014110 0.551876
0.508689 -0.244563 0.064966
0.642618 0.349808 0.208262
0.434535 0.476675 0.463554
-0.098385 -0.053602 1.025617
0.234305 -0.160055 0.637292
0.489306 -0.267971 0.071481
0.576391 -0.396501 -0.474226
0.525583 0.615939 0.477761
-0.533761 0.428900 -0.160019
0.452502 0.103359 -0.069571
0.127956 -0.168095 -0.712064
0.159004 0.641348 -0.317214
0.168519 -0.662726 0.095722
0.409852 -0.348301 0.139506
0.401046 -0.556097 -0.412778
0.424662 -0.503249 -1.192762
0.240248 0.641756 0.947803
0.381595 -0.004358 0.756204
0.001510 0.940616 0.749770
-0.433962 0.464590 1.208766
0.469761 0.527987 0.405997
0.441943 0.083284 -0.123947
-0.262737 0.204997 1.089046
0.585278 -0.029973 0.412114
0.419444 0.159019 -0.117121
0.635685 -0.242161 -0.343000
0.536349 -0.012692 0.465096
0.639426 -0.326462 -0.284683
0.428273 -0.224870 0.488729
0.500830 0.702495 0.096988
0.580898 -0.414829 -0.027159
-0.424686 -0.125428 0.762404
0.481138 0.224537 -0.004165
-0.807056 0.216385 1.045750
0.553411 -0.672119 -0.510143
0.355797 -0.200043 -0.872725
0.591507 -0.585736 -0.451528
0.582980 -0.232765 -0.477137
-0.116059 0.896986 0.057185
0.645514 -0.201029 -0.387838
-0.774991 -0.090039 0.844936
0.552597 -0.365336 -0.205493
0.097846 0.470046 1.034721
0.072196 0.143708 0.977481
0.322016 0.314453 0.413162
0.419634 0.126829 0.591701
0.493319 -0.586988 -0.034961
0.500872 -0.110552 -0.800222
0.704576 -0.293724 -0.033236
0.277477 -0.408201 -1.032700
-0.300385 0.467883 1.191401
0.303088 0.791471 0.362042
0.704683 -0.468573 -0.560081
0.303105 -0.304300 0.502051
0.581450 -0.259189 -0.797278
0.322320 0.450140 -0.201557
0.142523 0.980354 0.494023
0.355873 0.584964 -0.195913
0.528540 0.024566 0.553424
0.476555 -0.160801 -0.891657
-0.396804 1.021202 0.443011
0.644600 -0.547284 -0.738191
0.433035 -0.186637 0.283269
0.504893 0.007069 0.367697
0.604526 -0.510954 -0.319053
-0.177199 -0.033870 -0.410432
0.001181 -0.448279 0.710446
0.560454 -0.089265 -0.348965
0.450497 -0.076370 -0.314852
-0.281994 0.400120 -0.252713
0.580426 -0.399843 -0.108643
0.445033 -0.398673 0.150099
0.455678 -0.953655 -1.273416
0.556863 0.404547 0.245929
0.604998 -0.064447 0.122797
0.481895 0.478061 0.241527
0.628765 0.035024 -0.430293
0.457684 0.373281 0.683701
0.574033 -0.596695 -0.421822
-0.514854 0.132038 -0.306498
0.571856 0.342200 0.088244
0.347179 -0.919126 -1.132200
0.111662 0.772429 -0.029858
0.421221 0.646508 0.336798
0.285912 -0.540307 -1.052340
0.499291 -0.247763 0.316802
0.472314 0.339869 0.368103
0.269563 0.704554 0.818448
0.168651 -0.348077 -0.674149
0.173510 0.786345 0.003550
0.462316 -0.631167 -1.234072
0.005357 0.619683 -0.266165
-0.369358 -0.051904 0.842954
0.414956 0.293449 -0.467614
0.422469 0.144139 0.787523
0.571018 -0.234714 0.041424
0.003120 -0.068939 -0.513788
-0.235693 -0.085421 0.846669
-0.023339 0.871011 0.737408
0.416908 0.629652 0.106935
0.516135 -0.299989 -0.361213
0.510268 0.435712 0.061398
0.621412 0.028532 -0.281103
0.480889 -0.501534 -1.296125
0.250944 -0.712023 -1.417821
0.235600 0.061958 0.865910
0.379325 0.455053 0.277794
-0.298161 0.774384 -0.067325
0.553816 -0.688927 -0.568263
-0.079330 0.305743 1.163854
-0.376326 -0.123802 -0.348503
0.264250 -0.205317 -0.451978
0.568053 0.280327 0.218476
0.404963 0.153719 0.721179
0.517424 0.382022 -0.100672
0.485320 0.478327 0.214797
0.598726 -0.460310 -0.227321
0.535802 0.347551 0.086387
0.585683 0.332907 0.237569
0.381381 -0.542937 -0.856178
0.301745 0.478550 0.368578
-0.142620 0.584692 1.110858
0.150727 0.165671 1.092508
0.413714 0.645797 0.302124
0.529016 -0.255292 -0.538131
0.472778 0.539737 0.598612
0.489811 0.490631 0.254293
0.585586 -0.315645 -0.356668
0.521560 -0.552248 -0.043405
0.587147 0.013884 0.297170
0.455283 0.573605 0.355922
0.416771 0.768177 0.033549
0.429650 0.561328 0.148542
0.512830 0.245006 0.081508
0.441087 -0.022418 0.630033
0.604046 -0.413740 -0.260008
0.331417 0.331319 0.308055
-0.136727 0.182234 -0.403944
0.428200 -0.030679 0.390742
0.320024 0.102834 -0.615896
0.310636 -0.006646 -0.898538
0.635965 0.208516 -0.110162
0.589453 -0.612978 -0.584674
0.353156 0.168320 -0.708881
-0.582555 0.300880 1.202800
0.465980 0.134973 0.501651
0.618376 -0.371816 -0.457387
0.518547 -0.375107 -0.178232
-0.007983 -0.685261 -0.107461
0.539518 -0.131700 -0.174497
0.481630 0.419074 0.476506
0.138516 0.815111 0.281609
0.447095 0.439896 0.364875
0.126328 0.225617 0.967943
0.566914 -0.706645 -0.492911
0.469841 0.514315 0.411715
-0.023650 0.154107 -0.451100
0.458484 0.148091 0.646119
-0.098287 -0.199602 0.763336
0.664154 -0.541754 -0.453907
0.460944 0.549448 0.118507
0.556971 0.312296 0.295821
0.538847 0.481702 -0.052679
0.433989 0.304354 0.612375
-0.345578 0.645369 1.125279
0.189015 -0.594021 -0.829385
0.393058 0.479924 -0.315406
0.533499 0.041638 -0.327769
0.199159 0.153003 -0.656482
0.482564 0.408824 0.667034
0.366152 -0.174010 -0.875310
-0.119415 0.856413 0.847531
-0.764724 0.450107 -0.187154
0.210599 -0.387793 0.365610
-0.649497 0.119125 1.039732
0.543032 0.139600 0.308871
0.445792 -0.853258 -0.607428
0.066006 -0.243028 -0.589541
0.520084 -0.229333 0.240348
0.540227 -0.850214 -0.882731
0.510253 0.477955 0.451572
0.581429 -0.348293 -0.712320
0.027957 -0.445500 -0.446803
0.120320 -0.058911 -0.645014
0.599361 -0.288018 -0.679760
0.611866 -0.099884 -0.294685
0.187369 -0.549789 0.310293
0.449313 0.625230 0.489338
-0.175868 -0.256208 -0.349794
0.054948 0.673870 0.053381
0.542875 0.350878 -0.431922
-0.130569 -0.293927 0.489673
0.613094 -0.651676 -0.156436
0.554700 0.539817 0.460813
-0.068221 -0.249846 -0.575025
0.250289 0.300689 0.909229
-0.642346 0.591722 1.155737
0.635576 -0.236183 -0.141403
0.538438 -0.043655 -0.389404
-0.325703 -0.330888 -0.115328
0.263184 -0.650949 -1.055475
0.762608 -0.518781 -0.368646
0.013893 -0.646442 -0.631957
-0.000540 1.048481 0.625485
0.334592 0.570057 0.010292
0.355159 -0.197577 0.565408
-0.175793 -0.292603 -0.227363
-0.232163 -0.150182 0.240812
-0.299291 -0.146897 -0.455936
-0.389589 -0.140434 0.417592
-0.573529 -0.099400 -0.354007
-0.711017 -0.023749 0.294253
-0.782554 -0.018789 -0.486038
-0.827447 0.097629 0.327127
-0.919122 0.049250 -0.361309
-0.949467 0.149746 0.351952
-0.945303 0.071222 -0.302626
-0.955272 0.255456 0.668204
-1.007692 0.228313 0.131879
-1.002114 0.361577 0.746742
-1.052680 0.310800 0.463848
-1.163346 0.366007 0.844415
-1.350530 0.410492 0.624767
-1.379300 0.524954 0.859843
-1.422199 0.589392 0.479358
-1.428057 0.649259 0.988039
-1.535664 0.660300 0.628108
-1.481226 0.739496 1.020705
-1.410246 0.788656 0.246050
-1.259162 0.873709 1.266936
-1.284325 0.909822 0.600155
-1.081065 0.989998 1.203196
-0.982615 1.087196 0.397579
-0.794397 1.023411 1.305385
-0.824772 1.079078 0.653166
-0.584694 1.067142 1.007603
-0.403072 1.262786 0.356033
-0.222277 1.198756 0.655144
-0.321477 -0.246946 -0.286917
-0.391498 -0.168912 0.068951
-0.523927 -0.271233 -0.132535
-0.586272 -0.252481 0.152175
-0.680301 -0.211687 -0.396370
-0.776440 -0.079752 0.311320
-0.918366 -0.055614 -0.290421
-1.002797 0.019048 0.209771
-1.088493 -0.001732 -0.387247
-1.134475 0.119841 0.343822
-1.155114 0.111840 0.048640
-1.153160 0.230148 0.468932
-1.122781 0.314691 0.293538
-1.142321 0.433191 0.759640
-1.210832 0.495310 0.791491
-1.242793 0.491122 0.931558
-1.397185 0.537983 0.814992
-1.625910 0.539764 1.102657
-1.663527 0.637452 0.931521
-1.732181 0.770976 1.053679
-1.732171 0.759692 0.778696
-1.790722 0.792723 1.256302
-1.725011 0.822707 1.030350
-1.626576 0.855765 1.122830
-1.456954 1.071612 0.590106
-1.299627 0.929774 1.342246
-1.176730 1.088952 1.008045
-1.013286 0.857616 1.245791
-0.860767 1.064448 0.637624
-0.699879 0.829252 1.340143
-0.449094 0.840294 1.315637
-0.166094 0.806049 1.284664
-0.412341 -0.213486 -0.040302
-0.537397 -0.192745 0.027763
-0.581926 -0.211341 -0.284999
-0.604554 -0.194474 0.197871
-0.729939 -0.150039 -0.161662
-0.802968 -0.101743 -0.074899
-0.875051 -0.060242 -0.199839
-0.949259 0.026416 0.032926
-1.039748 0.035841 0.033065
-1.023277 0.113426 0.073212
-1.070174 0.123229 0.233160
-1.135615 0.224903 0.407439
-1.308761 0.291623 0.640243
-1.502173 0.322601 0.723718
-1.804712 0.429117 0.788831
-2.025764 0.494350 0.940342
-2.307265 0.669453 0.998597
-2.318298 0.711181 0.974791
-2.357226 0.878048 0.858456
-2.195405 0.867283 0.984932
-2.291425 0.965928 1.036854
-2.108115 0.965176 0.856467
-2.073989 1.049810 0.701615
-1.804814 1.046617 0.872420
-1.766306 1.148050 0.910673
-1.464190 1.079892 0.803298
-1.285664 1.195222 0.601871
-1.038000 1.107562 1.030484
-0.946503 1.181482 0.817208
-0.700511 1.157018 0.979898
-0.580032 1.184534 0.677420
-0.348856 1.214505 0.638493
-0.349295 -0.189126 -0.169865
-0.469655 -0.192396 0.045808
-0.491941 -0.220310 -0.077371
-0.557176 -0.254511 0.019854
-0.573712 -0.226364 -0.245039
-0.721350 -0.179204 0.155103
-0.820922 -0.156736 -0.094594
-0.950551 -0.145698 0.066156
-1.011965 -0.086294 -0.165174
-1.056121 -0.030759 0.236113
-1.156558 0.049392 0.186973
-1.201970 0.082206 0.402072
-1.205271 0.256288 0.423766
-1.293044 0.297017 0.728299
-1.436868 0.485328 0.846130
-1.604820 0.441393 0.927488
-1.684098 0.589268 0.868348
-1.918890 0.550980 1.085979
-1.867149 0.642762 0.959110
-1.956719 0.737029 0.991694
-1.776730 0.824263 0.621910
-1.838673 0.789649 1.078757
-1.792503 0.903760 0.722171
-1.786673 0.947620 0.975683
-1.551556 1.126032 0.369985
-1.423419 0.997697 1.143846
-1.312764 1.122722 0.671247
-1.085677 0.957474 1.174943
-0.862089 1.187794 0.425007
-0.704456 1.062208 1.326572
-0.500251 1.145215 0.852124
-0.306234 1.049885 1.208691
-0.364583 -0.251292 -0.093945
-0.496219 -0.246854 -0.071465
-0.464807 -0.241460 -0.226822
-0.474936 -0.245534 0.095899
-0.527284 -0.249555 -0.099789
-0.643697 -0.247915 -0.010867
-0.745602 -0.225679 -0.048811
-0.827818 -0.186015 0.072072
-0.907084 -0.151994 0.071724
-0.919381 -0.055270 0.123109
-0.989159 0.078854 0.245435
-1.160300 0.170861 0.499591
-1.297384 0.295531 0.669067
-1.608811 0.305623 0.782157
-1.845531 0.500957 0.795893
-2.179635 0.569690 0.989213
-2.296375 0.765555 0.916287
-2.376024 0.726061 1.034957
-2.328007 0.917589 0.780406
-2.264732 0.870639 0.935573
-2.136833 0.998592 0.768083
-2.001727 0.979325 0.936410
-1.928360 1.111572 0.547446
-1.860868 1.059017 0.737378
-1.658726 1.086105 0.740702
-1.539236 1.031968 0.825854
-1.353265 1.088347 0.614434
-1.259118 1.075019 0.828161
-1.015252 1.120612 0.816865
-0.900453 1.123330 1.162764
-0.744844 1.216133 0.935891
-0.553803 1.269295 0.970424
-0.321342 -0.228790 -0.226325
-0.443002 -0.227255 -0.148365
-0.453813 -0.260788 -0.121227
-0.490060 -0.276410 -0.149798
-0.491722 -0.293651 -0.220955
-0.622790 -0.246457 -0.031454
-0.714603 -0.239730 -0.097286
-0.869833 -0.225130 -0.025176
-0.893304 -0.184866 -0.125731
-0.956027 -0.104498 0.176151
-0.971697 0.050097 0.277482
-1.048409 0.080823 0.397919
-1.094831 0.243377 0.400275
-1.294025 0.276898 0.749175
-1.391331 0.444157 0.707238
-1.683216 0.435798 0.908594
-1.608903 0.565375 0.640850
-1.787925 0.591542 1.090602
-1.640145 0.706255 0.617873
-1.752895 0.693569 0.957924
-1.604845 0.831392 0.422790
-1.642807 0.837632 0.946417
-1.510060 0.958360 0.482164
-1.576090 0.926277 0.847979
-1.387777 1.047724 0.409753
-1.353715 1.013816 0.930708
-1.250834 1.089356 0.635995
-1.195552 1.045013 0.892047
-1.035640 1.174777 0.637973
-0.890289 1.068554 1.047439
-0.735915 1.128217 0.879151
-0.506051 1.114219 1.076561
-0.240862 -0.262078 -0.238232
-0.357469 -0.254070 -0.283490
-0.370878 -0.252992 -0.439621
-0.378209 -0.284391 -0.062862
-0.419632 -0.278170 -0.257692
-0.511777 -0.289279 -0.069607
-0.575563 -0.284274 -0.314663
-0.676378 -0.269369 0.178941
-0.742880 -0.174920 -0.073457
-0.760983 -0.089350 0.141555
-0.832754 0.087538 0.035855
-0.988131 0.174451 0.630990
-1.170583 0.324238 0.494116
-1.456859 0.316069 0.834137
-1.586210 0.470950 0.494632
-1.795174 0.514097 1.055475
-1.836569 0.651372 0.619660
-1.860332 0.670313 0.968498
-1.827131 0.753892 0.277610
-1.782071 0.730319 1.078057
-1.748929 0.906914 0.386806
-1.647524 0.885074 0.976747
-1.546326 1.021286 0.167697
-1.449059 0.981353 1.005008
-1.444735 1.062411 0.471663
-1.318081 1.040330 0.871585
-1.218817 1.078162 0.349528
-1.154947 1.097122 0.886901
-1.109638 1.177350 0.710414
-1.009677 1.160519 0.914410
-0.833479 1.158845 0.747838
-0.616584 1.192569 0.787359
-0.216074 -0.292305 -0.530191
-0.309986 -0.322474 -0.366394
-0.307052 -0.394769 -0.500240
-0.332673 -0.345844 -0.267693
-0.316953 -0.388428 -0.709431
-0.362192 -0.268314 -0.015633
-0.415561 -0.305247 -0.452729
-0.558977 -0.265015 0.004855
-0.591204 -0.260801 -0.567392
-0.671339 -0.107150 0.380958
-0.743576 -0.007513 0.031280
-0.899497 0.064115 0.519599
-0.899460 0.168602 0.073653
-1.069412 0.237618 0.927670
-1.152251 0.252956 0.337664
-1.387465 0.345181 1.013295
-1.254004 0.432565 0.226893
-1.346447 0.553662 1.190582
-1.294373 0.578210 0.405736
-1.368722 0.595249 1.119169
-1.172259 0.749539 -0.001960
-1.158173 0.798540 1.217343
-1.143860 0.900988 0.115811
-1.093009 0.878711 1.144635
-0.939284 1.005675 0.031130
-0.936989 1.022570 1.216972
-0.983429 1.072221 0.356178
-0.940273 1.059734 1.041628
-0.835940 1.190259 0.429740
-0.824937 1.142836 1.078661
-0.770691 1.157264 0.727015
-0.519177 1.107922 0.923721
-0.223225 -0.442555 -0.427494
-0.288113 -0.395499 -0.366980
-0.262463 -0.424752 -0.768398
-0.254619 -0.396508 -0.221637
-0.249243 -0.443524 -0.684370
-0.298931 -0.319549 -0.144687
-0.296329 -0.345064 -0.787161
-0.416178 -0.282265 0.120875
-0.519528 -0.250780 -0.347088
-0.566121 -0.100835 0.148478
-0.607491 -0.022039 -0.154221
-0.750578 0.114924 0.603090
-0.901487 0.170026 0.282419
-1.069916 0.256214 0.808865
-1.163715 0.343356 0.323795
-1.274539 0.441802 0.880914
-1.338444 0.538124 0.437715
-1.298525 0.581675 0.967646
-1.256180 0.699982 0.313395
-1.286946 0.706000 0.934526
-1.317031 0.891952 0.379157
-1.229126 0.894386 1.135062
-1.158336 1.031880 0.348282
-1.129999 0.969163 1.005225
-1.042961 1.062660 0.496090
-0.968903 1.053666 1.089648
-0.899007 1.191289 0.443005
-0.980440 1.154162 0.956062
-0.855234 1.232600 0.717766
-0.809696 1.176499 1.011788
-0.619261 1.179782 0.883394
-0.513964 1.204318 0.902654
-0.266069 -0.525660 -0.769324
-0.290652 -0.578984 -0.620829
-0.237089 -0.709227 -0.884206
-0.228819 -0.591050 -0.514581
-0.202297 -0.735960 -1.251158
-0.218729 -0.469741 -0.179121
-0.171065 -0.562996 -1.013567
-0.283045 -0.368181 -0.122798
-0.269606 -0.482176 -1.052122
-0.369331 -0.184354 0.287382
-0.394195 -0.192246 -0.427776
-0.554061 -0.019869 0.361399
-0.535156 -0.051476 -0.277009
-0.657626 0.036068 0.766414
-0.736502 0.091988 -0.089302
-0.964578 0.216649 0.861861
-0.896605 0.304316 -0.077991
-0.978450 0.322259 1.063228
-0.928857 0.447543 0.054005
-1.039387 0.455503 1.136171
-0.975128 0.594076 0.060155
-0.941840 0.636786 1.255724
-0.900096 0.818737 0.173464
-0.892491 0.804930 1.108302
-0.774307 0.990942 0.212830
-0.700304 0.920961 1.157118
-0.687917 1.104714 0.434852
-0.760788 1.025919 0.975631
-0.692811 1.198889 0.613057
-0.686533 1.125246 0.974775
-0.599495 1.190680 0.816281
-0.366945 1.114544 0.965290
-0.137244 -0.627883 -0.650364
-0.208358 -0.638796 -0.553461
-0.168039 -0.701863 -1.144291
-0.143993 -0.649535 -0.397962
-0.189020 -0.682078 -1.137662
-0.226171 -0.528864 -0.214622
-0.200150 -0.569179 -1.292550
-0.239805 -0.433542 -0.015875
-0.289523 -0.446413 -0.913265
-0.340680 -0.194587 0.234228
-0.308318 -0.210844 -0.575727
-0.431532 -0.012152 0.552481
-0.497782 -0.004944 -0.177539
-0.629182 0.161067 0.744064
-0.679794 0.178694 -0.161924
-0.807766 0.321284 0.881711
-0.855643 0.364021 -0.072261
-0.885850 0.448308 0.965599
-0.873504 0.478340 -0.097082
-0.951836 0.641973 1.180035
-0.960334 0.769353 0.082245
-0.945545 0.859731 1.220584
-0.834187 0.916286 0.037343
-0.746910 0.965162 1.374448
-0.667864 1.034350 0.153892
-0.640741 1.037419 1.195795
-0.586592 1.133740 0.242160
-0.617067 1.118323 1.146121
-0.584946 1.258327 0.559631
-0.556903 1.229909 0.976206
-0.451193 1.250480 0.738770
-0.300257 1.190031 0.821150
-0.101464 -0.775173 -0.980852
-0.084903 -0.890504 -0.809216
-0.035005 -1.022313 -1.181862
-0.015785 -0.904183 -0.601434
-0.031896 -1.039260 -1.588297
-0.095950 -0.750394 -0.299473
-0.098218 -0.841875 -1.462827
-0.166835 -0.567696 -0.115779
-0.118665 -0.777550 -1.504740
-0.187214 -0.352944 0.112252
-0.172212 -0.556492 -1.057761
-0.304742 -0.140683 0.462443
-0.234442 -0.327668 -0.755324
-0.362813 -0.081705 0.808333
-0.368407 -0.193393 -0.461438
-0.479909 0.082717 0.876313
-0.398412 0.096713 -0.337898
-0.528955 0.236434 0.987857
-0.572999 0.268000 -0.240043
-0.672482 0.442359 1.100881
-0.620601 0.524761 -0.217863
-0.673558 0.674055 1.366421
-0.661643 0.750687 -0.071461
-0.600212 0.775512 1.330436
-0.418194 0.963291 -0.088425
-0.423474 0.934553 1.290082
-0.400288 1.108451 0.174082
-0.440858 1.076648 1.170579
-0.408343 1.255264 0.386592
-0.459122 1.152494 1.028597
-0.384362 1.261443 0.643308
-0.253285 1.096197 0.774517
0.040663 -0.786883 -0.736832
-0.022228 -0.855179 -0.689739
0.032285 -0.905552 -1.262010
0.017306 -0.844252 -0.509594
-0.096072 -0.834763 -1.285267
-0.130746 -0.740182 -0.300429
-0.180529 -0.758683 -1.475829
-0.188910 -0.624298 -0.185107
-0.222835 -0.630474 -1.227823
-0.222485 -0.375682 0.149638
-0.190749 -0.462480 -0.939098
-0.247478 -0.194569 0.446055
-0.262886 -0.233793 -0.625798
-0.336909 0.029084 0.740733
-0.310640 -0.034873 -0.417065
-0.402886 0.154505 0.770809
-0.413170 0.130419 -0.351419
-0.450230 0.329367 1.027385
-0.452793 0.355572 -0.219839
-0.594994 0.573536 1.068717
-0.645036 0.657948 -0.121749
-0.616757 0.834987 1.298143
-0.456576 0.909651 0.053338
-0.447723 0.960045 1.276009
-0.350402 1.039266 0.170608
-0.342409 1.067456 1.494387
-0.284529 1.165795 0.260912
-0.370648 1.143405 1.225626
-0.283518 1.262859 0.389033
-0.289295 1.201933 1.066248
-0.211393 1.331678 0.724568
-0.156185 1.255280 0.895060
0.103447 -0.875997 -1.031230
0.116896 -1.062908 -0.924485
0.184915 -1.158614 -1.206986
0.213520 -1.078797 -0.709627
0.164104 -1.142994 -1.624522
0.044019 -0.908389 -0.470762
-0.002376 -1.002665 -1.543686
-0.069828 -0.736152 -0.160878
-0.014147 -0.931376 -1.631484
-0.058082 -0.560759 -0.074493
0.003891 -0.805043 -1.350971
-0.095485 -0.341579 0.450782
-0.034766 -0.600294 -1.079508
-0.106884 -0.202389 0.624725
-0.052800 -0.383914 -0.793094
-0.179111 -0.033445 0.834222
-0.101604 -0.104566 -0.619707
-0.197271 0.134980 0.855395
-0.155609 0.105380 -0.589284
-0.359076 0.364009 1.079828
-0.375544 0.420980 -0.396598
-0.402612 0.533900 1.285107
-0.378109 0.621037 -0.207925
-0.396090 0.693871 1.285083
-0.239936 0.917225 -0.039886
-0.235736 0.858334 1.280807
-0.214070 1.143481 0.210321
-0.284563 0.979034 1.172162
-0.197072 1.230453 0.497748
-0.223220 1.091006 0.993799
-0.170409 1.236843 0.623752
-0.067110 1.078744 0.792166
0.225217 -0.836884 -0.854631
0.145400 -0.968824 -0.650241
0.196940 -0.910042 -1.412467
0.155924 -0.903044 -0.413605
0.091299 -0.849226 -1.489277
0.097355 -0.746651 -0.146331
0.014975 -0.721227 -1.651068
-0.017472 -0.589350 -0.032263
-0.090732 -0.572221 -1.349725
-0.021749 -0.425245 0.264991
0.011827 -0.538039 -1.241658
0.021076 -0.332523 0.401371
-0.021065 -0.362246 -0.958590
-0.023917 -0.156218 0.734917
0.083143 -0.223954 -0.793286
0.032545 -0.015190 0.674848
0.056285 -0.034825 -0.700777
-0.052158 0.203880 0.946678
-0.048766 0.219475 -0.546402
-0.181667 0.457418 1.073665
-0.249541 0.529451 -0.472233
-0.290500 0.693306 1.332369
-0.176355 0.758957 -0.293865
-0.195232 0.858673 1.389400
-0.130667 0.977244 -0.069302
-0.160545 1.002524 1.279958
-0.132627 1.203156 0.072314
-0.138674 1.088756 1.106451
-0.072253 1.256713 0.416551
-0.046898 1.146189 0.966621
-0.012042 1.194801 0.626893
0.053065 1.148500 0.742390
0.223928 -0.919668 -1.110033
0.236730 -1.121620 -0.885289
0.313448 -1.157317 -1.327197
0.329584 -1.077881 -0.552893
0.308837 -1.077477 -1.782500
0.308790 -0.875023 -0.248215
0.269660 -0.943802 -1.627556
0.170379 -0.721757 -0.101645
0.121115 -0.872585 -1.781597
0.128347 -0.578092 0.137689
0.192525 -0.813356 -1.470165
0.115577 -0.445095 0.390666
0.151166 -0.658254 -1.322048
0.166116 -0.281775 0.557235
0.288957 -0.499272 -1.087710
0.226501 -0.108125 0.663816
0.301203 -0.265452 -0.841926
0.211448 0.054627 0.706514
0.283436 -0.046356 -0.802426
0.122138 0.326844 0.934721
0.156995 0.317131 -0.607398
0.024134 0.552734 1.130420
0.087173 0.568803 -0.480450
0.007337 0.704177 1.170394
0.087320 0.868431 -0.170293
0.021571 0.899760 1.094939
0.082652 1.053337 0.049147
0.025408 0.970033 0.979529
0.058792 1.142801 0.253118
-0.008029 1.051498 0.776585
0.029284 1.166942 0.498811
0.086565 0.994614 0.497954
0.270936 -0.885538 -0.855042
0.217400 -1.032132 -0.780324
0.298602 -0.947001 -1.312937
0.314561 -0.926581 -0.456707
0.285976 -0.851222 -1.372742
0.270637 -0.739765 -0.176453
0.181549 -0.703133 -1.546938
0.155532 -0.598196 0.034273
0.064404 -0.573001 -1.462098
0.111634 -0.420029 0.327801
0.147280 -0.489551 -1.322416
0.203234 -0.282424 0.504896
0.242814 -0.360901 -1.237790
0.276447 -0.134500 0.623974
0.368158 -0.219551 -1.027955
0.360952 -0.008150 0.631101
0.404273 -0.082725 -0.907352
0.337711 0.130617 0.769841
0.366409 0.107555 -0.691239
0.303365 0.347353 0.789007
0.317113 0.344149 -0.567261
0.209428 0.600564 1.029926
0.249000 0.622088 -0.371837
0.161704 0.787731 1.005122
0.153478 0.855843 -0.173099
0.112848 0.936039 1.193363
0.159109 1.049309 0.041304
0.140665 1.055339 0.953116
0.166966 1.125916 0.128523
0.191981 1.095908 0.769784
0.196113 1.149567 0.446195
0.212026 1.120489 0.579825
0.319378 -0.938872 -1.000531
0.366561 -1.137241 -0.932826
0.454923 -1.130282 -1.057987
0.532821 -1.074635 -0.662923
0.481782 -1.068240 -1.449079
0.479733 -0.872981 -0.289638
0.393330 -0.870950 -1.409948
0.351728 -0.709723 -0.168845
0.295016 -0.837340 -1.580594
0.360729 -0.574268 0.081495
0.382264 -0.740905 -1.436330
0.374950 -0.402508 0.372279
0.376452 -0.581246 -1.428565
0.390905 -0.217975 0.461962
0.476766 -0.435664 -1.197736
0.475256 -0.080182 0.490251
0.538753 -0.271864 -1.042043
0.508990 0.020323 0.478710
0.568931 -0.116845 -0.825359
0.506079 0.214601 0.618384
0.500572 0.153996 -0.650104
0.427755 0.476902 0.793511
0.416104 0.439520 -0.536512
0.290385 0.646469 0.797179
0.247286 0.693744 -0.217306
0.193614 0.822004 0.745193
0.191233 0.914168 -0.037566
0.160379 0.889646 0.709750
0.175563 0.991441 0.163343
0.140793 1.039367 0.617980
0.144421 1.066003 0.377348
0.215549 0.982340 0.349319
0.374845 -0.853106 -0.736070
0.328749 -1.016407 -0.603571
0.387642 -0.805843 -1.263379
0.455821 -0.857371 -0.423962
0.453304 -0.699267 -1.260816
0.477895 -0.651064 -0.221074
0.381224 -0.569617 -1.615499
0.406608 -0.549098 -0.108481
0.358336 -0.480079 -1.367990
0.425346 -0.389534 0.131871
0.436430 -0.395173 -1.361545
0.519501 -0.261073 0.181565
0.456882 -0.305452 -1.094776
0.481734 -0.093563 0.373914
0.486055 -0.190426 -1.055380
0.571347 -0.019061 0.290313
0.569945 -0.119291 -0.780365
0.537213 0.062250 0.385619
0.584848 0.030188 -0.598026
0.603534 0.217243 0.360040
0.585856 0.222283 -0.337586
0.482660 0.437895 0.563335
0.440378 0.482187 -0.292601
0.405526 0.641470 0.662804
0.361539 0.674368 -0.186194
0.298659 0.769537 0.638235
0.257541 0.847585 -0.156123
0.255613 0.861513 0.590068
0.237243 0.955345 0.035915
0.274301 1.016238 0.559459
0.254140 1.065965 0.276437
0.288711 1.052115 0.331218
0.451932 -0.856815 -0.946183
0.439996 -1.060783 -0.678881
0.532692 -1.005703 -1.051574
0.573496 -0.949266 -0.426603
0.525444 -0.848186 -1.531026
0.570412 -0.732441 -0.175512
0.605594 -0.671315 -1.427421
0.570035 -0.607396 -0.185236
0.476004 -0.702051 -1.658638
0.524646 -0.506599 0.038071
0.597253 -0.644012 -1.338912
0.576348 -0.418645 0.075732
0.512751 -0.548811 -1.335425
0.525555 -0.276381 0.220129
0.566237 -0.425104 -1.060217
0.590339 -0.150643 0.133261
0.567088 -0.305769 -1.079899
0.556618 -0.080939 0.131404
0.625617 -0.218108 -0.776518
0.616943 0.073360 0.146834
0.585111 0.081710 -0.420290
0.545954 0.332435 0.289656
0.539942 0.348637 -0.222384
0.481554 0.539570 0.279702
0.417846 0.561421 -0.114963
0.366695 0.686720 0.349949
0.335424 0.709488 0.003355
0.277153 0.750921 0.300920
0.244608 0.809225 0.059208
0.211039 0.855004 0.282003
0.194738 0.901394 0.279400
0.241920 0.821174 0.074135
0.469785 -0.816490 -0.670594
0.457965 -0.918524 -0.541180
0.508522 -0.804070 -0.970364
0.538494 -0.776638 -0.516875
0.542896 -0.664276 -1.018870
0.580529 -0.600666 -0.470669
0.508580 -0.496713 -1.129117
0.533317 -0.485399 -0.285634
0.532020 -0.442654 -1.206704
0.580798 -0.381796 -0.212115
0.539827 -0.371051 -1.049792
0.588209 -0.271974 -0.108945
0.554713 -0.288465 -0.972721
0.572671 -0.128069 -0.035907
0.517620 -0.169438 -0.793616
0.569503 -0.032729 -0.059269
0.567259 -0.106480 -0.701449
0.611618 0.059924 -0.068061
0.588794 0.020539 -0.371002
0.626015 0.181171 0.018912
0.638623 0.224601 -0.237693
0.617673 0.391791 0.078968
0.579427 0.440970 -0.087715
0.542444 0.574365 0.133416
0.486396 0.550700 -0.098850
0.439038 0.626609 0.165243
0.368951 0.626376 0.001250
0.368172 0.735860 0.199379
0.323507 0.816903 -0.045417
0.337160 0.863423 0.203180
0.295899 0.884408 0.259167
0.293026 0.854718 0.179056
0.568734 -0.841923 -0.718911
0.558905 -0.956219 -0.596647
0.625710 -0.986940 -0.802517
0.657927 -0.852743 -0.632019
0.652043 -0.850244 -0.961270
0.629904 -0.666409 -0.487821
0.632152 -0.705017 -0.974002
0.642417 -0.537487 -0.447805
0.627754 -0.655023 -1.049627
0.613176 -0.512097 -0.256498
0.640001 -0.627493 -0.994853
0.628187 -0.446631 -0.221848
0.606535 -0.559815 -0.958800
0.562514 -0.358506 -0.115987
0.592423 -0.464726 -0.832379
0.589262 -0.231142 -0.176764
0.586662 -0.313605 -0.708049
0.563388 -0.127800 -0.180217
0.624936 -0.202427 -0.599684
0.646396 0.046344 -0.139934
0.652141 0.062786 -0.335608
0.613805 0.256129 -0.063599
0.610015 0.263741 -0.208461
0.592496 0.444968 -0.057326
0.548281 0.431498 -0.161989
0.492794 0.545577 -0.055045
0.440744 0.513738 -0.093699
0.426809 0.648112 -0.065341
0.367349 0.674906 -0.086483
0.330538 0.765286 0.082897
0.281794 0.797186 0.224565
0.245729 0.733539 0.175608
0.453879 -0.811150 -0.616065
0.564217 -0.868679 -0.694839
0.600614 -0.721203 -0.886516
0.677987 -0.668347 -0.676389
0.666859 -0.566855 -0.747315
0.696494 -0.491496 -0.661827
0.643834 -0.448943 -0.820253
0.660359 -0.395623 -0.572239
0.643726 -0.382132 -0.745047
0.653669 -0.320595 -0.443446
0.610824 -0.337968 -0.780988
0.616850 -0.278698 -0.380906
0.613776 -0.274933 -0.715888
0.603996 -0.153835 -0.283861
0.572502 -0.188500 -0.697382
0.568605 -0.095080 -0.276873
0.593584 -0.124649 -0.542486
0.623490 0.002053 -0.243571
0.632107 -0.059370 -0.408964
0.649924 0.128471 -0.149015
0.661194 0.148728 -0.225085
0.679663 0.310985 -0.128348
0.644458 0.336300 -0.204382
0.632674 0.466779 -0.048994
0.608483 0.416655 -0.132653
0.594266 0.529199 -0.080842
0.528092 0.500066 -0.139070
0.512696 0.617797 -0.074977
0.430304 0.596633 0.029178
0.432520 0.778780 0.104217
0.355996 0.759101 0.102725
0.314819 0.730820 -0.180131
0.555550 -0.738266 -0.372593
0.550459 -0.812743 -0.311328
0.673840 -0.823165 -0.468749
0.634547 -0.692597 -0.355754
0.654422 -0.624120 -0.570771
0.630439 -0.484373 -0.379226
0.667253 -0.510086 -0.556594
0.640009 -0.374578 -0.344905
0.644744 -0.440171 -0.547490
0.620830 -0.343349 -0.254292
0.640107 -0.414365 -0.509639
0.620550 -0.314699 -0.202318
0.612420 -0.357025 -0.461675
0.583520 -0.253492 -0.118422
0.599247 -0.295695 -0.448325
0.581718 -0.171770 -0.202035
0.589525 -0.221164 -0.413030
0.592917 -0.117840 -0.236747
0.636265 -0.157849 -0.331224
0.656351 0.014995 -0.162053
0.699201 0.016551 -0.227919
0.672238 0.169776 -0.088185
0.680172 0.177430 -0.110807
0.653794 0.344956 -0.094079
0.639532 0.331588 -0.165421
0.597203 0.471466 -0.086188
0.557303 0.462563 -0.122450
0.527564 0.567543 -0.155179
0.482695 0.597102 -0.078023
0.436069 0.688884 0.069091
0.351593 0.726886 0.094315
0.317819 0.694229 0.066107
