0.352361 -0.680010 -1.186449
0.090066 -0.481694 -0.839311
0.130916 -0.992663 0.128393
0.162349 0.853029 -0.828946
0.023297 -0.885013 0.723298
0.232342 1.445078 -0.713623
-0.198496 0.016241 0.988544
0.144314 1.206833 -0.103710
0.124263 1.113092 -0.835369
0.307493 1.397625 -0.118854
-0.269197 0.848250 0.935078
0.080825 0.579366 0.742731
-0.630696 1.005618 1.174348
0.138499 0.610410 0.855729
-0.346440 1.162961 0.733877
0.047978 -1.166925 -0.771002
-0.201523 -0.843642 -1.322856
-0.031201 -1.096013 -0.039321
0.011662 0.984010 -0.577957
-0.699378 0.852845 -1.356329
0.208275 -0.844417 0.266837
0.003568 1.451329 -0.444372
0.095939 0.903323 -0.868614
-0.391094 0.059511 -1.565179
-0.309942 0.104860 1.209182
-0.149334 0.323714 0.777203
-0.503643 1.462402 -0.268690
0.242706 -1.124602 0.509173
-1.222196 1.076627 -0.422784
-0.058806 -0.750496 -0.937802
-1.169083 0.495566 -1.592349
-0.055527 0.044695 -1.104708
-0.060722 0.879345 -1.118366
-0.094445 -0.457518 -1.186043
-0.104035 0.505885 -0.888761
0.174951 0.929488 -0.715492
-0.046954 -0.907335 -0.697899
0.060118 0.428283 -1.144190
0.362819 0.858480 0.793003
-0.320587 0.983047 -1.129040
-0.063936 0.708592 0.500840
0.015866 0.790771 0.638792
-0.027003 -0.656329 0.885294
-0.370765 -0.591021 -1.446303
-0.355010 -0.065996 -0.979526
-0.079480 -0.487632 -0.851974
-1.082477 -0.805537 0.890043
0.374790 0.956008 0.817853
-0.443703 0.663138 -1.099325
-0.127571 -0.187437 0.954434
0.132804 -0.815553 0.286782
0.076380 0.830183 -0.468803
0.191609 0.909529 0.371881
-0.574771 0.087612 1.409618
-0.320157 -0.336098 1.004958
0.140387 -0.690950 0.529236
0.443181 -0.502402 -1.089528
0.335958 1.238697 0.388514
-1.302768 0.880391 -0.975370
0.108269 0.819997 -0.737399
-0.884187 0.066108 -1.224280
-0.429748 1.248747 -1.060771
-0.849251 -1.046347 0.319015
0.097828 -0.810484 0.177039
-0.205992 -0.712802 -0.805251
-0.221678 -0.385443 -1.545461
-0.437216 0.658741 0.759490
-0.013574 0.068131 1.110720
-0.153596 1.348130 0.660979
-0.801859 0.640590 1.278527
-0.126100 1.239482 0.145712
0.191800 0.412336 -0.646875
-0.856956 0.167844 0.814556
0.116435 -0.240139 0.793234
0.227559 1.244696 -1.110929
0.060994 -0.232875 -0.832913
0.146070 0.141125 0.639475
0.195645 -0.537133 -0.811538
0.122863 -0.426944 0.861391
0.239001 0.848387 -0.451140
0.167121 -0.822628 -0.487779
-1.009668 -0.328234 0.794901
0.356186 0.727539 -0.851884
-1.548816 0.302432 1.012656
-0.132146 -1.006990 -0.977070
-0.189498 -0.044408 -1.221792
0.058895 -0.904428 -0.918129
0.097852 -0.588141 -0.938267
-0.654555 1.401064 -0.527736
0.098206 -0.361493 -1.118905
-1.477013 -0.374414 0.756528
0.317968 -0.793163 -0.510009
-0.275242 1.016350 1.138494
-0.520288 0.141692 0.734832
0.162902 0.715735 0.582707
0.097061 0.570299 0.826165
-0.162090 -1.039856 0.025096
0.137812 0.701730 -1.318048
-0.049590 -0.884503 -0.205822
-0.720904 -0.386970 -1.244418
-0.894260 0.409305 0.731433
-0.062749 1.334124 -0.078753
-0.033439 -0.640109 -1.145603
-0.384704 -0.426549 1.165575
-0.223440 -0.194564 -1.214661
-0.205769 1.296334 -1.176068
-0.525831 1.381712 -0.028462
-0.073068 1.009539 -0.953948
0.027300 0.203014 0.641509
-0.053092 0.149906 -1.279419
-0.879255 1.364098 0.150426
0.006266 -0.575935 -0.989344
0.231403 -0.677023 0.596838
0.203262 0.491635 0.484713
0.075813 -0.800709 -0.738892
-1.322358 -0.128639 -1.106915
-0.231075 -0.781705 1.166049
-0.099041 0.113869 -0.869013
0.041232 0.811764 -1.108800
-0.932878 1.103034 -1.032555
-0.083687 -0.950520 0.286277
0.073210 -0.646938 0.534858
-0.043129 -0.901856 -1.391010
-0.050373 1.135053 -0.485961
0.176667 0.135741 -0.450756
0.268528 1.337395 -0.363012
-0.131430 0.375921 -1.169640
0.106672 1.146645 0.922356
-0.002190 -1.059139 -0.724689
-1.242063 0.180564 -0.816913
0.004080 0.848508 -0.948205
-0.472619 -1.117778 -1.094206
-0.486792 1.202874 -0.799010
-0.025099 1.380574 0.345350
-0.789963 -0.491435 -1.411003
-0.066531 -0.484267 0.935679
0.307261 0.837848 0.098934
-0.223608 1.059122 0.657410
-0.759574 -0.489162 -0.936914
-0.130957 1.452746 -0.794019
0.003419 -0.477261 -1.571733
-0.707620 0.797830 -0.931320
-0.897292 -0.474178 1.221795
-0.282434 0.284623 -1.125436
0.134430 0.537932 0.873243
0.194569 -0.521925 0.272625
-1.009794 -0.178384 -0.963384
-0.666680 -0.086956 0.985541
-0.791912 0.956787 0.517502
0.033260 1.234272 -0.652646
0.133442 -0.444631 -0.811211
0.346882 1.303385 -0.917733
-0.029207 0.659689 -0.862512
-0.053431 0.128053 -1.636625
-0.524316 -0.197217 -1.481839
-0.191915 0.295623 0.888840
0.177324 0.830325 -0.241167
-0.985412 1.368522 -0.689139
0.362196 -0.890977 -1.048521
-0.760080 0.376676 0.977676
-1.548167 -0.556892 -1.158286
0.181133 0.665499 -0.948775
0.181611 0.692574 -0.630830
-0.010411 0.507893 0.860084
0.227491 0.677916 -0.797264
0.087729 1.145391 -0.807032
0.029497 -0.585344 -0.677464
0.169550 0.346285 -0.503181
0.104545 0.778219 -0.446565
-0.500537 -0.701312 -1.118189
0.132667 0.883722 0.207297
-0.649632 0.594695 0.879627
-0.269288 0.417331 1.225507
0.185647 1.078026 -0.136423
0.062202 -0.130623 -1.062146
0.331787 1.206706 0.636143
0.198771 1.036663 -0.537833
0.217792 -0.238165 -0.973635
-0.022949 -0.926909 -0.497043
-0.024156 -0.328713 0.614503
0.164107 1.334514 -0.533889
0.142310 1.095005 -0.585806
0.220094 1.060779 -0.597636
0.193125 0.915752 -0.831676
0.119849 0.031109 0.525426
0.118361 -0.667785 -0.650654
0.418139 1.339734 -0.712609
-1.162168 0.488813 -1.196691
0.094399 -0.165540 0.565238
-0.220034 0.499488 -1.343361
-0.439142 0.715646 -1.573365
0.206731 0.586595 -0.767877
0.095708 -0.725571 -1.018089
-0.134593 0.988011 -1.435067
-1.133737 0.548676 1.158183
0.100923 0.520988 0.397532
0.023270 -0.671707 -1.009942
0.240220 -0.820697 -0.506377
-0.781012 -1.106529 -0.331655
0.066058 0.443790 -1.017535
0.251976 0.816488 0.675752
-0.000713 1.453378 -0.420098
0.228081 0.911984 0.368482
-0.323372 0.401761 0.866309
-0.002865 -0.987757 -0.681190
0.427869 1.309014 0.637501
-0.800080 0.336513 -1.035793
0.167585 0.562364 0.808053
-0.512114 -0.425530 0.820910
0.058368 -0.785021 -1.050280
0.252317 1.360098 -0.693358
0.245213 0.894899 -0.514411
0.229797 0.976314 -0.844430
0.203678 0.754675 0.773922
-0.988337 0.859995 0.800937
-0.831539 -0.792547 -0.910846
-0.209447 0.504711 -0.989788
-0.125978 0.374773 -1.079970
-0.434306 0.501380 -1.350663
0.234469 1.115153 0.520368
-0.564362 0.335584 -1.547979
-0.913343 0.855700 0.513173
-1.621248 0.496560 -1.217468
-0.170907 -0.917963 0.596811
-1.220832 -0.139838 1.263143
0.052831 0.048115 0.563311
-0.308426 -1.196938 -0.564401
-1.117053 -0.054685 -1.608392
0.247454 -0.678421 0.790936
-0.072931 -1.175200 -1.068658
0.168065 1.245996 -0.324324
0.055272 -0.150342 -1.289090
-0.941310 -0.892893 -0.598407
-0.609831 -0.098268 -1.079521
-0.198980 -0.575022 -1.163042
0.015550 0.123279 -0.978536
-0.620498 -0.951476 0.586086
-0.013562 1.085350 0.223901
-0.890371 -0.066873 -0.725875
-0.757306 0.868847 -0.440833
0.090243 0.451499 -1.024802
-0.601773 -0.782663 0.795491
0.263405 -1.194468 -0.207778
0.481478 1.438861 -0.218755
-1.126231 -0.628779 -1.193381
-0.055771 0.768421 1.012171
-1.443061 0.857526 0.805536
0.188832 -0.551288 -0.498224
-0.114937 -0.386935 -0.951500
-1.385831 -0.776048 -0.902631
-0.936611 -0.825048 -1.306143
0.064310 -1.022611 -0.487698
-0.846329 -0.969581 -0.823985
-0.557137 1.375295 0.221001
-0.005569 1.230665 -0.908826
-0.254516 -0.525162 0.699071
-1.285112 -0.481786 -0.535277
-1.607827 -0.332804 -0.039730
-1.758382 -0.285473 -0.478441
-1.733590 -0.259962 0.185532
-1.789088 -0.272019 -0.244515
-1.756899 -0.220222 -0.100898
-1.624660 -0.323273 -0.499573
-1.642135 -0.250750 0.244577
-1.812156 -0.411232 -0.279751
-1.823593 -0.373987 -0.090595
-1.768507 -0.398715 -0.582437
-1.576062 -0.169863 0.132016
-1.592487 -0.141857 -0.327406
-1.429688 -0.031857 -0.168854
-1.388377 -0.025377 -0.465496
-1.402173 0.148953 0.245225
-1.542635 0.176934 -0.290703
-1.615907 0.391594 0.231261
-1.571759 0.444521 -0.378640
-1.532470 0.698188 0.485083
-1.611184 0.722165 -0.181324
-1.591105 0.731730 0.116296
-1.494052 0.601769 -0.281442
-1.412571 0.641810 0.435662
-1.530392 0.568526 -0.033121
-1.538472 0.585234 0.170900
-1.472542 0.591316 -0.363409
-1.442479 0.765576 0.488104
-1.591381 0.851296 -0.091771
-1.496914 0.879194 0.122554
-1.291610 1.007228 -0.210413
-0.993017 0.958070 -0.059050
-1.653488 -0.754555 -0.479188
-2.025964 -0.870976 0.016544
-2.223625 -1.242030 -0.318214
-2.335213 -1.075535 0.042213
-2.241750 -1.157611 -0.727532
-2.331755 -0.798831 0.323022
-2.339673 -0.944685 -0.266332
-2.388986 -0.738511 -0.073445
-2.359853 -0.805865 -0.584888
-2.469214 -0.570440 0.335947
-2.571457 -0.795641 -0.208936
-2.541458 -0.614440 0.037563
-2.373626 -0.711478 -0.500175
-2.259486 -0.342694 0.240395
-2.257758 -0.542962 -0.268614
-2.168807 -0.216416 0.044797
-1.995774 -0.260001 -0.577759
-1.986818 0.191650 0.389883
-1.861588 0.246419 -0.300466
-1.784680 0.643417 0.082670
-1.776724 0.720010 -0.422604
-2.008096 0.801653 0.515693
-2.053536 0.723466 -0.004357
-2.037398 0.675491 0.360933
-1.896695 0.637412 -0.230426
-1.979945 0.683708 0.726427
-1.902535 0.642977 0.122202
-1.945838 0.700229 0.395416
-1.787333 0.684556 -0.094081
-1.873919 0.607729 0.734928
-1.667523 0.367356 0.689616
-1.399420 0.507399 0.549973
-1.811401 -0.425189 -0.189793
-2.121132 -0.524190 -0.213363
-2.400043 -0.693353 -0.303671
-2.358633 -0.662722 -0.072849
-2.488559 -0.652624 -0.037762
-2.350395 -0.621388 -0.411572
-2.551588 -0.706234 -0.417699
-2.479664 -0.718699 -0.144385
-2.759997 -0.719696 -0.034812
-2.659259 -0.678346 -0.390247
-3.057846 -0.562759 -0.367283
-2.760001 -0.404303 -0.146043
-3.013578 -0.226062 0.046349
-2.705929 -0.088037 -0.288109
-3.025726 0.029111 -0.148618
-2.770894 0.161487 0.186186
-2.966219 0.229816 0.154114
-2.785210 0.492881 0.033214
-2.919466 0.633620 -0.128164
-2.768821 0.810622 0.444533
-2.835634 0.864300 0.255132
-2.578498 0.941293 0.254108
-2.533321 0.984454 -0.246802
-2.340690 1.014439 0.473564
-2.410452 0.995701 0.175073
-2.276479 0.983731 0.181680
-2.332482 1.097941 -0.312435
-2.249629 1.206350 0.326798
-2.304514 1.333127 0.110068
-2.136647 1.243087 0.099506
-2.195707 1.233362 -0.310914
-1.750902 1.165988 -0.306757
-1.864399 -1.029546 -0.434692
-2.156194 -1.468401 -0.055618
-2.320953 -1.819537 -0.245577
-2.423595 -1.775805 -0.026308
-2.472670 -1.706417 -0.606677
-2.513433 -1.426110 0.220314
-2.618141 -1.487403 -0.424120
-2.697883 -1.352747 -0.244657
-2.655186 -1.313796 -0.725144
-2.791873 -1.046567 0.314934
-2.975211 -1.073663 -0.508500
-3.074315 -0.888243 -0.076083
-3.089562 -0.760330 -0.545579
-3.091902 -0.485268 0.258902
-3.201796 -0.456829 -0.218484
-3.120391 -0.227953 0.012378
-2.989982 -0.062016 -0.451494
-2.944837 0.193399 0.536750
-2.920355 0.226885 -0.112893
-2.821110 0.436287 0.150906
-2.579953 0.707865 -0.345465
-2.547462 0.800542 0.530479
-2.465338 0.883843 0.025686
-2.351850 0.792725 0.351878
-2.138829 0.907427 -0.379355
-2.239638 0.935223 0.597126
-2.217568 0.971657 0.077684
-2.242523 0.992153 0.417009
-2.099573 1.036021 -0.284268
-2.088213 0.918612 0.569617
-2.005187 0.679122 0.323562
-1.663350 0.836928 0.319131
-1.714609 -0.866958 -0.180841
-1.993248 -1.124846 -0.192948
-2.215532 -1.294092 -0.457751
-2.210882 -1.344224 -0.015641
-2.377008 -1.298344 -0.495196
-2.350209 -1.294829 -0.343874
-2.460756 -1.307228 -0.923764
-2.446502 -1.193365 -0.025623
-2.568134 -1.107396 -0.757472
-2.474617 -0.930059 -0.293466
-2.752027 -0.815062 -0.959650
-2.725204 -0.565839 0.225174
-2.925549 -0.420844 -0.699185
-2.877443 -0.191566 0.180931
-3.069430 0.025090 -0.679781
-3.086556 0.151046 0.684700
-3.038519 0.326163 -0.333382
-2.973421 0.452123 0.632274
-2.868889 0.834934 -0.460980
-2.869854 0.877075 0.919297
-2.711155 1.072016 0.000582
-2.631242 1.053047 0.877295
-2.484252 1.334476 -0.240593
-2.442065 1.320127 0.765622
-2.342762 1.446532 0.173713
-2.297963 1.385995 0.705434
-2.249761 1.641642 -0.160326
-2.305790 1.713615 0.440580
-2.213135 1.868873 0.108666
-2.174610 1.676635 0.438678
-2.192762 1.585300 -0.088659
-1.903808 1.428377 -0.167677
-1.716681 -1.481466 -0.389777
-1.864869 -1.925770 -0.091633
-2.089362 -2.138921 -0.320757
-2.166357 -2.065234 0.164774
-2.209690 -2.021662 -0.907674
-2.188126 -1.699796 0.560171
-2.328817 -1.832425 -0.880978
-2.359491 -1.608555 0.033772
-2.348420 -1.650218 -1.472543
-2.227720 -1.141583 0.613101
-2.396223 -1.235706 -1.146309
-2.319966 -0.897609 0.194878
-2.563628 -0.835660 -1.211898
-2.535404 -0.429180 0.642852
-2.713837 -0.348060 -0.941073
-2.764594 -0.037067 0.597352
-2.787364 0.114277 -0.991734
-2.769844 0.358237 0.961361
-2.643657 0.527224 -0.672608
-2.653775 0.637027 0.752257
-2.508119 0.887206 -0.732976
-2.450998 1.015061 1.118858
-2.320129 1.208339 -0.209354
-2.245502 1.176792 0.788285
-2.118066 1.302411 -0.383856
-2.098979 1.362159 0.956984
-2.124976 1.429899 -0.078219
-2.166272 1.424692 0.479361
-2.056506 1.374999 -0.256332
-2.025228 1.226960 0.469815
-1.988722 0.995606 0.224323
-1.650632 1.147518 0.306947
-1.514710 -1.313112 -0.175327
-1.777514 -1.574396 0.137902
-1.927631 -1.760047 -0.657555
-1.994232 -1.630572 0.505396
-2.103709 -1.588992 -0.826691
-2.085020 -1.412695 0.219356
-2.195139 -1.537736 -1.499760
-2.124645 -1.135751 0.607310
-2.277640 -1.183216 -1.261018
-1.998868 -0.880252 0.097830
-2.065367 -0.960959 -1.364643
-1.860231 -0.563748 0.449409
-2.035515 -0.564163 -1.180356
-1.951746 -0.149964 0.521428
-2.232524 -0.138382 -1.292799
-2.358470 0.186022 0.978671
-2.399723 0.315668 -1.067633
-2.400280 0.536034 0.809208
-2.357688 0.708048 -1.122746
-2.373992 0.905705 1.244184
-2.370633 1.020667 -0.844961
-2.260742 1.217428 1.114083
-2.062220 1.430520 -0.865684
-2.009512 1.549480 1.421645
-2.057035 1.679714 -0.437266
-2.018637 1.810959 0.972381
-1.885239 2.065871 -0.895639
-1.894028 2.194920 0.961697
-2.027156 2.380504 -0.153241
-2.008745 2.113062 0.363910
-2.021005 1.926154 -0.327569
-1.707702 1.647014 -0.177696
-1.476001 -1.629622 -0.345854
-1.565647 -1.960971 0.075501
-1.731895 -2.168904 -0.501335
-1.844126 -1.960062 0.509838
-1.857678 -2.061139 -1.262747
-1.814893 -1.554055 1.261380
-1.969642 -1.779269 -1.180723
-1.982506 -1.364713 0.702013
-2.024641 -1.598413 -1.859745
-1.827612 -0.976414 1.156739
-1.971220 -1.227538 -1.422058
-1.820191 -0.754435 0.694386
-1.910346 -0.835625 -1.466121
-1.749139 -0.304872 0.981679
-1.724298 -0.276231 -1.187487
-1.832405 0.115000 0.793745
-1.864671 0.221704 -1.320834
-1.910290 0.506570 1.156430
-1.856710 0.572208 -1.077087
-1.894517 0.782500 1.011995
-1.815707 1.004285 -1.139735
-1.821902 1.141757 1.519958
-1.883099 1.191647 -0.776893
-1.803226 1.275297 1.299020
-1.655418 1.490119 -0.963746
-1.695997 1.576842 1.468508
-1.868090 1.516133 -0.612623
-1.859791 1.586003 0.758709
-1.719507 1.556478 -0.715276
-1.707933 1.299157 0.528015
-1.809009 0.977550 0.020388
-1.546231 1.054241 0.137912
-1.262137 -1.322984 -0.083574
-1.474036 -1.508822 0.154040
-1.510834 -1.738925 -0.536961
-1.599519 -1.495583 0.510493
-1.751677 -1.464318 -0.514243
-1.780650 -1.270067 0.290846
-1.812639 -1.327868 -1.025820
-1.806646 -1.012449 0.654754
-1.869453 -1.053181 -0.854430
-1.711862 -0.831961 0.333067
-1.796236 -0.859357 -0.980828
-1.712147 -0.591602 0.361655
-1.792787 -0.469471 -0.797454
-1.685220 -0.219571 0.417478
-1.841434 -0.029992 -0.915996
-1.797113 0.185642 0.615076
-1.824541 0.364765 -0.735884
-1.770346 0.527674 0.650944
-1.712824 0.726470 -0.903641
-1.795107 0.836794 0.867174
-1.755485 0.965291 -0.651301
-1.788511 1.163120 1.210042
-1.708057 1.391559 -0.818781
-1.796687 1.497246 1.054491
-1.739282 1.656361 -0.528886
-1.737194 1.932687 1.392524
-1.752849 2.316560 -0.876477
-1.800322 2.377428 0.738199
-1.782073 2.522918 -0.170885
-1.675668 2.295672 0.777643
-1.761291 2.110621 0.033826
-1.572326 1.719852 0.102189
-1.121286 -1.474478 -0.232825
-1.179443 -1.663639 0.026090
-1.302204 -1.787947 -0.259751
-1.376087 -1.692110 0.413632
-1.422200 -1.757032 -0.916788
-1.464635 -1.462093 1.019147
-1.521827 -1.496557 -0.816644
-1.591393 -1.241751 0.715148
-1.547289 -1.356703 -1.314506
-1.529993 -1.000256 1.127407
-1.604977 -1.107216 -1.161047
-1.583312 -0.745798 0.764546
-1.598877 -0.743476 -1.346173
-1.588109 -0.384498 0.840528
-1.585688 -0.286278 -1.127600
-1.556134 0.072780 0.657742
-1.574146 0.148111 -1.237950
-1.567299 0.448611 0.943358
-1.493361 0.512603 -0.945040
-1.433400 0.710788 0.782902
-1.424374 0.831292 -0.985343
-1.434081 1.003162 1.144892
-1.467561 1.130826 -0.703209
-1.528707 1.201085 0.915825
-1.510589 1.235209 -0.840143
-1.459989 1.404888 1.062879
-1.590420 1.390556 -0.448464
-1.737945 1.456936 0.442329
-1.652151 1.357241 -0.460980
-1.651911 1.195561 0.197729
-1.558064 0.916472 -0.067183
-1.248706 1.029331 0.258377
-0.918729 -1.272895 0.005169
-1.055927 -1.404087 0.178337
-1.044517 -1.580341 -0.487070
-1.114760 -1.387090 0.608842
-1.251211 -1.396526 -0.482131
-1.278461 -1.247658 0.517213
-1.237358 -1.308373 -1.018003
-1.302718 -1.071742 0.869620
-1.352283 -1.073256 -1.001125
-1.350162 -0.891837 0.823020
-1.349423 -0.948304 -1.356101
-1.374566 -0.688824 1.065559
-1.290458 -0.568448 -1.364883
-1.263765 -0.289770 1.060610
-1.276113 -0.149886 -1.495867
-1.300719 0.185632 1.268261
-1.274605 0.233824 -1.396931
-1.294283 0.601130 1.211134
-1.301987 0.625746 -1.359449
-1.349581 0.941214 1.398988
-1.328416 0.974148 -1.020322
-1.326044 1.228213 1.182428
-1.323884 1.287227 -1.234626
-1.334722 1.450515 1.400398
-1.418218 1.506683 -0.980317
-1.439851 1.674734 1.031231
-1.474611 1.914994 -1.106603
-1.490422 1.977112 0.760782
-1.563869 2.030663 -0.428816
-1.485116 1.814939 0.252408
-1.451610 1.573290 -0.269165
-1.199624 1.359907 -0.194170
-0.813163 -1.415013 -0.190571
-0.789771 -1.541843 0.088939
-0.819797 -1.630973 -0.195875
-0.818245 -1.531725 0.510693
-0.889210 -1.596448 -0.776127
-0.894801 -1.357671 1.039554
-0.975414 -1.424730 -0.812562
-1.027555 -1.232460 0.874090
-1.028810 -1.375413 -1.296569
-1.045304 -1.030289 1.318617
-1.084835 -1.145241 -1.340578
-1.137172 -0.799344 1.267172
-1.073037 -0.898662 -1.645131
-1.059844 -0.466444 1.603471
-0.994218 -0.490926 -1.701337
-1.040142 -0.024718 1.528310
-0.993278 -0.051981 -1.860378
-0.991809 0.404965 1.695433
-0.975282 0.364712 -1.755984
-0.996375 0.722387 1.457849
-0.968879 0.847939 -1.514935
-1.004987 1.052874 1.595706
-1.143218 1.019449 -1.254130
-1.127689 1.122672 1.263972
-1.033147 1.236229 -1.365680
-1.047095 1.286697 1.226538
-1.221470 1.217403 -0.942069
-1.214491 1.309054 0.737240
-1.232778 1.314716 -0.742304
-1.231926 1.222637 0.510269
-1.278606 1.090811 -0.320508
-1.030453 1.036662 0.000196
-0.573272 -1.285904 0.077345
-0.665769 -1.351990 0.212610
-0.642497 -1.505344 -0.378851
-0.678963 -1.316361 0.681011
-0.772142 -1.394601 -0.497759
-0.812124 -1.234861 0.648559
-0.767488 -1.298212 -0.997350
-0.805306 -1.063357 1.050730
-0.873648 -1.137743 -1.129937
-0.898075 -0.926215 1.002590
-0.864144 -0.991096 -1.452841
-0.900583 -0.652638 1.318282
-0.889030 -0.630187 -1.515499
-0.890808 -0.299479 1.325031
-0.799608 -0.239748 -1.703450
-0.852435 0.150662 1.455376
-0.854444 0.198821 -1.643431
-0.905955 0.607002 1.467419
-0.855677 0.674733 -1.410900
-0.932937 0.985668 1.284042
-0.947218 1.027717 -1.098676
-0.989626 1.224270 1.308788
-0.958600 1.330251 -1.146130
-1.055883 1.362443 1.048437
-0.979463 1.449681 -0.928601
-0.948236 1.488775 1.281344
-0.923591 1.607582 -1.067203
-0.967055 1.582826 0.887958
-1.000312 1.651739 -0.691495
-0.940058 1.507140 0.412631
-0.894171 1.541817 -0.203477
-0.823872 1.345413 0.036463
-0.449181 -1.380403 -0.112365
-0.405200 -1.471106 0.105734
-0.417043 -1.508220 -0.159417
-0.429422 -1.436791 0.481908
-0.465817 -1.522630 -0.643058
-0.518432 -1.314113 0.923624
-0.585196 -1.396384 -0.802406
-0.569661 -1.203310 0.838680
-0.581477 -1.374312 -1.206683
-0.625164 -1.038480 1.254502
-0.656707 -1.080962 -1.406958
-0.665227 -0.750594 1.262220
-0.646934 -0.925748 -1.661515
-0.674106 -0.476472 1.520310
-0.627390 -0.507369 -1.703219
-0.658670 -0.053747 1.467889
-0.603492 -0.183422 -1.834864
-0.690320 0.302784 1.629262
-0.704456 0.311831 -1.774774
-0.748985 0.687959 1.507784
-0.753064 0.740075 -1.522882
-0.785657 0.925953 1.507179
-0.905899 0.999708 -1.072413
-0.932239 1.046910 1.103356
-0.810231 1.091277 -1.095718
-0.776645 1.076802 1.042144
-0.847196 1.122768 -0.659050
-0.854538 1.117801 0.736847
-0.777139 1.217173 -0.667483
-0.809020 1.148969 0.400667
-0.786877 1.144750 -0.369471
-0.626345 1.141590 0.134656
-0.223784 -1.276592 0.029328
-0.297917 -1.251967 0.353521
-0.304545 -1.356343 -0.451727
-0.333837 -1.161517 0.611592
-0.397475 -1.192289 -0.513803
-0.446444 -1.048877 0.506802
-0.391969 -1.090713 -0.929541
-0.415968 -0.881489 0.887504
-0.459331 -0.895956 -1.007831
-0.456354 -0.738530 0.859806
-0.432377 -0.761460 -1.321494
-0.448780 -0.492545 1.133952
-0.474566 -0.463038 -1.301608
-0.464613 -0.240315 1.083998
-0.418433 -0.192004 -1.421364
-0.446254 0.125172 1.250299
-0.450532 0.192128 -1.390763
-0.502449 0.511888 1.261269
-0.540844 0.622628 -1.382259
-0.591668 0.880985 1.407136
-0.641782 0.980822 -1.163573
-0.662205 1.120713 1.398838
-0.667638 1.254006 -1.249949
-0.665959 1.302646 1.566833
-0.698809 1.376754 -1.009735
-0.649426 1.332077 1.146942
-0.589862 1.474328 -1.214071
-0.544432 1.376300 0.815799
-0.559106 1.587893 -0.729938
-0.503620 1.449623 0.366166
-0.485214 1.474338 -0.399600
-0.428095 1.270911 -0.156812
-0.090752 -1.330369 -0.146980
-0.090843 -1.424156 0.115051
-0.066805 -1.458201 -0.311527
-0.080428 -1.329058 0.495277
-0.092249 -1.424552 -0.689561
-0.100442 -1.205596 0.879463
-0.146319 -1.203477 -0.741668
-0.166575 -1.047266 0.689134
-0.196222 -1.210622 -1.110937
-0.155605 -0.933752 1.101939
-0.125221 -0.889821 -1.144156
-0.159398 -0.648088 0.956795
-0.180264 -0.784519 -1.394578
-0.179245 -0.425760 1.230832
-0.090554 -0.416687 -1.251835
-0.190265 -0.132248 1.055581
-0.185271 -0.187457 -1.369511
-0.269267 0.197164 1.247917
-0.293206 0.262421 -1.342267
-0.402194 0.524678 1.210126
-0.387898 0.650134 -1.301101
-0.438450 0.818446 1.387341
-0.534025 0.890355 -1.131640
-0.512772 0.966179 1.362646
-0.456286 1.103118 -1.228345
-0.439261 1.058944 1.120323
-0.515605 1.028073 -0.810585
-0.473569 1.008057 0.757445
-0.469356 1.162592 -0.724881
-0.435071 1.086653 0.335483
-0.430089 1.158098 -0.393215
-0.319490 1.066596 -0.034804
-0.051322 -1.159670 -0.014806
-0.126536 -1.123104 0.139263
-0.125500 -1.178801 -0.302257
-0.137218 -1.009976 0.347760
-0.187590 -1.010305 -0.332425
-0.221290 -0.914125 0.146099
-0.222544 -0.882983 -0.605747
-0.225004 -0.727234 0.441426
-0.254776 -0.652476 -0.609451
-0.257003 -0.560402 0.269642
-0.276386 -0.516677 -0.781874
-0.275549 -0.366852 0.501176
-0.298449 -0.249417 -0.719679
-0.249755 -0.131928 0.405193
-0.266804 -0.080494 -0.807063
-0.270678 0.082460 0.545421
-0.289041 0.220815 -0.755552
-0.294248 0.386002 0.549184
-0.311205 0.544425 -0.769185
-0.334275 0.697702 0.655124
-0.370207 0.871973 -0.612344
-0.372790 0.969843 1.163086
-0.356626 1.114441 -0.842876
-0.364047 1.140944 1.081330
-0.330231 1.275162 -0.794926
-0.253313 1.228660 1.264307
-0.181107 1.331674 -1.041352
-0.184455 1.307200 0.825317
-0.141600 1.488844 -0.885801
-0.104759 1.410869 0.320374
-0.103314 1.459656 -0.386372
-0.081688 1.280755 -0.068039
-0.008384 -1.213184 -0.177850
-0.005940 -1.252101 -0.023783
0.022329 -1.361432 -0.191578
0.004854 -1.237269 0.261709
0.015543 -1.379095 -0.562643
-0.004056 -1.194883 0.551695
-0.075439 -1.136952 -0.536180
-0.096396 -1.029070 0.308309
-0.125990 -1.121888 -0.806548
-0.112080 -0.919745 0.638372
-0.184900 -0.821191 -0.730306
-0.202277 -0.655421 0.427536
-0.163003 -0.708624 -0.935928
-0.174122 -0.479764 0.687826
-0.222236 -0.354064 -0.776608
-0.254598 -0.224522 0.434315
-0.223161 -0.173222 -0.788967
-0.246393 0.043379 0.601701
-0.283248 0.258301 -0.664285
-0.306592 0.381717 0.472479
-0.313797 0.532948 -0.648815
-0.342936 0.586573 0.855917
-0.372799 0.815149 -0.423529
-0.404821 0.791158 0.758831
-0.345138 0.895907 -0.724876
-0.301286 0.814012 0.825286
-0.384707 0.973803 -0.421299
-0.381730 0.820386 0.486233
-0.342105 0.968230 -0.561305
-0.282218 1.000888 0.218486
-0.250194 0.998886 -0.323457
-0.154767 1.028193 -0.095163
-0.164613 -1.076461 -0.104867
-0.175458 -0.995257 0.170754
-0.202726 -1.085605 -0.363893
-0.175203 -0.935565 0.236585
-0.255431 -0.939465 -0.328598
-0.230035 -0.912235 0.020798
-0.280741 -0.853471 -0.646499
-0.217120 -0.748039 0.270966
-0.299937 -0.633758 -0.605394
-0.249058 -0.587494 0.081221
-0.293988 -0.545408 -0.837777
-0.235281 -0.372141 0.468184
-0.271980 -0.294531 -0.695116
-0.236456 -0.177091 0.300157
-0.264997 -0.114305 -0.726051
-0.231049 0.027125 0.452831
-0.254422 0.163435 -0.654090
-0.219120 0.344285 0.408137
-0.206073 0.502149 -0.706348
-0.138762 0.648920 0.736798
-0.175121 0.771041 -0.614800
-0.155116 0.856924 0.598093
-0.195616 1.012558 -1.019633
-0.106074 1.023593 1.164325
-0.153903 1.136989 -0.891739
-0.089215 1.055679 0.699848
-0.115146 1.328491 -1.140001
-0.060914 1.131089 0.610228
-0.111811 1.329059 -0.741145
-0.028018 1.251120 0.213863
-0.005763 1.345084 -0.517169
-0.016089 1.170451 -0.290067
-0.206240 -1.136508 -0.197844
-0.224250 -1.153206 -0.052802
-0.150647 -1.266254 -0.265020
-0.173861 -1.093353 0.134589
-0.116827 -1.185347 -0.453791
-0.160354 -0.975960 0.360891
-0.163908 -1.003561 -0.548503
-0.205773 -0.878636 0.002607
-0.173923 -0.999213 -0.843156
-0.171140 -0.741431 0.395447
-0.166860 -0.732286 -0.736489
-0.188887 -0.567979 0.243019
-0.170771 -0.649618 -0.954091
-0.182403 -0.495040 0.542200
-0.186304 -0.441138 -0.802094
-0.210278 -0.294961 0.320794
-0.206224 -0.170835 -0.884720
-0.186669 0.072414 0.552347
-0.180765 0.279642 -0.786972
-0.147603 0.408676 0.510730
-0.151651 0.602821 -0.967593
-0.145476 0.687414 0.926511
-0.162262 0.691087 -0.680198
-0.191773 0.679053 0.673507
-0.211699 0.862234 -0.976436
-0.204735 0.795511 0.691195
-0.185835 0.870600 -0.394997
-0.217289 0.790173 0.278632
-0.210751 0.912203 -0.558741
-0.154437 0.859852 -0.030946
-0.189743 0.975469 -0.376503
-0.079930 0.958836 -0.373758
-0.398081 -1.116241 -0.036333
-0.409460 -1.055803 0.113104
-0.451765 -1.193339 -0.203236
-0.424844 -1.068825 0.151507
-0.544832 -1.115853 -0.222322
-0.511540 -1.041134 -0.204980
-0.489028 -0.985467 -0.559784
-0.393772 -0.865202 -0.002026
-0.422826 -0.797326 -0.373277
-0.353006 -0.748140 -0.157746
-0.368052 -0.728262 -0.587615
-0.300853 -0.551419 0.121834
-0.338507 -0.493711 -0.374244
-0.274017 -0.379433 -0.070430
-0.291286 -0.322514 -0.421447
-0.255862 -0.076694 0.009798
-0.272150 0.163326 -0.275364
-0.218963 0.443978 0.040700
-0.232930 0.601401 -0.295499
-0.209433 0.718208 0.202629
-0.231381 0.804599 -0.239910
-0.210230 0.870423 0.445914
-0.251287 0.897430 -0.292200
-0.255773 0.856684 0.515927
-0.266090 0.888765 -0.445553
-0.222992 0.892736 0.412168
-0.200133 0.966006 -0.545314
-0.155835 0.929265 0.118806
-0.127100 1.108556 -0.689339
-0.015249 1.078166 -0.148242
0.004399 1.247728 -0.536415
-0.019086 1.052287 -0.425749
-0.509351 -1.259972 -0.091741
-0.505835 -1.246176 0.111813
-0.544626 -1.382440 -0.155832
-0.607485 -1.233333 0.163940
-0.564692 -1.336528 -0.467924
-0.545914 -1.127396 0.249555
-0.535238 -1.224360 -0.439464
-0.518083 -1.091156 -0.091238
-0.438118 -1.221099 -0.754412
-0.392221 -0.944146 0.093774
-0.374623 -1.007769 -0.560812
-0.390822 -0.816517 -0.013354
-0.368240 -0.985248 -0.800239
-0.329728 -0.715357 0.266503
-0.305867 -0.747846 -0.492698
-0.336211 -0.517420 0.091695
-0.307801 -0.468993 -0.603081
-0.297649 -0.117020 0.210213
-0.302649 0.273973 -0.241263
-0.303113 0.552642 0.193423
-0.282224 0.620031 -0.225482
-0.293285 0.645669 0.378348
-0.352627 0.673689 -0.149816
-0.356997 0.733949 0.330186
-0.322304 0.769408 -0.288592
-0.351982 0.738766 0.368117
-0.437146 0.805681 -0.123932
-0.392796 0.757003 0.085444
-0.386534 0.920507 -0.511160
-0.325419 0.921157 -0.163886
-0.321830 0.961906 -0.569070
-0.240322 0.933070 -0.445132
-0.556271 -1.221116 0.032714
-0.552035 -1.136358 0.228915
-0.650108 -1.169509 -0.244359
-0.667266 -1.094114 0.246805
-0.759141 -1.121804 -0.194969
-0.666357 -1.114985 -0.084336
-0.591434 -1.096171 -0.460140
-0.521387 -0.957186 0.018284
-0.513336 -0.948970 -0.286853
-0.467479 -0.842907 -0.062458
-0.468967 -0.876984 -0.409571
-0.401849 -0.701096 0.139384
-0.384772 -0.731728 -0.168541
-0.327824 -0.560186 0.080398
-0.330009 -0.539858 -0.274991
-0.280761 -0.194570 0.149973
-0.275178 0.053663 -0.043869
-0.229286 0.418906 0.266592
-0.212572 0.562075 -0.110016
-0.248362 0.701922 0.313336
-0.283732 0.739073 0.038971
-0.281425 0.758486 0.334164
-0.283917 0.745677 -0.111177
-0.307158 0.730996 0.427916
-0.315440 0.749203 -0.053169
-0.289282 0.772939 0.198161
-0.279550 0.841301 -0.267605
-0.225040 0.903075 0.064527
-0.211244 0.961635 -0.517255
-0.090402 0.986183 -0.307525
-0.121274 1.125249 -0.663744
-0.127488 0.909653 -0.682800
-0.244654 -0.974624 0.080478
-0.279762 -1.065082 0.260240
-0.330792 -1.026651 0.049051
-0.366510 -0.962714 0.300511
-0.382860 -0.973865 -0.197706
-0.344442 -0.917521 0.262049
-0.351184 -0.913607 -0.260558
-0.317998 -0.828924 0.050475
-0.322610 -0.846609 -0.412515
-0.253011 -0.707198 0.085673
-0.294227 -0.702240 -0.293884
-0.276429 -0.609189 0.032157
-0.294938 -0.655617 -0.373497
-0.230372 -0.553728 0.159159
-0.220971 -0.539287 -0.203452
-0.218778 -0.410391 0.086706
-0.211567 -0.264498 -0.235671
-0.195010 0.027190 0.199392
-0.204948 0.315327 0.015459
-0.232532 0.479522 0.158890
-0.218351 0.612217 -0.047715
-0.238278 0.623820 0.243476
-0.231406 0.625759 -0.011326
-0.221696 0.652014 0.169337
-0.176489 0.722390 -0.037704
-0.187110 0.746743 0.200767
-0.197428 0.790567 -0.100423
-0.124286 0.846296 -0.030182
-0.083509 0.867390 -0.291775
-0.041059 0.859581 -0.238477
-0.143116 0.966206 -0.478958
-0.073440 0.853305 -0.468515
