0.600951 -0.575449 -1.258513
0.407405 -0.319871 -1.002991
0.326299 -0.373694 -0.805132
0.130555 0.013654 -0.659314
-0.051697 -0.577930 -0.676367
0.231651 -0.025027 -0.533579
-0.127660 -0.254734 -0.133588
-0.138906 -0.060088 -1.044043
-0.023803 0.002684 -0.544822
0.026883 0.103356 -0.388315
-0.471249 0.151814 -0.046403
0.045864 0.033610 -0.196905
-0.733317 0.308976 0.378291
-0.241696 -0.324452 -0.318238
-0.471272 0.173266 -0.270539
0.128619 -0.413937 -0.802089
-0.275386 -0.658487 -1.290643
0.361506 -0.541083 -0.593526
-0.050575 -0.157210 -0.698901
-0.771690 0.272554 -1.297420
0.362762 -0.566892 -0.895771
0.166241 0.044991 -0.402440
0.343527 0.184404 -1.044644
-0.569502 0.034995 -1.508999
-0.471559 -0.292594 0.222041
-0.020350 -0.183874 -0.373395
-0.697119 0.336019 -0.436370
0.380068 -0.514623 -0.843988
-0.843291 0.362160 -0.644979
0.258633 -0.572524 -0.821726
-1.533013 0.072121 -1.836349
0.021214 -0.176870 -1.131533
0.103843 0.068089 -0.878563
0.158646 -0.415292 -1.156089
0.239631 -0.046522 -0.906749
0.451240 0.120143 -0.797772
0.239779 -0.571652 -0.705035
-0.134405 0.098948 -1.152371
0.122494 -0.144867 -0.611439
-0.193415 0.246749 -1.065856
-0.022336 -0.011795 -0.497246
-0.248283 0.004096 -0.138968
-0.101773 -0.514129 -0.123712
-0.455643 -0.391075 -1.480188
-0.251663 -0.484528 -1.163462
0.199709 -0.446325 -0.837477
-0.501975 -0.608205 0.008244
0.113209 -0.092482 -0.713978
-0.557896 0.112028 -1.242431
-0.047513 -0.609199 -0.598775
-0.089680 -0.313706 -0.419837
0.120603 0.118251 -0.651612
-0.108562 -0.088746 -0.514949
-0.619707 -0.320114 0.617202
-0.380405 -0.427477 -0.003148
0.314220 -0.530073 -0.703941
0.355741 -0.336677 -0.875150
0.134224 -0.004222 -0.417689
-1.355660 0.542422 -1.287584
0.236693 0.098987 -0.880612
-1.338992 -0.043562 -1.606335
-0.461930 0.377158 -0.864431
-0.763311 -0.741009 -0.638194
0.073788 -0.310763 -0.748933
-0.303618 -0.476269 -1.133980
-0.058092 -0.129858 -1.319706
-0.317889 0.030169 -0.155242
-0.264022 -0.466335 -0.023851
-0.635593 0.133897 -0.171941
-0.747629 0.001770 0.860765
0.000607 0.014225 -0.630406
0.378978 -0.026479 -0.961901
-0.771832 -0.103347 -0.089583
0.292769 -0.350715 -0.499416
0.172611 -0.097059 -0.527139
0.214182 -0.306824 -0.878467
0.110519 -0.334191 -0.531652
0.432418 -0.344199 -0.873859
-0.063511 -0.466241 -0.155545
-0.023146 -0.017902 -0.610840
0.237492 -0.278435 -0.599799
-0.845232 -0.369478 0.053523
0.032863 -0.255772 -0.616295
-0.717451 -0.138321 0.054170
-0.232545 -0.692851 -1.047109
-0.351511 -0.114962 -1.358133
0.279691 -0.613811 -0.900782
0.499014 -0.330517 -1.022263
-0.676592 0.403933 -0.753796
0.300655 -0.165256 -0.978901
-0.763368 -0.359359 -0.075918
0.403043 -0.608808 -1.035972
-0.646606 -0.024588 0.264934
-0.603783 -0.246615 0.073972
0.227939 0.101311 -0.635195
0.103847 -0.164137 -0.550632
-0.347945 -0.678264 -0.665320
0.375271 -0.089873 -0.885875
0.344734 -0.102058 -0.525506
-0.896630 -0.426166 -1.551043
-0.694968 -0.060077 0.094081
-0.250888 0.140924 -0.644354
0.482177 -0.306288 -1.138069
-0.602533 -0.475792 0.251453
-0.293594 -0.152153 -1.332945
-0.156380 0.046018 -0.591588
-0.393638 0.294748 -0.414271
-0.200897 0.216908 -0.892834
-0.124559 -0.349340 -0.476355
0.005130 -0.157829 -1.140513
-0.653747 0.403874 -0.148286
0.013952 -0.524300 -0.884455
0.264244 -0.600012 -0.500237
0.049019 -0.134675 -0.328609
0.394394 -0.757139 -1.111363
-1.498024 -0.380396 -1.733789
-0.404631 -0.588214 0.033271
0.320617 0.020062 -1.119966
0.300589 -0.280089 -1.047650
-1.051435 0.393210 -1.246427
0.343808 -0.511928 -0.667777
0.025043 -0.280836 -0.405797
-0.231826 -0.521751 -1.317721
0.141184 -0.062909 -0.393366
0.235990 -0.444795 -0.739961
0.208134 -0.119694 -0.780138
0.167542 -0.015732 -1.037931
-0.089319 0.028495 -0.448784
0.207718 -0.556202 -0.882235
-1.499161 -0.293564 -1.453379
0.364692 -0.001397 -0.859226
-0.657542 -0.797984 -1.214826
-0.441168 0.344594 -0.882232
0.015705 0.016664 -0.597137
-1.079249 -0.230909 -1.780184
-0.143678 -0.493134 -0.437807
0.058423 0.012451 -0.744019
-0.304445 0.225293 -0.380934
-1.237438 -0.535743 -1.364036
-0.611877 0.321382 -0.633400
0.361161 -0.291516 -1.082125
-0.640526 0.325439 -1.247201
-0.645329 -0.538920 0.322793
-0.429206 -0.069303 -1.302641
-0.241307 -0.078812 -0.161941
0.257658 -0.370891 -0.673275
-1.207935 -0.274759 -1.582444
-0.743137 -0.370450 0.193043
-0.568996 0.201638 -0.231359
0.152319 0.005774 -0.859260
0.352187 -0.597472 -0.776645
0.388307 0.109359 -0.725535
0.272664 -0.449273 -0.940719
-0.252173 -0.152167 -1.389329
-0.767062 -0.172853 -1.568886
-0.248594 -0.084237 0.125744
0.073149 -0.160690 -0.702787
-0.818454 0.340759 -0.967154
-0.083909 -0.383403 -0.709093
-0.756385 -0.186601 0.209844
-1.815930 -0.590379 -1.446808
0.236413 0.232366 -0.620009
0.201360 -0.040091 -0.592838
-0.297621 -0.058303 0.127766
0.167146 -0.214966 -0.708122
0.328616 0.221796 -0.704344
0.460202 -0.485257 -0.975009
0.094239 -0.465403 -0.471158
0.345292 0.236030 -0.644917
-0.575133 -0.502980 -1.315660
0.227056 0.119791 -0.786905
-0.568424 -0.019166 0.018938
-0.458453 -0.276151 0.082165
0.010384 -0.200749 -0.702703
0.324371 -0.544006 -1.086213
0.017085 0.146916 -0.339305
0.287798 0.075857 -0.525043
0.507286 -0.423116 -1.079368
-0.022186 -0.443179 -0.919235
0.086129 -0.319654 -0.362984
0.306982 0.171002 -0.400910
0.000643 0.020007 -0.615645
0.042657 0.005279 -0.563249
0.318916 -0.237302 -0.716398
-0.001045 -0.395229 -0.580395
0.367444 -0.036228 -0.887776
-0.195536 -0.298508 -0.217798
-1.311471 0.162859 -1.556130
0.038592 -0.530872 -0.547527
-0.279630 0.061814 -1.226807
-0.893489 0.142087 -1.553589
0.447075 0.078861 -0.711080
0.392313 -0.405679 -1.058814
-0.307925 0.291112 -1.239302
-0.536949 0.038748 0.428752
-0.033983 -0.371322 -0.481265
0.408549 -0.473155 -1.262615
0.350252 -0.111063 -1.026012
-0.574860 -0.706598 -0.833530
0.300374 -0.354420 -0.745176
0.243248 -0.027772 -0.684644
-0.485660 0.218323 -0.499921
0.275458 0.052544 -0.659223
-0.489407 -0.067680 0.163899
0.418122 -0.697542 -0.933834
0.129477 -0.236937 -0.895954
-1.101840 0.157993 -1.369016
0.053541 -0.172317 -0.089682
-0.700022 -0.515432 0.038870
0.297475 -0.703708 -1.093078
0.230649 0.197315 -0.813471
0.177743 -0.110435 -0.799137
0.328424 0.029787 -0.711995
0.177968 -0.040350 -0.372353
-0.675934 0.130585 0.068851
-0.993077 -0.599105 -1.259030
-0.171422 -0.084441 -1.142122
0.190295 -0.290110 -0.979622
-0.738296 0.146088 -1.496470
0.339622 -0.055339 -0.073835
-1.026168 -0.062101 -1.643797
-0.985693 -0.134439 -0.241673
-1.696612 0.200934 -1.669637
-0.479863 -0.675384 -0.334140
-0.621435 -0.369411 0.523952
0.196692 -0.480561 -0.577926
-0.724486 -0.763672 -0.946363
-1.524713 -0.187327 -2.023536
0.165265 -0.374109 -0.807558
-0.138257 -0.741225 -1.179989
0.297843 0.117936 -0.556460
0.542742 -0.049497 -1.160922
-0.921346 -0.804394 -1.152357
-0.842903 -0.161300 -1.449275
-0.171631 -0.404279 -1.195549
0.419772 0.072127 -1.177526
-0.965800 -0.543110 -0.537554
-0.122440 0.221208 -0.577317
-0.450693 -0.398628 -1.479832
-0.197859 0.093508 -0.772346
0.184069 -0.209570 -0.865061
-0.755622 -0.327713 -0.203717
0.256909 -0.570732 -0.761844
-0.021060 -0.027499 -0.344984
-1.391665 -0.586931 -1.509216
-0.483336 0.131247 0.120534
-0.583817 -0.009056 0.261228
0.412789 -0.420497 -1.033877
0.043779 -0.480531 -1.115072
-1.273248 -0.827863 -1.324991
-0.796319 -0.499403 -1.670883
0.595592 -0.696178 -0.910010
-0.768674 -0.677094 -1.208301
-0.758062 0.379223 -0.448042
-0.233717 0.207233 -0.814852
-0.168154 -0.594652 -0.309075
-0.567312 -0.522321 -0.564926
-0.700397 -0.534693 -0.416294
-0.722100 -0.459852 -0.779022
-0.690346 -0.448007 -0.185548
-0.834247 -0.438191 -0.602365
-0.855172 -0.369451 -0.458921
-0.788068 -0.398961 -0.783224
-0.772781 -0.312676 -0.181236
-0.891533 -0.296446 -0.663597
-0.864090 -0.229134 -0.342617
-0.803470 -0.285469 -0.915590
-0.856617 -0.203501 -0.250881
-0.893921 -0.268534 -1.005983
-0.891543 -0.113330 -0.499336
-0.830654 -0.179370 -1.246946
-0.904683 -0.019790 -0.299342
-0.975950 -0.149761 -1.289837
-0.931184 0.052381 -0.441217
-0.835319 -0.012722 -1.285451
-0.837425 0.221745 -0.092532
-0.827393 0.174383 -0.985465
-0.784885 0.366310 -0.249035
-0.649711 0.322894 -0.887914
-0.597916 0.365054 -0.055051
-0.639830 0.320469 -0.558671
-0.671314 0.298959 -0.184974
-0.606405 0.243284 -0.568476
-0.572064 0.239225 0.019766
-0.632504 0.197732 -0.392482
-0.652208 0.189787 -0.115441
-0.570942 0.256597 -0.485330
-0.407959 0.295738 -0.147603
-0.802444 -0.659859 -0.871634
-0.860515 -0.754746 -0.601581
-0.922253 -0.885030 -0.908236
-0.903705 -0.793450 -0.599084
-0.840633 -0.849277 -1.258015
-0.946725 -0.603290 -0.292656
-0.991540 -0.687662 -0.955862
-0.984060 -0.521335 -0.556119
-0.956144 -0.542983 -1.123417
-1.033800 -0.347007 -0.345808
-1.090387 -0.377045 -1.123896
-1.119756 -0.223020 -0.820939
-1.086620 -0.262113 -1.517256
-1.115837 -0.135090 -0.799795
-1.141034 -0.243113 -1.527488
-1.156625 -0.087863 -1.050683
-1.132621 -0.147770 -1.795640
-1.110053 0.032815 -0.714099
-1.107372 -0.115727 -1.639670
-1.052582 0.154829 -0.811069
-0.923702 0.130104 -1.484454
-0.910646 0.293246 -0.424001
-0.878560 0.206404 -1.042681
-0.824455 0.277584 -0.415370
-0.734711 0.230229 -0.879051
-0.788838 0.314227 -0.060551
-0.819781 0.161471 -0.504792
-0.771543 0.159732 -0.152650
-0.713462 0.097744 -0.702120
-0.735734 0.145434 0.041658
-0.736651 -0.004597 -0.386152
-0.563645 0.098289 -0.097235
-0.809415 -0.743730 -0.598511
-0.966001 -0.866766 -0.777746
-1.104897 -0.884364 -1.068315
-1.037503 -0.814734 -0.689197
-1.133483 -0.741330 -0.844136
-1.047294 -0.682248 -0.905077
-1.046148 -0.619912 -0.945839
-0.883137 -0.537298 -0.660988
-1.037828 -0.452015 -0.804043
-0.939635 -0.405442 -0.822644
-1.145886 -0.373304 -1.118092
-1.221132 -0.266079 -0.956128
-1.563681 -0.271557 -1.188929
-1.398741 -0.117316 -1.260620
-1.585875 -0.166444 -1.391909
-1.403769 0.061238 -1.142928
-1.641026 -0.058670 -1.311631
-1.317937 0.145491 -1.273417
-1.446053 0.008813 -1.342095
-1.357712 0.260952 -0.809988
-1.458635 0.225958 -1.058639
-1.151815 0.396062 -0.912025
-1.039386 0.331500 -1.111992
-0.911331 0.421985 -0.515039
-0.933497 0.372482 -0.786447
-0.826136 0.414239 -0.463059
-0.829721 0.376036 -0.779608
-0.803352 0.405683 -0.212659
-0.879222 0.405039 -0.533540
-0.762913 0.296967 -0.321621
-0.740876 0.326941 -0.560824
-0.618118 0.286799 -0.427743
-0.851355 -1.007571 -0.931180
-0.955617 -1.199821 -0.888084
-1.032149 -1.309019 -1.042883
-1.107313 -1.140250 -0.774896
-1.040644 -1.173158 -1.305211
-1.064551 -0.864032 -0.601988
-1.037243 -0.937440 -1.010951
-1.020825 -0.759312 -0.718731
-0.937590 -0.739478 -1.142971
-1.010047 -0.505091 -0.627271
-1.110751 -0.486135 -1.137323
-1.178713 -0.364936 -1.032446
-1.314927 -0.329910 -1.555573
-1.331627 -0.237533 -1.068436
-1.540855 -0.253829 -1.491543
-1.483842 -0.097561 -1.255395
-1.544510 -0.147638 -1.753282
-1.367831 0.030575 -0.968629
-1.500519 -0.114950 -1.568698
-1.354105 0.119165 -1.117177
-1.311904 0.091105 -1.522786
-1.131254 0.270883 -0.727007
-1.083146 0.156898 -1.182373
-0.917660 0.321986 -0.647914
-0.793386 0.265305 -1.164599
-0.791479 0.417932 -0.244040
-0.810410 0.241227 -0.792782
-0.808934 0.337049 -0.281940
-0.723589 0.269471 -0.822312
-0.723246 0.367611 -0.022318
-0.710362 0.231131 -0.475394
-0.602885 0.292839 -0.140483
-0.827070 -1.326030 -0.689778
-0.930406 -1.532662 -0.797144
-1.038687 -1.482078 -1.130664
-1.127550 -1.339420 -0.759645
-1.284561 -1.106995 -0.985585
-1.169329 -1.104232 -0.969305
-1.147498 -0.855520 -1.038731
-1.029649 -0.757705 -0.754013
-1.145571 -0.501511 -0.998956
-1.147605 -0.502100 -0.877292
-1.456531 -0.328871 -1.165772
-1.461308 -0.265469 -1.164216
-1.845703 -0.170296 -1.300763
-1.671844 -0.117593 -1.363993
-1.883834 -0.013349 -1.360077
-1.704172 0.136823 -1.316304
-1.900776 0.154534 -1.232740
-1.616267 0.191746 -1.362621
-1.715545 0.196157 -1.288169
-1.542310 0.315244 -1.110670
-1.636379 0.376962 -1.026754
-1.341090 0.387195 -1.149799
-1.277489 0.455430 -1.035616
-1.137364 0.515877 -0.816577
-1.064053 0.577549 -0.811870
-0.973968 0.611630 -0.647691
-0.960515 0.617228 -0.751411
-0.949356 0.762362 -0.312686
-0.966422 0.781082 -0.588761
-0.855704 0.649875 -0.289339
-0.725815 0.623084 -0.461172
-0.615233 0.537472 -0.273099
-0.877257 -1.775506 -0.988545
-0.972304 -2.025103 -0.970967
-1.045977 -2.139736 -1.192484
-1.132556 -1.901377 -0.889441
-1.144697 -1.829343 -1.418690
-1.147083 -1.410304 -0.694580
-1.175958 -1.341488 -1.255136
-1.194516 -1.173737 -0.797083
-1.166194 -1.051056 -1.271257
-1.241731 -0.771525 -0.673730
-1.378682 -0.612289 -1.237803
-1.518081 -0.477550 -1.010812
-1.631125 -0.377805 -1.416591
-1.671666 -0.255486 -1.122191
-1.694488 -0.190122 -1.550997
-1.712113 -0.074240 -1.305602
-1.695835 -0.104099 -1.701749
-1.595706 0.026690 -0.995984
-1.595867 -0.093547 -1.555275
-1.481949 0.040398 -1.245231
-1.442835 0.047295 -1.500458
-1.310717 0.179280 -0.895302
-1.287256 0.184327 -1.203348
-1.151129 0.320755 -0.853326
-1.074627 0.383794 -1.040276
-1.024156 0.558903 -0.475991
-1.008240 0.447678 -0.699001
-0.932634 0.561563 -0.481307
-0.850731 0.477752 -0.676384
-0.870373 0.579149 -0.169892
-0.853119 0.424245 -0.360334
-0.692365 0.489170 -0.280821
-0.807063 -2.058964 -0.739798
-0.900871 -2.303260 -0.821986
-0.984354 -2.234879 -1.243071
-1.022666 -2.062457 -0.810608
-1.165457 -1.635964 -1.143942
-1.155486 -1.650631 -0.976783
-1.191945 -1.212456 -1.360307
-1.096152 -1.010079 -0.779300
-1.174227 -0.611134 -1.289806
-1.176637 -0.509511 -0.909050
-1.387157 -0.208800 -1.418870
-1.393095 -0.147079 -1.093244
-1.653751 0.045224 -1.570410
-1.607468 0.049394 -1.300657
-1.756535 0.106813 -1.647181
-1.572403 0.166122 -1.153249
-1.692231 0.214175 -1.543169
-1.452723 0.244512 -1.249768
-1.534334 0.149610 -1.643618
-1.324729 0.252106 -0.887298
-1.448566 0.297748 -1.355807
-1.195165 0.479928 -1.060012
-1.205293 0.577843 -1.236754
-1.152020 0.774589 -0.658633
-1.205631 0.948743 -0.856021
-1.108056 1.107092 -0.728487
-1.053960 1.184224 -0.878601
-1.030890 1.363133 -0.236919
-1.031610 1.440718 -0.440881
-0.858633 1.413438 -0.228435
-0.812450 1.335326 -0.439173
-0.731433 1.121938 -0.286436
-0.766164 -2.437392 -0.908572
-0.864643 -2.717529 -0.780827
-0.886581 -2.834308 -1.187116
-1.011493 -2.622238 -0.652164
-1.033087 -2.409837 -1.520820
-1.085521 -2.067657 -0.411716
-1.231312 -1.885267 -1.494180
-1.172845 -1.689249 -0.592906
-1.203827 -1.418153 -1.629790
-1.058790 -1.101896 -0.375834
-1.197317 -0.693923 -1.525782
-1.155178 -0.500744 -0.621103
-1.276937 -0.219397 -1.648533
-1.176247 -0.316422 -0.654296
-1.478635 -0.242420 -1.807898
-1.369332 -0.202396 -0.787234
-1.434015 -0.154312 -1.974617
-1.178917 -0.115292 -0.496569
-1.340314 -0.273195 -1.905328
-1.141061 -0.124840 -0.578888
-1.234665 -0.192977 -1.870769
-1.018282 0.025331 -0.323578
-1.149113 0.012846 -1.583625
-1.083533 0.338187 -0.522294
-1.099982 0.456720 -1.343728
-1.110716 0.800331 -0.310205
-1.186932 0.719769 -0.948072
-1.144564 0.956682 -0.311575
-1.036761 0.871605 -0.801259
-0.943981 1.023162 -0.075188
-0.852461 0.762201 -0.450368
-0.771149 0.912542 -0.123119
-0.731389 -2.380735 -0.596089
-0.817774 -2.625406 -0.649553
-0.929285 -2.634940 -1.099486
-0.939736 -2.458823 -0.598616
-1.098369 -2.016551 -1.150281
-1.106745 -2.118239 -0.705365
-1.244093 -1.412150 -1.315192
-1.170750 -1.206285 -0.797288
-1.207600 -0.670663 -1.254667
-1.084812 -0.491709 -0.739103
-1.232227 -0.170782 -1.470603
-1.129436 -0.106706 -0.959411
-1.277765 0.142119 -1.528096
-1.156851 0.003322 -1.106261
-1.414151 0.165987 -1.663766
-1.201358 0.078380 -1.040166
-1.372782 0.167709 -1.529966
-1.137253 0.119445 -0.917087
-1.309258 0.079245 -1.522143
-1.110125 0.131392 -0.755810
-1.217999 0.148618 -1.312649
-1.066279 0.454217 -0.694411
-1.195921 0.643575 -1.213300
-1.105958 1.066609 -0.729030
-1.097476 1.382150 -0.874635
-1.084469 1.706968 -0.436494
-1.159526 1.890541 -0.729833
-1.104363 2.084211 -0.424773
-1.018171 2.174944 -0.416158
-0.892024 2.200413 0.066251
-0.923995 2.087843 -0.160571
-0.860807 1.807494 -0.232592
-0.667224 -2.536315 -0.774789
-0.752656 -2.846496 -0.620054
-0.781832 -3.024406 -1.060245
-0.919312 -2.838848 -0.373954
-0.994328 -2.774239 -1.434205
-1.060987 -2.619638 -0.207533
-1.196440 -2.202970 -1.432306
-1.127809 -2.186465 -0.468134
-1.202618 -1.618620 -1.531924
-0.989030 -1.332578 -0.310639
-1.098295 -0.700350 -1.443457
-0.983973 -0.502245 -0.521930
-1.103110 -0.305840 -1.655412
-0.969289 -0.371145 -0.441845
-1.183643 -0.249391 -1.740328
-1.043644 -0.290968 -0.518163
-1.173782 -0.299507 -1.837541
-1.063283 -0.195343 -0.259806
-1.273858 -0.257935 -1.651344
-1.160964 -0.130706 -0.477330
-1.211607 -0.258540 -1.616159
-1.110213 -0.080315 -0.258097
-1.235986 -0.174289 -1.392942
-1.197584 0.058979 -0.555568
-1.208723 0.070034 -1.271073
-1.182544 0.566526 -0.353547
-1.284518 0.603886 -0.802011
-1.246417 1.076039 -0.355573
-1.190789 1.120603 -0.626627
-1.070438 1.442280 -0.116457
-0.982091 1.198982 -0.467410
-0.888675 1.389081 -0.108377
-0.799358 -2.202338 -0.503297
-0.842049 -2.308296 -0.347311
-0.936663 -2.311879 -1.058795
-0.996877 -1.992690 -0.233237
-1.168203 -1.666595 -1.133529
-1.226100 -1.542208 -0.382584
-1.266625 -1.194281 -1.365416
-1.204822 -0.992605 -0.232066
-1.242625 -0.581525 -1.322390
-1.008149 -0.485160 -0.131820
-1.156973 -0.187895 -1.745339
-0.891937 -0.167289 0.119353
-1.151240 0.054555 -2.063245
-0.903699 -0.023744 -0.096759
-1.174595 0.108619 -2.187102
-0.943876 0.080245 0.142617
-1.172879 0.135921 -1.976154
-1.024595 0.172255 -0.118137
-1.213282 0.188432 -1.843056
-1.161161 0.255272 -0.067085
-1.318659 0.273527 -1.558813
-1.226783 0.497009 -0.367241
-1.262520 0.752221 -1.543203
-1.218833 1.279865 0.000398
-1.233260 1.572090 -1.150780
-1.150489 1.981172 -0.136746
-1.056069 2.274377 -1.054146
-0.997528 2.607211 0.109865
-0.990283 2.799932 -0.437293
-0.881718 2.742327 -0.006083
-0.855500 2.504958 -0.289798
-0.857790 2.155678 -0.482179
-0.813231 -2.193477 -0.673403
-0.796662 -2.396925 -0.359567
-0.812975 -2.626264 -1.050935
-0.908331 -2.341950 -0.107035
-1.026180 -2.271265 -1.491215
-1.038543 -1.809620 0.003740
-1.146491 -1.650900 -1.413966
-1.071512 -1.368392 -0.066539
-1.092854 -1.085850 -1.627451
-0.782382 -0.812663 0.407680
-0.994755 -0.444293 -1.594370
-0.815386 -0.431386 0.529494
-1.059164 -0.293286 -2.052623
-0.805426 -0.255172 0.907859
-1.003559 -0.332570 -2.252334
-0.831361 -0.192071 0.554915
-0.903701 -0.330795 -2.516236
-0.825827 -0.034948 0.685683
-1.076119 -0.253022 -2.044134
-1.048015 0.015477 0.253467
-1.191286 -0.143652 -1.910313
-1.081414 0.024821 0.316830
-1.199865 -0.166064 -1.649063
-1.121522 0.036314 0.005923
-1.163302 -0.054729 -1.547367
-1.109348 0.241149 0.146068
-1.190331 0.199490 -1.209818
-1.100469 0.703470 0.046455
-1.099802 1.095513 -0.739533
-1.072525 1.501211 0.217398
-1.106835 1.434796 -0.375687
-1.068404 1.546801 -0.191392
-0.988188 -1.544980 -0.263270
-0.990595 -1.568571 -0.234589
-1.057604 -1.616500 -0.632280
-1.079489 -1.280251 -0.091365
-1.269525 -1.180747 -0.687227
-1.201222 -1.059587 -0.213568
-1.229140 -0.906734 -0.999171
-1.096059 -0.773580 -0.108226
-1.074430 -0.568086 -1.006585
-0.842415 -0.461088 0.310258
-0.889280 -0.288052 -1.574330
-0.782512 -0.221907 0.595839
-1.036411 -0.125817 -1.977209
-0.881087 -0.091017 0.587512
-1.037964 -0.054190 -2.373102
-0.870263 0.037865 0.520324
-1.067228 0.007408 -1.838413
-0.959695 0.216362 0.432251
-1.110712 0.180690 -1.715725
-1.078589 0.281543 0.222504
-1.215445 0.228794 -1.353399
-1.181887 0.425278 0.287260
-1.244190 0.558040 -1.238450
-1.213352 0.915744 0.204025
-1.283437 1.121200 -0.940024
-1.178550 1.566515 0.439746
-1.074436 1.803031 -0.821301
-1.012169 2.305819 0.731542
-0.956796 2.631080 -0.553925
-0.904460 2.623629 0.509429
-0.981058 2.593077 0.061271
-0.964952 2.134056 0.115916
-0.949006 -1.361887 -0.300184
-0.913607 -1.493528 -0.176278
-0.954578 -1.678465 -0.541462
-0.999086 -1.531380 -0.049397
-1.120190 -1.489569 -0.919303
-1.116502 -1.213520 -0.017539
-1.159147 -1.112319 -0.859396
-1.077134 -0.898416 -0.024985
-0.954783 -0.821244 -1.035737
-0.753264 -0.618127 0.360367
-0.750200 -0.325767 -1.019611
-0.664491 -0.331545 0.538836
-0.828869 -0.349457 -1.687330
-0.723541 -0.211519 1.061509
-0.923585 -0.208069 -1.533089
-0.823536 -0.105098 0.626864
-0.933378 -0.260895 -1.972998
-0.838328 0.005765 0.928414
-1.015927 -0.132464 -1.414751
-0.966915 0.015443 0.405175
-1.057783 -0.154084 -1.514191
-1.061745 0.014556 0.384073
-1.169237 -0.126162 -1.169370
-1.203199 0.012626 0.096588
-1.185685 -0.078112 -1.078427
-1.128670 0.145645 0.233699
-1.142564 0.126401 -0.898903
-1.130041 0.450081 0.142839
-1.064183 0.536024 -0.743374
-1.157305 0.767711 0.133989
-1.223882 0.796567 -0.416280
-1.095326 1.033696 0.172896
-0.847176 -0.946538 -0.048691
-0.964837 -0.934821 -0.049632
-0.992696 -1.009874 -0.385276
-1.005144 -0.818604 0.036701
-1.099447 -0.791683 -0.418707
-1.066591 -0.695807 0.025732
-1.066070 -0.676794 -0.601575
-0.960721 -0.559249 0.137780
-0.857663 -0.465574 -0.610900
-0.730325 -0.390817 0.260407
-0.656573 -0.283213 -1.064712
-0.600675 -0.242087 0.496679
-0.748875 -0.091164 -1.183847
-0.683173 -0.099001 0.469122
-0.792574 -0.043121 -1.597859
-0.753565 0.009755 0.662213
-0.907605 0.053530 -1.204230
-0.795161 0.124099 0.416443
-0.889160 0.147026 -1.344576
-0.885739 0.143342 0.437121
-1.024630 0.127610 -0.954534
-1.041428 0.166236 0.229375
-1.159759 0.200285 -0.832439
-1.221596 0.353280 0.305133
-1.252920 0.429153 -0.549150
-1.230783 0.621281 0.262117
-1.131621 0.802070 -0.661748
-1.151453 1.237911 0.607933
-1.058835 1.526158 -0.252952
-1.069976 1.545244 0.468354
-1.132836 1.336936 -0.025683
-1.011794 1.113678 0.019551
-0.709527 -0.830395 -0.171672
-0.761303 -0.879343 -0.055252
-0.767245 -0.934165 -0.243978
-0.804284 -0.836850 0.097307
-0.795611 -0.822567 -0.463154
-0.848106 -0.690713 0.167695
-0.832397 -0.681283 -0.385626
-0.841704 -0.584856 0.145037
-0.691758 -0.540568 -0.639955
-0.596000 -0.393450 0.376971
-0.544469 -0.274164 -0.619142
-0.524337 -0.246227 0.314533
-0.487763 -0.219932 -1.035860
-0.545745 -0.079270 0.660907
-0.629668 -0.037221 -0.930206
-0.659442 0.042049 0.342721
-0.650125 -0.000656 -1.294361
-0.635773 0.136547 0.670530
-0.695746 0.046896 -0.849385
-0.749309 0.059725 0.373184
-0.736648 -0.024773 -1.049362
-0.827644 0.071228 0.540247
-0.886073 -0.027019 -0.722899
-1.011791 0.004168 0.227213
-0.985139 0.062200 -0.618691
-1.063073 0.142739 0.263434
-1.068141 0.182421 -0.437314
-1.064167 0.314357 0.154926
-1.041839 0.433132 -0.241118
-1.126456 0.497494 0.138785
-1.173517 0.473348 0.067215
-0.915432 0.481728 0.176740
-0.558576 -0.699204 -0.011907
-0.663615 -0.646358 0.026612
-0.669456 -0.694865 -0.186705
-0.698170 -0.532749 0.075140
-0.736514 -0.561223 -0.151299
-0.752757 -0.501850 0.000680
-0.710698 -0.522579 -0.341385
-0.690299 -0.441721 0.128601
-0.630730 -0.411350 -0.451664
-0.543130 -0.348862 0.168488
-0.403495 -0.281029 -0.738461
-0.363586 -0.225393 0.298605
-0.358413 -0.200000 -0.826792
-0.370540 -0.090050 0.255307
-0.338512 -0.074054 -0.946294
-0.380853 0.057667 0.344842
-0.423363 0.001620 -0.713953
-0.459071 0.116146 0.271445
-0.499422 0.005135 -0.815992
-0.607697 0.096665 0.304942
-0.661959 0.008200 -0.512111
-0.732853 0.080485 0.178059
-0.751949 0.024192 -0.441332
-0.845619 0.083230 0.120551
-0.885441 0.081951 -0.331906
-0.911925 0.145169 0.016443
-0.901320 0.204592 -0.227244
-0.924105 0.405549 0.096257
-0.952615 0.485102 -0.172673
-0.957702 0.556441 0.017734
-0.958334 0.404069 -0.073015
-0.757555 0.442391 -0.015694
-0.448857 -0.616746 -0.114806
-0.500751 -0.622233 -0.008801
-0.485797 -0.657308 -0.120752
-0.541120 -0.565245 0.035519
-0.544155 -0.548282 -0.212012
-0.610778 -0.462329 0.050008
-0.602532 -0.470006 -0.144906
-0.594901 -0.466483 0.050462
-0.439885 -0.440497 -0.478525
-0.322560 -0.346336 0.122797
-0.166414 -0.334909 -0.617010
-0.058073 -0.218536 0.095782
0.004561 -0.259666 -0.859852
0.011583 -0.062439 0.148525
0.010383 -0.106032 -0.790222
0.007198 0.080560 0.029897
0.008012 0.011642 -0.809934
-0.113248 0.119132 0.045929
-0.251227 0.049923 -0.579451
-0.411056 0.117678 0.103281
-0.491563 0.012052 -0.635324
-0.600547 0.054394 0.152907
-0.627883 0.032886 -0.374461
-0.696131 0.012817 0.092216
-0.687827 0.066624 -0.344686
-0.721056 0.025135 0.094198
-0.782589 0.121454 -0.284161
-0.801785 0.155552 0.025900
-0.865827 0.286801 -0.275537
-0.893903 0.317830 0.054170
-0.953526 0.308349 -0.037437
-0.679918 0.268368 -0.024063
-0.405136 -0.548151 -0.039457
-0.507888 -0.526478 -0.011771
-0.514314 -0.557999 -0.139435
-0.520905 -0.463804 0.017524
-0.555756 -0.460366 -0.068188
-0.574003 -0.442719 -0.051179
-0.510596 -0.423460 -0.222938
-0.433346 -0.425039 0.067515
-0.281186 -0.364061 -0.410269
-0.101915 -0.379956 0.060489
0.096949 -0.337626 -0.607684
0.255796 -0.274194 -0.044499
0.268901 -0.212076 -0.625147
0.280546 -0.100505 0.015023
0.308295 -0.074053 -0.673033
0.369587 0.055029 -0.153000
0.294489 0.027800 -0.414094
0.167573 0.113519 -0.188174
0.028429 0.014575 -0.471686
-0.070820 0.089854 -0.188610
-0.281428 0.017324 -0.264350
-0.440956 0.035102 -0.099806
-0.473460 0.037107 -0.208967
-0.548027 0.054166 -0.010173
-0.606780 0.117276 -0.124433
-0.597920 0.133328 -0.053939
-0.609266 0.112885 -0.155281
-0.631685 0.209607 -0.002812
-0.645464 0.244236 -0.129144
-0.652860 0.268502 -0.083336
-0.628465 0.250510 -0.095485
-0.548000 0.258047 -0.033256
-0.368814 -0.560730 -0.176769
-0.432317 -0.543752 -0.080164
-0.441029 -0.603013 -0.175791
-0.477248 -0.471739 -0.069800
-0.461829 -0.467535 -0.199627
-0.497150 -0.375781 0.005319
-0.400744 -0.401829 -0.184406
-0.236120 -0.397011 -0.015037
-0.009700 -0.396845 -0.516820
0.199720 -0.388845 -0.015577
0.401362 -0.440314 -0.606796
0.525401 -0.352455 -0.211440
0.553704 -0.343661 -0.809557
0.585334 -0.201961 -0.110423
0.616319 -0.194771 -0.627735
0.639835 -0.087363 -0.261886
0.590904 -0.130989 -0.718692
0.568439 -0.016228 -0.199293
0.496083 -0.034140 -0.453751
0.367525 0.076570 -0.163531
0.173173 0.025874 -0.422238
-0.026618 0.081684 -0.136674
-0.178722 0.108473 -0.104599
-0.289073 0.107193 -0.028300
-0.350843 0.127283 -0.257840
-0.403031 0.159887 0.028020
-0.435121 0.176573 -0.155661
-0.499147 0.212564 -0.016120
-0.543648 0.274688 -0.175894
-0.614090 0.281959 0.079822
-0.657129 0.272137 -0.065222
-0.485232 0.250543 0.004057
-0.482182 -0.535160 -0.181777
-0.544739 -0.435275 -0.136413
-0.539307 -0.511239 -0.231458
-0.523489 -0.441443 -0.062563
-0.512527 -0.464360 -0.145960
-0.443132 -0.463775 -0.202186
-0.329953 -0.434280 -0.304380
-0.169603 -0.470744 -0.150934
0.066010 -0.437992 -0.506956
0.334407 -0.489871 -0.397588
0.486470 -0.394635 -0.663590
0.580480 -0.368792 -0.355963
0.590857 -0.304878 -0.692607
0.601995 -0.207694 -0.365666
0.608849 -0.124833 -0.685696
0.647417 -0.016119 -0.282544
0.643278 0.012818 -0.541152
0.632193 0.087424 -0.247067
0.574211 0.071185 -0.479012
0.533532 0.085462 -0.223887
0.428940 0.023400 -0.362109
0.293357 0.059753 -0.266694
0.098225 0.086233 -0.233265
-0.098058 0.151303 -0.188300
-0.280382 0.203703 -0.114760
-0.343779 0.241709 -0.088389
-0.382353 0.206129 -0.171266
-0.447797 0.266302 -0.050683
-0.533918 0.271800 -0.140633
-0.582864 0.286285 -0.119668
-0.563949 0.291688 -0.057172
-0.454374 0.270652 -0.097689
-0.496679 -0.663262 -0.315414
-0.565366 -0.627570 -0.202649
-0.558983 -0.685951 -0.349308
-0.551652 -0.495276 -0.305646
-0.441921 -0.501382 -0.468107
-0.383269 -0.425802 -0.177214
-0.242405 -0.443211 -0.373900
-0.037232 -0.411413 -0.329832
0.183663 -0.444573 -0.690414
0.333895 -0.483967 -0.407830
0.490589 -0.509808 -0.752017
0.523511 -0.441482 -0.525740
0.556601 -0.470049 -0.968061
0.543740 -0.320652 -0.423885
0.599304 -0.358553 -0.867629
0.597338 -0.153377 -0.404188
0.564549 -0.206999 -0.807562
0.496182 -0.122434 -0.358544
0.468470 -0.189677 -0.657914
0.453069 -0.099029 -0.407307
0.369640 -0.199757 -0.722572
0.268941 -0.110157 -0.358677
0.144741 -0.128248 -0.432149
-0.021995 0.017606 -0.308219
-0.159591 0.014503 -0.519972
-0.271798 0.191200 -0.122788
-0.354608 0.207580 -0.185414
-0.493905 0.302961 -0.136077
-0.567006 0.314084 -0.179011
-0.677302 0.341679 0.001478
-0.661457 0.325618 -0.000911
-0.490323 0.344675 0.000934
-0.489631 -0.599709 -0.369527
-0.535258 -0.406418 -0.126279
-0.473204 -0.432825 -0.522941
-0.436646 -0.352105 -0.142656
-0.403275 -0.444221 -0.442916
-0.296507 -0.448668 -0.287551
-0.188487 -0.414021 -0.529242
-0.033450 -0.423416 -0.398485
0.096449 -0.381292 -0.633443
0.255753 -0.470996 -0.637968
0.264116 -0.359910 -0.736813
0.383493 -0.423687 -0.680256
0.421879 -0.383497 -0.760739
0.443879 -0.277594 -0.485825
0.432914 -0.256918 -0.774606
0.427833 -0.074973 -0.271654
0.492259 -0.113414 -0.576252
0.508573 -0.026159 -0.352991
0.472636 -0.159167 -0.705545
0.388281 -0.162261 -0.342471
0.313850 -0.319187 -0.574729
0.246007 -0.134431 -0.268728
0.113763 -0.180957 -0.424994
0.021931 0.004388 -0.236585
-0.092091 -0.000863 -0.113129
-0.131250 0.175712 -0.137783
-0.210769 0.191426 -0.133632
-0.304044 0.315788 -0.148774
-0.392704 0.339129 -0.053957
-0.464285 0.323263 -0.142042
-0.475222 0.369412 -0.012749
-0.324058 0.336218 -0.114889
-0.231786 -0.572466 -0.218689
-0.244653 -0.561919 0.000831
-0.267962 -0.504962 -0.350993
-0.211378 -0.435887 -0.085250
-0.207950 -0.421165 -0.424555
-0.120508 -0.383185 -0.137061
-0.089643 -0.370476 -0.389042
0.017068 -0.344277 -0.302341
0.130446 -0.335509 -0.542767
0.182695 -0.336545 -0.381193
0.270536 -0.339565 -0.550847
0.287234 -0.315470 -0.486662
0.312648 -0.333812 -0.684330
0.289068 -0.245099 -0.435988
0.386932 -0.293332 -0.639778
0.416893 -0.073382 -0.377582
0.450907 -0.144765 -0.715094
0.389552 -0.062456 -0.386900
0.362063 -0.214484 -0.664696
0.274259 -0.161220 -0.489195
0.186265 -0.304489 -0.647276
0.108558 -0.207079 -0.403598
0.111765 -0.282203 -0.480365
0.082542 -0.122707 -0.265314
0.080424 -0.129390 -0.362358
0.012388 0.061858 -0.136154
-0.015805 0.133678 -0.176237
-0.106798 0.233705 -0.137585
-0.181340 0.283329 -0.156958
-0.263041 0.308258 -0.056717
-0.312008 0.320525 -0.029542
-0.160804 0.303030 -0.056624
