0.592507 -0.443503 -0.054908
0.372784 -0.223900 0.165278
0.425056 -0.233554 0.613870
0.123186 0.172206 -0.001516
0.390933 -0.595697 0.690142
0.476332 0.397285 0.251899
0.067457 -0.110030 0.685758
-0.034942 0.274881 0.200264
0.431095 0.175231 0.253941
0.161028 0.288735 0.394607
-0.077375 -0.006777 0.719919
0.213513 -0.019452 0.614594
-0.441946 0.111152 0.979639
0.536611 -0.402706 0.928300
-0.111170 0.224798 0.727208
0.469158 -0.432465 0.364432
0.020608 -0.358878 0.038293
0.518037 -0.482651 0.687684
0.056861 -0.044779 0.177398
-0.396562 0.403185 -0.445642
0.448822 -0.493805 0.545201
0.252260 0.327135 0.533979
0.355570 0.070928 -0.051240
-0.203049 -0.020282 -0.204784
-0.027117 -0.512618 1.076009
0.625584 -0.526062 0.994187
-0.437247 0.473980 0.276622
0.646112 -0.784295 0.638428
-0.716253 0.312887 0.260948
0.244424 -0.359773 0.254685
-0.693399 0.314932 -0.571986
-0.027213 -0.245091 0.019117
0.141756 0.083044 -0.006122
0.178785 -0.299270 0.066173
0.398594 -0.124959 0.057431
0.320586 0.185040 0.352979
0.484035 -0.365867 0.345142
0.001885 0.033172 -0.100895
0.680577 -0.221243 0.882168
-0.089217 0.295537 -0.188896
-0.051133 0.015746 0.420815
0.106062 -0.063525 0.518771
0.068314 -0.605512 0.879960
-0.205329 -0.227775 -0.172237
-0.156416 -0.336605 0.013903
0.003687 -0.295281 0.178304
-0.734931 -0.794240 0.902154
0.640915 -0.056204 1.048645
-0.288428 0.132037 -0.217405
0.607587 -0.438354 1.147631
0.377394 -0.282273 0.810997
0.112426 0.092817 0.277472
0.104274 0.116068 0.447068
-0.252333 -0.462380 1.300118
-0.211595 -0.545879 0.949068
0.609491 -0.581709 0.697990
0.529189 -0.199113 0.183548
0.254497 0.313271 0.505855
-0.642924 0.343645 -0.191511
0.442754 -0.018707 0.128215
-0.667799 0.075287 -0.203141
-0.298501 0.642381 -0.330330
-0.550713 -0.657830 0.575133
0.098325 -0.354324 0.482625
-0.171353 -0.389858 0.153655
-0.011270 -0.196077 -0.154492
-0.185030 0.074737 0.531417
0.156377 -0.368614 0.879297
-0.341474 0.332745 0.588098
-0.523393 -0.144313 1.112183
0.218069 0.144047 0.406762
0.347527 -0.085769 0.019640
-0.649926 -0.271144 0.974404
0.677203 -0.412999 0.959133
0.454511 0.162920 0.034525
0.271279 -0.217421 0.046298
0.506602 -0.454331 0.803190
0.145354 -0.337481 0.122432
0.122253 -0.307175 0.717203
0.104051 0.303215 0.285064
0.143993 -0.342812 0.407169
-0.575291 -0.466907 0.896192
0.426396 -0.207032 0.260801
-0.893818 -0.067723 0.872253
0.084608 -0.451329 0.167433
-0.183468 -0.104055 -0.104748
0.300535 -0.406921 0.191385
0.382934 -0.342861 0.290048
-0.392827 0.487310 0.114524
0.498720 -0.012986 0.211471
-0.925680 -0.480912 0.818325
0.513671 -0.381949 0.776982
-0.064952 -0.168074 0.975513
-0.245276 -0.285715 0.755806
0.544808 -0.118600 0.854814
0.642294 -0.296454 1.099175
-0.227959 -0.586173 0.585893
0.336103 -0.014763 -0.143978
0.352400 -0.169631 0.534816
-0.539187 -0.154675 -0.112600
-0.474167 -0.102747 0.810598
-0.106789 0.314453 0.389657
0.411171 -0.282642 0.021441
-0.074676 -0.667567 1.188195
-0.050780 -0.156131 -0.054641
0.142640 0.318570 0.067420
-0.199592 0.317530 0.251941
-0.118167 0.371024 -0.123497
0.121032 -0.173767 0.512224
0.061488 -0.165823 -0.158190
-0.724605 0.431787 0.582839
0.040422 -0.266713 0.089821
0.519959 -0.603729 0.754206
0.300174 -0.060557 0.571803
0.455773 -0.479418 0.366997
-0.827847 -0.159687 -0.210493
-0.165256 -0.856763 1.141238
0.322286 -0.284986 0.015885
0.384495 -0.078092 -0.083881
-0.476717 0.352150 -0.143402
0.391404 -0.405234 0.395028
0.277149 -0.258278 0.633672
-0.089333 -0.359640 -0.145541
0.126853 0.016889 0.363792
0.247410 -0.258950 0.139416
0.282950 0.035070 0.384646
0.011230 -0.160055 -0.094826
0.354904 0.065608 0.762378
0.373776 -0.397462 0.373330
-0.777631 -0.064545 -0.041389
0.238422 0.108439 0.185192
-0.369240 -0.504436 0.014509
-0.269273 0.376577 0.016426
0.371837 0.212877 0.548689
-0.675298 -0.131844 -0.257340
0.431850 -0.391288 0.805150
0.348840 0.034877 0.482725
-0.177735 0.204150 0.550643
-0.648940 -0.287345 -0.083782
-0.167892 0.554123 0.085178
0.481005 -0.259955 -0.218028
-0.337454 0.291752 -0.152122
-0.726804 -0.736397 1.202420
-0.206600 -0.112578 -0.207995
0.408960 -0.187900 0.921639
0.397295 -0.337992 0.513777
-0.667678 -0.153901 -0.036041
-0.446297 -0.420715 0.985705
-0.249059 0.258754 0.303580
0.094601 0.117264 0.044557
0.498067 -0.292528 0.279859
0.422542 0.221455 0.188332
0.114211 -0.135887 0.061390
0.003014 0.046968 -0.357396
-0.466316 -0.076500 -0.337583
-0.039202 -0.232053 0.861846
0.096862 0.123566 0.263188
-0.550685 0.468257 -0.041728
0.522776 -0.483703 0.189502
-0.420563 -0.278454 0.935662
-1.026063 -0.312644 0.016962
0.395271 0.054657 0.148306
0.395454 0.025909 0.368047
0.151202 -0.236158 0.795313
0.168143 -0.060909 -0.001982
0.378814 0.316561 0.221920
0.365699 -0.350149 0.280548
0.113545 -0.174315 0.172425
0.256023 0.171596 0.379149
-0.432418 -0.323119 -0.050495
0.452409 0.140512 0.409560
-0.446585 -0.020030 0.774042
-0.015830 -0.313722 0.993758
0.190369 0.123424 0.350955
0.290507 -0.335185 0.054672
0.235900 0.219213 0.651496
0.394567 0.121037 0.465211
0.493961 -0.155112 0.107870
0.035836 -0.432542 0.198643
0.385511 -0.184278 0.653754
0.451433 0.380260 0.401527
0.022854 0.179549 0.258569
0.069128 0.185827 0.329203
0.558847 0.012447 0.050317
0.077776 -0.232309 0.566136
0.289361 -0.179348 0.385711
0.269742 -0.030369 0.412228
-0.640948 0.153771 -0.275689
0.406603 -0.270672 0.653561
-0.108585 0.104091 -0.180579
-0.374639 0.361127 -0.543953
0.325165 0.010423 0.064234
0.416580 -0.385331 0.129520
-0.040233 0.312904 -0.389734
-0.601651 -0.081931 1.018750
0.317455 -0.310641 0.746705
0.426920 -0.365477 0.127754
0.294452 -0.324536 0.480067
-0.443963 -0.620379 0.364244
0.550106 -0.180969 -0.012591
0.572438 0.064141 0.777400
-0.256513 0.459866 0.420665
0.468725 0.069309 0.659128
-0.221948 -0.179132 0.801927
0.452069 -0.532442 0.244310
0.564751 0.191732 0.684351
-0.499277 0.161811 -0.164871
0.374093 -0.125806 0.708024
-0.407949 -0.540308 0.883844
0.498562 -0.407441 0.173614
0.167815 0.204202 0.398603
0.298713 0.073395 0.444513
0.204791 0.168281 0.165735
0.406211 -0.138100 0.869583
-0.596581 0.182726 0.764191
-0.670941 -0.341740 0.026300
0.109597 -0.143533 -0.090633
0.137535 -0.149707 -0.030924
-0.330464 0.233255 -0.364435
0.541917 0.071801 0.670393
-0.496053 0.230794 -0.368029
-0.710196 0.173064 0.517561
-0.904012 0.201064 0.010645
-0.152022 -0.718169 0.851964
-0.927143 -0.500841 1.260222
0.486312 -0.433036 0.765535
-0.261653 -0.615235 0.392876
-0.755990 0.039332 -0.496787
0.595989 -0.611726 0.864786
-0.016524 -0.565760 0.082217
0.357883 0.190438 0.499594
0.534728 -0.100174 -0.052867
-0.581512 -0.551901 0.149999
-0.470487 -0.086060 -0.103036
-0.150948 -0.294439 -0.034698
0.287046 -0.029569 0.019127
-0.399420 -0.707982 0.713546
0.073629 0.102568 0.316443
-0.528281 -0.166954 -0.091979
-0.215101 0.115384 0.160278
0.054724 -0.076133 -0.039491
-0.619919 -0.641065 0.767382
0.131556 -0.496865 0.453733
0.413746 0.309209 0.605874
-0.807614 -0.330941 -0.118971
-0.080469 -0.008867 0.878611
-0.753483 0.081593 0.789700
0.372604 -0.370939 0.472251
-0.010007 -0.287349 0.045825
-0.949217 -0.508916 0.099979
-0.695558 -0.347474 -0.177030
0.513038 -0.502208 0.437203
-0.599583 -0.582623 -0.036223
-0.586722 0.470746 0.420640
-0.088587 0.358188 0.045685
-0.147091 -0.481274 0.603485
-0.710545 -0.636902 -0.203855
-0.858509 -0.501481 0.354069
-0.857722 -0.520161 -0.092865
-0.728866 -0.490524 0.728771
-0.869521 -0.654594 0.365576
-0.848823 -0.713512 0.740972
-0.902954 -0.789175 0.279757
-0.886486 -0.737734 1.161155
-1.133205 -0.844047 0.555936
-1.119259 -0.812449 0.935599
-1.148125 -0.873781 0.371703
-1.049216 -0.730198 1.339910
-1.201424 -0.774253 0.566404
-1.118940 -0.683492 0.975140
-1.050562 -0.720902 0.322884
-0.925013 -0.503393 1.323452
-1.037467 -0.595267 0.455166
-0.987064 -0.355792 0.863626
-0.908897 -0.390725 0.199814
-0.837933 -0.090347 1.008067
-0.880926 -0.111185 0.365575
-0.815150 0.058851 0.527003
-0.690949 0.040757 0.219046
-0.586549 0.188533 0.643862
-0.669714 0.219048 0.334798
-0.611962 0.281339 0.455522
-0.576319 0.273061 0.160379
-0.538212 0.344977 0.709054
-0.697661 0.351568 0.265672
-0.661115 0.434189 0.470404
-0.602316 0.541049 0.156406
-0.419767 0.585414 0.388181
-0.959876 -0.679335 -0.191756
-1.017868 -0.689215 0.320234
-1.100993 -0.980649 0.219458
-1.073985 -0.954727 0.698787
-1.053678 -1.134736 0.205851
-1.072359 -0.920877 1.161432
-1.253967 -1.100030 0.752784
-1.269060 -1.012224 1.114343
-1.437912 -1.095758 0.627959
-1.411105 -0.953933 1.419569
-1.675484 -1.135875 1.055947
-1.496381 -1.054953 1.280767
-1.566683 -1.118227 0.776572
-1.408104 -0.872171 1.503664
-1.490681 -1.030447 1.072419
-1.186488 -0.896053 1.231586
-1.158067 -0.960351 0.650054
-1.063304 -0.658346 1.349432
-1.117563 -0.782621 0.797556
-1.013338 -0.491802 0.951476
-0.901020 -0.442605 0.558893
-0.903945 -0.119061 1.007837
-0.918273 -0.073775 0.693755
-0.860455 0.061637 0.637286
-0.762724 0.170531 0.413686
-0.710350 0.217369 0.777030
-0.752107 0.271315 0.517597
-0.750425 0.248331 0.576491
-0.715312 0.364662 0.206741
-0.713549 0.309087 0.766741
-0.723934 0.325971 0.735446
-0.568696 0.362477 0.675309
-0.989194 -0.471583 0.104346
-1.044772 -0.554551 0.302440
-1.199443 -0.729371 0.228878
-1.102098 -0.725972 0.675508
-1.233386 -0.816892 0.736095
-1.188304 -0.797027 0.692352
-1.522558 -0.884154 0.613041
-1.548034 -0.857975 1.000036
-1.907640 -0.946017 0.981145
-1.742446 -0.860407 0.957053
-2.022938 -0.930084 0.933930
-1.821786 -0.860905 1.244596
-2.035490 -0.897479 1.278394
-1.704411 -0.712616 1.121397
-1.841073 -0.759738 1.064733
-1.602872 -0.627908 1.282293
-1.727686 -0.727021 1.263464
-1.411698 -0.398975 0.947866
-1.375799 -0.431284 0.798832
-1.211794 -0.162526 1.008753
-1.169248 -0.211382 0.964509
-0.987621 0.255578 0.731894
-0.891921 0.343896 0.612913
-0.831160 0.450886 0.889938
-0.860721 0.461375 0.714402
-0.793202 0.582818 0.655230
-0.766003 0.573972 0.444120
-0.738263 0.592536 0.828427
-0.841665 0.570809 0.736249
-0.830836 0.652664 0.637260
-0.841999 0.612386 0.469185
-0.731718 0.695888 0.459599
-1.105453 -0.822853 -0.264700
-1.220117 -1.013415 0.236093
-1.228599 -1.292769 0.111512
-1.316803 -1.280575 0.568101
-1.291352 -1.235167 0.095327
-1.278560 -1.060718 1.022097
-1.468912 -1.136767 0.618650
-1.506618 -1.071339 0.944959
-1.632040 -1.145020 0.457424
-1.700692 -1.039007 1.295755
-1.903871 -1.192814 0.973192
-1.889106 -1.122275 1.317585
-1.886163 -1.127746 0.918054
-1.797410 -0.928262 1.470379
-1.828959 -0.953049 1.155538
-1.572521 -0.850581 1.366274
-1.454551 -0.870715 0.960205
-1.265016 -0.642738 1.476328
-1.310460 -0.634101 1.048292
-1.150775 -0.392677 1.160063
-1.017922 -0.253554 0.754111
-0.915303 0.048156 1.214922
-0.899812 0.129126 0.831044
-0.885922 0.313454 0.967938
-0.714545 0.452743 0.519472
-0.732876 0.529738 1.119293
-0.757975 0.488180 0.673355
-0.835315 0.445319 0.911238
-0.761147 0.536691 0.407347
-0.809526 0.551143 0.957932
-0.880260 0.511395 0.715388
-0.733611 0.548942 0.761637
-1.002805 -0.683259 -0.046170
-1.076069 -0.755772 0.054158
-1.075920 -0.980808 -0.069717
-1.155453 -0.914169 0.524349
-1.267715 -0.937579 0.419452
-1.201076 -0.859483 0.592561
-1.284716 -0.927054 0.346461
-1.344979 -0.858261 1.077777
-1.490184 -0.958594 0.758576
-1.543882 -0.859594 1.155416
-1.694084 -0.955391 0.823444
-1.828455 -0.828007 1.448382
-1.942939 -0.841506 0.995559
-1.815155 -0.594082 1.365026
-1.717551 -0.581504 0.979223
-1.699032 -0.387986 1.375332
-1.647870 -0.528125 1.018673
-1.427868 -0.185919 1.194058
-1.211428 -0.220837 0.802763
-1.238781 0.157116 1.196739
-1.101181 0.105703 0.909067
-1.069991 0.631869 1.277201
-1.003777 0.756690 0.900634
-1.067169 0.843472 1.247157
-0.968999 0.898720 1.124792
-0.923338 0.972299 1.248994
-0.837019 0.950321 0.924988
-0.993353 0.961909 1.230649
-0.951314 0.935733 1.110205
-0.990514 0.999318 1.166480
-0.907209 0.678696 1.031912
-0.859559 0.887275 0.877966
-1.088579 -1.097541 -0.431075
-1.163292 -1.326673 -0.174230
-1.156322 -1.664899 -0.325474
-1.207214 -1.541424 0.192000
-1.151524 -1.596434 -0.516139
-1.142747 -1.216128 0.865184
-1.229044 -1.264809 0.316952
-1.289315 -1.152030 0.906761
-1.258838 -1.284161 0.227954
-1.330960 -1.017910 1.451390
-1.480515 -1.249828 0.890504
-1.603278 -1.048572 1.519488
-1.641380 -1.163824 0.924334
-1.684898 -0.801160 1.656723
-1.598561 -0.850745 1.186613
-1.406598 -0.589436 1.434498
-1.241864 -0.709643 0.998901
-1.224825 -0.355761 1.512885
-1.149623 -0.386870 0.851759
-1.192025 -0.032595 1.322013
-0.968317 0.023692 0.670037
-1.053652 0.428528 1.375867
-0.942729 0.472114 0.911304
-1.083767 0.698011 1.264788
-0.844917 0.734320 0.824284
-0.838383 0.939389 1.408199
-0.832375 0.863299 1.076987
-1.020108 0.869114 1.184368
-0.896128 0.798333 0.736989
-0.924855 0.847292 1.071316
-0.909203 0.689354 0.912613
-0.795582 0.788622 0.977328
-0.996855 -0.979845 -0.415376
-1.141137 -1.073865 -0.274721
-1.105422 -1.365425 -0.813226
-1.110069 -1.053808 0.311129
-1.172673 -1.109958 -0.355001
-1.123533 -0.916998 0.348342
-1.090715 -1.149013 -0.379989
-1.167139 -0.979825 1.218314
-1.291599 -1.026633 0.473791
-1.296787 -0.868216 1.304145
-1.372101 -1.029771 0.700584
-1.506147 -0.917174 1.735055
-1.639048 -0.936471 0.997458
-1.569098 -0.638590 1.541449
-1.561162 -0.677228 0.925665
-1.540476 -0.338907 1.542683
-1.497880 -0.400250 0.892122
-1.395529 0.026194 1.301950
-1.194218 -0.295695 0.596715
-1.300632 0.399123 1.576362
-1.189438 0.260463 0.743721
-1.239419 0.925543 1.723102
-1.038482 0.898319 0.741185
-1.110917 1.193440 2.061637
-0.978857 0.832501 1.229318
-1.011771 1.458745 1.755602
-0.797984 1.136910 0.872808
-0.959011 1.552747 2.010512
-0.942897 1.558450 1.471601
-1.036563 1.695384 1.668698
-0.872088 1.234574 1.496541
-0.873869 1.302015 1.214687
-1.032217 -1.492430 -0.898035
-1.115589 -1.769287 -0.674138
-1.137155 -2.195421 -1.135890
-1.215966 -1.858593 -0.306448
-1.187503 -2.170740 -1.522932
-1.119040 -1.392918 0.625945
-1.105840 -1.559411 -0.623169
-1.178787 -1.276365 0.799043
-1.171923 -1.545077 -0.561294
-1.170524 -1.093366 1.616091
-1.283890 -1.361124 0.487753
-1.372478 -1.136225 1.639669
-1.407780 -1.276114 0.581481
-1.423492 -0.884152 1.908270
-1.363643 -0.917859 0.876850
-1.321326 -0.585830 1.588758
-1.189258 -0.566443 0.674744
-1.191621 -0.121724 1.647216
-1.095038 -0.145553 0.600468
-1.133647 0.267075 1.509489
-0.975544 0.230194 0.566439
-1.108924 0.768215 1.847305
-1.095532 0.677298 0.811295
-1.166773 1.029264 1.854839
-0.861879 0.842471 0.749924
-0.867353 1.412997 2.196601
-0.879652 1.127118 0.950277
-0.999907 1.310808 1.606061
-0.859344 1.145364 0.786753
-0.932472 1.309847 1.442724
-0.788534 0.987097 0.901637
-0.752725 1.052030 1.067067
-0.875466 -1.330512 -0.667825
-1.022635 -1.494176 -0.798746
-0.998212 -1.753868 -1.162847
-1.026671 -1.400350 -0.390442
-1.051780 -1.433725 -0.670044
-1.131192 -1.211434 -0.220159
-1.061626 -1.373029 -0.685772
-1.127231 -1.042715 0.759126
-1.268160 -1.137914 0.167015
-1.207988 -0.911660 1.111173
-1.197684 -1.078906 0.510409
-1.351980 -0.936502 1.528798
-1.424069 -0.951034 0.741076
-1.398945 -0.671394 1.328509
-1.241679 -0.715818 0.640332
-1.368770 -0.320799 1.252500
-1.214290 -0.362868 0.518535
-1.322556 0.190738 1.219676
-1.016429 0.047450 0.531325
-1.230217 0.469317 1.249067
-1.158243 0.531962 0.602381
-1.247980 0.986904 1.770568
-1.049639 0.741319 0.776962
-1.114641 1.427263 1.885140
-0.890126 1.408850 1.060555
-0.936644 1.782561 2.481440
-0.752547 1.447054 1.101174
-0.971313 2.113752 2.287103
-0.799172 2.139589 1.656573
-0.857804 2.308534 2.197537
-0.792695 2.063271 1.949240
-0.783632 1.809191 1.711952
-0.824660 -1.744616 -1.108795
-0.892762 -2.093482 -1.148301
-0.878302 -2.371603 -1.353020
-0.982989 -2.139047 -0.756202
-1.011529 -2.428907 -1.724099
-1.041516 -1.752977 0.063588
-1.068527 -1.873249 -0.968978
-1.172164 -1.462676 0.351814
-1.095755 -1.705506 -0.930052
-1.147875 -1.261613 1.332006
-1.139853 -1.390704 0.139061
-1.207822 -1.164634 1.415540
-1.122365 -1.218542 0.191124
-1.178973 -0.922941 1.686592
-1.116239 -0.832808 0.349160
-1.218044 -0.547496 1.413141
-1.110767 -0.386221 0.207065
-1.233615 -0.016069 1.448164
-1.096920 0.191788 0.195447
-1.239641 0.438001 1.312852
-1.166895 0.571018 0.176183
-1.242670 0.803051 1.720472
-1.073703 0.866569 0.508803
-1.180378 1.013814 1.488734
-0.889869 1.089901 0.566686
-1.035480 1.286613 1.975620
-0.959671 1.187079 0.754196
-1.131487 1.288610 1.372575
-0.859744 1.226098 0.943320
-0.989438 1.427080 1.341212
-0.844924 1.069840 1.200533
-0.774646 1.169441 1.232554
-0.803882 -1.429839 -0.903860
-0.896239 -1.527543 -0.645855
-0.935223 -1.801070 -1.640066
-0.961285 -1.342511 -0.305555
-1.058188 -1.429056 -1.179413
-1.162827 -1.191121 -0.048022
-1.125143 -1.421044 -1.342443
-1.192302 -0.985857 0.877281
-1.323594 -1.187038 -0.682121
-1.232260 -0.872338 1.051236
-1.142236 -1.118625 -0.376231
-1.173408 -0.855675 1.472396
-1.136034 -0.977977 -0.042375
-1.159035 -0.542613 1.302456
-1.110067 -0.522769 -0.253854
-1.279809 -0.166051 1.304010
-1.203452 -0.040524 -0.416304
-1.302115 0.351152 1.298021
-1.225565 0.413348 -0.598312
-1.324728 0.662707 1.793271
-1.263760 0.738667 -0.378581
-1.315042 1.126028 1.811154
-1.027071 1.148027 -0.667764
-1.043595 1.430081 2.643223
-0.805081 1.066599 0.083511
-1.007650 1.802845 2.444270
-0.819415 1.846747 -0.018712
-0.919682 2.229056 2.641707
-0.784022 2.229452 1.052742
-0.854516 2.339503 1.931484
-0.838021 2.138721 1.590687
-0.768812 1.824853 1.363524
-0.847501 -1.571577 -1.163203
-0.843746 -1.763954 -0.846646
-0.891460 -2.147581 -1.520676
-1.012442 -1.773685 -0.593848
-1.075172 -2.253454 -2.051298
-1.054173 -1.362623 0.320751
-1.095412 -1.723094 -1.446244
-1.204702 -1.120323 0.632743
-1.213524 -1.563934 -1.607548
-1.140284 -0.912981 1.357935
-1.037984 -1.174343 -0.736019
-1.050348 -0.828405 1.306137
-0.971971 -0.936468 -0.600244
-0.955056 -0.596639 1.547658
-0.907011 -0.535937 -0.459995
-1.024160 -0.247469 1.356063
-1.033828 -0.105053 -0.644585
-1.111055 0.234782 1.627568
-1.002158 0.326400 -0.758841
-1.128317 0.529348 1.696762
-1.033599 0.608801 -1.049510
-1.002239 0.878915 2.242040
-0.956259 0.777216 -0.543996
-0.969779 1.014663 2.033061
-0.812720 0.986683 -0.716837
-0.865347 1.284207 2.301336
-0.891108 0.993718 0.005570
-0.950737 1.255135 1.664886
-0.828404 1.177778 0.275922
-0.941183 1.355587 1.354646
-0.900889 1.079637 0.718944
-0.897973 1.138838 0.884453
-1.007774 -0.899662 -0.482990
-1.088975 -0.873671 -0.464214
-1.137700 -1.123227 -0.899365
-1.071062 -0.742868 -0.211841
-1.322009 -0.961852 -0.545973
-1.293715 -0.780923 -0.061567
-1.265154 -0.985856 -0.651075
-1.296612 -0.702457 0.497634
-1.401284 -0.960625 -0.452032
-1.331095 -0.674530 0.688440
-1.190681 -0.838785 -0.446348
-1.169156 -0.522623 1.083579
-1.086992 -0.575667 -0.282776
-1.028714 -0.315483 1.031896
-0.944732 -0.270493 -0.285054
-0.991705 -0.001983 1.032369
-1.039404 0.108011 -0.352196
-1.189998 0.322975 1.138471
-1.168132 0.464720 -0.567994
-1.216446 0.592821 1.187898
-1.113351 0.634183 -0.443110
-1.126107 0.917212 1.788758
-0.931102 1.012664 -0.838679
-1.024234 1.188283 1.813383
-0.906416 1.022727 -0.328204
-0.994972 1.538581 2.436753
-0.746880 1.457217 -0.063440
-0.844496 1.795229 2.110872
-0.787125 1.808042 0.444929
-0.814201 1.897385 1.691464
-0.851955 1.788969 1.074663
-0.805440 1.550965 1.189329
-0.968906 -0.814019 -0.454678
-1.023160 -0.866828 -0.380064
-1.154427 -1.130357 -0.519781
-1.120939 -1.003755 -0.390135
-1.168144 -1.173152 -0.810395
-1.166136 -0.933055 0.132207
-1.260459 -1.010706 -0.509400
-1.334956 -0.841147 0.324235
-1.233145 -0.996878 -0.786314
-1.216105 -0.724888 0.903449
-1.082918 -0.812658 -0.470503
-1.068513 -0.571362 0.950444
-0.960923 -0.658236 -0.552325
-0.949272 -0.425677 1.305317
-0.913640 -0.320685 -0.350808
-0.954181 -0.136333 1.173477
-0.928875 0.020242 -0.282496
-1.036268 0.150863 1.354606
-0.952491 0.320107 -0.399280
-1.052875 0.356362 1.022976
-0.968607 0.437077 -0.891200
-0.944318 0.528847 1.562664
-0.905331 0.630231 -0.573127
-1.077121 0.663178 1.079204
-0.887911 0.633656 -0.728597
-0.961502 0.730691 1.480421
-0.962990 0.612112 -0.308194
-1.093514 0.733756 0.996619
-0.969948 0.738441 -0.018163
-1.029917 0.841950 0.890070
-1.018511 0.745427 0.371503
-0.897790 0.852729 0.626661
-0.856913 -0.516120 -0.051077
-1.047552 -0.508372 -0.043495
-1.079429 -0.644667 -0.253846
-1.047772 -0.541701 -0.009605
-1.099734 -0.639676 -0.128065
-1.085768 -0.628839 0.141926
-1.079187 -0.711036 -0.252175
-1.075917 -0.616872 0.496921
-1.106881 -0.703312 -0.154828
-1.052976 -0.553067 0.598655
-0.980478 -0.616017 -0.146412
-0.914304 -0.418188 0.872958
-0.876626 -0.400752 0.038963
-0.842340 -0.235167 0.903799
-0.833633 -0.155170 -0.198797
-0.866070 -0.017004 1.053556
-0.869149 0.143087 -0.449371
-0.899935 0.265361 0.981935
-0.904967 0.328144 -1.130224
-0.885298 0.404881 1.232265
-0.975734 0.535092 -1.096351
-0.988012 0.621126 0.912567
-0.948083 0.675908 -1.436938
-0.910178 0.805388 1.404620
-0.918488 0.767220 -0.808064
-1.016467 0.915581 1.270971
-0.900553 0.873382 -0.763154
-0.967092 1.174943 1.499850
-0.909783 1.203964 0.063338
-0.886921 1.275141 1.115170
-0.850459 1.153480 0.474210
-0.740157 1.026322 0.652631
-0.724413 -0.400986 -0.096408
-0.845768 -0.463788 0.017705
-0.876037 -0.546292 -0.059470
-0.878529 -0.592732 0.061218
-0.835218 -0.645130 -0.186859
-0.842271 -0.594404 0.268315
-0.853378 -0.622426 -0.016364
-0.876377 -0.592687 0.374376
-0.811265 -0.606832 -0.181732
-0.783742 -0.484237 0.737736
-0.758660 -0.504030 -0.006028
-0.733081 -0.428415 0.670221
-0.597018 -0.414340 -0.053452
-0.593697 -0.287298 1.029391
-0.539648 -0.172880 -0.028699
-0.595513 -0.104767 0.953473
-0.626459 0.038156 -0.432266
-0.605328 0.089596 1.195116
-0.611070 0.213710 -0.635379
-0.637266 0.200180 1.136146
-0.684767 0.365817 -1.370749
-0.681929 0.421972 1.299467
-0.718175 0.338076 -0.906200
-0.754171 0.357985 0.817774
-0.721366 0.423607 -1.110448
-0.827666 0.504726 0.920133
-0.902684 0.461543 -0.520415
-0.930872 0.538594 0.613055
-0.851407 0.561068 -0.349473
-0.903896 0.626434 0.517717
-0.881817 0.561947 0.083549
-0.700227 0.563387 0.356768
-0.526508 -0.423938 0.072479
-0.664851 -0.439001 0.137504
-0.637994 -0.506646 0.025365
-0.615467 -0.477934 0.268184
-0.646896 -0.548354 0.095626
-0.629821 -0.561293 0.294017
-0.630779 -0.627268 0.077516
-0.584345 -0.541145 0.451641
-0.595820 -0.574344 0.161297
-0.537632 -0.465330 0.579569
-0.500473 -0.485750 0.097646
-0.418204 -0.357551 0.758666
-0.384363 -0.356859 0.096312
-0.305677 -0.210391 0.749480
-0.375970 -0.190894 -0.021381
-0.408703 -0.013914 0.847138
-0.522565 -0.006905 -0.236917
-0.491109 0.118531 0.939091
-0.551796 0.129058 -0.620784
-0.618354 0.226854 0.745076
-0.696220 0.312918 -0.640536
-0.732924 0.376498 0.610130
-0.650186 0.444590 -0.886358
-0.657434 0.487675 0.439225
-0.619733 0.511468 -0.648096
-0.727204 0.565860 0.466427
-0.708944 0.556197 -0.675887
-0.764811 0.685594 0.500933
-0.740887 0.665851 -0.397444
-0.719870 0.705819 0.336232
-0.695743 0.591878 -0.078471
-0.562140 0.601345 0.153509
-0.425859 -0.428269 -0.015821
-0.486645 -0.450137 0.041633
-0.449909 -0.505041 0.014559
-0.400569 -0.511498 0.134148
-0.365136 -0.551481 -0.005304
-0.417090 -0.526037 0.315613
-0.382248 -0.504339 0.194567
-0.261826 -0.503512 0.328411
-0.151891 -0.469145 0.184508
-0.034546 -0.428766 0.550781
0.059681 -0.439333 0.188576
0.098762 -0.371157 0.598470
0.046021 -0.377469 0.182125
0.072867 -0.270443 0.772101
0.047359 -0.224816 0.079079
0.006407 -0.082681 0.780006
-0.066369 -0.042266 -0.008746
-0.147053 0.048309 0.891116
-0.235257 0.053406 -0.320063
-0.300598 0.143954 0.736318
-0.428636 0.162983 -0.522912
-0.490346 0.192769 0.819482
-0.534246 0.239477 -0.432190
-0.527994 0.270785 0.488022
-0.515155 0.324920 -0.585010
-0.530001 0.340561 0.449793
-0.579504 0.378300 -0.329572
-0.590960 0.362706 0.237716
-0.629420 0.398007 -0.462235
-0.669936 0.430862 0.235184
-0.700604 0.413223 -0.109867
-0.556821 0.411280 0.070679
-0.312696 -0.466263 0.067203
-0.397504 -0.458519 0.087170
-0.340381 -0.491654 0.029779
-0.265218 -0.466191 0.178190
-0.250634 -0.527800 0.103169
-0.206277 -0.530854 0.195728
-0.157631 -0.544570 0.185293
0.053029 -0.503277 0.338003
0.149545 -0.460215 0.311138
0.304182 -0.403659 0.431338
0.317744 -0.375311 0.261106
0.421610 -0.313494 0.554781
0.325492 -0.292189 0.332637
0.351616 -0.195917 0.550744
0.277955 -0.157093 0.215497
0.349016 -0.034067 0.623184
0.272467 -0.019966 0.093348
0.258829 0.099769 0.655071
0.107595 0.112277 -0.183894
0.029231 0.211685 0.542412
-0.186152 0.216939 -0.310156
-0.329539 0.288487 0.454900
-0.397348 0.339380 -0.425490
-0.402733 0.370470 0.261620
-0.418276 0.393417 -0.369093
-0.422209 0.465938 0.172142
-0.391868 0.426364 -0.427726
-0.425577 0.511603 0.220503
-0.460876 0.450928 -0.328107
-0.477944 0.511901 0.144751
-0.475964 0.412243 -0.192638
-0.454987 0.451562 0.019982
-0.266478 -0.439647 -0.022877
-0.308327 -0.440731 -0.000415
-0.221660 -0.481285 0.040447
-0.145634 -0.491100 0.059163
-0.077492 -0.513857 0.012813
0.004940 -0.495713 0.256032
0.112870 -0.451833 0.230251
0.349468 -0.485060 0.245247
0.451635 -0.476430 0.242837
0.551095 -0.451400 0.492463
0.582900 -0.414268 0.293534
0.647438 -0.375415 0.566288
0.555548 -0.371749 0.235337
0.542883 -0.332996 0.735067
0.544592 -0.265262 0.232374
0.578971 -0.177016 0.697303
0.533303 -0.119885 0.074389
0.534139 -0.017254 0.665445
0.557142 0.031939 0.001687
0.469059 0.186576 0.500836
0.252356 0.226838 -0.222915
0.064869 0.279175 0.352954
-0.120679 0.336736 -0.042170
-0.210564 0.332868 0.156304
-0.274738 0.394593 -0.220875
-0.285156 0.412598 0.092757
-0.312427 0.425320 -0.122591
-0.361210 0.373611 -0.012594
-0.401654 0.419960 -0.208815
-0.472373 0.396212 0.060435
-0.526326 0.362885 -0.181619
-0.422548 0.367301 0.006514
-0.280074 -0.446774 0.052360
-0.342311 -0.438598 0.060042
-0.257397 -0.444874 0.087062
-0.137458 -0.429849 0.104076
-0.050851 -0.451082 0.191813
0.115438 -0.490535 0.057075
0.273125 -0.456193 0.253572
0.443220 -0.449782 0.243115
0.474915 -0.375476 0.274582
0.582139 -0.334266 0.293025
0.538100 -0.280020 0.246244
0.616027 -0.247595 0.560034
0.549270 -0.224365 0.202099
0.570918 -0.196804 0.499545
0.530581 -0.132245 0.248106
0.590293 -0.057410 0.584630
0.603969 0.044731 0.106118
0.661718 0.143653 0.453561
0.647725 0.172627 0.066531
0.644972 0.284182 0.400520
0.497517 0.274496 -0.057350
0.331622 0.351446 0.165322
0.119001 0.344988 0.044410
-0.052787 0.404004 0.029010
-0.194972 0.422053 -0.010749
-0.246454 0.444330 0.004324
-0.302045 0.420753 -0.159752
-0.315952 0.452962 -0.045632
-0.382901 0.483660 -0.247097
-0.406391 0.420435 -0.124954
-0.449334 0.455411 -0.132554
-0.400322 0.409842 -0.150303
-0.246053 -0.465077 -0.073652
-0.301587 -0.442164 0.018117
-0.219792 -0.489117 0.143394
-0.097928 -0.442282 0.009327
0.034701 -0.481611 0.109840
0.140456 -0.453334 0.146630
0.302980 -0.411819 0.286660
0.458185 -0.450721 0.117589
0.552480 -0.447244 0.280271
0.558557 -0.446867 0.354026
0.635957 -0.431472 0.312448
0.667660 -0.428600 0.499789
0.645454 -0.377529 0.266495
0.567561 -0.389989 0.666314
0.575671 -0.318530 0.357910
0.593281 -0.276361 0.631656
0.599658 -0.124162 0.373374
0.563785 -0.020319 0.562875
0.590793 0.051503 0.255799
0.566771 0.099972 0.331682
0.460870 0.178987 0.159108
0.286907 0.229026 0.157532
0.093352 0.304903 0.110336
-0.088263 0.357871 -0.019037
-0.232743 0.404573 -0.125905
-0.334332 0.427225 -0.022095
-0.389217 0.425233 -0.115183
-0.456334 0.427926 -0.031371
-0.480467 0.448343 -0.213708
-0.551831 0.454003 0.053710
-0.582450 0.424429 -0.092210
-0.501187 0.418707 -0.030137
-0.322513 -0.438997 -0.022002
-0.361334 -0.397627 0.052752
-0.261080 -0.380695 -0.039200
-0.087857 -0.355524 0.126929
0.061844 -0.354278 0.159146
0.208431 -0.395256 0.091958
0.293117 -0.354052 0.156135
0.442448 -0.372993 0.183138
0.485123 -0.308980 0.269194
0.613142 -0.291077 0.229107
0.559203 -0.261583 0.196496
0.582979 -0.260653 0.486526
0.490232 -0.260711 0.285395
0.540257 -0.225986 0.463431
0.505343 -0.200414 0.198032
0.539902 -0.106699 0.511856
0.519886 0.012782 0.377172
0.593856 0.130644 0.328934
0.546654 0.137590 0.228306
0.535908 0.148162 0.220509
0.363358 0.192183 0.290207
0.286752 0.265963 -0.000292
0.081130 0.301833 0.087405
-0.046184 0.316591 -0.044977
-0.241463 0.365496 0.125554
-0.298180 0.359414 -0.090267
-0.392085 0.400313 -0.028542
-0.406539 0.454615 -0.097892
-0.486795 0.519384 -0.055279
-0.510517 0.502128 -0.158856
-0.551745 0.540848 -0.105318
-0.455791 0.448999 -0.250733
-0.060914 -0.340764 0.008974
-0.141439 -0.316227 0.161972
-0.063258 -0.313959 0.104339
0.053917 -0.288907 0.214503
0.203343 -0.252892 0.107747
0.255920 -0.219125 0.303050
0.378299 -0.207223 0.216028
0.390455 -0.268282 0.283086
0.489962 -0.255069 0.291841
0.443580 -0.288303 0.506625
0.559253 -0.237982 0.415169
0.473093 -0.292304 0.481287
0.537327 -0.199320 0.466154
0.444670 -0.238271 0.682973
0.512384 -0.149839 0.536108
0.444657 -0.162146 0.561617
0.507109 0.000698 0.516370
0.428817 0.051908 0.630840
0.477502 0.134156 0.553465
0.419061 0.066712 0.354237
0.382924 0.194371 0.380144
0.238226 0.225889 0.224788
0.130962 0.325396 0.227756
-0.006063 0.318321 -0.040761
-0.123815 0.356090 -0.065362
-0.216851 0.363054 -0.068658
-0.276362 0.356175 -0.107786
-0.295939 0.369133 -0.097473
-0.310951 0.401942 -0.126223
-0.352449 0.416659 -0.032565
-0.417896 0.435447 -0.054540
-0.268409 0.369622 -0.090219
