2.469211 0.082816 0.189776
1.262376 -0.136446 -0.156616
1.610836 -0.013009 0.127512
0.190601 0.356693 0.006887
0.652690 -0.012768 -0.122598
2.700729 0.081582 -0.095857
0.406888 0.068678 0.364477
-0.082291 0.282055 -0.183917
2.955644 0.100579 0.107995
-0.213400 0.143088 0.201844
-0.178659 0.172165 0.272070
0.527011 0.137882 0.253115
0.212845 0.230677 0.093857
1.304841 -0.042839 -0.124943
0.258162 0.404746 0.053169
2.852825 0.008874 0.129299
0.868290 -0.000680 0.139553
2.357870 0.067490 0.295948
-0.582693 0.347609 0.031270
-0.593595 -0.079093 -0.116430
1.970853 -0.028548 0.040957
1.586995 -0.038259 0.070847
2.012950 0.014933 0.144035
-0.136366 0.255020 -0.304642
0.173891 0.032514 0.504188
2.047907 -0.044760 0.132689
-0.202020 0.349831 0.044353
1.996122 0.033182 -0.019005
-0.553161 0.157820 0.112599
0.794668 -0.055741 0.008242
-0.992095 -0.172799 -0.130364
0.259458 0.177744 -0.306655
1.348162 0.346943 -0.014286
1.186136 -0.114066 -0.173417
2.392280 0.014331 0.221968
2.442267 0.065045 0.001675
3.035212 0.210558 -0.011167
0.750086 0.202365 -0.069598
1.895280 0.080517 -0.175432
0.200204 0.224710 -0.222645
-0.491298 0.210428 0.394272
0.080900 0.316805 0.212946
0.492990 0.105035 0.167708
-0.151161 0.107047 -0.185714
-0.032760 -0.024385 -0.240798
-0.192247 -0.077186 -0.379474
-0.675437 -0.209163 0.011011
2.467387 0.034662 -0.018773
-0.278737 0.241294 -0.237299
2.629812 0.085702 0.213277
3.279066 0.224151 -0.126855
0.556046 0.288880 -0.067098
0.154032 0.043695 0.146885
-0.041588 0.275346 0.207865
0.302841 -0.215542 0.123111
2.645807 0.239724 0.107995
2.987761 0.068136 -0.037360
0.548905 0.199988 0.127155
-1.114939 0.228972 -0.123819
2.481750 0.171642 0.229679
-1.017461 0.075664 -0.246993
0.338997 0.190741 0.021621
-0.680166 -0.187370 0.105641
0.124125 -0.295033 0.103707
-0.348312 -0.141491 -0.221080
0.821788 -0.087414 0.072023
-0.831416 0.097672 0.319062
0.327168 -0.222072 0.243643
-0.061485 0.284263 -0.169717
-0.773630 0.103984 0.152273
1.280769 0.018718 -0.010967
2.037774 0.090815 0.194778
-0.867513 0.125434 0.139999
2.295429 0.131181 0.080171
2.733477 0.177712 0.133376
0.473727 -0.060122 -0.328820
1.606709 0.226106 0.114766
0.233741 -0.197888 -0.244082
0.396662 -0.137708 0.221391
0.126049 0.296551 -0.042492
0.119243 -0.245602 -0.214561
-1.026688 -0.037110 0.253481
3.341179 0.227549 0.103543
-1.154991 0.041340 0.288518
0.534327 -0.129066 -0.145742
0.146014 0.001638 -0.259978
0.892370 -0.153090 0.037042
1.938100 -0.067113 0.101970
-0.491593 0.282232 -0.030486
2.508034 0.170177 -0.024370
-0.672351 0.021641 0.170563
2.340737 0.099169 0.015532
-0.099909 -0.069687 0.150916
-0.532529 -0.004592 0.377981
2.256206 0.082784 0.027213
2.331497 0.060479 -0.043275
-0.316250 -0.145919 0.192547
1.243464 0.086861 0.012093
1.021588 -0.138451 0.210383
-0.591053 0.126716 -0.227012
-0.794676 0.004643 0.236276
-0.506312 0.381528 -0.022288
1.854727 0.064859 0.067741
0.559145 0.078875 -0.204624
0.975670 0.258179 -0.116222
1.200748 0.086215 0.146918
-0.666175 0.209937 -0.006276
-0.196603 0.379648 0.043443
0.575408 -0.051981 0.202507
0.626031 -0.219920 0.089143
-0.928765 0.256655 0.060529
-0.021131 0.029933 -0.266517
1.577975 -0.030869 -0.052823
0.909753 0.260695 0.138083
2.445074 0.009396 0.148746
-1.516731 0.141652 -0.322881
0.282625 -0.048557 0.427129
1.768466 0.159656 -0.001353
2.129990 -0.014028 0.222872
-0.884545 0.263873 0.017353
0.933029 -0.290772 -0.069129
0.308797 -0.198374 0.311759
-0.240381 -0.095925 0.121919
1.172461 0.114707 0.138835
1.320413 -0.005062 0.155111
1.228613 -0.045115 0.282496
0.644228 0.127532 -0.358098
0.913946 0.239861 -0.132630
1.413280 0.060954 -0.068343
-0.758214 -0.005965 -0.296428
1.689382 0.028058 0.061021
0.096860 -0.145326 0.140474
-0.341762 0.309496 -0.119068
2.038035 0.007418 0.015266
-0.652903 0.147710 -0.197088
1.337693 0.272549 -0.012631
1.661462 0.180270 0.106070
-0.529703 0.286991 0.250896
-0.909572 -0.067906 -0.240407
0.231005 0.268682 0.190854
1.435059 0.152016 0.142079
-0.563999 0.294898 -0.105236
-0.349023 0.201492 0.202705
-0.311203 -0.032006 -0.368302
0.960520 0.161714 0.010016
1.102816 -0.128266 0.151317
-0.939413 0.028272 -0.268624
-0.121489 0.008213 0.242034
-1.013269 0.206986 -0.212705
0.497569 0.090052 -0.278339
2.545375 0.112535 0.268208
2.456734 0.016206 0.007771
0.542294 0.250574 -0.188325
-0.001760 -0.012609 -0.086445
-0.197754 0.066536 -0.072140
-0.155292 0.109572 0.409065
0.935256 0.276339 -0.097339
-0.841890 0.281170 0.207076
3.071537 0.049982 0.002901
-0.537927 -0.008822 0.304357
-1.332685 -0.085846 -0.332089
2.624633 0.020131 0.126497
2.201528 0.121581 0.257621
0.532257 0.153423 0.302865
0.433285 -0.059118 -0.157077
1.846652 -0.027202 -0.019348
1.653645 0.031741 0.369643
-0.015786 0.064612 -0.241620
1.848737 0.032271 -0.018656
-0.479592 -0.029360 -0.266065
2.088625 -0.139923 -0.064337
-0.394919 0.133123 0.331704
-0.380730 0.063978 0.423822
0.828889 0.032749 -0.159186
1.417898 0.002571 0.209354
0.306799 0.350920 0.090505
2.568302 -0.073275 0.159890
2.346132 0.170083 0.143252
0.060749 -0.273625 -0.027305
0.800561 0.001982 0.341273
2.615850 0.127265 -0.025037
-0.028682 0.367483 -0.246434
0.423493 0.210301 0.178781
2.815534 0.049679 0.099708
0.229487 -0.120505 0.305712
1.082880 0.017609 -0.079820
3.603105 0.176143 0.171053
-0.816942 0.201910 -0.222467
1.777377 -0.014631 0.025381
0.193136 0.121217 -0.302011
-0.009017 0.196331 0.144085
1.043667 0.234985 -0.105612
1.743774 0.143148 0.288914
0.285409 0.259137 0.038295
-0.982105 0.107671 0.261837
1.035791 -0.059378 0.221193
2.231251 0.093719 -0.024404
0.794393 -0.229722 -0.236057
-0.103494 -0.140366 0.021548
2.680986 0.123091 0.143713
2.891154 -0.148739 -0.072132
-0.204977 0.158844 0.175032
2.113239 0.012210 -0.063160
-0.251500 0.036314 0.366212
2.584896 0.099861 0.164340
2.163785 0.115108 0.005260
-0.585560 0.113688 -0.181632
1.391499 0.099911 0.128619
-0.280639 -0.136573 0.398067
2.681711 0.066261 0.148706
1.578368 0.094807 0.033927
1.211343 0.256469 -0.064748
1.227740 0.196191 0.165207
1.686686 0.137803 0.049395
-0.849545 0.151582 0.049430
-0.577209 -0.077770 -0.192530
-0.301294 0.062688 -0.358555
1.232644 0.248092 -0.149382
-0.265147 0.199388 -0.285046
2.462805 0.050738 0.192921
-0.616078 0.154079 0.002107
-0.657751 0.007020 0.252664
-1.035494 0.187777 -0.313568
-0.230387 -0.301456 0.126331
-0.861211 0.174340 0.130882
1.885573 0.140731 -0.061337
-0.151437 -0.135068 0.091943
-1.268498 0.136752 -0.322744
2.277953 0.206922 -0.114642
0.357996 0.103852 0.071865
1.994805 0.049919 -0.014070
2.147513 0.272164 0.098978
-0.943506 -0.131143 0.168932
-0.603127 0.160643 -0.347085
-0.329290 0.029996 -0.272297
1.470394 0.204610 -0.102510
-0.399861 -0.259713 -0.055817
-0.322442 0.330506 0.199031
-1.041207 -0.065063 -0.202466
-0.712120 0.152924 0.075981
0.310859 -0.076669 -0.181636
-0.733742 -0.145947 -0.049572
0.289249 -0.013591 -0.182341
3.097009 0.215526 0.131093
-0.995609 -0.063552 -0.278026
0.305223 0.131621 0.247697
-0.658964 0.129466 0.201281
2.009569 0.131619 0.177048
-0.037796 -0.112013 -0.308529
-1.027906 -0.177099 -0.115678
-0.900405 -0.169089 0.109274
2.052457 -0.076009 -0.023185
-0.594309 -0.146025 -0.244472
-0.492931 0.276089 0.080490
0.430983 -0.003268 -0.030118
-0.171680 -0.125212 0.279694
-1.156926 -0.255895 -0.121949
-1.476832 -0.105145 0.014187
-1.621129 -0.081916 -0.172576
-1.647453 -0.099835 0.234170
-1.743388 -0.122148 -0.063572
-1.764339 -0.075303 0.014889
-1.719297 -0.148022 -0.306784
-1.737963 -0.079508 0.394915
-1.833765 -0.256761 -0.309873
-1.893877 -0.256456 0.210462
-1.865288 -0.425591 -0.506960
-1.904786 -0.288341 0.700639
-1.990965 -0.439678 -0.152553
-1.864293 -0.247838 0.280315
-1.737385 -0.231461 -0.266825
-1.687308 -0.019485 0.591316
-1.847108 -0.056705 -0.168348
-1.881295 0.011938 0.308087
-1.889498 -0.013535 -0.433943
-1.888185 0.120238 0.678400
-1.929989 0.047261 -0.223079
-1.895270 0.248023 0.501054
-1.845052 0.202759 -0.291504
-1.811368 0.288052 0.598864
-1.880244 0.212786 -0.023071
-1.850293 0.291155 0.239770
-1.775080 0.214740 -0.227963
-1.681539 0.235550 0.258436
-1.655134 0.118087 -0.179243
-1.490004 0.051131 0.067464
-1.260514 0.015634 -0.203127
-0.889321 0.216081 -0.012994
-1.489345 -0.320960 -0.154438
-1.931600 -0.318485 0.200309
-2.181427 -0.483151 0.048943
-2.288891 -0.471008 0.290591
-2.266276 -0.524496 -0.098387
-2.353299 -0.358197 0.630898
-2.388683 -0.524852 -0.041801
-2.422282 -0.421122 0.123879
-2.353622 -0.562085 -0.315889
-2.486048 -0.404018 0.673557
-2.517524 -0.703976 0.006058
-2.556978 -0.537841 0.482533
-2.478135 -0.619306 -0.146318
-2.530370 -0.418614 0.918198
-2.494566 -0.574083 0.189223
-2.401984 -0.332087 0.441819
-2.292676 -0.255436 -0.346905
-2.330659 0.020307 0.665914
-2.405395 -0.161470 -0.102830
-2.429978 0.041775 0.483116
-2.380570 -0.033718 -0.350286
-2.455900 0.153499 0.802692
-2.448888 -0.003488 -0.075280
-2.475018 0.093732 0.567671
-2.337501 0.062262 -0.246191
-2.420879 0.093399 0.903343
-2.398187 -0.075540 0.111870
-2.357713 -0.054250 0.414435
-2.131670 -0.130435 -0.117489
-2.054503 -0.131190 0.451864
-1.809627 -0.299265 0.095366
-1.319238 0.010285 0.252931
-1.554936 -0.122205 0.093569
-1.938384 -0.061856 0.058454
-2.194832 -0.163538 0.025374
-2.213972 -0.147771 0.222832
-2.364727 -0.226617 0.185248
-2.355151 -0.197364 -0.124656
-2.477178 -0.220308 -0.092769
-2.478295 -0.205895 0.105805
-2.628034 -0.300417 0.065257
-2.577536 -0.378643 -0.230281
-2.801515 -0.442515 -0.134399
-2.718799 -0.376039 0.331320
-2.888027 -0.411974 0.315859
-2.704612 -0.218700 0.189086
-2.852970 -0.207240 -0.027939
-2.581613 -0.063211 0.548051
-2.742864 -0.090257 0.298883
-2.541720 0.102014 0.181926
-2.730047 0.137160 -0.061604
-2.604211 0.325558 0.350948
-2.761650 0.347994 0.079589
-2.672019 0.484438 0.151592
-2.767613 0.502632 -0.206833
-2.691413 0.604640 0.290243
-2.763358 0.543538 0.037425
-2.713420 0.544382 0.107443
-2.698372 0.504473 -0.284853
-2.579995 0.516399 0.129915
-2.493961 0.367069 -0.044253
-2.234916 0.201126 -0.064808
-2.039338 0.102728 -0.137001
-1.437567 0.238112 -0.177800
-1.443576 -0.342947 -0.125520
-1.864078 -0.458617 0.112650
-2.039425 -0.569289 0.012142
-2.158095 -0.618967 0.200823
-2.195643 -0.699410 -0.224980
-2.276026 -0.598304 0.520630
-2.356094 -0.678686 -0.154974
-2.444035 -0.693734 0.149520
-2.485642 -0.708102 -0.409139
-2.569006 -0.609643 0.549265
-2.639091 -0.728995 -0.146420
-2.770871 -0.705721 0.326610
-2.789691 -0.720357 -0.450946
-2.812895 -0.515616 0.761687
-2.740714 -0.565420 0.071156
-2.695293 -0.411086 0.515968
-2.539803 -0.327791 -0.187345
-2.565776 -0.101082 0.771682
-2.535290 -0.083567 -0.098660
-2.547005 0.096133 0.347585
-2.514101 0.161176 -0.332595
-2.631590 0.296198 0.437165
-2.645756 0.279669 -0.094303
-2.737291 0.326214 0.209303
-2.633018 0.274190 -0.295117
-2.674491 0.372968 0.458965
-2.606207 0.177120 0.004199
-2.613228 0.188622 0.250860
-2.369465 0.057686 -0.254934
-2.229912 0.084563 0.221287
-1.987734 -0.044758 -0.005018
-1.419045 0.157136 0.072650
-1.237415 -0.250241 0.054316
-1.616852 -0.243618 0.077056
-1.783046 -0.270586 0.016127
-1.880906 -0.345421 0.070374
-1.979766 -0.315000 -0.063860
-2.076031 -0.364422 0.047652
-2.174534 -0.355504 -0.404242
-2.238385 -0.354724 0.415553
-2.301071 -0.368357 -0.207975
-2.361031 -0.474425 0.231934
-2.476598 -0.436469 -0.479255
-2.540849 -0.376408 0.647579
-2.660062 -0.345385 -0.241045
-2.681523 -0.308224 0.462600
-2.683696 -0.194918 -0.450356
-2.567209 -0.075510 0.709414
-2.524065 0.031396 -0.162982
-2.515997 0.175153 0.616317
-2.561591 0.379755 -0.340836
-2.531936 0.512442 0.747083
-2.578631 0.611670 -0.086080
-2.613122 0.692217 0.498157
-2.644908 0.802956 -0.209580
-2.632539 0.839558 0.358720
-2.528350 0.825626 0.034115
-2.532544 0.774746 0.239459
-2.482395 0.778375 -0.100193
-2.445462 0.685341 -0.018209
-2.235815 0.603586 -0.002211
-2.044262 0.397679 -0.037087
-1.826523 0.279161 -0.055345
-1.333168 0.321471 -0.067592
-1.131428 -0.313377 -0.048074
-1.432283 -0.361230 0.072322
-1.567495 -0.383457 0.089186
-1.655880 -0.443194 0.203091
-1.786017 -0.514808 -0.165542
-1.881054 -0.501597 0.552562
-2.038010 -0.650270 -0.237255
-2.096202 -0.654534 0.379087
-2.078973 -0.727631 -0.567679
-2.190430 -0.559230 0.901279
-2.296041 -0.736348 -0.371921
-2.452543 -0.604106 0.690789
-2.476655 -0.660692 -0.727727
-2.526541 -0.444780 0.972513
-2.392533 -0.472618 -0.403817
-2.416602 -0.288743 0.687573
-2.322722 -0.168711 -0.573636
-2.376077 0.047694 0.901741
-2.302354 0.146483 -0.441009
-2.389189 0.294148 0.632020
-2.278316 0.380727 -0.616480
-2.399115 0.494301 0.613760
-2.376087 0.514643 -0.248116
-2.409622 0.524078 0.328145
-2.221351 0.514399 -0.256520
-2.272013 0.581266 0.404517
-2.187053 0.490120 -0.093634
-2.160907 0.472450 0.161825
-2.007539 0.333569 -0.092727
-1.841375 0.283252 0.112510
-1.691737 0.144791 0.078215
-1.215579 0.213230 0.037691
-1.032261 -0.211611 0.065390
-1.313277 -0.215043 0.146881
-1.483106 -0.216954 0.063043
-1.508953 -0.184047 0.018554
-1.676496 -0.110353 0.063345
-1.773858 -0.126492 0.008362
-1.911148 -0.130390 -0.201931
-1.964046 -0.185380 0.362202
-2.090365 -0.285485 -0.175393
-2.166226 -0.376090 0.239450
-2.285647 -0.385146 -0.473007
-2.346988 -0.310304 0.670203
-2.453516 -0.284239 -0.438135
-2.468431 -0.275226 0.564173
-2.445872 -0.234164 -0.785175
-2.312825 -0.066746 0.888822
-2.279232 0.084091 -0.607099
-2.359358 0.247055 0.624482
-2.442529 0.368344 -0.780169
-2.433720 0.567191 0.887469
-2.420696 0.648547 -0.426381
-2.339983 0.686630 0.485057
-2.268423 0.753988 -0.465321
-2.169943 0.789310 0.526953
-2.129104 0.801701 -0.200820
-2.024618 0.728320 0.172691
-1.895592 0.692310 -0.197322
-1.804390 0.627557 0.124086
-1.675416 0.558635 0.022707
-1.556977 0.366932 -0.031715
-1.426746 0.283538 -0.062510
-1.058586 0.284640 -0.117085
-0.962326 -0.208114 -0.086619
-1.236143 -0.225823 0.059489
-1.344931 -0.203089 0.008653
-1.417789 -0.202214 0.093960
-1.494222 -0.193469 -0.090970
-1.594724 -0.265066 0.207089
-1.746546 -0.308375 -0.066706
-1.836854 -0.406871 0.302778
-1.907148 -0.504827 -0.391909
-2.020275 -0.464467 0.711671
-2.126579 -0.629163 -0.383453
-2.277935 -0.525086 0.629251
-2.282046 -0.604800 -0.828633
-2.369665 -0.385556 1.035972
-2.263897 -0.464975 -0.817322
-2.285059 -0.164589 0.829612
-2.173312 -0.122362 -1.020760
-2.226870 0.133768 0.996114
-2.070624 0.102287 -0.718571
-2.117959 0.323283 0.523594
-1.964616 0.347938 -0.882826
-2.015739 0.491877 0.635646
-1.922730 0.386495 -0.408194
-1.957712 0.456076 0.314876
-1.701764 0.477453 -0.440631
-1.658548 0.526042 0.350306
-1.540691 0.388251 -0.129445
-1.494966 0.368875 0.104788
-1.362479 0.288622 -0.124795
-1.328138 0.267541 0.027801
-1.249849 0.172149 -0.000104
-0.912264 0.220118 -0.006659
-0.906090 -0.208223 -0.018391
-1.149002 -0.168988 0.198049
-1.256483 -0.178652 0.035826
-1.265243 -0.102703 0.087470
-1.324994 -0.081384 0.023686
-1.372405 -0.062730 0.151916
-1.510864 -0.095976 -0.065648
-1.573188 -0.151808 0.183259
-1.704746 -0.183423 -0.060134
-1.784248 -0.239563 0.192576
-1.934424 -0.198137 -0.293879
-2.025645 -0.170506 0.503268
-2.191767 -0.152649 -0.340713
-2.259722 -0.198893 0.379840
-2.292214 -0.110784 -0.754043
-2.243942 0.004403 0.688456
-2.200843 0.113760 -0.616253
-2.192757 0.235222 0.478269
-2.146493 0.310643 -0.868593
-2.117321 0.479272 0.649146
-1.996205 0.516476 -0.428498
-1.871736 0.528646 0.306383
-1.822618 0.536160 -0.519396
-1.751604 0.576903 0.275924
-1.672756 0.551627 -0.198298
-1.465852 0.507092 0.148103
-1.304147 0.467214 -0.104673
-1.210538 0.451415 0.040306
-1.123299 0.407811 0.005378
-1.069295 0.324422 -0.073205
-0.990246 0.256501 -0.017358
-0.757569 0.276804 -0.087876
-0.870275 -0.224285 -0.067245
-1.086572 -0.239798 0.140968
-1.155020 -0.200107 -0.056664
-1.147727 -0.180514 0.115798
-1.173158 -0.170984 -0.119799
-1.181268 -0.173136 0.210317
-1.253410 -0.188282 -0.068297
-1.325375 -0.244363 0.261146
-1.451459 -0.300323 -0.183262
-1.587716 -0.332110 0.429790
-1.696939 -0.398857 -0.263919
-1.851470 -0.381882 0.326508
-1.919053 -0.372157 -0.585980
-2.022384 -0.244613 0.847350
-2.007448 -0.234168 -0.517528
-2.088362 -0.093735 0.679173
-1.990629 -0.051736 -0.834204
-1.952154 0.101898 0.897846
-1.814759 0.008047 -0.552000
-1.785745 0.205999 0.522178
-1.573183 0.207379 -0.721420
-1.540184 0.366309 0.478472
-1.455559 0.261590 -0.330207
-1.470852 0.374330 0.219550
-1.302106 0.322372 -0.341399
-1.205258 0.403852 0.234247
-1.061324 0.297305 -0.108740
-1.028560 0.310310 0.079723
-0.953074 0.255412 -0.002629
-0.947458 0.246513 -0.051127
-0.902704 0.217256 0.130268
-0.646724 0.246754 0.007378
-0.838020 -0.207320 -0.016681
-1.033841 -0.205077 0.150765
-1.083399 -0.219715 -0.021384
-1.024101 -0.152715 0.181154
-1.016276 -0.203691 -0.058132
-1.002297 -0.165475 0.134150
-1.037622 -0.202058 -0.075568
-1.082570 -0.179024 0.152894
-1.242244 -0.164363 -0.034341
-1.341460 -0.142361 0.171294
-1.517236 -0.109277 -0.141928
-1.591327 -0.111873 0.350609
-1.771950 -0.096192 -0.118420
-1.814899 -0.143173 0.218740
-1.945204 -0.073381 -0.453035
-1.913241 0.060765 0.450025
-1.940934 0.137508 -0.370055
-1.826175 0.219181 0.296038
-1.770971 0.255430 -0.546025
-1.676100 0.397765 0.252415
-1.539994 0.409064 -0.205361
-1.395569 0.360274 0.067129
-1.317307 0.328376 -0.209341
-1.267140 0.386563 0.077156
-1.179089 0.407513 -0.057638
-0.995715 0.374703 -0.027346
-0.824622 0.349349 -0.073463
-0.754715 0.358624 -0.036289
-0.697605 0.332035 0.017768
-0.724803 0.293058 -0.139248
-0.674765 0.274510 0.067561
-0.525814 0.279031 -0.153415
-0.779260 -0.234193 -0.060363
-0.940345 -0.252319 0.149664
-0.962261 -0.248572 -0.050246
-0.935613 -0.220491 0.110077
-0.935671 -0.241572 -0.110963
-0.943844 -0.191867 0.161241
-0.907164 -0.206274 -0.050273
-0.945421 -0.207610 0.151935
-1.024186 -0.219955 -0.135702
-1.171454 -0.217889 0.263334
-1.286239 -0.194201 -0.125499
-1.413149 -0.173125 0.214631
-1.413289 -0.138930 -0.277677
-1.495468 -0.085863 0.437544
-1.595416 -0.075471 -0.226485
-1.702734 0.051281 0.300765
-1.590734 0.054328 -0.371200
-1.505643 0.163882 0.509021
-1.409707 0.073644 -0.246996
-1.401978 0.199573 0.248301
-1.248508 0.179652 -0.298077
-1.176377 0.292505 0.207318
-1.136383 0.225526 -0.076192
-1.144447 0.251806 0.065478
-1.034558 0.263043 -0.180580
-0.939088 0.318499 0.126500
-0.799673 0.264755 -0.090467
-0.714054 0.261483 0.037541
-0.663040 0.247058 -0.047538
-0.649101 0.224724 -0.086496
-0.633584 0.232885 0.087972
-0.412431 0.264429 0.033359
-0.782461 -0.242061 -0.003996
-0.952425 -0.225893 0.193640
-0.972284 -0.259878 -0.000055
-0.893273 -0.186720 0.171877
-0.883816 -0.238501 -0.019995
-0.894320 -0.202389 0.109857
-0.900542 -0.233967 -0.023799
-0.913016 -0.196700 0.160473
-0.981381 -0.198227 0.020512
-1.070690 -0.159058 0.148104
-1.171049 -0.155447 -0.048268
-1.224104 -0.137706 0.235585
-1.319535 -0.121198 0.005594
-1.358274 -0.123030 0.167408
-1.424083 -0.072429 -0.184089
-1.455051 0.011748 0.161455
-1.445347 0.110921 -0.018989
-1.396686 0.167408 0.094933
-1.310485 0.270736 -0.277154
-1.197275 0.345853 0.063633
-1.140831 0.359850 -0.074923
-1.042820 0.287867 -0.021981
-0.970870 0.283084 -0.083782
-0.999674 0.271793 -0.012163
-1.024248 0.333867 -0.080360
-0.886631 0.309898 -0.025739
-0.775551 0.301055 -0.125282
-0.665510 0.308868 -0.088787
-0.562365 0.314762 -0.049102
-0.482185 0.292405 -0.068273
-0.439612 0.253124 0.136147
-0.302989 0.286918 -0.009504
-0.735910 -0.225450 -0.061270
-0.864451 -0.235724 0.124509
-0.876181 -0.248384 -0.014253
-0.855326 -0.209783 0.080698
-0.827220 -0.258558 -0.097924
-0.877520 -0.188999 0.163012
-0.888096 -0.217261 -0.025533
-0.920847 -0.208829 0.143433
-0.925097 -0.239662 -0.116079
-0.976137 -0.200564 0.238317
-1.022882 -0.190502 -0.093807
-1.107408 -0.133012 0.169637
-1.117978 -0.128784 -0.240779
-1.156256 -0.082501 0.312850
-1.168880 -0.068569 -0.183581
-1.257146 0.020751 0.214293
-1.211604 0.032122 -0.245893
-1.189314 0.165784 0.239997
-1.091234 0.183845 -0.116051
-1.015683 0.252978 0.060392
-0.886730 0.240113 -0.157934
-0.869907 0.285415 -0.020442
-0.883721 0.242745 -0.048949
-0.903785 0.244854 0.098183
-0.881165 0.238204 -0.158997
-0.831116 0.274485 0.082015
-0.711336 0.274102 -0.064936
-0.617976 0.245540 0.040373
-0.526001 0.256001 -0.017244
-0.456577 0.215657 -0.066290
-0.355666 0.214493 0.105884
-0.161091 0.254916 0.020584
-0.718138 -0.229353 -0.008436
-0.880605 -0.215165 0.163053
-0.882628 -0.234611 -0.039930
-0.817240 -0.162643 0.123178
-0.801041 -0.211589 -0.026670
-0.837407 -0.173156 0.043509
-0.838025 -0.205380 -0.076999
-0.811053 -0.138938 0.143222
-0.806382 -0.128640 -0.017105
-0.840325 -0.090648 0.118364
-0.859390 -0.131972 -0.177842
-0.840860 -0.076278 0.240001
-0.882980 -0.081870 -0.092157
-0.940728 -0.037559 0.218888
-1.014185 -0.006901 -0.269931
-1.030608 0.077961 0.226446
-1.093806 0.163100 -0.177380
-1.088214 0.225213 0.129416
-1.060596 0.263757 -0.221090
-0.941083 0.331021 0.043690
-0.855344 0.350214 -0.058167
-0.764505 0.302269 -0.008294
-0.787916 0.278531 -0.007628
-0.845568 0.277911 -0.024236
-0.883382 0.294672 -0.008609
-0.826244 0.279486 0.041109
-0.689803 0.250785 -0.058702
-0.597447 0.280037 -0.006092
-0.456664 0.286955 -0.077047
-0.359647 0.289671 -0.052185
-0.250890 0.268548 0.089915
-0.140810 0.309556 0.009332
-0.689483 -0.244188 -0.072412
-0.803527 -0.244289 0.137973
-0.790906 -0.265226 -0.026909
-0.763013 -0.222590 0.073448
-0.744325 -0.267798 -0.077831
-0.732764 -0.201115 0.152010
-0.706866 -0.266486 -0.046026
-0.688110 -0.229089 0.111662
-0.596824 -0.246630 -0.184877
-0.587374 -0.194000 0.227656
-0.577527 -0.226761 -0.110603
-0.607870 -0.198597 0.175806
-0.601477 -0.213132 -0.201788
-0.624684 -0.128368 0.152130
-0.701009 -0.086747 -0.159010
-0.771741 0.050916 0.235445
-0.814626 0.045513 -0.244401
-0.858262 0.171581 0.201571
-0.919072 0.162476 -0.088232
-0.880622 0.261508 0.108203
-0.767766 0.241773 -0.098526
-0.704266 0.272300 0.015717
-0.699939 0.243672 -0.020614
-0.715139 0.254404 0.065895
-0.715970 0.253727 -0.027300
-0.676789 0.257289 0.062416
-0.584073 0.240756 -0.055479
-0.492571 0.243785 0.093163
-0.423180 0.239001 -0.074853
-0.369923 0.234847 0.048690
-0.260471 0.258084 0.025964
-0.096778 0.290561 0.094678
-0.686021 -0.239847 0.007448
-0.804890 -0.217218 0.163286
-0.780099 -0.240588 -0.002192
-0.689129 -0.186723 0.147225
-0.678597 -0.220151 -0.010255
-0.643955 -0.194501 0.043772
-0.575508 -0.228106 -0.070996
-0.491804 -0.177959 0.144294
-0.472088 -0.228115 -0.103240
-0.394974 -0.165931 0.118524
-0.357271 -0.256827 -0.189233
-0.337850 -0.167460 0.238360
-0.321799 -0.228083 -0.209026
-0.311336 -0.104128 0.228766
-0.402773 -0.108061 -0.232731
-0.433975 0.060061 0.222736
-0.519799 0.044733 -0.206906
-0.555974 0.142102 0.244936
-0.651108 0.129932 -0.209160
-0.672850 0.284062 0.085555
-0.585241 0.249971 -0.126301
-0.549493 0.284529 0.048632
-0.548713 0.235968 -0.147183
-0.560652 0.276690 0.020543
-0.531953 0.275423 -0.085901
-0.479569 0.268155 0.031374
-0.442999 0.256192 -0.142326
-0.437357 0.280795 -0.028047
-0.373654 0.275209 -0.175652
-0.321013 0.309061 -0.043659
-0.198798 0.317786 0.094155
-0.087801 0.360507 0.023133
-0.622103 -0.246550 -0.037793
-0.735445 -0.258975 0.139168
-0.713104 -0.261444 -0.004667
-0.647959 -0.209622 0.040447
-0.549571 -0.245946 -0.064543
-0.535604 -0.187956 0.147434
-0.454501 -0.258442 -0.010204
-0.380506 -0.233155 0.059290
-0.238070 -0.237853 -0.147169
-0.155406 -0.192436 0.115796
-0.084630 -0.250926 -0.083971
-0.026659 -0.225423 0.163956
0.057258 -0.256038 -0.169321
0.065776 -0.169095 0.201925
0.023629 -0.139570 -0.195116
-0.060219 0.015915 0.286851
-0.090723 -0.033287 -0.293351
-0.164127 0.091034 0.241099
-0.196458 0.092805 -0.217576
-0.217444 0.210593 0.205134
-0.171163 0.199224 -0.163576
-0.141143 0.204523 0.023041
-0.205815 0.220557 -0.143756
-0.213570 0.243414 0.088438
-0.183256 0.289516 -0.111261
-0.196714 0.275385 -0.018161
-0.230551 0.271292 -0.116797
-0.219449 0.247358 0.039685
-0.220989 0.248139 -0.116162
-0.208341 0.255183 -0.031406
-0.079870 0.286250 0.043081
0.059371 0.340140 0.027424
-0.615113 -0.216400 0.011913
-0.740467 -0.204753 0.109382
-0.709002 -0.192144 -0.035413
-0.617808 -0.141334 0.115569
-0.586119 -0.166519 0.008451
-0.536383 -0.161436 -0.024058
-0.434643 -0.202008 -0.036916
-0.288659 -0.134250 0.104077
-0.140767 -0.158020 -0.038154
-0.005917 -0.157882 0.090076
0.168517 -0.215083 -0.088405
0.328083 -0.192145 0.114646
0.405155 -0.201156 -0.083356
0.438336 -0.143006 0.236451
0.453745 -0.143467 -0.246388
0.402101 -0.018585 0.279701
0.287945 -0.035882 -0.260296
0.213905 0.064346 0.333545
0.217554 0.104421 -0.266399
0.193862 0.203266 0.117924
0.136879 0.229259 -0.142541
0.137801 0.250230 0.077185
0.228575 0.233953 -0.081101
0.266756 0.265770 -0.054840
0.177716 0.289957 -0.142616
0.143744 0.291795 -0.012040
0.118930 0.302473 -0.181119
0.058362 0.292461 -0.084625
-0.061929 0.275537 -0.172696
-0.047037 0.298303 -0.117393
0.072779 0.323833 0.066500
0.142620 0.374509 -0.054642
-0.563918 -0.233114 -0.047926
-0.660143 -0.229512 0.143846
-0.628915 -0.224772 -0.007144
-0.594861 -0.203953 0.074479
-0.549993 -0.196444 -0.037656
-0.498577 -0.157045 0.119425
-0.414658 -0.180986 -0.016745
-0.242254 -0.194376 0.010302
-0.045224 -0.178177 -0.051917
0.168920 -0.184764 0.087040
0.325550 -0.177014 -0.003610
0.566779 -0.204598 0.028783
0.670038 -0.192672 -0.115328
0.762873 -0.138610 0.143371
0.793514 -0.130129 -0.081952
0.810866 -0.015754 0.160410
0.716458 -0.064451 -0.324291
0.646977 0.047723 0.237452
0.629249 0.031200 -0.179271
0.611785 0.142093 0.126445
0.503669 0.089125 -0.226767
0.453281 0.107085 -0.071007
0.434542 0.149041 -0.041850
0.490102 0.162207 0.014253
0.471916 0.239236 -0.094833
0.427854 0.275946 -0.083145
0.347558 0.307956 -0.052288
0.190242 0.262100 -0.063247
0.056984 0.260646 -0.128141
-0.003014 0.253006 -0.061119
0.058175 0.286166 0.034755
0.139099 0.354879 -0.006619
-0.611707 -0.221962 0.022116
-0.698449 -0.201173 0.127000
-0.659818 -0.207213 -0.009450
-0.569002 -0.172411 0.179990
-0.594456 -0.206408 -0.002997
-0.531110 -0.200511 0.064539
-0.444629 -0.228673 -0.040687
-0.205814 -0.195095 0.142975
0.118804 -0.186953 -0.084464
0.487294 -0.194598 0.065128
0.752311 -0.147124 -0.121998
0.963046 -0.147971 0.089946
1.088381 -0.133699 -0.162705
1.311368 -0.088102 0.024542
1.343556 -0.039307 -0.111006
1.377418 0.017474 0.125614
1.291775 0.017980 -0.219489
1.236531 0.072429 0.034496
1.122635 0.065299 -0.166364
1.102644 0.086838 0.018905
0.946806 0.097526 -0.215290
0.871406 0.130411 -0.126930
0.747742 0.148265 -0.079352
0.731660 0.150422 -0.101018
0.624573 0.194534 -0.080260
0.555299 0.258145 -0.025131
0.432680 0.306881 -0.055879
0.299093 0.325980 -0.064442
0.124161 0.303284 -0.080590
0.028762 0.287767 -0.096915
0.054122 0.281548 0.134546
0.110567 0.318121 0.006201
-0.529686 -0.254892 -0.024723
-0.656408 -0.234942 0.120241
-0.657802 -0.259413 0.048042
-0.606619 -0.217899 0.061118
-0.575161 -0.238397 -0.055925
-0.588403 -0.211418 0.149024
-0.525945 -0.240347 -0.019059
-0.212911 -0.234956 0.063671
0.229280 -0.219655 -0.113572
0.625532 -0.186554 0.045576
0.961388 -0.157572 -0.062612
1.199838 -0.142898 -0.014162
1.432262 -0.106576 0.022803
1.565177 -0.139060 0.114249
1.777694 -0.113982 -0.115745
1.781688 -0.099841 0.014007
1.677465 -0.069651 -0.000369
1.444862 -0.078014 0.032542
1.434084 -0.073033 -0.106965
1.331288 -0.076935 -0.019013
1.195183 -0.025758 -0.071735
1.010016 -0.019231 -0.049984
0.948154 0.016819 0.017734
0.876968 -0.004651 -0.064558
0.785790 0.080447 0.022004
0.658519 0.153259 -0.068645
0.507030 0.232498 0.003638
0.304914 0.278975 -0.079597
0.116999 0.250374 -0.028947
-0.099462 0.253810 -0.069323
-0.055741 0.264643 0.125908
0.060091 0.308432 -0.007817
-0.507760 -0.266431 -0.002836
-0.633261 -0.226616 0.051383
-0.617599 -0.235132 -0.008388
-0.542029 -0.216067 0.109365
-0.558836 -0.248676 0.053077
-0.597564 -0.264304 0.073928
-0.486953 -0.265682 -0.056906
-0.278356 -0.216140 0.177158
0.198868 -0.196718 -0.094791
0.560457 -0.160776 0.081454
0.913601 -0.124330 -0.177338
1.151570 -0.122334 0.027991
1.355380 -0.087218 -0.125557
1.558896 -0.085555 0.016851
1.481747 -0.030726 -0.159142
1.569036 -0.039343 0.057563
1.562157 0.000549 -0.102492
1.562420 -0.034529 -0.087622
1.434969 -0.057944 -0.137376
1.389274 -0.084607 -0.036258
1.257238 -0.010711 -0.054029
1.145501 0.024674 -0.098060
1.006141 0.023776 -0.068271
0.958045 -0.022896 -0.105046
0.881188 0.104524 0.064535
0.812070 0.186953 -0.072729
0.678468 0.276807 -0.092902
0.507235 0.312032 -0.069113
0.288658 0.295404 -0.019730
0.173461 0.299678 -0.124392
0.181814 0.269887 0.086941
0.222670 0.305433 -0.134282
-0.116545 -0.232419 -0.025087
-0.308091 -0.170214 0.079145
-0.358508 -0.219968 0.038551
-0.362671 -0.193391 0.087152
-0.326731 -0.216672 -0.028001
-0.338679 -0.183788 0.107288
-0.256149 -0.195586 -0.003574
-0.038112 -0.186963 0.127449
0.354913 -0.151267 -0.024096
0.687365 -0.140021 0.133456
0.987053 -0.064940 -0.041189
1.131646 -0.096394 0.122283
1.328437 -0.024065 -0.005012
1.406756 -0.137653 0.193238
1.607599 -0.038605 0.031436
1.554325 -0.072015 0.184441
1.488792 -0.002911 -0.003269
1.362925 -0.061951 0.128286
1.372921 -0.005679 -0.009770
1.241258 -0.032378 0.051223
1.100380 0.021263 -0.016363
0.951980 0.001532 0.094186
0.965304 0.048658 0.058151
0.908598 -0.013730 0.011417
0.826313 0.076396 0.069379
0.794682 0.120398 0.101805
0.705388 0.228880 0.070578
0.521744 0.276826 0.047215
0.383592 0.293293 -0.017600
0.244908 0.262225 0.049941
0.261827 0.251410 0.075607
0.282705 0.263511 0.036679
