0.181617 -0.466612 -1.156746
0.010197 -0.359689 -0.860437
0.019613 -0.999466 0.092923
0.144606 0.784774 -0.886016
-0.079692 -0.793497 0.704065
0.121185 1.454117 -0.844271
-0.294829 0.062057 1.071110
0.079597 1.119632 -0.303884
-0.054251 1.156050 -0.997516
0.271535 1.386507 -0.177446
-0.409929 0.812675 0.929547
-0.010544 0.531411 0.788231
-0.811502 0.985809 1.164629
0.084904 0.575874 0.820291
-0.547556 1.132650 0.667002
-0.308663 -1.116894 -0.731697
-0.321747 -0.778200 -1.368590
-0.218534 -1.073900 -0.010312
-0.059435 0.938562 -0.656517
-0.880896 0.892880 -1.446076
0.114874 -0.812966 0.248230
-0.086979 1.468190 -0.549214
0.050009 0.892078 -1.016863
-0.494788 0.119901 -1.625903
-0.439438 0.115585 1.240484
-0.269438 0.397692 0.830760
-0.702121 1.496232 -0.360709
0.104858 -1.032193 0.414345
-1.355827 1.055390 -0.400845
-0.151109 -0.713528 -0.960739
-1.368194 0.530021 -1.627892
-0.073306 0.093305 -1.130121
-0.117358 0.907899 -1.255567
-0.149891 -0.357673 -1.241380
-0.123294 0.474204 -1.026174
0.100645 0.924182 -0.823532
-0.303569 -0.895600 -0.762119
0.054266 0.419665 -1.230078
0.236379 0.724881 0.814904
-0.434837 1.026679 -1.212066
-0.137931 0.641360 0.438802
-0.112330 0.737126 0.626043
-0.107968 -0.591457 0.911509
-0.503186 -0.502543 -1.446704
-0.418949 -0.053343 -1.036036
-0.100213 -0.410742 -0.881911
-1.231539 -0.724174 0.877808
0.149820 0.833197 0.706658
-0.564978 0.676534 -1.142632
-0.352280 -0.029810 0.971556
-0.227200 -0.808215 0.263700
-0.000037 0.882265 -0.468584
0.073433 0.883401 0.278804
-0.683443 0.130918 1.391872
-0.444234 -0.250861 1.065371
-0.045967 -0.619418 0.532827
0.285891 -0.291320 -1.092104
0.207520 1.218446 0.288871
-1.511869 0.850860 -0.997501
0.035905 0.871753 -0.904037
-1.104501 0.104853 -1.245410
-0.573993 1.316908 -1.091605
-1.038181 -1.066852 0.306036
0.065869 -0.732171 0.143528
-0.284934 -0.699743 -0.860117
-0.346842 -0.221926 -1.587667
-0.578866 0.596057 0.756762
-0.071014 0.068054 1.139598
-0.359615 1.311558 0.620224
-0.989627 0.572170 1.286488
-0.319881 1.223808 -0.017534
0.192369 0.385693 -0.792629
-1.075586 0.207827 0.805218
-0.005564 -0.023798 0.846216
0.104499 1.216230 -1.184547
0.008744 -0.170134 -0.922152
0.111643 0.112103 0.687042
0.169665 -0.471611 -0.837047
0.085275 -0.329064 0.907942
0.118399 0.805281 -0.603850
0.142838 -0.757648 -0.463358
-1.232314 -0.220295 0.809324
0.198925 0.660310 -0.974508
-1.804784 0.335894 1.022004
-0.264122 -0.971839 -0.993328
-0.253788 0.023331 -1.267850
-0.063703 -0.824851 -0.883202
-0.012257 -0.465312 -0.999687
-0.821991 1.460403 -0.617987
0.014824 -0.118718 -1.184980
-1.710150 -0.253011 0.721531
0.192577 -0.814703 -0.621964
-0.437922 0.952918 1.143196
-0.705437 0.143971 0.771845
-0.016215 0.601255 0.630754
-0.055021 0.519745 0.879946
-0.248589 -1.081125 0.087419
0.152287 0.683366 -1.358182
-0.109270 -0.889049 -0.216599
-0.905101 -0.339550 -1.296448
-1.117864 0.392344 0.778954
-0.116199 1.333908 -0.212115
-0.118136 -0.477761 -1.216732
-0.533983 -0.277623 1.212495
-0.292721 -0.099989 -1.274227
-0.289024 1.325868 -1.233624
-0.685094 1.415555 -0.074795
-0.161003 1.017761 -1.071622
-0.036529 0.106521 0.681580
-0.061757 0.174181 -1.308066
-1.059364 1.362394 0.087064
-0.031450 -0.502810 -1.010623
0.186437 -0.570002 0.657671
0.050174 0.425794 0.452771
-0.107730 -0.825704 -0.770791
-1.554295 -0.091019 -1.133470
-0.330403 -0.659042 1.193836
-0.136211 0.232880 -0.987832
-0.007325 0.767553 -1.232419
-1.095708 1.132467 -1.121804
-0.159448 -0.904265 0.295151
-0.003018 -0.542038 0.538413
-0.205220 -0.756384 -1.375116
-0.134311 1.176410 -0.554133
0.110587 0.103204 -0.611692
0.205614 1.341197 -0.510687
-0.182568 0.375168 -1.268598
-0.121292 1.067689 0.839917
-0.141046 -1.047238 -0.701729
-1.533843 0.128616 -0.805391
-0.066727 0.819130 -1.067342
-0.626998 -1.103534 -1.076030
-0.614395 1.258533 -0.875141
-0.274766 1.356856 0.190671
-0.953786 -0.441343 -1.402936
-0.152645 -0.363064 0.992994
0.178168 0.819194 -0.080334
-0.280214 1.047091 0.609193
-0.933713 -0.481169 -0.973596
-0.240383 1.497102 -0.865649
-0.149737 -0.227789 -1.527300
-0.880081 0.790524 -1.000804
-1.085544 -0.378352 1.238431
-0.371520 0.267782 -1.212335
0.076139 0.434991 0.897580
0.149122 -0.419382 0.292545
-1.237735 -0.156226 -0.997335
-0.838394 0.005883 1.025413
-0.941565 0.931753 0.501218
-0.043413 1.203180 -0.810254
-0.010691 -0.241214 -0.985834
0.286764 1.297484 -1.000805
-0.086691 0.669257 -0.930833
-0.111838 0.261786 -1.595464
-0.622318 -0.093948 -1.417107
-0.302880 0.210604 0.904116
0.113151 0.810144 -0.416863
-1.180698 1.398320 -0.772617
-0.006410 -0.779079 -0.940438
-0.974495 0.373626 0.952009
-1.761926 -0.510788 -1.125260
0.106216 0.742538 -0.969759
0.078357 0.703442 -0.823354
-0.157776 0.400815 0.876178
0.212201 0.600700 -0.843021
0.019990 1.150630 -0.909605
-0.038088 -0.506906 -0.732863
0.143945 0.219455 -0.539659
0.044461 0.820527 -0.590795
-0.651855 -0.669384 -1.184285
-0.090138 0.923177 0.089799
-0.827163 0.558434 0.877929
-0.423269 0.354677 1.248237
0.101941 1.000982 -0.314498
0.101762 -0.118803 -1.145508
0.218081 1.138360 0.554781
0.114201 1.085332 -0.634465
0.183312 -0.077711 -1.090587
-0.103581 -0.923058 -0.542233
-0.112890 -0.218638 0.688361
0.056779 1.388129 -0.708357
0.105088 1.068209 -0.647228
0.122001 1.028681 -0.696621
0.098299 0.891754 -0.917993
0.020449 0.171797 0.600494
0.038303 -0.640101 -0.686904
0.186337 1.360341 -0.772035
-1.375973 0.472706 -1.229408
0.057858 -0.092780 0.645998
-0.292444 0.553233 -1.382636
-0.553417 0.724804 -1.551546
0.159659 0.544407 -0.822120
-0.038705 -0.542931 -0.980637
-0.203173 1.013931 -1.482859
-1.377565 0.523839 1.177799
0.013718 0.451180 0.467930
-0.166702 -0.627350 -1.006722
0.170842 -0.805602 -0.553061
-0.984715 -1.156876 -0.328277
-0.036403 0.394042 -1.096491
-0.057691 0.754176 0.565447
-0.086843 1.490026 -0.498736
0.051846 0.811715 0.305800
-0.472769 0.349175 0.887271
-0.254282 -0.942886 -0.586345
0.199748 1.186830 0.449581
-0.994231 0.367036 -1.082235
0.032279 0.436400 0.809345
-0.644692 -0.361465 0.862764
-0.204107 -0.700164 -1.069623
0.204178 1.357308 -0.742784
0.169800 0.833097 -0.667696
0.172959 0.943125 -0.921031
0.075639 0.589145 0.797377
-1.221864 0.804037 0.782800
-1.023634 -0.785135 -0.932305
-0.299514 0.493711 -1.072386
-0.186256 0.311779 -1.180166
-0.578501 0.567159 -1.415357
0.073928 1.115065 0.345876
-0.725325 0.385300 -1.562799
-1.122636 0.779412 0.486800
-1.883651 0.530541 -1.241899
-0.286343 -0.855707 0.592651
-1.442329 -0.121192 1.308451
0.000930 0.170479 0.634093
-0.479167 -1.244165 -0.535635
-1.309203 -0.013254 -1.657869
0.080260 -0.398789 0.754647
-0.235342 -1.183300 -1.069197
0.061399 1.290469 -0.516233
0.028481 0.056399 -1.350231
-1.138052 -0.939249 -0.552446
-0.767560 -0.058157 -1.154900
-0.249626 -0.523683 -1.217935
-0.001326 0.118994 -1.064941
-0.789592 -0.925940 0.564151
-0.056847 1.050397 0.132069
-1.062758 0.026890 -0.762257
-0.906382 0.860848 -0.451182
0.102775 0.370552 -1.071415
-0.786673 -0.705575 0.805883
0.199765 -1.217362 -0.233358
0.293732 1.435561 -0.446583
-1.314628 -0.575150 -1.223889
-0.224074 0.719298 0.988595
-1.692400 0.763224 0.806244
0.043590 -0.561314 -0.540557
-0.165229 -0.368310 -0.987393
-1.564477 -0.718813 -0.924560
-1.122024 -0.787603 -1.305715
-0.049733 -1.021768 -0.462423
-1.066812 -1.003439 -0.850472
-0.758749 1.375119 0.137828
-0.110226 1.273287 -1.015203
-0.389807 -0.487959 0.722543
-1.257869 -0.580894 -0.627985
-1.596048 -0.423340 -0.170010
-1.660591 -0.338730 -0.664640
-1.670227 -0.287828 0.110337
-1.771363 -0.306907 -0.407611
-1.788321 -0.181796 -0.108083
-1.728989 -0.280305 -0.607377
-1.738636 -0.190464 0.211724
-1.906994 -0.367802 -0.305315
-1.865745 -0.357717 -0.164759
-1.825581 -0.412524 -0.595722
-1.623747 -0.242927 0.035808
-1.667732 -0.223309 -0.332343
-1.494688 -0.095704 -0.171972
-1.413768 -0.078838 -0.599305
-1.424247 0.130056 0.354689
-1.553732 0.126775 -0.383902
-1.651808 0.353842 0.350175
-1.616976 0.390513 -0.419969
-1.581999 0.677179 0.556436
-1.649424 0.715784 -0.160156
-1.628901 0.745775 0.174063
-1.537065 0.584531 -0.277362
-1.470156 0.628571 0.451135
-1.583770 0.547137 0.012293
-1.594162 0.561851 0.157598
-1.528568 0.560567 -0.278540
-1.477384 0.746509 0.435427
-1.614281 0.828887 -0.016649
-1.503244 0.874953 0.129728
-1.319788 1.010636 -0.153495
-1.021868 0.960696 -0.060646
-1.605839 -0.844122 -0.679610
-1.977989 -0.946806 -0.209483
-2.134108 -1.317224 -0.612487
-2.260963 -1.105524 -0.163921
-2.163646 -1.239034 -1.041663
-2.319259 -0.830678 0.245685
-2.386569 -0.975163 -0.464704
-2.495376 -0.764611 -0.108189
-2.527805 -0.900972 -0.761829
-2.651547 -0.659912 0.244787
-2.730098 -0.868888 -0.260485
-2.603895 -0.635442 -0.103722
-2.430197 -0.665637 -0.596820
-2.224018 -0.298865 0.135635
-2.173269 -0.493328 -0.293199
-2.053252 -0.181368 0.051703
-1.877492 -0.239056 -0.679599
-1.934814 0.182027 0.442529
-1.851621 0.188320 -0.377895
-1.840296 0.622302 0.149049
-1.796039 0.662638 -0.437896
-2.059866 0.741885 0.597133
-2.102890 0.624674 0.043693
-2.134886 0.563030 0.438158
-1.991663 0.507584 -0.205382
-2.078036 0.579954 0.789753
-1.969166 0.502783 0.140773
-2.001161 0.594259 0.384164
-1.817723 0.583132 0.015076
-1.917267 0.537693 0.733146
-1.727693 0.279805 0.709603
-1.456860 0.460337 0.566234
-1.773639 -0.480746 -0.313308
-2.102944 -0.583062 -0.521935
-2.330292 -0.716766 -0.521374
-2.270024 -0.646703 -0.305776
-2.406935 -0.653815 -0.160579
-2.278033 -0.587881 -0.533670
-2.532123 -0.704193 -0.567699
-2.559901 -0.687347 -0.204973
-2.874215 -0.731876 -0.097111
-2.768052 -0.681563 -0.483104
-3.131281 -0.604787 -0.503126
-2.799563 -0.429032 -0.239863
-3.039341 -0.287211 -0.059333
-2.719934 -0.119240 -0.348834
-3.002953 0.025452 -0.288990
-2.751217 0.197745 0.185910
-2.944581 0.269183 0.117814
-2.813735 0.477188 0.097025
-2.954042 0.626390 -0.148784
-2.799284 0.785034 0.580780
-2.887161 0.854574 0.332280
-2.643842 0.930948 0.327808
-2.638727 0.957491 -0.164958
-2.455555 0.976642 0.545510
-2.546103 0.979579 0.275589
-2.385230 0.987156 0.281943
-2.441001 1.135607 -0.218421
-2.304013 1.227742 0.457724
-2.344032 1.367653 0.223230
-2.175223 1.259591 0.173682
-2.241232 1.246361 -0.219432
-1.808715 1.165220 -0.288073
-1.768699 -1.050726 -0.617439
-2.042681 -1.465276 -0.467462
-2.242568 -1.747866 -0.492203
-2.364002 -1.662851 -0.415900
-2.477984 -1.675838 -0.925946
-2.505945 -1.434250 -0.055401
-2.628161 -1.514379 -0.635306
-2.773023 -1.363543 -0.394458
-2.825103 -1.364624 -0.948410
-2.951011 -1.081086 0.118573
-3.108670 -1.123543 -0.672980
-3.136499 -0.923397 -0.218565
-3.109582 -0.786017 -0.759150
-3.056007 -0.451994 0.262419
-3.102563 -0.427895 -0.380328
-3.002965 -0.171157 -0.015313
-2.839333 -0.049573 -0.609178
-2.849491 0.212721 0.676329
-2.831172 0.205748 -0.129478
-2.825140 0.434453 0.257643
-2.600475 0.645400 -0.354322
-2.628597 0.739976 0.635494
-2.565756 0.810955 0.137651
-2.479763 0.712907 0.429694
-2.268287 0.809183 -0.226805
-2.365388 0.850479 0.713166
-2.314910 0.884274 0.163845
-2.335884 0.932076 0.508307
-2.175668 0.995591 -0.168361
-2.177294 0.884903 0.664486
-2.112813 0.636895 0.390152
-1.752110 0.827846 0.381776
-1.650397 -0.948832 -0.363233
-1.912667 -1.210386 -0.502260
-2.111320 -1.316347 -0.662920
-2.109920 -1.369507 -0.429254
-2.328040 -1.270196 -0.620796
-2.292227 -1.274150 -0.615771
-2.433523 -1.299820 -1.049823
-2.433428 -1.148079 -0.288366
-2.642831 -1.084616 -0.859039
-2.546455 -0.900760 -0.472580
-2.834819 -0.838744 -1.106048
-2.745718 -0.559466 0.156496
-2.940398 -0.456615 -0.897709
-2.825177 -0.160913 0.155609
-3.004306 0.027631 -0.949208
-3.031409 0.223989 0.896749
-2.943401 0.336714 -0.537887
-2.908925 0.479598 0.813101
-2.820184 0.798090 -0.544495
-2.888175 0.841125 1.146088
-2.750323 1.019050 0.087514
-2.696700 0.991857 0.937562
-2.552714 1.301178 -0.114768
-2.534102 1.287464 0.822579
-2.416961 1.408031 0.338648
-2.388772 1.404859 0.848939
-2.308874 1.695200 0.062614
-2.363551 1.758790 0.597607
-2.232735 1.886987 0.287163
-2.196480 1.688852 0.568117
-2.202122 1.564603 0.082621
-1.949937 1.421847 -0.074373
-1.601828 -1.534573 -0.676402
-1.804857 -1.971231 -0.587785
-2.042272 -2.073537 -0.643010
-2.130505 -2.037420 -0.369059
-2.217481 -1.988023 -1.193367
-2.161470 -1.690801 -0.110034
-2.303506 -1.793402 -1.036447
-2.362199 -1.582726 -0.398713
-2.438701 -1.603994 -1.629798
-2.307004 -1.077224 0.289478
-2.494735 -1.215105 -1.382066
-2.419058 -0.844315 0.050253
-2.567636 -0.865557 -1.585695
-2.475504 -0.365965 0.792667
-2.604831 -0.384893 -1.122104
-2.657956 -0.012551 0.655235
-2.633122 0.076248 -1.348769
-2.612450 0.341466 1.249855
-2.489097 0.423681 -0.811428
-2.591454 0.562372 0.946918
-2.476964 0.809024 -0.745512
-2.458833 0.925205 1.239598
-2.332373 1.130575 -0.136874
-2.290283 1.082288 0.844660
-2.169442 1.245475 -0.187580
-2.132400 1.294953 1.019620
-2.133804 1.393555 0.076397
-2.181183 1.357642 0.570991
-2.096908 1.351049 -0.072793
-2.047859 1.194160 0.579151
-2.034972 0.973300 0.308268
-1.688086 1.151229 0.398918
-1.489396 -1.404786 -0.455566
-1.738608 -1.710143 -0.307993
-1.889879 -1.795398 -0.888006
-1.911552 -1.721002 -0.162937
-2.062772 -1.559966 -0.965989
-2.013473 -1.433482 -0.288054
-2.139380 -1.522536 -1.565411
-2.046819 -1.098052 0.153108
-2.292813 -1.129905 -1.381934
-2.091146 -0.788518 -0.070052
-2.238159 -0.895975 -1.642495
-2.081649 -0.433277 0.574445
-2.223933 -0.532152 -1.471897
-2.100947 -0.047970 0.664580
-2.297293 -0.141663 -1.653227
-2.403658 0.238533 1.400257
-2.403854 0.251821 -1.328559
-2.415479 0.568541 1.139853
-2.344093 0.659526 -1.240405
-2.354510 0.868605 1.534519
-2.337097 0.955358 -0.756685
-2.243211 1.162352 1.276213
-2.047513 1.393554 -0.674061
-2.015284 1.489182 1.494720
-2.057182 1.636944 -0.234566
-2.015424 1.776249 1.134424
-1.859772 2.055027 -0.474575
-1.885687 2.142110 1.133531
-1.975232 2.308069 0.121918
-1.969526 2.027544 0.607164
-2.030733 1.818797 -0.071871
-1.734838 1.569392 -0.010947
-1.424052 -1.679573 -0.606289
-1.576618 -2.027261 -0.387097
-1.774106 -2.181305 -0.777576
-1.879277 -2.035330 -0.064415
-1.889919 -2.094907 -1.456606
-1.773738 -1.611232 0.461271
-1.926664 -1.817814 -1.383211
-1.935580 -1.362100 0.173089
-2.069852 -1.585839 -2.004816
-1.851408 -0.868385 0.847441
-2.023203 -1.169501 -1.742779
-1.948402 -0.592563 0.580709
-2.083547 -0.794351 -1.909151
-1.962091 -0.190965 1.349915
-1.975306 -0.310752 -1.504333
-2.071660 0.146137 1.112360
-2.075489 0.150613 -1.710972
-2.114510 0.499132 1.638343
-1.994593 0.443258 -1.229390
-2.031619 0.732089 1.305524
-1.876238 0.888795 -1.142656
-1.864547 1.046024 1.726642
-1.875948 1.092748 -0.686495
-1.816422 1.194558 1.411905
-1.635787 1.401982 -0.752421
-1.660513 1.466851 1.499112
-1.819096 1.384468 -0.431832
-1.839554 1.458844 0.852783
-1.738097 1.436913 -0.479399
-1.700113 1.240548 0.631579
-1.811955 0.985230 0.163310
-1.537870 1.065998 0.291576
-1.248804 -1.371260 -0.295271
-1.476388 -1.615467 -0.181855
-1.551482 -1.762748 -0.721672
-1.640400 -1.562971 0.003582
-1.790474 -1.465404 -0.707314
-1.747146 -1.300300 -0.073790
-1.848556 -1.286791 -1.093213
-1.777698 -1.002623 0.186936
-1.929313 -1.001464 -0.955517
-1.798216 -0.746782 0.122514
-1.920936 -0.707264 -1.079488
-1.847720 -0.380665 0.317525
-1.900235 -0.340055 -0.835372
-1.861674 -0.035849 0.583265
-1.951980 0.014734 -1.049124
-1.971415 0.229248 0.931328
-1.991458 0.274061 -0.805906
-1.980583 0.536613 0.940828
-1.877593 0.655903 -0.878326
-1.932521 0.782652 1.062422
-1.842133 0.865674 -0.527658
-1.848580 1.095320 1.422464
-1.699598 1.304899 -0.666386
-1.803267 1.384988 1.178267
-1.726496 1.501973 -0.371251
-1.691037 1.860394 1.612277
-1.681139 2.169023 -0.542159
-1.771974 2.291486 0.852908
-1.737572 2.383690 0.065142
-1.654386 2.156040 0.914959
-1.712145 1.969335 0.210915
-1.543662 1.627588 0.232255
-1.099769 -1.537933 -0.408979
-1.213971 -1.755264 -0.227622
-1.376338 -1.875812 -0.478799
-1.476383 -1.788167 0.051140
-1.513267 -1.805963 -1.086264
-1.493821 -1.515813 0.503636
-1.596679 -1.524071 -1.002016
-1.633636 -1.261758 0.344968
-1.603381 -1.293406 -1.431258
-1.583749 -0.901963 0.857392
-1.678959 -0.916463 -1.250644
-1.687384 -0.559166 0.646018
-1.674320 -0.572616 -1.469534
-1.691150 -0.215773 1.141939
-1.726800 -0.196847 -1.137563
-1.747854 0.102255 0.950252
-1.720104 0.091819 -1.364019
-1.730060 0.360664 1.289042
-1.679342 0.387875 -0.916291
-1.678619 0.573248 0.974157
-1.616898 0.657943 -0.947759
-1.574142 0.832615 1.289498
-1.503158 0.939317 -0.638626
-1.543700 1.035648 0.971732
-1.486210 1.079629 -0.781324
-1.399328 1.267618 1.051099
-1.499401 1.256518 -0.424414
-1.673779 1.344717 0.492743
-1.596011 1.272899 -0.344597
-1.592307 1.205401 0.292750
-1.503773 0.986598 0.047001
-1.202055 1.074430 0.300028
-0.902186 -1.332796 -0.123127
-1.070977 -1.474257 0.029286
-1.072428 -1.630371 -0.647510
-1.186668 -1.436516 0.364954
-1.325456 -1.420898 -0.654892
-1.348127 -1.312085 0.314278
-1.347854 -1.285421 -1.184127
-1.388891 -1.071367 0.691756
-1.433041 -0.997593 -1.145812
-1.421181 -0.793085 0.764173
-1.410361 -0.764553 -1.406540
-1.433884 -0.479405 1.130261
-1.359017 -0.377534 -1.357249
-1.424255 -0.092712 1.139545
-1.424317 -0.077675 -1.544347
-1.499926 0.229183 1.451425
-1.414186 0.211021 -1.362309
-1.484009 0.576917 1.360556
-1.481461 0.533737 -1.331437
-1.515824 0.806077 1.516474
-1.458321 0.818040 -0.899031
-1.446406 1.049559 1.205904
-1.383235 1.040716 -1.113208
-1.393368 1.215549 1.355986
-1.385807 1.276103 -0.844083
-1.404635 1.518258 1.045755
-1.394507 1.742385 -0.895870
-1.456620 1.875784 0.869419
-1.483582 1.905132 -0.288822
-1.416327 1.720270 0.321629
-1.362986 1.516073 -0.176771
-1.151663 1.333109 -0.127156
-0.815102 -1.496895 -0.317229
-0.808016 -1.609573 -0.033259
-0.841399 -1.697787 -0.356651
-0.865481 -1.604391 0.337907
-0.970500 -1.640070 -0.962165
-0.991244 -1.390100 0.840995
-1.084233 -1.419720 -1.049425
-1.151815 -1.190099 0.780191
-1.112949 -1.265654 -1.469308
-1.135845 -0.887199 1.243060
-1.133231 -0.949418 -1.461279
-1.214523 -0.577416 1.299268
-1.088604 -0.648259 -1.710513
-1.142481 -0.259136 1.691431
-1.083428 -0.331599 -1.675532
-1.193131 0.084327 1.626786
-1.124432 0.013968 -1.823626
-1.158659 0.403433 1.756194
-1.131315 0.291748 -1.672020
-1.169977 0.649260 1.594497
-1.111052 0.680751 -1.560679
-1.114777 0.910182 1.660877
-1.165373 0.837057 -1.198444
-1.131940 0.959424 1.269025
-0.974680 1.078143 -1.265358
-0.997552 1.177684 1.208508
-1.152780 1.130064 -0.935537
-1.154547 1.254979 0.773587
-1.177851 1.278613 -0.674728
-1.180369 1.231710 0.532879
-1.218364 1.134201 -0.280017
-0.985702 1.089681 0.052557
-0.594114 -1.360658 -0.004172
-0.706932 -1.418012 0.160240
-0.668250 -1.545071 -0.513665
-0.726793 -1.343351 0.618849
-0.854331 -1.379329 -0.677091
-0.926889 -1.237927 0.623647
-0.905530 -1.257379 -1.226711
-0.939319 -1.003418 1.035045
-1.002681 -1.031953 -1.297099
-1.000950 -0.789623 1.066040
-0.922853 -0.803844 -1.530131
-0.986874 -0.445589 1.448268
-0.961688 -0.423194 -1.580629
-0.990698 -0.113870 1.487787
-0.892585 -0.081444 -1.705297
-0.995984 0.267568 1.526191
-0.963212 0.286972 -1.530709
-1.030225 0.586269 1.549074
-0.984186 0.565169 -1.448928
-1.085786 0.833904 1.344719
-1.036068 0.847402 -1.131114
-1.054454 1.063455 1.317861
-0.936538 1.160429 -1.147108
-1.017816 1.235628 1.063407
-0.916217 1.319448 -0.845830
-0.910086 1.398932 1.205960
-0.873834 1.524598 -0.925460
-0.963639 1.541627 0.826559
-0.971345 1.628961 -0.642836
-0.908468 1.505803 0.409649
-0.875526 1.559256 -0.206190
-0.802464 1.370189 0.041016
-0.485894 -1.447551 -0.169428
-0.443215 -1.528606 0.062115
-0.458118 -1.549302 -0.259818
-0.486871 -1.469004 0.424101
-0.559981 -1.519646 -0.803437
-0.613692 -1.297348 0.878201
-0.701683 -1.305801 -1.067928
-0.688865 -1.084936 0.843745
-0.710174 -1.166588 -1.438740
-0.735183 -0.825397 1.275935
-0.758804 -0.848062 -1.585448
-0.761160 -0.522324 1.331956
-0.737578 -0.674972 -1.770837
-0.758285 -0.277489 1.669290
-0.719382 -0.281277 -1.785283
-0.746169 0.098036 1.636116
-0.689444 0.025658 -1.846400
-0.779525 0.361471 1.736039
-0.778655 0.329262 -1.775827
-0.809501 0.633727 1.572893
-0.799580 0.628034 -1.633848
-0.832219 0.833402 1.610804
-0.936269 0.872247 -1.151836
-0.940893 0.956847 1.144648
-0.804681 1.026462 -1.092871
-0.767125 1.043869 1.077929
-0.833482 1.093854 -0.670186
-0.839550 1.119197 0.748816
-0.778773 1.232092 -0.613219
-0.804229 1.185024 0.412205
-0.771573 1.203874 -0.331475
-0.618092 1.195160 0.163126
-0.235870 -1.318109 0.038229
-0.320432 -1.311526 0.314926
-0.322427 -1.358548 -0.489616
-0.365038 -1.167470 0.602133
-0.455146 -1.153235 -0.616456
-0.516193 -1.019061 0.511548
-0.493680 -1.023163 -1.114694
-0.495000 -0.799368 0.981019
-0.532281 -0.791495 -1.214188
-0.517268 -0.626791 0.997326
-0.486754 -0.620129 -1.510641
-0.507188 -0.316649 1.338117
-0.519416 -0.302794 -1.497606
-0.524907 -0.075451 1.303184
-0.464655 -0.061110 -1.656352
-0.498163 0.239992 1.435643
-0.487405 0.285223 -1.532186
-0.554858 0.487828 1.384391
-0.575544 0.524222 -1.556258
-0.628519 0.763466 1.539227
-0.653362 0.808133 -1.352326
-0.680130 1.010643 1.452230
-0.686009 1.162910 -1.375799
-0.686961 1.279115 1.550916
-0.694180 1.380730 -0.961610
-0.647676 1.347857 1.103040
-0.573197 1.497401 -1.097582
-0.546494 1.435733 0.773324
-0.555698 1.636352 -0.680435
-0.515799 1.512241 0.341728
-0.490261 1.526698 -0.386013
-0.426080 1.328807 -0.167865
-0.167492 -1.373282 -0.164597
-0.146217 -1.461758 0.099265
-0.136249 -1.463665 -0.326039
-0.150536 -1.339960 0.452065
-0.199601 -1.379025 -0.767705
-0.211893 -1.167639 0.868706
-0.263082 -1.087385 -0.896007
-0.266393 -0.919339 0.704384
-0.291701 -1.009599 -1.271138
-0.220504 -0.722810 1.165123
-0.178543 -0.681242 -1.356616
-0.202081 -0.471150 1.085244
-0.212312 -0.586582 -1.605122
-0.169093 -0.261045 1.431189
-0.069474 -0.238073 -1.480383
-0.159212 -0.012442 1.333025
-0.186315 -0.056566 -1.679866
-0.234404 0.244524 1.512576
-0.240433 0.244854 -1.559970
-0.342300 0.459607 1.451220
-0.347680 0.528391 -1.603824
-0.404405 0.740602 1.600095
-0.499871 0.754674 -1.290761
-0.508108 0.885619 1.426537
-0.473989 1.050841 -1.208035
-0.468989 1.017328 1.087569
-0.532502 1.031667 -0.775625
-0.485102 1.035471 0.724806
-0.485150 1.210809 -0.689689
-0.459347 1.160981 0.338592
-0.447368 1.223445 -0.409571
-0.331067 1.129095 -0.055114
-0.048749 -1.213552 0.005925
-0.132361 -1.184876 0.132271
-0.139685 -1.206561 -0.294761
-0.170887 -1.009068 0.357120
-0.236660 -0.974508 -0.380365
-0.276422 -0.872235 0.163274
-0.304872 -0.821386 -0.694764
-0.303230 -0.649159 0.496252
-0.344766 -0.538969 -0.739046
-0.302911 -0.450906 0.324440
-0.319123 -0.386965 -0.912108
-0.294899 -0.243799 0.596754
-0.300972 -0.136366 -0.841990
-0.225133 -0.039200 0.540423
-0.239409 0.047727 -0.950651
-0.236384 0.177335 0.654412
-0.261787 0.296055 -0.815173
-0.269461 0.400156 0.703838
-0.303375 0.497052 -0.861018
-0.326030 0.610742 0.862533
-0.370279 0.774686 -0.688368
-0.389434 0.855440 1.138378
-0.371084 1.052979 -0.879345
-0.386635 1.094753 1.025042
-0.338545 1.294826 -0.786865
-0.272460 1.249713 1.143002
-0.183217 1.388976 -0.993942
-0.186856 1.370094 0.760016
-0.150629 1.559498 -0.865286
-0.108229 1.494566 0.281598
-0.107337 1.538290 -0.360437
-0.087776 1.358165 -0.076702
0.005229 -1.264938 -0.191148
-0.008705 -1.321636 -0.044842
-0.006846 -1.374597 -0.217985
-0.055404 -1.265359 0.222121
-0.058470 -1.351453 -0.583942
-0.071204 -1.204144 0.574758
-0.170165 -1.051681 -0.651455
-0.183249 -0.955522 0.400015
-0.203888 -0.961865 -0.881108
-0.196500 -0.750931 0.708994
-0.249119 -0.633772 -0.871471
-0.240171 -0.517340 0.506037
-0.182232 -0.520582 -1.013595
-0.176939 -0.314394 0.912667
-0.216708 -0.161614 -0.840729
-0.233843 -0.092805 0.649437
-0.204861 -0.056013 -0.950826
-0.213335 0.076821 0.915915
-0.264531 0.214852 -0.706396
-0.298522 0.302748 0.699893
-0.306654 0.412537 -0.857675
-0.343462 0.487588 1.100098
-0.381129 0.683585 -0.587521
-0.408367 0.708757 0.868347
-0.367728 0.858699 -0.800783
-0.334423 0.777167 0.868979
-0.410427 1.005729 -0.468556
-0.390384 0.850223 0.489151
-0.350350 1.022114 -0.560942
-0.289679 1.063463 0.201393
-0.261600 1.048021 -0.359515
-0.158688 1.070558 -0.132846
-0.050363 -1.126963 -0.105371
-0.107531 -1.086169 0.082432
-0.167852 -1.131957 -0.363389
-0.162834 -0.958256 0.238017
-0.235374 -0.920188 -0.339083
-0.240037 -0.887241 0.112180
-0.315996 -0.803523 -0.743457
-0.263919 -0.649088 0.474529
-0.337151 -0.526647 -0.850036
-0.298821 -0.443930 0.390116
-0.321779 -0.424962 -1.114855
-0.244322 -0.201277 0.805362
-0.264671 -0.167338 -0.998758
-0.235600 -0.035453 0.601128
-0.250252 0.020544 -1.053813
-0.189753 0.173587 0.905514
-0.191659 0.222286 -0.938140
-0.191024 0.347126 0.786400
-0.205561 0.439812 -1.058701
-0.145949 0.555193 1.230492
-0.184891 0.653922 -0.939847
-0.187520 0.727274 0.876041
-0.204869 0.889187 -1.224733
-0.161993 0.954874 1.262209
-0.171677 1.136832 -1.060380
-0.111109 1.085327 0.729953
-0.128323 1.399510 -1.140789
-0.062283 1.211066 0.596842
-0.105999 1.407627 -0.750871
-0.024602 1.339204 0.185540
-0.009350 1.422704 -0.521701
-0.022347 1.242305 -0.313066
-0.065076 -1.164716 -0.252345
-0.109385 -1.214548 -0.109405
-0.082255 -1.262040 -0.315494
-0.133014 -1.102325 0.074477
-0.134967 -1.147095 -0.454381
-0.174879 -0.963381 0.396972
-0.206778 -0.897171 -0.600342
-0.226801 -0.738629 0.221529
-0.216899 -0.813223 -1.052908
-0.181292 -0.625252 0.633236
-0.205894 -0.565159 -1.078490
-0.190228 -0.389067 0.571420
-0.166503 -0.441248 -1.385573
-0.140386 -0.244702 0.946429
-0.159931 -0.224746 -1.227957
-0.151039 -0.055850 0.821261
-0.142435 -0.022649 -1.378881
-0.113424 0.152503 1.152077
-0.135421 0.210485 -1.189229
-0.123060 0.315946 0.984663
-0.137981 0.466650 -1.439817
-0.136145 0.568643 1.375986
-0.168894 0.584886 -1.118825
-0.180678 0.589988 0.949960
-0.217175 0.803297 -1.254656
-0.208383 0.769602 0.849627
-0.201851 0.878741 -0.593033
-0.220259 0.780616 0.298010
-0.213727 0.955489 -0.601795
-0.153707 0.883267 -0.046514
-0.189531 1.001268 -0.412779
-0.078822 0.994870 -0.407103
-0.185458 -1.143441 -0.085155
-0.238146 -1.136410 -0.025694
-0.284201 -1.217414 -0.283368
-0.286188 -1.051617 0.106468
-0.377560 -1.028166 -0.230910
-0.369772 -0.963960 -0.155709
-0.393216 -0.896733 -0.597453
-0.328630 -0.734303 0.115890
-0.360018 -0.606870 -0.441038
-0.306855 -0.530161 0.069664
-0.323152 -0.487509 -0.746256
-0.264470 -0.291213 0.307792
-0.310110 -0.206509 -0.527885
-0.232178 -0.085782 0.250584
-0.263960 -0.057733 -0.572900
-0.210069 0.117601 0.417707
-0.241702 0.248545 -0.469261
-0.214598 0.407147 0.455754
-0.247768 0.510720 -0.480820
-0.237557 0.579155 0.670555
-0.288718 0.696527 -0.479619
-0.253594 0.758916 0.681981
-0.280660 0.858865 -0.477113
-0.292936 0.810028 0.700175
-0.292622 0.923120 -0.584338
-0.253379 0.913302 0.444853
-0.216891 1.037627 -0.618379
-0.162166 0.998249 0.086942
-0.143323 1.181524 -0.711538
-0.025316 1.151516 -0.158750
-0.006557 1.310039 -0.553705
-0.024236 1.118553 -0.430603
-0.243573 -1.272978 -0.194676
-0.283409 -1.306085 -0.045402
-0.307308 -1.373414 -0.268435
-0.379981 -1.226602 0.005968
-0.400530 -1.294502 -0.520784
-0.397359 -1.087428 0.167143
-0.427364 -1.101705 -0.407419
-0.415852 -0.961147 -0.007896
-0.388883 -1.059509 -0.747533
-0.311710 -0.817552 0.204336
-0.303055 -0.748456 -0.608993
-0.303315 -0.581001 0.223767
-0.278821 -0.707740 -0.953496
-0.257524 -0.430462 0.608943
-0.232689 -0.370283 -0.523463
-0.233615 -0.212763 0.481729
-0.217422 -0.157920 -0.589158
-0.237928 0.032815 0.732985
-0.270540 0.256884 -0.343909
-0.297419 0.403793 0.581905
-0.273361 0.499415 -0.394060
-0.305343 0.524700 0.822316
-0.330674 0.588332 -0.243186
-0.377250 0.648782 0.589066
-0.337936 0.766470 -0.346689
-0.389081 0.753028 0.531885
-0.459711 0.837851 -0.199201
-0.410338 0.810335 0.099806
-0.388774 0.945372 -0.595131
-0.324483 0.941289 -0.203006
-0.315765 0.990763 -0.597896
-0.241332 0.976434 -0.470387
-0.315889 -1.245337 -0.071592
-0.308625 -1.164711 0.011894
-0.399745 -1.177097 -0.308194
-0.421308 -1.078839 0.017761
-0.484306 -1.061463 -0.199418
-0.469230 -1.009514 -0.074613
-0.478369 -0.993745 -0.431872
-0.402270 -0.855344 0.024701
-0.384898 -0.796865 -0.274267
-0.342975 -0.640303 0.080467
-0.364706 -0.628338 -0.516001
-0.284600 -0.414748 0.418910
-0.260107 -0.405277 -0.193666
-0.243509 -0.253557 0.467825
-0.217379 -0.237742 -0.235604
-0.218982 -0.016891 0.596891
-0.197653 0.164616 0.006850
-0.224709 0.333094 0.540386
-0.207892 0.452550 -0.086444
-0.269671 0.554673 0.699263
-0.291817 0.628214 0.043531
-0.338198 0.655025 0.589421
-0.309033 0.657181 -0.106001
-0.351593 0.692603 0.571493
-0.311271 0.722803 -0.070101
-0.309819 0.785431 0.252337
-0.270770 0.861963 -0.290291
-0.210232 0.939863 0.040258
-0.203221 1.028909 -0.566934
-0.093346 1.056481 -0.303068
-0.127577 1.170036 -0.668791
-0.135071 0.975364 -0.679079
-0.080748 -0.990587 -0.001371
-0.097334 -1.081884 0.094574
-0.155712 -1.033577 -0.108011
-0.213390 -0.959638 0.098132
-0.246970 -0.932986 -0.267328
-0.210418 -0.857152 0.099875
-0.261741 -0.805985 -0.268928
-0.255375 -0.732097 0.025192
-0.264879 -0.738659 -0.406478
-0.198723 -0.597774 0.138597
-0.218199 -0.541117 -0.293483
-0.223891 -0.419263 0.154702
-0.219751 -0.421674 -0.341316
-0.207497 -0.278999 0.421566
-0.164120 -0.226622 -0.062176
-0.206356 -0.141850 0.338763
-0.149577 -0.007202 -0.097391
-0.198351 0.148592 0.496621
-0.184123 0.310722 0.102647
-0.259120 0.399463 0.373375
-0.222069 0.529984 -0.029971
-0.251977 0.551250 0.444178
-0.245587 0.583480 0.024902
-0.259068 0.620150 0.306624
-0.200685 0.713481 -0.010751
-0.200835 0.745496 0.270417
-0.196317 0.823729 -0.099950
-0.113430 0.866997 -0.036781
-0.078652 0.902816 -0.300989
-0.034671 0.901878 -0.245295
-0.138125 1.005399 -0.506177
-0.075094 0.903475 -0.464131
