0.603778 -0.463774 -0.359771
0.399622 -0.345070 -0.151070
0.334117 -0.404282 0.256849
0.318393 0.322402 -0.715396
0.417593 -0.452027 0.909808
0.681293 0.563473 -0.501905
0.296751 -0.106136 0.879839
0.253569 0.524337 0.337769
0.595246 0.141493 -0.474256
0.256583 0.533023 0.083044
0.115755 0.421756 1.159750
0.381354 0.115811 0.597716
0.052492 0.640633 1.596165
0.472974 0.253179 1.721354
0.178275 0.561955 1.401740
0.552419 -1.001509 -0.028870
0.172849 -0.559376 -0.496182
0.412048 -0.698806 0.146135
0.087117 0.337063 -0.307882
-0.203347 0.228077 -0.864153
0.478437 -0.295923 0.535234
0.364626 0.409182 -0.225263
0.533170 0.197525 -0.429313
-0.046240 0.016198 -0.853157
0.224321 -0.083815 1.472135
0.441213 -0.123259 1.332532
-0.168575 0.537653 0.033619
0.570362 -0.616878 0.664386
-0.619800 0.442567 -0.320440
0.390375 -0.546304 -0.136882
-0.818954 -0.038887 -1.018592
0.183670 -0.009254 -0.583460
0.332514 0.238118 -0.659433
0.330820 -0.257611 -0.466098
0.560969 0.181789 -0.339274
0.481671 0.069981 -0.404248
0.447343 -0.505556 -0.026410
0.328035 0.055345 -0.618680
0.573515 0.305856 1.350479
0.051012 0.275145 -0.661468
0.250976 0.201124 0.623124
0.391496 0.097149 0.852153
0.314038 -0.378148 0.981967
-0.002220 -0.364294 -0.701378
0.133193 -0.120030 -0.675974
0.178365 -0.480457 -0.377255
-0.373929 -0.484287 0.744847
0.528665 0.489264 1.572129
-0.028950 0.108128 -0.624316
0.551488 -0.075577 1.358720
0.578858 -0.448213 0.379930
0.291897 0.052943 -0.168173
0.383237 0.179116 0.684164
0.174409 0.035489 1.718213
0.088831 -0.230287 1.051465
0.568101 -0.253639 0.765671
0.589701 -0.147906 -0.382619
0.417948 0.543436 0.697673
-0.699713 0.303460 -0.600230
0.605802 0.258363 -0.198551
-0.488817 -0.052622 -0.809952
-0.051133 0.417647 -0.623400
-0.057060 -0.669216 0.300243
0.268048 -0.460203 0.258242
0.060076 -0.605908 -0.376275
0.164740 -0.220735 -0.692845
-0.214744 0.184162 0.845499
0.378160 -0.071733 1.330302
0.240306 0.645042 1.169986
-0.061824 0.376387 1.694666
0.230800 0.219574 0.597128
0.549736 0.123309 -0.135836
-0.140805 0.117188 0.929071
0.672468 -0.103007 0.971483
0.824118 0.556325 -0.879603
0.428124 -0.020644 -0.266006
0.497568 -0.203124 1.063379
0.385510 -0.277404 -0.264266
0.385083 -0.234557 0.867556
0.484064 0.201431 0.099389
0.284872 -0.474555 -0.020385
-0.245263 -0.051646 0.814806
0.670416 0.057704 -0.526344
-0.429831 0.141854 0.873562
0.134376 -0.726789 -0.292140
0.090387 -0.096079 -0.746328
0.364954 -0.566976 -0.091473
0.399062 -0.124873 -0.169067
-0.060484 0.449001 -0.202606
0.559384 0.012923 -0.386177
-0.482648 -0.185158 0.730583
0.428076 -0.272143 0.354817
0.403343 0.623233 1.926334
0.002861 0.147649 0.747390
0.539139 0.142930 0.924629
0.575239 0.101781 1.251253
0.021645 -0.663937 0.007917
0.496276 0.408514 -0.720589
0.414126 -0.358001 0.228384
-0.131148 -0.289677 -0.831397
-0.165083 0.068971 0.699405
0.023813 0.530228 0.229365
0.384345 -0.283371 -0.433661
0.379707 -0.134714 1.529222
0.262032 -0.049355 -0.668242
0.349578 0.539946 -0.642398
-0.169790 0.454914 0.173761
0.097534 0.372485 -0.580390
0.404691 -0.030910 0.805982
0.269323 0.185098 -0.782473
-0.384130 0.487557 0.450728
0.309153 -0.362857 -0.484099
0.500141 -0.268309 0.784577
0.366346 -0.186273 0.404499
0.420169 -0.469415 0.089311
-0.864800 -0.315081 -1.000030
0.216376 -0.395591 1.329008
0.446461 0.189304 -0.315580
0.661169 0.281015 -0.701326
-0.262161 0.303357 -0.691486
0.368505 -0.337059 0.467954
0.359625 -0.264408 0.638712
0.202509 -0.615623 -0.602637
0.273749 0.094700 -0.133004
0.466979 -0.214911 -0.032348
0.358554 0.118192 0.181840
0.205725 0.103238 -0.497355
0.345391 0.520943 1.374204
0.315097 -0.679158 0.032106
-0.832850 -0.039582 -0.842304
0.398175 0.152359 -0.345385
-0.091049 -0.688344 -0.536684
0.028017 0.376626 -0.424823
0.381215 0.275883 0.895395
-0.539683 -0.366577 -0.851711
0.362919 -0.298605 1.172760
0.424906 0.012982 0.385862
-0.044581 0.464613 0.923610
-0.375897 -0.500084 -0.851884
0.120787 0.590793 -0.464985
0.493019 0.013372 -0.365993
-0.117520 0.219175 -0.625325
-0.118088 -0.159569 1.164102
0.021772 -0.026240 -0.742485
0.403379 0.152344 1.419971
0.479064 -0.270143 0.481082
-0.285411 -0.220592 -0.813846
-0.014774 0.048949 1.206107
-0.258756 0.282210 0.530278
0.311960 0.396557 0.020500
0.472962 -0.239646 -0.024942
0.645002 0.380750 -0.649766
0.250710 0.039544 -0.354951
0.091871 0.198060 -0.688695
-0.245411 -0.087864 -0.748572
0.128912 -0.061939 1.227390
0.352931 0.082127 0.304582
-0.223400 0.424458 -0.428657
0.743651 -0.821432 -0.062473
-0.059579 0.113838 1.417275
-1.027030 -0.517303 -0.867952
0.668732 0.360274 -0.451015
0.582006 0.158303 -0.107927
0.293639 0.080630 1.306480
0.414877 0.064228 -0.445083
0.467786 0.116182 -0.251224
0.452111 -0.315413 -0.036018
0.405386 -0.022093 -0.239610
0.252881 -0.058553 -0.106521
-0.035651 -0.535346 -0.645240
0.434278 0.179889 0.600121
-0.176823 0.290596 1.084992
0.334502 0.336803 1.744213
0.406836 0.210565 0.413968
0.405346 -0.095648 -0.413824
0.411590 0.527471 1.049257
0.472233 0.052845 -0.269705
0.585693 -0.111947 -0.306906
0.169097 -0.656085 -0.202953
0.318758 -0.093011 0.669653
0.561999 0.316538 -0.189493
0.286197 0.376911 -0.266697
0.391494 0.188005 -0.075918
0.709482 0.210644 -0.536418
0.412018 -0.105978 0.346307
0.319456 -0.456770 -0.042165
0.770026 0.400287 -0.590354
-0.517709 0.163310 -0.811680
0.497789 -0.056490 0.815010
0.020036 0.163939 -0.714538
-0.265779 0.278901 -0.800468
0.485692 0.126970 -0.255007
0.418626 -0.527016 -0.234059
0.134037 0.397738 -0.793281
-0.181481 0.403840 1.229847
0.420652 -0.051112 0.653087
0.422900 -0.502460 -0.205055
0.358900 -0.553203 0.106426
-0.211821 -0.711708 -0.272270
0.764342 0.143093 -0.710088
0.437233 0.360510 0.996562
0.019684 0.561162 -0.197282
0.590778 0.161629 0.788451
-0.152731 0.214344 1.089509
0.441898 -0.746183 -0.160854
0.558881 0.592424 1.283239
-0.275832 0.055157 -0.672879
0.296566 -0.021474 0.974881
-0.022256 -0.145304 0.971203
0.448004 -0.524457 -0.101337
0.382382 0.359584 -0.364914
0.464897 -0.086708 0.131042
0.467760 0.275364 -0.507620
0.417922 0.192341 1.145473
-0.196591 0.288729 0.868037
-0.220073 -0.707985 -0.620393
0.059574 0.087436 -0.549844
0.405811 -0.008421 -0.387515
-0.076812 0.103332 -0.857153
0.489143 0.011924 0.432538
-0.329539 0.048587 -0.880732
-0.255994 0.185787 0.764589
-1.083997 0.218619 -0.840289
0.210213 -0.555065 0.812502
-0.154346 -0.005069 1.129639
0.547083 -0.149956 0.578949
-0.088484 -0.808515 -0.209829
-0.715364 -0.344420 -1.174864
0.582679 -0.481529 1.040373
0.181243 -0.832937 -0.467575
0.427175 0.116380 0.007568
0.550879 0.202809 -0.472935
-0.558180 -0.790520 -0.652293
-0.024018 -0.078180 -0.755979
0.111920 -0.386129 -0.655341
0.429556 0.119160 -0.321940
-0.062086 -0.589302 0.605139
0.288214 0.336761 0.585898
-0.144030 -0.324973 -0.674889
-0.112950 0.212792 -0.312408
0.328592 0.040140 -0.653610
-0.129235 -0.294879 0.829368
0.220884 -0.693106 0.101647
0.490650 0.189743 0.147499
-0.815094 -0.613240 -0.974514
0.185168 0.335873 1.547530
-0.379110 0.342191 0.742879
0.355620 -0.305424 0.244101
0.178088 -0.267741 -0.550285
-0.943951 -0.811414 -0.646390
-0.452766 -0.593354 -0.719341
0.392955 -0.700481 0.063672
-0.296505 -0.879208 -0.643818
-0.170744 0.416401 0.607488
0.220658 0.482964 -0.490886
0.187161 -0.385342 0.531107
-0.805000 -0.656520 -0.590003
-1.026492 -0.657528 -0.424137
-1.122488 -0.563892 -0.671921
-1.161994 -0.546244 -0.273583
-1.306562 -0.565548 -0.590680
-1.340344 -0.543882 -0.401505
-1.369415 -0.602945 -0.916446
-1.420260 -0.509527 -0.154372
-1.575432 -0.627498 -0.850188
-1.583993 -0.524516 -0.263465
-1.554073 -0.592893 -1.239863
-1.537796 -0.422424 -0.027510
-1.644666 -0.546519 -1.226257
-1.615953 -0.367041 -0.251527
-1.541702 -0.437509 -1.608802
-1.575633 -0.177839 0.024915
-1.671546 -0.282086 -1.425816
-1.567042 -0.009625 -0.218624
-1.338387 -0.181840 -1.668479
-1.282429 0.056545 0.102914
-1.330291 -0.090244 -1.370662
-1.239921 0.147472 -0.171758
-1.107828 -0.011066 -1.415901
-1.059713 0.090422 0.024866
-1.139054 0.013859 -1.100670
-1.076819 0.098935 -0.218154
-0.965702 0.059442 -0.953373
-0.870587 0.146074 0.187128
-0.873451 0.139840 -0.695350
-0.792954 0.286571 0.238524
-0.627904 0.402583 -0.555050
-0.429163 0.528316 0.069201
-1.179798 -0.809858 -0.811387
-1.397376 -0.897232 -0.570393
-1.513324 -0.996789 -0.807447
-1.565929 -0.860807 -0.505779
-1.624190 -1.020146 -1.081676
-1.764121 -0.826725 -0.282906
-1.865610 -1.060288 -0.910700
-1.944550 -0.906263 -0.552173
-1.951856 -1.106640 -1.294411
-2.099276 -0.845251 -0.292112
-2.178176 -1.032242 -1.162516
-2.199351 -0.725302 -0.639248
-2.165822 -0.857429 -1.577635
-2.143209 -0.622636 -0.481895
-2.101500 -0.705228 -1.395946
-2.025753 -0.420495 -0.805128
-1.918385 -0.456249 -1.835173
-1.877570 -0.287667 -0.430929
-1.785075 -0.458881 -1.527876
-1.687231 -0.282628 -0.765294
-1.518997 -0.359106 -1.901034
-1.534251 -0.135479 -0.228394
-1.477875 -0.290467 -1.430539
-1.421060 -0.202277 -0.535990
-1.270722 -0.246211 -1.503308
-1.260421 -0.103321 -0.063286
-1.241970 -0.261301 -1.038261
-1.120879 -0.114896 -0.088252
-1.011505 -0.129770 -1.008369
-0.948389 0.041299 0.217484
-0.883622 -0.078287 -0.275835
-0.603966 0.165460 0.314648
-1.304984 -0.691562 -0.412260
-1.513175 -0.824383 -0.668159
-1.782367 -0.880737 -0.752122
-1.707194 -0.808765 -0.579228
-1.977076 -0.857265 -0.493287
-1.867148 -0.857947 -0.912599
-2.161148 -0.931217 -0.806909
-2.137233 -0.871651 -0.713736
-2.553549 -0.898081 -0.578875
-2.394418 -0.824856 -0.996418
-2.784209 -0.808198 -0.941785
-2.577653 -0.674551 -0.875462
-2.969121 -0.655217 -0.798810
-2.683800 -0.456615 -1.190044
-2.963621 -0.420748 -1.119259
-2.615673 -0.215590 -0.989521
-2.784554 -0.159627 -0.773357
-2.369701 -0.028840 -1.275409
-2.400149 -0.111578 -1.352290
-2.047737 0.086994 -0.907469
-2.190127 0.091200 -1.061478
-1.747298 0.146908 -1.070369
-1.769382 0.076332 -1.439787
-1.603489 0.120822 -0.721222
-1.713894 0.088403 -1.143958
-1.377731 0.059460 -0.751495
-1.357550 0.059237 -0.988619
-1.201473 0.185001 -0.203212
-1.100758 0.270032 -0.488875
-0.897552 0.315653 -0.185909
-0.825773 0.346009 -0.452033
-0.637133 0.472383 -0.325898
-1.296891 -0.855852 -0.704145
-1.504707 -1.065280 -0.689398
-1.732217 -1.142020 -0.639886
-1.794633 -1.083319 -0.519294
-1.863838 -1.178150 -0.913392
-1.988703 -1.074992 -0.384838
-2.146727 -1.219945 -0.760318
-2.273897 -1.216665 -0.711169
-2.322586 -1.200418 -1.054525
-2.434838 -1.103402 -0.445194
-2.614719 -1.133299 -0.992712
-2.668329 -1.022849 -0.775559
-2.770933 -0.934512 -1.294068
-2.658829 -0.723021 -0.620885
-2.662601 -0.672814 -1.184173
-2.493327 -0.438441 -0.992489
-2.429721 -0.339529 -1.616049
-2.176375 -0.191434 -0.747355
-2.169685 -0.245348 -1.361135
-1.916295 -0.118791 -1.031616
-1.853179 -0.084704 -1.768853
-1.573308 0.060050 -0.586292
-1.595491 -0.055730 -1.377260
-1.400511 0.009957 -0.691088
-1.466357 -0.030507 -1.475956
-1.333595 0.079177 -0.234858
-1.352882 -0.046677 -1.022719
-1.170192 0.082348 -0.144314
-1.086995 0.094727 -0.924003
-0.990477 0.259677 0.178691
-0.884652 0.244349 -0.320379
-0.610394 0.390541 0.101855
-1.079874 -0.922290 -0.383603
-1.205578 -1.077032 -0.374653
-1.405538 -1.100280 -0.732342
-1.426851 -1.037326 -0.426814
-1.619528 -0.977693 -0.731300
-1.598095 -1.063364 -0.744689
-1.764996 -1.022089 -1.054939
-1.823805 -1.061243 -0.629757
-2.081537 -0.943009 -0.993447
-2.052332 -1.000252 -0.872586
-2.398243 -0.782891 -1.180716
-2.333658 -0.732318 -0.803255
-2.727470 -0.482168 -1.202582
-2.502365 -0.386642 -0.960548
-2.793293 -0.101880 -1.283435
-2.491747 -0.032630 -0.824727
-2.662103 0.187589 -0.993259
-2.262157 0.147298 -1.106479
-2.380047 0.333518 -1.289576
-2.099638 0.367774 -1.019133
-2.172150 0.493608 -1.032762
-1.763593 0.306816 -1.101226
-1.784226 0.422603 -1.256819
-1.544991 0.321170 -0.885777
-1.600039 0.356754 -1.027656
-1.253080 0.225071 -0.637896
-1.296566 0.264087 -0.864438
-1.116115 0.315752 -0.301726
-0.990694 0.401710 -0.507606
-0.807866 0.429767 -0.147857
-0.664277 0.531654 -0.407083
-0.490456 0.602911 -0.227193
-0.940947 -1.177561 -0.564356
-1.034389 -1.355756 -0.499492
-1.184198 -1.434214 -0.635387
-1.273955 -1.305271 -0.407014
-1.325751 -1.296974 -0.930499
-1.437808 -1.133689 -0.361628
-1.591555 -1.163273 -0.955485
-1.683988 -1.168478 -0.601047
-1.763179 -1.127852 -1.292829
-1.831239 -1.033655 -0.267438
-2.072096 -1.030699 -1.315395
-2.158840 -0.934344 -0.465449
-2.417725 -0.796499 -1.503541
-2.351098 -0.567895 -0.298830
-2.584753 -0.496569 -1.492139
-2.397559 -0.251291 -0.612235
-2.446010 -0.165904 -1.599680
-2.206713 0.035255 -0.488213
-2.215936 0.034925 -1.401222
-1.967562 0.168389 -0.890970
-1.935895 0.199360 -1.490623
-1.690544 0.290851 -0.576389
-1.707574 0.228049 -1.236260
-1.427082 0.215941 -0.817360
-1.373353 0.213460 -1.204595
-1.186957 0.267151 -0.361801
-1.236617 0.166113 -0.901568
-1.061077 0.245990 -0.394620
-0.953703 0.285765 -0.741060
-0.787797 0.397577 -0.034889
-0.729836 0.443720 -0.305844
-0.479241 0.539624 -0.001623
-0.780299 -1.276721 -0.359759
-0.890130 -1.426903 -0.275386
-0.929248 -1.443514 -0.723221
-1.019747 -1.291695 -0.298631
-1.162388 -1.132323 -0.829036
-1.196885 -1.118560 -0.597599
-1.300285 -1.027902 -1.283782
-1.337465 -0.989112 -0.483484
-1.540184 -0.917744 -1.323262
-1.523068 -0.956267 -0.620739
-1.824209 -0.804457 -1.507890
-1.798919 -0.694887 -0.554966
-2.263580 -0.473679 -1.636144
-2.075335 -0.313027 -0.707784
-2.487818 -0.103913 -1.661407
-2.154331 0.065397 -0.540790
-2.355052 0.193111 -1.468145
-1.974382 0.283531 -0.716322
-2.169843 0.366062 -1.558222
-1.826932 0.425382 -0.587140
-1.943235 0.482958 -1.317740
-1.546785 0.414245 -0.860693
-1.570332 0.468890 -1.345048
-1.309625 0.436586 -0.603135
-1.351306 0.458205 -1.075562
-1.080749 0.383262 -0.762023
-1.018301 0.377966 -1.058412
-0.871765 0.403851 -0.340647
-0.786578 0.480253 -0.679440
-0.594724 0.466348 -0.329330
-0.493184 0.538037 -0.685646
-0.349002 0.564607 -0.355333
-0.730964 -1.571934 -0.544846
-0.782127 -1.777799 -0.423280
-0.846252 -1.847148 -0.649838
-0.899827 -1.666073 -0.289384
-0.952384 -1.532885 -0.998746
-0.980506 -1.323219 -0.097816
-1.177131 -1.198441 -1.106816
-1.186485 -1.195926 -0.396027
-1.309401 -1.124293 -1.506072
-1.282872 -1.001885 -0.145536
-1.547747 -0.979577 -1.668778
-1.534847 -0.857788 -0.245271
-1.873430 -0.724952 -1.792104
-1.778021 -0.495407 -0.163246
-2.138312 -0.460320 -1.849592
-1.934538 -0.188384 -0.293880
-2.105728 -0.138780 -1.844254
-1.775540 0.106361 -0.179569
-1.872483 0.007970 -1.624198
-1.575845 0.220679 -0.365604
-1.617388 0.218350 -1.664869
-1.327407 0.357413 -0.394483
-1.374259 0.202882 -1.432762
-1.132552 0.345219 -0.721616
-1.059995 0.335795 -1.455714
-0.912297 0.426747 -0.526010
-0.943950 0.232190 -1.215194
-0.804674 0.349466 -0.445363
-0.756142 0.320495 -1.013683
-0.653987 0.444297 -0.201037
-0.622088 0.400163 -0.658506
-0.387710 0.499815 -0.195002
-0.553156 -1.521243 -0.298966
-0.659954 -1.642794 -0.266471
-0.679925 -1.690665 -0.666198
-0.742362 -1.505928 -0.210864
-0.888394 -1.266618 -0.759510
-0.908509 -1.212811 -0.430622
-1.023749 -1.039792 -1.234578
-0.994494 -1.030541 -0.451863
-1.202979 -0.903021 -1.381278
-1.118157 -0.915359 -0.496462
-1.421193 -0.767580 -1.563460
-1.345320 -0.695326 -0.570036
-1.746133 -0.468750 -1.631042
-1.576200 -0.422561 -0.625105
-2.042533 -0.178654 -1.691000
-1.737851 -0.064018 -0.650149
-2.081861 0.114115 -1.447709
-1.692878 0.134075 -0.661549
-1.889691 0.274291 -1.492140
-1.525896 0.342122 -0.721148
-1.573118 0.409279 -1.284230
-1.240465 0.443475 -0.766933
-1.306385 0.491762 -1.338078
-1.138022 0.580059 -0.883431
-1.054980 0.586142 -1.268895
-0.884760 0.592137 -0.854437
-0.877260 0.549650 -1.153885
-0.787070 0.550047 -0.678452
-0.630157 0.536683 -0.877977
-0.505166 0.525828 -0.529679
-0.395286 0.448568 -0.710385
-0.253422 0.496842 -0.532129
-0.473547 -1.661633 -0.446081
-0.503466 -1.852967 -0.335010
-0.541112 -1.933471 -0.543375
-0.641049 -1.799291 -0.167678
-0.723946 -1.708913 -0.928321
-0.716433 -1.618125 0.085842
-0.890679 -1.298266 -1.088743
-0.919617 -1.276758 -0.203501
-1.047749 -1.139988 -1.499499
-1.014773 -1.028750 -0.000523
-1.272722 -0.927963 -1.567426
-1.207021 -0.874620 -0.113177
-1.447158 -0.733849 -1.744943
-1.351410 -0.607354 -0.038705
-1.649220 -0.436997 -1.757811
-1.518845 -0.312823 -0.223981
-1.721551 -0.220712 -1.805810
-1.516897 -0.011103 -0.137547
-1.620721 0.063848 -1.502406
-1.390587 0.253876 -0.510155
-1.261469 0.267431 -1.542547
-1.082119 0.386718 -0.562579
-1.069567 0.382841 -1.353538
-1.030588 0.503467 -0.936090
-0.905845 0.512538 -1.475128
-0.825471 0.544030 -0.826211
-0.822985 0.443275 -1.256341
-0.785539 0.503069 -0.866625
-0.700454 0.445111 -1.159413
-0.610793 0.516908 -0.593776
-0.567976 0.445737 -0.789020
-0.354214 0.489591 -0.464064
-0.432902 -1.422560 -0.231126
-0.475462 -1.454915 -0.061444
-0.545240 -1.501111 -0.617085
-0.641005 -1.329635 0.042313
-0.829255 -1.180140 -0.745344
-0.862928 -1.125314 -0.103571
-0.960737 -1.015901 -1.234995
-0.927972 -0.948624 -0.052274
-1.091898 -0.814063 -1.265207
-0.977040 -0.830350 -0.149240
-1.196432 -0.667816 -1.537823
-1.012847 -0.634565 0.014185
-1.285754 -0.383308 -1.648908
-1.076673 -0.403235 0.059656
-1.409841 -0.162782 -1.880695
-1.184554 -0.112850 0.219858
-1.501573 0.144199 -1.757677
-1.215155 0.174631 -0.058242
-1.391916 0.347673 -1.795009
-1.183753 0.454748 -0.080866
-1.301769 0.659831 -1.564922
-1.037842 0.617052 -0.659967
-0.983879 0.770004 -1.793180
-0.854070 0.750708 -0.540960
-0.927591 0.899575 -1.615058
-0.781072 0.776967 -0.836648
-0.689350 0.819974 -1.633479
-0.580208 0.711904 -0.597338
-0.521112 0.685092 -1.100475
-0.382993 0.634321 -0.580442
-0.221337 0.543015 -0.891822
-0.134703 0.477569 -0.623730
-0.414262 -1.421090 -0.343398
-0.398640 -1.541162 -0.153473
-0.431056 -1.638343 -0.491583
-0.535759 -1.509602 0.075007
-0.717404 -1.419142 -0.948251
-0.706368 -1.215651 0.297423
-0.869185 -1.108981 -1.051936
-0.854886 -1.045143 0.070011
-0.950040 -0.968669 -1.432049
-0.803116 -0.821017 0.305450
-0.997546 -0.728466 -1.361614
-0.864785 -0.617979 0.373546
-1.026235 -0.542489 -1.630266
-0.891268 -0.366474 0.633614
-1.120581 -0.285335 -1.763065
-1.001855 -0.120988 0.508225
-1.124245 -0.092271 -2.044440
-0.901259 0.118016 0.548787
-1.090826 0.236980 -1.756095
-0.936567 0.420583 0.096518
-0.984904 0.575652 -1.931478
-0.756621 0.621353 -0.119365
-0.864959 0.627641 -1.704056
-0.666796 0.644697 -0.563861
-0.747484 0.759750 -1.928433
-0.577005 0.663076 -0.554117
-0.672239 0.550131 -1.639110
-0.527802 0.553609 -0.539294
-0.541437 0.495082 -1.425204
-0.445614 0.543760 -0.513606
-0.401593 0.493623 -1.047197
-0.234821 0.547398 -0.492535
-0.476438 -1.130511 -0.033293
-0.510202 -1.155718 -0.054584
-0.538813 -1.249528 -0.282199
-0.639508 -1.108940 0.074914
-0.849707 -1.079015 -0.412876
-0.861804 -0.995518 -0.032023
-0.891221 -0.948876 -0.855609
-0.837544 -0.868481 0.116736
-0.962970 -0.757343 -0.932576
-0.841201 -0.732344 0.200398
-0.982592 -0.604299 -1.283522
-0.895768 -0.497935 0.413808
-1.080541 -0.337059 -1.440469
-0.891950 -0.272740 0.437534
-1.045616 -0.087459 -1.686489
-0.921235 0.004775 0.384458
-1.157780 0.133581 -1.450712
-0.978232 0.287331 0.287899
-1.175343 0.417888 -1.502484
-1.021106 0.504934 -0.081656
-1.099627 0.644038 -1.197966
-0.827901 0.663534 -0.229999
-0.934547 0.748160 -1.545448
-0.692396 0.689982 -0.322151
-0.733748 0.792981 -1.597355
-0.519649 0.730453 -0.036540
-0.558331 0.779036 -1.465157
-0.400274 0.772088 -0.225003
-0.347762 0.740182 -1.203115
-0.239623 0.690943 -0.351872
-0.226514 0.630014 -0.812265
-0.077500 0.575735 -0.479854
-0.388780 -1.093005 -0.135340
-0.358547 -1.190750 -0.097355
-0.399330 -1.261547 -0.108232
-0.427027 -1.224164 0.055661
-0.561126 -1.200431 -0.512980
-0.585705 -1.073873 0.226891
-0.705841 -1.003649 -0.562515
-0.678441 -0.928221 0.228241
-0.740121 -0.944902 -0.944397
-0.636500 -0.759302 0.516620
-0.771647 -0.650670 -1.045805
-0.722719 -0.491042 0.609375
-0.828770 -0.405788 -1.342278
-0.687387 -0.239649 0.685812
-0.825405 -0.090215 -1.335198
-0.743807 0.000766 0.530382
-0.924885 0.045253 -1.452263
-0.811841 0.200544 0.562327
-1.005928 0.321628 -1.111319
-0.935451 0.496550 -0.002961
-1.011255 0.546973 -1.191012
-0.726083 0.583831 -0.155291
-0.891497 0.594496 -1.010848
-0.614177 0.542657 -0.288662
-0.684773 0.591119 -1.182075
-0.455894 0.493949 -0.198920
-0.556205 0.492949 -1.067085
-0.358244 0.507022 -0.357089
-0.312412 0.513066 -1.011058
-0.188233 0.539566 -0.252857
-0.217754 0.540293 -0.628965
-0.093495 0.571328 -0.265358
-0.297858 -0.989450 0.004115
-0.353823 -1.000462 0.083612
-0.363044 -1.085901 -0.184359
-0.395555 -1.012228 0.177102
-0.447226 -1.013042 -0.171485
-0.450424 -0.935838 0.228921
-0.435882 -0.899360 -0.496004
-0.409474 -0.789623 0.390854
-0.506730 -0.735035 -0.633470
-0.493812 -0.644958 0.546317
-0.586578 -0.596891 -0.961187
-0.549274 -0.438486 0.626719
-0.651570 -0.305987 -1.078999
-0.559542 -0.225157 0.678196
-0.595078 -0.039090 -1.223732
-0.528258 0.017907 0.617695
-0.686993 0.178757 -1.171479
-0.580507 0.254663 0.513260
-0.704755 0.411501 -1.177707
-0.635648 0.430129 0.464400
-0.760088 0.579554 -1.076654
-0.530271 0.626601 0.375533
-0.519713 0.694255 -1.323571
-0.311466 0.631660 0.929286
-0.399850 0.631845 -1.277580
-0.277862 0.622218 0.788545
-0.306356 0.646093 -1.209576
-0.151262 0.666398 0.656411
-0.142683 0.615863 -0.780328
-0.045959 0.572716 0.202303
-0.038283 0.555785 -0.617102
0.027311 0.542870 -0.333910
-0.161397 -1.059948 -0.109634
-0.132007 -1.122125 0.013630
-0.094778 -1.168418 -0.110847
-0.051275 -1.082911 0.218519
-0.022650 -1.065080 -0.322652
-0.027923 -0.947859 0.357918
-0.055033 -0.917672 -0.366696
-0.045413 -0.800331 0.364013
-0.090452 -0.809413 -0.635401
-0.125898 -0.639628 0.585423
-0.241439 -0.595506 -0.769401
-0.263973 -0.414457 0.619991
-0.391198 -0.371041 -0.910516
-0.362590 -0.197114 0.680126
-0.407519 -0.043737 -1.013599
-0.349816 0.078993 0.603042
-0.422835 0.168667 -1.031306
-0.305211 0.279569 0.637862
-0.269399 0.393660 -0.953068
-0.151799 0.493459 0.494153
-0.219890 0.582843 -1.152093
-0.078488 0.635250 0.815670
-0.092877 0.520122 -0.996937
0.013629 0.525676 0.904189
-0.029250 0.539992 -1.145150
0.091215 0.608013 1.142086
0.000967 0.482310 -0.739551
0.054535 0.579228 0.846660
-0.043460 0.549825 -0.675591
-0.062938 0.557763 0.382176
-0.117885 0.606920 -0.452466
-0.009042 0.646197 0.125275
-0.035765 -1.042206 0.000478
-0.020585 -1.069611 0.046828
0.102018 -1.130560 -0.119402
0.143630 -1.032129 0.126708
0.190992 -1.035825 -0.140228
0.184428 -0.924460 0.168002
0.225023 -0.904398 -0.273090
0.195930 -0.773632 0.316620
0.180974 -0.770991 -0.488655
0.133859 -0.610369 0.473713
0.066927 -0.595079 -0.693853
0.013784 -0.418780 0.572373
-0.075490 -0.322535 -0.873715
-0.066820 -0.186653 0.574272
-0.105685 -0.093750 -0.940843
-0.102390 0.036737 0.602558
-0.145359 0.159519 -0.917098
-0.094086 0.293908 0.568021
-0.027036 0.353454 -0.835919
0.036041 0.484650 0.495967
0.027796 0.453042 -0.887625
0.160782 0.658588 0.858377
0.213004 0.577046 -0.970820
0.305358 0.684472 1.039973
0.268698 0.558179 -0.962415
0.273279 0.713116 1.398500
0.233968 0.426742 -0.725556
0.218322 0.705205 1.037005
0.216289 0.553543 -0.644531
0.148082 0.635904 0.515475
0.149901 0.512819 -0.219518
0.188682 0.635613 -0.030220
0.174502 -1.120707 -0.082743
0.271112 -1.196218 0.006754
0.391017 -1.230222 -0.068865
0.439115 -1.134963 0.156730
0.493770 -1.144323 -0.265469
0.458005 -0.989319 0.283956
0.504423 -0.976777 -0.304708
0.453965 -0.823987 0.331006
0.442706 -0.820718 -0.412012
0.369520 -0.665105 0.395249
0.321961 -0.625932 -0.512215
0.254199 -0.466434 0.435363
0.160470 -0.428823 -0.652599
0.132411 -0.258933 0.442406
0.098057 -0.112185 -0.642554
0.089439 0.049119 0.412428
0.059097 0.109949 -0.673168
0.082616 0.249310 0.336156
0.088375 0.310104 -0.577729
0.141596 0.469358 0.201287
0.186227 0.414647 -0.707665
0.299993 0.538204 0.470745
0.285846 0.435243 -0.704984
0.310304 0.503475 0.602004
0.293315 0.472205 -0.664862
0.229986 0.544232 0.876379
0.164387 0.446358 -0.527741
0.126052 0.523708 0.695093
0.110801 0.487148 -0.379510
0.063170 0.590663 0.387745
0.015168 0.570968 -0.199159
0.111920 0.646490 0.081588
0.309770 -1.086971 -0.014446
0.394837 -1.173648 0.122860
0.571728 -1.158420 -0.149627
0.652816 -1.040276 0.090930
0.664412 -1.013002 -0.138703
0.671941 -0.956726 0.106035
0.674778 -0.878097 -0.244283
0.641582 -0.791377 0.156263
0.571129 -0.760728 -0.204586
0.503696 -0.673273 0.177522
0.407351 -0.606507 -0.332390
0.351066 -0.472040 0.159649
0.287739 -0.364627 -0.306772
0.283691 -0.202279 0.246463
0.249964 -0.115566 -0.415769
0.272672 0.019838 0.212773
0.235141 0.114187 -0.486127
0.267377 0.223664 0.264378
0.273123 0.302708 -0.596699
0.369732 0.376530 0.215467
0.421313 0.469593 -0.676870
0.508326 0.497953 0.190854
0.527031 0.542482 -0.861362
0.525510 0.632086 0.912378
0.483551 0.529022 -0.639036
0.444788 0.577081 0.587598
0.386262 0.546794 -0.834534
0.346315 0.609006 0.644258
0.313625 0.528690 -0.556106
0.346109 0.605867 0.187309
0.390767 0.572249 -0.368180
0.349769 0.641153 -0.184607
0.503056 -1.135725 -0.112117
0.639258 -1.235489 0.022027
0.762174 -1.280043 -0.149269
0.772967 -1.177053 0.170507
0.796619 -1.155081 -0.389293
0.781572 -1.011887 0.373651
0.861381 -1.019191 -0.319108
0.812584 -0.889819 0.207019
0.742926 -0.864650 -0.393842
0.668208 -0.767787 0.292521
0.606836 -0.726571 -0.208500
0.538744 -0.626029 0.158248
0.417565 -0.556479 -0.240889
0.391962 -0.441746 0.142123
0.351087 -0.345168 -0.154228
0.375863 -0.156782 0.067431
0.364631 -0.050629 -0.315068
0.393125 0.069117 0.185336
0.446856 0.158498 -0.358090
0.509804 0.273556 0.169964
0.517388 0.391245 -0.637771
0.512922 0.468333 0.532072
0.522323 0.399880 -0.617255
0.610642 0.456609 0.417754
0.570821 0.447996 -0.799744
0.447713 0.529369 0.933168
0.330282 0.376759 -0.530538
0.294494 0.484997 0.510661
0.248725 0.478458 -0.480770
0.242113 0.537333 0.181316
0.211704 0.544888 -0.381429
0.245857 0.594893 -0.106366
0.519240 -1.060637 -0.020197
0.690131 -1.158593 0.030646
0.769304 -1.160618 -0.132618
0.788216 -1.044830 0.016192
0.817059 -1.055807 -0.117704
0.873648 -1.026261 -0.099861
0.840373 -0.940118 -0.094845
0.812076 -0.876166 0.020994
0.741931 -0.840846 -0.099372
0.712787 -0.763837 -0.044860
0.619368 -0.666270 -0.121600
0.562898 -0.546101 0.025281
0.475745 -0.435058 -0.130260
0.431208 -0.278771 -0.015129
0.380358 -0.181438 -0.163536
0.394684 -0.036462 0.020673
0.410167 0.064609 -0.293077
0.449514 0.181634 -0.016924
0.484378 0.279342 -0.435486
0.517347 0.390996 0.008473
0.600096 0.445894 -0.579276
0.624483 0.496011 -0.064850
0.669390 0.498086 -0.541187
0.632642 0.524631 0.192193
0.662686 0.467671 -0.653698
0.604850 0.500267 0.149524
0.580862 0.478029 -0.452064
0.503762 0.585783 0.163788
0.501657 0.579364 -0.670670
0.480272 0.604607 -0.061150
0.424186 0.627498 -0.312246
0.356016 0.580495 -0.249828
0.587774 -1.173704 -0.133353
0.690534 -1.280990 -0.119443
0.818898 -1.346198 -0.100960
0.915349 -1.178611 -0.053046
0.924373 -1.185304 -0.234663
0.884374 -1.087613 0.051602
0.864180 -1.124828 -0.179018
0.860418 -1.008681 -0.004712
0.772241 -0.993724 -0.240376
0.693303 -0.930103 0.061320
0.624065 -0.908988 -0.194284
0.581821 -0.823783 -0.029968
0.482696 -0.785211 -0.233140
0.423822 -0.700322 -0.057643
0.395623 -0.604313 -0.146830
0.414106 -0.409103 -0.090538
0.424222 -0.287998 -0.332494
0.409488 -0.102671 -0.075982
0.442521 -0.001039 -0.389504
0.482431 0.184738 -0.126722
0.462359 0.199654 -0.525184
0.403710 0.257988 -0.103143
0.383713 0.154942 -0.594222
0.424282 0.321194 -0.124468
0.403148 0.173658 -0.568618
0.337978 0.327490 0.164690
0.342736 0.221720 -0.495064
0.374200 0.419397 0.033684
0.408394 0.350274 -0.395357
0.390390 0.472309 -0.154988
0.375516 0.426997 -0.357810
0.294755 0.509853 -0.084615
0.236198 -0.996417 -0.188885
0.460806 -1.067953 -0.092470
0.546927 -1.018959 -0.361891
0.698322 -1.023542 -0.131413
0.708799 -1.022185 -0.217771
0.786660 -1.052711 -0.204856
0.716012 -0.959921 -0.271525
0.725433 -0.985973 -0.120688
0.620122 -0.935422 -0.196433
0.608493 -0.880533 -0.148111
0.487919 -0.803201 -0.194259
0.473505 -0.736965 -0.180232
0.437537 -0.588633 -0.156826
0.412375 -0.363165 -0.199221
0.377831 -0.261151 -0.269340
0.363795 -0.177318 -0.265657
0.381949 -0.048517 -0.322110
0.421970 0.054023 -0.252032
0.414746 0.114931 -0.481297
0.413147 0.173206 -0.294691
0.376454 0.158756 -0.550372
0.391260 0.224714 -0.359855
0.357976 0.101333 -0.656712
0.319966 0.237320 -0.197187
0.322214 0.089159 -0.571457
0.437990 0.305696 -0.194514
0.481226 0.232228 -0.584601
0.484562 0.424356 -0.235139
0.508181 0.371857 -0.469592
0.537340 0.443838 -0.334747
0.396970 0.444927 -0.511758
0.323179 0.443054 -0.499608
0.207104 -0.875444 -0.052030
0.164032 -1.072956 0.055302
0.394623 -1.136385 -0.064342
0.488651 -0.999263 0.087717
0.590133 -0.924927 -0.134487
0.585350 -0.907647 0.053642
0.630267 -0.930580 -0.106624
0.577812 -0.873666 -0.042453
0.518697 -0.864326 -0.179900
0.407697 -0.811493 0.058751
0.392921 -0.808068 -0.076563
0.336982 -0.783809 -0.015959
0.309757 -0.729372 -0.098809
0.289808 -0.664283 -0.066891
0.300772 -0.575737 -0.099258
0.317036 -0.434449 -0.171990
0.331836 -0.239908 -0.169000
0.353870 -0.133605 -0.179999
0.372639 0.006934 -0.265099
0.327112 0.103320 -0.253328
0.249954 0.082967 -0.444586
0.133224 0.134808 -0.291994
0.058834 0.057348 -0.524640
0.035356 0.159023 -0.303859
0.059194 0.016967 -0.571413
0.085652 0.162715 -0.064044
0.195071 0.056427 -0.378170
0.337542 0.226806 -0.164929
0.427030 0.240843 -0.340644
0.412587 0.361544 -0.167474
0.364341 0.378469 -0.321021
0.314840 0.397781 -0.285004
