0.488212 -0.501241 -0.665090
0.310110 -0.374493 -0.376119
0.337606 -0.542746 0.218225
0.149471 0.285414 -0.307582
0.200708 -0.426756 0.706297
0.349745 0.533595 0.170610
0.020652 0.058063 0.854474
0.109389 0.696665 0.448885
0.331908 0.378117 0.102827
0.225641 0.644249 0.536666
-0.053218 0.497303 0.830474
0.158869 0.337940 0.618892
-0.289493 0.670929 1.091979
0.422115 -0.081119 0.938352
-0.052773 0.689687 0.850168
0.425450 -0.655272 -0.196318
0.048058 -0.598999 -0.694580
0.282177 -0.583449 0.096477
0.117167 0.381677 0.218203
-0.328158 0.282489 -0.631448
0.349976 -0.325667 0.394620
0.193769 0.598791 0.457762
0.333203 0.258344 -0.439424
-0.084998 -0.063718 -0.975006
-0.009134 -0.158414 1.094625
0.455851 -0.241067 0.925607
-0.415820 0.689140 0.490357
0.425600 -0.547075 0.546986
-0.735439 0.499156 0.218770
0.213602 -0.536461 -0.306852
-0.627700 0.181742 -0.886025
0.064897 -0.074892 -0.551493
0.173331 0.236726 -0.457882
0.203298 -0.217311 -0.639292
0.345897 0.180814 -0.540366
0.275370 0.324824 0.050251
0.383648 -0.507946 -0.162494
0.176112 0.193402 -0.655838
0.597744 0.273856 0.801209
-0.069171 0.327521 -0.461007
0.008277 0.422271 0.511392
0.199041 0.453473 0.686531
0.008777 -0.343539 0.764364
-0.029341 -0.455949 -0.899552
-0.077202 -0.209500 -0.376297
0.080732 -0.396130 -0.311395
-0.696945 -0.482403 0.805124
0.574115 0.462730 0.916022
-0.202927 0.160349 -0.485897
0.484975 -0.197922 1.120918
0.391756 -0.328470 0.415958
0.174057 0.276981 0.036916
0.256956 0.538130 0.598261
-0.224740 -0.106692 1.385571
-0.150489 -0.228621 0.891846
0.549426 -0.218075 0.670596
0.505890 -0.234274 -0.492919
0.417167 0.786962 0.722002
-0.700355 0.477500 -0.381191
0.391962 0.094913 -0.351737
-0.435966 -0.005382 -0.679711
-0.135979 0.546162 -0.422187
-0.358503 -0.477166 0.285614
0.081772 -0.413992 0.203925
0.005622 -0.456209 -0.256221
0.147936 -0.271079 -0.929632
-0.287215 0.497804 0.871232
0.190357 -0.086358 0.977431
0.021627 0.862904 0.800457
-0.408533 0.402197 1.311635
0.283502 0.708497 0.593316
0.361209 0.044738 -0.384563
-0.461158 0.072222 0.963332
0.617038 -0.135155 0.921303
0.366392 0.365331 -0.477035
0.172507 -0.135195 -0.342623
0.427331 -0.245240 0.790929
0.228829 -0.351272 -0.299942
0.163471 -0.244150 0.817021
0.236941 0.457914 0.371473
0.164648 -0.443835 -0.038203
-0.579639 -0.117390 0.867393
0.396564 0.120767 -0.252058
-0.824870 0.179702 0.957323
0.045259 -0.678308 -0.390690
-0.078214 -0.082856 -0.696593
0.274719 -0.647630 -0.398045
0.373496 -0.301864 -0.389954
-0.369301 0.604889 0.259680
0.437744 -0.082582 -0.481181
-0.860568 -0.243341 0.917056
0.412339 -0.468109 0.074122
0.067316 0.484756 1.087419
-0.188164 0.073146 0.733098
0.486359 0.336448 0.611191
0.525309 -0.010376 0.868348
-0.096125 -0.594790 0.065908
0.382848 0.275446 -0.877498
0.221541 -0.415741 0.052220
-0.347605 -0.260244 -0.762792
-0.424173 0.341305 0.845603
-0.072538 0.679965 0.529693
0.406502 -0.346358 -0.611258
0.059305 -0.351595 1.144897
0.045223 -0.117641 -0.702938
0.067087 0.387129 -0.403494
-0.255469 0.677682 0.603353
0.014432 0.390738 -0.127564
0.167716 -0.001946 0.640811
0.157956 0.004366 -0.855781
-0.661330 0.733406 0.828246
0.181327 -0.409153 -0.567241
0.400385 -0.290702 0.813557
0.327842 0.202813 0.595595
0.417313 -0.556561 -0.162631
-0.641286 -0.086050 -0.559378
-0.156412 -0.533030 1.112521
0.315564 0.012539 -0.517343
0.408018 0.148882 -0.577550
-0.480863 0.326149 -0.241674
0.110578 -0.422541 0.226508
0.129702 -0.306748 0.482286
0.212697 -0.686908 -0.836751
0.147646 0.411858 0.362223
0.351710 -0.225601 -0.143672
0.273288 0.433521 0.510385
0.107698 0.095451 -0.601851
0.396042 0.634115 0.873374
0.261653 -0.667307 -0.273984
-0.657402 0.056162 -0.335789
0.258176 0.268496 -0.215949
-0.106803 -0.748352 -0.608631
-0.226635 0.497429 -0.038340
0.405206 0.872851 0.779529
-0.398936 -0.347072 -0.918436
0.306811 -0.253869 0.923629
0.410934 0.432460 0.697538
-0.196109 0.696642 0.836173
-0.375566 -0.285308 -0.511316
-0.047318 0.610867 -0.009096
0.409918 -0.280585 -0.975128
-0.357400 0.306717 -0.371108
-0.541053 -0.283669 1.217455
-0.126315 0.020854 -0.576093
0.306186 0.056459 1.000528
0.241152 -0.210609 0.468195
-0.448783 -0.118394 -0.457741
-0.375823 -0.096024 0.970443
-0.362401 0.597153 0.603352
0.125199 0.529611 0.171952
0.469647 -0.290094 -0.232000
0.387222 0.426093 -0.207465
0.126073 0.030320 -0.382902
0.147184 -0.008573 -1.229515
-0.232354 -0.228016 -1.100597
-0.050736 0.040007 0.919257
0.173305 0.507126 0.438087
-0.471713 0.555451 -0.113153
0.488205 -0.612615 -0.395700
-0.301125 0.150516 1.013877
-0.777708 -0.327725 -0.529968
0.314119 0.280270 -0.648294
0.364948 0.205748 0.143644
0.138782 0.219204 0.885745
0.211410 0.144625 -0.200638
0.231484 0.452533 0.104840
0.346630 -0.414498 -0.274925
0.215129 0.029663 0.109379
0.212690 0.249700 0.265610
-0.244837 -0.401800 -0.575525
0.447839 0.575035 0.471263
-0.346419 0.462646 0.915986
0.059493 0.089725 1.089840
0.292637 0.586021 0.538007
0.322035 -0.158368 -0.632650
0.369886 0.692911 0.753595
0.331624 0.325256 0.288074
0.496129 -0.147227 -0.392187
0.087347 -0.609200 -0.163368
0.219689 -0.022790 0.709706
0.357824 0.579371 0.424513
0.106915 0.497292 0.332761
0.169604 0.504085 0.267267
0.453085 0.195331 -0.277804
0.147026 0.041046 0.627809
0.267839 -0.479172 -0.231034
0.286623 0.266180 0.050298
-0.546692 0.177739 -0.595159
0.352591 -0.037641 0.702260
-0.044253 0.138248 -0.696506
-0.139437 0.294855 -1.046828
0.349672 0.163077 -0.295219
0.337662 -0.615883 -0.507514
0.067062 0.416118 -0.802326
-0.603299 0.395467 1.115668
0.318862 -0.063260 0.677660
0.362760 -0.466722 -0.424860
0.243400 -0.506145 -0.085432
-0.354127 -0.603368 -0.141871
0.443878 0.035059 -0.569938
0.582433 0.635975 0.744930
-0.173482 0.660690 0.394258
0.526955 0.669161 0.555549
-0.185974 0.240275 0.915835
0.342809 -0.724169 -0.347349
0.580685 0.850939 0.813999
-0.424662 0.035627 -0.446058
0.325581 0.234281 0.808493
-0.326506 -0.227730 0.849519
0.423987 -0.519095 -0.373420
0.196513 0.481419 0.159581
0.323964 0.339053 0.483700
0.271255 0.346746 -0.154780
0.356313 0.346075 0.828711
-0.548024 0.662419 0.935357
-0.370759 -0.483048 -0.465683
0.037654 0.087718 -0.366129
0.233462 0.067063 -0.563646
-0.168644 0.128943 -0.729556
0.464295 0.436632 1.010411
-0.217438 0.062787 -0.936200
-0.519124 0.527423 0.658070
-0.863966 0.315529 -0.512022
-0.176887 -0.460565 0.691958
-0.730875 -0.022353 1.246313
0.446961 -0.162823 0.684463
-0.073467 -0.727826 -0.274885
-0.516259 -0.142586 -0.945742
0.571973 -0.416115 1.001116
0.225925 -0.768218 -0.585573
0.328857 0.504612 0.558274
0.456069 0.008105 -0.819019
-0.477449 -0.511960 -0.284934
-0.184064 -0.066370 -0.491135
-0.048791 -0.387144 -0.564309
0.305781 0.112029 -0.570286
-0.275625 -0.470861 0.492748
0.091860 0.573080 0.625162
-0.307214 -0.100779 -0.415658
-0.165412 0.304602 0.169660
0.185350 0.122180 -0.465737
-0.378980 -0.267139 0.741868
0.241572 -0.670630 -0.055158
0.348010 0.591941 0.700818
-0.552761 -0.374276 -0.586518
0.038707 0.439252 0.983051
-0.785895 0.594072 0.864495
0.389157 -0.406721 0.011388
0.089599 -0.202288 -0.330336
-0.749939 -0.563972 -0.220614
-0.350130 -0.535684 -0.814189
0.362964 -0.626063 -0.153402
-0.372833 -0.626550 -0.484171
-0.475589 0.823701 0.666455
0.032333 0.449255 -0.134720
-0.092093 -0.227791 0.658309
0.013420 -0.318031 -0.421090
-0.063513 -0.219461 -0.005869
-0.134066 -0.188421 -0.612247
-0.193860 -0.129279 0.295871
-0.292448 -0.152545 -0.437302
-0.357562 -0.114064 0.270489
-0.386319 -0.133465 -0.443911
-0.371347 -0.063076 0.395607
-0.396504 -0.068592 -0.346211
-0.381085 0.034180 0.313708
-0.303309 0.008601 -0.317648
-0.243926 0.110010 0.455699
-0.248404 -0.019467 -0.122771
-0.223835 -0.001421 0.419920
-0.226930 -0.128199 -0.162527
-0.234266 -0.074305 0.545932
-0.361784 -0.149058 0.069189
-0.355352 -0.062967 0.518243
-0.346723 -0.102573 -0.005805
-0.299838 0.050898 0.703629
-0.410257 -0.012076 0.178419
-0.366470 0.090009 0.641055
-0.368428 0.026681 0.062278
-0.296957 0.142758 0.837795
-0.438889 0.110653 0.136055
-0.370748 0.155789 0.594056
-0.308814 0.080989 -0.159126
-0.238558 0.182307 0.792459
-0.361047 0.201196 0.054397
-0.310780 0.249061 0.545930
-0.199600 0.306536 -0.054900
-0.048546 0.405471 0.352678
-0.016235 -0.265744 -0.624076
-0.137961 -0.225343 -0.262632
-0.239769 -0.334704 -0.560015
-0.293776 -0.311064 -0.017597
-0.331819 -0.336860 -0.616058
-0.455067 -0.237815 0.178853
-0.516412 -0.248944 -0.406929
-0.516181 -0.158832 0.155247
-0.521962 -0.144893 -0.469621
-0.498932 0.013788 0.251105
-0.475721 0.010422 -0.136971
-0.387681 0.104252 0.213278
-0.405965 0.048589 0.017331
-0.325707 -0.006264 0.435810
-0.416489 -0.079132 0.307447
-0.397270 -0.210281 0.502115
-0.407493 -0.221379 0.181786
-0.412026 -0.168746 0.608646
-0.493249 -0.156681 0.443290
-0.440337 -0.136342 0.577784
-0.452971 -0.138683 0.337705
-0.408005 -0.067314 0.817859
-0.499709 -0.100007 0.559219
-0.393481 -0.071856 0.715144
-0.406879 0.004848 0.243853
-0.346596 -0.001429 0.972023
-0.395930 0.039446 0.348264
-0.295865 -0.037681 0.788125
-0.288422 0.090902 -0.113659
-0.319528 0.041973 0.920405
-0.343843 0.088806 0.319712
-0.113365 0.168074 0.586021
-0.099306 -0.250458 -0.452033
-0.264207 -0.188141 -0.172234
-0.263548 -0.215338 -0.813848
-0.287939 -0.200739 0.119005
-0.348609 -0.188290 -0.645055
-0.392228 -0.148177 0.003762
-0.371991 -0.138229 -0.691865
-0.409705 -0.098950 0.155833
-0.423422 -0.059279 -0.457105
-0.423191 0.039501 0.085557
-0.316553 0.088105 -0.299497
-0.261611 0.115205 0.264602
-0.264605 0.059504 0.019074
-0.279569 -0.031598 0.264300
-0.354093 -0.080414 -0.000118
-0.407423 -0.160271 0.513850
-0.497828 -0.111474 0.330117
-0.416858 -0.057117 0.384646
-0.418510 0.028685 0.410340
-0.450472 0.045458 0.578891
-0.586385 0.092063 0.659383
-0.488864 0.153371 0.526590
-0.546511 0.198967 0.550122
-0.473954 0.209290 0.805657
-0.575165 0.130189 0.611271
-0.442107 0.224591 0.571353
-0.435525 0.226362 0.047912
-0.378942 0.213187 0.773599
-0.431544 0.195989 0.337981
-0.371142 0.264263 0.624000
-0.351705 0.272896 0.042113
-0.180215 0.378898 0.278579
-0.058239 -0.195802 -0.683753
-0.179166 -0.162926 -0.314750
-0.178824 -0.301328 -0.763667
-0.224533 -0.254127 -0.190536
-0.212749 -0.338820 -0.955193
-0.265783 -0.218510 0.046281
-0.277551 -0.317737 -0.736998
-0.348558 -0.224325 -0.034939
-0.345905 -0.218968 -0.854694
-0.413593 -0.092886 0.045424
-0.460863 -0.119587 -0.394223
-0.505626 -0.095443 0.088414
-0.455359 -0.110210 -0.324266
-0.499182 -0.151628 0.509265
-0.536240 -0.240166 0.117501
-0.532404 -0.323607 0.470263
-0.503756 -0.303339 0.010201
-0.527357 -0.242321 0.710428
-0.557634 -0.170216 0.392859
-0.554415 -0.166642 0.643689
-0.496333 -0.056765 0.353957
-0.541612 -0.008611 0.903491
-0.552302 0.076335 0.507319
-0.517558 0.053303 0.867838
-0.426643 0.171227 0.232915
-0.397489 0.111486 1.128505
-0.329028 0.225322 0.317287
-0.306027 0.063447 0.945713
-0.301575 0.239157 -0.169632
-0.278604 0.151366 0.967309
-0.326987 0.244988 0.260586
-0.199453 0.278991 0.578296
-0.080909 -0.248231 -0.546792
-0.234683 -0.163890 -0.346867
-0.196698 -0.198629 -0.886440
-0.184035 -0.189768 -0.239229
-0.216326 -0.274262 -0.769798
-0.267282 -0.199590 -0.213781
-0.340271 -0.294739 -0.971251
-0.400919 -0.202237 -0.174791
-0.479811 -0.201668 -0.794086
-0.495831 -0.086660 -0.288016
-0.573110 -0.091881 -0.685228
-0.662674 -0.101966 -0.033812
-0.677145 -0.132921 -0.175138
-0.605962 -0.148598 0.065433
-0.574446 -0.197250 -0.011735
-0.669885 -0.198625 0.458686
-0.651436 -0.124709 0.449380
-0.644757 0.007036 0.442520
-0.600093 0.094336 0.459872
-0.759706 0.192951 0.595577
-0.825136 0.294035 0.608620
-0.856693 0.385296 0.682109
-0.831760 0.476469 0.620838
-0.782101 0.511521 0.748107
-0.698755 0.508517 0.643858
-0.576410 0.445756 0.744420
-0.494702 0.441209 0.396241
-0.438508 0.392012 0.663663
-0.365752 0.381941 0.483508
-0.342907 0.351365 0.636719
-0.305050 0.381532 0.308910
-0.209188 0.438597 0.328271
-0.134915 -0.226683 -0.763194
-0.282708 -0.178957 -0.639844
-0.256424 -0.310938 -0.963069
-0.351211 -0.214733 -0.672702
-0.368005 -0.407125 -1.400759
-0.444641 -0.275703 -0.614587
-0.497644 -0.553684 -1.432733
-0.652010 -0.396846 -0.822688
-0.642343 -0.708499 -1.818671
-0.597138 -0.364081 -0.498253
-0.659343 -0.596479 -1.331905
-0.764747 -0.365540 -0.517487
-0.761575 -0.646416 -1.395262
-0.767585 -0.342060 0.327334
-0.697719 -0.548167 -0.182550
-0.761928 -0.399271 0.274983
-0.624072 -0.404318 -0.061644
-0.651222 -0.240470 0.678565
-0.643824 -0.129714 0.507245
-0.713685 -0.055572 0.546155
-0.620298 0.086011 0.488552
-0.679624 0.246125 0.836945
-0.658400 0.294553 0.709015
-0.682737 0.338172 0.810174
-0.531197 0.339090 0.580613
-0.516266 0.330043 0.985821
-0.461226 0.369363 0.628774
-0.440822 0.239141 0.832383
-0.361402 0.327048 0.356971
-0.319669 0.213075 0.811330
-0.301456 0.329765 0.443332
-0.195537 0.361088 0.617175
-0.210618 -0.268185 -0.721739
-0.336833 -0.204927 -0.741453
-0.360295 -0.240023 -1.267153
-0.332987 -0.180357 -0.584436
-0.426214 -0.404876 -1.307053
-0.508149 -0.209144 -0.764253
-0.653271 -0.713745 -2.076524
-0.586983 -0.261474 -0.553820
-0.688100 -0.751904 -1.725813
-0.662514 -0.257482 -0.603407
-0.775568 -0.838592 -2.189813
-0.671458 -0.221955 0.027802
-0.797777 -0.781322 -1.274701
-0.818737 -0.141276 0.345382
-0.759433 -0.573656 -1.106085
-0.781337 -0.124491 0.964904
-0.801059 -0.248425 -0.042112
-0.797887 0.141815 0.689030
-0.742391 0.111725 0.163449
-0.943328 0.299917 1.025246
-1.003633 0.343173 0.562587
-1.123463 0.595281 0.961636
-1.056939 0.617108 0.422812
-1.044297 0.675904 1.187225
-0.980881 0.536216 0.743884
-0.839951 0.684031 0.902948
-0.721067 0.634756 0.414054
-0.587051 0.578963 0.919114
-0.524161 0.585697 0.623164
-0.451769 0.533272 0.739490
-0.410747 0.497390 0.401985
-0.265960 0.506779 0.433593
-0.305017 -0.315500 -1.017038
-0.450290 -0.327511 -0.883744
-0.533077 -0.500363 -1.451122
-0.605291 -0.386146 -0.946334
-0.729673 -0.712025 -2.152374
-0.600763 -0.462890 -0.873117
-0.843829 -0.954043 -2.185753
-0.850409 -0.622412 -1.120608
-1.083404 -1.357926 -2.980812
-0.674821 -0.554677 -0.515792
-0.940565 -1.202283 -2.321028
-0.866353 -0.588694 -0.613190
-1.109698 -1.385846 -2.759959
-0.788863 -0.305910 0.575518
-0.738909 -0.867039 -1.589031
-0.697194 -0.258758 0.774860
-0.637537 -0.587551 -1.236118
-0.633089 0.010672 1.366799
-0.599944 -0.100735 -0.021946
-0.749571 0.136402 1.046577
-0.662772 0.182007 0.275918
-0.767132 0.486843 1.353914
-0.739204 0.405437 0.481396
-0.788923 0.499065 1.209523
-0.580778 0.407337 0.460034
-0.626408 0.572353 1.307450
-0.585609 0.526981 0.548829
-0.594617 0.469931 1.047926
-0.506771 0.477035 0.371077
-0.482475 0.385520 0.889842
-0.397999 0.424796 0.481262
-0.266553 0.403599 0.635414
-0.452875 -0.338655 -0.743930
-0.512821 -0.264602 -0.765091
-0.631173 -0.359891 -1.386852
-0.533691 -0.133423 -0.725981
-0.731644 -0.417122 -1.539249
-0.665357 -0.157087 -1.042493
-0.965364 -0.732818 -2.274325
-0.715018 -0.187719 -0.917684
-0.955929 -0.816133 -1.735546
-0.751158 -0.220319 -0.778682
-0.998526 -0.924595 -2.289238
-0.677015 -0.180371 -0.385680
-0.893090 -0.869826 -1.276359
-0.754000 -0.093396 -0.003180
-0.708020 -0.492892 -0.811330
-0.675443 0.055478 0.690165
-0.647620 -0.300063 0.034153
-0.659497 0.224559 0.963612
-0.630008 0.110986 0.462055
-0.827588 0.403564 1.002198
-0.852278 0.285366 0.691809
-0.981339 0.634460 1.299659
-0.883529 0.539637 0.660227
-0.927609 0.704397 1.231412
-0.791853 0.695630 0.821172
-0.770172 0.797126 1.399974
-0.619205 0.524799 0.676194
-0.636429 0.750099 1.001396
-0.526959 0.738178 0.747244
-0.474195 0.737577 0.968538
-0.390164 0.526441 0.764887
-0.299606 0.654997 0.614559
-0.483796 -0.416367 -0.912678
-0.528983 -0.441840 -0.814500
-0.588314 -0.619997 -1.275815
-0.582916 -0.489211 -0.855478
-0.759282 -0.797118 -1.970341
-0.609807 -0.483123 -0.815046
-0.920204 -0.930599 -2.012941
-0.849781 -0.634185 -1.046189
-1.090241 -1.349757 -2.842799
-0.766298 -0.588267 -0.531213
-0.955535 -1.181416 -2.323988
-0.851029 -0.582424 -0.719645
-1.047697 -1.388018 -2.845863
-0.743782 -0.316092 0.373143
-0.671723 -0.903876 -1.615981
-0.610917 -0.143687 0.401191
-0.520191 -0.573537 -1.172340
-0.565673 -0.020671 1.118649
-0.493817 -0.164320 -0.260541
-0.556411 0.158004 0.977816
-0.487158 0.213416 0.242018
-0.595748 0.422837 1.398545
-0.577419 0.361287 0.339758
-0.647310 0.469940 1.249301
-0.513076 0.477527 0.374354
-0.536149 0.561959 1.307127
-0.499105 0.597496 0.533918
-0.578678 0.538894 1.092983
-0.479062 0.571202 0.634803
-0.448519 0.494260 0.884760
-0.398610 0.521981 0.628435
-0.265000 0.485814 0.750519
-0.476821 -0.310273 -0.655320
-0.560120 -0.258390 -0.442528
-0.622947 -0.333800 -1.351995
-0.525512 -0.168057 -0.329663
-0.738253 -0.294989 -1.509343
-0.630044 -0.153564 -0.615015
-0.867882 -0.616221 -2.415724
-0.630859 -0.205242 -0.398111
-0.923313 -0.664722 -2.252456
-0.750648 -0.186927 -0.112397
-1.028821 -0.955859 -3.145747
-0.724904 -0.102672 0.358759
-0.918212 -0.912635 -2.341235
-0.714667 0.050354 0.504869
-0.661328 -0.508535 -1.644841
-0.594610 0.220803 1.196375
-0.465379 -0.362830 -0.705704
-0.552775 0.261151 1.115764
-0.347780 -0.138478 -0.130515
-0.484122 0.410847 1.563469
-0.432288 0.181999 0.299419
-0.570763 0.544264 1.371778
-0.469993 0.174463 0.109159
-0.523400 0.669659 1.821429
-0.440700 0.386254 0.401214
-0.518768 0.795550 1.505928
-0.467989 0.703294 0.341602
-0.469947 0.776506 1.459008
-0.414602 0.800039 0.656526
-0.417128 0.824486 1.080753
-0.343662 0.683840 0.665114
-0.216377 0.709795 0.635845
-0.497741 -0.412293 -0.810203
-0.522645 -0.388185 -0.509372
-0.529468 -0.541569 -1.148648
-0.525181 -0.415012 -0.495293
-0.683636 -0.643642 -1.815729
-0.527600 -0.389039 -0.251847
-0.831557 -0.680853 -1.832113
-0.674482 -0.472417 -0.437735
-0.862081 -1.047559 -2.837367
-0.482113 -0.448807 0.172126
-0.835679 -1.047199 -2.624946
-0.764400 -0.418048 0.018215
-0.963167 -1.396706 -3.359595
-0.527184 -0.108805 0.980160
-0.452663 -0.894846 -2.162251
-0.407945 -0.013791 0.932243
-0.325093 -0.681567 -1.785711
-0.361541 0.131730 1.715215
-0.165977 -0.326588 -0.787916
-0.310243 0.225634 1.494228
-0.254909 0.097282 -0.249750
-0.271466 0.502858 1.908963
-0.218138 0.312821 0.186784
-0.287201 0.504838 1.709385
-0.254293 0.461052 0.116733
-0.308469 0.656884 1.698610
-0.365200 0.582957 0.366807
-0.406334 0.600887 1.410508
-0.363259 0.610679 0.346899
-0.408757 0.585200 0.985700
-0.364999 0.654463 0.477580
-0.248380 0.561256 0.618383
-0.512466 -0.333307 -0.385516
-0.597267 -0.283836 -0.208234
-0.582240 -0.327843 -0.951103
-0.507464 -0.244795 -0.170309
-0.730267 -0.279390 -1.036705
-0.606836 -0.222984 -0.353166
-0.816931 -0.370863 -1.651020
-0.573242 -0.239869 -0.198069
-0.838140 -0.430157 -1.466426
-0.652287 -0.220643 0.130695
-0.949758 -0.619569 -2.229314
-0.653414 -0.037402 0.371198
-0.906989 -0.621756 -1.518559
-0.601388 0.056988 0.490355
-0.535097 -0.475119 -1.273237
-0.379134 0.159051 1.031642
-0.328037 -0.367555 -0.575084
-0.279781 0.209838 1.028861
-0.160119 -0.054244 -0.000668
-0.229093 0.294154 1.312616
-0.184217 0.105219 0.230545
-0.171448 0.511095 1.470041
-0.053613 0.367286 0.337387
-0.177470 0.666677 1.537615
-0.157442 0.513369 0.463377
-0.186733 0.826356 2.099696
-0.182412 0.412259 0.597227
-0.272274 0.819572 1.594320
-0.269860 0.744774 0.420300
-0.277496 0.770934 1.073014
-0.257568 0.768856 0.676170
-0.195606 0.760078 0.665333
-0.511806 -0.365576 -0.469502
-0.547362 -0.381273 -0.303482
-0.531270 -0.466288 -0.551502
-0.457794 -0.439939 -0.275919
-0.547577 -0.515766 -1.046365
-0.467763 -0.381066 -0.010864
-0.684485 -0.378263 -0.926242
-0.579514 -0.353158 -0.141077
-0.669531 -0.580647 -1.570020
-0.478363 -0.335413 0.220416
-0.626066 -0.552281 -1.469914
-0.491900 -0.243370 0.153765
-0.643791 -0.818829 -2.100827
-0.416792 -0.154797 0.818956
-0.354822 -0.676962 -1.496092
-0.275843 -0.049470 0.834428
-0.235721 -0.623591 -1.338247
-0.249974 -0.028434 1.431913
-0.169596 -0.258413 -0.539857
-0.199124 0.148883 1.264371
-0.090815 0.142358 0.087498
-0.111047 0.403810 1.671221
-0.065202 0.296284 0.206116
-0.144907 0.400819 1.349311
-0.159304 0.486068 0.496324
-0.228037 0.583301 1.609375
-0.247284 0.565130 0.431944
-0.302629 0.472807 1.253482
-0.211967 0.561536 0.477677
-0.247401 0.482418 1.007810
-0.195285 0.643634 0.378633
-0.127542 0.540138 0.665582
-0.407915 -0.390155 -0.194987
-0.501447 -0.367264 -0.058537
-0.432673 -0.354523 -0.671093
-0.370150 -0.339180 0.111538
-0.469673 -0.313509 -0.786794
-0.437958 -0.288509 0.118852
-0.539725 -0.294979 -1.271454
-0.426320 -0.252895 0.320244
-0.499529 -0.228183 -1.200329
-0.419295 -0.149817 0.422701
-0.537688 -0.290205 -1.769873
-0.408122 -0.072483 0.652733
-0.570276 -0.382528 -1.508318
-0.370766 0.094865 0.835678
-0.302445 -0.346833 -1.382911
-0.214812 0.166115 1.161023
-0.146392 -0.303276 -0.684163
-0.152824 0.203879 1.085317
-0.012591 -0.081487 -0.230542
-0.083123 0.285969 1.466740
-0.003550 0.139296 0.198105
-0.025713 0.418280 1.194249
0.037506 0.195265 0.133972
0.042001 0.615981 2.018742
0.065442 0.276762 0.387483
-0.027535 0.750059 1.540418
-0.111644 0.457152 0.258835
-0.157401 0.699271 1.629838
-0.162442 0.562367 0.358923
-0.172629 0.627131 1.088060
-0.142668 0.494427 0.472209
-0.062462 0.621515 0.599902
-0.347405 -0.431325 -0.401716
-0.355252 -0.439165 -0.137930
-0.284679 -0.487153 -0.375201
-0.217874 -0.475085 -0.045031
-0.235192 -0.488427 -0.816074
-0.198280 -0.404875 0.327337
-0.356908 -0.338655 -0.841318
-0.329911 -0.276313 0.354768
-0.383026 -0.412329 -1.476006
-0.220573 -0.243989 0.694475
-0.260067 -0.321399 -1.347663
-0.224909 -0.166838 0.506255
-0.262477 -0.541676 -1.918882
-0.126859 -0.004366 1.082440
0.005495 -0.482613 -1.541405
-0.057367 0.048078 1.073743
-0.078998 -0.455323 -1.516425
-0.101611 0.176186 1.659289
0.118594 -0.079154 -0.568586
0.053756 0.277068 1.454663
0.041843 0.233358 -0.170083
0.041014 0.502539 1.875783
0.092013 0.359674 0.339297
0.091975 0.519829 1.608844
-0.009316 0.419974 0.159397
-0.051972 0.668130 1.731447
-0.136677 0.501817 0.418253
-0.114166 0.489183 1.311851
-0.185140 0.518762 0.238728
-0.242225 0.473846 0.902134
-0.165026 0.593635 0.229824
-0.063341 0.487337 0.535992
-0.329860 -0.462834 -0.152184
-0.387316 -0.432863 -0.065776
-0.258854 -0.413769 -0.426021
-0.173432 -0.403398 0.126015
-0.172386 -0.389676 -0.539854
-0.183040 -0.369322 0.247780
-0.281103 -0.327083 -0.950901
-0.250134 -0.219692 0.508828
-0.379208 -0.166812 -0.903067
-0.280724 -0.080827 0.492343
-0.331215 -0.141077 -1.162391
-0.215980 -0.016724 0.688274
-0.289388 -0.228149 -1.017576
-0.164809 0.137789 0.720658
-0.178115 -0.197999 -0.919325
-0.117460 0.224296 0.914749
-0.105165 -0.125954 -0.505223
-0.001873 0.282291 0.916595
0.101987 0.053204 0.029110
0.092074 0.345438 1.225076
0.152934 0.097887 0.189083
0.201175 0.452782 1.363261
0.226914 0.292703 0.441356
0.221813 0.584072 1.484457
0.144845 0.418205 0.421633
0.240172 0.699855 1.722978
0.090176 0.323734 0.518387
0.058988 0.688190 1.369467
-0.055090 0.463521 0.136406
-0.038041 0.605859 0.941845
-0.013803 0.468532 0.568028
0.037447 0.618649 0.545431
-0.292085 -0.463523 -0.284254
-0.282508 -0.484284 -0.135106
-0.176864 -0.532915 -0.196009
-0.065485 -0.494718 -0.086963
-0.011979 -0.519115 -0.485962
-0.007061 -0.437481 0.280867
-0.054956 -0.358001 -0.514569
-0.043438 -0.275002 0.375873
-0.123499 -0.312958 -0.793901
-0.068416 -0.198800 0.603417
-0.205500 -0.140041 -0.673870
-0.106636 -0.031799 0.442227
-0.131735 -0.209792 -1.012537
-0.031284 0.049630 0.882516
-0.065960 -0.168980 -0.928690
-0.023520 0.125426 0.689885
-0.033424 -0.084424 -0.669876
-0.019887 0.210082 1.133084
0.074550 0.085810 -0.232640
0.090221 0.247271 0.897768
0.142882 0.258900 0.270669
0.105392 0.368000 1.314053
0.134034 0.281898 0.275930
0.120228 0.344843 1.103688
0.048760 0.452855 0.551712
-0.010243 0.489313 1.348927
-0.047632 0.412976 0.462639
-0.041800 0.373707 1.115919
-0.091988 0.457183 0.551032
-0.128291 0.387318 0.876077
-0.061293 0.531466 0.535986
0.021293 0.464142 0.535134
-0.255686 -0.467324 -0.160517
-0.298634 -0.448792 -0.040531
-0.164136 -0.447001 -0.426132
-0.043201 -0.414773 0.157358
0.027208 -0.408815 -0.454653
0.059896 -0.387111 0.235568
0.048720 -0.331501 -0.734123
0.059851 -0.266113 0.461768
-0.000507 -0.192427 -0.666090
0.037054 -0.116962 0.424856
-0.024955 -0.125117 -0.982416
0.011729 -0.017526 0.667257
-0.035015 -0.056182 -0.792929
0.002612 0.121277 0.685733
0.002430 -0.035159 -1.024751
0.056369 0.236622 1.026714
0.083293 0.090310 -0.484892
0.093602 0.352241 0.778898
0.176735 0.282108 -0.205097
0.168779 0.410402 1.209417
0.226695 0.355131 0.275841
0.231431 0.443040 0.930444
0.201216 0.324835 0.234398
0.241874 0.543678 1.568314
0.193864 0.339524 0.420953
0.223752 0.601847 1.124276
0.080029 0.403308 0.427604
0.085232 0.598001 1.307798
-0.018166 0.518803 0.555056
0.037635 0.533596 0.819101
0.018182 0.424237 0.529511
0.071460 0.545923 0.485617
-0.091054 -0.470617 -0.301760
-0.117820 -0.483948 -0.130864
-0.032801 -0.522138 -0.263746
0.078900 -0.472797 -0.035307
0.157815 -0.498552 -0.527612
0.185534 -0.430006 0.268190
0.233935 -0.442486 -0.513977
0.238121 -0.356428 0.356761
0.207761 -0.394723 -0.867129
0.190180 -0.278312 0.638133
0.177065 -0.218946 -0.755057
0.154559 -0.098940 0.631923
0.109615 -0.202709 -1.229730
0.150404 0.018883 1.053409
0.243933 -0.095152 -0.955242
0.233813 0.146164 0.994775
0.135072 -0.017702 -1.229258
0.134193 0.291250 1.418581
0.282646 0.113379 -0.463880
0.281052 0.249003 1.048822
0.244117 0.274382 -0.146484
0.211439 0.374717 1.417974
0.243116 0.349298 0.189326
0.248048 0.368398 1.182122
0.119480 0.373393 0.223218
0.033205 0.461713 1.435556
0.011680 0.402822 0.497564
0.038107 0.362606 1.012961
-0.101793 0.441788 0.458781
-0.170400 0.345072 0.853399
-0.125389 0.515113 0.539333
-0.003047 0.436549 0.538689
-0.201488 -0.445100 -0.240321
-0.229132 -0.374730 -0.109675
-0.118136 -0.411643 -0.332086
0.000160 -0.388702 0.009725
0.064797 -0.419401 -0.244374
0.100054 -0.426035 -0.068681
0.129402 -0.406852 -0.389725
0.141194 -0.385649 0.109249
0.094381 -0.347178 -0.301657
0.094403 -0.270127 0.228147
0.064932 -0.228151 -0.530545
0.106204 -0.107033 0.507313
0.068596 -0.084734 -0.525092
0.128342 0.055730 0.526220
0.136107 0.070241 -0.358357
0.144866 0.217736 0.782798
0.129144 0.219259 -0.223572
0.170326 0.349017 0.683331
0.228415 0.340506 0.156230
0.185636 0.375344 0.871591
0.198818 0.399770 0.185542
0.224473 0.407153 0.718343
0.238930 0.433862 0.415785
0.196510 0.490847 0.854041
0.161950 0.443466 0.379654
0.196042 0.533600 0.914014
0.127392 0.368154 0.510609
0.033516 0.539202 0.896050
-0.105997 0.430430 0.333487
-0.084673 0.506678 0.631222
-0.057425 0.399461 0.612244
0.016512 0.497058 0.355783
-0.051342 -0.483639 -0.350845
-0.095000 -0.446840 -0.167942
-0.008364 -0.507551 -0.240572
0.106720 -0.425632 -0.274206
0.204019 -0.490089 -0.277391
0.214660 -0.459369 -0.036533
0.241352 -0.504366 -0.094955
0.258175 -0.469717 0.047295
0.238202 -0.561306 -0.349341
0.213626 -0.452147 0.230410
0.187578 -0.444161 -0.248494
0.184985 -0.276113 0.447551
0.172724 -0.336659 -0.521708
0.205500 -0.143491 0.779717
0.220079 -0.124169 -0.341314
0.221771 0.031152 0.793278
0.189341 0.077463 -0.218035
0.108280 0.178931 0.923783
0.152675 0.230190 0.006232
0.133416 0.242626 0.717080
0.143825 0.315726 0.109864
0.044132 0.262790 0.830150
0.042112 0.375780 0.261074
-0.001669 0.311440 0.604930
0.023565 0.414213 0.365120
-0.100372 0.344376 0.746927
-0.152552 0.442421 0.359984
-0.221508 0.383077 0.729125
-0.232585 0.496987 0.405732
-0.282810 0.440352 0.654304
-0.197631 0.508604 0.573391
-0.071612 0.460530 0.505153
-0.219893 -0.448966 -0.332890
-0.205207 -0.322041 -0.114026
-0.111894 -0.332406 -0.466857
0.023886 -0.323237 0.037464
0.072688 -0.409579 -0.271958
0.117838 -0.436832 -0.066531
0.132296 -0.462085 -0.373068
0.165032 -0.474982 -0.033501
0.132660 -0.461860 -0.275349
0.117871 -0.366810 0.111028
0.105864 -0.357071 -0.380096
0.122005 -0.260728 0.337487
0.159320 -0.225651 -0.257018
0.157155 -0.033778 0.489792
0.202330 0.012186 -0.242215
0.159457 0.141463 0.601881
0.160368 0.225470 0.049432
0.114727 0.315165 0.513809
0.145854 0.293884 0.087478
0.079764 0.333269 0.560215
0.024217 0.308274 0.291319
-0.027803 0.322790 0.345426
-0.039362 0.297058 0.187412
-0.012446 0.364831 0.559731
-0.028693 0.395034 0.315767
0.004326 0.467896 0.475806
-0.058975 0.422555 0.349405
-0.095082 0.510730 0.529066
-0.114809 0.477821 0.423821
-0.107747 0.516459 0.365856
-0.124324 0.495291 0.301882
-0.020167 0.446978 0.095895
0.052979 -0.410475 -0.174343
0.020132 -0.388736 0.068410
0.042983 -0.380143 -0.193450
0.134370 -0.339651 0.057207
0.230962 -0.342299 -0.265503
0.249649 -0.327239 0.079252
0.288740 -0.371917 -0.145577
0.224905 -0.351888 0.146471
0.219970 -0.377193 -0.213702
0.138800 -0.352931 0.239009
0.168542 -0.346278 -0.127413
0.096473 -0.216889 0.379635
0.149330 -0.209000 -0.092150
0.105793 -0.130074 0.574894
0.194621 -0.056486 0.105076
0.127630 0.054488 0.611246
0.183928 0.169576 0.187210
0.062981 0.229818 0.669569
0.105046 0.276647 0.305790
0.033794 0.269999 0.494233
0.064669 0.333693 0.249892
-0.052910 0.309638 0.508033
-0.073980 0.334536 0.309624
-0.069629 0.326221 0.415742
-0.049561 0.397850 0.214571
-0.121802 0.424869 0.428119
-0.121604 0.433722 0.312619
-0.137468 0.388289 0.350515
-0.100630 0.488443 0.393494
-0.112714 0.417803 0.498077
-0.096587 0.449623 0.493935
0.040478 0.395528 0.306544
