0.860571 -0.554259 -0.632406
0.679534 -0.315213 -0.390357
0.648856 -0.338739 -0.155405
0.443033 0.258566 -0.355159
0.591493 -0.193935 0.534960
0.683804 0.358567 -0.088459
0.567406 0.045032 0.463635
0.508897 0.456297 0.403000
0.692299 0.183724 -0.073500
0.432979 0.460067 0.262581
0.372684 0.174224 0.631770
0.589490 0.082434 0.430877
0.244221 0.201296 0.668727
0.823577 -0.132702 0.775694
0.461244 0.323837 0.640156
0.835373 -0.535859 -0.400527
0.658084 -0.472872 -0.564932
0.654041 -0.404803 -0.162299
0.154065 0.341531 -0.062504
-0.084737 0.160506 -0.379060
0.703385 -0.161547 0.357580
0.622509 0.355845 0.119298
0.716935 0.031608 -0.304165
0.344716 -0.164762 -0.587563
0.473278 -0.178980 0.674643
0.894571 -0.240388 0.699833
0.043498 0.515948 -0.004487
0.748146 -0.209073 0.451256
-0.377394 0.280488 -0.037184
0.594154 -0.415485 -0.223257
-0.365759 -0.100526 -0.340707
0.522698 -0.186474 -0.351456
0.643516 0.133971 -0.454425
0.735163 -0.229185 -0.386234
0.793508 -0.107396 -0.360047
0.717808 0.139828 -0.080700
0.773484 -0.394954 -0.360073
0.656056 -0.006611 -0.425473
0.964243 0.071991 0.685583
0.290341 0.201970 -0.513036
0.233029 0.166022 0.407160
0.576413 0.214376 0.492416
0.445676 -0.254172 0.553345
0.350842 -0.409294 -0.605183
0.136053 -0.193423 -0.407901
0.357349 -0.433015 -0.390088
-0.431419 -0.358753 0.412185
0.945741 0.163991 0.804271
-0.012616 0.102226 -0.374911
0.969684 -0.131939 0.807140
0.755499 -0.138026 0.016929
0.606174 0.195747 -0.092718
0.603313 0.300933 0.511771
0.252983 -0.208107 0.761800
0.212466 -0.195125 0.565355
0.839343 -0.139901 0.509482
0.887949 -0.390452 -0.579138
0.656974 0.421812 0.548253
-0.350284 0.132940 -0.224570
0.706721 -0.112019 -0.295545
-0.199384 -0.134164 -0.346858
0.152149 0.333624 -0.437844
-0.131251 -0.450431 0.290150
0.301155 -0.402126 0.148450
0.120990 -0.518448 -0.327378
0.671287 -0.335346 -0.582994
0.024640 0.226097 0.479214
0.652317 -0.007724 0.703970
0.395764 0.446398 0.515319
-0.005245 0.067381 0.641587
0.729663 0.336749 0.533647
0.711396 -0.186709 -0.321152
-0.083240 -0.021297 0.527957
0.940004 -0.117821 0.648248
0.749537 0.163878 -0.377790
0.565788 -0.222136 -0.306938
0.845138 -0.162811 0.584166
0.504740 -0.392161 -0.327390
0.524059 -0.172675 0.503182
0.541657 0.436374 0.199321
0.375898 -0.490807 -0.220135
-0.308126 -0.137581 0.467131
0.780885 -0.057322 -0.305223
-0.427499 -0.019793 0.383835
0.540945 -0.554503 -0.388083
0.403915 -0.226739 -0.464755
0.608800 -0.394625 -0.365181
0.735066 -0.289448 -0.338100
-0.083727 0.365846 -0.093016
0.823409 -0.153617 -0.450911
-0.466817 -0.215347 0.359579
0.651492 -0.197232 -0.079207
0.543933 0.151144 0.649729
-0.046575 -0.052681 0.444233
0.911605 0.058593 0.547480
0.970393 -0.079774 0.717516
0.112538 -0.592997 -0.089022
0.715058 -0.024535 -0.586284
0.595328 -0.328554 -0.163613
0.093584 -0.342364 -0.450143
-0.131448 0.034806 0.450497
0.307433 0.470574 0.400716
0.860059 -0.361508 -0.493577
0.580330 -0.161038 0.719977
0.686765 -0.200338 -0.468473
0.615250 0.237072 -0.349114
0.002940 0.390419 0.258390
0.315870 0.360079 -0.312905
0.695421 -0.107082 0.500816
0.603463 -0.175232 -0.549400
-0.294329 0.402742 0.217003
0.559518 -0.355162 -0.451928
0.750861 -0.103616 0.511624
0.707419 0.067435 0.536638
0.753141 -0.413310 -0.351029
-0.476745 -0.157641 -0.271434
0.244819 -0.354802 0.682569
0.766919 -0.123694 -0.451907
0.712864 -0.006310 -0.465796
-0.213237 0.174209 -0.240475
0.545726 -0.244773 0.178739
0.435127 -0.274259 0.342952
0.553109 -0.497328 -0.594536
0.587724 0.289389 0.073516
0.637548 -0.100598 -0.123026
0.637767 0.311771 0.229728
0.607348 -0.107398 -0.377697
0.756410 0.273274 0.688332
0.661273 -0.472029 -0.408677
-0.434525 0.005319 -0.237264
0.646843 0.127619 -0.232309
0.219900 -0.588788 -0.533208
0.062526 0.350150 -0.260411
0.820530 0.442052 0.574977
-0.058596 -0.330686 -0.413174
0.752431 -0.071255 0.651207
0.748222 0.147369 0.524826
0.173974 0.327778 0.555782
-0.056540 -0.352891 -0.362000
0.428125 0.426388 -0.201295
0.762284 -0.414167 -0.643833
-0.065372 0.212780 -0.299301
-0.125157 -0.210793 0.516135
0.299989 0.009927 -0.425772
0.776766 0.010157 0.743607
0.596807 -0.122376 0.315666
-0.152690 -0.234980 -0.316631
0.021843 -0.144368 0.585427
-0.105202 0.271021 0.331907
0.538300 0.388607 0.063944
0.779639 -0.253278 -0.314094
0.714694 0.239903 -0.237278
0.564253 0.047788 -0.327976
0.553734 -0.207951 -0.578705
0.113765 -0.262754 -0.491359
0.359168 -0.093345 0.593404
0.596255 0.282482 0.429624
-0.278996 0.303072 -0.115199
0.906525 -0.619334 -0.509817
0.136183 -0.012801 0.646534
-0.525336 -0.289899 -0.334658
0.768537 -0.201457 -0.455788
0.656149 0.064055 -0.037048
0.741443 0.076514 0.595031
0.550831 0.258420 -0.364656
0.673490 0.247667 -0.021403
0.697717 -0.300304 -0.253727
0.463760 0.257526 -0.162273
0.632694 0.104242 0.192639
0.134570 -0.431267 -0.388415
0.793221 0.223274 0.493793
0.047839 0.100564 0.521051
0.449406 0.024633 0.758693
0.592446 0.384048 0.343400
0.758208 -0.252125 -0.481444
0.602685 0.409842 0.642202
0.709555 0.173037 0.050824
0.888447 -0.279008 -0.405384
0.232762 -0.591317 -0.217313
0.609292 0.009915 0.441204
0.704769 0.303839 0.148102
0.395614 0.408884 -0.068859
0.544759 0.365418 0.038552
0.754106 0.059654 -0.282305
0.415141 -0.051262 0.470989
0.562164 -0.394578 -0.343858
0.729075 0.223348 -0.182268
-0.237665 0.034994 -0.312188
0.832532 0.079481 0.482063
0.379700 -0.033625 -0.545729
0.244797 0.080851 -0.507207
0.667776 -0.000890 -0.309772
0.793915 -0.510313 -0.495591
0.540539 0.098728 -0.541668
-0.221395 0.044713 0.460391
0.757476 -0.044584 0.570524
0.786604 -0.306777 -0.471227
0.480894 -0.483100 -0.114479
-0.151552 -0.564685 -0.168831
0.789791 -0.026857 -0.436043
0.943135 0.287531 0.578425
0.392610 0.482981 0.030172
0.898619 0.327759 0.492147
0.199534 -0.010742 0.534713
0.790489 -0.467901 -0.467655
0.893145 0.386781 0.696000
-0.108606 -0.037640 -0.346073
0.804519 0.143876 0.620016
0.016797 -0.222919 0.516178
0.899439 -0.476138 -0.416896
0.565739 0.347373 -0.087523
0.703863 0.281223 0.273322
0.644723 0.273796 -0.234050
0.881108 0.182852 0.748188
-0.130393 0.142305 0.432231
0.005673 -0.468219 -0.394434
0.203050 0.155175 -0.326322
0.698117 -0.098613 -0.405434
0.089937 0.022125 -0.494000
0.827006 0.287419 0.594182
0.030248 -0.099904 -0.387470
0.033176 0.299856 0.426239
-0.585675 0.000347 -0.248287
0.225565 -0.327155 0.434036
-0.280503 -0.145148 0.526262
0.852412 -0.062629 0.456927
0.220859 -0.607468 -0.329415
-0.349554 -0.241859 -0.359209
0.858347 -0.207929 0.660323
0.521035 -0.543941 -0.539080
0.724951 0.254895 0.294693
0.814180 -0.209146 -0.571904
-0.303470 -0.473708 -0.235308
-0.031203 -0.179929 -0.368702
0.343514 -0.350968 -0.413936
0.719845 -0.228458 -0.280688
0.005600 -0.369008 0.389610
0.443960 0.333961 0.441062
-0.296857 -0.263390 -0.239937
-0.179079 0.210238 -0.144395
0.486927 0.141444 -0.432010
-0.230065 -0.232724 0.428791
0.415077 -0.557540 -0.231505
0.724915 0.336826 0.349322
-0.397476 -0.361488 -0.311929
0.628986 0.199053 0.751734
-0.255327 0.115955 0.349847
0.615490 -0.263110 -0.185269
0.201082 -0.203056 -0.334624
-0.505993 -0.413770 -0.143091
-0.112771 -0.447739 -0.368687
0.774119 -0.420550 -0.340490
-0.092091 -0.590835 -0.372077
0.096946 0.427224 0.421913
0.528958 0.327967 -0.214295
0.115997 -0.225980 0.433679
-0.359748 -0.446212 -0.061457
-0.387510 -0.274475 0.159761
-0.460513 -0.245841 -0.081229
-0.398146 -0.225125 0.128912
-0.472381 -0.258539 0.064034
-0.467965 -0.296793 0.055441
-0.480280 -0.318018 -0.005121
-0.426470 -0.253177 0.182838
-0.442720 -0.238584 0.034498
-0.288509 -0.176665 0.091746
-0.186533 -0.091861 -0.137469
-0.018948 0.070395 0.266941
0.018601 0.110801 -0.224196
0.077430 0.195969 0.321543
0.014099 0.162115 -0.450075
-0.023147 0.229451 0.337112
-0.163071 0.084216 -0.424670
-0.188830 0.075183 0.211333
-0.255434 -0.062341 -0.386657
-0.239399 0.029772 0.303599
-0.369565 -0.145233 -0.163728
-0.376238 -0.133338 0.097530
-0.393127 -0.197639 -0.187911
-0.333927 -0.146698 0.295426
-0.387082 -0.175909 -0.069697
-0.384762 -0.114149 0.127175
-0.360137 -0.089640 -0.206964
-0.363807 0.016102 0.242793
-0.404390 0.055615 -0.167289
-0.408132 0.088324 0.134922
-0.311162 0.125143 -0.206056
-0.206258 0.201522 0.146183
-0.563225 -0.487965 -0.077051
-0.615342 -0.439505 0.164158
-0.741677 -0.528880 0.092957
-0.735830 -0.464928 0.161440
-0.707276 -0.486311 -0.059231
-0.702483 -0.446006 0.205036
-0.707703 -0.529035 0.054131
-0.652354 -0.476285 0.136993
-0.549351 -0.473350 0.012493
-0.457497 -0.363397 0.242749
-0.420815 -0.324692 0.079949
-0.248350 -0.143226 0.096141
-0.181408 -0.094093 -0.077048
-0.065541 0.027972 0.343848
-0.111878 -0.042242 -0.170267
-0.061710 0.032837 0.250326
-0.165963 -0.055716 -0.278323
-0.204619 0.007254 0.256319
-0.367902 -0.158543 -0.232389
-0.330688 -0.096171 0.162508
-0.387519 -0.257428 -0.251730
-0.405856 -0.176365 0.244941
-0.503537 -0.310530 -0.048113
-0.506157 -0.270722 0.087309
-0.497162 -0.252694 -0.192226
-0.537642 -0.103192 0.182336
-0.487922 -0.088382 -0.115040
-0.540018 -0.011498 0.122401
-0.528089 0.077845 -0.228776
-0.583867 0.135315 0.198747
-0.516476 0.148969 -0.036769
-0.315330 0.153667 0.091513
-0.653224 -0.404411 0.096246
-0.745053 -0.357532 0.096548
-0.839967 -0.380421 0.026877
-0.795245 -0.334103 0.141410
-0.830271 -0.373231 0.120886
-0.780196 -0.393625 0.012116
-0.778369 -0.441754 0.037395
-0.710335 -0.418719 0.139153
-0.754520 -0.401281 0.054375
-0.550787 -0.280200 -0.000193
-0.475062 -0.151815 -0.140799
-0.253759 0.045949 0.201557
-0.264677 0.101505 -0.218452
-0.121235 0.244501 0.204257
-0.246048 0.217769 -0.415195
-0.233571 0.249131 0.174281
-0.414369 0.159141 -0.318187
-0.416991 0.206198 0.014266
-0.548427 0.116196 -0.289423
-0.482100 0.173701 0.197000
-0.608255 0.066059 -0.001461
-0.583194 0.058175 0.050748
-0.565284 -0.042908 -0.135577
-0.537970 -0.055674 0.156091
-0.532534 -0.089081 -0.044767
-0.556373 -0.025709 -0.015563
-0.504796 -0.030823 -0.188198
-0.495421 0.091185 0.073108
-0.468516 0.111310 -0.132708
-0.463277 0.173632 -0.003196
-0.425324 0.176271 -0.103702
-0.338660 0.252545 0.045664
-0.809079 -0.543242 -0.036575
-0.902956 -0.625303 0.114514
-0.953690 -0.695346 0.104500
-0.970943 -0.626893 0.107715
-0.898104 -0.639738 -0.045638
-0.917887 -0.598161 0.198024
-0.882087 -0.698940 0.016265
-0.910716 -0.679250 0.102665
-0.840107 -0.646960 -0.126025
-0.853780 -0.529503 0.263318
-0.827840 -0.494992 -0.080976
-0.682437 -0.275222 0.118281
-0.583889 -0.284735 -0.337053
-0.503295 -0.003441 0.315074
-0.559199 -0.064227 -0.398069
-0.537984 0.144563 0.169005
-0.583585 0.051962 -0.582109
-0.602521 0.183932 0.230551
-0.588800 0.025242 -0.380809
-0.578369 0.146085 0.100647
-0.460407 -0.022966 -0.466507
-0.500295 0.039120 0.369880
-0.440546 -0.143756 -0.188810
-0.498762 -0.073265 0.296261
-0.455829 -0.125546 -0.184376
-0.424385 -0.019790 0.259755
-0.397963 -0.011627 -0.123447
-0.393669 0.064892 0.138330
-0.383281 0.173203 -0.190458
-0.401876 0.221102 0.155093
-0.415496 0.240912 -0.117874
-0.303163 0.249196 0.109013
-0.771154 -0.648205 0.143653
-0.844610 -0.675415 0.133262
-0.952670 -0.725262 0.129354
-0.964402 -0.657726 0.198550
-1.041621 -0.688329 0.160997
-1.001146 -0.703968 -0.028471
-1.037746 -0.736171 0.016857
-1.064561 -0.663989 0.074806
-1.186509 -0.643510 -0.018444
-1.121772 -0.607621 -0.067631
-1.066953 -0.476616 -0.316125
-0.900662 -0.346589 0.135238
-0.863307 -0.183006 -0.464533
-0.787456 0.085591 0.256717
-0.960733 0.077166 -0.566871
-1.050406 0.211292 0.448943
-1.000677 0.133325 -0.393933
-0.951929 0.351872 0.338307
-0.928535 0.303709 -0.214603
-0.947793 0.467115 0.391539
-0.924176 0.386095 0.151728
-0.811794 0.416215 0.412863
-0.711051 0.300525 0.039246
-0.604633 0.280661 0.267673
-0.542077 0.192659 0.012172
-0.473346 0.170142 0.054701
-0.390054 0.146045 -0.150325
-0.407216 0.208455 0.028786
-0.370495 0.249242 -0.134191
-0.358916 0.283244 -0.027084
-0.339799 0.337501 0.013802
-0.273217 0.340914 0.028930
-0.926014 -0.900721 0.025913
-0.980725 -1.013115 0.169410
-1.066618 -1.161837 0.192034
-1.128519 -1.074049 0.207538
-1.111320 -1.096503 -0.020617
-1.139895 -0.970228 0.287273
-1.159979 -1.095989 0.079160
-1.233971 -1.006227 0.100091
-1.238290 -0.953093 -0.102620
-1.344382 -0.750958 0.258369
-1.441006 -0.718022 -0.134548
-1.466371 -0.523629 0.198761
-1.431336 -0.466489 -0.595695
-1.284977 -0.203083 0.394387
-1.231568 -0.186487 -0.681032
-1.166532 0.112685 0.292085
-1.044150 -0.049208 -0.812430
-1.016833 0.202528 0.512914
-0.835214 -0.003011 -0.388713
-0.856501 0.256636 0.205482
-0.684210 0.095436 -0.361510
-0.728116 0.246375 0.335953
-0.630335 0.078144 0.017762
-0.640671 0.174167 0.294508
-0.518735 0.118245 -0.050132
-0.501803 0.179485 0.248872
-0.390798 0.150169 -0.024198
-0.411002 0.187851 0.129565
-0.362816 0.258546 -0.090852
-0.391149 0.309652 0.103049
-0.350952 0.333813 -0.015204
-0.249621 0.325255 0.116013
-0.820372 -0.901747 0.167896
-0.905599 -0.932254 0.220371
-1.014311 -1.050725 0.148506
-1.061406 -1.003118 0.351207
-1.169931 -1.043489 0.111662
-1.199270 -1.008671 0.119961
-1.204832 -1.040403 -0.067771
-1.238394 -0.908663 0.140138
-1.328059 -0.780908 -0.093392
-1.393271 -0.701946 0.022026
-1.420579 -0.541826 -0.507447
-1.375779 -0.375157 0.077631
-1.251398 -0.260020 -0.773191
-1.180779 0.031138 0.277479
-1.261795 -0.042846 -1.093480
-1.431348 0.210717 0.674930
-1.326685 0.065526 -0.783058
-1.390126 0.385291 0.682503
-1.048694 0.208929 -0.695126
-1.174776 0.568070 1.096401
-0.954269 0.409230 0.169824
-0.950673 0.742053 0.904010
-0.750785 0.659536 0.273437
-0.689614 0.677073 0.712912
-0.580414 0.386193 0.265325
-0.576671 0.491726 0.195038
-0.461800 0.293294 -0.050117
-0.457201 0.417467 -0.016100
-0.344965 0.386541 -0.144621
-0.305492 0.414448 -0.084218
-0.218544 0.441896 -0.023589
-0.180980 0.430692 -0.003246
-0.947755 -1.058476 0.048102
-0.987525 -1.245903 0.152168
-1.090704 -1.406226 0.119050
-1.144382 -1.345136 0.367819
-1.170709 -1.383527 -0.105390
-1.210191 -1.218997 0.437972
-1.308422 -1.331886 -0.070767
-1.389832 -1.202796 0.217387
-1.316256 -1.073610 -0.207946
-1.353211 -0.883555 0.364075
-1.451322 -0.660379 -0.390569
-1.485004 -0.516472 0.176781
-1.413580 -0.354973 -1.034397
-1.207990 -0.102937 0.257451
-1.122897 -0.157380 -1.097213
-1.178982 0.128841 0.380769
-1.116327 -0.041253 -1.412901
-1.186442 0.333642 0.975649
-0.900522 -0.054071 -0.908998
-0.902320 0.348247 0.728902
-0.612611 0.193451 -0.504937
-0.645407 0.523584 1.103020
-0.579779 0.218401 -0.062027
-0.633344 0.366076 0.675474
-0.514712 0.281517 0.033512
-0.515610 0.373897 0.473795
-0.411464 0.321299 -0.030691
-0.373505 0.379715 0.117186
-0.275941 0.431787 -0.166452
-0.266363 0.426172 0.001087
-0.171073 0.489399 -0.102875
-0.074855 0.464723 -0.016818
-0.788864 -0.923610 0.215163
-0.891830 -0.967100 0.242120
-0.994978 -1.100997 0.182841
-1.039681 -1.028312 0.377386
-1.179760 -1.032586 0.099551
-1.238376 -1.013725 0.114910
-1.241650 -0.989469 -0.057895
-1.302989 -0.890610 0.058049
-1.332816 -0.748425 -0.255398
-1.354347 -0.703821 -0.074181
-1.425670 -0.447772 -0.686243
-1.355231 -0.363886 -0.230549
-1.266884 -0.186675 -0.801432
-1.058438 -0.085703 -0.145676
-1.001343 -0.008321 -1.034433
-0.991072 0.176245 0.094528
-0.850788 0.062981 -0.846670
-0.942151 0.408002 0.586061
-0.737346 0.187273 -0.654511
-0.907288 0.706062 0.887414
-0.672770 0.343962 0.008418
-0.751827 1.116917 1.671480
-0.564200 0.628452 0.552536
-0.602308 1.135252 1.153627
-0.403257 0.945773 0.305463
-0.400684 0.843619 0.574178
-0.245687 0.574279 -0.014760
-0.243492 0.677410 0.046733
-0.043895 0.607049 -0.263767
0.027113 0.580893 -0.147122
0.193193 0.748000 -0.059418
0.195131 0.595430 -0.273308
-0.849215 -0.965055 0.018362
-0.885162 -1.151581 0.122035
-0.979719 -1.297749 0.084434
-1.036026 -1.278799 0.388015
-1.101295 -1.320431 -0.145531
-1.144528 -1.189236 0.451544
-1.195048 -1.213351 -0.112098
-1.308475 -1.074730 0.280736
-1.279427 -0.912836 -0.297476
-1.299685 -0.753242 0.326065
-1.281640 -0.440308 -0.624485
-1.233235 -0.430705 -0.099758
-1.222244 -0.447222 -1.166180
-1.158489 -0.246840 0.013043
-1.058529 -0.226385 -1.106009
-0.983036 0.041871 -0.054745
-0.889025 -0.119006 -1.539185
-0.997489 0.223693 0.377280
-0.903792 -0.062746 -1.106709
-0.807237 0.375157 0.146582
-0.528421 0.255352 -0.785109
-0.591229 0.612431 0.782060
-0.496765 0.213816 -0.322427
-0.523826 0.440919 0.424978
-0.332472 0.193385 -0.116307
-0.401152 0.423220 0.493737
-0.384904 0.403232 -0.114580
-0.358243 0.575595 0.103227
-0.177382 0.660125 -0.363000
0.014638 0.816107 -0.283631
0.230712 0.881131 -0.256251
0.323460 0.892387 -0.314840
-0.852914 -0.618612 0.158310
-0.960574 -0.655389 0.179093
-1.059854 -0.731992 0.130744
-1.079089 -0.623890 0.162341
-1.222115 -0.610187 0.171063
-1.212089 -0.538690 0.009580
-1.156164 -0.531317 0.042823
-1.154828 -0.485094 0.002324
-1.230359 -0.361044 -0.269170
-1.188582 -0.399773 -0.231430
-1.236821 -0.261203 -1.098377
-1.094579 -0.269114 -0.186769
-1.199039 -0.099315 -1.373517
-1.041251 -0.015540 -0.161131
-1.051721 0.052488 -2.043298
-1.023568 0.186621 0.359294
-0.986019 0.196943 -1.854832
-0.889217 0.467156 0.255445
-0.647859 0.309801 -2.109498
-0.853805 0.880574 1.232540
-0.574508 0.314880 -1.133007
-0.681817 1.297160 1.584872
-0.379325 0.309984 -0.646643
-0.440629 1.352171 1.708973
-0.276366 0.553176 0.063904
-0.224436 0.923865 0.581811
0.113379 0.693737 -0.264975
0.305829 0.892172 -0.236165
0.503920 1.159741 -0.478668
0.704672 0.896902 -0.425745
0.784958 1.270395 -0.532605
0.599934 1.474997 -0.899673
-0.827479 -0.518096 -0.016143
-0.944214 -0.631325 0.090031
-1.005461 -0.655754 0.045110
-1.068087 -0.670399 0.232612
-1.128741 -0.606789 -0.112017
-1.167871 -0.568511 0.321384
-1.154633 -0.536421 -0.044638
-1.121966 -0.508773 0.210908
-1.028158 -0.364546 -0.364375
-0.940288 -0.410213 0.238009
-0.960228 -0.198417 -0.926723
-0.851687 -0.262309 -0.077457
-0.878377 -0.223203 -1.957709
-0.716236 -0.100864 0.228998
-0.748347 -0.105124 -1.943991
-0.717293 0.096475 0.203135
-0.743820 0.067929 -2.879791
-0.481544 0.444346 0.653019
-0.407422 0.003651 -2.352602
-0.314104 0.656196 0.572693
-0.315672 0.323809 -2.224929
-0.288107 1.010780 1.335551
-0.322567 0.187317 -1.310328
-0.358614 0.604331 0.720914
-0.190115 0.283009 -0.568557
-0.195282 0.309656 0.556874
0.000487 0.425709 -0.049127
0.209471 0.606691 0.083549
0.242582 1.010323 -0.005442
0.512876 1.131384 -0.535084
0.690949 1.746833 -0.478420
0.730419 1.654803 -0.935354
-0.791823 -0.363176 0.084178
-0.960518 -0.398108 0.097732
-1.041105 -0.414702 0.022017
-1.009213 -0.330442 0.069662
-1.079959 -0.338350 0.030623
-1.043215 -0.294741 0.030159
-0.980756 -0.285847 -0.049735
-0.933466 -0.287236 0.076307
-0.911912 -0.194699 -0.233839
-0.816686 -0.273141 -0.137304
-0.871762 -0.114917 -0.880385
-0.784643 -0.187736 -0.418288
-0.910739 -0.042468 -0.857406
-0.856781 0.073693 -0.137138
-0.967904 0.082023 -1.708244
-0.722608 0.273783 -0.114955
-0.728434 0.123522 -1.209699
-0.581663 0.501413 0.448037
-0.566329 0.221173 -1.435029
-0.366606 0.815616 0.507760
-0.395102 0.327108 -0.721925
-0.401651 1.104215 1.282461
-0.291040 0.356318 -0.247994
-0.331148 0.985016 0.831703
-0.075435 0.422357 -0.250897
0.281842 0.800222 0.254288
0.520537 0.957051 -0.212148
0.395288 2.352592 -0.848742
0.247177 3.594085 -1.446118
0.327856 3.499607 -1.242874
0.546585 3.727739 -1.315453
0.568393 3.167260 -1.415218
-0.704729 -0.286417 -0.047698
-0.837799 -0.342095 0.105080
-0.884643 -0.327253 -0.018509
-0.898913 -0.334849 0.105410
-0.911046 -0.318947 -0.093795
-0.906818 -0.275550 0.161714
-0.837389 -0.229602 0.014869
-0.780776 -0.257868 0.047694
-0.701098 -0.213387 -0.217704
-0.626325 -0.277690 0.110186
-0.599191 -0.135704 -0.543896
-0.507622 -0.229364 -0.269349
-0.602424 -0.274357 -1.354795
-0.586355 -0.148972 0.008914
-0.769116 -0.039723 -1.026334
-0.647799 0.127716 -0.167657
-0.578428 -0.026445 -1.476423
-0.456273 0.269301 0.168995
-0.610625 0.089029 -1.064137
-0.524001 0.389939 -0.030457
-0.404721 0.258330 -0.928425
-0.333461 0.600973 0.292742
-0.440175 0.310977 -0.497978
-0.401521 0.518633 0.252439
-0.195320 0.465320 -0.300175
0.164780 0.634674 0.125717
0.251804 0.851123 0.109640
0.287978 1.030965 -0.006972
0.317014 1.729502 -0.231439
0.488464 2.473825 -0.920758
0.736536 2.729701 -0.815211
0.799610 2.591356 -1.125102
-0.633696 -0.280664 -0.004057
-0.767370 -0.286008 0.138128
-0.759190 -0.316096 -0.074737
-0.720701 -0.285994 0.144261
-0.731648 -0.321049 -0.076412
-0.724007 -0.304498 0.088611
-0.649265 -0.291417 -0.147997
-0.580304 -0.283974 0.176114
-0.539056 -0.178699 -0.245865
-0.489014 -0.210489 0.188366
-0.509568 -0.072141 -0.886860
-0.331601 -0.116181 0.240113
-0.444584 0.055134 -0.915117
-0.409457 0.114544 0.357613
-0.480074 0.225590 -1.453162
-0.346392 0.255262 0.454971
-0.434591 0.295379 -1.020080
-0.327633 0.277840 0.111462
-0.390282 0.267957 -0.901486
-0.333019 0.479049 0.165100
-0.350874 0.414924 -0.328785
-0.336560 0.557395 0.013200
-0.372127 0.402364 -0.165397
-0.296683 0.673543 0.110512
0.148771 0.586048 0.145924
0.561582 0.994840 -0.098376
0.468056 3.135106 -1.107885
0.238373 3.520035 -1.145410
0.165839 4.031602 -1.324270
0.329740 3.987762 -1.318990
0.574339 4.271801 -1.580912
0.599079 3.642406 -1.836859
-0.573110 -0.279586 -0.060055
-0.640454 -0.288749 0.080583
-0.598177 -0.339023 -0.035904
-0.571412 -0.341497 0.082035
-0.526267 -0.345549 -0.121586
-0.546459 -0.291563 0.219553
-0.460310 -0.255170 -0.111731
-0.358064 -0.234287 0.134068
-0.266091 -0.229476 -0.431911
-0.190297 -0.206629 0.337412
-0.192664 -0.149306 -0.555279
-0.144011 -0.109247 0.371554
-0.162247 -0.116313 -1.250187
-0.165993 0.000313 0.573558
-0.223605 0.017220 -1.068499
-0.247569 0.130050 0.373443
-0.294079 0.182547 -1.407417
-0.236116 0.330429 0.510911
-0.224115 0.289031 -0.784770
-0.245299 0.334904 0.126685
-0.337179 0.465517 -0.453982
-0.360536 0.487447 0.089562
-0.375940 0.534578 -0.201875
-0.092818 0.652003 -0.194968
0.255495 0.861197 -0.002213
0.456033 0.787896 -0.193281
0.433368 1.159733 0.129974
0.474771 1.670878 -0.551703
0.324125 2.825183 -0.656796
0.472324 3.214839 -1.014194
0.761944 3.491628 -1.224688
0.734900 3.155258 -1.279235
-0.531933 -0.268820 -0.016160
-0.622192 -0.251744 0.102774
-0.542141 -0.324005 -0.054616
-0.469587 -0.319153 0.138247
-0.430724 -0.358742 -0.100456
-0.371418 -0.340023 0.048589
-0.255554 -0.328903 -0.251428
-0.128811 -0.307364 0.251582
-0.056105 -0.259523 -0.338711
-0.020774 -0.191281 0.304127
-0.018951 -0.131207 -0.619508
-0.049828 -0.025950 0.325473
-0.103162 0.011614 -0.689052
-0.105459 0.121181 0.425033
-0.104764 0.127498 -0.973610
-0.083337 0.259717 0.558312
-0.141315 0.237200 -0.748978
-0.117060 0.340977 0.412792
-0.112686 0.255881 -0.583621
-0.092775 0.456590 0.363933
-0.124204 0.522490 -0.449085
-0.053824 0.574186 -0.018782
0.092087 0.624868 -0.377332
0.319277 0.748328 -0.156779
0.677737 0.962275 -0.415844
0.910772 1.477522 -0.353506
0.764105 3.476705 -1.231489
0.621368 3.613126 -0.886426
0.559390 4.399717 -1.725888
0.609561 4.339995 -1.288304
0.784158 4.717465 -1.223421
0.775118 4.047259 -1.360221
-0.493397 -0.291756 -0.071301
-0.547687 -0.272393 0.065045
-0.476409 -0.368890 0.007563
-0.394695 -0.364884 0.000688
-0.288284 -0.407842 -0.086688
-0.202307 -0.354288 0.142748
-0.073916 -0.352628 -0.090099
0.028196 -0.337375 0.132372
0.145013 -0.363380 -0.319426
0.167480 -0.263382 0.252356
0.200891 -0.173365 -0.431104
0.177116 -0.049135 0.193002
0.140432 -0.017176 -0.562921
0.112866 0.047473 0.319934
0.055148 0.078827 -0.669692
0.075844 0.257709 0.372019
0.086317 0.224236 -0.738057
0.100564 0.301281 0.345709
0.095347 0.284760 -0.651275
0.091026 0.366723 0.187639
0.087289 0.426751 -0.466380
0.123215 0.479185 0.057292
0.194304 0.627857 -0.370788
0.428249 0.840934 -0.085595
0.635883 1.048764 -0.415897
0.705514 1.319597 -0.347080
0.695854 1.778509 -0.608389
0.676208 2.246590 -0.776627
0.532246 3.071836 -0.964116
0.617315 3.300895 -0.900800
0.816532 3.484830 -1.164250
0.926779 3.135134 -1.038879
-0.554245 -0.239879 -0.022097
-0.633806 -0.229663 0.047323
-0.533684 -0.305662 -0.054703
-0.422142 -0.302494 0.140241
-0.326273 -0.337906 -0.049848
-0.168635 -0.359784 0.057245
-0.015288 -0.368836 -0.235819
0.191700 -0.362473 0.215170
0.298559 -0.332707 -0.298713
0.375397 -0.248835 0.278068
0.393143 -0.198001 -0.562845
0.404443 -0.070990 0.304362
0.361686 0.007363 -0.578708
0.305880 0.087542 0.464703
0.285199 0.113359 -0.893850
0.321733 0.213674 0.556862
0.301275 0.262083 -0.670976
0.302789 0.321075 0.480974
0.298078 0.347326 -0.681732
0.335058 0.430390 0.301176
0.365940 0.579863 -0.477507
0.455940 0.663413 0.090596
0.521648 0.965445 -0.532983
0.647726 1.302261 -0.366812
0.703358 1.597755 -0.764410
0.789028 2.071851 -0.825464
0.798454 2.911551 -1.374719
0.632717 3.118106 -0.931894
0.516542 3.849267 -1.292597
0.698532 3.928596 -1.057137
0.904085 4.306907 -1.472371
0.958963 3.696855 -1.496795
-0.517003 -0.272916 -0.107595
-0.601467 -0.246872 0.074412
-0.527626 -0.360740 -0.031280
-0.453254 -0.369946 0.032561
-0.332345 -0.401959 -0.069562
-0.213353 -0.374364 0.245218
0.020639 -0.419036 -0.115398
0.239394 -0.420595 0.232951
0.476461 -0.465106 -0.399274
0.597262 -0.362935 0.381497
0.714779 -0.297938 -0.409202
0.743689 -0.176505 0.364209
0.730646 -0.120789 -0.762039
0.768382 0.006158 0.568398
0.780466 0.039909 -0.709490
0.803237 0.179436 0.573759
0.685118 0.190280 -0.878883
0.693763 0.282782 0.581004
0.657029 0.276458 -0.589493
0.691914 0.360121 0.296220
0.584123 0.420324 -0.530980
0.581338 0.511672 0.220110
0.528853 0.572584 -0.381103
0.702847 0.706766 -0.135308
0.716619 0.942773 -0.439311
0.799421 1.281416 -0.571058
0.694883 1.591358 -0.563426
0.742708 2.037216 -0.791197
0.661188 2.619933 -0.956221
0.813697 2.775897 -0.688632
1.011273 3.096967 -1.122052
1.045375 2.938389 -1.128348
-0.637458 -0.217857 -0.066728
-0.723219 -0.173509 0.105425
-0.664313 -0.274951 -0.038316
-0.572887 -0.292944 0.203709
-0.512407 -0.360634 0.047671
-0.367716 -0.366513 0.044231
-0.174493 -0.389834 -0.143599
0.165523 -0.387683 0.162034
0.423371 -0.397156 -0.229080
0.632931 -0.320117 0.170355
0.698538 -0.241065 -0.293025
0.784720 -0.093087 0.288121
0.833753 -0.022849 -0.525414
0.902043 0.114631 0.284298
0.882151 0.172285 -0.616140
0.908499 0.294000 0.492252
0.900244 0.320131 -0.646484
0.898468 0.412877 0.369633
0.856667 0.439613 -0.469480
0.812462 0.571053 0.316100
0.763394 0.664302 -0.431888
0.772403 0.825218 -0.021162
0.770877 1.209096 -0.549157
0.766127 1.388812 -0.514475
0.731438 1.711779 -0.881843
0.752433 1.887368 -0.824335
0.784728 2.394342 -1.079790
0.791847 2.619539 -0.755887
0.752495 3.234583 -1.268768
0.848269 3.242603 -1.049722
0.982233 3.653460 -1.146662
0.971699 3.224797 -0.978068
-0.597943 -0.306695 -0.171817
-0.708169 -0.251066 0.180319
-0.678678 -0.391650 -0.067953
-0.645565 -0.362796 0.095569
-0.495665 -0.455679 -0.118600
-0.393457 -0.432262 0.179364
-0.178498 -0.456384 0.026188
0.055612 -0.458299 0.152169
0.378482 -0.491228 -0.150864
0.574049 -0.371577 0.222194
0.731852 -0.396911 -0.076175
0.817746 -0.249914 0.275696
0.827379 -0.206911 -0.176226
0.807601 -0.046616 0.429454
0.867451 -0.090752 -0.319202
0.884436 0.095726 0.379303
0.860569 0.095524 -0.241837
0.805010 0.259176 0.387834
0.832776 0.228704 -0.288604
0.812571 0.433643 0.204282
0.802462 0.453362 -0.152022
0.726260 0.551791 0.109045
0.736417 0.522251 -0.187244
0.768849 0.799368 -0.209038
0.816732 0.882671 -0.383788
0.865403 1.195603 -0.529688
0.866404 1.400838 -0.661905
0.843593 1.720758 -0.736457
0.778020 2.058195 -0.814413
0.845401 2.335002 -0.719461
0.868684 2.508039 -0.863873
0.842715 2.423336 -0.659548
-0.662440 -0.237771 -0.081824
-0.766909 -0.178049 0.194043
-0.752299 -0.229073 -0.099821
-0.699528 -0.238059 0.256618
-0.634191 -0.404355 0.055002
-0.581172 -0.395733 0.181147
-0.514490 -0.470678 -0.093191
-0.230639 -0.453998 0.060628
0.074936 -0.418355 -0.088729
0.458037 -0.339309 0.038415
0.603539 -0.238723 -0.211757
0.741498 -0.111693 0.155808
0.758051 -0.060472 -0.125877
0.857886 0.046595 0.108575
0.831497 0.042820 -0.304220
0.888490 0.185633 0.233688
0.852813 0.211324 -0.124028
0.921896 0.341412 0.112916
0.845234 0.332214 -0.199404
0.880080 0.535061 0.094864
0.815778 0.592004 -0.133889
0.855416 0.808652 -0.152884
0.794969 0.924305 -0.365887
0.827650 1.127450 -0.465831
0.826780 1.296625 -0.556595
0.919992 1.536439 -0.711453
0.968617 1.807178 -0.874040
0.946151 2.083487 -0.806688
0.951582 2.413756 -0.862120
1.035970 2.459635 -0.972630
1.008998 2.608843 -1.104515
0.819521 2.342944 -1.210984
-0.295385 -0.231933 -0.094258
-0.435513 -0.220312 0.116922
-0.460190 -0.294421 -0.052824
-0.472104 -0.313860 0.177760
-0.420169 -0.393747 -0.062537
-0.370290 -0.392006 0.186153
-0.296569 -0.388402 0.001798
-0.188555 -0.410011 0.085339
0.085813 -0.355146 -0.010276
0.380260 -0.314023 0.262005
0.621700 -0.237043 0.124391
0.718359 -0.142397 0.218220
0.770917 -0.055247 0.020148
0.763898 0.005511 0.329965
0.813033 0.013976 0.117454
0.831144 0.055457 0.290298
0.850552 0.141178 0.047537
0.812680 0.230778 0.349479
0.843414 0.270053 0.141589
0.807046 0.355299 0.205472
0.828499 0.457052 0.039194
0.775378 0.559799 0.106554
0.835291 0.566313 -0.057651
0.860916 0.684652 -0.134572
0.928975 0.751317 -0.223505
0.950820 0.931224 -0.311134
1.040577 1.051764 -0.345317
1.061174 1.418402 -0.430993
1.059395 1.562564 -0.465749
1.124098 1.846443 -0.477349
1.011268 1.983652 -0.721185
0.748109 1.805007 -0.571536
